0
0
0
10
15
0
0
2
12
1
0
1
0
1
0
0
2
2
0
0
0
2
0
5
0
0
3
1
0
0
1
0
0
0
0
0
0
0
1
0
0
0
0
0
0
0
0
0
0
0
0
0
0
1
0
0
0
2
1
0
0
0
0
0
2
0
0
0
0
0
0
0
0
0
1
0
1
0
0
0
0
0
0
0
0
0
0
0
0
0
0
3
0
0
0
0
6
2
0
0
0
0
0
0
24
1
0
5
3
5
0
0
0
0
0
1
7
0
1
5
0
1
4
1
0
0
0
3
1
0
0
0
2
1
0
0
0
1
0
0
0
2
0
0
2
0
0
0
2
1
0
1
0
0
1
0
0
0
0
0
0
0
2
0
0
0
0
0
0
0
1
0
0
0
1
0
1
0
0
0
0
0
1
0
0
0
0
0
0
2
0
7
0
0
0
0
0
0
0
0
0
0
0
0
7
5
7
4
3
3
26
0
1
4
1
0
1
17
0
0
0
11
0
0
0
2
1
0
0
1
0
3
0
0
0
1
1
0
0
0
0
0
0
0
0
0
0
0
0
0
0
0
0
10
0
0
6791
1824
1353
255
2024
6256
2246
6936
6775
5335
5928
531
3145
1513
2219
3791
72
7524
7451
7940
5129
5619
7940
6384
6384
6384
6384
5798
2896
2343
4146
7940
7872
1836
1780
817
4491
604
2010
909
4729
1661
1046
6252
4578
4007
1815
3984
4037
2072
4233
6384
5129
2343
1209
2343
960
425
1209
425
3494
5129
4698
3240
5798
6082
6069
3767
389
4457
6637
2385
683
4211
1699
210
7827
3668
3822
4548
3224
6536
7940
6384
3240
4475
6553
3401
6604
3739
3656
4670
6384
3240
876
5744
6227
568
6677
3617
5518
4390
7037
7188
2780
3096
4424
783
532
5956
3984
1990
7723
7964
3653
643
2676
4112
4995
3199
2996
2462
3443
1009
5687
960
4867
46
7527
524
297
3314
4970
3471
4390
3044
1430
1733
7227
6458
409
675
2048
1895
7415
4940
246
2024
448
3199
6849
4486
169
3644
5364
811
3196
4729
2541
6635
5292
8121
4007
7599
4040
2838
2095
1453
6583
1217
7823
494
5357
1970
1547
5812
6583
242
3853
2747
3297
5372
3752
2922
4087
2868
3541
1680
2464
7491
1029
7910
7596
6295
5687
3616
5635
5014
1885
2544
4700
7860
1950
7309
3709
5767
4637
5100
2280
7079
320
1433
463
2816
1733
7256
2256
3682
3790
7827
3541
2358
7679
5077
3071
8025
421
6503
6131
3995
4096
1057
1204
5751
6027
487
1409
4786
2015
6422
2969
681
5920
1433
8017
4353
6020
1299
2464
2271
4492
3790
811
2948
2464
1824
6553
7940
1948
2951
1428
5560
5576
854
6637
1839
7631
1253
1459
3202
4459
399
2729
1546
5936
2786
2280
2152
7886
995
1550
2271
1029
7882
5364
3790
3541
2464
4670
916
6395
7901
4505
4643
4482
8109
3574
3002
4583
5951
8043
700
2685
3434
6149
1367
2138
8171
7090
2208
2717
423
6920
1329
1550
1988
5272
568
450
7596
3240
7982
5244
3443
450
3810
4374
5760
84
273
5210
5818
7750
1682
134
7185
4330
747
1899
36
403
1472
5149
4482
913
4316
38
4186
4115
1809
292
5295
7455
3472
5814
5524
2032
5682
8040
1959
1253
1979
7540
7081
21
931
1916
97
1317
4526
3099
4314
84
913
5419
507
286
50
7560
84
689
7886
3654
6873
3433
7061
7286
8029
971
7861
460
4633
1472
5785
5942
1822
3760
7136
2023
6030
5924
2006
7117
7691
5672
7134
5867
4115
2162
1874
3786
5722
163
5576
919
4679
7995
331
7566
6776
3191
8159
5118
1042
4590
1706
8123
3124
2618
2720
4743
2178
5856
1671
6121
7312
1440
4330
6569
42
4275
3265
137
3320
2922
6975
4916
559
4361
740
4623
6103
8159
5739
1285
3039
4662
7196
1007
204
3552
3029
3897
7192
4518
2753
4097
3834
406
515
6410
1299
5295
844
1254
7682
368
204
2411
1944
5171
4312
3600
4610
2979
4482
797
7931
4331
2576
5942
2711
7079
4993
2662
6659
6185
6898
1919
527
5935
275
3335
7400
6920
2379
1430
7755
5682
3078
7725
3586
3469
7682
1743
5024
7766
6253
1822
3271
6413
5072
6253
1554
4968
850
4958
5833
6974
6513
857
501
6776
6253
7717
2280
4211
1929
2429
7455
4422
4505
4666
5714
5524
5621
2297
2297
2166
3184
5938
471
4805
364
7079
7518
3340
2477
7885
6535
7175
5678
2780
6124
1476
8175
252
7755
4211
2042
3047
1171
2962
2987
5292
2736
7662
3263
7662
5787
2669
7143
5107
2662
1485
3918
7234
1479
7543
1234
2139
6586
2578
1660
1204
6193
282
1058
7757
3061
6027
2613
2578
2464
7405
3682
5778
7198
3995
1929
722
208
2558
5332
778
6509
1917
2426
8046
5871
3055
7911
3408
7037
4881
6263
3169
7356
3671
3165
6501
7482
1319
3541
4651
4950
1164
2459
7033
5099
263
2635
5128
5867
3263
3153
7705
2179
3037
3320
7205
5821
5350
5544
4649
7699
227
1217
3969
966
3533
3006
7820
5874
4950
3747
1836
4716
7299
6164
7167
1036
3973
4091
5636
6521
2223
675
5813
4345
3096
6847
373
7235
7910
2248
2967
7785
4482
5867
1546
1413
519
753
7048
1459
87
531
3747
686
7484
1087
4563
684
3389
7823
4372
500
4939
5129
7527
8131
1675
1472
6076
6483
683
3077
7923
2504
1479
5871
3517
2716
3810
484
8159
6895
248
7312
680
7798
4740
4017
6996
684
2325
1057
2541
2325
5643
3240
3121
1761
8108
7954
7230
8105
6124
1217
4845
7890
4526
7059
3158
3589
2949
7911
3346
6983
1237
3483
5278
7011
5344
6321
2459
259
5643
2285
6411
6384
5779
5530
3037
5024
4950
7583
5867
4211
507
7915
7785
2131
3821
7722
4985
5979
23
4851
1591
5547
4578
1595
617
3254
1753
6517
2907
1105
5779
5779
1774
7246
5129
915
1395
297
7995
491
383
6249
6740
3263
3162
6396
7207
4441
4700
7995
6054
823
4600
491
534
5363
1466
2254
928
2868
672
4070
2736
6053
7246
1774
2533
7256
684
7592
1767
7258
5128
2576
675
3224
857
8080
4211
34
4729
3051
3577
57
1805
7843
1896
6740
4708
4881
3854
3051
5896
7823
3741
4207
1209
6553
1834
123
6307
1581
4796
5272
2410
3716
3346
4800
248
6307
4732
5560
2780
6660
7243
2999
3973
4353
4017
7915
2272
5682
1531
1856
8176
5332
3004
1009
8103
7940
7788
6262
7011
2130
5403
5751
1248
1581
746
7337
6035
6828
1970
4926
1929
1733
2922
3740
7753
3712
4022
2354
6663
6000
4062
5168
8117
1830
1787
24
2442
2309
3051
1709
951
7592
7910
7148
4694
411
4270
3280
3911
631
2279
248
4732
2635
4851
5576
6262
3911
902
4668
7180
5403
4793
5364
5920
1680
3220
1776
979
288
2252
7592
7823
5896
2630
1009
6139
3541
3414
7784
3682
5982
4707
3443
1472
1929
6020
1395
797
5833
4830
8078
4389
163
6000
2894
1534
7592
5643
3542
4522
4015
320
2560
6926
5322
2219
6562
3389
1824
1029
4017
421
7679
1680
4609
7901
2076
7755
7915
7011
3947
23
2137
5964
4881
683
2429
3358
722
