0
0
0
10
11
0
0
2
9
1
0
1
0
5
0
1
1
1
0
0
0
6
0
4
0
0
2
1
0
0
1
1
0
0
0
0
0
0
2
0
0
0
0
0
0
0
0
0
0
0
0
0
0
0
0
0
0
2
1
0
0
0
0
0
2
0
1
0
0
0
1
0
0
0
0
0
0
0
0
0
2
0
0
0
0
0
1
0
0
0
1
0
1
0
0
0
8
0
0
0
0
0
0
0
21
1
0
2
5
6
0
0
0
0
0
1
2
0
2
4
0
1
5
2
0
2
0
0
2
1
1
0
0
0
4
0
1
1
1
0
0
0
0
0
0
0
1
0
2
1
0
1
4
1
0
0
1
0
0
0
0
0
3
0
0
0
0
0
1
0
0
0
0
0
1
0
0
0
0
0
0
0
0
1
0
0
0
0
0
4
0
7
0
0
0
0
0
0
0
0
0
0
0
0
11
6
7
5
6
0
28
4
0
2
0
1
2
17
1
1
1
11
0
0
0
1
0
0
0
1
0
0
0
0
0
0
0
0
0
0
0
0
0
0
0
0
0
0
0
0
0
0
0
10
0
0
1067
1836
1319
4255
1164
7882
3747
2459
1680
531
3541
3391
3443
811
3414
5998
5332
6053
4609
4609
4340
4609
7882
1824
1852
5112
1836
1988
450
4255
727
5048
3612
2465
491
372
7180
4759
432
1319
8023
727
3790
372
5143
6152
432
2533
4641
2271
2271
3651
2062
4900
5840
16
4255
3414
7618
1473
8023
4900
1164
727
2339
4291
393
3290
8055
3581
557
5731
4017
4255
8021
3120
3414
1043
5840
3438
4274
4255
3077
5143
8103
1581
5629
2137
7093
6824
5290
30
4881
5982
1824
5997
2464
5485
4759
5629
5998
7806
538
4239
4949
1606
47
4017
3414
4759
4759
5428
7258
5485
5485
7070
3358
1087
6009
5629
6307
7180
635
4519
6082
1029
7827
3443
3120
3414
1680
7180
5731
1137
7029
109
3443
3599
4937
538
538
2405
4372
4155
3052
7882
5485
1043
1836
1075
491
740
2130
298
87
1308
7180
432
2459
845
4492
4426
3686
4950
5840
2271
5290
5629
4759
1775
6824
1241
4017
4759
3120
6482
6784
4476
4017
1319
1164
2062
2062
6059
4491
8030
1497
5482
811
1680
1689
2105
4609
4881
3158
2894
7491
7491
28
4950
3120
6082
4261
3514
5024
5896
480
1473
3326
2696
6645
4017
2271
6082
8103
4542
4491
8023
6059
6082
2402
3600
649
3300
4708
450
8151
2271
1824
7584
490
7059
6082
255
880
5357
3541
421
3103
4491
3911
5687
1917
2405
4491
2890
6761
2062
1988
2541
432
8103
7997
2464
2013
2405
4642
1105
5364
4806
4491
6007
7176
5524
4242
5077
5630
1211
1103
758
275
1988
4017
6824
7864
728
8167
7366
7184
6227
3469
4471
4242
4027
4255
4255
1224
8155
1096
3938
4070
3854
8065
532
7056
7284
2300
597
8052
6870
1440
7221
3297
4491
432
4491
550
6367
7376
7064
5300
7548
7279
5234
4007
1319
5982
5921
2977
5047
5344
854
6838
7910
1852
3099
5666
4408
5234
1074
1609
3518
6075
8125
2162
783
2062
4491
1382
2576
6103
6226
1798
7136
7924
2375
5250
1917
5412
110
4621
1628
4530
6812
1479
5641
3909
5862
1440
661
2010
3813
7088
6017
5128
4203
3813
616
3325
3816
6885
5398
4209
7252
4012
6033
2915
2789
4931
6976
7173
3810
6248
8017
8172
4392
4513
2209
4045
2766
3707
955
2174
320
2549
1387
7312
5424
7622
7873
4874
7451
7425
6253
2716
2980
4576
484
7428
5859
6504
765
2979
4308
4970
2993
7067
7603
5956
4391
368
5401
3839
413
849
9
2690
4902
341
7612
2294
3834
3716
7005
303
7442
7985
6428
7441
747
7214
5610
1972
1760
4003
7359
4158
1642
8176
5307
2320
3113
6108
70
6451
7681
2714
1506
5419
2337
7219
5673
103
3628
5993
6144
4115
4805
6267
6072
2979
1972
4887
2043
913
1939
4687
5610
873
1231
1140
4192
370
1900
1109
6559
3876
6437
2340
4940
3834
7603
7760
1721
7993
6877
7985
1346
1570
7324
4041
1972
2766
6849
4263
3753
2060
1251
5152
128
4869
6346
6003
6256
1601
1869
4548
6775
1591
1767
4851
3707
1170
7366
70
508
6064
6664
3206
3708
5176
4204
7751
7739
1366
2581
6579
4531
7975
5360
5723
4005
6437
5277
6697
1556
3280
4978
4357
1645
5252
7415
34
5228
370
7991
7911
1057
2540
1168
2726
3170
4172
3992
7681
660
6501
5335
6939
5784
3211
3238
6581
5293
7235
164
2683
4633
829
4995
1318
7081
5210
5092
7723
3276
7681
4347
1522
174
5200
6810
2429
831
1939
7184
5196
3026
4662
7469
1994
1061
911
3257
4201
3832
7950
1058
5475
4689
5149
7725
1216
409
3280
1506
165
4284
5126
2576
6583
4808
3530
5613
5350
3003
3143
3579
2903
2956
660
7668
5335
7768
3813
6648
5021
1733
3712
7948
3247
7861
6583
7587
2369
1850
5563
8125
3649
5787
2491
1409
7803
5747
3789
1253
8081
4940
7514
2700
746
3037
7183
5694
6307
4815
2838
3779
807
1928
2487
7955
6135
8137
4489
4087
3925
3036
2102
1547
883
1410
4953
735
4940
5324
2573
7566
5086
5023
628
4316
6185
6648
7441
6121
675
1809
3211
6064
4851
2032
5023
2755
7110
4618
7615
17
8001
160
1048
3391
3348
133
4986
6066
2513
5664
6384
260
7067
7186
6783
1612
2599
4607
4889
6025
7601
7831
3597
3216
1162
1253
6604
4430
1680
4255
5997
2343
5735
4984
6141
7122
2278
58
1367
8010
5767
7740
6923
7893
5596
5222
3789
7745
2543
6428
1777
6185
5200
6460
3723
3191
7752
4485
3851
1154
783
1319
2100
1202
4799
4360
7747
2223
4988
7926
2867
691
4327
5180
7436
5732
2555
3814
3532
7393
2741
5264
4706
3191
169
3047
5283
4353
6895
5374
963
7625
2479
3424
99
3738
7772
5357
4461
2778
6060
7258
2676
5928
5322
464
5070
4505
6569
5562
2417
7836
5895
4161
1743
5871
4105
6773
3170
5493
8004
1556
1272
6179
2124
5935
7562
6867
5154
6744
3542
8025
7236
3171
8025
7901
5013
2676
5428
4475
1659
7559
2704
3297
2366
3225
7884
6741
5894
3622
3161
129
166
5134
4629
6620
783
7029
3120
5112
2271
2002
5668
7070
2676
2887
6393
6677
215
215
1787
3477
2309
4594
1787
425
2851
3585
1056
7845
4634
3676
4292
7432
2513
61
1544
7585
6320
1680
7679
811
7618
4415
2496
2080
7419
6954
1281
7665
5279
5579
437
3947
4207
1948
3661
3389
8
308
3361
2327
248
2903
7747
5803
536
7784
4419
1576
1600
4255
1830
3980
2586
7484
825
2796
1739
8143
7190
2192
4319
390
2182
3959
5874
2285
390
2061
5874
5798
6413
4714
2909
3617
7290
1367
3207
3071
4146
6135
1003
4753
2948
1360
2465
2796
4214
5594
5874
3561
3480
4651
2856
783
6135
4609
5687
4582
5013
6796
4644
4644
1209
2792
1683
6854
1211
3148
5129
7790
7868
4670
568
1680
432
870
916
4291
3561
1062
2118
1699
5627
7393
6060
7229
1155
2405
2285
2118
2006
7997
1062
5596
4578
170
4022
6712
4594
7451
1948
4670
3071
592
