0
0
0
10
14
0
0
1
9
2
0
4
0
4
0
0
2
1
0
0
0
2
0
2
0
0
2
0
0
0
0
5
0
0
0
0
0
0
0
0
0
0
0
0
0
0
0
0
0
0
0
0
0
1
0
0
0
0
2
0
0
0
0
0
2
0
2
0
0
0
1
0
0
0
0
0
0
1
0
0
1
0
0
0
0
0
0
0
0
0
0
0
0
0
0
0
5
0
0
0
0
0
0
0
19
5
0
4
4
3
0
0
0
0
0
0
4
0
1
3
0
0
3
2
0
4
0
0
6
0
1
0
2
1
3
0
0
0
1
2
0
0
0
0
2
0
0
0
1
0
0
1
4
4
0
0
0
1
0
0
0
0
1
0
1
0
0
0
2
1
0
0
0
0
0
0
0
2
1
0
0
0
0
0
0
0
0
1
0
8
0
8
0
0
0
0
0
0
0
0
0
0
0
0
12
4
11
6
7
2
34
5
1
5
0
2
2
16
3
0
0
10
0
0
4
9
0
0
1
1
0
4
0
0
0
0
0
0
0
0
0
0
0
0
0
0
0
0
0
0
0
0
0
10
0
0
7781
2916
1029
1441
6000
924
396
3835
4878
4914
4914
3690
3541
7868
202
601
7868
4718
6000
5024
4651
2796
3542
5428
4114
825
825
7063
1944
5288
2777
591
4716
6756
7424
7615
4712
6031
4155
5798
6384
2465
5129
4341
3326
5915
4829
4224
5547
4055
250
1129
30
2130
7258
6271
7492
4950
3747
2679
3947
3600
4698
4491
2119
4707
2285
5801
1425
450
4341
2411
2080
5129
6553
7901
6227
4635
4355
7405
5778
2676
3577
4053
266
1234
4340
7753
7806
8030
7258
5403
3572
6009
1971
702
6252
5594
3572
7901
7258
559
6053
6677
4569
3542
1209
7670
5997
6183
4339
744
825
907
418
7011
3068
1907
254
1046
5077
5997
2610
30
5840
7642
3732
1447
1209
5778
5664
2796
6041
7596
4341
1244
215
2676
4341
1944
7497
368
3943
1029
1664
96
5594
5756
297
1917
3712
5248
740
5687
5322
5874
7357
740
35
3682
3741
2329
1672
4950
2285
4735
6417
2411
2676
5436
4224
2987
2520
5405
4069
6262
4809
7063
6227
6796
4448
1988
8187
4824
2974
7497
6698
4175
2610
47
671
5322
2080
538
6332
2811
4491
2676
3542
7901
96
3851
1944
711
7971
796
6545
2483
1664
7091
6948
6271
5279
5756
2541
7913
1062
3123
4326
7140
1827
2981
4791
2904
7806
3572
3600
2271
491
7844
411
49
3212
5489
5223
2095
5227
2811
7942
1181
5733
6648
4789
5507
1739
7419
3443
7866
2922
6827
3572
4892
601
2257
1124
308
531
4242
3443
1029
2303
8151
7028
5024
5077
5892
5626
1253
3492
4406
6356
5687
6892
5012
6040
2796
2285
1873
3277
6384
5385
1752
2916
4291
2907
5495
7752
4950
7910
5833
5874
7431
3180
1852
2679
3443
2271
6677
5309
7256
1479
3140
653
2134
8190
6691
1139
960
532
7698
4707
1182
2488
1672
4372
2271
4340
2483
662
1004
1620
3353
4003
411
6560
1433
2410
7596
3610
5048
769
6020
2915
3762
2300
519
7957
1153
3486
3442
6121
6788
6003
6569
7078
2657
6879
2803
3443
3947
6818
4569
2405
7570
1667
6057
7149
4377
1113
7982
2411
2995
72
4357
5810
5684
8081
165
2493
1382
8119
3834
6176
6131
7415
6261
96
4788
5191
2232
1748
7484
5013
1776
7491
3682
2392
5128
978
6253
7056
1398
4297
1931
341
4272
1929
370
165
6518
1068
4273
6518
7256
1289
4516
99
3394
441
5571
65
3740
1105
6737
1576
6271
6791
7781
3747
5234
4926
1928
7138
3263
3815
5091
1413
6648
317
4075
3024
1091
2544
3932
5210
3775
3191
42
311
1367
808
4308
6234
4448
1767
4809
2907
6227
450
1944
783
925
5234
5451
5871
507
3676
2770
6121
5800
7079
6941
5924
5238
4755
2178
1318
4477
5636
1563
5434
7256
2810
3669
6041
4812
3443
5066
568
3600
2152
1415
7070
4202
7561
7944
6863
4172
3778
7865
1207
6331
4439
4916
2186
2178
5586
1344
625
6839
1197
2603
5461
7067
1637
2796
591
6799
3893
3667
2130
3480
7722
208
3993
5173
450
5396
7120
60
906
1334
2530
5219
4542
456
4070
6941
363
3760
2716
679
5162
1661
6741
1651
1593
5130
3373
3590
7744
5380
6755
1266
3684
5898
5965
3893
6552
536
6665
2875
43
5955
126
2072
4162
7136
1865
4801
5672
3222
1334
8004
1798
3276
659
3968
1056
6134
675
844
2700
5344
6215
2411
1799
4302
5039
1915
3309
3105
5382
6782
7782
3311
4513
1816
4292
38
7681
6562
7447
1742
5563
5764
1888
6780
6895
4294
2491
8001
2812
6775
7806
558
2271
3433
4112
6645
2734
7182
8187
7048
494
6918
851
3814
5800
6839
7603
7842
2277
4292
3385
5310
3707
6808
6682
1818
3063
909
6153
6775
5608
2031
4561
5172
3368
6202
2244
1009
744
1030
42
6569
7207
7739
999
628
6404
8081
625
1505
501
6525
1303
7754
5938
5162
2127
4754
6944
5123
5050
4225
7968
4553
3638
2586
2741
3933
174
5376
137
4689
3682
5078
1885
6530
3764
5219
5696
2555
1476
1850
746
861
7185
1204
4115
6033
2375
6023
2429
1290
1056
3654
6253
341
3005
7958
2383
1115
2975
7533
3455
1046
5332
35
418
3629
7682
2769
2128
193
2863
6659
5126
7056
5335
9
8187
8159
310
63
106
7837
6161
5333
78
1783
6092
3284
5557
7410
4803
2960
6735
1830
6321
8160
764
4796
96
4651
4011
55
1559
3911
5482
7926
5972
6065
7256
165
6596
5637
266
8084
4527
1479
5790
2100
2839
2748
6172
4562
7290
444
3876
1989
4618
960
5748
3686
4462
5023
7755
7488
7125
6110
2162
373
3096
2780
4027
1023
30
7040
4192
3992
4805
6642
4662
5762
5977
8021
7522
206
7548
3793
5332
5975
211
2333
1483
5283
3565
8004
1661
5092
1924
1628
8064
6932
3047
7256
6035
5767
2076
4722
4950
2339
7072
1181
6188
18
4708
1653
5057
3773
186
1534
7845
5475
3621
508
7187
7823
3370
6892
2305
1327
47
2184
5650
744
7169
3465
6199
4170
4497
5288
4274
6289
6233
1899
7259
6166
3487
3119
2799
3687
6327
6181
5735
4493
2166
6437
1217
3821
7484
5664
4952
7451
3220
6818
271
3413
5364
6700
3295
3222
473
3634
1830
6989
5249
6950
1319
2458
7186
5423
2684
5364
2443
6060
4618
4685
7227
6321
5332
3684
3068
1523
8061
4569
2938
46
1948
7592
96
6737
3599
2110
893
2337
5436
3585
3010
8006
6289
5561
6154
7116
4618
7258
5292
2260
3821
1965
5332
109
374
5833
7236
6041
5636
3730
7063
2533
6590
271
951
390
7806
7028
3589
6185
7591
1733
7491
6262
2475
2002
725
4255
4472
7051
1513
1716
722
1589
369
4605
3790
2654
914
3322
6193
6770
5701
2676
5129
3260
3494
7227
6799
5507
538
3326
2663
6000
61
2663
5385
8023
5531
2248
423
1217
6009
1733
7823
5403
491
1709
5232
7061
1830
2379
6700
2343
6818
2343
3600
4233
3240
3240
5403
5024
1576
6447
4651
2333
6895
7592
2741
4067
3263
4109
3589
6031
