0
0
0
9
10
0
0
2
9
0
1
3
0
0
0
1
0
0
0
0
0
6
0
2
0
0
3
1
0
0
0
1
0
0
0
0
0
0
1
0
0
0
0
0
0
0
0
0
0
0
0
0
0
0
1
0
0
0
3
0
0
0
0
0
1
1
0
0
0
0
0
0
0
0
0
0
1
0
0
0
0
0
0
0
0
0
0
0
0
0
0
1
1
0
0
0
6
0
0
0
0
0
0
0
22
3
0
7
5
5
0
0
0
0
0
0
6
0
1
2
0
0
3
0
0
0
0
1
2
0
0
0
0
0
3
0
0
5
0
0
0
0
0
0
0
0
0
0
2
0
0
0
1
0
0
0
1
0
0
0
0
0
0
1
1
0
0
0
1
0
0
0
0
0
0
0
0
1
0
0
0
0
0
0
0
0
0
0
0
4
0
7
0
0
0
0
0
0
0
0
0
0
0
0
11
4
7
4
5
2
26
1
3
1
0
0
1
18
2
0
0
9
0
1
0
5
0
0
0
1
0
0
0
0
0
0
0
0
0
0
0
0
0
0
0
0
0
0
0
0
0
0
0
9
0
0
8025
96
5643
395
6516
7985
1027
3043
3848
1105
7151
5115
5986
4159
5063
6012
7146
1402
550
7773
4085
1767
3804
320
6660
675
6750
1787
96
5594
3454
6645
4475
2285
3861
2736
2184
3904
2148
4032
3740
5855
6807
4887
6958
4822
3478
853
4971
7002
6398
8187
6660
7592
1965
4400
3503
4146
45
7871
114
7665
6441
5975
3741
1576
783
7391
7419
6553
3793
603
2381
754
8017
4230
5829
6356
4856
494
4741
7957
7243
7995
6262
34
4965
4146
1787
2182
6053
7922
7223
4873
4339
1019
3741
5874
2777
4341
1523
5874
3220
5382
746
7913
944
305
565
1275
6103
4170
3658
5403
169
3186
4965
3585
4233
8143
6393
1852
2411
96
4293
1581
2631
1213
1209
2629
418
3022
2285
1209
7872
8071
6131
4737
7207
3215
4769
5644
2915
1970
311
2260
3232
4569
960
6186
46
1550
3389
1155
3835
5779
2374
4729
4441
4988
1550
7190
5577
2428
2155
3658
7070
6698
2927
7839
2247
341
1168
1591
5006
99
7690
8025
418
5428
5010
6552
7190
6227
6227
5874
1776
4341
5255
1200
1027
3821
6791
1550
963
2795
1768
2196
2366
3335
2734
4168
43
6108
3617
4940
4512
5871
8141
92
6135
8
5801
1845
3835
1155
5507
4644
2061
2811
5975
2327
6242
1396
4207
1776
4575
3179
3734
3710
4829
4859
95
2277
7785
1346
1401
1667
2249
2060
1485
5020
6366
5780
6700
6961
3862
6271
5507
2338
1425
2372
1140
4413
923
4726
5428
7665
4242
8078
4996
8190
5023
1334
2128
1989
6970
1934
4916
1401
3143
8131
1810
715
2876
8017
905
1683
7107
6140
3806
1086
5736
2741
8135
8138
7942
6634
4712
2771
7527
2737
2324
252
5177
7001
423
7004
5454
2956
6941
2019
6592
856
7791
1684
8062
2876
6806
7107
5633
5687
4718
7127
2938
2280
7859
8006
3059
868
7063
83
6790
5951
2366
4226
2716
5162
7004
6449
4524
2555
5036
3760
4944
4081
394
5396
2289
1899
7284
4782
7570
4478
437
3477
5873
4556
7002
2347
2772
5655
7670
1395
3659
7048
913
7132
5149
6853
4273
1344
2959
43
1108
7912
2216
7856
6249
7612
3922
4203
470
390
6395
6058
3162
4265
1182
5017
6551
8013
7243
3144
7887
2188
2049
7723
7503
4941
6991
5396
3841
3505
4281
5072
4075
145
442
6560
387
5970
7533
3888
1279
7187
7077
1285
2597
3352
7431
7656
4115
8013
4467
1535
2109
4490
2921
7994
6528
4894
4377
8022
1199
2194
5394
4749
5394
2162
3133
1079
6265
8191
5489
7570
970
7305
1947
4926
6124
7424
7153
1639
156
3553
5986
882
7153
4703
6558
3151
4850
6528
7061
2297
241
1505
5347
5197
3075
1989
2929
4079
263
7056
5787
7229
6053
868
4905
298
978
4722
951
3229
229
7942
1492
7745
469
469
6384
2796
2465
1591
3407
5577
5783
5936
7906
5883
5684
495
7084
3636
6533
5293
7266
6167
2470
3330
155
1158
3358
5896
1732
1715
1677
4572
3487
4852
7614
6005
3559
5161
1658
1413
1756
5711
2327
3786
1661
8190
7383
7177
7645
5023
242
4219
3539
496
3555
5769
7733
6554
5964
7491
4710
7732
1063
1406
4906
4984
4750
5075
1600
2402
2862
1605
3764
4671
5722
367
2151
495
4928
5107
6483
5701
2737
7163
3265
6041
3254
1213
866
6863
753
6000
2686
354
5132
944
6918
1890
1686
5893
7583
8190
367
4816
6736
7178
2796
7582
2551
1165
1786
7243
7520
8065
2411
7570
3402
6799
96
3407
4457
7617
3457
2459
695
4318
2276
7617
692
3732
3420
3933
1965
8080
1124
6914
6599
7923
7049
2080
4198
7852
6895
7520
6776
6259
1739
3006
7236
4008
3741
1588
7135
5531
6070
6000
1281
6830
3096
5682
5829
5820
400
6035
1414
8048
1105
5682
7520
3010
6271
7205
4341
7133
7188
1512
1754
2601
6395
5339
6943
2690
3058
7571
3265
2637
681
6124
1539
421
1105
3732
3229
2232
6985
1653
1581
4533
1287
1272
8142
2238
1736
4214
4274
2514
2280
4985
1251
2377
1350
6233
6117
6847
5167
740
4972
2633
2370
3671
1988
7235
5975
7162
4029
6201
3322
1732
5730
1360
3510
1965
2359
6116
425
3304
3750
4329
2246
1211
964
3123
2671
1599
3510
1452
7196
1245
6829
2658
6005
6645
7197
2106
492
5688
4030
5196
5384
5688
4920
2610
5092
272
7982
6249
20
449
3267
4487
250
5692
4569
5031
3490
4150
3433
155
3492
4457
3720
4346
2867
1733
1038
1206
3016
6683
3085
1799
1644
7623
932
1600
2764
2133
4488
3916
4708
3405
6540
886
289
6980
5129
2708
1235
1896
7153
1424
6214
3043
1532
5227
2015
7781
2773
437
7667
5589
5839
1090
6329
3979
2099
3793
7995
639
3308
1029
5226
2327
6353
6759
4340
692
3184
7592
4106
4988
1713
393
6421
3559
1127
3186
7178
7064
425
3625
4694
7507
5317
7230
6231
6962
7893
3085
4350
7230
1522
6294
6756
3358
7227
3740
2124
7235
4030
3475
5627
3457
3059
3548
1069
3958
7598
6263
4084
606
2411
3542
1748
2922
4194
1395
4849
7146
6628
4793
3695
4574
7913
3732
142
4079
919
61
227
3326
91
4426
4329
1395
3722
1980
3185
5886
7011
3455
4399
4644
1523
2285
4233
8159
7722
7527
1595
1082
6716
7422
3896
6480
3432
5057
5405
1173
3652
4618
6132
6833
5107
2637
174
1124
7854
3348
5427
6104
3288
2051
2465
3861
1576
3682
8025
8071
3206
2696
5290
1965
1309
3836
5861
5027
1854
966
2647
6760
4211
1312
639
4400
5476
7764
4963
6011
6583
4851
6198
1177
606
425
2285
390
6791
1852
6041
4644
1144
7221
4372
7613
5232
2843
1018
7824
6583
3947
733
3439
7785
542
5427
1136
4143
5107
426
3230
3642
797
3288
5079
5928
121
1776
6393
1155
6227
5288
4569
4094
1933
1353
5048
7816
4708
1082
1781
2803
5129
1799
4533
8103
6651
5102
3096
4990
4349
5226
6393
3682
1617
7615
2465
7871
5173
2285
2777
1944
5874
2285
96
7419
802
