0
0
0
9
8
1
0
1
10
1
0
0
0
2
0
0
1
0
0
0
0
0
11
3
0
0
2
2
0
0
1
0
0
0
0
0
0
0
1
0
0
0
0
0
0
0
0
0
0
0
0
0
0
0
1
0
1
1
3
0
0
0
0
0
1
0
1
1
0
0
0
0
0
0
0
0
1
1
0
0
0
0
0
0
0
0
0
0
0
0
0
1
1
0
0
1
10
0
0
0
0
0
0
0
18
1
0
8
6
3
0
0
0
0
0
1
5
0
0
3
0
0
3
1
0
0
0
2
1
0
2
0
0
1
1
1
0
0
0
0
0
0
0
0
0
0
0
0
0
0
0
0
0
0
0
0
0
0
0
1
2
0
1
1
0
0
0
0
0
0
0
0
0
0
0
0
0
0
0
0
0
0
0
0
0
0
0
0
0
4
0
7
0
0
0
0
0
0
0
0
0
0
0
0
8
5
6
5
8
1
27
1
4
2
0
2
1
18
0
0
1
10
1
0
0
2
0
0
0
1
0
0
0
0
0
0
0
0
0
0
0
0
0
0
0
0
0
0
0
0
0
0
0
10
0
0
5993
525
8083
3081
6770
393
932
1242
2192
1600
1309
410
5254
8058
4008
3615
6202
3046
2328
7327
3581
4920
2184
810
4236
3581
7680
5393
4419
5418
1236
4685
3885
3106
88
919
3359
4519
6385
1032
2562
2661
3478
6132
7692
1275
4713
340
121
277
2635
615
3359
5689
4822
2593
3615
1343
6902
7277
2813
913
807
3288
3899
6332
2420
1242
4502
7684
4739
8086
5756
2040
1610
2699
1845
2410
5444
1932
6371
7684
2635
1291
2257
5393
7049
3290
6705
3677
836
913
335
30
978
1217
2186
212
4876
4673
1333
1765
4236
4103
3696
5208
3046
4834
2115
8058
2541
1218
2059
4211
2836
5073
2860
5963
467
4387
3654
4424
1760
3995
4830
4194
1129
4211
6980
4200
2034
5236
5551
6058
3084
4616
5319
554
1567
8016
5857
4713
2192
1728
5797
5163
1917
2333
1684
618
1168
7061
3115
6281
6415
2248
97
3347
7908
5309
5530
3823
4834
617
2034
5439
5242
4861
6833
8083
5393
94
6571
250
2318
2291
2291
6495
3161
3834
3115
8190
7389
8151
753
3575
3364
3575
1177
2265
2727
2062
946
2497
7072
2811
94
2708
2040
6222
7962
6508
2836
3363
484
7908
2960
8057
1477
1259
7497
7845
1453
4830
1057
5092
1287
3440
8190
8047
4621
2715
7028
5350
4616
3440
2520
5476
3821
186
5191
7086
5909
3927
7447
1289
5993
2557
4613
3567
5848
8185
7389
6583
471
7279
217
1615
4697
4678
343
5911
504
5567
1544
2150
7866
2296
3237
1820
4383
114
1634
6823
8133
5993
1522
1544
3391
3391
4791
3865
2669
404
2660
7884
8185
531
1836
2643
505
6957
3642
4232
8128
7434
2338
6262
5393
3084
3677
6545
5829
1409
1409
7776
122
6654
4338
4976
527
139
7111
1903
4780
545
755
7932
6486
6284
2430
2098
5353
961
6228
7587
504
1561
3668
4353
5073
3916
6648
4786
5767
1532
2152
4624
4104
7140
2198
5353
3441
6352
6016
1922
786
1855
3956
5080
404
7477
3446
3183
2021
6176
4273
5792
931
2015
4355
2119
4623
1713
7048
7463
6650
5273
5128
6789
2291
3446
2939
3446
5458
1276
4752
2832
7329
6467
6216
1727
3125
1031
350
7875
5223
5654
5890
174
6307
4412
4948
947
4604
5791
5309
5335
1164
6059
4348
6737
111
3169
8122
4967
6468
983
7394
7485
2984
5126
6057
2682
4495
2722
3567
2658
976
3427
2628
2512
5419
7243
534
423
54
1308
1062
6458
3165
6335
4338
6978
1711
882
605
3646
7610
6288
4976
3258
2808
4322
7844
6134
3027
2669
2511
6129
5556
789
3391
7573
6864
6756
6617
6583
3443
5273
8064
7194
3135
505
5358
1730
5291
4791
5452
6805
7514
4783
4916
7976
11
6883
4749
7457
3270
2391
7765
1569
107
7587
492
5434
5183
827
7022
2932
5232
1040
541
2104
6957
7066
287
8037
5820
5286
5
3699
6325
1962
4743
1615
1850
1139
6501
5924
6386
6232
4430
5042
2960
7155
5833
5792
5063
6907
2612
396
5567
7976
714
6353
6480
1295
1784
5659
3717
6811
3802
5734
728
7885
3130
6014
1547
4432
6119
4528
4303
5649
8120
794
3112
3614
5012
3455
7980
4582
4900
7551
7918
6247
465
383
6137
2654
3322
216
6494
5852
6842
4913
7746
7302
4481
3297
3509
6694
7142
1025
7588
67
1569
2353
5155
3993
4165
3487
98
48
5694
3321
5020
36
853
1441
7844
4857
4857
5553
5572
687
4682
6407
7963
4528
7302
2027
365
7177
4731
4044
6105
2812
5455
3548
5702
4863
5572
7533
4155
7040
8138
802
6183
1522
7056
2265
6414
1104
4104
4369
6985
2134
5298
1811
4725
3966
6220
380
4481
4749
2033
1551
2682
5848
5124
2090
3985
107
3776
8076
2234
4303
4634
2279
6531
7067
5993
5113
7787
1604
1968
7429
222
5617
5564
3451
5486
6299
6501
723
4229
723
2972
5497
1541
7602
7534
7557
6138
2098
7875
709
5670
3102
2063
2152
5963
1366
559
3391
3092
2800
8014
3165
7323
427
1403
5829
7084
6136
8067
4562
1234
5793
892
4676
696
1326
2540
250
7187
208
5652
7398
820
7135
5802
7918
653
1319
266
3348
7233
428
4504
6897
2706
8067
1226
4855
4929
5462
1117
7017
7251
771
4161
5585
2497
5274
4492
6380
1824
109
4703
8138
3158
2265
6361
4273
4453
4251
5765
3847
6473
2178
3650
7040
7434
2119
7321
1552
6348
5581
2262
2812
687
287
1332
5005
1183
6107
6645
966
7070
8006
3936
4375
4561
3793
1631
3969
4255
6003
4033
7061
4290
882
7371
6626
7732
6450
3455
4641
1801
6638
3397
6269
5642
2582
2955
2785
3657
553
491
686
5419
5050
5933
7196
7022
4700
859
7199
3006
1200
5293
7045
8190
30
1965
6724
5183
2009
6016
3612
3567
4696
4831
7068
4455
5497
243
1685
6638
6957
6619
5821
7575
3676
4874
266
3238
4022
7723
2467
4293
3055
948
7362
1742
7575
2379
5689
3676
6889
942
3446
3030
3198
1652
505
4803
3325
5436
6554
7697
5286
450
7868
1823
4294
2149
3621
432
5748
1094
6281
1038
7491
4881
1752
7216
7275
4543
2635
1441
4441
3576
1604
7875
1631
4020
5077
498
450
45
7160
2291
107
7282
5536
1548
6677
1544
2283
3061
8151
8023
1017
7658
202
5020
5376
2270
6249
174
6020
7187
2219
2086
4430
7187
3821
254
4361
3469
959
4492
1836
1104
1528
7282
3682
2938
1021
7582
5398
4253
6315
534
5779
2453
6016
4484
1584
2028
1661
3292
2347
5933
5933
4618
1767
4099
3348
1164
4255
5181
6189
5143
2892
6791
8185
6663
169
5436
2478
4400
6949
1567
1938
1446
5417
410
7763
6954
948
3589
2487
4551
3353
5560
1660
2248
7491
8023
7180
4053
4237
332
1775
6262
1680
2464
5436
3443
2204
1836
7118
2175
1760
469
6312
7651
8058
2811
8086
5135
631
1048
5024
853
4640
3168
174
4112
2248
6735
4399
211
4017
3414
5066
2513
169
5948
7070
372
3067
2613
7405
1621
6954
3260
2995
5835
410
