0
0
0
10
9
5
0
1
10
1
1
0
0
2
0
0
2
0
0
0
0
2
0
6
0
0
3
0
0
0
0
1
0
0
0
1
0
0
1
0
0
0
0
0
0
0
0
0
0
0
0
0
0
2
1
0
1
2
1
0
0
0
0
0
1
0
1
0
0
0
0
0
0
0
0
0
1
0
0
0
1
1
0
0
0
0
0
0
0
0
0
1
1
0
0
0
10
0
0
0
0
0
0
0
20
1
0
6
5
4
0
0
0
0
0
0
5
0
2
6
0
2
2
0
0
0
0
1
1
0
0
0
2
1
0
0
5
0
2
0
0
1
0
0
0
0
0
0
2
0
0
1
1
0
0
0
2
0
0
0
0
0
1
1
0
0
0
0
1
0
1
0
0
0
0
0
0
1
0
0
0
0
1
0
0
0
0
0
0
3
0
9
0
0
0
0
0
0
0
0
0
0
0
0
11
6
9
5
4
6
28
1
2
4
3
2
3
23
0
1
0
11
0
0
0
0
0
0
0
1
0
2
0
0
0
0
0
0
0
0
0
0
0
0
0
0
0
0
0
0
0
0
0
10
0
0
585
7033
4311
6951
182
6744
7418
4546
4184
94
2896
5889
743
6481
3260
6954
3223
5993
2041
4083
2560
5546
7085
3453
3432
6245
2896
592
6258
6258
2896
4628
4293
3809
2239
4903
4465
7984
592
4146
5177
5945
308
744
2648
1207
2860
3916
3197
1185
2894
1733
1941
3402
3751
2029
606
2851
2061
7986
3260
1948
2896
6826
2896
6587
2885
5945
1849
4819
4010
3262
7276
4031
6587
2773
6354
157
916
1170
2178
1584
4796
4049
2131
3433
8159
675
7587
4118
5574
5540
682
4233
7297
4892
2541
7253
448
8071
1948
4937
5031
4809
4125
194
6796
3610
6070
3477
1217
4507
4852
6276
6481
7237
3809
702
7948
5560
859
7892
7841
5596
2061
3542
500
6334
4670
686
4778
8025
2851
5022
7737
4651
2752
1932
6954
4798
15
6608
4925
1029
4817
202
960
7921
23
2219
1778
4703
3230
4703
3979
3599
4827
5690
7063
4819
8188
83
936
1483
559
2639
3785
2958
4080
6124
2896
437
4118
1576
5129
3291
5530
2533
1244
7398
5163
2764
5189
1770
5255
3168
291
2170
557
5785
7995
3558
2854
5214
1556
3007
4914
3240
1769
3454
783
6877
2678
8188
5690
5220
897
2896
4867
4139
7967
7736
6124
1789
3114
4178
3490
6422
1914
4868
4729
1954
4340
381
2901
5181
2942
8004
202
2896
3213
3806
6927
6889
5574
1209
6619
340
601
6481
5735
4712
4207
5404
384
531
387
4868
7836
7719
1283
2440
7687
3755
2848
813
6635
45
5664
2183
5530
5928
416
3060
3092
299
5129
5664
2736
6188
4912
2896
5129
6553
7860
955
3530
7139
4375
1933
3187
51
1812
3131
839
2268
781
2003
6954
4914
1774
7559
1011
4914
7246
7475
2950
6623
2896
3220
907
1672
2896
2896
5623
7419
5427
17
2667
2440
2440
6197
4267
4585
357
4267
3104
6582
7083
6631
536
1234
2777
4190
2826
7190
5013
2954
7034
7514
7986
2968
2420
3526
2896
4867
2459
2465
448
3668
6701
3399
4891
5366
4831
1898
6312
81
51
2625
1115
1377
5798
5594
7784
215
501
845
4007
411
6033
3272
7868
2624
4819
3785
4465
6481
2441
348
5831
953
1077
1283
7082
5195
6156
7026
6653
1548
7649
7200
7060
1144
4569
4644
2257
6053
7976
4273
1893
411
6954
6258
6902
1071
2152
2166
4647
2851
393
4202
2922
1896
4025
5439
6618
661
3638
1337
528
4870
2444
3756
229
7460
4867
6553
591
4644
250
3986
1075
6258
2896
7451
1157
5777
6228
7230
7258
5619
1296
6258
6417
4312
4835
4166
5319
3963
4394
7201
6476
1288
6883
2186
3008
8018
6635
374
3741
3744
14
4670
3220
1892
4867
7640
6366
3805
841
6926
3959
2736
425
5193
7101
699
402
4947
152
3694
5842
5406
6536
4469
803
3828
2049
3029
211
5933
6868
3875
1612
4874
5594
3533
2896
3585
6070
6012
289
6997
1839
7615
3449
2111
7412
1018
3866
6086
40
3023
7315
5587
7286
5394
6632
2324
3351
92
7956
372
2465
374
4941
6501
5290
2283
5779
6495
1896
2999
7094
4852
5643
6258
6135
6258
5650
6430
2735
5873
68
1992
7082
1299
1658
1357
7085
4727
2717
4523
5817
588
260
363
2133
7561
5097
2799
4129
5605
4951
6062
2254
3728
6737
1209
7419
3240
1488
297
575
1441
646
3817
5597
1781
4486
2721
2041
380
7912
5118
6622
2331
7078
5343
2459
3361
4407
735
4168
2716
1506
7466
3340
6741
3756
5764
5703
8122
4004
508
3738
3382
1747
685
5609
1197
7728
703
7091
5821
8073
3657
4640
6493
8151
4015
6234
4145
2107
3092
3392
399
2277
7923
7064
36
3445
4517
5790
1651
1735
1719
5231
3104
152
1377
3516
3219
2476
1354
5232
6290
4998
2291
2501
8118
3755
1550
3350
3216
2381
7221
7002
4856
3864
2862
3059
2972
2228
6863
7861
988
7149
821
7654
471
6454
3358
7683
500
3694
6273
4626
4158
2310
1104
2068
6975
39
4278
686
6377
2118
7982
3276
5803
7503
7244
5684
1964
6922
4862
726
8047
1169
7038
4755
7784
5214
3038
3610
2387
4848
2946
6086
3479
291
353
2172
6758
743
3683
536
3503
6276
5305
6035
4505
7149
3571
4516
4505
6434
5086
4003
3789
1367
84
7503
133
1459
705
100
41
5782
2966
5910
6503
3399
3860
3681
4339
5020
5395
7278
4443
927
1366
6124
5492
1430
7377
4514
6531
3960
4331
7151
1817
6869
2379
465
4400
7182
4995
5430
3123
3661
2133
2119
1631
271
2541
5708
4538
1428
36
3348
3288
1823
541
6740
4998
159
3658
7442
2491
5890
5339
3305
4345
7234
4330
7442
7691
3857
3012
4114
2075
6429
3902
6419
6152
3726
1351
4047
1675
2761
2381
5086
3953
5131
7781
2607
5691
503
5106
8004
743
4625
1017
4940
4486
2216
5273
4181
2506
2650
6317
1250
4333
685
314
1070
899
8046
5569
3560
1506
6248
1254
4741
4124
3222
522
3960
5201
5293
367
1817
957
3962
4039
2471
7182
4875
2506
6656
7820
1747
7702
4074
997
5168
4273
2202
1579
7304
6303
4072
5203
6560
64
6792
3734
7219
7182
2412
6513
1081
1817
2255
7599
2190
4201
5040
7623
142
7984
685
3338
7928
5073
1747
3457
7811
6460
3470
1833
1971
787
4912
3492
8076
3069
4940
5252
2077
70
7657
3136
5053
22
6633
3289
715
6830
7013
4233
4522
1004
5535
7277
4972
6191
2484
7870
3367
7533
3562
7923
7187
3136
2796
5013
764
8025
7872
2796
3154
3240
202
6481
3816
2257
7673
2896
2325
592
2896
2896
1275
1250
7606
1502
7314
4898
1446
6350
4673
167
4234
3288
3447
6208
3068
4007
6973
8025
4383
4442
3071
3071
592
2325
2325
592
4867
7940
4522
6258
4233
2896
7932
8118
6735
2785
6337
4190
1115
4664
3438
5677
866
44
2638
6784
96
4698
390
1774
3656
6258
592
592
592
3260
3260
3260
3260
4867
2896
5019
7585
3271
2244
2358
5873
224
5351
2412
3693
114
6429
224
3152
6344
2638
580
