0
0
0
10
11
0
0
1
10
0
0
2
0
4
0
1
0
2
0
0
0
10
1
6
0
0
2
1
0
0
2
1
0
0
0
0
0
0
0
0
0
0
0
0
0
0
0
0
0
0
0
0
0
1
0
0
1
0
3
0
0
0
0
0
1
0
0
0
0
0
0
0
0
0
0
0
1
0
0
0
1
0
0
0
0
0
0
1
0
1
0
3
2
0
0
0
7
0
0
0
0
0
0
0
21
2
0
4
3
6
0
0
0
0
0
1
6
1
2
6
1
2
4
2
0
2
0
3
2
0
1
0
0
1
3
0
0
1
1
0
0
1
0
0
0
0
0
1
1
0
0
1
1
0
0
0
1
0
0
0
0
0
1
0
1
0
0
0
0
0
0
0
0
0
0
0
0
1
0
0
0
0
1
1
0
0
0
0
0
6
0
11
0
0
0
0
0
1
0
0
0
0
0
0
13
6
10
6
5
7
29
0
2
1
3
4
1
22
1
1
0
12
0
1
0
5
1
0
0
1
0
3
0
0
0
0
0
0
0
0
0
0
0
0
0
0
0
0
0
0
0
0
0
10
0
0
7820
4511
5339
966
4194
263
5166
335
2418
1441
4217
7617
335
802
7002
3734
2557
4291
7582
3691
2438
3609
4339
1520
1522
4793
1661
4521
5135
4190
6303
5248
1195
7854
3457
1733
2248
2967
5975
4099
307
753
3051
3510
7415
6760
2347
1306
2151
7827
5102
7491
308
7056
7034
6144
849
6199
2015
3676
7781
1280
2679
7034
2831
6922
5175
959
7209
4290
8138
5531
6438
3229
6996
7040
566
7164
1768
6699
2213
7611
7526
7797
2022
3483
6719
7055
4793
5813
2975
7592
5112
8021
7587
4581
7160
5133
7573
7207
5689
3903
4643
2557
5374
978
3259
4392
1083
4331
1890
178
5262
5159
3817
6206
3642
4754
916
5088
4174
7398
7860
7615
1105
7243
673
3216
613
6934
1272
7398
3307
5255
6571
3051
6005
7211
3259
4581
272
6204
6880
178
2085
1006
3812
5953
7269
5810
4595
7933
3886
7795
1490
5145
6997
2280
1780
4352
340
5780
4541
3117
1890
802
2654
7398
6438
5891
5975
5295
2891
4965
788
7991
5360
5169
3925
2510
3631
8187
4533
5175
7227
4745
6813
2174
2068
3092
7034
1342
5326
6321
6353
4751
1200
6521
298
738
4294
2004
1653
4882
5872
1884
2030
3323
3944
2123
1712
5218
7827
1629
3164
8128
4706
6025
6118
8113
9
3846
752
7950
3494
1729
1479
1272
1020
6000
1105
2576
6777
3184
778
4416
2606
6118
5371
6567
252
4314
7175
4917
8052
6290
1392
5300
7649
754
5787
2958
4737
6650
6236
6147
5474
7167
2576
5534
3305
951
6827
959
2248
369
1415
2276
530
4272
5044
689
2789
5431
625
5372
1641
7175
4922
936
735
637
423
6417
4365
5411
1636
7569
7326
5501
4233
6602
6121
932
1733
1217
7227
3051
5494
2633
5697
50
7630
1939
3622
952
2838
2409
3644
76
3013
589
3103
909
5051
7910
7246
1472
6425
3649
7663
4570
3068
5934
2561
3676
5266
2290
5236
7592
7995
5915
5211
2556
5978
5518
4044
4513
4677
2272
4524
5483
2711
4003
5380
5164
2034
338
5798
534
5301
1264
7507
8174
3358
153
6524
4671
1612
3019
8059
2102
5956
7773
660
4764
577
2144
1327
8022
2727
6220
2432
6647
6474
4770
1328
48
448
5130
6789
6550
2635
4704
8174
3051
3609
8030
4846
2719
2288
4041
3355
4706
7372
3756
3399
659
8015
2556
317
1061
6501
6579
7992
2199
648
442
7681
4500
659
6461
7668
5483
1239
3216
6475
3229
30
7262
2764
6042
7065
4288
7759
5481
5211
524
7542
6625
1633
2685
5784
4524
990
4265
679
6311
6365
5796
4130
7252
38
4314
883
6099
3389
1601
1333
3752
5095
2467
7732
1739
3332
3306
7329
4131
3956
4451
8012
6901
7523
871
2603
3973
6411
386
2199
3465
415
6030
769
3345
7791
3417
7519
5965
6550
6415
1009
1057
1520
7415
4771
2957
1155
6018
1400
6624
4506
7994
7109
3247
4620
5683
2849
4342
7816
1357
3486
1139
792
669
281
274
2792
2384
6435
2262
2432
4943
6925
210
3609
6256
5092
4457
915
7505
4622
5757
1995
813
6064
865
5747
3926
2849
1486
8137
1784
4749
2595
3514
5299
3520
8175
7252
322
4959
4408
1044
647
5149
5224
2119
803
3085
2106
6202
1589
5850
211
3291
6520
6619
7824
4674
5392
1138
6030
7486
5862
679
6220
3899
724
2289
5438
433
6290
8144
5372
5570
493
7691
2426
5066
3084
1941
5601
212
7051
7745
7380
2811
4698
5436
1482
4370
7121
642
4951
6450
3164
4783
7084
5673
3181
3065
6570
8183
1990
1636
3633
4995
6580
1023
5102
7153
702
4472
1769
1600
702
7012
729
1035
7113
513
5192
2893
2171
1000
7009
2275
4176
1375
2936
7081
8041
7581
5932
6747
5421
2461
5283
7888
361
2762
5805
1600
35
7051
1395
2916
6571
7887
1595
1295
4943
5522
4696
4325
3687
5790
5366
4313
724
5097
2433
873
8052
2102
3689
1062
7229
4735
5161
1733
6735
6983
6215
4150
7380
1893
1600
4934
5283
5248
2410
640
3987
2834
5522
940
6350
2443
2438
4407
5964
5119
7521
71
2386
5065
178
3622
1395
5682
1917
1129
30
6521
4270
5248
5232
3876
393
2684
7592
114
6623
1322
3611
5603
3371
2393
2366
2405
4975
4279
7249
8152
3336
1806
305
702
4340
925
229
7230
7753
3037
7227
5975
5684
1767
7956
4727
5921
1709
3022
2470
1798
603
1530
603
2393
6719
211
3077
531
5430
8131
5331
5818
220
6866
6560
4880
320
5682
4326
4685
3092
1136
263
2418
4543
1532
1154
2916
30
2361
3428
3334
6434
6564
2566
4305
7057
4594
999
297
5531
30
6551
4967
1044
6755
5331
7852
30
684
5220
7230
8010
947
4521
1929
335
3177
1506
4824
1893
1275
1641
7409
7346
6966
3036
4992
968
46
7841
6777
2622
7915
8122
8189
3341
1764
2488
275
3656
4484
2894
6307
3666
1200
6202
5628
4374
3676
8094
1769
657
690
594
3828
6145
5757
5920
4845
7784
5579
1442
8077
4873
3542
5779
2641
7991
1764
3064
1092
1037
208
5332
7913
6583
722
3821
1012
5689
1017
393
3252
4224
6551
4960
518
3151
5739
3391
5267
5404
6677
4238
6550
4139
6258
5129
5013
532
3306
345
3757
2095
5265
7861
1173
7625
7788
1217
5149
1556
1765
3252
2830
5775
2065
5885
6426
61
5115
4600
7198
802
4007
4546
5322
5572
7588
5129
2699
8058
5157
6206
345
4642
5226
6932
7244
1768
753
4353
36
320
2114
8092
631
0
3912
1635
827
5107
2562
3999
156
4800
2459
6465
6371
5112
649
7894
1834
7651
7868
7337
2964
5211
3870
5581
7279
4758
8159
4082
4793
671
1513
1009
421
8137
2868
5756
5778
5220
217
5149
6650
1042
2679
1430
6188
575
3205
6796
2894
672
3585
4416
1245
2302
252
2654
5232
2248
8187
1279
1003
2645
1312
2328
777
4361
7570
568
6864
6533
5627
3443
7527
5434
2907
978
4751
1155
1786
2968
7901
255
3986
2263
6316
1513
1245
2354
3186
947
7957
