0
0
0
9
7
0
0
2
10
0
0
2
0
0
0
0
1
1
0
0
0
3
10
5
0
0
1
3
0
0
0
1
0
0
0
0
0
0
0
0
0
0
0
0
0
0
0
0
0
0
0
0
0
0
0
0
0
2
2
0
0
0
0
0
0
0
1
0
0
0
0
0
0
0
0
0
0
1
0
0
1
0
0
0
0
0
0
0
0
0
0
0
2
0
0
0
10
1
0
0
0
0
0
0
21
1
0
6
3
6
0
0
0
0
0
0
4
0
3
5
0
2
2
1
0
0
0
0
2
0
0
0
1
1
0
0
0
3
0
0
0
0
0
0
0
0
0
0
3
1
0
0
1
1
0
0
1
0
0
0
0
0
1
0
0
0
0
0
1
0
0
0
0
0
0
1
0
1
1
0
0
0
0
0
0
0
0
0
0
4
0
8
0
0
1
0
0
0
0
0
0
0
0
0
11
2
8
3
4
0
32
2
0
2
1
1
2
14
0
1
0
10
0
0
0
0
1
0
0
1
0
2
0
0
0
0
1
0
0
0
1
1
0
0
0
0
0
0
0
0
0
0
0
10
0
0
1245
2405
7702
5105
698
2620
4305
4208
426
2244
2541
6668
4415
254
2907
568
421
845
7689
2939
7758
2939
2303
5997
3490
6041
6104
7910
6082
6104
4950
4796
3061
6714
7218
5584
615
7851
189
4941
784
773
7106
7497
6089
4662
6851
6253
7442
7207
7384
2015
727
61
1217
747
2006
1989
3712
4273
4590
5761
705
4482
5096
2463
4232
1971
5576
1087
4788
1027
6515
2362
7219
5717
7188
6791
2382
3986
1040
2110
2977
7865
3036
1537
4033
4489
1870
2418
2127
1289
5560
2327
5918
650
2976
4796
2308
7997
1048
109
7736
3667
7067
5434
3710
428
7415
2735
6410
694
2777
825
3120
3158
6932
7824
7762
1848
3472
64
7129
84
3210
6479
3904
7067
7915
7059
1979
7154
8103
7997
5276
3259
6479
2798
3105
6906
8135
3488
6676
6801
5979
1105
4716
5687
483
3815
7381
5237
7560
6564
5698
5633
3210
2095
3791
6919
6544
3037
7059
3153
3153
48
5276
1321
2704
1011
7896
830
3178
6665
132
3397
5261
4779
6307
7604
3921
4715
5968
6993
1430
987
3768
5757
2239
4154
7067
3719
5542
3600
3263
5913
4011
797
3687
5204
7291
1130
5286
6687
5572
7477
2529
306
7899
2383
4838
4863
6107
7062
648
4753
1055
1040
2369
3117
3371
3007
947
7849
5507
4796
4007
4310
6124
7816
2993
5585
3041
2726
8100
5782
5834
1608
2808
7240
7835
5843
4929
3192
5510
8009
1604
6843
7256
2229
1105
7086
7524
2210
1692
5177
2629
1029
5171
591
4482
7527
2981
810
3312
5008
5458
80
4465
6704
7810
5744
1465
6195
3977
5124
6468
8009
5927
7676
947
6927
5688
3150
4626
4832
4167
5868
3320
7910
2405
4491
6973
8111
4123
2007
4979
2435
5472
5037
5877
7835
1442
2494
4933
1231
6937
1943
67
122
2389
7091
5047
3954
5407
7500
6687
1885
6143
3847
649
4551
7910
5290
4140
288
4789
3567
2978
6348
6532
3524
3351
5064
7689
5714
396
6520
1803
896
2448
7650
4721
3405
6093
4686
2443
7111
3827
490
3628
727
2285
6973
1353
7575
6636
4190
4903
4790
3612
3966
3524
3253
695
2032
2046
1760
2707
285
2688
7240
1184
4515
7356
7876
4432
6123
6463
5353
4041
6573
7714
4471
4939
721
379
3678
176
3892
940
2427
7787
2051
4680
1460
889
409
3574
1012
3118
1582
6181
5111
4992
74
317
7770
5099
5274
2101
5099
7715
325
7061
4521
1449
4035
173
2691
4658
1296
466
2893
7308
2855
8111
1104
3612
7829
317
3106
6348
7206
5182
5453
3966
4992
3496
67
323
483
6601
1444
7646
3092
1556
8187
2967
1285
1145
1489
3688
6348
7593
2135
5274
3678
2732
6048
5578
1442
232
3466
4993
3987
6348
6456
6456
7411
6187
813
323
709
5843
4113
3666
8191
6179
1661
2894
3986
2405
4929
833
4435
5972
5714
5353
4655
3524
2939
4780
6194
1162
6750
5782
5634
5578
1493
4701
3446
7702
8009
4323
4912
4105
5684
8069
2498
7252
4111
7304
3986
7997
411
1846
5144
5614
2051
276
4496
6976
2420
173
2065
6047
5182
2574
74
6673
4701
3998
4791
1474
1924
8166
1439
1541
2240
6249
1780
5303
1272
1988
8151
8151
568
1576
4148
1282
4259
5028
3730
3175
6478
1258
6231
826
5535
2584
2939
3774
3629
4993
6485
4803
4432
1468
7858
2859
5301
2498
2531
7176
2576
250
1497
7806
4428
3284
1583
8138
2804
3537
270
1659
2901
7364
6605
826
2712
2615
2175
1231
74
7907
1707
4855
98
942
26
2922
8187
2915
8118
7584
2987
3537
7557
6106
7217
5726
7563
7445
4000
7511
7818
5353
2574
5498
1707
7146
3629
1957
1331
3966
2947
53
3714
5785
3371
462
4389
3085
3159
3785
3205
6739
3415
8005
67
4166
6443
6631
7718
3993
6395
1004
3646
2643
5572
968
6164
1184
5022
6960
4152
2939
4979
3136
3717
2206
1725
3815
5788
6765
7499
4137
4645
4482
6789
3602
7449
8112
7426
2156
7650
6891
4863
4077
404
6187
1186
6547
4701
3232
1957
5972
948
206
8109
4838
6078
160
3884
6811
755
5956
5934
2996
4887
4683
3072
3600
2080
2402
5578
5353
1338
5458
7895
8111
1038
4594
4359
5736
7784
5801
4344
5478
648
1676
1400
3772
7713
6410
4999
7837
2667
489
792
1662
5222
1550
7411
5403
5403
5248
4842
6571
5715
1468
932
686
2856
6012
2832
3797
1353
1789
3001
306
2140
6665
5570
5309
5507
7013
1978
1786
4038
2708
6183
508
2907
6089
8117
8191
6144
587
8118
8094
3132
2915
6580
4618
1843
7711
4069
7209
7211
7243
6109
1941
7190
5408
5608
1736
2260
1565
2284
2586
2507
2260
3969
7156
5413
2248
3558
5350
1805
3233
1289
2798
199
4718
1550
7775
5090
2189
1785
6047
5752
4754
1081
2793
3559
2803
3821
1941
968
3291
4214
4976
5079
3291
5858
6958
4667
2645
3439
1209
46
7454
1622
1111
4216
536
4136
2317
3119
3788
4506
6691
710
4037
1331
1567
2368
186
3733
6230
1839
1050
3897
6564
2104
2586
643
3533
7389
4796
4361
1075
1944
2686
5274
2304
3559
5079
4820
7935
4305
4953
3507
6612
3504
5594
5997
116
2925
2930
6312
6222
5099
5066
3066
653
4169
6495
2939
7799
639
2684
3433
2459
2679
3959
138
4359
2225
538
6510
5029
2046
5391
7086
1698
4155
2572
6547
7013
6978
3825
3645
295
4493
4509
6170
6011
7119
6554
6884
914
3988
3229
5332
4809
1488
1776
1926
1590
94
6677
5019
657
1158
4784
3449
7716
7006
4535
6170
46
5724
7119
1556
1057
4852
4214
2760
6002
5493
6440
3487
3730
4359
1024
2405
2686
6128
5467
338
7874
7091
4945
3816
5581
1070
219
914
8075
2889
6430
5254
2572
4718
4791
8069
2608
7945
7941
6705
3526
117
7654
6243
6749
4856
4082
925
720
720
7473
5018
419
5016
5827
6575
4742
7645
7777
4752
472
6201
3548
7467
2059
3701
600
3449
923
3993
3066
639
6001
4822
492
3096
6441
137
7823
2410
