0
0
0
9
0
0
0
2
9
4
0
0
1
0
0
0
1
1
0
0
0
5
6
2
0
0
0
2
0
0
1
3
0
0
0
0
0
0
0
0
0
0
0
0
0
0
0
0
0
0
0
0
0
2
0
0
0
1
2
0
0
0
0
0
0
0
0
0
0
0
0
0
0
0
0
0
1
1
0
0
0
0
0
0
0
0
0
0
0
0
0
2
6
0
0
0
11
0
0
0
0
0
0
0
18
3
0
6
4
4
0
0
0
0
0
1
4
0
0
2
1
0
3
1
0
2
1
2
1
2
0
1
3
1
5
0
0
2
1
0
0
0
0
0
0
1
1
1
4
0
1
0
0
0
2
0
0
0
0
0
1
0
1
0
1
0
0
0
0
0
0
0
0
0
1
1
0
0
0
0
0
0
0
0
0
1
0
0
0
5
0
7
0
0
0
0
0
0
1
0
0
0
0
0
10
5
8
6
3
4
25
4
1
4
1
2
2
16
2
0
0
13
0
0
0
2
1
0
0
1
0
2
0
0
0
0
0
0
0
0
1
0
0
0
0
0
0
0
0
0
0
0
0
10
0
0
7426
6022
7786
4374
6918
4703
7908
4366
1521
7048
7699
7474
5211
2882
2275
3920
133
3003
501
4294
1046
1929
3265
7692
6353
3642
6124
169
987
4579
7617
4851
6027
2716
60
7075
262
906
2531
3560
298
1163
61
159
71
2231
5882
7676
3259
109
3642
1415
1217
6756
5298
7571
187
2765
5933
2501
4607
7207
2252
683
5210
4561
7219
4087
3373
6983
1743
6685
1157
753
4022
2364
2455
5918
1513
7234
1415
1989
2975
163
7384
2229
988
4754
6036
169
8048
3652
6594
5413
5688
3445
6983
6863
6226
7854
1114
5374
5396
7617
4392
7845
3186
4390
2091
6617
725
90
1699
2252
5601
857
2654
6369
6561
4130
2975
5232
3391
1940
4047
3367
3115
6660
1817
1878
6534
4640
2110
7034
6875
3751
2369
4266
6137
6824
2235
4719
3676
795
1003
1706
4424
254
4339
4333
2994
7460
4521
1217
4489
7337
4840
7739
1217
6369
4154
2383
4786
5839
3115
735
5780
4561
6889
2229
4824
684
3974
5092
4521
3706
156
3437
3573
7138
2799
2939
2574
505
1241
6823
24
5398
6615
3740
2723
5721
2816
2538
2881
3666
2491
5557
2616
1084
1200
7722
2002
2002
4136
2826
842
4039
841
1044
668
4627
6536
4509
1719
313
7861
5411
2805
7256
7785
6237
120
4703
501
5402
3465
4389
7559
7590
3834
6983
7282
4634
1415
4679
1431
4212
5104
1112
5365
5083
5253
6424
6378
5497
5782
1326
6047
8187
6627
5815
6020
1245
5611
3772
3617
5712
4003
5712
7519
2185
4172
2790
7253
6724
471
4618
4993
7158
7932
643
3528
2077
1305
4982
8147
3012
6557
74
440
6350
5338
2895
3487
6612
1870
2527
724
5264
1810
2349
5078
963
5201
6643
5704
1021
61
7155
89
4452
3629
466
5324
7162
2586
7055
8147
7857
31
2889
27
5128
7216
3078
5887
6540
3637
7254
3824
4349
4793
1014
4596
7911
6249
3645
6179
7587
3571
4290
4178
2304
7076
5455
4099
4955
5561
942
461
5182
5706
2939
2792
2973
4492
5463
1522
5575
6792
344
7732
1173
1042
7034
6983
6615
3385
4296
7893
7155
5232
4472
1538
1844
1664
6828
12
3277
7246
7376
3394
6352
5324
3551
1358
1
3767
6277
2456
6180
4720
3195
7560
4420
7886
4489
8013
2013
7900
4541
7040
2799
978
1227
5972
6951
1531
7771
7825
4301
5324
3068
7355
7345
4119
6170
7696
5017
2814
5327
4180
2302
3104
7066
4172
3156
5884
6171
7601
2792
7644
5175
5592
2286
4162
6897
2011
3528
5270
4505
3690
6259
2649
968
5302
2047
4827
1892
6400
4773
5017
4212
5740
577
236
7668
5049
6648
7710
4931
3789
5691
4407
3374
2549
426
1633
939
7387
6575
4256
3486
3455
4194
2496
2011
680
985
5243
8166
891
5353
3466
3169
7875
5848
1400
6925
3214
6365
5613
3202
6869
7442
8091
4422
2123
2870
5124
2452
1672
3332
16
2251
6498
842
1468
923
2678
2485
3749
3479
1465
3886
674
5614
4161
701
3849
1200
1395
7723
2105
5760
7428
3361
2752
2014
7650
2136
6818
7429
5458
7548
7127
4468
2756
5097
4119
838
7689
5395
674
1696
4509
5258
2574
1229
5786
2597
2283
5494
2329
7482
7967
5048
783
7588
1288
219
4904
3886
3528
7615
6818
1790
1011
6349
5118
6472
5588
7097
6818
5447
100
6485
2574
500
3169
4958
2771
3398
6144
3706
6227
5048
4472
5517
3541
8030
3136
6963
3993
122
3594
5744
3988
686
3188
5619
4888
6443
6809
830
5574
316
7734
219
7737
4872
2381
7061
2336
2114
2810
4758
1424
2938
3541
1680
1750
2166
916
4892
5556
2669
2540
3148
6647
1229
502
4004
481
5217
5454
942
1694
4943
7400
276
5772
1247
5531
6861
2817
583
885
7707
4160
7405
6320
5998
1029
7405
744
5034
4231
1727
7098
5999
129
7317
3915
8156
5454
8155
7806
4442
1483
1184
4665
4983
1323
612
4145
5643
2546
148
181
6383
1150
5902
744
4763
8167
7506
531
2777
1415
5222
819
3519
6663
2354
331
7467
6225
4794
1238
7005
6809
1276
4501
4212
1569
1651
7949
8064
2218
6706
6599
5236
212
3554
7121
1864
8047
5436
6791
3571
5694
7290
734
5496
4551
2485
5501
2843
4562
4265
4776
6971
6862
3315
6805
2427
6670
7318
6185
2259
802
2817
7663
980
6243
4740
2410
744
200
7980
478
2190
8052
3327
7531
4410
1081
4543
1890
4369
5174
6414
7317
1292
7384
5134
6910
1197
1984
1370
7480
6825
5630
2022
5439
5247
1275
5896
7405
1595
2942
5653
8030
6761
507
4037
5970
3510
5335
2419
1548
4515
4791
7068
3102
3698
2710
7279
3591
4090
408
483
6747
4495
710
3007
7510
7188
758
1836
5364
3969
827
3287
2271
2657
5650
7365
4341
1852
721
1538
3283
7804
1766
7212
7713
3253
3389
4950
1639
7267
436
7249
5486
379
59
4081
7972
1791
2907
5024
7389
4934
5209
7250
176
7882
5220
8167
7753
3661
7405
2428
1922
5462
8054
442
789
3483
1852
531
649
7720
4930
2964
4288
3518
6766
2607
5035
4837
3968
3748
7696
3654
4192
2255
699
3443
4880
7269
4237
1270
7012
8183
505
781
4430
1788
3969
3572
5048
7781
2398
6899
1173
3053
4090
2842
8115
5633
1721
6706
1463
953
6641
3680
1472
6759
7405
7928
1234
1620
7753
2464
5842
1528
3201
8183
5624
6262
3847
7363
2512
3098
7799
6453
7945
1075
5936
7659
312
5697
2601
7982
4987
1691
1817
877
1661
4270
7153
5202
5110
7497
6437
851
1179
7249
4180
1911
163
4830
4136
1401
7503
60
1709
7229
2071
6354
1309
7011
6497
2556
5403
4609
2602
5068
5000
8048
7691
6983
278
3597
8019
2419
30
588
3003
3362
7232
6437
1453
1094
629
626
3639
1094
7739
7717
8127
5322
568
5761
2741
3391
4339
1965
1424
266
966
2557
3795
7811
7299
7924
5870
30
7823
4881
3676
7207
2119
4339
7630
1989
844
3933
1235
5063
4366
6023
21
7739
5975
4643
7203
4342
3750
2286
