0
0
0
10
11
0
0
0
10
0
0
4
1
6
0
1
0
1
0
0
0
10
0
7
0
0
3
1
0
0
1
1
0
0
0
1
0
0
0
0
0
0
0
0
0
0
0
0
0
0
0
0
0
1
1
0
0
0
1
0
0
0
0
0
2
1
0
0
0
1
1
0
0
0
0
0
0
0
0
0
2
0
0
0
0
0
0
0
0
0
0
1
0
0
0
0
5
0
0
0
0
0
0
0
21
5
0
3
6
6
0
0
0
0
0
0
8
0
4
7
1
2
3
2
0
3
0
1
3
0
0
0
1
1
3
1
1
1
0
2
0
1
0
0
0
0
0
0
1
0
0
1
0
0
0
1
0
2
0
1
1
1
1
0
0
0
0
0
1
0
2
0
1
0
1
0
0
0
0
0
0
0
1
1
0
0
0
0
0
6
0
8
0
0
0
0
1
1
0
0
0
0
0
0
7
7
12
10
9
4
36
4
3
6
2
1
1
27
1
2
1
11
0
0
4
7
0
0
0
1
0
4
0
0
0
0
0
0
0
0
1
0
0
0
0
0
0
0
0
0
0
0
0
10
0
0
6076
2426
7432
871
4528
1972
5762
8064
7079
97
7384
6040
677
456
4285
4036
6408
126
677
4045
7355
3394
5482
1544
2800
1375
1556
2814
3465
3035
5337
4990
5332
4703
5255
932
2248
423
5933
802
8103
5785
7976
7393
1494
3801
2292
1366
5897
7343
2981
3741
5470
3712
6253
5020
1615
2083
444
5967
1216
2473
4051
2204
3158
1965
2512
7299
5938
6895
5419
5419
4424
1661
1003
3847
5176
4643
8088
711
7567
1846
5874
517
8010
7543
675
5993
1907
87
5519
1260
3493
6688
7266
6580
3598
6533
6876
6035
7913
87
1048
1473
1453
39
8118
4751
6700
6740
4110
1892
1776
1423
499
1380
7645
4170
1017
217
4949
3066
5682
7518
4446
5827
5126
2558
7559
3448
746
1862
6983
7723
4339
1094
3968
6643
3634
1076
6717
6989
4858
169
1522
3407
4998
6210
7884
1778
4887
1440
4153
2422
2645
5248
5292
6332
328
5516
114
1759
5867
5344
4800
6023
6253
2538
2110
1520
7453
2499
5035
2487
4634
7415
5092
1522
2015
5232
959
1823
6563
4700
4623
1129
6604
6072
6868
5687
3068
4475
5010
4167
3288
6247
2487
3885
5853
2389
2389
3993
2040
3293
1032
2150
2557
169
8048
2015
5933
2015
2488
6727
8115
1157
5831
4858
2288
7762
402
1602
471
2051
6227
3156
7866
1181
5326
4092
2114
4718
6384
1664
5412
1845
7606
1886
2487
1453
7253
2244
5545
3377
1400
7073
874
86
212
642
5900
8079
7147
6371
83
1406
6380
3801
764
4641
6645
6357
2830
4594
1576
4236
4140
4561
7989
2584
3191
7861
1557
6788
3273
2605
4157
7934
7764
2367
4871
6684
2495
1574
5787
4012
6030
1558
2373
6731
7160
7482
390
1607
7398
4492
5498
4453
7784
1270
6590
5735
6583
460
1761
4402
3472
1323
5932
2170
2422
198
3421
3054
220
719
6729
2985
2659
6235
2701
7593
3885
2956
568
4950
2271
6997
2825
3934
4216
7615
484
3712
7833
112
6172
236
5670
3502
3429
6859
3031
3170
4768
4958
3170
6774
3218
7991
6047
5152
7428
1706
5764
3202
1414
47
1999
4594
3477
7419
4718
2860
3560
4851
599
3009
822
2495
578
4691
8165
738
1810
3760
2216
4405
6932
3831
4814
513
6007
6920
5871
2856
4074
6818
2533
4202
5664
2285
5530
2285
4233
7806
4569
4623
2560
4275
7693
4144
4529
5228
5825
4258
6966
5563
3752
7711
3904
1216
3343
7275
539
7605
1546
6645
960
7063
6332
6447
646
5456
4735
5507
3959
2465
434
6918
393
1209
1913
794
822
3869
4610
4744
7373
7542
5281
6435
6236
2883
4314
317
103
1872
2186
3154
1686
4442
6089
920
6573
2340
795
7256
4280
684
7562
5021
7659
1086
5318
4882
4781
6763
2521
1392
3210
1136
2488
7248
3183
4226
287
446
519
2036
7593
5875
7266
7325
7995
5121
1433
2888
1989
5143
1108
4296
7007
20
4279
1233
2508
5528
7002
5522
4923
5759
5076
7284
6269
6353
4476
2212
6859
6849
6404
3627
7753
3403
5141
7215
2471
3875
6278
7728
3976
1475
7147
3757
4113
2679
2042
7027
1438
3603
6641
7614
5159
7410
3689
6126
771
103
6489
4991
5562
6805
6047
1791
5431
7562
7504
3040
5900
6783
4728
7826
1162
3583
4226
1480
5651
6989
5762
959
4851
7921
7973
1843
4745
6528
6463
819
3878
7694
5649
1483
2764
1050
2345
2072
1135
7668
804
3569
7858
5554
2471
7392
7856
6260
5180
735
4843
8026
2248
169
7011
6413
8115
6424
7141
4754
933
2127
1455
6187
5367
6110
4457
6820
1287
6396
7043
2888
4544
7325
7020
5953
1401
3054
370
3644
6961
3193
7392
487
7823
5975
818
3306
4430
2378
1362
5405
384
3248
4966
804
5592
7169
5161
1768
1548
4311
730
874
5008
2200
7821
4901
4518
3683
409
5702
6172
5047
7703
163
2747
7891
5416
7915
6321
1637
7909
2152
2374
443
7293
3040
6729
4520
2465
4349
783
2831
5533
1911
627
5072
3683
6726
3831
493
2213
2914
1080
5533
6494
5248
1228
7753
6256
2046
5898
6126
3030
6249
931
2068
3019
7392
7009
3390
7389
681
2762
4644
843
1627
2566
3873
6758
7759
3674
2656
1888
5300
6024
3898
943
4793
5192
3757
5211
1949
6899
716
5175
650
1010
7063
4026
2779
4995
7408
3223
7563
7871
5608
1029
5978
7314
7254
4797
4226
3298
3229
7935
4728
7044
8068
501
2363
6986
3794
7716
4644
6961
7286
2903
2280
2676
4448
3813
3500
5272
1997
3497
4151
7956
4628
4427
7890
2660
262
1933
2161
5694
2683
6278
5216
6559
734
2167
6360
1844
8143
8143
2423
4114
3925
6361
3731
1238
6532
4628
4194
4977
3923
7156
6243
4093
6593
2456
1166
4147
3519
1400
6931
8102
1683
5932
543
1310
1564
2360
2780
3455
6253
2167
5373
1595
4029
6821
3635
6135
6659
4094
4727
331
5267
663
6421
2034
5911
7531
2234
2085
4936
3713
3708
3356
497
1780
1130
7716
3577
2408
2015
2530
4840
4743
4268
2772
2762
702
7588
5724
1584
6393
3615
6346
4628
5024
7098
1615
4796
5332
6069
2650
4888
1971
5308
6871
2317
1006
1672
4784
472
2709
6924
61
4241
4382
4422
7067
260
5393
1664
6801
3141
4498
90
7223
4120
4004
559
450
5079
1473
1472
5954
3148
988
4137
8007
3417
5877
3274
6545
7941
7980
6162
7143
210
7790
5623
5191
2489
3144
6698
2920
1988
14
3661
390
1075
740
1893
663
3731
6137
3560
4835
2402
2268
6628
7646
6831
2856
7484
4926
2056
182
4594
4651
212
1119
6746
916
4713
7380
2238
3642
8188
2370
5035
5071
698
5724
763
49
7380
915
6679
5428
4317
2441
2368
6482
14
6571
6821
388
5743
6686
5155
590
2015
4978
6918
4061
7408
3575
3812
686
6186
5756
2192
3551
3068
7995
369
4708
480
6150
942
1279
3154
3693
3237
2405
3625
702
4020
5010
4498
684
1550
5997
4312
4150
7582
4937
2737
4425
3153
5111
8092
5542
3274
3616
6831
5909
4509
2080
5007
