0
0
0
9
8
1
0
2
11
0
0
0
0
1
0
1
0
0
0
0
0
7
8
4
0
0
1
2
0
0
0
2
0
0
0
0
0
0
0
0
0
0
0
0
0
0
0
0
0
0
0
0
0
0
1
0
0
0
0
0
0
0
0
0
0
0
3
1
0
0
0
0
0
0
0
0
1
0
0
0
1
0
0
0
0
0
0
0
0
0
0
0
1
0
0
1
11
1
0
0
0
0
0
0
18
2
0
6
5
5
0
0
0
0
0
1
2
0
2
4
1
1
4
3
0
0
1
0
1
2
0
0
0
0
2
0
0
2
0
0
0
0
0
0
0
0
0
0
2
0
0
0
0
3
1
0
0
0
0
0
0
0
0
0
0
0
0
0
0
0
0
0
0
0
0
0
0
0
0
0
0
0
0
0
0
0
1
0
1
3
0
10
0
0
0
0
0
0
0
0
0
0
0
0
8
3
8
2
5
1
25
0
1
2
2
2
2
16
0
1
1
11
0
0
0
2
0
0
0
1
0
2
0
0
0
0
0
0
0
0
0
0
0
0
0
0
0
0
0
0
0
0
0
10
0
0
4522
3051
6571
5730
920
4880
4312
304
5445
924
4647
3225
3585
5945
5746
6588
1988
255
7336
5168
2271
1164
61
3120
109
1775
933
4914
5279
5650
7872
5778
5735
2015
1830
4858
7187
1534
2558
557
1535
5309
7872
1664
4475
2748
7690
2650
45
45
5387
7222
3947
3741
7816
5290
1217
4027
1209
2398
2796
1944
421
389
4013
1534
1965
978
6321
1680
61
8103
1453
6700
1824
411
559
1246
6367
6589
3226
3140
7261
3151
6999
2305
5279
4475
4202
2586
6806
7298
5079
5594
4202
5997
1295
109
109
4426
727
5748
1415
3642
7061
6076
6384
48
1566
788
2991
3403
1460
2984
6048
4936
7111
6806
7545
6677
2676
3836
2438
6153
1057
7484
4569
5997
1882
4562
859
6735
2118
7357
2354
5295
7765
1296
4892
7646
6335
5876
5612
6555
1489
5056
4354
1444
1753
3603
2949
5798
4697
2746
141
3269
4291
3834
5112
418
2709
6820
206
87
5833
5143
5332
3734
8087
7340
5278
5016
7557
3136
4976
7907
5059
5291
1525
1360
5572
5556
4354
7160
6077
7521
6008
2490
3068
5482
3834
811
6735
2766
7726
986
7207
480
6262
4449
4714
2239
2299
3466
1555
129
7370
7197
100
6705
6601
1753
985
5042
6414
6623
4437
1696
5828
5902
5579
7205
3196
1204
1965
36
5472
5365
8187
4217
7815
5598
4997
730
2602
2195
674
7737
5353
5284
5018
2518
5486
6981
4238
6378
1184
3183
7055
5005
2250
631
1824
5436
5079
6831
7915
5092
5106
5693
7279
4830
7321
5328
1681
7531
4401
1924
1525
7445
7841
955
3549
4469
6939
3170
5510
4992
6414
4369
2561
7325
1435
631
5412
1550
6128
6397
4309
8021
4737
6578
6679
5143
2907
8070
5156
7158
2450
5569
1515
1582
5723
6460
2154
5168
5690
3832
8132
2427
2584
3446
5512
1145
8025
1550
4779
5269
1629
7532
3589
3645
1158
3786
6479
2248
2782
7893
1628
2342
404
53
6167
4991
6444
3029
4507
2634
4119
3966
2643
2427
4992
2353
1397
896
4798
7261
5696
4279
6507
7178
8176
1360
2464
4698
6520
3953
3986
7246
6679
52
449
1397
2634
2540
995
7388
4354
4010
7367
4253
7748
7370
2939
4369
6925
6398
2317
1626
7215
433
6069
631
4087
1203
6313
2752
2734
6536
888
4546
5013
5510
2714
1530
7585
5111
277
1860
4369
3003
6158
1605
6601
5124
7445
3977
4158
1956
2683
6671
7944
6069
631
1824
6327
2032
4634
229
4475
7419
4354
6909
7557
811
7271
516
371
6499
5498
5011
8100
4967
6719
7611
2142
4446
7445
4980
5550
712
3956
3000
3184
2676
1824
1824
2464
1830
6384
2854
978
4290
1441
1213
8057
8119
1376
3503
5144
5144
3792
4010
709
1855
3956
3472
3488
4010
1347
5313
4204
2993
2816
4789
4319
2252
1944
5214
6824
6303
7029
6186
2673
7120
628
710
7803
277
7521
940
5075
4791
2058
2238
2939
4446
1851
3717
2519
6348
3646
5170
1601
2317
825
2303
4981
7
7234
5019
109
432
6262
3790
5720
5312
5357
1085
4032
7935
7436
434
5782
2519
1210
6694
1005
3489
6318
2735
2448
3410
1088
2746
896
631
5412
5220
5436
6227
7258
7234
4851
2015
4491
5398
1672
5285
5252
1367
6788
7531
7512
4696
7998
4022
2368
1481
7329
3221
1799
4979
7787
2582
98
170
1836
1836
3747
5536
5412
2629
215
4594
4194
6000
5627
254
5913
5735
5801
1774
7954
4500
5788
4437
5011
6523
459
6679
4855
2746
4993
6562
7510
512
1613
4475
46
2494
6139
3162
7059
5627
4022
4492
7121
8064
109
87
2421
7938
3506
1849
1774
3389
1280
4993
7400
1957
217
395
6714
6241
7275
5757
2140
2819
3001
4616
4739
1155
3477
1776
1620
4735
255
1118
4618
857
5731
1989
5627
1021
2511
7031
7689
4618
2031
1032
671
3052
7596
907
2455
2681
747
5238
1000
5997
5507
5756
5824
1839
778
5112
7872
4707
6791
7484
6000
4521
5629
4634
4542
7299
5013
7940
3145
2671
1177
2146
2696
225
5447
1565
3483
4702
1137
4238
5798
2066
3544
6770
7799
5555
1082
8080
5896
4594
5272
6227
8048
2137
7976
2015
7902
3560
4326
6357
5501
4742
5259
2177
4949
8055
4238
1242
83
1244
2736
2066
1620
1824
1252
2497
4326
7231
4435
5628
5451
5627
411
1776
2002
3911
6075
6876
5684
591
825
1040
6203
5653
3751
1076
2076
8055
3526
2115
1544
4340
3253
1824
3747
5099
3559
5319
1926
1075
7557
3002
258
4851
7915
1948
3911
5143
852
1900
5739
960
7645
225
6330
6777
4120
7484
1458
2675
6902
6784
4241
2679
5412
5661
1519
939
4904
651
2318
1488
3144
4506
5579
1688
6450
4065
3642
4851
4426
6137
3986
4202
2341
900
1228
1824
5579
635
219
1458
5608
2453
6681
3848
4120
721
4877
276
6790
4574
1361
116
3942
6021
1078
6384
437
6563
2002
4634
2229
2118
4232
4202
421
6791
3002
1824
7596
4029
4904
6170
2242
2453
3988
1469
4333
5373
6001
3730
3783
6356
915
6749
4238
7451
1465
8025
2773
6565
1057
2538
6450
2100
5682
4609
2271
3585
5945
5249
3497
885
1744
3038
90
5374
347
1296
5155
1361
6335
5071
6259
6634
7199
469
4238
7453
2640
7723
4273
4482
2766
3492
3560
834
1411
4950
1238
2423
6297
3726
7661
5986
2925
8055
2106
4967
1800
4239
757
3478
2232
3001
2678
3001
6442
2520
693
2486
6521
3684
6438
1157
8103
1988
2496
5185
6791
2285
6421
4174
531
4609
6384
981
7593
2066
559
6181
4355
6595
588
4734
3166
1151
5447
6104
6137
2118
165
958
678
4640
1667
5344
4475
4735
783
4707
6588
4067
6733
2271
4950
3225
6677
7484
6677
411
6677
3004
1331
5761
3847
4289
2061
2934
5704
705
4759
2229
7196
1434
3492
5636
4759
3186
3959
7258
14
7615
4651
3790
568
3888
1774
4475
3477
6417
5778
631
5412
5798
3004
7872
747
845
6440
1760
61
2442
6650
1253
675
675
1453
169
1453
8094
