0
0
0
10
9
1
0
1
9
0
0
2
0
1
0
1
1
0
0
0
0
10
0
6
0
0
3
1
0
0
0
1
0
0
0
1
0
0
0
0
0
0
0
0
0
0
0
0
0
0
0
0
0
0
0
0
2
0
3
0
0
0
0
0
3
0
1
0
0
0
0
0
0
0
0
0
0
1
0
0
2
0
0
0
0
0
0
0
0
0
0
4
1
0
0
0
7
0
0
0
0
0
0
0
21
3
0
7
5
6
0
0
0
0
0
1
6
0
2
8
1
0
5
1
0
0
0
4
1
2
0
0
0
0
2
0
0
2
0
1
0
0
0
0
0
0
1
0
1
0
0
0
0
1
1
2
1
0
0
1
0
0
1
0
0
1
0
0
0
1
1
1
0
1
0
0
0
0
0
0
0
0
1
0
0
0
0
0
0
2
0
7
0
0
0
0
0
0
0
0
0
0
0
0
10
9
7
9
7
5
29
3
2
6
2
2
3
20
2
1
1
14
2
1
2
4
0
2
0
1
0
6
0
0
0
0
0
0
0
0
0
0
0
0
0
0
0
0
0
0
0
0
0
10
0
0
4100
832
4340
4348
4479
4101
3923
6722
5913
7205
5599
5825
2600
8143
4388
5997
96
1550
5874
5013
3959
6227
2285
5874
6227
3959
1550
3449
6750
1569
1230
2152
1050
5408
7924
3849
1675
6787
2596
2385
6276
2676
6384
1188
4836
2796
1550
3072
1442
8000
2377
6271
390
6053
1155
390
7570
6041
7901
5013
2676
8109
1588
6281
4727
1055
698
5821
7518
565
5373
3464
3212
46
7615
6228
6552
5507
3959
1868
4969
2470
8106
3726
1011
2788
5285
7871
2777
1944
390
1550
7070
239
750
7321
8135
7210
722
925
1639
2009
7209
6533
736
8157
947
7721
96
2080
3561
6789
7546
828
1398
6157
7434
744
7916
4010
5475
4297
6227
4569
3139
2218
937
5680
3096
2679
5332
3229
6540
5493
1958
7587
1733
4830
5187
7
2796
7829
2109
6158
8153
5112
5788
5736
3235
7791
2039
5773
3304
6613
934
5145
5949
4798
7782
6442
6475
5451
7463
7053
7216
4595
654
4377
1287
4143
1903
5371
5928
809
3039
956
5040
987
4328
7292
1311
8127
5505
1719
2086
1216
5786
6677
6865
6074
1333
621
3259
7463
2467
2270
1150
6330
6406
651
5451
2707
3563
1960
4342
7730
127
2818
4108
6546
7759
3884
183
720
4025
2392
2668
1060
1872
3058
3706
158
382
2467
6147
5839
6012
1522
7663
5671
1390
762
2248
653
1426
1337
734
993
462
3982
7743
2073
3382
5315
2414
2073
7375
1386
2519
2301
7306
1408
2817
2218
119
6230
3642
3960
7025
3245
5189
717
5908
6090
1995
3960
1758
1738
7903
1758
3558
7508
8099
7346
7864
2083
2073
2658
3895
2387
5068
3820
3390
7539
5194
6243
7199
2365
1182
1597
5802
5308
5636
4771
956
2476
2083
7206
3023
5926
4726
3330
381
5144
7677
1398
381
8098
6841
5967
3023
1233
4271
2900
559
7330
7767
3722
3933
7090
6784
4874
4904
2691
396
2513
2054
958
1860
2083
1377
7701
7308
549
4752
3282
6582
7705
3611
7370
5505
1206
6964
1354
1418
1488
5875
5170
7701
6967
5652
3359
2665
5082
2703
708
5868
591
1488
7427
7701
5471
7702
1377
2602
5440
1145
4387
2688
4449
6862
8013
2021
5323
3879
5505
4885
1104
6425
4968
2712
2114
3368
6421
6760
2780
2177
6496
610
537
2665
5710
2900
7181
267
130
2815
7705
2800
504
7705
448
7406
5481
484
4275
2382
7743
2800
6652
4946
1847
860
1200
8138
2040
3478
2252
4343
4847
5132
2440
3101
1930
7137
993
6299
5926
4046
7503
2518
5936
7060
1401
6474
3289
5410
5188
3879
5880
4136
7605
1933
2818
4622
5857
7942
3115
7788
5688
2741
931
5248
7918
381
1616
1731
5331
7760
25
7600
507
7657
5323
4946
7432
3669
2381
2751
7942
3815
7002
5908
6443
935
3403
7647
6781
2548
7211
7587
1287
5132
5505
3382
1596
1841
596
2735
7946
7409
6642
2380
7821
5804
8122
5780
6858
4944
6220
3650
5500
1858
4267
762
7315
6822
5249
5236
5236
3988
7909
8187
7207
3229
7244
7683
2508
7206
127
5551
5075
596
1426
4209
4899
4749
7456
6898
3024
7416
7864
5410
462
7534
7914
6619
6371
5051
7094
3368
2515
663
5857
7034
7221
2461
886
2442
8154
1806
196
1730
1018
7014
7928
2444
3760
6092
7864
4429
2641
5505
1858
6216
2933
435
2268
426
4793
1195
2166
3453
3453
2817
1854
2887
8000
811
1320
6202
7718
8031
505
152
6676
6494
6646
7030
6999
4178
3023
4946
6499
2346
2654
6871
1336
610
2098
1788
1708
5947
4850
5105
8001
7524
2520
7684
4585
7373
1717
6230
526
7972
7012
5436
5220
7870
1351
5659
7034
6281
5276
3635
2139
2582
4576
6568
7849
4378
3479
3193
7030
809
7317
1130
3084
4972
4792
1051
158
2817
2520
2005
980
200
7928
4109
7991
5907
5323
5182
1219
3254
6419
1077
6817
4585
7193
7033
7615
2225
896
7216
8138
7520
2013
5581
5135
5201
507
3368
7094
5654
5551
2843
6228
2608
3773
6346
6138
407
6344
2404
1150
6005
3048
291
3291
2007
8008
1960
2080
1774
3304
6922
1200
4987
1715
1382
7524
2501
2783
1051
1583
2131
5654
4734
6344
3773
4785
6516
2561
2476
2476
1104
4984
6005
2411
3959
2130
5594
6677
2080
215
1425
7897
1583
3185
558
5041
5247
2196
3448
4707
7094
2467
7144
7401
8016
2218
2520
5164
2171
3125
404
3368
7373
684
6395
4164
3207
865
4169
1514
2854
3188
3477
3177
4002
6230
3368
5857
3693
5857
4742
3958
2129
2520
920
4367
572
7888
6781
4101
825
437
2005
4002
2370
4962
6259
903
7940
2737
2336
4540
3824
7244
3398
5551
4056
5973
3440
1690
583
4614
2218
621
1012
8014
1441
1686
1053
1588
310
3398
5176
343
3389
447
7621
2479
2343
4575
5643
1593
1097
5551
7695
7928
146
7654
8016
5439
5551
7188
7909
7090
2406
4109
4754
673
5998
7303
2119
165
7034
539
1778
3740
2127
6353
4579
4318
1344
467
1808
6698
4883
6706
3025
1450
7144
7090
2546
1256
2548
4792
5494
7972
146
6355
4124
6227
1241
7463
6172
6144
3355
8176
7961
1768
4729
3391
7061
2870
614
2679
7726
4094
3671
3185
7663
7564
5319
347
5551
6383
6749
5265
4381
2672
1538
6781
5601
3464
109
5159
4506
6776
4822
5175
3920
3445
978
7915
7722
4353
8128
4361
684
7948
1584
3930
7784
5265
7144
148
3293
3557
4609
5777
5027
7025
2092
4213
7327
729
8061
1532
7924
686
3185
7782
4292
6208
727
951
6776
6199
6927
5514
6262
7135
5493
6778
1834
5324
2013
5390
5887
1488
5232
5290
1150
4101
2515
5857
8046
7028
4703
629
2359
5384
1289
4241
6452
7688
6475
5493
2799
2975
508
2130
2271
1057
6925
7587
5668
5686
3854
1447
3146
5412
5332
5290
2748
7900
4385
6483
848
5739
5531
5411
5166
6829
6776
5390
2099
3706
2356
2345
2957
542
3695
5000
1105
1105
7135
7243
2029
7377
6320
7522
866
1944
5290
7823
2629
6266
583
2520
