0
0
0
10
9
0
0
1
9
0
1
0
0
5
0
0
1
2
0
0
0
5
0
2
0
0
0
0
0
0
0
1
0
0
0
0
0
0
1
0
0
0
0
0
0
0
0
0
0
0
0
0
0
2
0
0
1
1
2
0
0
0
0
0
0
1
1
0
0
0
0
0
0
0
0
0
1
1
0
1
0
0
0
0
0
0
0
0
0
0
0
1
0
0
0
0
5
1
0
0
0
0
0
0
19
3
0
7
4
7
0
0
0
0
0
1
2
0
3
2
1
2
1
1
0
2
0
1
1
1
1
1
2
1
2
0
0
0
0
1
0
0
0
0
2
0
0
1
3
0
0
0
2
1
0
0
0
1
0
0
1
0
0
2
0
0
0
0
1
1
0
1
1
0
0
0
0
0
0
0
0
0
0
0
0
0
0
0
0
3
0
8
0
0
0
0
0
0
0
0
0
0
0
0
11
4
9
5
6
2
28
4
1
4
3
2
3
16
2
0
0
10
0
1
0
4
0
0
0
1
0
3
0
0
0
0
0
0
0
0
0
0
0
0
0
0
0
0
0
0
0
0
0
10
0
0
1739
4937
3642
5272
1709
4340
1965
1856
1709
2764
6154
2181
7592
1057
5587
3899
5035
4754
1275
8135
1295
4422
4708
3443
2459
4242
2137
6645
1488
139
4448
1620
425
6921
5403
2002
4708
5833
4017
8103
2105
2459
5172
5882
2346
4824
541
1150
7362
1838
2229
7034
4504
6925
7827
5168
2916
7180
6544
1534
6437
2002
250
5181
4569
3263
4361
3443
369
5731
702
684
2130
1046
611
4574
1057
3621
3899
7051
7398
3305
2826
2001
5923
2631
2308
4716
5232
1217
3821
2358
6332
7205
2948
5736
4301
4413
2002
30
811
5332
61
2459
4498
3391
7282
7531
3092
3623
4353
5103
8006
25
156
2884
972
2354
7143
7011
7011
3575
7613
2854
3391
1040
1680
5292
2377
6035
2244
5143
5226
8103
1105
1733
5020
6009
3405
3161
4346
4583
7149
4561
6116
7116
1241
7923
3791
3068
6369
5364
8023
4881
3145
4835
7823
3732
5982
6645
5129
7587
61
8151
169
1012
4082
7745
3455
471
4700
6583
4479
2166
7164
4369
3284
7765
1925
2050
5679
5724
5272
3682
3475
5112
5687
4600
7028
7517
7745
5982
2182
4937
5350
1965
5833
3077
1830
7827
7995
2137
727
1414
7858
3067
6550
5585
3996
3066
3893
6696
585
1324
6498
845
5877
5877
7380
2130
243
3326
4340
2192
4852
2843
3599
675
1965
2137
4818
3568
2110
4340
1046
1839
6775
4674
1452
1607
4718
2844
7175
7362
6633
4396
7752
916
3599
5877
1534
925
7588
1224
2002
8023
7527
5751
4575
3002
7064
951
7592
3433
3269
2915
686
3851
7994
5369
8073
2284
4833
3960
7979
1964
4485
7285
2559
5385
5408
3577
1217
4082
1029
4578
845
6332
6475
4056
3934
4950
7167
965
4389
2516
5698
1756
7811
5168
2786
4377
7985
5537
5275
5128
6604
5666
4265
2815
7827
2661
5833
4128
702
7784
5833
5909
1830
3577
680
4735
7506
2648
7419
4058
2473
1324
4869
490
6823
6853
3870
7428
7119
7482
7344
3349
673
7172
6663
6332
3835
7121
8175
1357
7887
3851
2062
3124
5470
7967
7063
4038
2737
2629
4442
6417
2079
6578
2426
6351
159
2996
6740
1704
1585
7195
2580
1007
4489
7251
5877
4007
6452
3590
5994
4291
7570
8157
905
7029
1917
7781
2938
4735
4383
5886
1023
5288
7213
4917
3280
675
36
4986
42
5871
2729
3346
4750
4940
165
2544
434
1931
3179
4005
7232
4651
6558
5380
5762
2405
5364
7143
4644
825
4818
1452
5107
7582
6510
2602
6111
1683
7048
5593
2985
5126
2010
3765
5394
1434
397
5273
7225
6063
3231
3568
4426
3710
3597
6560
4340
48
4521
1631
4914
3166
8058
2999
5999
2513
2541
8188
1216
6096
6892
660
102
3155
6877
7349
5527
994
3434
5086
4149
5356
1057
7978
9
3471
1815
61
7587
444
2175
5129
211
7022
851
1445
4942
4160
7431
5643
7595
5380
5583
2805
6311
756
3300
1905
145
2396
7081
97
6515
3628
6065
1289
5310
7560
6614
271
1863
8025
1209
8025
5287
2297
7601
7696
2246
4548
905
4781
1209
7324
5814
3434
3946
2186
456
1185
1590
1344
769
1485
7824
5402
4194
4181
7560
2607
211
4442
425
7419
5428
960
372
8119
2473
2786
7682
6096
6931
6983
5177
4092
2037
3579
6474
6220
3029
3854
3750
2720
3348
3060
1172
2967
5368
2190
1334
5997
6553
6384
6553
5623
7615
5129
825
5874
6009
2162
445
1862
6670
4300
4829
4411
7710
6911
7362
4659
911
4531
3532
4263
3367
1597
6904
7723
2996
1299
4921
5279
4644
2860
1538
2798
7816
3220
5874
591
425
764
4099
1189
2903
8141
1907
7262
6365
2026
3807
2216
217
624
3507
3962
328
4391
1919
7107
6788
5821
8167
6309
4331
4331
2369
3554
1269
3220
7484
825
5801
635
5173
5489
5099
2905
7221
7466
84
8019
2710
1798
6602
3773
8047
7600
1972
4358
7091
1472
7811
3716
6920
5767
1479
7609
3765
7542
7237
4146
1209
3022
6791
5664
6089
6053
425
559
271
933
2042
72
1138
4970
3789
2327
2903
3579
2729
2172
484
332
7324
64
901
7725
5767
3577
2913
4563
4353
5181
3741
7910
7625
3616
6920
4489
3314
3224
1430
2825
4745
1408
5202
2863
4454
134
4953
6527
503
4719
4294
2153
4490
3617
4444
5574
2411
5236
3233
5227
6756
4809
6240
3984
7603
5884
7175
909
3764
5884
1289
1780
5
292
2161
6943
7958
1650
6139
5897
3394
5078
2475
6499
4509
1776
1209
5013
4361
5376
174
6299
3433
418
3575
1274
5524
3013
2162
2714
3309
3756
4001
3070
1555
34
5351
2547
7163
7441
2725
7056
3899
919
6249
2538
2343
2773
6395
8030
3085
5689
7910
7012
5531
5024
7431
899
2648
2934
4830
6639
1442
471
6700
5689
1395
4255
3346
2967
603
3945
2337
7442
6853
6741
1809
5177
7482
2285
6104
2130
7230
7592
5171
5178
119
254
3986
2679
899
4329
1075
4233
3625
374
5997
2343
6454
6560
7590
7161
3473
2887
861
3103
6682
4145
5380
4995
2973
928
7827
4194
5232
6656
7887
3586
25
6181
1048
6276
3453
3482
3240
3890
1969
6411
6552
3959
2606
5431
3297
4996
2577
418
764
1444
2791
6076
169
2432
4291
5997
5403
5364
6660
1395
7491
799
6499
4341
7258
7982
4384
1736
922
4264
3068
390
96
4033
4181
7979
7944
8094
5013
1550
2773
6677
907
6761
3240
3145
1029
2271
372
3682
4361
2459
7229
7269
783
3600
7135
3464
283
1273
2470
3389
2796
390
5077
3199
2205
5380
6940
6677
3600
1550
7063
1523
5107
4834
4448
3947
369
4809
4479
531
5536
2516
6104
5220
811
4202
4442
6790
297
7882
507
783
5874
5489
5985
4671
4425
7294
5874
5019
6393
1550
5874
5077
254
4950
1414
1075
5690
4796
1160
5682
6386
3326
3541
8160
7910
3326
5537
2699
5664
1522
568
6041
5507
5874
6767
3854
1739
2661
2405
6041
1944
5285
6053
7269
6307
4340
6824
1523
2376
5322
4934
5921
4094
5403
7582
7205
3835
1023
