0
0
0
10
9
0
0
1
9
0
0
2
0
4
0
3
4
0
0
0
0
2
9
7
0
0
0
1
0
0
1
1
0
0
0
0
0
0
0
0
0
0
0
0
0
0
0
0
0
0
0
0
0
2
0
0
2
1
2
0
0
0
0
0
2
0
0
0
0
0
0
0
0
0
0
0
0
0
0
1
1
1
0
0
0
0
0
0
0
0
0
3
0
0
0
0
8
0
0
0
0
0
0
0
16
2
0
6
5
5
0
0
0
0
0
1
2
0
4
7
1
2
1
0
0
1
0
3
3
0
1
0
0
2
4
0
0
2
0
0
0
1
0
0
0
1
0
0
3
0
0
1
1
0
0
0
0
0
0
0
0
1
1
0
0
1
0
0
1
1
0
0
0
0
0
1
0
0
0
0
0
1
0
0
0
0
0
0
0
6
0
7
0
0
0
0
0
0
0
0
0
0
0
0
9
5
8
5
6
5
30
2
2
2
2
2
4
11
0
1
0
12
1
0
0
6
0
0
0
1
0
6
0
0
0
0
0
0
0
0
0
0
0
0
0
0
0
0
0
0
0
0
0
10
0
0
1415
3849
4390
6895
7795
802
1522
4345
7064
7078
6076
423
1544
3712
4482
2557
3224
7067
3575
2856
1736
1845
3046
4242
4608
6565
7806
7344
3420
7236
5831
5608
87
3795
2105
6740
8091
3969
6137
7622
743
2105
1699
7435
102
335
7913
1544
7067
1856
4029
5010
2483
3615
2699
1588
7333
2562
6833
1024
1886
4841
114
2423
3186
465
6137
6450
7177
1289
3715
1522
39
4800
1453
3186
6776
3346
4161
1713
845
2650
5010
2614
6161
4236
5477
3571
3402
114
5826
517
4892
6821
1279
3057
7064
6983
5853
1743
4152
4061
1816
712
5273
4489
5128
7209
1078
2960
4773
1741
7716
1736
6830
1109
5905
600
3893
1248
5393
7967
7229
4236
7598
5724
4641
1576
256
7313
4562
4379
2465
2285
5079
4341
6104
1331
3268
5014
4293
7218
4501
3019
5836
1736
1767
3919
6620
942
3757
1595
2667
7975
1900
3022
1423
7684
758
3305
418
1852
4341
5874
4641
137
7645
4419
340
7236
7139
7320
3919
7431
2250
6381
3019
2856
4066
6905
2307
1398
6655
5173
7384
6185
4037
983
34
1196
2194
4153
3916
4106
4652
8058
1759
6202
3386
6484
5393
6799
2699
86
7068
5391
3366
647
1557
2751
5467
6984
287
5828
2155
138
5873
2792
2667
1945
4623
4526
5938
24
4419
7218
7505
7453
3046
7467
1283
7535
7161
1140
7995
8020
86
6763
755
4417
1518
6782
7101
7826
3944
4902
945
5257
2921
7005
3569
4613
3810
102
2632
5398
6332
4008
7408
4061
5035
3492
5398
3116
2456
1326
3269
2508
161
6507
6729
5152
5651
4816
6180
8123
578
7611
6272
648
1727
7772
5207
6450
1289
7723
3460
1584
7350
4713
4069
6560
1413
7620
1989
229
1764
822
6933
5253
816
5126
7504
4456
5639
2313
5216
8152
1625
6962
7146
5089
7512
5958
1012
5419
4887
4153
1453
2557
340
5361
6034
3536
7079
423
4538
8029
1530
161
5967
2807
2247
2141
7450
3859
1326
994
4001
4209
7681
5930
4408
3784
781
1083
857
3795
7976
7587
1401
6450
121
3143
4749
6311
7079
4273
109
4663
6901
1612
5028
6688
3491
1670
3859
1392
2289
409
4357
3831
4083
5358
449
7206
4052
5020
145
3299
7393
7976
6137
4273
7240
3143
3992
1479
1554
6369
383
7995
7859
3097
8115
6567
5152
2965
5723
6939
409
7079
6693
7825
2564
4592
3990
6924
4857
7622
6450
6740
4345
2543
7064
4467
5664
138
538
2650
86
3306
2307
4052
6480
7388
6418
8140
5787
5233
1777
1172
3760
6579
8035
5016
7257
5624
6999
6864
383
3492
5891
6569
3492
5176
3899
3765
937
2381
6366
6563
6864
253
1884
4838
6153
4032
6978
1687
5639
3211
1646
5830
1655
1172
6782
7988
1791
2160
145
7620
3427
1440
4415
7393
4759
5567
4415
5020
1776
2047
3707
5394
102
3712
722
3226
1557
2087
4772
1572
3979
4471
2386
168
2809
7855
71
5512
6426
6642
5191
5000
2089
7524
5739
3257
5176
7493
3115
7622
7651
260
2208
3814
2716
2272
102
39
2118
6847
7103
5327
2991
3709
7668
5788
1390
1332
4663
2730
2706
1941
1470
1470
7586
1323
669
1397
1213
5149
4153
1440
5167
3848
2421
3848
7219
7432
2613
2487
457
1345
6856
3092
6865
709
2559
4823
5848
1178
2457
5151
5100
1801
7998
4327
7293
1558
3195
1676
1086
5310
87
6451
1789
932
932
5915
1090
3631
6563
470
5853
5582
4917
3135
3828
2065
3256
3692
3611
3658
7637
461
6753
817
6521
5379
7027
794
7080
6387
6463
5816
5285
5104
5041
6562
6273
4049
460
7915
4700
7087
5948
2059
2303
6746
7984
3322
791
5226
4616
2360
7799
3188
2610
7716
6215
1181
6884
331
7547
6128
5724
5937
4873
4367
4017
4533
1217
8021
7507
3405
1129
3795
7452
4398
121
4293
7642
3218
5334
2195
1127
5172
138
3271
631
2999
94
4880
6689
7675
6750
7806
3968
3051
7079
2006
2836
7011
1941
7240
1532
1415
109
7617
7104
3358
5476
772
6920
4488
5772
4362
5458
2423
2771
6356
5579
4175
4747
1743
5915
2411
1849
6027
97
852
39
3968
2318
4390
8021
3742
5403
2679
7823
1434
2232
4297
5664
2765
6923
940
944
7046
5664
5073
2548
2296
921
7246
4217
6593
6821
4849
6371
1736
6902
7441
1900
6441
6015
2368
6273
7282
7587
8105
4551
5450
5530
4920
4464
6036
2746
703
7650
1739
3046
4920
1732
6011
3679
7246
7583
7389
4845
729
6128
6168
1413
3712
1345
5731
7051
8105
3322
6458
7113
7911
2634
6168
877
1181
4219
6908
1761
2764
5071
4217
3731
4008
6070
3057
2005
3854
4202
3621
5857
1519
1468
3789
5791
3571
423
3294
5521
7398
3161
5374
4992
6548
3712
6740
1078
3155
7016
6704
8058
3237
7153
5412
6150
1532
5599
3586
7153
656
5779
8153
7039
7684
7888
7350
6233
5636
7061
7723
934
3792
896
284
2949
4153
2753
8159
248
6700
6864
34
64
2560
4335
1124
1765
390
1100
2453
2660
16
5013
4644
3695
2799
621
212
2562
3046
2047
1409
5739
7303
1440
5936
2300
1929
4851
3305
913
5310
1440
4172
1613
2645
2114
1997
4236
2002
4609
3714
3290
3225
2214
639
6677
5482
3394
2761
441
1845
4114
4367
7617
87
6531
7584
1935
2068
423
4749
4400
4588
7985
83
7072
6203
2860
3432
3899
2128
1343
4880
7940
764
4860
3168
121
8188
4484
4303
6263
6996
7964
5258
109
7976
4426
3115
1989
217
1345
5684
5804
1907
3557
1739
2860
2788
5273
1667
3536
7924
556
2115
1531
4016
7651
554
1291
6680
6907
3346
5308
3405
6761
5707
109
5675
39
1137
3712
5492
5169
7976
465
24
4415
2538
4081
7819
102
6450
6450
1434
7752
1479
3789
3046
499
214
522
39
1544
1929
5920
1094
1544
802
5739
3224
7299
6076
7393
5086
6876
7739
3795
24
6740
2006
6450
7253
4590
4944
746
2379
5762
24
1570
6357
3816
6906
7755
5647
263
3096
1970
2015
1453
4729
