0
0
0
9
9
0
0
2
10
0
0
1
1
1
0
0
0
1
0
0
0
10
0
6
0
0
0
2
0
0
1
0
0
0
0
0
0
0
1
0
0
0
0
0
0
0
0
0
0
0
0
0
0
0
0
0
0
0
1
0
0
0
0
0
1
1
1
1
0
0
0
0
0
0
0
0
0
0
1
0
0
0
1
0
0
0
0
0
0
0
0
0
0
0
0
1
9
0
0
0
0
0
0
0
26
2
0
11
7
6
0
0
0
0
0
1
3
0
1
7
2
1
4
1
0
0
0
0
1
0
0
0
1
1
0
0
0
1
0
0
0
0
0
0
0
0
1
1
2
1
0
0
2
0
0
0
0
1
0
0
0
0
0
0
0
0
1
0
1
0
0
0
1
0
0
0
0
0
0
0
0
0
0
0
0
0
0
0
0
3
0
7
0
0
0
0
0
0
0
0
0
0
0
0
13
2
7
4
2
1
29
2
4
2
2
1
2
24
0
0
2
10
0
0
1
3
0
0
0
1
0
3
0
0
0
0
0
0
0
0
0
0
0
0
0
0
0
0
0
0
0
0
0
10
0
0
559
3223
2663
6868
3433
3701
1678
5403
5272
5332
1231
1441
7122
7615
96
6417
45
6041
4937
1822
2960
778
3969
7389
1296
4522
8025
418
5013
45
5650
2080
3287
4399
1839
4350
7827
1491
1076
3901
7235
1613
853
2851
6950
96
2441
1075
4914
2361
5428
4641
1003
5454
2474
3477
5735
139
1248
5284
2805
3977
2080
5874
7665
5650
3741
3326
2374
7235
514
7910
695
3862
932
5142
4670
5275
5173
7570
2494
6053
3600
4569
7118
2771
715
2164
5160
6759
7135
7773
2175
5428
7570
5013
6393
740
5173
5928
1579
3557
3168
2002
3391
802
1492
5010
3549
3656
4224
2136
7647
1550
649
1576
6770
6740
7893
1600
5911
1913
1565
418
5013
2441
6041
3741
215
2136
7570
6818
2285
2796
2676
2285
5343
5354
6510
907
3783
5579
3240
2489
1279
4372
6053
390
5013
5010
7926
4207
5428
2796
6053
5079
2136
2080
6089
2182
5874
1944
418
450
2441
591
3600
7615
2285
783
1739
46
7190
5892
3572
2736
4878
7431
6041
6053
6053
5874
1576
6552
2796
6552
4788
4007
1550
6552
418
7615
5594
2136
6053
46
6552
2441
5507
5077
7670
6089
390
5778
2737
7229
6447
6552
5874
7681
4114
1565
6053
1550
568
4238
1075
4053
4274
5687
1620
6884
3584
1155
7229
6552
6053
390
1155
3600
6089
2629
4718
5193
3223
764
3600
5173
3304
6164
6128
6239
4018
4353
7453
3326
2136
1550
2411
6041
7901
1075
4155
1155
721
5428
4146
5909
2441
4155
4735
2182
591
2080
6053
912
3343
7582
2285
5874
4296
3164
2054
6834
6349
4448
1832
2586
3959
5874
4718
3888
2080
2080
5874
7205
2402
7205
5945
2325
6761
1024
5010
390
591
6089
5874
2285
4234
6624
6393
418
4905
5410
1290
7473
6572
2054
8164
2271
4644
5031
1784
2796
2136
4718
575
3600
2285
5013
7391
4856
7940
6245
5326
4788
3481
7391
5371
4569
7358
3601
4019
5928
7619
742
768
2912
2862
3062
6628
1539
2811
4848
4155
5874
2080
6552
6552
6818
5272
3600
96
3449
695
5077
45
5798
6553
5079
7145
5074
1174
4046
3430
8157
7707
3983
7147
5849
3645
6486
4966
1408
1923
674
2343
4880
4666
1523
4202
825
2080
6053
1155
3188
538
7670
6989
914
6770
5798
5013
4336
2930
1587
2509
7383
7814
5577
2589
7526
1354
5277
4592
6585
8117
4578
3334
5253
4038
3835
2136
2080
3600
1776
4594
6796
2629
5507
5622
4437
3403
3379
7223
4774
5119
3355
4086
21
1492
1642
7768
7825
2965
7282
8070
4966
7654
6419
5506
598
4569
2773
591
7670
7484
4718
7223
6973
3959
6053
6677
3892
7519
1474
1495
7033
1998
5521
2235
4951
5492
7085
4984
6403
873
2434
6081
1859
5521
3399
7824
7967
6053
6417
6677
5272
7545
6417
7901
5701
7872
6089
6417
7297
5204
1876
4178
6326
5550
7383
2277
5527
6065
5109
6937
7831
7125
3804
4576
1610
3142
4592
8160
7716
852
6271
5778
6553
591
390
6553
5778
6677
6818
1550
6417
5889
2153
2384
3623
7981
5105
6919
7059
4070
7926
4481
7829
1401
2305
7141
3430
6507
1999
7419
1425
4214
7154
2465
7596
5579
4569
3686
96
575
6791
1944
390
2773
7545
7562
2230
1951
520
6261
7141
268
3946
7273
2729
4070
5462
5027
38
2135
4818
4412
5494
5470
2215
250
3058
6089
3542
6553
5874
3542
4788
1944
3600
390
6053
5928
89
5040
6792
877
4520
4629
6087
780
3316
1922
3534
5847
5608
4502
6132
3487
1021
6312
1685
7973
1483
5013
6818
7872
3188
6227
3600
5874
3600
1776
7615
1776
2777
3586
5766
2583
7427
2766
4990
936
7416
7030
5267
1550
5756
7380
3252
7909
7188
2832
2136
5798
4849
3153
4475
559
2080
390
6053
2080
4569
8030
997
4967
2230
2259
1705
4275
7938
1684
3334
978
3298
7467
5319
6279
6508
6289
606
3585
5579
2676
215
46
450
7699
5928
5874
3888
1776
1523
3647
5383
4807
3718
7409
3535
944
3471
259
1711
7605
6177
6923
4158
3370
3690
4215
7938
4280
1251
1475
2856
46
6417
2080
5579
5857
5594
3542
1550
7716
2231
3763
1626
1365
1485
8002
5722
3232
4888
7604
4421
112
7822
1183
5028
2523
1949
7419
4599
2123
3694
7018
5407
99
3635
3477
2080
215
5909
3477
3806
4718
7871
1576
7596
1158
7153
5288
418
4651
5401
1647
4127
1483
5650
7289
8003
3472
4843
96
7872
5874
3171
4169
4540
5581
6742
3249
215
7615
6677
6053
1550
215
5079
2080
3068
8028
1740
5107
4251
5192
4208
6866
1007
7901
2080
1115
5370
1328
2231
3225
3806
1620
425
390
3012
422
703
6628
6683
6818
6677
6417
5079
4448
2405
2441
5874
418
5013
4644
5040
7564
4141
2997
4892
1535
2796
5742
2910
1773
5144
1550
3068
491
3886
2736
7872
2285
96
5477
5019
6053
7872
3389
591
418
3741
591
591
6089
2080
2856
6655
6192
5430
4484
606
3381
3449
3941
4721
1847
464
764
5778
1776
5013
3600
5874
46
536
4291
418
7615
3959
418
6089
1944
825
1550
3477
4718
2796
1223
4678
4242
418
215
418
4651
2496
764
1474
6695
5631
215
6053
3600
568
3959
5874
1550
6677
2080
7156
2405
4475
5874
2080
2182
450
575
7670
4735
5874
8143
7582
5706
6041
591
6089
2513
2175
764
3184
4746
1469
2080
6053
390
2136
5048
5874
3959
6089
5874
2796
7617
138
1550
4155
7570
4319
4718
1550
6447
6089
2686
5079
418
390
1944
6791
3483
6580
4651
3148
1063
2136
418
3959
6089
1075
6135
2080
6053
6053
5874
7872
2773
3413
3656
4372
2541
5288
575
6053
3600
7670
7596
2285
3600
3542
4594
215
7806
5545
4644
6053
4809
825
390
6393
3600
5997
825
2080
3741
6553
2777
3427
7297
2560
3454
2736
7419
1664
4718
6053
5874
5019
3600
5874
7596
418
5874
215
215
3947
6677
215
418
4594
215
2080
390
46
4575
4569
6203
7396
5909
320
7910
7910
