0
0
0
10
10
0
0
1
9
1
0
0
2
1
0
0
0
1
0
0
0
10
0
4
0
0
1
1
0
0
2
1
0
0
0
0
0
0
0
0
0
0
0
0
0
0
0
0
0
0
0
0
0
0
1
0
1
0
1
0
0
0
0
0
1
0
2
0
0
0
1
0
0
0
0
0
0
0
0
1
1
0
0
0
0
0
0
0
0
0
0
2
0
0
0
0
5
0
0
0
0
0
0
0
24
2
0
7
6
8
0
0
0
0
0
1
3
0
1
5
2
1
4
4
0
1
0
2
1
0
0
1
2
0
1
0
0
1
0
1
0
0
0
0
0
0
1
0
2
1
0
0
0
2
0
0
0
0
0
1
2
0
1
0
0
0
0
0
0
0
0
0
0
0
0
0
0
0
0
0
0
0
1
0
0
1
0
0
0
3
0
9
0
0
0
0
0
0
0
0
0
0
0
0
10
8
8
5
7
4
29
1
0
5
2
2
0
24
0
2
0
13
0
0
1
2
0
1
0
1
0
2
0
0
0
0
0
0
0
0
0
0
0
0
0
0
0
0
0
0
0
0
0
10
0
0
2146
469
6664
7090
2672
5501
7199
835
4058
6149
2826
3367
1235
2576
5352
5192
931
4294
4640
197
266
1042
4793
8094
1182
4793
156
7740
902
4344
2805
1127
2374
6312
5451
4535
3351
7395
5581
5986
2661
1641
5241
3671
5573
1289
2826
7244
2462
3654
1078
422
9
1871
6149
2439
4225
901
1094
566
7227
7277
2235
5352
3988
7695
5155
7255
7156
7401
6222
6297
4335
2610
2374
5493
5653
2280
2869
1597
1213
4457
2345
4758
587
3722
1520
3933
5267
6459
936
7747
6531
7188
4820
565
3548
7243
7106
6664
3298
2484
2803
1333
4988
5373
970
2504
4241
2359
691
7797
1177
7281
5467
6199
4987
1094
4719
6383
5067
3685
3763
3335
6108
8094
36
6358
3687
4355
2930
469
6208
3420
2925
1176
7564
2408
3022
5017
4666
5587
5362
5969
716
6583
6625
1130
1206
7837
6075
6978
7255
1839
2420
1091
183
6256
1042
1066
2708
885
2696
5835
177
6241
651
2146
3420
4327
2497
474
3912
5986
7130
3829
155
1143
5105
4514
2486
3972
2146
1145
6222
2365
4383
5472
5133
1494
3853
4839
7695
1610
469
6664
155
7547
4042
322
332
6538
7251
7346
103
5585
1914
5483
850
6194
5331
2264
6841
2179
2270
1374
4101
3548
5041
2661
6486
1030
5333
8019
3056
692
6458
1182
3533
6070
1839
5298
4642
5132
5950
5711
3397
6270
3054
5562
2194
3484
1498
4990
1065
534
4137
3797
5067
1649
3369
6784
3851
3942
5324
4716
7788
2345
3184
2696
7695
651
3140
7068
2704
7698
8145
3179
3514
4528
7856
1720
95
659
2714
6947
4001
2269
5927
4009
7342
1057
4883
7507
6222
3614
5622
5175
6132
1820
2357
5041
1100
6784
5275
60
694
3509
5357
5238
3887
7442
7825
1777
7125
4047
952
1758
4704
1456
2750
4741
3054
2412
5501
4574
5888
6003
7998
177
1610
1230
186
5501
4132
1903
3791
2447
6622
4158
599
4897
4400
6952
6013
3029
3845
2231
1563
5533
5562
683
2801
6158
3585
6685
4539
7695
6312
148
7090
1938
566
7942
2347
2365
3720
6692
473
5523
6107
4814
1646
2302
3743
4749
7441
6494
4273
4894
5621
1216
1654
193
1712
3862
2404
1176
5075
6442
5671
2832
3751
4085
4545
469
3298
5835
1270
5428
3528
5683
661
5315
7733
4153
1869
4481
4218
6676
2602
1798
6866
5481
829
7562
1497
4545
4143
827
542
753
5227
5501
1938
3298
5067
692
2146
6912
7562
1113
305
699
7174
5617
3918
4929
2563
1357
6111
4221
3133
2110
7222
2722
7400
607
2509
3943
4387
2523
2269
5213
5663
3788
6781
885
7156
3236
6442
7921
3054
495
6093
6093
6846
2286
3371
5406
8102
2235
4911
6849
3765
2083
3939
7537
5346
5387
443
5141
8179
2770
5728
6284
1270
3403
8163
5041
1333
1649
2696
4734
5857
7033
6463
3780
107
2394
2413
7599
8119
5617
2649
7230
4011
5232
7782
7568
6240
5065
5556
803
3154
6060
4664
520
492
2829
1230
3751
4289
6344
6442
237
7460
4313
27
4333
672
6330
2801
7463
4347
1039
4203
3251
3367
7285
5947
2008
2062
8143
7510
7564
1407
2801
2801
4539
2365
5671
6074
6132
4049
3548
1896
6241
6967
526
187
4051
6190
7876
5912
5940
3288
2655
2140
4708
3140
2786
7481
4897
5501
2987
1273
4125
3696
692
3298
8039
6442
4551
5628
1333
1333
155
4551
3933
3298
3678
5612
2094
5421
415
210
125
1556
3101
4412
1864
2826
283
6270
3060
6237
2412
421
3081
155
1230
2829
3751
3298
7645
5835
520
3988
7938
4030
181
5055
2533
5489
4504
5928
7113
3371
6033
1891
7816
1361
7289
7846
4341
3291
449
1848
4754
926
3487
3367
7090
3453
7547
7199
2131
3359
5067
2318
5067
2696
841
44
1594
5839
3189
6123
1398
6905
735
4029
4202
7495
2859
2145
1443
46
5278
6746
4923
7339
6205
5319
3045
1094
2772
6822
6208
5835
7909
5247
6356
4289
3259
6312
44
5653
2229
7407
7339
122
5351
2303
1160
6296
7462
7482
7613
764
435
6950
5193
1688
8035
2444
3696
4109
177
2904
2359
1173
5551
1649
1256
885
4616
3298
124
5839
3494
383
5482
2513
6552
1447
2441
5771
5885
1669
6884
2285
1269
2637
3941
3920
5798
6243
3751
7564
1031
6442
7279
1702
3176
1649
1791
7156
5581
7401
181
566
4551
2829
5370
1949
7187
2439
6677
6093
4958
5749
2150
6053
5484
4215
1177
1376
3933
4365
3637
6442
3666
5464
2415
2397
6784
5501
155
7914
692
1230
7097
6112
5041
5581
3601
3927
4529
1070
1542
4554
2106
593
7870
2629
4140
4318
7564
6654
7564
7718
2418
1397
614
2522
2943
841
5581
4551
7401
7695
7852
4289
7122
4883
6312
5501
7401
3637
1230
407
3601
6132
5620
142
7564
1713
6899
3189
5581
6001
3751
7571
2612
3988
1610
7427
2522
1791
6141
2803
4539
4545
8105
4418
4975
5986
5581
3894
2696
5835
5041
5390
716
885
3083
3298
3236
2365
7938
6208
3751
7216
6963
1820
1782
5671
6906
2967
885
3359
177
2522
5174
7564
181
885
2583
7211
2522
3359
7395
2803
7156
6967
5277
5647
1562
4742
1362
6822
6344
1140
6229
2741
4585
6344
6222
651
908
4585
3894
7564
5501
177
3259
1799
2696
7244
6430
1333
3637
2368
186
7199
186
6208
692
5277
5058
2803
841
5835
520
5041
7144
5671
6822
7636
4616
4366
2803
6222
6074
692
2146
2663
841
1543
7893
1353
6822
4289
6442
5835
6297
6664
1361
3236
6822
6422
3830
1176
692
2146
4289
382
617
6241
1230
6001
4822
2372
1031
3236
5835
885
7636
4392
4574
1031
6208
6241
4545
1951
3988
542
520
6005
4385
3548
6681
3373
4694
4883
148
1230
6109
4289
3751
5055
7156
7507
593
3696
6993
2365
8039
2583
841
6202
617
3988
5835
841
692
124
841
3359
6822
520
3637
2522
3660
7559
4861
5501
5835
3751
3751
3440
3751
520
3732
2299
1610
407
3751
2696
1055
4385
469
