0
0
0
10
8
0
0
2
10
0
1
2
0
3
0
0
1
0
0
0
0
2
10
6
0
0
2
2
0
0
0
0
0
0
0
1
0
0
0
0
0
0
0
0
0
0
0
0
0
0
0
0
0
0
0
0
1
0
2
0
0
0
0
0
1
0
1
0
0
0
0
0
0
0
0
0
0
0
0
0
0
1
0
0
0
0
0
0
0
0
0
0
0
0
0
0
5
0
0
0
0
0
0
0
23
1
0
5
5
5
0
0
0
0
0
1
4
0
1
6
1
1
3
0
0
0
0
0
3
0
0
1
0
1
0
0
1
2
0
0
0
0
0
0
0
0
0
0
2
0
0
0
1
0
0
0
1
1
0
0
1
0
0
0
0
0
0
0
1
0
0
0
0
0
0
0
0
0
0
0
0
0
0
0
0
0
0
0
0
7
1
11
0
0
0
0
0
0
0
0
0
0
0
0
12
4
9
5
5
2
29
1
2
1
2
0
2
11
1
1
0
10
0
0
1
3
0
0
0
1
0
0
0
0
0
0
0
0
0
0
0
0
0
0
0
0
0
0
0
0
0
0
0
10
0
0
4007
2192
1062
5340
2080
568
4788
5909
8030
4291
5536
4270
14
2405
3443
5530
7689
5185
6089
4472
740
5902
421
5385
7380
7093
255
48
4093
2489
1824
4350
600
116
698
255
783
3490
33
2285
8160
6510
6117
729
6735
3600
255
3162
5998
6303
5024
4618
3185
4880
47
1076
7910
390
7909
6132
1610
6005
3551
3443
4685
6624
7840
3392
4151
4848
720
4740
6071
6689
1336
4905
6325
4869
4056
5173
1539
5290
5902
6836
3897
1944
4809
6831
1607
1971
7002
2954
1055
4053
2279
6761
6918
8091
1784
298
3646
2380
7893
1968
6350
6988
7849
546
3268
6244
5156
5745
2805
6087
6054
6163
2935
5620
4361
4568
3986
6303
7718
2114
1594
4809
5536
2830
5975
8094
5301
4283
7785
5143
1989
4482
6124
7121
163
6843
944
2723
4537
2933
2347
4058
2090
6398
3953
6605
4943
7153
5113
5292
2453
1543
1932
2868
3443
617
5739
1345
5430
5225
2229
2015
3911
1971
7518
3968
3263
6450
998
2232
5278
7002
8145
172
846
5592
4803
1561
2660
4835
4340
2131
885
7467
3414
7269
3751
763
2653
6614
4851
2826
292
4703
2791
705
5731
8094
683
145
4426
3186
2002
5413
6586
4457
2353
5107
96
4251
7806
2441
7235
6344
8030
7784
5185
2829
4474
4600
8040
1556
7723
1081
936
8002
2261
7216
6020
264
1171
3298
4489
7714
320
5729
7770
1780
6104
1944
4700
4577
3191
4546
1741
3835
2464
6791
4747
4707
7235
1160
87
8174
3936
2221
5122
5183
1136
2677
3320
3405
4071
6459
1361
56
5495
5357
2409
6594
4649
2339
8090
6019
7757
2936
5008
5756
480
3562
5171
7798
4502
2115
3795
4310
2715
5739
2717
3159
7048
6768
5164
2463
6840
5866
1654
52
3749
1455
8173
13
6125
690
2656
2428
614
5624
7807
1855
7417
4637
1619
4069
7237
3022
5896
5627
7110
4916
341
4503
1289
5620
8010
1891
7060
1214
1332
6370
1623
5883
6167
6766
7367
6911
3273
7416
8012
4397
315
7462
6410
61
5761
1870
7726
7207
7775
1207
1689
4017
4824
8006
3148
5343
2629
2962
3531
6352
2888
5000
697
6065
2407
5123
180
6220
3743
4836
6736
5704
2955
5808
5762
5731
6210
6035
1661
7227
5147
4830
756
3882
5159
3037
747
1818
7615
1273
4890
251
5195
1058
2050
2976
363
7037
1344
3029
3486
5233
6092
7963
3279
130
8048
7210
6069
4759
2137
6450
61
6563
5020
2977
4344
1564
61
3712
2557
5982
422
8054
4170
1833
8036
3149
7623
1454
1830
4749
252
3029
7166
7880
669
132
7945
2905
929
456
5374
8135
7134
2512
1473
7384
1965
7894
5871
857
7584
2903
811
5133
2897
3149
6460
6873
2172
5142
3760
6858
2238
7953
1869
995
4369
7287
2706
1694
1958
2679
39
4793
1245
1217
5704
3995
1274
690
1896
5458
1559
6233
6726
1932
5317
5958
3178
2724
4837
6083
6640
4616
4476
5263
4432
6580
4277
3149
4639
7244
7207
1907
3132
1940
383
8023
2512
6124
510
4156
733
7315
7534
1208
7646
2414
3594
5353
4686
6862
4208
3894
8126
7306
2195
2668
4903
6557
263
4271
2677
7389
5335
7976
1613
1635
8151
4273
1048
4521
650
4534
1345
6976
6614
247
6816
7994
2722
1588
4010
6010
1726
5218
5935
6017
6732
7572
2259
6350
4645
1558
7007
3919
2905
30
1768
3348
3510
8191
2538
1494
4265
4265
2513
1441
7415
7622
3072
2628
2014
5330
2315
3997
3283
7242
449
3620
1635
5510
847
3101
7535
5974
1178
6965
7703
7147
7861
2127
1426
4295
1898
1084
5370
3870
5374
457
5434
255
1892
450
2405
2934
7086
1659
4835
7919
4490
5955
1623
4346
469
5531
5434
5620
4194
6438
6724
7155
4824
1050
3389
4625
7463
1762
5309
7845
2105
3461
1091
5507
450
7484
3253
4609
215
6708
3278
5282
5317
3721
3793
7282
1560
1272
6639
4718
5701
825
4372
39
2780
3407
6932
7337
966
4202
6677
411
3600
7798
819
8092
3572
3747
5536
3253
7596
2746
2511
5944
6978
6276
3941
1397
7352
7412
7386
7167
2777
6864
2693
5762
2512
4339
4740
5975
109
2006
568
4202
6761
5343
3600
421
389
5112
421
1664
7844
7285
5174
1208
2195
2540
631
3002
8115
3362
5392
2262
7973
320
1453
1479
7507
4217
5096
3980
5398
6137
1074
3667
1155
5687
5514
2494
4609
845
1620
1224
3268
4511
1801
596
1402
2461
215
7901
6409
3019
6206
8181
944
2663
852
1929
6925
6724
7299
6864
6948
1103
4242
2650
3068
7110
1488
4120
3253
3585
5048
2533
6701
6088
930
7122
6090
4809
2464
3504
288
3196
971
4930
5059
6558
2002
8048
423
6926
5574
6677
1550
5778
7806
811
389
1075
6135
2279
389
4575
7484
7956
1490
2683
6291
2476
1915
211
5801
5220
1824
5048
254
1623
7565
7960
725
4099
3571
352
6656
2854
531
6104
5748
4372
5077
5536
4950
5214
4152
5536
5778
1411
5371
6862
5752
490
2629
3959
568
389
591
4707
7431
3391
3184
3877
1426
371
1609
2984
5762
705
4944
4005
5274
783
5112
5077
1291
5982
6060
255
1664
5798
3541
3926
4982
1981
6796
3389
5220
7110
1483
1319
5536
1483
1430
7522
1780
3317
7013
6041
5839
4521
6124
97
5850
6227
3287
783
7582
4707
5536
6393
4707
4796
4319
1214
1632
825
783
4372
5113
6082
3504
811
3490
5997
7753
315
81
5332
740
5077
2418
3407
8176
7689
6677
1944
3068
3242
2892
7582
2390
7482
7258
7205
2629
1555
5695
6724
383
705
3213
7396
4291
7784
2686
7882
8044
826
4169
1769
3916
6833
1220
6932
169
6828
973
6929
4840
6035
3712
3710
38
434
2541
5112
5077
4578
1597
753
4971
3666
1472
2753
1428
6078
7406
933
7611
3411
386
4609
2024
7229
7127
4345
254
4273
2766
7755
2137
1453
1989
48
2653
4560
7866
4950
7689
3608
675
8135
4345
7507
3263
34
1522
5975
7722
3243
278
6532
390
4372
1620
4950
