0
0
0
10
10
2
0
1
10
3
0
2
0
2
0
0
1
0
0
0
0
2
7
6
0
0
3
0
0
0
0
1
0
0
0
1
0
0
0
0
0
0
0
0
0
0
0
0
0
0
0
0
0
0
1
0
0
0
2
0
0
0
0
0
2
0
3
0
0
0
1
0
0
0
0
0
0
1
0
0
0
0
0
0
0
0
0
0
0
0
1
1
2
0
0
0
8
1
0
0
0
0
0
0
23
1
0
5
4
5
0
0
0
0
0
1
4
0
2
6
1
2
4
2
0
0
0
1
1
0
0
0
0
1
0
0
1
0
0
0
0
0
0
0
0
0
0
0
0
0
0
0
1
2
0
0
1
2
0
4
1
0
3
0
0
0
0
0
0
0
0
0
0
0
0
0
0
0
0
0
0
0
0
0
0
0
0
0
0
3
1
12
0
0
0
0
0
0
0
0
0
0
0
0
9
6
10
3
5
3
30
1
1
0
5
2
2
12
1
1
0
10
0
0
2
2
0
0
0
1
0
0
0
0
0
0
0
0
0
0
1
0
0
0
0
0
0
0
0
0
0
0
0
10
0
0
7587
1675
7155
1173
4623
6876
492
4147
7584
3229
966
4194
7987
5227
7587
4505
1958
8176
1522
3684
646
3716
7985
4561
5791
1760
6198
5896
974
36
4505
6776
7155
5620
3115
6650
7064
6075
6075
3461
4623
2369
7625
3879
1297
6277
5906
5890
7299
3115
7706
7423
5538
3132
5293
456
531
7551
4833
689
4192
1675
4407
843
7040
7691
448
1760
7691
1173
7196
8176
2369
1859
5545
2291
7616
5017
3657
4856
3092
4623
1451
2440
2561
1372
6319
3622
7463
6027
7219
2491
6823
1220
821
8095
1453
6869
7442
3305
6353
966
6183
4851
4486
6134
1707
4323
8168
3558
755
8062
5168
4058
755
2590
2058
3652
710
291
6183
2713
3719
2917
4489
5620
6906
4885
1564
2223
6450
7622
3445
6776
2818
4566
3247
4595
8122
5834
1474
5481
2794
5967
4205
2187
381
2052
5179
4802
1853
291
6600
3092
7573
1153
262
7803
1958
3407
7546
2920
673
1958
5890
5689
2722
5052
1687
3998
4401
5243
6745
4855
4838
2574
4333
7903
6814
2448
1720
1005
5859
1766
3698
1833
4395
7241
6340
7886
1173
4392
649
3470
7590
3292
3161
5662
1258
7308
1898
5353
6123
2847
4180
7932
751
6692
6631
5634
4401
2353
2392
4394
6399
6266
1707
2098
7423
4456
5442
6623
829
7911
2358
4018
4431
6724
4808
8057
4946
2943
826
5972
7127
7158
1644
3551
3730
8009
4992
67
7476
1104
1100
4455
1031
476
5256
956
4576
5325
5666
5203
7568
6756
3167
5584
5977
6240
2871
2943
7683
6631
7702
789
985
5782
5972
1719
5574
1360
3966
7799
2450
7159
2450
353
6399
5634
7713
5910
5366
3857
4489
6569
503
675
3162
1613
288
1616
4576
5535
4205
3604
4827
6601
2586
3175
4369
2019
6038
5447
5574
4935
7445
2615
222
3466
4166
5972
5251
4464
5261
5662
3061
2527
6569
6438
1137
3790
3504
6552
1323
3825
7429
7465
1688
751
4453
4152
838
1494
3475
4399
6162
6673
5447
2820
4935
5022
7159
6048
7787
152
427
4536
7250
2491
3571
6000
5629
2459
5290
1488
956
5440
5146
3730
5937
4680
3551
1238
7926
653
4764
4748
2032
7583
1118
1803
5181
8111
4680
7430
7604
168
4333
428
7573
8187
7779
7029
6737
1164
255
5185
2047
7480
4435
838
4238
3868
6894
4505
216
7821
3832
5072
4238
7183
5556
3667
1527
5324
2978
3879
4401
3466
6048
2980
3511
667
8029
1462
7784
3790
6761
5290
8075
7963
4655
6195
5366
3685
6488
5106
5072
4465
7829
1039
1865
5821
2720
7835
3551
2668
5850
6561
914
53
5182
956
834
745
1382
1449
296
421
14
5805
7598
6010
7147
1301
5465
2303
4010
5692
3361
3191
4152
3673
4554
6639
5005
3504
5324
100
5574
7563
2992
2198
3567
2291
5514
5113
5577
6415
1386
421
4291
7051
1819
1766
6670
1698
1186
5324
1572
3150
2000
4524
3993
1231
7776
464
4429
5519
5162
4319
27
3730
500
6485
3879
8137
528
7409
4358
7237
7388
5608
4361
4291
3963
6494
7729
1266
3551
1276
5536
6783
6490
8113
3664
7234
4232
3159
7302
4499
1962
14
3508
3886
5572
1788
3272
3479
1578
6665
7524
2005
502
4312
210
729
4143
5064
6631
2586
4164
7607
1922
1818
3540
6164
5036
6451
3712
597
2311
7797
7796
7799
6399
1377
5182
1442
2165
1093
3606
7219
2608
4243
3238
740
1709
3322
1999
2732
6325
709
1238
4165
5358
751
3239
1085
5185
3871
4070
6054
5981
1131
6746
4993
1673
6557
3730
7981
2386
5548
4425
7777
6545
1150
1377
250
2737
1275
1467
6818
2846
5085
5695
7223
5498
7895
5726
1913
2122
7797
1059
1831
7748
896
326
2051
1719
2051
6138
5458
172
6999
215
6791
2907
4215
3717
331
2558
33
2270
4563
381
5123
4878
4060
2600
7588
1943
5181
7140
3770
7981
1788
838
5324
432
7761
1494
4946
3446
5967
8084
1894
7623
783
2679
569
5458
2520
1173
7029
7732
2164
1359
291
6299
7872
5064
1960
1922
3985
5340
6456
476
656
1238
3212
4961
6905
5174
4509
606
1744
6048
8084
1451
3368
1596
7564
5682
756
1439
2676
7592
2830
6002
6242
2427
3221
5077
2840
2291
2007
3141
6520
4701
4707
1474
2098
5481
2847
7614
5284
5972
3714
5487
67
2590
5894
583
7636
5133
5566
7901
7872
7229
186
1702
4239
4155
2732
3792
80
2629
6164
1038
4955
1296
6979
7650
129
7240
4138
1208
5546
1707
6048
67
7616
2590
3144
6015
1009
686
2676
3959
5874
2736
783
3060
6001
6704
6750
4949
1672
1539
4509
4323
7346
5082
2399
4676
3232
4679
755
1695
7346
152
1390
701
3827
651
2817
5198
5628
3542
649
2464
3389
5428
4874
979
4855
6638
4655
5972
1744
5314
6456
2901
2994
3881
4576
5868
7614
6295
757
1587
6750
5608
4038
1620
5320
3645
4392
5027
7144
5778
5514
2464
783
6574
4722
3220
2545
41
6638
5182
972
1560
7332
5458
545
3896
8044
172
6978
619
6714
5622
4095
2676
5594
3741
7237
4215
146
6241
5501
4950
2464
2478
2907
2464
1279
3959
7198
5905
1018
7476
5251
4790
1112
2089
5515
987
7714
3184
4602
2195
706
2099
593
1224
7995
8030
7405
3083
6706
7928
7237
3747
4950
3251
2464
1988
6761
5608
4809
7818
4772
661
5144
4722
4651
4809
3371
6814
1336
930
3140
4691
244
3206
5128
2916
297
5514
5290
2261
2637
193
44
4809
7677
4905
3747
7679
5531
7575
4093
7505
3851
4718
4718
5290
1988
2464
4150
6328
956
1876
6172
846
3907
5550
5572
5099
7592
7592
5290
1163
4839
2608
6222
1755
1293
5220
2459
30
5166
7658
5824
7921
4796
2244
8160
6082
5514
3326
6553
6686
3689
956
2900
2440
1960
1878
7882
5801
6926
7995
7613
2916
130
2608
1333
7488
1824
5896
3161
4740
6422
4927
3146
7155
6141
6391
2496
7798
4291
3290
7013
2405
568
1262
2980
1633
3307
998
7840
6452
877
5476
6833
1160
4593
6406
3298
