0
0
0
10
8
8
0
1
9
2
0
0
2
2
0
1
1
1
0
0
0
1
4
5
0
0
3
0
0
0
0
3
0
0
0
0
0
0
0
0
0
0
0
0
0
0
0
0
0
0
0
0
0
2
0
0
1
3
2
0
0
0
0
0
1
0
2
0
0
0
1
0
0
0
1
0
0
0
0
0
0
0
0
0
0
0
0
0
0
0
0
1
1
0
0
0
12
1
0
0
0
0
0
0
22
5
0
5
6
5
0
0
0
0
0
1
4
0
3
6
2
3
3
2
0
1
0
1
0
0
0
0
0
0
1
1
0
0
0
0
0
1
0
0
0
0
0
0
1
0
0
0
0
2
0
0
0
2
0
0
0
0
1
0
0
0
0
2
0
0
0
0
0
0
0
0
0
0
0
0
0
0
0
0
0
0
0
0
0
2
0
8
0
0
0
0
0
0
0
0
0
0
0
0
8
8
9
3
4
1
22
1
4
3
0
0
1
17
0
0
0
11
0
0
4
6
0
1
0
1
0
3
0
0
0
0
0
0
0
0
0
0
0
0
0
0
0
0
0
0
0
0
0
10
0
0
7384
87
39
6740
1958
1040
7911
5159
3158
3651
6950
3212
7435
4900
4824
2110
1928
1479
2379
5398
1989
1584
6121
3962
3712
169
4759
7061
1546
5762
2229
8190
169
2603
2863
1775
2110
1340
5264
4357
6338
2091
24
3885
3202
625
145
1613
3318
1880
4356
2806
7299
87
7976
480
423
4703
2766
618
4415
7435
4337
2961
3899
3461
852
4153
4668
7435
1137
2118
2753
5853
5739
3624
1304
479
5347
5168
7798
6303
5168
1025
7811
4579
5092
7299
7976
4851
145
480
1441
1671
7435
6740
8019
1442
2973
1532
6000
4723
2512
1247
6939
1958
7877
6940
2068
7517
6613
1074
271
1453
434
2544
2578
6975
2973
4755
7752
4806
6137
1129
5201
3813
3992
3899
8073
1834
7507
727
6327
4899
1856
61
2248
1733
7384
4050
7645
3106
4155
5627
3348
7362
962
3900
6004
7362
4144
5273
2298
4723
5870
3992
3899
2223
2973
4165
4024
7576
2968
1919
39
7209
169
1129
1285
5449
6827
7691
4566
978
7976
1900
3980
7761
2964
3583
680
5245
7392
4216
6334
985
7877
3124
941
3542
7468
7872
6307
2429
4482
4931
3391
1164
5020
7915
4974
4868
5312
5667
4728
5197
4771
2118
3666
1294
7091
4417
4890
3537
4252
250
7061
4422
3644
7256
6572
95
4415
7149
5762
4851
1217
4390
1956
226
8048
8023
7159
5617
7412
1368
264
6734
6586
6645
1958
4989
6280
4105
66
3217
8068
2650
2379
701
3031
7418
7033
1929
3460
746
2948
1453
7435
3571
722
3900
3697
2198
3491
3866
5379
6763
812
8165
6206
5804
919
6524
1781
2614
2319
5253
7330
937
6727
6524
2902
7823
7196
1375
7735
4297
1907
4160
7415
87
4331
169
8137
6496
4069
3125
4360
1903
4653
4629
1984
8054
6721
5699
5262
5702
6736
7145
5366
247
4157
2144
3732
7284
4787
6930
1415
2049
3795
6137
2501
1057
7823
1968
1233
4266
2197
7334
5967
2213
5486
5657
745
4362
7760
5820
7084
2815
7644
6534
6304
701
6049
4604
1663
4787
3226
4536
4286
5143
5739
3712
163
3051
4830
5057
1474
1149
7766
5353
52
1337
6305
701
6270
1872
7834
7834
3956
4141
7325
8033
6998
4890
5078
549
6763
1484
3776
2350
208
1453
4824
4400
1689
743
1689
5128
6307
7090
5917
2621
5256
6984
2712
7727
1850
195
3239
7016
3366
7081
4090
8046
2205
7167
3417
3514
7729
4917
6463
4194
7609
5936
1204
2671
8151
8019
6076
87
6137
4702
7823
2446
6957
646
505
6299
7681
7797
642
4411
679
2216
6331
2473
6596
6555
2991
4947
733
4295
5143
465
2504
1243
3262
6263
7691
5762
4824
1048
7143
6643
1548
6767
4058
7317
5940
5834
2647
4515
2370
6909
3831
4731
6697
1991
6676
5017
2360
1494
8151
1345
2118
7518
1907
3571
3186
7976
2229
423
3433
3953
5211
7930
4787
141
5262
4360
7334
7807
1882
3410
314
1390
7720
7080
2043
3327
5358
5155
5245
7976
5398
39
6650
226
2049
3536
705
7435
6613
3576
246
1214
2307
6962
5328
5001
4021
6012
4596
6840
7535
505
2291
4382
6123
6643
1382
614
1070
4863
5011
5496
5949
6680
1064
5475
7033
3809
7067
565
4050
736
2118
4858
933
7893
7151
7481
5270
7444
953
2719
3839
4090
1757
2195
2583
3621
7859
4262
141
3970
3717
3582
6574
2643
595
5743
1699
725
1776
308
6092
1170
310
8008
962
3195
2307
287
519
4851
5558
5511
875
6755
5417
5769
2353
930
1836
4856
4905
4260
5622
1371
6729
7007
4721
2215
5168
2459
764
5173
764
4651
5423
4949
3066
6651
1739
7784
7424
2538
7286
3101
7565
7998
5284
2755
5848
244
260
5093
870
308
7452
7002
4983
2098
622
780
930
4674
8058
2080
6203
5112
2777
2648
1523
6395
4809
7049
5507
2456
161
362
3704
2809
5243
8182
7375
5674
138
7049
5928
2470
7136
3628
3548
7308
1295
3279
6336
4831
7408
2907
2497
7424
4155
5801
3326
4448
7598
2192
2800
6628
7580
549
4857
7433
4773
5585
4138
5081
2796
6271
1678
626
7031
4479
444
1351
5998
4609
5403
7827
2907
7613
3145
3378
1133
5314
7777
3610
4291
1224
6090
4157
1528
418
2614
2168
6999
4696
7729
1971
427
8155
1760
1346
2624
1382
3639
7717
4971
4027
3986
1010
591
1821
2796
96
3610
1155
1103
47
7910
5322
7065
1525
1917
6393
1950
1274
1695
5967
3602
24
6513
6451
4426
1137
1982
2948
1870
4192
3885
4172
3286
4426
2547
3124
728
2398
4628
5877
2398
6053
3223
3001
3501
4140
24
7079
4606
6402
6762
1719
392
7518
6013
1775
5050
6740
6076
7626
1752
2077
5725
4415
7700
5143
4806
3461
7441
2006
1760
2979
2313
1440
5918
519
4153
3841
1304
7299
2804
3971
4546
5731
2049
3750
7559
6907
7377
597
4940
4899
7666
3123
6680
75
6444
3812
1584
2248
5545
8023
2512
556
482
6953
3299
2105
4806
7976
4356
519
4600
7615
4172
1907
2783
907
7871
5428
167
1817
3213
1253
3560
4779
4940
7064
3666
3055
5627
7393
1453
1689
6139
169
1989
3158
7059
1699
2512
4573
3697
2023
3453
4183
102
145
7079
5492
1434
6741
7313
5821
5453
4794
1565
481
6639
736
5664
5428
3980
504
1971
102
3461
4639
7282
2863
169
465
1699
6990
3841
5649
5576
4550
2226
319
7309
3885
367
3145
5157
5045
2150
2980
756
189
4209
2471
7214
5461
7441
743
61
7389
705
1091
6137
1217
5663
1544
7064
2105
815
4410
3528
4971
2575
4806
3683
7309
2178
4190
1972
3286
995
8111
6753
1900
1958
3668
2753
1453
6451
7620
6137
1472
2552
3642
6040
5853
1453
8048
5335
7976
465
1336
4949
2223
2716
815
7299
6137
5583
8073
6354
5034
1270
15
5549
4297
1907
3628
726
3115
2229
465
1345
7861
3096
7384
7418
7918
7976
1907
5567
2015
7976
1643
2285
6613
7435
4426
5993
1907
8191
3494
7013
372
1939
6886
7609
24
2547
5714
2184
6753
