0
0
0
8
10
0
0
2
10
1
0
2
0
4
0
0
0
1
0
0
0
9
0
8
0
0
2
1
0
0
0
2
0
0
0
0
0
0
0
0
0
0
0
0
0
0
0
0
0
0
0
0
0
0
0
0
1
0
1
0
0
0
0
0
0
0
0
1
0
0
0
0
0
0
1
0
0
0
1
0
1
0
0
0
1
0
0
0
0
0
0
0
0
0
0
1
3
0
0
0
0
0
0
0
25
4
0
12
6
8
0
0
0
0
0
2
4
0
1
7
0
1
7
0
0
1
0
0
3
1
1
1
1
1
1
0
0
2
0
0
0
0
0
0
1
0
0
0
2
0
0
0
4
0
0
1
0
0
0
1
1
0
2
1
0
0
0
0
2
0
1
0
0
0
0
0
0
0
0
0
0
0
1
0
0
0
0
0
0
6
0
6
0
0
0
0
0
0
0
0
0
0
0
0
8
5
7
4
4
3
28
1
4
1
1
1
2
24
1
1
1
12
0
0
1
6
1
0
0
1
0
2
0
0
0
0
0
0
0
0
0
0
0
0
0
0
0
0
0
0
0
0
0
10
0
0
2938
2676
425
2533
5540
7243
5904
7626
2430
1470
2374
3322
7995
7143
7764
7274
8135
4785
6587
6590
3656
154
3494
680
4979
5821
4152
6002
5077
7205
3809
5282
3494
906
4858
7997
3020
1150
6895
1395
7258
1029
4099
6124
5629
5896
4361
4812
930
978
1929
606
5623
7790
2736
2736
3207
2329
4256
2215
4143
4082
186
6203
2240
6735
4255
2137
1660
5998
740
8021
613
7732
1778
3862
4270
2358
1308
8103
6735
6353
7243
7788
6954
3240
7301
588
651
1989
3158
1699
5403
5896
3158
5403
960
1048
7913
7011
1836
6864
306
386
7613
255
3572
531
6059
1046
1989
6303
1775
5975
1697
6243
6520
2115
5739
2137
4796
4796
2137
5682
3196
7093
2894
6262
6980
3988
5975
4375
5629
1270
2854
3589
3121
109
7823
615
683
3358
5833
123
1103
2513
6371
7845
2421
2252
1699
7011
2211
5939
4224
7038
4700
4881
4830
3490
4987
5419
3224
7415
1217
5482
6824
1308
832
531
1680
7827
852
2229
4361
121
1576
1145
8118
2558
2002
704
109
297
944
5887
2791
7910
5403
7230
7143
6140
6181
3263
6533
3320
6009
3455
5731
5403
7915
484
6996
6810
1740
5173
538
3835
535
3309
708
2501
1312
6587
2894
7437
8012
4947
1008
1023
5403
5997
7840
3924
3732
45
4442
868
1767
6735
3358
857
3186
5066
3022
2182
8143
26
1453
109
2398
2577
1666
5478
3686
4960
5482
164
6955
4593
7730
2662
7187
6326
1864
7946
6776
3585
6565
5065
7675
7737
7243
1595
5874
1755
2934
2558
1048
1473
3196
5403
372
1117
5286
7201
4556
7241
6179
5522
6074
6870
3566
1582
3554
4607
7144
7611
7040
5714
2074
6555
4665
737
996
729
7781
311
4280
2663
2916
2907
5045
5998
6767
2167
1791
5677
6688
6122
4235
4363
7150
6269
336
5052
6159
1303
405
6928
2941
6548
7688
5055
5278
2691
2455
3809
8153
3580
4802
2700
802
3304
3387
3854
7336
2893
4046
7436
2393
1838
1260
773
7983
3083
1616
7466
2930
646
697
3221
6289
7361
5555
5187
1288
1841
2311
7530
3725
931
6406
1439
6345
267
7276
2308
1819
7274
2128
2930
7856
2127
3555
1760
59
7441
2396
3899
539
2282
1703
5468
5555
5745
824
7909
2782
7281
3369
1097
1853
8039
3769
3524
4039
3156
1622
597
4914
5210
2387
2693
3428
3191
406
857
4991
5243
6527
2300
6534
6014
4204
7474
5306
5753
7475
4174
1616
8010
8067
58
4663
1649
7439
3882
5897
6555
2693
1336
8064
7345
2278
7200
6187
1140
7885
268
7480
2131
1982
4899
2023
5924
6898
352
177
4793
4595
422
7342
1850
6077
2269
4172
6554
1033
7262
7287
2546
7765
7836
7075
7714
6370
3463
792
1685
7125
2908
1717
6074
2000
4885
5506
2238
2595
8027
3666
5215
3882
1650
6304
7303
6078
140
6488
1633
7196
3662
2424
2472
2752
6800
7510
5970
6949
193
8134
165
1878
716
777
7724
1495
2571
6806
4477
719
5757
206
1474
1667
574
7953
4659
7259
4840
6752
5927
1367
6637
5747
5712
5313
156
3177
3119
3896
6610
2382
6489
5293
5521
5187
6646
839
72
2375
6867
3472
3446
5195
4978
8043
3314
5335
2475
2208
6668
1967
2226
2720
4337
6964
8144
1016
2009
4928
986
2032
6172
5096
4691
7329
3649
3609
8125
7994
5557
2091
8039
2708
3677
298
193
7181
1492
5951
3193
5133
1357
911
3446
2356
5942
7836
4626
5922
2239
2277
6901
1018
3652
2371
3302
103
1795
3987
364
8068
2749
1923
2880
6133
8008
5313
5442
1404
5439
4257
7656
231
911
6540
4066
7721
8036
4633
982
1104
4714
1821
2773
2395
2507
7060
2604
3912
3617
1798
6504
8004
7383
4473
4064
1594
133
1271
5425
3673
7946
1107
7983
4736
2183
2267
8146
565
2291
1189
5967
5721
2615
1425
2938
213
5027
491
1184
1367
596
1600
2782
2221
6003
6374
3598
3609
3351
1804
240
6509
7290
6118
7324
1980
7315
3834
2967
4830
7250
1136
3884
4944
2708
6602
7948
3894
3435
449
1702
4622
7568
879
6133
1310
709
3212
7852
6508
4834
4807
7285
2454
3769
8049
1773
7106
373
933
427
5202
6151
7287
7023
1964
4386
5802
5628
3566
1557
6666
2357
4493
4963
6033
2621
7666
1786
4224
7419
1579
7178
5556
5052
7803
1115
3062
501
6321
4648
1623
2582
6919
3338
6618
3411
2980
3101
6559
8029
6416
1887
5905
3597
4515
7872
5643
4498
3457
1219
3947
2513
410
5579
5247
5553
5915
2489
5339
7201
6837
8033
5769
3541
6053
3993
7155
6297
1552
8127
979
4018
7923
5064
1280
6320
5428
7872
6384
7615
2104
1739
4644
6746
686
2408
6978
2829
7711
7982
7376
826
2137
2057
4129
540
7957
5914
411
1259
7155
6799
4562
3485
7190
6447
6227
212
1076
8143
7615
4569
7063
6307
533
1154
7781
5450
8
7932
4893
7615
348
7941
3188
1037
2265
3043
5324
970
2384
6549
4196
5177
4349
44
6486
4431
2441
3293
6053
5471
625
418
7901
3223
4732
708
8022
4448
5165
6737
1035
3947
6553
4670
4293
5428
6639
7063
6306
2411
5714
1762
1814
6571
2234
8116
7607
7650
26
1232
2285
6328
4436
1483
764
7615
5756
5310
529
2796
2511
4689
2684
7806
764
5596
4920
3588
6117
2907
2254
7559
8056
3477
91
4744
4620
563
737
7011
4812
3291
7872
4420
4942
2616
5874
3291
5428
2291
2790
4722
1845
4630
5404
332
5063
4037
4467
250
3402
4329
3851
7924
2635
4318
5322
8167
5260
6006
3206
2741
7143
2690
5542
7647
809
3807
990
1576
5489
6296
3264
3711
260
7371
2826
6262
1030
423
1129
2519
5045
6104
4239
6545
6253
6932
1470
7812
3904
622
661
936
966
1764
7298
4140
1684
6237
2371
7866
3893
4362
1853
5899
2686
6020
7011
6724
7755
1680
4858
7121
5374
7740
5596
4578
3849
2415
6366
4399
1210
3719
1336
1814
7274
6412
1121
8003
6540
539
2123
796
230
6675
5633
462
