0
0
0
10
8
0
0
2
10
0
0
1
0
3
0
0
1
0
0
0
0
8
5
6
0
0
1
1
0
0
0
0
0
0
0
0
0
0
1
0
0
0
0
0
0
0
0
0
0
0
0
0
0
0
0
0
0
1
2
0
0
0
0
0
1
0
0
0
0
0
0
1
0
0
0
0
0
0
0
0
0
0
0
0
0
0
0
0
0
0
0
0
1
0
0
0
9
0
0
0
0
0
0
0
22
1
0
4
6
4
0
0
0
0
0
1
2
0
1
6
1
1
4
0
0
0
0
0
2
0
0
0
0
1
0
0
1
1
0
0
0
0
0
0
0
0
0
1
1
0
0
0
2
0
0
0
0
1
0
0
0
0
0
0
0
0
0
0
1
0
0
0
0
0
0
0
0
0
0
0
0
0
0
0
0
0
0
0
0
4
0
10
0
0
0
0
0
0
0
0
0
0
0
0
10
4
8
1
3
0
22
1
0
2
2
1
2
19
0
2
0
10
0
0
1
1
0
0
0
1
0
0
0
0
0
0
0
0
0
0
0
0
0
0
0
0
0
0
0
0
0
0
0
10
0
0
6306
5275
702
5778
4796
5579
3806
3861
3851
2441
5073
6295
533
7670
3835
1765
1343
1607
2066
6447
3254
2454
4809
2661
8086
4007
3402
2405
2192
5272
3481
6002
2916
4880
26
4632
6864
1787
4605
7798
6761
5290
2405
6041
3823
2843
4335
2410
2410
4103
912
3832
2068
1954
6449
1595
1794
2764
5275
26
47
212
3835
3806
575
1023
1160
4224
6294
6828
331
2541
649
14
2868
255
783
740
7699
7492
3402
7570
3643
3644
3482
7299
7479
3661
5171
2684
1023
698
1224
5248
491
3851
2684
5275
2410
1535
5547
8188
6681
4616
820
1534
5024
5024
649
5507
6306
2626
6790
5103
6248
676
5044
7610
214
6357
5275
5322
5322
7781
331
7777
491
2684
5275
4689
1786
6660
4232
5623
6469
1950
6682
5214
6434
7595
1295
535
6338
2054
4686
6649
3659
2446
214
7980
3454
5189
4630
4150
2361
5730
5171
5248
2560
698
1024
1023
3481
2130
3017
5153
1786
2968
522
6945
6709
7041
3352
1597
556
4338
3304
3202
3513
3010
5479
5373
525
4077
4852
3588
7235
5909
8030
3835
3851
2182
8011
4329
5171
4082
1776
671
4630
1248
214
6038
1012
4465
6499
2061
5142
674
3389
4196
5920
5619
8048
2489
121
7570
2686
3457
5163
6645
6117
3851
4329
2661
3481
2999
2661
6475
5019
3052
1765
1786
992
2215
1105
4937
6456
3642
6366
5214
3650
5736
5877
2182
1864
3068
3118
7570
3600
5801
575
5608
4353
1082
5805
3806
6645
6031
5275
4852
4442
4813
2916
1595
4708
4708
6645
4630
7956
1765
5805
1343
2940
2031
533
2271
201
7684
6782
5801
6761
3861
1343
6082
4707
5608
6483
4383
4224
4708
6571
123
5428
1559
7153
2410
2410
5107
2410
210
2661
2661
5805
7798
8005
6027
7670
6508
215
4802
6133
4007
6082
1075
4950
3504
2868
783
5470
1697
5801
7153
1857
2630
6271
778
7371
7995
5275
1023
5024
261
890
121
4291
5537
5387
7677
8075
3888
7453
2893
6801
3631
3600
1062
740
2907
6041
2856
568
588
7153
2361
7389
4921
5120
6660
5275
2361
4708
1595
5066
4004
6412
7287
5363
4846
4344
6716
3101
1231
158
7935
4179
6950
5801
5992
4242
591
2631
3937
7570
5427
3481
4224
5232
6818
3647
1786
1794
5191
3851
1023
6031
1765
4929
5490
2165
7145
8144
7315
5303
6971
3999
1837
6773
1978
1580
2275
390
1976
3035
7929
4950
783
4841
5248
335
7545
2686
5272
4007
5901
5681
7670
1024
7670
812
130
996
7101
7270
1817
1780
4642
4648
8141
1764
3771
3160
1628
5120
5298
1977
6973
4291
740
26
7910
320
1523
4630
2558
2661
2515
5341
113
2661
2441
6431
1641
2315
6867
7831
519
7807
4931
3156
7732
5533
3965
6881
5856
1876
2921
365
3959
255
783
4007
1857
6827
5594
4350
1765
5107
6089
3201
7315
4610
3600
6835
5955
2183
6034
1865
1982
7929
3026
3156
824
399
7225
5152
1229
6074
1827
4291
6104
744
2405
5477
8016
2405
3610
5248
4880
3572
4201
4196
7203
5717
5044
3941
1436
4209
3669
1076
4662
826
7079
3683
6400
5575
3893
6219
1554
5376
5017
1893
992
3439
5254
6700
4264
2080
4651
5248
1090
1595
4845
6931
1145
8163
2658
4750
2085
8085
965
7279
1818
2655
788
7441
4052
546
3819
1537
3797
41
2905
3402
2907
4478
1602
614
6873
184
5542
7798
1224
7716
3443
3268
1908
2881
651
2382
4902
6543
2726
4421
2221
8053
6862
4633
1212
7605
7084
7226
2975
4999
725
3806
5272
7781
1595
1659
7440
3289
386
5292
6214
5577
5970
5701
6687
375
1008
3880
4724
6394
6131
2462
1647
7220
4752
224
4923
5533
4366
1746
1233
3990
4383
921
4841
7956
1343
4702
2631
488
614
4583
3728
4165
77
7329
2071
976
8189
7557
1628
4159
2224
3788
805
2590
569
3902
6694
2492
3012
6192
1614
5877
1343
1997
7910
5171
5997
3581
1881
1606
6598
7166
6386
4175
6233
5521
2233
1561
1599
2259
2230
350
2834
2490
1489
6172
44
5003
3779
3977
2933
112
785
2136
3121
4329
2684
4329
4319
8014
5063
3503
7482
7577
6640
4823
4482
7167
5352
7938
2731
6396
4693
5261
1096
5059
3309
5745
239
6367
1058
7908
6077
5997
5778
649
46
6830
3631
4813
2303
486
7650
4858
5332
4065
7006
7166
904
8010
1243
395
3903
3540
4123
205
562
4118
7880
1911
6190
2012
249
7418
8188
4007
2405
7806
1917
7967
4605
4689
390
1617
280
7271
3742
2024
3557
7178
3265
4990
8160
1739
6460
5916
5028
1093
1758
7181
246
8095
1941
4574
2731
6492
3529
4354
208
1343
5915
4329
7437
2986
5507
4784
3449
5208
6850
4283
4079
3740
24
5168
6041
7570
1155
7745
3701
4655
8189
6231
5240
4372
817
6780
7409
687
47
5650
2663
7956
7153
4074
5778
5507
8106
1124
423
6377
4333
8073
1060
6013
6679
6041
4809
14
491
5185
4207
2368
7229
7570
6799
3252
5999
1515
1045
4605
740
3490
2192
7235
491
7615
7582
5107
2856
584
3010
5892
5373
5986
271
1160
1550
2560
4950
421
7913
7545
1181
2327
3572
7258
4796
2850
6393
2016
3625
7405
7389
3577
575
5314
4475
2405
3121
5024
3851
4812
5909
6926
7192
2696
3008
4061
1414
6645
26
1767
1660
7063
6972
7038
7570
4291
951
3358
2856
5877
5736
6481
2214
1003
3084
4372
4651
3433
4007
1023
5801
1453
1156
6663
5452
674
393
2513
5107
2034
3481
5553
5275
7453
2661
7029
5272
5275
1055
3433
8103
7670
163
4139
1103
981
4418
1786
5275
740
7570
5272
3600
5450
2766
3804
6266
1620
3481
4857
3326
8011
820
6124
2080
4474
4880
47
5997
5248
7162
4820
4367
6393
4339
201
6828
1279
7645
3631
7229
491
7570
4708
7670
5173
1273
2405
6973
1160
7153
6306
456
2441
1046
4835
8143
5171
5102
845
7570
820
4920
7479
1464
6761
4478
3834
2938
3897
5173
3432
7229
568
6002
4007
5173
