0
0
0
9
11
0
0
2
10
4
0
2
0
2
0
1
0
1
0
0
0
11
0
4
0
0
3
0
0
0
1
2
0
0
0
0
0
0
2
0
0
0
0
0
0
0
0
0
0
0
0
0
0
1
0
0
0
1
1
0
0
0
0
0
1
1
1
0
0
0
1
1
0
0
0
0
1
0
0
0
2
1
0
0
0
0
0
0
0
0
0
3
1
0
0
0
11
0
0
0
0
0
0
0
28
3
0
8
6
6
0
0
0
0
0
3
5
0
4
6
0
4
7
2
0
0
0
3
1
1
1
1
1
0
0
0
2
1
0
0
0
2
0
0
0
0
0
0
0
0
0
0
3
1
1
0
0
0
0
0
0
0
3
0
0
1
0
0
1
1
1
0
1
0
0
0
0
2
0
0
0
0
1
0
0
0
0
0
0
4
0
6
0
0
1
0
0
0
0
0
0
0
0
0
6
6
6
4
6
3
26
3
1
5
0
1
0
30
2
0
1
11
0
1
0
2
1
0
0
1
0
4
0
0
0
0
0
0
0
0
0
0
0
0
0
0
0
0
0
0
0
0
0
10
0
0
4644
2285
2773
6089
6818
2285
6041
764
46
5874
7484
138
1736
2285
6227
2080
2533
2285
5874
5594
2411
825
1776
7484
3959
7615
1523
3483
4594
4644
2796
6677
7901
1739
1739
121
215
3741
7484
4568
5874
4568
7484
1576
1224
7484
5594
1155
1155
7806
7049
3481
6818
5013
4383
3223
6677
6227
121
96
4008
2285
5173
2796
2773
2441
4207
4008
1944
7350
5594
3223
2860
783
7391
4735
5507
6818
2676
2080
283
6552
450
5687
3481
764
5272
1776
5874
4809
7596
5874
979
4628
96
5874
764
5173
96
5010
5778
2080
5507
7545
3959
5664
4568
2856
1776
7063
728
4475
5579
6395
5687
1776
1944
6552
5874
7582
5701
1576
6833
5756
3861
1523
2441
979
215
7190
6271
3615
390
6041
3959
4053
1550
4594
2629
5874
2676
8148
1614
623
6920
5279
5594
8025
1576
7545
6053
5874
575
6089
3477
4644
2499
7236
450
5279
2796
3861
4008
5412
3959
5019
5801
390
3068
7806
6973
1550
1425
2627
4006
5745
5015
4735
2958
7414
2676
2080
6002
7229
6393
2285
6553
4594
538
1279
4920
4594
7901
7871
3022
1075
6796
7872
1523
5801
1944
7545
568
7190
1425
6367
3662
1935
7414
4099
1218
1656
787
4569
5507
1075
2676
8025
3092
1627
1776
7596
1739
5173
764
4383
825
6053
3068
1776
3225
418
7236
2405
7545
7190
2066
1310
112
4803
3462
1647
7473
936
6343
2676
2080
8025
2777
4275
1495
7311
6677
5778
7236
5594
96
3959
6677
4718
1086
6516
400
4475
7419
215
1576
3188
81
6687
3990
5622
2432
5179
1525
487
3023
4575
5129
8143
375
691
7030
2540
1425
7596
1845
5013
7190
2136
5874
6553
435
1903
4275
371
4888
6384
418
825
5362
2262
3333
5696
1968
5053
3050
4719
7326
1846
5436
2413
3446
6194
1203
3585
2080
3610
3947
7871
96
5393
7484
825
5129
3133
3337
3028
4
240
8025
4644
5311
2653
3659
2475
4913
5162
7329
7744
6918
7329
2387
7757
3807
6695
4354
7419
783
7049
8143
2285
1425
3402
6089
5874
7872
538
6496
6398
3430
6169
1426
202
895
2826
7710
5372
3683
6444
4357
7752
7846
455
4957
512
3385
8003
5279
5507
2285
5010
772
764
1776
5756
1160
1944
1944
3220
7087
4848
2472
8087
2924
3082
5325
1246
1068
2849
1139
2715
3029
3026
6518
539
7557
1651
299
7615
4146
4569
215
4475
6677
1209
1739
5477
7190
2031
6002
1550
6384
3322
4347
5008
5766
1791
4721
3135
1138
3760
1139
6013
3452
2956
679
3834
1426
2962
22
3004
47
1931
3572
1154
5542
5623
907
7049
211
7545
1595
390
6395
6384
799
371
4593
5882
6999
5565
2961
6970
3024
6948
4675
1934
1994
1850
2174
6351
3744
6959
6447
4312
3577
1821
1740
3148
764
5530
5778
5594
4718
390
6552
5594
4522
3262
7184
1362
1959
3567
5228
2428
2116
6883
6449
2041
2023
3820
6622
1838
4328
8166
3225
783
6053
1331
3594
2533
2796
2080
1776
3542
5579
3542
5129
3389
5661
5596
7549
7256
2923
3478
5827
6286
3264
4159
7623
1123
5186
518
5003
3609
3488
2370
5689
5731
6980
2773
4914
3240
2533
3225
5279
1621
3469
5868
1234
4109
7135
2402
5718
1147
2290
5260
3638
2996
5745
1351
4943
2095
4624
944
7256
8139
6172
735
7221
3616
6521
6540
4562
1049
3389
7933
3736
7207
1200
91
3923
4385
5921
4842
1035
3155
7913
8162
2315
1422
4990
5196
2724
1150
6317
7658
1040
6928
936
5368
60
1289
1564
6600
5301
6691
2533
1239
4714
6525
5749
3264
2697
1473
1182
5332
2028
2328
1442
54
2065
2093
3336
4643
3267
4545
5628
8095
6277
6786
7030
2107
3537
160
5337
4943
7560
5821
7615
6384
5314
1946
4764
7676
673
6391
91
4162
5551
4849
4932
6722
33
1940
3937
7559
4211
980
4814
547
2897
4145
3324
7082
6564
3652
27
5574
8025
2773
5507
825
960
5661
7013
1615
6098
7456
3966
2732
4604
6240
4740
6344
325
290
1951
3020
6322
233
3529
168
3788
2844
4935
3291
2080
390
7391
5129
914
4214
764
8058
4594
215
4475
4569
2676
6384
3004
880
4362
7077
8116
7275
3136
2129
4719
6159
796
2621
7879
5852
2914
1876
8167
7940
1565
486
1360
979
979
3886
418
1576
6271
1893
4214
4594
6384
3927
8170
6551
2472
2683
1601
6532
5303
1968
3324
6719
1578
3647
4556
4221
2991
4208
1210
258
6553
914
2496
5208
283
5314
1776
6053
5173
1576
3389
5129
6568
3990
5016
6412
4500
3815
5343
6384
7879
7480
5917
7532
1923
3515
3207
6801
4850
7879
2536
3302
3083
3225
2629
4554
3494
3148
2285
1523
6973
4718
4644
6828
7291
7701
4936
5947
4333
7419
7872
7872
70
2020
2508
5709
7561
5095
6384
7419
2134
6158
6603
3151
8085
7604
7468
3888
3526
2465
3477
3022
450
1279
138
538
7411
3136
6393
45
2676
1664
2285
1672
4420
1853
3101
6811
4405
6069
6796
3542
6384
3148
2621
5179
375
2371
4793
2773
4238
4569
4569
5013
3068
2080
2182
7871
5129
7419
1425
1944
1550
390
3389
5798
6380
6494
3101
5337
1935
3350
4475
5173
7049
4569
3240
5450
2981
5872
4941
7784
2059
2533
418
7871
418
764
2777
1279
5874
5412
5874
4008
8083
1944
390
4569
764
1586
3203
1422
6521
5536
3585
2441
138
6447
1672
5129
6677
1776
2541
3212
5893
1698
418
5594
2411
4575
4484
4575
7236
4008
7871
96
1852
4652
2499
2411
7246
3203
1874
628
6889
5798
3542
1523
4236
4317
138
538
4326
3741
1698
2402
5706
2465
5013
1523
2285
1944
4214
2257
5594
764
536
96
46
4341
3022
4214
4146
7350
1712
1815
3686
8025
5477
7049
5173
2136
4569
538
6902
5594
907
643
4224
606
6677
2285
418
138
4594
4644
5428
4202
6041
559
3068
4575
5530
1664
2343
5779
4033
4583
1774
1776
7190
390
4207
4718
5594
5489
138
5594
979
1151
6868
2080
