0
0
0
8
8
0
0
2
10
2
1
0
0
1
0
1
1
0
0
0
0
10
0
5
0
0
1
3
0
0
0
0
0
0
0
1
0
0
0
0
0
0
0
0
0
0
0
0
0
0
0
0
0
0
0
0
0
0
2
0
0
0
0
0
1
0
0
0
0
0
0
0
0
0
0
0
0
0
1
0
0
0
0
0
0
0
0
0
0
0
0
2
1
0
0
0
10
0
0
0
0
1
0
0
22
2
0
9
6
5
0
0
0
0
0
3
2
0
1
5
0
1
4
0
0
0
0
2
0
0
0
1
0
1
0
0
0
2
0
0
0
0
0
0
0
0
0
0
3
1
0
0
0
0
0
0
1
0
0
0
1
0
0
0
0
0
1
0
0
0
0
0
1
0
0
0
0
0
0
0
0
0
0
0
0
0
0
0
0
3
0
6
0
0
0
0
0
0
0
0
0
0
0
0
8
4
6
2
2
2
20
0
2
0
1
0
1
29
1
0
0
10
0
0
0
2
0
0
0
1
0
1
0
0
0
0
0
0
0
0
0
0
0
0
0
0
0
0
0
0
0
0
0
10
0
0
3386
7788
2119
101
8055
4355
6202
6823
7663
2520
5227
3259
1042
7470
5882
915
4022
2867
763
5724
6312
4101
3720
3701
6510
5292
1031
2453
6058
3052
7645
657
2336
5183
3322
4174
2610
5354
2467
261
3571
2799
30
915
2009
3161
4596
5882
7447
5716
7763
421
4238
4735
5244
7350
1176
3236
2129
4673
4474
3084
4367
558
2954
1042
266
959
2802
4422
2975
2119
4604
6391
4934
4847
3623
7782
915
6366
6112
580
4673
4289
6315
240
1389
5644
4845
7647
6781
2811
6230
937
5439
533
6297
7887
3259
7782
508
4353
4740
4822
5232
1890
4476
1600
3161
6820
1009
6366
3081
2562
212
3266
868
4181
1964
1712
6593
2115
2115
6282
1312
3720
558
4474
708
1245
3391
4822
4623
1046
7064
8174
1057
4217
3988
7987
5483
1433
2493
1690
7391
623
2344
851
1798
1367
6179
515
2774
3052
6781
7647
4673
2803
7764
1452
2406
3824
4412
1522
5339
4374
2244
5835
2022
3386
4350
5357
2838
3789
4477
1456
7443
7552
8175
893
3540
3367
5708
5293
5234
5150
410
49
2522
7888
49
2129
208
3782
6176
3085
7688
5847
3161
877
7640
6012
932
3200
7324
3617
6612
5543
5884
140
1998
5871
5234
7253
3245
1871
6033
7235
4029
4845
4785
7647
4673
49
6776
6823
6823
3642
4441
5493
5873
2799
3487
332
1709
33
1113
7176
7466
7048
1114
72
6064
403
5023
805
2802
4377
3786
7799
3908
2806
5035
4106
1690
4367
7788
8138
2356
7625
3969
3152
1220
5227
4521
5833
7827
4007
8017
6521
1842
1770
2209
5613
3522
2765
1289
5961
5228
5501
5712
5524
6274
909
3648
769
5476
49
3391
919
2290
3824
1556
1163
3769
4847
6222
5730
4291
2629
4387
4959
3105
4483
5646
43
4001
6697
4633
2563
5719
221
7594
64
5333
1074
7466
7068
7606
7237
7757
8135
382
5654
3824
3896
6440
4853
6009
859
34
6248
5327
2563
1564
7185
6103
2292
3644
1204
7366
7526
4377
4115
769
1260
5870
5086
5380
294
4367
1583
3085
6877
3405
6202
7113
4385
4340
7151
6648
5411
2042
5698
2563
5065
5036
6490
6365
807
3523
709
5233
6752
4931
7442
5621
1402
7442
4308
1629
7527
4504
6011
5531
6972
2799
542
30
1023
5994
3853
2805
5698
5431
6351
6103
4832
4829
3008
4749
4662
2751
5397
7416
4524
8146
913
984
3392
5694
4184
1783
671
941
2572
1890
3684
1588
5227
61
5185
5245
4173
220
2606
817
4885
5800
3049
5979
4469
6501
3300
3318
477
6501
7643
7299
3313
3150
2243
7407
8146
1157
7187
6357
6921
2654
1890
758
5752
3044
335
7980
2282
2920
2920
7182
6368
7309
1655
6220
6668
1357
6642
5273
24
256
2715
1945
6103
7056
2043
1853
5128
5684
6560
36
4061
4625
2476
2723
5535
1039
783
6053
275
7191
8191
1406
5563
7629
808
5527
871
180
2578
4024
5867
3045
1357
4731
3396
1964
2589
1878
6369
2905
6569
3786
1544
1767
851
2357
1291
6266
390
649
6041
4781
754
7056
4280
4895
4738
519
2715
4542
4382
1479
5053
6403
6501
1138
2598
7252
8094
1409
6290
7757
7560
1878
5086
6770
536
6332
1042
2314
3572
7910
5892
7901
2225
6326
958
5583
589
8126
1682
456
4571
4731
871
3024
4088
2320
6908
2313
539
3789
6111
3307
7290
7561
3786
1442
7582
4166
1037
7882
4837
2368
4365
2059
2626
7503
4115
1017
8118
7750
3276
4044
1064
2751
4743
7912
6311
5923
3898
5012
5871
1939
2985
6696
1601
8029
1651
7484
3551
7582
6320
3438
4499
3146
2040
5050
4186
5467
140
1074
1168
1570
497
3750
2255
5784
871
6096
7791
6881
1253
5264
1171
3913
5849
140
1902
2448
4236
2133
4664
6940
6336
4734
6433
6383
1620
311
1289
4147
2473
3913
1171
5709
5583
5411
342
8038
281
565
7523
3628
5078
5380
7955
5814
7664
4502
3237
2453
49
5659
5019
4651
1875
2913
5067
568
2364
805
4087
3061
5810
1358
5787
6741
6534
4299
1674
769
1459
5273
1661
883
4422
156
6450
299
2284
2562
2129
941
4367
1224
631
4609
237
4616
2478
5778
4467
1629
2297
5380
8001
4269
2072
7277
5273
6057
4879
1817
7186
1798
5895
1783
1245
1479
1428
1964
7602
7606
6593
4200
3416
5113
7405
2290
6417
7901
1465
698
8030
744
6411
273
4747
249
4341
5283
6849
5434
2903
5560
1627
198
1507
6063
5264
5273
3617
3617
6867
4785
6593
6784
2485
7198
5820
295
4011
5701
567
1157
3068
6818
6002
1151
7033
1617
916
783
5763
829
3280
6648
784
6756
1856
5361
1251
1878
2920
5621
4764
7570
5466
5889
2811
4845
5071
3993
6371
4175
7973
393
7910
1154
2836
6089
1852
3433
6761
2496
3442
7175
8001
7955
3434
2905
4664
671
3720
6534
7842
7955
7856
3693
7764
2608
7888
2629
2133
3293
5220
4207
138
1797
4312
5778
1075
418
3453
5275
7205
525
4881
1392
8179
2110
2905
4594
7595
6282
2129
2328
304
1229
2662
7401
572
2867
3720
7679
4112
5412
3959
4708
5997
7901
7901
4600
119
3267
715
6355
5945
5661
3188
4623
7182
4124
6104
7344
3236
763
1782
3081
6442
7972
916
3559
6442
6899
1799
1949
2076
2252
7435
4194
1836
3959
692
2315
6259
7408
7901
5276
5520
7901
3702
3185
2516
7321
6672
3696
4412
6337
920
5671
4664
7237
1031
2941
88
7972
8016
3816
2676
4341
7582
8160
7086
3386
5911
5024
2016
3538
3693
4061
4839
1543
1854
1782
3236
6417
5778
6770
2051
832
2860
3682
8086
6357
4367
4853
4739
4739
1384
466
1748
8075
1823
6677
5477
1576
3781
6276
4835
4818
7154
4445
6282
572
572
5150
583
2661
7160
2989
2785
255
4112
7706
7688
6554
1286
5374
6226
4315
3266
1360
2918
5412
2066
2066
1879
2913
6672
2411
631
1543
5432
6074
2040
6442
2672
2453
4101
4289
7556
4835
2388
6615
3146
6823
3161
6906
295
6406
6823
6823
5653
