0
0
0
10
8
0
0
1
9
2
3
0
0
2
0
0
0
0
0
0
0
1
0
2
0
0
4
1
0
0
1
0
0
0
0
0
0
0
0
0
0
0
0
0
0
0
0
0
0
0
0
0
0
0
0
0
0
0
2
0
0
0
0
0
0
0
0
0
0
0
1
0
0
0
0
0
0
0
0
0
0
0
0
0
0
0
0
0
0
0
0
2
1
0
0
0
10
0
0
0
0
0
0
0
18
1
0
8
6
4
0
0
0
0
0
0
7
0
1
3
1
0
4
1
0
2
0
2
1
1
0
0
0
1
0
0
9
1
0
0
0
1
0
0
0
0
1
0
1
0
0
0
0
0
0
1
0
0
0
2
1
0
0
0
0
0
1
0
0
1
0
0
0
0
0
1
0
0
0
0
1
0
1
0
0
0
0
0
0
3
0
9
0
0
0
0
0
0
0
0
0
0
0
0
7
7
7
4
5
11
21
0
2
1
3
0
2
28
1
1
0
11
0
0
0
2
0
1
0
1
0
0
0
1
0
0
0
0
0
0
1
0
0
0
0
0
0
0
0
0
0
0
0
10
0
0
1836
5517
5436
6737
1589
4297
1209
5619
5447
4426
2422
6059
2118
5172
3071
592
2325
3071
3071
3071
2325
2325
2325
3071
3071
2325
6258
7451
7962
5223
5430
4319
1621
170
5475
2181
4348
3186
7694
2923
7999
870
2513
2987
6975
7350
4670
2896
4522
4522
3220
3220
4522
4522
4522
4522
3240
3240
4522
4670
3071
4670
6258
2896
2513
832
4348
5982
7365
1836
3561
3561
8023
760
3874
6940
1523
202
6258
7092
7673
7986
2325
6258
348
6481
6635
4522
1774
7451
1774
4522
7451
7940
4522
6258
1750
7980
7980
4348
4763
4573
3561
5332
6342
4634
920
7615
4670
6968
4904
4712
3071
4949
517
1969
7013
5581
3594
2325
1774
3220
1774
1774
6384
3240
7940
2325
5742
4514
444
2552
6778
6377
1280
5133
5314
4670
6245
6245
592
7042
819
3240
592
3168
7496
3220
1669
2818
3542
2325
4522
6635
6635
4522
1774
1774
3240
3260
4670
2309
1969
3494
1672
4670
5013
4670
4448
2534
3240
2896
1787
3419
381
4202
6796
2440
1504
3607
4012
6298
960
2896
2533
8078
6146
960
7940
1774
7940
2325
1620
2896
2896
2896
2896
4670
2122
6498
4293
2609
6422
46
1787
4803
927
7165
7820
6841
3518
4433
3091
1627
7673
907
2940
6854
4613
4233
2896
2325
2325
6258
5720
7827
2529
3240
2896
2896
2737
7991
3254
1018
5083
4726
1774
4625
7150
1747
2390
2294
2364
3479
2946
1623
7063
2440
7137
7884
6796
6258
4239
4880
2309
2896
2896
5623
260
5115
2533
8030
7246
6838
1034
290
6745
282
5472
2054
6946
1359
2940
5869
645
1995
7728
358
7047
1359
5869
3741
2736
7716
8154
1112
5594
4867
2896
4867
3071
6745
4145
1619
5712
4015
2301
2692
4775
6191
3817
2742
2998
6157
5251
6163
6699
4373
5083
127
7508
3034
5753
3240
4296
839
6867
2946
2124
3071
6258
4647
4190
5982
2874
2222
4206
148
4994
2440
7150
3333
7083
6797
4868
7062
2021
6166
7035
6998
6611
6599
3104
989
5412
2412
603
3091
1326
4718
6245
2896
2896
6258
1664
3836
7946
4323
51
5774
108
2382
321
2993
3828
3673
7991
6224
944
5130
191
3105
1145
1813
5506
4962
6832
529
6043
530
3058
4670
348
592
3389
559
3004
2958
5937
2620
4002
7961
6163
1722
6745
57
8113
565
3241
6805
3568
6078
5139
4752
402
3715
51
3679
6652
3142
1457
2889
1698
525
4934
5686
3140
4968
4267
2809
1309
7373
6652
2596
4042
5315
6409
860
5240
7117
217
4663
2295
5938
2277
3976
3189
7426
2368
2906
379
3062
5661
3464
371
3606
6834
3757
7246
5104
5083
781
2268
1755
5875
3563
1812
566
2658
5276
4184
3191
3170
6433
4435
2553
1172
2226
5753
3519
3879
5331
1747
5285
2404
3983
3201
856
5897
4594
525
5847
6568
741
4433
2399
5990
6207
4617
1474
4085
5538
1050
1267
1366
1010
626
6937
1061
5072
1869
5007
4860
7375
4175
6599
1580
6577
1718
7864
839
6400
726
7271
5609
5471
4883
7193
81
2003
6857
5460
5743
5584
380
7519
4281
7885
7416
6941
6970
4864
6529
7918
3659
6748
1297
3558
3219
6574
6870
1211
5729
5279
8023
2062
1519
7849
7047
7382
362
4868
7068
5251
780
3671
6331
4182
4135
6016
872
1913
7834
7825
7912
155
1685
5083
5859
3563
622
7634
3275
4255
7679
7304
4431
8068
5279
3816
740
7140
7897
4705
362
6665
5712
3958
796
2033
1429
6485
6220
995
7038
7912
3914
7594
2818
1922
6071
866
6405
1836
4670
4759
6218
3551
897
6929
2499
4146
3071
6510
3240
5798
6454
3586
6814
6665
4962
3850
6952
4149
4702
2039
2083
2134
1922
7290
3952
6197
7168
5475
7506
2017
6553
1937
5687
3071
4867
3542
2202
4647
2736
4651
623
6086
5859
329
3219
7676
4882
1104
5157
4220
3712
6027
2295
6749
7704
1377
7082
7317
3125
3833
3464
2459
4146
1969
6245
2896
4290
2509
5623
2491
6404
603
362
2946
4983
1710
6754
5497
2520
6396
5653
6723
7168
4576
1248
1248
4972
1759
7901
472
6821
526
2932
7250
7087
348
4712
2896
7441
5344
1673
1229
2197
2959
2445
5698
7688
6001
4762
329
5768
1386
1377
5220
2146
8078
2913
8032
7763
2652
6967
6599
8032
3766
1286
4503
4665
5884
7236
7940
6183
907
3240
2533
8025
2422
418
601
4763
5798
5548
6086
1283
590
5779
6202
1717
7866
2534
329
5609
6771
5574
1488
2284
4142
7714
8084
724
1392
4577
1672
1821
4670
592
592
592
7795
1045
4498
3989
7223
7736
3851
2851
3071
592
2548
3194
2274
4765
7246
674
1451
2192
2896
2061
1425
425
1672
4568
1776
907
3071
6258
592
4522
4522
4522
2896
592
4442
5129
2896
3240
2507
2042
3071
3207
2527
5467
6832
6652
7673
4670
2182
5326
4867
2325
592
2325
592
2325
2325
592
592
3071
4522
4522
2325
3220
2676
2325
592
4867
3220
2325
592
6553
3071
4867
2392
6086
7674
6653
3542
592
2325
4867
1774
4522
4522
5643
4670
4522
4522
4522
2325
2896
2896
2896
960
5037
5447
2896
2325
4522
3220
7451
6384
4522
3220
2325
2541
4968
3511
7623
6553
2325
5779
1774
1774
6384
6258
1446
4379
4867
1774
7940
3260
6635
45
3123
3252
912
7092
5650
7419
348
3071
4522
7451
7451
1774
4522
960
6433
7772
5073
2678
2325
7451
6384
5129
6384
1774
6384
3240
6384
7451
3240
3260
5385
5920
2229
1078
3515
2724
1878
2153
6972
7545
3240
3240
6384
7451
1774
6258
2533
3526
5220
2202
2325
3240
5129
5129
6384
6384
7451
7451
5129
7451
3240
3260
5220
1706
6577
87
7587
5985
531
2015
5144
6818
6245
2325
4522
4522
4522
4522
6258
592
2761
1852
592
4522
4522
4522
4522
4522
4522
4522
4522
4522
4522
6258
6009
3335
3216
7546
1824
7506
5335
4628
5013
2896
592
3260
6635
6635
3260
3260
3260
592
5450
4912
6258
592
7986
6635
6635
6635
6635
6635
7665
6635
592
6635
