0
0
0
10
11
0
0
2
9
0
0
0
0
3
0
0
0
0
0
0
0
4
0
3
0
0
0
2
0
0
0
1
0
0
0
0
0
0
1
0
0
0
0
0
0
0
0
0
0
0
0
0
0
0
0
0
0
2
4
0
0
0
0
0
2
0
0
0
0
0
0
0
0
0
0
0
0
0
0
0
0
0
0
0
0
0
0
0
0
0
0
0
1
0
0
0
3
0
0
0
0
0
0
0
24
4
0
6
4
8
0
0
0
0
0
1
3
0
2
4
0
2
2
0
0
1
0
0
1
0
1
1
0
1
0
0
0
2
0
0
0
0
0
0
0
0
0
0
2
0
0
0
3
0
0
0
0
1
0
0
1
0
0
0
0
0
0
0
1
0
0
1
0
0
0
0
0
0
0
0
0
0
0
0
0
0
0
0
0
4
0
4
0
0
0
0
0
0
0
0
0
0
0
0
12
3
5
5
5
0
25
1
3
1
2
2
1
16
2
0
0
10
0
0
1
3
0
0
0
1
0
0
0
0
0
0
0
0
0
0
0
0
0
0
0
0
0
0
0
0
0
0
0
10
0
0
4224
1997
5751
2941
6117
3084
6571
8016
5247
7424
3185
3416
4813
5254
6058
5248
7094
3588
4813
3453
5921
2114
4689
1941
5268
2196
3995
992
4703
1245
5824
5820
186
8086
6822
1941
6344
6483
4785
157
731
5099
5067
1513
5319
1524
1864
6967
5067
3453
7094
4335
6958
651
6483
8039
4735
5196
4754
3348
5715
137
932
6361
882
1854
1839
4778
2146
5914
4667
566
3162
8162
4367
820
7235
3056
5171
4224
157
157
4630
1721
26
3453
5501
4742
3623
5013
6149
1940
7948
7691
3732
7995
1312
5671
7592
4813
3320
2817
382
4651
4475
6687
7909
3252
1600
5901
850
2858
5730
6306
240
5645
6660
3416
5857
5476
148
331
4569
587
5708
7732
5402
6141
3835
1857
2843
4689
6012
1082
6222
2462
466
1524
4742
4335
5034
7601
3514
4970
436
2370
3579
3984
3075
7857
4148
3501
2654
885
7235
45
972
5694
6199
5791
1559
6058
6141
1857
2214
2415
2318
3298
5104
5934
4785
7670
6775
4292
1850
3473
1086
6710
403
7526
2473
4926
7012
5580
4824
1721
1044
7111
3927
7388
5574
5633
651
7094
1181
7090
4335
5067
1055
1610
1941
5633
6461
1011
5577
4588
6612
1939
2281
6431
406
2282
4040
2950
7207
5697
4302
2725
5563
4899
1023
3783
6550
2343
1839
1082
980
2408
877
1631
4103
1082
5476
1817
4425
7266
4172
6813
8038
84
7286
5491
1172
6813
4040
235
4370
5814
4181
4172
4115
7227
2922
4472
4214
7932
6202
6441
1082
2408
3140
4552
4003
143
472
3268
2927
3617
95
126
4653
1172
807
7312
3560
3476
5435
3873
6647
7797
6256
95
1382
4962
1522
7518
7913
3506
26
6005
1333
1248
2684
1370
1434
739
632
6782
6774
4978
1646
2952
7717
3434
1982
7912
6248
310
4135
6808
852
6952
403
2401
4750
6959
7732
4039
3435
2029
1082
6508
2696
7094
3528
2141
7873
5790
2741
1138
4308
2326
6375
4528
7004
618
4232
504
4182
1982
5924
1645
6287
7603
4097
2970
6977
34
2531
6268
1017
978
1524
3420
1513
1037
1819
3496
3197
3814
6288
6739
8081
5602
3362
2969
6941
217
5574
5394
6514
6311
8043
4924
4561
3707
2970
3473
5708
5166
156
4771
3515
1345
1513
3056
2370
4498
3752
2127
252
1705
2037
4786
2594
3810
6697
1885
3170
597
3053
7402
2752
6952
7751
1007
2479
2685
609
2579
3475
6441
7454
7085
5942
4524
361
6475
2934
327
2190
4754
7520
3683
6742
6901
7994
4526
5202
1368
42
2174
2416
3099
565
3239
1663
5411
2313
7955
5942
2863
7149
3434
328
7560
4000
4927
7764
1610
1698
316
1008
3492
7207
5245
5853
7783
6570
7831
6847
7891
4966
3885
3099
5562
1554
4516
660
5767
140
4240
7775
6533
1413
5210
2700
6073
2957
2903
2612
3117
845
5094
1372
7442
5350
5092
3117
2753
1409
6849
807
2581
3170
1667
3626
3500
6992
2915
4172
5871
3951
3884
556
1071
2816
1433
3162
7745
4858
2780
4082
877
5631
6639
5649
4111
8191
2531
587
7942
4413
1428
3517
2544
4005
3810
6431
6965
7056
1171
6839
5008
5583
4179
2956
7528
1541
1395
137
978
6218
7723
2497
4616
5868
4578
3183
3325
999
2252
1234
6664
3840
1492
5000
3834
1546
248
2733
3708
1409
3473
1796
5281
1368
1440
1761
1585
4350
4368
1129
7520
2557
2248
4625
1384
2165
2246
7191
1964
6521
5374
6372
2152
4771
6813
3500
1952
1929
3162
4424
6110
6246
815
4871
3181
8081
1686
6983
6929
5920
6281
6612
7138
3560
4643
3174
7543
7888
4412
450
7031
4330
3214
1259
4095
3922
297
5865
2823
6943
775
3560
2164
5350
7068
1440
6989
7151
4294
1235
3814
1956
1907
2015
4858
4352
4737
6252
4296
5247
2843
5376
425
7419
5060
160
4467
3213
87
5732
3213
5020
3284
7661
978
156
6366
7122
5054
2920
3560
2951
449
1253
3197
5971
6210
2015
1009
967
7971
6237
2520
8016
4392
916
764
7426
6691
7560
913
1017
3904
6451
7941
765
7195
415
4197
672
4570
1027
689
5636
6975
1522
1556
1597
3560
4505
5309
2379
5112
2895
6784
3298
4785
2583
6361
4569
1863
5719
84
7216
1367
735
1495
3086
5902
7299
7710
2920
802
1289
4741
1293
4885
8091
2975
165
1081
6087
3050
1010
848
2746
6441
7227
5824
6012
6480
1785
4067
2796
3585
2533
6164
6104
4556
257
4214
6476
1895
4942
6741
4543
3617
5078
5560
5543
5255
6560
2607
403
933
896
7803
1649
1090
1513
4742
820
4689
6967
1055
5260
261
5542
1776
5594
2066
6289
4605
7548
2076
4805
2455
735
4805
3507
305
2531
5560
896
4644
2676
3494
5916
1810
1610
3720
1333
8016
6660
3439
1649
146
1610
7188
7211
2368
2772
5073
7615
1576
3100
1209
8025
4888
4722
4888
3585
129
7411
5928
5542
4093
1351
3647
3571
3435
26
1513
1508
6686
7188
6202
157
3453
4689
3720
4109
1690
7188
2240
5520
7451
4984
7373
1452
1483
6828
3401
6656
7373
3236
5458
5091
4303
7916
2960
6356
3416
820
3457
932
1309
925
5163
6997
361
651
651
5921
200
651
148
2675
5129
4283
3025
3751
777
5628
407
6112
5019
5069
2713
1661
2698
1546
7061
1082
3420
1678
7777
7788
6571
7764
4112
2515
4727
657
1941
4729
4926
4926
7966
8060
7670
2261
4349
7135
3805
8016
3821
7090
3154
2428
3793
2647
7169
6027
932
3052
6357
7828
2427
1896
5050
5972
1280
7461
4766
6296
5384
4093
7888
2811
7188
7
2676
3733
5155
5933
6058
7520
6005
7874
2398
5939
2345
541
6253
2190
4781
7753
2006
6990
952
7309
2834
5767
5371
5403
4080
2048
3024
1004
7211
5150
1333
6214
3220
3117
1951
6020
4727
541
6344
6743
4651
7450
7279
5128
2552
2467
5210
5509
1193
208
1864
6187
7286
3082
5259
7722
1954
3282
4580
7618
5649
6480
148
3482
2080
6272
2843
2408
6440
5551
791
2817
5778
903
6861
3992
4294
1597
4377
