0
0
0
10
3
0
0
2
10
1
0
0
2
7
0
1
1
1
0
0
0
9
0
2
0
0
0
1
0
0
0
0
0
0
0
0
0
0
0
0
0
0
0
0
0
0
0
0
0
0
0
0
0
1
0
0
1
0
4
0
0
0
0
0
1
0
0
1
0
0
0
0
0
0
0
0
0
0
0
0
0
0
0
0
0
0
0
0
0
0
0
1
1
0
0
0
3
0
0
0
0
0
0
0
21
3
0
6
7
4
0
0
0
0
0
0
3
0
0
2
2
0
5
0
0
2
0
1
1
1
1
0
2
3
1
0
0
1
1
0
0
1
0
0
0
0
0
0
1
0
0
1
1
0
0
0
0
0
0
1
0
1
1
1
0
0
0
0
1
0
0
0
0
0
0
0
1
0
0
0
1
0
0
0
0
0
0
0
0
10
0
8
0
0
0
0
0
0
0
0
0
0
0
0
11
4
10
3
4
2
30
3
3
4
1
2
4
22
0
0
1
11
0
0
0
3
0
0
0
1
0
1
0
0
0
0
0
0
0
0
0
0
0
0
0
0
0
0
0
0
0
0
0
10
0
0
2777
432
5731
6082
6824
5629
2496
2679
3790
1029
1989
1988
3790
7011
7384
4194
1680
1988
4017
3120
2080
1565
2219
6152
7180
4568
5892
825
5874
7871
6590
6395
3167
3911
5627
5840
4390
7980
5567
4900
5731
4900
2894
5176
4017
5896
4796
4491
2459
432
5833
1137
5398
5143
538
3212
2894
4017
7344
568
7781
6321
7700
7570
811
2459
1029
727
2130
5143
7011
1971
5514
5833
5034
1020
7613
2211
7390
6771
1768
7674
6137
4264
943
4017
1699
450
907
6053
4955
5185
7148
7613
4053
390
811
5629
8103
6735
3391
2684
6761
1979
7093
5888
5533
2162
7767
4740
5598
762
4298
742
3171
7483
6742
1441
676
2907
4053
4605
2907
4708
6306
7205
5066
2907
2002
5143
6321
7845
3077
5168
6517
8023
4542
8023
2654
6359
6756
1584
7135
8128
6735
1334
2649
5304
1456
2181
5191
4222
4161
1452
6041
1343
6761
457
899
6447
109
5143
4255
7827
1830
2112
4634
4017
6193
974
61
5689
5332
7435
1319
2493
5430
6502
2313
7248
6502
4875
5898
2469
3118
1105
7997
3806
5977
320
1103
201
5168
6953
6438
811
1699
7618
2252
2006
795
6075
2632
8048
3980
3651
7110
1902
217
6586
2706
6471
7791
3434
1456
2656
4229
3262
5828
4944
3443
450
4419
6271
5664
3584
6868
2791
3587
1689
857
7243
5567
8048
4426
4017
1818
7435
3120
5241
1058
7565
6035
3552
3580
4483
3040
6815
7775
8131
6161
6059
3651
4017
753
1124
3449
3559
2309
6864
3299
2105
1989
2143
2459
5485
7491
1557
4716
5840
5896
5598
3759
161
4311
5633
4181
7001
2798
8007
1316
1149
6849
7690
4542
5689
6544
5428
1739
5288
3220
6437
5403
5567
4017
3105
1316
4950
844
984
3077
4255
1824
6476
6959
3926
4037
5704
5199
3297
4258
2096
2965
4653
1955
7643
649
5701
138
2465
4361
5730
1739
3366
3789
3443
5896
6090
112
845
1676
7721
1139
6791
7200
4218
7721
3509
6876
3555
952
6977
7362
3150
56
240
1352
3586
7151
241
2049
7967
372
4326
2405
4136
6917
5853
568
1665
530
1324
3514
8017
285
4116
609
532
5333
3891
1168
5956
8175
901
4302
2592
6560
963
5399
2673
4671
8110
4017
1453
1048
2603
4029
4361
4071
2789
2496
2701
2462
1604
5841
4520
3814
3972
5273
8177
7527
2592
6392
2171
7509
6937
3530
5633
8136
5676
1701
3794
5811
2916
5332
1613
1824
6688
3919
3158
141
1398
7295
4745
5602
2565
5674
5225
5312
2996
5333
7796
1067
1109
7979
504
6121
4295
4161
4302
7181
7105
6025
833
6665
3764
4388
1308
1907
763
7715
7848
2004
3520
3531
2946
5651
627
5673
2292
3873
2179
7450
5153
7009
7084
4047
1989
6668
2979
397
7337
852
6807
2613
1382
4191
3167
1680
8023
6931
3768
7657
1781
8039
3429
5318
5434
6504
3683
3743
1368
2787
3297
871
2702
1959
5943
1784
1982
7078
7091
1964
3374
4991
7058
817
5266
3513
2907
1395
1830
1810
2919
640
7342
6871
4793
6184
4330
2919
4769
6889
1086
6388
4283
1628
5861
42
6121
7134
4892
4207
277
3089
4548
6885
4870
527
1603
3041
4332
7994
1856
744
2436
1002
2152
5014
5914
6290
2563
2205
1061
4292
544
712
1235
5901
231
7931
4211
6572
5874
8160
5288
8143
5322
169
4755
2457
5980
7416
2679
1680
1308
1164
1830
3276
5674
587
5723
1958
1541
1916
228
1334
3707
3061
5053
6260
4577
2043
1006
4531
4467
1113
3424
3829
933
2285
2405
2410
1971
8103
3911
5840
4491
4070
4573
7827
5053
7372
2752
3598
7960
3800
1389
303
7530
7203
3633
8088
4137
6502
69
5984
3539
8146
6085
2182
825
283
1209
6553
2777
6828
8000
8000
2633
2411
6041
7976
7093
5245
3424
1074
4211
3546
1346
1395
1173
5712
7016
4831
5023
5422
2445
6901
7631
536
4644
2533
764
2777
2466
64
4310
5149
5938
8023
169
1944
4698
1550
3600
2796
3542
5782
4081
3945
3385
8190
1339
7351
4974
7191
5712
2174
2559
6104
425
7871
1944
4892
7380
5427
5220
4819
6263
5168
1048
5350
2459
6411
4594
1589
2552
5605
8094
7740
5149
7278
1735
6521
8134
5861
7650
3942
4255
6310
2676
243
5736
2066
1060
12
4081
1234
1760
1048
5627
1818
3414
5403
6303
3729
4137
6461
1328
50
524
5950
3179
7287
7689
4425
5841
5523
1110
1114
6262
6824
1699
857
852
6450
906
5066
2030
1345
6679
7414
5202
1716
2512
832
7116
7901
3806
7752
6952
4456
1992
3075
2892
202
6552
2076
2456
7927
236
6742
490
3384
2244
61
5475
5344
5739
7078
3651
374
6810
4643
2127
8027
6735
6668
7330
859
7753
1550
1155
1944
5019
744
4651
8143
6761
4722
1736
303
3951
5685
7521
6377
7929
4255
1137
3391
765
1164
145
2229
6104
3809
8023
6660
2015
928
6761
7484
390
1075
1944
3600
6227
4609
7545
2686
7665
4317
5024
1944
5710
1631
7827
6563
4492
1680
6321
4415
6189
5168
8023
5629
1473
6082
7675
5176
1453
6535
6517
3959
450
4053
5209
765
8143
2995
1441
6886
3916
3068
2464
3682
7545
7976
2118
8023
2464
5629
8023
4491
48
6263
2892
2229
1217
169
5385
4060
5133
448
7061
999
5762
4273
4426
39
807
3587
4573
6000
5126
7877
2464
7570
591
4578
5176
1217
1775
4027
4027
5890
5636
2690
7587
2229
5806
61
1522
960
4419
4008
1892
2248
480
4255
4900
3299
432
7491
1818
1699
5020
4160
2950
2677
5710
1760
7785
5739
574
2868
6233
8006
3980
2922
1048
5762
1453
1217
5762
4359
2851
1579
6384
7827
2379
1453
3589
2679
2229
1979
2892
3651
4027
34
1637
1706
7997
8151
1472
1584
1062
2679
5020
5344
4390
7377
3262
959
4017
7418
266
4229
5129
764
3684
7827
7679
1965
1584
4851
4390
4824
1057
7755
1699
6437
36
7189
1048
1048
4027
4390
5584
1989
1979
6020
5350
1404
1473
3162
747
5344
4022
2773
916
6639
3712
