0
0
0
10
9
0
0
2
10
2
0
3
0
3
0
1
0
0
0
0
0
9
0
7
0
0
2
1
0
0
0
1
0
0
0
0
0
0
0
0
0
0
0
0
0
0
0
0
0
0
0
0
0
0
0
1
0
0
2
0
0
0
0
0
3
1
0
0
0
0
1
0
0
0
0
0
0
0
0
0
1
0
0
1
0
0
0
0
0
0
0
0
1
0
0
0
7
0
0
0
0
0
0
0
19
3
0
5
5
4
0
0
0
0
0
0
3
0
1
8
2
1
5
0
0
0
1
1
2
0
0
0
3
0
1
0
0
2
0
0
0
0
0
0
0
0
0
0
3
0
0
0
1
0
0
0
0
0
0
0
1
0
1
0
0
0
1
0
0
0
0
0
1
0
0
0
0
1
0
0
0
0
1
0
0
0
0
0
0
4
0
9
0
0
0
0
0
0
0
0
0
0
0
0
11
4
8
4
4
0
27
2
2
3
1
1
1
25
0
2
0
11
0
0
1
3
0
0
1
1
0
0
0
0
0
0
0
0
0
0
0
0
0
0
0
0
0
0
0
0
0
0
0
10
0
0
980
6344
1713
7292
2129
916
6824
5100
7592
6583
6926
3077
4852
7207
6508
4525
2244
5172
3457
2684
932
3572
48
557
3189
2907
7028
6122
384
3572
3405
6295
4109
304
2851
924
2749
7575
7
1287
1046
8080
7788
3085
6583
6483
2957
2459
5975
4570
4329
3572
1971
254
2219
4094
7216
6082
3322
1200
6756
7740
7915
2999
7236
6447
348
2662
4094
3969
6075
3085
3621
3044
4099
7692
1617
2999
722
7995
3433
2850
1971
7389
3196
2892
1043
531
6926
5689
1284
7467
4643
5531
6475
541
2676
5173
7648
2411
6631
5191
3346
3995
7143
7722
5689
947
5242
1173
5514
2560
6777
4685
7209
4858
1954
3490
389
4291
4796
6069
6012
5752
1778
5374
3666
3762
2520
1791
1132
6233
1218
3162
3433
7995
369
3623
8190
5057
1535
2628
6820
3722
4729
692
1532
1765
6031
959
3862
369
1890
372
1512
5417
5434
361
802
7033
4346
2832
5272
5161
787
5116
8187
2001
7913
2960
877
2368
2635
1245
1864
1917
4150
47
4804
2887
4046
7591
1275
6237
6237
1561
6689
2696
2485
1768
1733
2410
1024
3732
1821
7940
7673
4628
7507
3346
716
1492
1019
4852
7995
2780
5275
7605
906
3433
2740
5057
5886
3969
5160
4561
5175
1039
3641
4845
2889
2686
3196
7915
4707
1508
390
6203
1688
5487
2497
3096
1733
7083
2656
4007
6000
5248
948
7120
5788
4630
2478
369
3742
4729
369
1660
7135
2712
4134
3715
3100
7431
1164
6009
6830
46
4569
825
6119
1875
4125
1944
5514
3074
1630
3335
1786
6009
2268
1537
7952
7640
3481
2858
1165
3481
7051
503
7520
3363
3561
8190
7921
2942
6070
2836
1062
6384
45
1852
5370
4183
7998
7022
255
332
4870
7605
672
7699
7409
1933
4394
847
8128
528
3717
5292
6528
7983
8187
6456
559
7011
5332
7207
3995
1395
4465
5079
2175
6417
4594
6753
6322
6354
851
7414
6966
4870
6515
6031
1804
5770
7478
7797
6956
2536
2256
4159
936
1065
1051
765
7793
2916
1029
8159
5278
6012
5249
6208
7872
6867
1923
3551
2901
3038
623
4665
197
1935
5757
535
7265
6648
7839
4929
4208
1848
2163
1876
7473
1783
420
4797
1651
250
7011
4194
5375
3085
6799
7419
8056
6574
8017
3918
3140
635
6509
3987
539
3471
1537
6231
5481
6936
5696
2401
4220
1853
2504
2224
839
10
6788
2667
4912
5153
7785
369
6147
3056
1893
6306
3519
5696
6359
6687
2667
7876
3647
1397
1895
4314
6538
7526
1159
6682
2256
1862
4006
406
423
2158
6078
7537
5243
4894
4712
3220
3153
4067
4858
6273
5163
5677
6937
1708
3736
936
4807
2305
5088
5323
1426
1171
4769
6739
6034
235
2014
1870
8170
625
1990
1397
5315
784
3945
4735
4139
4055
6940
4491
722
2345
3237
5456
1713
763
1704
5771
2117
4606
1220
7815
4313
3925
2046
87
2969
1905
203
3318
2581
4003
4313
7275
6622
7511
2675
2325
3166
2837
1502
3480
6997
2560
2732
5382
5826
5309
7491
4123
5947
5926
7617
1409
667
1342
7694
2727
4391
3753
7195
1366
1401
7939
5753
1342
918
1924
7506
988
5368
6419
2230
6392
5727
6548
7940
502
559
6135
5279
7673
6998
2413
2014
2805
7283
659
2226
7081
574
6311
4925
3026
7195
75
6865
1683
905
5581
1643
4967
2462
4154
5885
1612
2991
3240
5833
2509
6176
7877
4086
243
7506
5989
5105
861
6977
4512
7193
3282
4815
7819
317
5679
4528
5938
315
4284
7227
177
7241
1832
2508
4305
7130
476
3741
7940
6296
7499
1530
3371
846
6350
4810
1946
6313
4704
3814
5524
5749
6546
285
7309
7469
3885
4182
2734
5832
7240
4847
1005
1251
4663
3681
4601
5209
5031
7882
6796
6319
6875
6313
2619
173
7881
4305
915
6555
7339
505
2602
6849
3338
788
6849
3024
938
1406
7473
2072
1354
3424
2846
4124
1838
3267
244
996
1726
1656
4943
4503
8069
7839
1314
6319
5401
754
5788
823
716
7881
5691
1555
633
5943
3789
1667
8043
7130
3718
8047
5380
2928
3933
4593
2278
6319
537
7708
7026
4838
3990
3066
3227
5009
1092
4127
4269
2065
5943
3424
553
2173
2700
3764
1641
784
7603
5078
4855
628
2199
3329
7415
7275
6453
6511
3680
6671
7988
394
4010
5945
7940
1157
5664
3068
6411
1913
3971
2396
52
971
7687
153
1030
3369
1485
6864
7713
5926
5442
5967
3391
2665
4700
7167
921
2999
1181
6058
6440
3439
2925
1364
3225
7070
2642
2385
7223
8025
2648
558
7094
1309
5082
2189
2167
537
7261
1647
7176
2214
5492
7034
4597
1314
1626
3704
4154
1163
7890
7786
4988
5352
7106
7106
4410
5282
3022
4651
7194
3410
6237
1587
1940
2259
64
516
6435
7566
1342
776
1651
3751
2418
2385
4486
1093
1191
448
5696
3990
10
7289
4169
6453
1457
6801
1303
4641
1721
4997
4529
4595
4990
5241
7340
1656
6158
5352
7499
7283
364
745
758
7132
5847
1814
5840
449
2095
7554
3603
4127
57
5770
7216
3886
810
6744
2254
6172
7172
1418
387
735
4328
5885
5389
2205
7215
2733
834
7130
3176
5236
8132
6943
8069
3853
2101
5010
6458
7040
1753
5330
1323
442
1685
7568
2676
1576
1948
785
2126
3763
4003
6811
2893
3221
2897
5763
3836
3068
4268
6475
6015
5732
4572
5046
3904
5947
1342
6663
1023
3629
3666
6406
8116
512
7119
7274
2095
1523
3260
4150
3483
4237
2870
5659
6394
6118
3990
4359
2676
4569
3293
1639
354
7307
930
2834
6246
3203
5947
7329
811
6549
7230
4613
7172
2384
6966
2536
5876
5558
4146
5165
374
5003
4409
4941
7161
1799
5013
3389
6552
686
4410
7571
2498
7733
4108
5743
7129
2101
6426
2065
2425
6829
4918
2676
2411
6664
3463
834
6665
1065
4878
7217
4873
4204
7374
5430
3004
1776
6588
631
4644
7098
4918
10
113
2621
2101
7223
4094
8189
7881
5827
7520
4751
958
11
4670
6245
6227
3625
4484
260
4867
