0
0
0
9
4
0
0
2
11
0
5
0
0
0
0
0
0
0
0
0
0
0
10
4
0
0
2
3
0
0
0
1
0
0
0
0
0
0
2
0
0
0
0
0
0
0
0
0
0
0
0
0
0
1
2
0
0
0
0
0
0
0
0
0
2
0
1
0
0
0
0
0
0
1
0
0
0
0
0
0
1
0
0
0
0
1
0
0
0
0
0
1
0
0
0
0
9
0
0
0
0
0
0
0
25
1
0
8
6
6
0
0
0
0
0
1
2
0
2
4
0
1
3
1
0
0
0
1
1
1
0
1
0
0
0
0
0
3
0
1
0
0
0
0
0
0
1
0
3
0
1
0
3
1
0
0
1
0
1
0
2
0
1
0
1
0
0
0
0
0
0
0
0
0
0
0
0
1
0
0
1
0
0
0
0
0
0
0
0
5
0
7
0
0
0
0
0
0
0
0
0
0
0
0
13
6
7
2
4
1
26
0
1
2
2
1
0
16
0
1
0
12
0
0
1
2
0
0
0
1
0
2
0
0
0
0
0
0
0
0
0
0
0
0
0
0
0
0
0
0
0
0
0
10
0
0
4420
2950
3953
3214
6214
5282
4602
4100
1896
5486
1635
7418
4050
522
1293
1816
5128
7195
5350
4356
4517
3654
3750
7442
7727
4940
3617
3813
1645
7214
8053
4687
8074
284
3629
6813
2128
5347
585
7768
7299
5234
4172
394
1862
2685
2190
1878
6444
6936
5583
1358
6710
2289
1817
5438
7725
5993
1809
3465
4548
7752
8127
4301
746
1497
2934
1406
6290
1074
4201
1170
3276
6560
5708
5380
5086
3925
1865
843
5621
6691
7186
5372
515
3992
72
95
1382
3179
3202
3280
7319
5157
405
1890
3911
3631
1107
3719
7822
1783
5583
7186
286
4833
4258
262
3373
1670
7538
440
5877
5191
225
3634
2875
5438
2838
3124
6251
3672
1462
6577
4108
6468
5888
2924
5408
1411
6320
2780
1107
5875
3908
7233
2027
5809
1461
789
7251
5899
1545
162
645
360
3615
7014
3100
6778
7321
6563
7373
545
2735
1056
7755
2635
7543
7227
4492
1441
5938
6124
6393
7344
5997
3631
8078
929
5274
3169
6096
391
3169
5462
794
2792
4683
7949
4789
7127
317
1195
1306
2057
683
797
8023
6650
2698
7915
7234
457
8046
5687
5608
5889
7783
4007
4340
1528
8147
1708
7758
1528
5353
7875
2094
377
6809
4132
4248
2386
709
155
2363
5156
3348
8176
7617
2693
2038
2693
1900
8091
3950
1522
1765
5997
4430
2893
4383
6017
5585
4868
8147
6692
3865
4221
7016
41
6809
4678
1528
5556
672
2420
4758
7289
1336
2366
2693
3981
5160
4852
227
4796
6563
4590
3158
951
2331
5358
5927
4730
5797
6747
2982
4752
7477
3717
8091
7460
3998
7683
6754
1694
5741
6755
2979
4754
5721
6279
1176
1951
3677
7627
7806
2318
7178
372
5112
4053
4950
4527
4993
5256
6349
7538
1846
2893
4583
5883
8137
4958
1696
6596
3489
5910
2550
4118
5551
5097
5053
4758
7311
4
2169
368
936
2637
1951
4726
189
4616
79
6921
6911
4088
8036
7720
352
6704
2949
3486
3452
1329
7748
92
2187
6270
3104
5848
4430
92
7786
6253
4887
5803
4737
7485
3519
2980
3552
7604
3622
5749
7536
820
3322
2319
1338
3066
5330
2200
3575
4749
5998
3965
8046
7623
3283
3069
8009
4678
7822
3769
6835
6237
3364
736
7135
947
4001
8100
2550
7875
5683
2187
313
6596
7360
2450
5612
5782
7237
1827
2710
2715
5527
11
310
4060
803
6862
4576
7412
6984
2457
4085
3338
1127
1578
8041
5745
2448
1013
7648
7523
2457
4780
7758
4752
6523
7264
2007
1551
7215
3503
8005
962
6898
4148
7197
1525
4468
4468
6825
6999
4961
6652
6363
1713
7315
4
2813
8133
7804
2908
7713
1131
79
3921
5223
5421
3759
6809
5786
2669
2296
551
6150
3283
7664
1623
3881
1728
1986
222
5572
5578
5692
5783
5952
5738
4536
7077
1354
5681
505
1451
2094
523
646
6399
4983
7758
5462
6601
7212
176
3551
6770
3919
1528
3183
1167
3508
5578
359
427
3169
152
7005
1950
2420
3174
1147
8044
512
5904
5151
3998
7212
7404
6930
1727
4863
889
7572
6738
4678
2978
3989
3557
2111
2601
6770
4229
2572
4369
7429
6647
6755
6138
4054
1112
4776
216
6867
1587
5835
7311
3283
326
273
2615
346
8057
1560
7907
3261
3508
206
7557
2994
2361
6266
4613
4672
5256
768
6010
7530
6905
3030
4527
1262
6656
7514
8035
1058
1714
4468
6809
1186
5631
2122
942
6709
2007
3966
3508
7066
1439
5314
2760
6268
6755
6164
1944
5797
5028
7073
3881
6639
7003
5991
2396
2707
765
1357
2738
598
7313
6534
5407
5843
459
7317
5564
6638
5104
5358
6762
1957
6482
4905
5617
1431
1037
5292
7777
2402
4992
118
4083
3426
1059
523
2427
5683
5519
7953
5261
176
3978
1477
3973
5022
4399
4613
5417
7697
5458
6596
5458
5028
2706
830
1468
4216
7901
764
2586
3862
6123
1124
7237
1563
3881
3567
3634
6754
4676
2023
7400
4982
7460
461
4680
4384
7533
4399
5578
652
3783
3402
5111
3159
450
5150
2327
331
6860
338
7562
3681
7748
976
6150
7647
7687
1992
464
1296
4073
326
5407
505
4680
1262
3998
557
6563
8067
3576
1748
2353
4863
5972
7167
3851
1765
7784
1282
3441
5208
277
4434
6727
6523
2582
2353
5409
7903
4676
1555
4599
1957
5416
1186
2251
1986
2734
1073
6348
3223
6271
6053
3148
7367
1727
3141
225
1404
3851
1037
5346
5444
2570
4844
8095
6348
5274
1079
184
7
74
5144
2197
7167
3102
6123
3003
4401
7356
5489
4317
98
6501
3191
4338
4813
3612
1552
5549
1219
256
1786
4428
3870
972
5620
5546
5874
6447
6053
4628
7598
7235
7905
2446
4359
4546
1502
5022
1162
3030
2184
2426
2999
6552
4700
811
6884
6616
2441
4853
2342
5816
6922
5547
653
5753
2496
6031
1042
1725
7058
6108
74
5377
2007
1855
968
6299
4720
2350
7264
260
5254
2405
5456
3077
4493
2507
486
3793
652
6053
2740
7569
2737
5852
3568
4505
4
7804
6894
8147
2889
6002
4138
7174
4052
2934
5507
7190
6181
3989
5893
4747
2615
643
3166
94
5972
5000
3631
1678
6125
3594
1416
1481
7196
130
5096
4154
4556
4509
3022
1024
4616
7804
466
680
393
2661
6926
1539
6117
5071
1282
5783
7440
1744
8122
1403
7388
5957
1360
3272
2165
1469
6128
6605
7721
3554
4695
7275
2308
2747
4649
3981
7864
785
5048
3916
3594
2214
83
7648
1242
7333
2796
4280
1638
434
5572
488
929
1180
1100
6704
2627
7362
7187
2099
4740
4019
7463
4476
512
462
6473
1088
1726
137
5726
2225
5707
5033
2072
5535
3351
6409
2357
3720
6741
7601
1601
5434
4934
2662
1898
640
4726
4421
5904
2123
1940
2393
3933
5339
3146
7275
512
2646
1659
7982
216
7367
3249
2195
6802
5156
6605
2585
7512
4145
2235
1367
6569
60
8004
1556
4525
203
4410
563
2705
6074
3710
4425
738
1084
193
3601
4948
1329
441
7278
2801
2637
732
3236
6012
1730
191
1690
1258
940
