0
0
0
10
11
0
0
1
10
0
0
2
0
0
0
1
2
1
0
0
0
7
0
5
0
0
2
2
0
0
0
0
0
0
0
0
0
0
2
0
0
0
0
0
0
0
0
0
0
0
0
0
0
0
1
0
0
0
4
0
0
0
0
0
2
0
1
1
0
0
2
0
0
1
0
0
1
1
1
0
0
0
0
0
0
0
0
0
0
0
0
0
0
0
0
0
6
0
0
0
0
0
0
0
28
1
0
12
9
5
0
0
0
0
0
0
8
0
1
5
1
2
2
1
0
0
0
0
0
0
0
0
1
1
1
0
0
1
0
0
0
1
0
0
0
0
1
1
1
2
0
0
0
0
0
1
0
1
0
0
0
0
1
1
0
0
1
1
0
0
0
1
0
0
0
0
0
0
0
0
0
0
0
0
0
1
0
0
1
3
0
8
0
0
0
0
0
1
0
0
0
0
0
0
11
3
8
9
5
1
32
1
3
5
4
3
4
20
1
0
1
10
0
0
1
3
0
0
0
1
0
1
0
0
0
0
0
0
0
0
0
0
0
0
0
0
0
0
0
0
0
0
0
10
0
0
2279
5236
2002
722
2015
3460
4330
4525
414
3004
6677
7872
462
8000
6384
6384
6828
2379
7243
6303
3391
2186
5403
764
3389
1774
5579
5579
5643
2285
8025
4818
34
7755
7691
1506
4005
7816
6553
4233
6677
7901
7294
1776
5633
754
5145
1852
6035
1584
2248
4353
34
3002
3585
921
6791
631
631
2489
5874
1576
5013
1129
6876
1463
602
8160
418
8025
3741
1550
783
825
7545
948
3013
4294
199
4858
4426
1046
1048
696
2949
7940
7940
811
7246
7246
568
411
2411
5928
3561
1241
458
2080
3240
8025
783
5874
4594
6417
6791
568
5079
5321
1562
7755
3676
6365
6735
3077
8168
3878
1027
3542
1425
6289
7596
2958
6510
1852
6041
559
1062
109
4670
3741
3225
3225
740
6227
825
591
450
7901
1049
3083
3055
1430
3346
2579
6266
6154
3473
484
2538
6941
3240
7570
2533
5735
6377
7615
472
7063
2015
1029
5279
5173
7049
3542
7063
4735
4594
6588
2513
8030
6586
1990
2429
6724
5255
1153
682
381
1714
6533
4389
4783
7940
5013
4143
5396
3812
4341
7049
4751
6307
4630
6791
5778
866
5345
3150
7149
6009
1584
248
4482
2337
1990
406
2522
6926
1813
4633
6798
7569
7056
95
2675
7170
5688
6895
7284
3191
138
7494
7504
1198
3803
2958
4841
4568
6064
4263
8022
4218
727
3358
5371
3984
6490
4805
4357
5426
7942
570
1870
4249
2597
6776
6504
1346
507
7108
2190
5902
4765
6763
5719
6518
2910
2736
96
7901
4173
1428
7067
7721
6559
6354
4089
4913
1798
1289
7612
4411
7219
792
4726
5092
999
2297
1919
1482
7518
5196
6564
5220
7525
7259
8118
2013
3121
7484
4020
2777
2483
7442
5708
1095
902
4859
924
2927
5380
1815
705
2366
2787
3314
6977
5839
3373
4045
6035
7295
335
3000
964
7451
6168
3535
4294
6262
7028
5650
3572
3610
4475
2677
1472
8159
7994
1298
6368
2138
6800
6560
1520
1472
1472
320
3882
6903
4913
2741
6521
6583
1434
7291
1664
6384
7506
5916
7779
16
7910
6417
4202
2777
764
721
1008
5374
3353
1809
711
2010
6774
221
8133
1317
457
5867
5647
6476
6253
2656
341
7948
543
7349
6550
2014
2132
7163
307
964
8021
1062
6796
5928
1550
3148
6553
4352
3722
6839
3532
2297
5078
5554
5931
6560
3047
1327
3051
2401
7690
898
2156
2710
2018
791
7532
3899
2068
8126
5810
7517
764
2252
7061
4716
4293
5623
7836
4745
1434
6003
5449
3802
6952
1129
5739
4831
3639
2504
1970
2789
5443
5555
7134
815
5175
3346
6003
7755
1129
4926
5293
2175
4809
1620
5024
6827
5902
4471
3473
2246
2673
7519
807
6253
5871
1346
2178
1994
1494
4273
4958
240
1761
8038
301
5993
4583
8187
5975
7520
3288
2069
4958
2777
411
7551
6792
3739
3648
4486
4505
5871
403
3756
3224
7303
134
3911
2186
6065
3854
857
3795
4483
1916
1413
8190
7542
2741
7239
36
8013
4287
1783
3477
1029
5113
4725
6035
3307
1842
6887
4703
4911
2602
1368
6142
34
2049
4469
2532
3538
4197
3178
380
2300
4517
2327
2985
7422
4393
3064
1663
768
5250
4609
5998
3196
2777
2359
3320
7755
2379
947
492
6007
2194
675
4186
3239
4153
4524
2178
1073
6259
1076
7785
3885
2765
7814
7735
1973
1485
7737
2629
4644
783
4809
5364
7405
3066
6926
2208
5511
673
4623
4107
6237
3347
6073
4005
1168
5855
611
6697
6948
2277
2532
4490
2970
5308
5688
2327
248
7256
7442
7806
5778
211
4796
698
7484
211
1245
7893
54
6338
1959
1058
5612
5429
3016
4209
4331
7303
1919
1366
4723
6547
1869
317
7915
957
1733
5398
7048
5560
5128
4764
1830
5412
7205
1988
4089
4521
4522
45
7451
2835
138
4795
4556
3336
7740
6714
7526
1603
2557
3037
1780
7599
891
123
2454
262
6035
681
36
4517
7134
2153
3986
5945
5945
2513
6384
8103
3656
3585
6902
61
6046
7363
7755
3995
2092
7531
3340
696
2965
6847
6124
4283
4011
1094
3800
2990
3413
4505
7189
700
4014
421
4478
7022
2271
4372
202
2948
2657
7380
3667
6528
7908
683
2741
351
7286
5841
7948
3314
823
2375
4671
386
7059
5332
8040
61
3835
5275
2259
547
4948
5112
171
7258
5746
4707
1852
906
4491
3682
3361
3441
1129
2891
1640
1919
5360
8081
2903
3346
2360
3780
684
5914
7210
4482
4840
3047
2662
1478
5272
6304
3179
7340
568
5272
5024
1944
3322
1048
6227
5235
6073
1177
5980
2967
8094
4179
95
5411
5149
3047
3795
7860
7915
3636
6005
3536
248
6253
4805
7823
3051
5272
5730
6525
1113
4569
1565
561
1670
1245
1029
715
301
241
8097
2171
5770
3834
6265
673
3639
731
1453
747
3037
263
3695
2931
5767
3716
7362
7591
3051
1234
684
4708
3125
943
3243
4902
4486
712
2679
4361
2411
5024
6082
2624
1862
2806
241
5697
6595
2106
913
6124
6253
947
256
2343
42
6688
6143
2418
3636
7845
484
3740
4350
4800
1776
6227
1944
6791
4950
7484
2002
6307
4353
4291
249
92
2248
825
215
226
7209
5975
4643
6615
6898
6384
4207
404
5945
2343
2977
8010
2576
3968
3051
2805
1238
7596
5982
2405
1748
2002
6307
7389
1415
1965
702
3572
2166
7029
5701
429
1385
5092
3346
7129
3068
5129
6553
3240
960
3240
2835
6884
831
1564
8010
5241
215
4233
4644
3454
255
254
61
1830
369
7011
5364
3391
948
4878
3542
868
6248
7740
2757
4396
8025
8025
2343
5129
4575
4670
7294
5874
5279
2285
421
215
6053
2777
5778
8025
531
4881
255
6761
6262
4340
6000
4851
5890
2303
5514
4809
6971
6298
1073
3220
8025
2676
2676
960
6384
4341
8092
1620
4475
5778
3389
3959
1576
2796
5798
631
3600
5998
2478
5403
5997
4291
6307
5048
30
7689
4950
5514
2907
3806
4867
5129
5129
5129
5129
5129
4670
3483
4594
4202
2676
4568
1776
4202
1550
2513
7901
7872
