0
0
0
7
10
0
0
1
10
0
0
2
0
2
0
1
0
0
0
0
0
9
0
8
0
0
0
1
0
0
0
1
0
0
0
0
0
0
0
0
0
0
0
0
0
0
0
0
0
0
0
0
0
0
0
0
1
0
3
0
0
0
0
0
0
0
2
1
0
0
1
0
0
0
0
0
0
0
0
0
1
1
0
0
0
0
0
0
0
0
0
2
0
0
0
0
6
0
0
0
0
0
0
0
24
1
0
9
6
5
0
0
0
0
0
1
5
0
3
8
1
3
5
0
0
0
0
2
1
0
0
1
1
1
3
0
1
1
0
0
0
1
0
0
0
0
0
1
1
1
0
0
0
0
1
1
0
0
0
0
1
0
1
1
0
1
1
0
0
0
0
0
0
0
1
0
0
0
0
0
1
0
0
0
0
0
0
0
0
4
0
5
0
0
0
0
0
0
0
0
0
0
0
0
8
4
5
8
7
3
31
2
1
1
1
0
2
22
1
0
1
11
0
1
0
1
0
0
0
1
0
2
0
0
0
0
0
0
0
0
0
0
0
0
0
0
0
0
0
0
0
0
0
10
0
0
5594
4718
6053
1672
2080
6053
5874
4569
3389
2106
2684
4594
4651
1567
2184
4907
276
3585
2773
4216
1151
5071
5619
215
2133
96
2285
8030
3835
4880
2771
2130
6417
7333
3959
6104
575
3600
1550
916
5531
4880
721
5288
5102
7419
202
960
2465
3057
1579
8025
3225
4670
7063
7636
508
702
2737
7187
959
7012
6989
7575
2182
3682
4007
1279
6227
721
35
7230
4950
4892
4007
4365
3305
897
3741
3290
6553
8143
1998
3746
7755
2442
1544
3469
5193
3322
1046
3909
5020
7933
8023
508
4651
4568
1550
7190
1443
2419
1680
5715
1029
254
5896
5580
3096
1631
5129
7615
8083
7872
2419
2100
852
2120
6075
2512
1750
3158
3391
3074
6082
6989
5833
335
8143
7344
7012
3455
7823
5731
1395
6824
1103
3290
3001
6549
676
6799
7230
1209
2629
2080
425
97
1345
2379
8010
5654
7497
731
4315
6124
7012
5403
3006
61
7823
797
7491
6104
2541
4361
740
575
2470
6565
744
7180
2690
6735
5542
7788
5412
1944
1425
7823
5890
1345
4162
6724
8138
8023
919
7418
4011
959
3980
1046
4291
6703
2015
1958
531
6818
7781
5153
6243
4290
5385
4975
1441
2661
4665
1576
7357
825
3585
7487
8023
1958
36
3229
3969
3571
3460
4291
6722
7827
7587
4340
698
387
5802
3513
4634
3443
1415
6877
4261
441
7389
1750
4340
7526
5186
1846
4041
3394
3820
7161
6437
6735
4934
2548
2802
4009
5143
7910
6415
1538
432
7582
7823
4175
1907
1907
3358
4415
8021
1689
1105
1034
2872
7012
2271
2818
4999
2021
7222
2259
5311
2058
415
7360
5952
267
2979
951
6321
3667
7180
2002
6009
7187
5909
3381
6000
1217
4273
4623
5933
2229
5143
1709
2307
3833
1595
3871
1332
2158
1432
6646
6742
3815
1555
6806
1092
4850
1269
3086
3702
5403
852
272
6737
491
4670
7971
7196
3684
7028
8023
7691
3571
8021
7491
6767
6755
3393
7101
4161
2846
3118
2250
2504
1868
2293
6400
7733
944
6300
8048
7827
7011
2558
4763
6436
3098
2773
4914
6076
1958
1453
1767
2421
1965
6307
7389
4340
7668
6006
3879
1868
7125
6365
2200
2504
2026
5800
7581
4221
3662
3753
3610
5364
5077
1709
684
6735
5332
1672
7236
7049
4505
7121
1965
4871
3918
557
264
61
558
3912
2711
7762
3683
3760
3743
5394
7001
5806
4313
6755
7701
3642
6227
4478
1490
2679
3443
3262
827
210
1009
7670
4618
7622
61
1497
4231
7293
2749
6277
1453
5339
3337
956
6339
4715
7730
7302
7939
7480
1960
112
2448
1452
2625
5711
4471
508
1675
5714
1049
1534
3469
5715
4341
5890
266
1453
1105
2156
4999
6133
6006
6613
1693
443
7766
233
546
73
2020
7311
6917
826
4923
3529
4500
4984
2244
3271
1467
3081
4046
536
3186
1029
4011
2377
4824
2105
7064
4290
2825
1045
5803
5179
479
2399
3343
1728
4307
4500
1855
4508
1735
6418
1326
883
7615
7596
2777
5650
1679
5020
2163
7190
5288
7902
7497
3682
139
4261
3899
7313
7596
5285
2106
4673
7748
2649
5311
6807
2151
3662
6133
7147
5379
1202
7708
2574
7012
2645
7798
6243
5092
471
4082
7229
4651
138
2137
3391
7910
2737
7868
2398
426
2964
3833
6538
2619
6453
2761
4944
5527
7400
6690
7457
4432
5377
4735
3240
1593
1157
3607
6248
6884
899
1863
7408
4478
2339
2411
5115
7384
508
7013
5220
3677
6762
6905
2151
2475
5952
4118
4552
982
1290
3203
7510
5749
8167
7223
2533
4207
7013
7197
4326
6553
4914
1049
3326
261
4150
729
4175
8055
1823
3791
1609
1006
7637
4159
3656
8167
7135
1997
7135
7382
453
2834
2473
6194
4078
5817
7451
7013
8188
2533
979
3240
5705
7745
3240
4712
6743
3809
7940
2377
6901
6837
5827
5353
1331
2676
1774
2790
1814
5301
5684
6281
4999
7817
8067
7535
8026
6603
4280
6384
1209
4949
4920
5643
727
6243
6395
2533
6553
4712
2465
4949
3100
8055
2676
6590
4569
4569
4202
6806
935
5641
4145
4164
6153
1887
1328
7984
7361
3779
6603
550
6384
4920
425
1060
4461
4959
6393
2192
5594
4216
138
2309
6553
5013
4214
3494
3148
6553
7922
6801
19
6603
6536
3220
6653
6890
4500
89
5279
5589
2319
3829
3010
4293
1209
1826
3198
3740
5412
255
3986
4214
4216
7716
5013
2285
979
1776
1380
2773
868
6080
4826
3603
4809
4569
2773
86
3337
1202
2343
5798
3413
223
2297
4575
2533
8188
7902
3969
6215
7582
631
4950
6002
2271
825
5687
4319
374
4216
202
1555
6609
4936
1613
4119
8143
1672
4575
4090
5017
425
5594
202
6417
3816
4442
4317
4569
4644
2736
3615
702
5077
5412
255
7716
2271
1620
1067
4340
4216
6553
3150
2883
1011
4472
415
5489
2533
4089
538
4958
5428
3494
5756
437
6553
4949
4920
3148
960
2465
139
1452
6332
5272
5412
1270
7592
4152
6593
6150
2465
4216
1060
3232
4341
673
1425
3148
4317
1133
979
2343
600
5756
3290
4920
8188
3290
4214
7790
5010
8143
1620
1849
450
7777
744
7205
7205
5778
2661
4152
3240
4949
3494
5129
4580
3700
960
3290
3494
5846
7468
4920
4920
4239
121
907
914
7013
5477
3290
138
6395
744
536
4007
1446
1938
7148
631
649
2483
536
2214
4712
1672
4914
8040
285
1774
1238
6553
2309
3585
6553
3656
2533
3656
7013
4920
7871
2329
7790
4920
1863
7350
1917
5024
4152
4242
5432
4007
5163
6826
7236
7699
7916
3352
4094
5608
7781
806
4317
3287
3575
7647
534
5948
4237
5746
1672
4914
425
138
2184
3148
979
4698
1620
5220
170
1024
5805
7408
1787
6980
4291
1620
4950
4007
390
6332
4565
6438
4202
4651
7887
7408
5874
5997
2907
5877
3159
3668
7118
6384
3585
3526
960
1620
2483
450
4053
7972
5608
5019
2856
4950
4698
7405
4628
7344
1550
3876
6983
5654
5272
7408
920
6722
2405
7582
1620
1443
2339
2217
7788
5983
4094
960
3741
