0
0
0
8
8
0
0
2
10
0
0
2
0
1
0
0
0
0
0
0
0
0
10
6
0
0
0
2
0
0
1
0
0
0
0
0
0
0
0
0
0
0
0
0
0
0
0
0
0
0
0
0
0
1
0
0
0
0
2
0
0
0
0
0
1
0
2
2
0
0
0
0
0
0
1
0
0
0
0
0
1
0
0
0
0
0
0
0
0
0
0
2
1
0
0
0
6
0
0
0
0
0
0
0
23
1
0
11
6
6
0
0
0
0
0
1
4
0
3
6
0
1
5
2
0
0
0
3
1
1
0
1
0
1
1
0
0
2
0
0
0
0
0
0
1
0
0
1
2
0
0
0
0
1
0
3
0
0
0
0
0
0
1
0
0
0
1
0
0
0
0
2
0
0
1
0
0
0
0
0
1
0
0
0
0
0
1
0
0
4
0
7
0
0
0
0
0
0
0
0
0
0
0
0
11
6
7
2
5
3
25
2
1
2
1
3
1
13
2
1
1
10
0
1
0
2
0
0
0
1
0
1
0
0
0
0
0
0
0
0
0
0
0
0
0
0
0
0
0
0
0
0
0
10
0
0
5412
1824
5436
686
2533
7049
2464
5115
5292
4644
3785
3712
4830
6996
5833
802
7524
7230
731
2968
2922
320
5403
6000
1965
2166
5890
3762
5111
3186
4353
7011
4641
5999
1483
2405
4140
3432
6509
2663
6395
920
2225
4484
6535
5143
4634
28
2379
3391
3969
6034
2466
2248
6366
1217
919
1434
988
3225
7940
5375
1217
5232
5489
5116
7790
2118
785
2856
4207
2257
4652
7187
3893
764
7236
5354
1531
4484
6289
4303
5250
3132
2782
872
5731
1281
3711
643
45
4239
6677
1037
4881
320
960
340
1029
280
1615
7468
8143
491
1709
3916
5099
2784
5893
4509
764
3001
3389
3477
3148
1579
5450
7588
110
1099
108
3123
7582
3631
2303
7675
1473
684
1244
3067
3148
2861
1852
5102
6997
900
764
7121
4981
2856
4651
217
2184
1380
5208
606
7033
1055
7610
1554
2780
3732
7209
5543
7176
6164
1776
3223
2421
1631
3413
6649
3702
7013
3959
7505
5833
4202
2184
2483
2377
702
7389
3134
4256
5191
3068
5151
4211
3158
8023
1048
4824
2178
254
1217
3399
2773
960
167
3740
7059
6737
4293
3223
5364
4194
4841
4841
7851
6997
1539
229
2496
4600
3851
2777
6060
1661
4998
1706
217
7011
1395
2791
7178
3162
4390
4543
6384
5408
2259
320
6612
7205
4858
684
3326
1589
7806
4055
6243
3631
4498
2257
2631
4029
591
4665
6361
3051
1217
7121
4703
1600
6608
174
4530
5232
6438
3557
4293
3492
30
4703
3272
3631
3402
916
684
560
7784
6011
3326
3721
5982
5520
4950
1576
4735
2020
4026
1765
2244
6864
3475
7473
4510
5236
1453
1040
5732
3585
1597
5332
6535
7230
6320
482
536
1845
6472
4716
538
8167
684
4094
5285
6262
3304
5097
3057
6138
2886
7569
4345
4472
7704
1612
6204
3732
5332
4634
3848
6503
2379
3358
5335
5896
7915
2699
764
3012
6656
4521
5382
5821
1446
5507
3741
1595
260
7879
5164
2122
4665
3870
2921
3702
1460
5533
5872
5322
1164
2130
1243
1554
2791
4858
7995
7435
6989
7872
212
8030
4399
1497
1595
3001
5928
6590
1593
1709
2219
3838
6194
4855
3221
2933
5311
7367
5967
7412
5337
5080
4448
7884
3662
287
3475
1217
6327
6895
615
4175
1295
4239
979
1241
3402
5165
49
3851
6770
3443
5507
2614
7146
5968
7367
7282
3295
7687
5155
6596
4968
4276
6988
2293
6424
5739
1021
3980
4700
7527
4353
3947
591
5542
2771
1414
48
541
4291
5459
3463
343
6393
764
3275
5370
4520
7825
2320
982
4366
4430
667
2198
5812
3828
4637
2558
61
7121
5402
7584
508
628
3205
5833
1291
8143
5664
3503
5594
2059
7232
6919
7743
2870
7005
7281
3356
2238
4823
3627
3251
2504
505
1730
233
4855
61
266
2663
1280
7013
802
2635
199
1735
256
5279
7505
7583
3389
981
1908
2571
6242
2439
6500
596
4620
6789
2023
8073
4523
8018
3839
5913
4868
5855
695
6104
4698
1736
5664
6116
423
3391
6193
2266
2938
2303
2182
1037
2686
2411
6299
5711
3912
3629
1338
3486
6758
5145
7302
7482
4749
3743
5529
1086
8096
7013
6053
6973
4383
139
5365
39
254
2671
98
2835
1133
4093
2897
4341
2560
4214
5220
5230
4678
1477
4777
3985
4819
6204
4743
3683
1172
5862
1398
3221
7533
2621
6675
393
5477
6271
441
5232
7384
4521
7451
3001
7861
1546
6533
7675
4569
5600
2264
7282
2984
6685
5144
1560
6318
4158
5147
4749
3170
7850
4158
643
2142
3484
5407
4456
6261
1530
913
1522
4800
7593
139
4413
7997
1706
3642
4583
6069
1151
6348
7697
2264
4929
4767
4123
1980
1336
7702
6966
381
1626
122
243
4676
1560
1938
545
3567
7751
962
1266
4647
1774
7785
8048
3795
8103
2015
2671
1095
260
7190
2784
6395
1280
3159
2446
1957
5834
2820
500
7805
5574
4253
129
4616
6279
449
7855
2712
1896
4594
414
5661
1021
87
1989
6415
1733
8151
1544
2766
6717
138
8143
4340
6761
1931
6417
708
1184
1282
4980
1986
718
7055
7733
3585
5561
3542
1774
6393
8188
7468
340
4419
1244
3642
6262
8023
6411
2791
7078
3795
4352
8025
7022
2663
1631
3068
4094
112
3850
2353
2098
4613
7420
5556
4500
7799
1774
7872
4522
897
606
2699
7468
7063
4876
3320
1721
5840
5682
6864
5762
310
184
6590
1391
4092
1803
437
7604
7733
7370
6928
1324
7872
1681
3133
667
4083
6417
3585
6135
3809
3747
3389
6215
3483
6000
3642
6301
109
5143
4702
4426
4413
810
6590
907
1774
5079
2586
7287
2020
8141
3163
7103
6553
5129
600
7815
2730
7866
6902
6545
5168
7093
5430
3464
4029
4175
5739
8048
5168
857
163
4079
3953
5013
8143
5120
3225
5574
5073
2231
2893
1604
1005
6393
5079
3947
3290
3542
1331
2629
764
4055
997
1280
2995
2686
7545
3576
3153
5739
39
705
5344
3555
4152
4569
538
7304
5743
7827
5314
8096
5917
6515
6884
4442
3010
3443
4270
5997
4435
423
4239
6590
5285
6482
5364
2854
4233
6105
1105
8048
5232
163
4800
459
2343
4293
6730
2229
2254
684
3290
7115
6786
2629
7615
6761
2762
5778
434
6996
6639
6510
6746
4492
695
2279
6656
5275
260
5064
2015
8048
4426
383
5708
538
764
2662
3378
7187
5332
4061
1248
6897
4950
5536
5112
2303
973
2150
1699
6958
5540
3123
2002
5724
2182
6041
4478
4568
1662
404
1965
1544
2766
6614
2676
6590
7431
6249
450
7806
3947
2941
2987
1607
6386
2284
7882
698
6877
3238
3942
255
2918
7297
4858
1279
5223
5579
138
5850
552
1788
4737
5850
5998
960
2329
437
4846
1380
3585
7982
686
6227
4952
3993
1579
6828
4735
4266
331
560
4155
5165
209
2584
2916
1602
6227
5530
5999
8184
6687
1038
4979
202
3068
1279
1280
3057
7029
7984
437
1301
3483
2679
1550
3686
4448
4207
472
5332
538
3004
7049
7982
3475
2489
686
2831
7882
5285
536
1276
6588
6384
