0
0
0
10
9
0
0
1
10
0
0
3
0
4
0
0
0
0
0
0
0
10
0
5
0
0
0
1
0
0
1
0
0
0
0
1
0
0
0
0
0
0
0
0
0
0
0
0
0
0
0
0
0
0
0
0
0
0
3
0
0
0
0
0
1
0
2
0
0
0
0
0
0
0
0
0
0
0
0
0
0
0
0
0
0
0
0
0
0
0
0
0
0
0
0
0
5
0
0
0
0
0
0
0
20
0
0
6
5
5
0
0
0
0
0
0
3
0
3
5
0
2
1
3
0
0
0
0
4
0
0
0
0
1
0
0
0
0
0
0
0
0
0
0
0
0
0
0
0
0
0
0
1
2
0
0
1
0
0
0
0
0
1
0
0
0
0
0
1
0
0
0
0
0
0
1
0
0
0
0
0
0
0
0
0
0
0
0
0
8
0
7
0
0
0
0
0
0
0
0
0
0
0
0
11
2
7
3
5
3
32
1
0
1
2
1
2
18
0
0
0
10
0
0
0
3
0
0
0
1
0
0
0
0
0
0
0
0
0
0
0
0
0
0
0
0
0
0
0
0
0
0
0
10
0
0
238
1105
2443
239
2164
48
4864
6759
5385
4129
135
6374
6104
283
2406
4729
5840
7097
915
2829
217
4142
492
7051
6967
2499
3483
3022
6514
6789
3589
4093
1483
4224
7235
6645
4329
4812
2366
5242
2558
7051
4739
1158
3892
4962
791
4969
4778
7002
5168
2960
7781
4492
5555
7798
6266
5239
1145
1890
2628
7988
7557
2099
7022
4972
8073
1181
5272
7782
7934
6645
6202
5107
3095
1765
6010
1864
2741
6780
159
2497
3382
5866
7527
3846
6017
2754
7420
6128
2973
3910
1709
5371
6599
6898
7492
4599
4443
4820
4547
1446
6571
4474
5254
1514
4777
6972
5334
6496
1414
2508
1310
4666
4360
5294
3312
5771
3681
7701
4531
7991
383
1309
3732
3823
6380
7857
778
4335
3481
1186
6349
5085
3730
7271
5572
6799
472
7866
2499
7952
6534
7358
7987
3662
1297
6890
6962
8163
6425
1874
923
1741
6844
4361
4350
6660
1784
4109
3020
8013
383
2268
2031
6698
5831
1739
772
3615
3481
4383
6973
7763
2991
516
6697
7603
4736
1401
7931
1817
4875
3295
5170
7473
4178
6549
6473
3969
1794
3642
7921
1899
1971
2558
6820
1786
1610
4641
5010
7570
2616
3847
3402
96
6694
6425
1321
2733
3536
733
6392
5830
7856
2702
2752
5170
1611
2535
3288
6216
5344
3666
5248
7497
8080
3740
3732
1009
2374
2484
1759
8058
139
1171
2488
2723
7297
311
2148
2777
1202
4221
4408
911
5246
6745
1630
6974
4280
5899
2712
3732
361
4852
7745
6827
959
2558
4700
4851
1941
4213
2135
2995
276
1823
1924
5179
4797
6363
1435
2285
1965
3913
2492
6394
7587
2163
710
5687
6820
7094
2192
5161
2634
5418
1464
6498
7777
859
5276
5248
3271
208
3687
3001
4892
1291
4509
4266
8191
5955
6040
649
47
199
50
449
4948
5855
3747
2209
7237
121
5489
467
3910
7377
4504
3392
5742
5971
2501
4492
951
3740
5226
6233
6371
1845
4861
2856
6791
3413
5149
979
2136
4232
2536
4623
5458
6002
5079
8167
6790
5944
5354
727
1857
4984
5731
7524
2004
1235
6377
5937
7011
3433
4853
3614
4473
4264
3861
4880
1680
5288
4718
4465
3123
3816
3526
1238
7070
2560
1620
5129
635
4346
4374
6070
8080
778
3924
1514
5018
1453
836
2406
921
4116
1786
7806
5885
553
2339
5061
2545
2410
4735
5489
6722
5173
1224
5664
2541
4099
3701
5165
5835
3732
3958
4223
3492
4056
8116
932
5367
3481
2500
503
1617
1233
4850
8050
8120
2352
1802
7611
2924
3886
5687
4838
7762
3682
3347
5997
7670
2463
2803
4129
4050
2764
6833
6932
1348
5174
7289
2502
7911
6321
6680
6397
3507
3382
2058
3652
113
240
5052
516
1321
6789
3918
1191
1076
4796
6522
4796
740
7591
2484
3001
3570
7760
6721
912
2449
1242
5168
5549
1245
7446
5977
1813
7375
3545
1210
2058
112
2065
6806
6343
3133
6687
3355
6986
5335
4194
6735
932
2868
6824
2232
1704
7139
2299
2346
518
6636
7497
186
4753
566
4077
5048
2333
4456
3772
3874
1933
1505
2247
3565
6867
2455
2740
6930
6515
1160
5915
4029
4727
2316
208
2999
5275
7595
2825
4667
4618
1634
2398
5423
4042
2921
7730
6413
737
2508
6511
5399
625
7145
6892
6839
2300
4895
57
1832
1784
4340
5110
1612
92
6475
6066
4334
4103
5359
3208
2284
1287
4112
2999
1931
1550
3563
5852
7351
7760
371
5936
982
6474
2504
1357
6501
7752
1171
2305
375
400
160
6033
7300
1023
4329
4849
3490
4614
7045
508
6210
210
171
5444
2059
42
2280
6090
3428
5872
4500
1850
5133
7004
194
1934
2532
2178
1850
2876
7111
2206
710
4306
2684
3391
7389
4435
55
4456
2023
3012
4509
5332
4486
5479
6972
4406
6896
2813
5124
3428
5357
7466
4528
4481
725
999
1613
1357
6783
5533
4862
648
4127
1443
3433
83
4241
2621
5730
5385
1600
3254
8044
2277
4845
7421
2441
3916
5874
3363
164
6694
1474
5234
1486
1401
4209
5433
2581
2969
4218
1144
1363
7983
1986
3503
7039
1535
835
2553
2941
3658
842
8048
2485
4009
1778
4599
472
2333
5850
7582
3761
5179
883
7604
2319
1400
5862
7858
3757
4706
3343
966
7974
5584
3044
7311
7747
2206
4971
129
2989
7375
641
819
7905
3446
686
4000
2529
8121
462
4373
836
1639
2448
1515
2109
5047
2886
7529
1466
3258
6967
3580
710
2286
2375
6782
98
2411
2004
5756
5037
5463
8099
7903
7070
6921
3948
6081
5189
176
6504
5380
1006
7132
3879
1715
2092
1733
868
3418
2098
3245
7938
7925
4871
3432
1319
6215
94
820
3274
7408
946
5511
5559
5079
718
4427
2865
2794
2539
7820
7642
7173
8106
4578
5638
506
7375
5
4876
3598
4049
7805
7521
656
8160
1160
6417
5013
7427
3351
5578
8147
2791
7551
5018
2788
5027
7573
6157
6645
7033
6016
838
931
261
7615
5497
5057
1893
569
4719
1643
8012
157
7909
5997
1739
1464
584
3174
6031
447
4685
1104
6342
3564
450
3271
1594
633
156
4778
2749
6921
2054
3146
6914
7013
124
6147
5647
5523
4131
1365
7482
3751
5422
4703
1944
2892
1160
6789
5937
5043
7764
3136
5010
2405
4837
980
2353
3552
7573
5222
2629
7262
6419
3825
6864
2418
1334
930
3959
7840
1897
6928
4646
758
5752
966
1155
390
172
3799
5354
2631
145
6186
3489
5662
4191
7265
3359
2182
698
1595
1886
177
6833
2411
6271
6846
5811
2411
130
5687
1696
5244
4722
114
7034
4497
7229
4718
6760
65
5328
4253
2133
6081
1402
5553
5801
3453
1314
3119
1104
810
7866
1407
4624
2650
916
4291
5756
5553
3165
125
759
2252
96
3148
1443
2253
4236
685
936
2572
2106
786
1981
2916
5933
1596
5803
1702
4291
4109
3153
563
1849
1169
212
7905
3363
3267
1100
7269
3811
7131
4384
1688
1157
1785
3696
685
5736
1525
7753
3880
1809
2369
4134
1157
1643
2152
2397
434
7155
827
4613
7738
