0
0
0
10
9
1
0
1
10
0
0
1
0
1
0
0
0
2
0
0
0
9
0
7
0
0
1
1
0
0
0
1
0
0
0
0
0
0
1
0
0
0
0
0
0
0
0
0
0
0
0
0
0
0
1
1
0
2
2
0
0
0
0
0
3
0
1
1
0
0
0
1
0
1
0
0
1
0
0
0
1
0
0
0
0
0
0
0
0
0
0
2
1
0
0
0
7
0
1
0
0
0
0
0
28
3
0
9
7
8
0
0
0
0
0
1
6
0
2
8
1
1
3
0
0
0
0
3
0
1
0
0
4
1
1
0
0
0
1
0
0
1
0
0
0
0
2
0
1
1
0
1
2
0
1
0
1
1
0
0
0
0
2
0
1
0
0
1
0
0
2
0
0
0
0
0
0
0
0
0
0
0
1
0
0
0
0
0
0
4
0
6
0
0
0
0
0
0
0
0
0
0
0
0
8
4
6
7
4
4
31
1
2
3
1
0
2
28
0
0
1
12
0
0
1
2
0
0
0
1
0
3
0
0
0
0
0
0
0
0
0
0
0
0
0
0
0
0
0
0
0
0
0
10
0
0
4385
3439
4264
2146
7156
5236
5075
4350
2522
6202
7389
6357
7777
6385
4472
2232
4077
35
5835
5835
6820
1333
4384
1232
3298
3995
4256
7784
5181
5024
916
129
5319
7401
2546
4734
6335
6634
44
4289
6005
186
6005
3894
5227
4734
155
1450
3236
5376
7533
2502
6128
1951
7395
5835
5265
7167
5055
6350
4476
4546
5223
4499
972
277
4551
651
4742
6409
2131
5653
5055
6208
3751
5297
6344
4241
1791
6850
200
4333
7459
80
25
7401
8016
6208
211
3694
5055
1176
6344
4585
2978
2978
2135
1621
934
6122
5041
5174
1177
211
1158
402
3751
7395
3359
7395
3601
6356
5835
5250
4702
3842
5045
2509
3824
802
2089
7387
139
2478
5659
7938
1097
7002
4479
4266
7371
2843
2946
7136
1857
6132
2772
3429
2478
715
2708
7695
1333
208
7104
7479
1569
1177
2546
5222
6672
338
3809
7074
1213
3981
7464
2346
2628
6216
5671
6208
1333
1156
5424
4219
8117
4474
4947
2518
6203
5511
4700
3797
3684
6266
1478
7056
3696
2314
8039
657
7857
8191
3081
7740
8117
4422
3510
6458
1589
6279
7842
157
588
690
2755
6755
4996
2214
3195
5753
4474
6101
5334
868
818
2419
55
8044
4585
2708
6790
2519
8137
3685
8105
7913
802
1017
7524
2054
7056
2741
878
8115
5911
761
2456
4902
1995
190
4832
5009
7777
7742
362
7291
3891
2680
3710
6829
260
7695
3284
1532
2283
1554
6889
4643
2232
7755
7723
2780
5265
5095
100
2842
7007
2998
4787
5841
4895
6101
5968
4370
51
3239
6428
5917
5711
5
6599
1567
2708
614
6109
6458
7279
3968
3968
5335
930
5705
4415
6864
471
3144
2032
2319
1194
1537
268
6774
6529
5800
1303
318
3841
3794
4500
3411
8146
3098
4346
868
1567
2632
5662
1789
4703
4377
3821
4046
5419
3570
1768
2698
5139
1050
3662
818
1646
3226
3310
7058
2720
3472
1390
4459
102
5641
7733
6620
5317
1769
6086
7681
5141
4919
2850
7845
4194
5255
802
3161
5224
4572
5227
7587
542
2802
7421
7701
3108
4750
3606
732
6086
6690
5727
6991
703
809
7220
7572
6577
6080
4218
7728
1262
1567
5405
7587
4422
2104
1559
2802
6366
947
184
7723
6035
7371
3990
3757
7293
1627
1955
944
6956
953
4687
3285
6837
7175
4520
6157
2955
6551
2488
2336
7628
6116
6549
3085
7227
3744
7220
4350
1732
4729
5376
4771
6932
91
4541
4850
2094
2685
1993
3815
4006
1405
7008
2655
2183
3613
4167
5399
6695
1258
6089
7764
1791
4616
3779
1333
7369
2237
6261
5138
1248
4560
2374
7911
785
7395
7919
6401
670
26
7191
971
7257
7668
5788
6425
3360
691
6690
7932
338
7350
6140
1607
2285
1021
5141
5155
7592
661
4871
4721
653
5685
3876
1497
6698
7540
7447
7113
6399
6892
2830
6648
2656
6006
1418
1210
5034
3361
4058
2058
3256
2526
1241
951
778
4685
4871
7687
108
6424
1558
1578
646
4402
7995
5868
3898
7807
5403
4021
4810
3627
7739
2576
1726
4354
3441
5739
4680
346
7272
5282
2166
2131
3150
6961
4904
4621
2237
2908
5467
2319
6180
4220
6890
7032
4077
1766
6866
4630
2465
5574
6332
3876
5726
1856
4809
6790
6104
3402
4852
3806
6104
825
4568
5226
8029
4402
4520
3988
4999
7770
6628
4161
4158
7660
5901
7630
3114
3529
3828
7962
1550
460
5647
8139
3326
7258
4375
6768
2922
3986
4732
2576
7915
5629
5627
2916
3725
1630
8115
7098
2093
293
1068
2174
1939
3429
5593
1609
6277
5389
367
745
7582
681
3367
1544
3158
1164
7845
2501
4824
4017
1453
2597
2579
1217
7424
4326
4381
2113
2964
1165
3914
3531
1025
2720
5853
1387
4736
4592
56
6928
364
7716
4664
247
882
2907
1395
6000
1042
4998
4852
5896
6000
1217
4561
5557
4082
3541
6227
4483
3535
1421
262
3256
4931
7885
1401
2965
4731
4469
252
5204
5952
5925
6469
1145
4271
1252
1103
1395
4125
6015
1896
5566
4270
4581
6469
7262
5122
169
2986
4086
5356
3627
6700
6236
1294
7174
1884
4743
1357
527
7081
8181
7504
7058
7025
6366
5497
6937
1740
8080
7914
6978
4615
2558
5998
4615
5777
741
7201
1208
3262
1581
4706
2586
390
7175
4410
321
6854
611
5760
505
8019
3195
3456
6260
4539
1890
1954
5385
7932
5957
155
4489
2731
5576
4270
1536
6632
1762
1799
685
5232
685
1031
2051
740
7064
7667
1676
5841
489
4006
7372
1352
2300
4848
6557
1890
1639
2538
6183
2843
4268
5710
7022
5018
753
7437
6323
3082
1284
5454
4747
7292
3165
4297
1
6041
2894
1342
6964
3133
1113
5947
3476
4838
1310
3519
4100
4580
6216
3651
1118
1713
7314
7732
5255
8132
4530
5831
7297
3415
2005
3487
5194
3693
2529
7777
492
5489
3212
1941
4186
3093
957
4221
516
3570
4226
4758
602
272
423
2957
1466
3391
3995
1778
6906
3960
1070
1132
1183
4422
6753
2365
6616
8032
4338
5051
6698
3390
6746
4465
3449
1578
5179
5159
2207
5566
3886
7391
2465
6955
6406
4975
422
2359
254
2709
5840
6058
3168
2345
4987
3398
4441
1097
5468
3002
5267
2800
7901
5428
7995
6735
2463
1023
5155
2662
6810
1232
6265
1232
249
1649
2826
3489
5920
5595
3403
7524
6052
882
7745
4079
6753
915
7740
1842
1094
6660
62
4136
7013
2465
1835
34
3263
4732
6322
6668
740
1287
3320
7788
5189
3291
6664
3923
7914
933
6743
3916
5100
6372
1200
6249
3623
3571
6233
5558
3969
6776
5156
5664
896
5340
4017
2152
7061
7034
6571
7613
5896
2597
34
6307
7852
2515
200
5254
6123
2449
2583
2346
1706
1794
3732
5682
8187
5560
5167
6000
6903
1522
2801
5402
3619
5224
8190
5232
4036
2430
6409
460
2894
966
5522
4142
5911
3783
3635
3359
3438
7350
5521
3684
4084
5688
7852
6200
254
7890
4493
4194
2374
1536
2633
3571
3136
7695
1235
5933
4349
7738
1439
6366
951
460
7227
821
4535
