0
0
0
11
13
2
0
2
12
0
1
2
0
1
0
0
0
0
0
0
0
3
0
6
0
0
2
4
0
0
0
1
0
0
0
0
0
0
0
0
0
0
0
0
0
0
0
0
0
0
0
0
0
0
0
0
0
0
3
0
0
0
0
0
1
0
0
1
0
0
1
1
0
0
0
0
0
0
1
0
0
0
0
0
0
0
0
0
0
0
0
0
1
0
0
1
6
0
0
0
0
0
0
0
24
2
0
7
7
6
0
0
0
0
0
1
5
0
3
6
1
2
6
0
0
1
0
0
3
0
0
0
1
1
1
0
0
2
0
0
0
0
0
0
0
0
1
0
2
1
0
1
1
0
1
1
0
0
0
2
1
1
1
0
0
0
0
0
1
0
0
0
0
0
1
0
0
0
0
0
1
0
0
0
0
0
0
0
0
6
0
11
0
0
0
0
0
1
0
0
0
0
0
0
11
3
10
8
7
2
33
3
2
4
2
0
1
20
0
0
1
10
0
2
0
3
0
0
0
1
0
2
0
0
0
0
0
0
0
0
1
0
0
0
0
0
0
0
0
0
0
0
0
10
0
0
3995
8048
169
4944
386
14
7418
5739
8128
7757
5232
6958
1084
3901
266
6020
1584
8135
255
7416
7997
4754
6366
3367
2463
6935
1027
1717
6664
7507
1721
7216
2741
2905
5128
2379
7304
600
4873
1839
1360
1031
4333
2379
6312
8117
4256
457
1234
3348
7279
731
7180
4597
7861
6000
194
3196
6301
6198
3007
574
5896
2894
109
5350
5950
2164
5998
109
48
1046
4798
5090
3589
6366
1699
5317
595
8191
1453
7861
2802
2576
7110
1929
1228
2894
4160
5020
7029
4731
6668
1979
8151
4580
747
5762
243
5982
61
2062
4800
3684
5335
2062
8105
1818
5627
1803
5889
5393
5853
335
1584
2276
1137
7110
4467
859
4998
6824
5627
5627
3587
5332
6824
868
558
3043
2843
3642
795
5714
5982
1031
1070
4824
5419
802
3933
5129
4742
5393
5889
1472
3968
2557
7029
504
650
484
8023
1182
5999
5066
1473
5514
6841
6603
7205
4596
6827
3455
1395
3504
271
615
6355
6335
4426
1989
7784
3947
8039
4845
3022
6011
5780
8047
7207
2512
5896
7110
7997
906
7779
1856
5514
2073
2101
4506
5222
7255
5975
6306
726
2663
3687
3581
3144
3988
2515
5896
3240
6899
1051
7350
2328
7866
7301
2135
2915
6903
4107
5398
156
6895
5251
3059
5222
2722
972
4
8172
558
2678
7782
776
2727
2610
5459
3124
1248
6871
2678
3599
820
2699
6973
8086
4849
6482
115
2133
4979
3047
28
5092
4290
3680
4104
3770
5284
4946
1338
5396
2208
7070
6419
2858
2401
305
1251
5234
727
1238
2861
7890
3098
7956
4329
2898
5476
2546
1076
1118
46
4475
4134
4904
2392
7308
4442
6485
7158
6377
3842
5131
7886
3440
6975
6274
3202
428
3471
6434
1425
2513
5893
4713
2453
3266
4849
4845
5265
1566
4594
7539
2007
5250
3291
6588
4560
2978
4547
415
790
4471
6692
5583
2286
36
7608
6064
1485
1570
3412
2289
5963
7626
4690
1295
671
7505
6230
692
5343
1319
6831
4372
6082
1550
7110
4707
3644
8095
7903
2624
679
2238
204
5712
931
3361
6992
5449
6939
3089
7526
8175
2579
463
1902
3669
4641
6355
2803
5798
6417
4291
5482
7545
2892
2080
2868
6321
5912
2163
1930
3576
6499
7304
3997
6648
3460
3841
2613
6130
4633
3118
625
5691
3992
1998
2514
1845
4849
2368
389
4594
7615
5928
2459
3162
3790
4722
5701
167
5827
4790
122
6816
3486
6649
6198
1459
5449
2247
994
1357
1486
4356
6951
3841
2805
4953
209
7871
4713
1241
4735
1076
2271
5013
2285
5627
3504
3443
6818
6703
4275
6897
500
4253
6979
7029
7593
3568
6726
3255
4662
6527
1357
1357
1025
7631
286
2433
6380
2081
851
7695
5185
255
3911
6303
6320
6393
1944
6041
4707
331
5512
972
7730
7863
4905
3235
6499
1556
4347
2681
7717
3024
1967
3452
4749
5804
5764
1637
5273
1641
1504
1425
536
725
5185
1164
4017
450
783
783
4291
4735
5276
2960
1995
6767
5291
7964
5999
2929
64
60
5347
6525
5729
7821
4916
4528
406
2538
7067
305
2041
1774
7453
6631
1971
4372
7205
899
4594
411
5077
7596
534
109
7154
7375
7720
2301
4962
515
2433
5800
3885
2816
1321
1000
4944
5942
5086
1171
5884
4588
8047
4431
3477
7763
6215
7689
1076
1988
6104
1944
1824
6791
6315
2164
5896
1029
4658
2353
4863
2747
5380
7831
2838
6240
5721
1521
2205
4928
3280
5884
5049
426
305
4048
6417
2851
2867
1834
4442
5326
8103
389
783
3002
5631
7116
5850
7304
5497
5315
1143
4437
7814
908
3000
286
4358
2823
5938
3992
5800
3288
5587
587
4934
7419
1425
4491
5832
4152
2634
7910
5403
7029
2441
8186
6464
3176
453
853
7033
1523
4010
3712
3411
5890
6247
632
4429
3374
495
7273
3609
2915
1299
3586
517
4888
1587
2816
2903
7499
5469
2851
2894
7613
7445
7431
3146
3666
1234
7281
913
248
4202
2760
95
7985
4606
5871
64
387
2053
4483
7603
6691
7129
2323
1976
1643
5095
1200
1430
4719
3174
49
7063
3002
2533
3175
4744
34
1709
3288
5224
1137
123
138
849
5757
5016
1136
6863
6732
6648
3379
7339
1998
3465
523
1010
7154
5224
6700
5095
3969
4457
2657
5498
4912
5129
6565
2317
3666
1441
4034
6824
4623
3793
8058
6215
5380
4087
1299
4087
7432
4609
7093
2459
1965
3469
437
1048
3790
3740
5263
4694
6653
3346
4786
7924
538
3240
3254
7216
2127
3716
7827
4625
6176
1825
1384
5073
5742
3179
7252
515
2095
1971
7029
7256
8094
3571
3792
2631
6720
6824
8023
3684
1372
3161
133
1775
2544
3240
7966
1591
1810
2868
6303
7059
1713
4353
3438
5756
2868
3847
8001
5047
6205
2279
2578
3706
2276
5232
4396
1380
3795
4027
5185
2444
7978
2884
5128
1584
8103
1934
1220
1639
5920
6480
2049
1319
7913
1083
4419
7780
3257
568
3077
7200
6951
2512
320
2418
5704
36
2531
517
4214
725
7982
5589
6897
3245
7418
1544
6720
6303
1100
2167
4143
3267
5762
5172
7699
2608
116
5936
1584
3911
6262
7910
722
1217
1234
4595
7053
4389
7950
4652
7651
4878
6359
4885
6540
8046
1706
7048
857
432
7304
4905
6249
423
7915
1042
7369
4616
2051
5762
4027
1988
4270
5335
2127
5128
7692
5732
1597
2232
1042
7297
5963
5418
2927
5580
2359
753
5629
999
8048
3911
1971
4822
2597
3969
1937
3598
254
1057
4867
383
1706
6720
1164
3642
4017
298
6533
6076
1129
4374
5374
502
5073
5847
1234
1094
5792
2308
1589
7785
795
423
2894
5911
1042
1127
5109
4329
675
3051
3254
6474
5020
6152
1631
3055
8048
3790
1544
4424
3288
3492
1220
7041
525
50
5183
6369
1272
4374
1631
1979
1699
1453
5118
261
7135
2022
7443
857
4618
3504
2856
6020
5118
7029
5224
7207
3120
7234
5896
5688
3158
1928
7463
6960
3406
6131
5766
4355
4294
2635
123
1584
3167
6720
7110
5986
6344
5911
1234
3455
3733
3077
