0
0
0
10
0
2
0
2
10
0
0
0
2
0
0
0
4
2
0
0
0
5
7
0
1
0
0
2
0
0
0
0
0
0
0
0
0
0
1
0
0
0
0
0
0
0
0
0
0
0
0
0
0
0
0
0
1
1
0
0
0
0
0
0
0
0
1
0
0
0
0
0
0
0
0
0
0
1
0
0
0
0
0
0
0
0
0
0
0
1
0
2
0
0
0
0
9
1
0
0
0
0
0
0
22
0
0
7
6
5
0
0
0
0
0
3
0
0
2
0
2
2
2
1
0
0
0
2
0
0
0
1
0
1
2
0
0
2
0
0
0
3
0
0
0
0
0
1
2
0
0
0
3
1
0
0
0
0
0
0
1
0
0
0
0
1
1
0
0
1
0
0
0
0
0
0
0
1
0
0
0
0
1
0
0
0
0
0
0
2
1
7
0
0
0
0
0
0
0
0
0
0
0
0
15
4
7
3
3
1
27
2
1
2
1
0
1
15
0
0
0
12
0
0
0
0
0
1
0
1
0
2
0
0
0
0
0
0
0
0
0
0
0
0
0
0
0
0
0
0
0
0
0
10
0
0
2271
1775
7859
857
6552
7582
6438
4491
8030
4291
8011
2441
7940
6227
5107
3916
631
3225
3207
390
7673
2736
2958
3477
7246
4609
3477
2736
6135
348
3225
215
7405
5701
3541
7205
1550
5801
1602
959
3222
6513
7012
5874
8025
5874
6227
7408
1787
1664
559
4950
4475
5579
5928
783
559
390
631
5412
6796
2066
4609
4568
6708
7419
7451
2343
96
2339
4718
6824
3294
4931
2856
4892
1539
3220
2022
156
2796
631
6587
5579
5798
783
3389
7615
2796
2080
6053
6677
5412
5643
4202
1776
1931
1672
1774
7419
3004
6417
3161
7594
2869
820
7236
5470
491
7419
3861
3326
2343
7258
3389
5113
2676
4202
3741
7269
5738
6981
2796
6053
5778
559
6791
3188
3561
331
7872
5928
2645
4340
1631
4263
2110
6937
1787
4372
2777
2958
6791
591
559
5701
3389
5874
3483
7070
5520
5213
3768
5828
2960
5507
631
631
2066
5120
3004
2629
4361
727
4339
5701
7028
8023
7887
7871
3207
4569
740
348
671
5308
1852
5324
559
4475
5134
8091
7872
6812
3674
3035
874
6973
3188
559
6677
6846
7160
7910
6058
4881
6393
2066
960
460
1453
146
7570
4609
4202
631
4698
46
5165
5579
2736
96
7946
6006
4609
6367
4208
8149
7891
7117
6417
7901
3600
1654
4698
4319
7389
8030
6041
2441
6371
6332
4329
7236
5874
5619
6677
1550
361
5701
5798
5661
6135
3477
591
7320
7005
7284
2342
5152
7215
2566
4594
2066
4210
3711
2016
3188
721
450
1852
7901
4880
726
5224
5489
5650
5579
3477
4605
393
7596
6677
215
5412
2066
5874
3833
6314
364
552
2874
1460
4271
4202
4475
6582
53
4341
3888
4698
1672
202
5013
1776
2105
4824
4214
4175
6588
2676
3682
1051
2411
7596
7901
5579
4475
1944
2942
6901
5905
6616
5017
5059
2412
2080
7872
2910
4888
6227
6735
5715
255
2343
8025
4568
4242
2465
2405
5013
4644
559
5477
1952
4901
96
6053
1425
559
5874
7344
3488
3703
5075
4982
1323
2393
5874
4242
10
8155
649
1023
2411
2405
425
6395
5143
2298
3326
2192
3585
1944
4239
6039
7065
8101
4173
2285
3127
6677
6791
3483
4034
6101
2696
6763
4980
5370
2676
4961
7938
6817
3220
6487
3962
7481
7286
5013
7389
1880
8011
6677
2796
5687
141
1166
659
1609
2936
5050
8127
2532
5928
7872
5807
6611
155
1557
3488
3601
1856
189
3351
7025
2754
6277
7848
4631
5676
2308
2796
5594
4569
390
6053
5849
3944
7107
6801
6801
5562
4212
1813
540
2676
3682
692
6961
4988
6126
1336
4747
3372
2583
6743
3043
3739
1973
4370
3248
2167
3874
4569
2650
6417
6053
3633
4287
4816
1005
67
483
1006
5818
4802
3486
8154
5645
1167
3236
4624
3703
1336
5091
2519
7718
5067
4405
5307
5463
1337
673
7804
3142
943
3639
5928
5272
822
6783
6694
826
449
1110
6158
3620
3788
5379
5014
103
668
1107
1938
5967
7619
6383
1208
4103
4030
5579
1691
1407
6052
1583
6036
3583
1654
5825
7816
7967
3737
6783
4486
2735
596
3884
3657
8016
1492
956
2021
5330
5262
1216
5075
2572
3369
3637
7006
410
4609
6791
1000
2834
2484
1619
4421
7084
2406
3385
4554
1188
4966
7611
4344
4963
2925
6299
3043
2484
337
4126
5151
5144
8164
111
8014
2175
2570
4175
6510
1999
4609
6332
2158
2029
3420
6125
1722
3953
6036
7315
2341
2648
5312
173
7058
2368
2925
2122
3043
7332
976
3109
5144
6964
3779
1422
4216
538
3557
960
3223
5798
1595
1523
1726
157
1347
6201
2962
1529
4574
5096
5454
6791
7668
8003
732
3082
7607
562
3298
590
590
6745
1336
5538
8102
5945
2119
1958
1030
5798
8060
4847
4809
6737
615
2397
6743
1950
7232
3604
6784
3355
5997
5507
4663
7206
1855
2696
1439
2368
5075
4784
4904
1930
2233
5401
5885
2411
2280
44
8047
7673
3389
3115
2684
4053
3293
4525
5628
4655
3637
871
5319
3637
5798
5798
7410
2683
7111
6208
1898
6344
1156
4873
2525
2427
6966
4857
7246
6132
2001
4729
157
1057
2608
5457
3651
5874
4580
558
4679
2511
1559
2479
2146
480
5928
5643
7314
3718
3688
8117
6242
1176
3806
7874
2760
918
1256
1450
2918
2042
3043
588
4103
2449
4389
1865
2799
415
5031
6638
4904
596
505
5248
5806
6538
1764
6477
6354
1500
1801
5535
3714
225
7888
1765
3668
1133
4729
116
7413
992
7439
4283
4834
5276
4600
6371
7564
7015
5986
4016
1469
4437
5687
3930
2925
4999
2680
4388
5075
2522
5820
2393
6634
5892
1746
2941
5103
366
8025
4030
3788
7244
7757
4835
472
1539
4852
2811
657
450
6385
4214
607
116
7388
7006
2472
7073
4665
2904
4739
2497
4739
4853
8117
6906
3174
8011
6743
4150
3875
5013
3506
3249
4842
7207
1739
4644
635
2361
7700
3167
1774
7223
2572
588
6047
6283
6338
3985
4999
270
1242
7645
26
3588
2425
8137
5412
5608
592
7498
4318
5820
4202
142
7890
2013
1698
4707
372
6267
7939
1862
6119
1311
1331
2748
7916
2175
5578
5984
5967
6538
6784
992
3287
3751
6649
7940
7484
4154
2777
8163
5987
4450
2726
4644
5226
5390
414
5116
286
3754
6720
7299
5412
8143
704
7689
5687
7153
3220
7229
2634
7478
3795
7445
6877
3352
6038
4952
2192
3301
1767
4450
7131
2583
930
3432
1776
7209
1376
7239
2408
4852
2028
4475
4670
1944
3004
1774
663
335
3207
7246
1287
3004
389
6223
5411
4450
6168
306
617
3706
7704
4907
6616
6398
3823
885
3010
7871
3161
289
3588
2817
3762
7419
3240
6258
4670
7673
6820
5701
2958
5643
418
1048
393
1038
7764
6396
5893
5027
6464
5659
1333
1938
5286
1450
2650
1343
757
411
2610
3478
3687
7211
3682
4475
425
348
2896
3454
7615
4341
2369
324
3561
1513
1664
7424
6635
7596
3347
2497
4551
1617
6060
6850
5232
2343
5688
5687
3237
4085
5579
7258
35
4707
1245
2662
