0
0
0
10
9
0
0
2
10
2
1
0
0
3
0
0
2
1
0
0
0
1
10
4
0
0
2
2
0
0
1
2
0
0
0
0
0
0
0
0
0
0
0
0
0
0
0
0
0
0
0
0
0
0
0
0
0
0
0
0
0
0
0
0
1
0
1
0
0
1
1
0
0
0
1
0
1
0
0
0
1
0
0
0
0
0
0
0
0
0
1
2
0
0
0
1
9
1
0
0
0
0
0
0
24
2
0
4
4
6
0
0
0
0
0
3
3
0
0
5
0
0
3
2
0
0
0
2
0
1
1
0
0
0
0
0
0
1
2
0
0
1
0
0
0
0
0
0
1
1
0
1
0
1
0
1
0
1
0
1
0
1
5
4
0
0
0
1
0
1
0
0
0
0
0
1
0
1
0
0
1
0
0
0
0
0
0
1
0
7
0
8
0
0
0
0
0
0
0
0
0
0
0
0
13
5
8
6
6
2
31
1
2
5
4
1
2
17
0
1
1
10
0
1
1
3
0
0
0
1
0
0
0
0
0
0
0
0
0
0
0
0
0
0
0
0
0
0
0
0
0
0
0
10
0
0
6925
448
7393
1473
1479
6535
1584
7442
3047
6022
5919
5619
3223
2061
2448
2910
1690
709
3953
7164
1270
4415
7082
6696
7476
2735
2917
1856
5650
2309
2958
3220
3617
6741
7902
240
6626
3597
3412
4308
7869
1895
4952
1270
1589
441
4937
4446
3888
7702
7146
923
4344
1833
2165
8122
6322
2579
3886
4120
4092
6289
2736
7246
2015
2254
3225
3792
8037
7650
680
1659
3232
3004
2927
4462
5739
6983
2920
3833
1816
343
7569
3840
1898
3334
6985
2004
5662
7276
5241
2788
7872
7419
5013
2851
5869
6516
6174
5594
6384
7940
6384
7940
7218
957
5255
7772
669
7625
6876
2538
1907
7384
1319
6452
861
7060
3568
1347
7311
3977
6414
1461
5470
7901
3761
757
8149
2579
879
4895
3203
5813
2552
6389
6131
4222
1239
6782
3703
8003
1706
1544
7622
1584
3448
6876
5332
4737
893
5624
2945
7022
2657
559
536
3809
5842
5307
8066
3092
4623
7279
2538
7622
7064
8019
8048
6244
2282
2042
2291
5399
6146
3684
251
1865
2772
7691
3802
339
4737
5670
1674
4159
5040
6209
6425
3941
5579
7787
36
2015
1345
1094
2791
1048
24
7064
3186
3373
3269
609
5808
1451
1110
2656
2877
3307
3721
690
7009
2564
5709
5627
7389
4829
2627
678
2658
7918
2851
3260
2948
24
1474
7826
7386
640
2772
722
1345
7859
6901
1557
794
8136
3508
6530
5958
6924
7514
1562
6047
1178
1147
3348
4477
5081
4530
391
7950
7903
5943
3326
5232
5567
8023
6742
3573
6917
76
1724
6982
7133
3218
1518
4917
3349
6486
233
1387
4686
7879
7349
5375
1294
10
59
5103
1869
3445
1570
6322
1115
6010
2732
6613
7976
2791
7723
2719
7930
4137
2955
6559
7402
7105
3776
6952
231
1973
5069
4736
168
6488
4510
7501
6666
2921
664
7035
335
6124
6361
6518
7285
821
3816
5128
3666
2891
6895
532
3325
7521
4180
2475
2141
1625
6387
4429
1421
6898
7351
4531
7829
3476
709
1551
1977
6407
4021
5478
5918
5298
3089
4936
5021
4501
6085
1706
3158
7768
3426
6962
3822
4262
5772
6978
6813
7519
6924
294
3486
6893
6013
7125
5123
965
3753
1366
5586
4911
150
3529
6837
2085
7007
4137
6559
2165
4962
6137
852
7121
5717
2829
4592
4161
1400
2977
6490
6774
2715
3222
6439
2521
6939
6466
1585
1757
6220
3380
4149
5302
1451
3107
2990
1117
4933
4330
4536
1644
2195
6789
5898
1522
5223
5417
7547
339
4682
365
5638
5365
2521
6311
3303
6013
3209
7514
4736
4209
7195
4182
4823
1449
4156
306
7619
2895
7532
3325
5301
3680
5662
7266
3337
7906
5573
5897
6608
5135
2174
4693
2460
1196
6859
7020
1551
4815
666
3854
7931
2959
3683
3164
5821
4212
5151
5848
5930
5919
3795
4290
2119
5330
1860
1214
3362
5974
2809
7485
2439
4397
4655
4510
1352
1571
7829
5420
413
6298
4524
990
7416
2451
1366
7515
5804
2990
1800
5330
2305
4457
2207
7649
963
55
1950
1037
971
1214
6763
5243
2519
5064
6743
2529
7329
3011
3946
4135
1025
4518
3873
8127
493
3491
4899
7166
6662
1871
5044
6217
7767
262
4039
738
6653
2086
2750
64
2062
4214
2559
4682
7687
6413
709
2156
6170
5059
803
1973
4330
5199
5072
4674
4044
6220
2589
2982
1525
5797
2109
1450
34
2487
4885
3810
1582
7381
2658
783
4609
4569
7901
6392
4663
7536
7768
118
31
3730
4993
2706
5387
2299
1327
677
938
3076
5358
1694
929
4946
2598
7529
1207
2677
2137
7426
216
5237
3528
4735
3477
6417
4313
7578
7147
7147
1766
1491
461
7525
7835
6995
5728
6091
4199
8136
4957
1449
6313
1766
1332
7080
5341
8119
901
7610
1254
172
2393
970
3260
3389
5112
7806
3389
5874
3997
4621
7496
7988
7066
6292
2098
7814
504
6167
7476
4527
6399
3652
6621
655
6468
1276
5863
1458
4993
5167
1092
3938
4086
3225
4372
4809
4809
1620
4120
5798
6677
1774
2954
3805
7645
5456
4641
27
2847
3030
1986
6598
2145
5144
6897
6764
7760
5280
781
379
7392
6965
1528
5917
3662
923
1523
3648
5787
1607
1776
3389
6417
3825
7610
5772
5284
7857
3714
5191
5275
3238
1753
4982
476
8072
1651
3690
2649
3951
7535
6890
1558
4113
4966
8115
5262
6261
5053
4295
4698
7484
896
3959
2109
8178
3659
1711
2353
3441
3714
8139
5957
2386
7095
5597
6269
6909
809
1280
4809
2192
1926
4554
4827
6151
982
5617
5864
6729
4671
6041
6588
5997
1539
6393
5539
6763
1169
5156
3441
7738
2382
771
3947
110
1891
5910
4231
6782
8096
995
2405
5326
536
7784
3916
1312
2482
2777
3068
5385
1650
2061
4091
7443
3174
987
5539
6763
2691
5713
2382
7007
5330
3225
1565
649
7837
4501
3009
7646
7873
7174
5082
3220
332
853
1287
7445
2066
3240
271
271
4856
7393
7588
1225
4809
3529
7392
804
2307
6126
2394
985
960
1425
348
825
2856
4332
6573
2821
173
8052
3650
2676
6557
745
6305
1238
1050
4092
7396
1209
7812
4426
7384
4372
7967
231
161
3009
6609
483
7869
421
631
7673
1836
4701
2057
1094
6006
1663
4996
89
6271
5403
6796
1852
202
8127
4372
465
425
5112
2065
1506
6719
8160
7950
3107
6126
3919
2027
1522
1683
615
2513
8030
3586
3483
2257
2642
7217
451
6143
1273
6639
4703
684
2059
2215
5750
4406
2203
7304
2513
2251
4489
4560
6791
1039
1421
6129
1698
6552
5997
2938
1999
606
6272
7596
4139
7799
1151
5874
7598
2268
305
4878
481
366
6065
283
8
1125
4155
3792
1552
2309
901
735
7484
6818
4628
3140
1780
5603
6214
1698
2736
2958
4214
939
5619
4502
2499
1360
4319
5139
1595
5600
4820
4641
6897
4390
5756
6921
2679
2285
4406
8011
7867
765
467
7373
7514
391
4178
1482
3196
764
7827
2704
7874
2856
1315
488
7722
4809
1206
3389
1488
921
4955
591
500
432
2630
7
6337
7576
2629
5997
