0
0
0
9
0
5
0
4
9
1
0
0
2
0
0
0
0
0
0
0
0
9
2
0
0
0
3
3
0
0
0
0
0
0
0
0
0
0
0
0
0
0
0
0
0
0
0
0
0
0
0
0
0
0
0
1
1
0
0
0
0
0
0
0
1
0
0
0
0
0
0
0
0
1
0
0
1
0
0
0
0
0
0
0
0
0
0
0
0
0
0
1
0
0
0
1
8
0
0
0
0
0
0
0
21
1
0
8
7
7
0
0
0
0
0
2
4
0
2
0
3
2
5
0
0
1
0
1
0
1
1
1
0
0
1
1
0
2
1
0
0
1
0
0
0
0
1
0
2
1
0
1
1
1
1
0
0
1
0
0
1
0
0
0
1
0
0
0
0
0
0
0
0
0
0
0
0
0
0
0
0
0
0
1
0
0
0
0
0
4
0
5
0
1
0
0
0
0
1
0
0
0
0
0
11
6
6
2
2
2
23
1
2
4
1
1
2
24
1
0
0
12
0
0
0
1
0
1
0
1
0
0
0
0
0
0
0
0
0
0
0
0
0
0
0
0
0
0
0
0
0
1
0
10
0
0
7935
5943
197
1805
6413
6410
2280
472
8159
6215
980
5171
6089
8071
3861
575
3267
3151
1495
752
3849
7592
1009
4990
6246
3367
4085
2635
2780
6749
4355
5376
6435
1605
5196
6875
4595
3493
4732
2034
5155
8039
156
8187
2645
4999
1352
1845
3439
7034
5192
4987
7227
7739
3051
188
6338
3061
2905
208
4881
5322
2248
684
992
1136
8187
2741
7389
5066
215
6552
1176
4215
6295
3044
2633
2722
3023
6968
3358
6989
7584
3608
4230
1007
1206
1460
2319
2850
6804
90
2764
6002
137
7143
4007
124
6989
7028
5173
6830
2165
6799
5551
3360
2136
7716
2748
6159
127
4870
5226
6895
5682
5601
5888
5829
610
1860
5505
4934
137
7823
4241
4334
5163
4502
6776
6110
5332
4065
208
5730
1887
1941
4729
7915
1024
740
5664
1328
6398
4208
532
1155
6271
491
5107
1914
7446
1077
3717
7804
4350
7911
1506
3007
6262
8080
1928
6131
254
6371
7119
1785
381
3101
7645
2137
6756
5063
3418
3879
7702
7818
4006
2378
7591
5024
6380
6158
3688
7938
846
703
3322
3044
8159
4934
3120
6660
1596
2384
7911
7002
2365
5127
3382
7605
1063
5914
6199
5434
809
1555
7446
4803
1342
4829
1794
1395
6676
6676
3879
2412
7274
7220
7614
835
2419
4294
7956
4667
4539
4355
2229
1941
7928
6366
2268
2058
6603
3820
3916
1359
6687
2295
6687
1377
6687
7605
1024
6571
7668
6801
7375
6687
7446
5170
4827
3584
4873
3715
1600
5067
6973
2015
465
5063
4608
3922
4086
6159
1887
762
7146
2382
5089
3820
8168
1578
3371
5016
7411
2953
7181
5170
4138
4159
7818
4848
6500
3043
1512
4608
8048
5332
3490
48
2487
931
2361
4383
6509
513
7660
4665
780
1336
620
1720
8122
4943
2101
3836
6040
7472
6603
6801
2101
81
1104
3371
3384
4519
3077
7827
2464
2152
4694
2421
7389
6540
1825
1820
3751
1730
2536
7161
7881
7478
7713
5204
3410
5389
6486
4960
1742
267
4512
4437
7488
7818
1876
5799
5856
1997
61
6000
1024
4106
7914
1017
6307
7886
2576
3487
6651
3718
3334
6603
3387
1077
775
1930
1077
1451
8170
7730
2156
3957
5788
3343
5523
813
7713
4208
3384
4234
675
6228
4267
2817
5041
1409
1048
1880
2544
4339
1057
3371
1481
4770
3424
8163
4006
7630
7446
6959
1455
5976
2984
4127
1390
2619
4220
5011
3023
4328
7834
5587
1740
6215
3825
1769
836
4754
615
7077
2716
7442
1725
5745
4208
1202
3256
6200
2523
2604
1537
73
6938
8049
8156
5186
694
1460
3772
449
7375
6394
4916
508
1395
5801
6735
6307
70
5717
3176
2412
1939
6319
6433
2295
2523
4814
730
7274
2834
5968
2294
598
3588
246
2047
3310
730
2432
1203
5286
7409
860
7269
124
2576
6265
4694
7256
4241
193
3336
4271
3636
7938
5187
3826
7488
2020
6780
4226
2834
8070
6285
807
7798
3396
8085
4760
7949
956
6231
1847
371
6486
5292
1160
382
8159
4880
959
7314
5603
5422
4708
5896
4426
1040
3168
7557
2910
5362
2740
780
7733
1674
5430
5272
20
2020
5717
3097
3815
3101
7274
8008
4345
5514
959
1057
5092
3572
4881
2336
125
6075
1105
5896
7154
5751
47
7055
2834
2917
4839
846
5348
7088
5629
1023
5310
3065
1847
6742
1033
4953
10
1612
393
740
5403
8103
5128
2137
4479
1105
6660
335
2004
6438
2512
2130
4312
402
2384
4271
4839
846
2910
3799
1050
6972
1605
7751
1323
3306
5955
3472
2201
1760
1765
7398
109
6141
6686
4103
508
3911
1818
6549
4267
6009
1046
2374
1029
4361
3674
7938
2206
1511
6419
6881
3192
4541
4436
6236
528
2755
7671
4275
3247
1160
5236
3763
3078
338
5477
2465
5272
7591
169
109
1971
5322
1886
2548
295
3457
1950
1153
4275
2140
2945
3101
6092
8059
1286
5406
1033
2697
5861
879
4270
6396
3453
520
4835
3548
5192
6568
1090
7113
7722
3443
5403
1732
4234
5227
5749
3555
7153
4922
5141
2183
1121
996
1849
5263
846
6665
3343
3371
1167
4994
6396
6122
569
3060
2826
4551
6714
5771
4598
4493
1055
6346
4194
4412
3896
6268
5671
3924
3995
297
8054
6064
2539
315
5568
2189
836
113
1080
3023
2391
7974
3056
7547
3385
1407
617
90
7211
5780
3786
2002
5576
2002
5339
3051
1770
5101
6344
2410
47
722
980
4730
5717
4691
6043
1127
1136
5603
2305
58
2599
3329
4109
4771
8118
7383
7495
1333
665
5463
5440
4813
7327
3722
4625
6660
1021
7446
1500
2463
7415
6237
458
2777
1923
3772
1034
7195
4839
2412
733
218
6678
7867
2653
5767
5264
7231
6555
5587
1561
1470
7938
835
4239
4551
4700
5160
6810
8163
5745
2004
4570
3848
1698
7281
5248
2688
7231
4086
5196
1619
5622
5876
806
2280
5205
2374
3320
4241
7938
4009
6583
4533
6889
581
759
2397
2799
7592
5048
6760
4410
1290
6116
4955
3430
3037
4950
2520
810
4145
3463
2615
4912
751
1615
539
6903
581
1536
5075
5055
5628
1234
8103
6000
6222
5370
6540
3849
1522
2442
5332
5385
727
5099
5079
3598
7064
3623
6956
6979
6746
53
2901
3656
6661
4789
179
426
9
7537
2795
3848
7692
6012
7692
750
3581
1141
2635
4881
5075
6784
2248
4796
2960
2678
6279
1105
1217
4608
5067
4805
979
6532
2732
6259
89
5354
6336
7439
5386
7638
6717
2029
2749
4427
7123
7495
536
6406
1595
3358
1115
3252
852
1472
939
5408
492
335
750
1290
772
6271
4907
2249
5709
2312
5334
3623
1177
885
6265
4493
3797
5405
4350
4077
6395
2645
7143
5339
6583
109
7973
4672
3121
2266
5324
423
2512
5627
5171
292
3493
2312
7651
6396
5468
3722
951
1839
6927
6421
4719
3067
7258
212
6895
6441
2817
980
1217
6617
4290
1680
8083
340
4334
7593
643
5057
3085
5189
2608
4208
1093
3364
347
7722
1157
4640
4059
4353
4294
4174
793
5264
2932
2315
930
2349
4602
3883
