0
0
0
10
0
3
0
1
10
3
0
1
2
0
0
0
0
1
0
0
0
7
7
0
0
0
2
0
0
0
1
0
0
0
0
0
0
0
1
0
0
0
0
0
0
0
0
0
0
0
0
0
0
1
0
0
2
0
0
0
0
0
0
0
0
0
1
0
0
1
0
0
0
0
0
0
0
1
0
0
0
0
1
0
0
0
0
0
0
0
1
0
0
0
0
0
7
0
0
0
0
0
0
0
24
1
0
8
7
5
0
0
0
0
0
2
3
0
0
0
3
0
4
1
0
3
0
0
0
1
1
1
1
1
2
0
0
0
3
0
0
2
1
0
0
0
0
0
0
1
1
1
1
0
1
0
0
0
0
0
1
1
0
0
2
1
0
0
0
0
0
0
0
0
0
0
0
0
0
0
0
0
0
0
0
0
0
1
0
3
0
8
0
0
0
0
0
0
0
0
0
0
0
0
10
9
8
6
5
7
24
3
1
4
1
0
3
26
1
1
0
13
0
1
0
2
0
0
0
1
0
0
0
0
0
0
0
0
0
0
0
0
0
0
0
0
0
0
0
0
0
0
0
10
0
0
5694
6871
393
3453
3699
3933
5027
5628
4543
4694
3995
4127
361
3301
3779
5360
2790
1055
5839
4294
2741
5376
7472
6184
1922
5747
5495
6249
7176
3367
4729
3457
2327
6533
3288
510
6095
778
2705
7950
8133
1660
6646
7659
6418
6665
6840
7735
1991
5357
7188
7176
7256
670
4128
4966
6184
3700
303
6760
2996
2915
1084
4506
7956
1094
6717
5492
7795
2591
426
3922
778
83
4332
4288
860
2488
3053
3169
8085
1741
1114
2408
1246
2488
5969
178
408
4978
1359
5709
2607
8094
512
7512
7025
7209
7795
227
4295
681
7732
137
740
6361
5849
7797
190
6905
6101
6775
4541
2804
2043
6898
4726
6158
1451
322
1897
2307
7276
3710
4595
2280
3044
2591
7281
5057
2762
2421
6095
5309
1536
83
4007
6780
5610
3373
2725
2386
236
4137
2759
646
2814
6314
7448
1332
856
5691
7068
3737
5872
2378
4241
6372
1768
7828
3078
1040
3230
2164
1076
1617
7592
4809
2773
7075
3622
7137
3064
5841
2964
3107
4985
537
6180
874
6862
4665
1212
5799
5004
5262
7248
4095
5236
3320
1020
1539
1822
5317
7178
3470
7467
2856
1672
4155
5801
3483
1553
2804
6905
1991
2888
3583
5246
4138
5564
8007
5674
610
755
2259
2237
4184
7815
6515
7255
8040
5232
4049
639
7148
1979
715
3783
4569
1155
2811
3823
860
2302
7988
2871
1197
8007
6840
4512
1725
4665
5959
6206
216
856
8168
7147
7793
141
7009
3782
3933
7492
5275
2628
6827
3740
7852
6799
5248
6372
1213
4312
63
578
489
379
408
5932
6855
7659
3923
4715
5270
1375
3248
3327
5533
2065
5894
578
5083
2368
2661
4689
1362
4511
3510
2686
6344
5150
5986
2850
3470
3162
7716
4642
578
1636
8054
8007
5953
7659
6047
6486
4360
7152
2250
5565
3982
8119
3659
6855
1676
1468
4545
4741
5210
2463
999
820
2232
3933
2765
913
3121
3287
6393
1223
6236
8054
6418
5683
8179
7969
709
4159
7412
7659
6854
762
4868
2291
6676
2528
2883
2029
6372
6253
7189
5682
7143
4898
2418
3077
6907
2951
8040
2410
7941
2001
2955
3622
3133
7248
1149
236
2231
780
3273
3583
1663
1104
4929
4456
2893
3417
7161
6015
4294
3824
5810
6887
1411
6958
2443
1565
5191
142
1293
1566
820
1343
7690
661
856
6039
5327
6537
2730
1596
5968
2599
3737
4599
1968
755
2382
4871
2656
4412
2278
1027
7854
7823
3347
3368
2762
3402
7777
5835
1289
4729
2421
2986
6695
6080
3546
3546
3040
408
7449
2054
2020
4871
3737
2190
7658
2094
3101
5186
6572
7866
5587
2152
7106
2136
116
2811
263
5403
5547
3077
2671
6843
4700
1746
1291
3757
1761
4983
5841
3097
5769
1115
216
1390
6101
6160
5354
7562
2621
233
4016
7258
3449
591
2999
3897
1769
5107
3236
7795
7867
7330
210
5115
3095
3443
4722
4280
3133
5917
3509
3829
7117
3987
7375
1604
1421
4477
212
5612
7983
5139
4350
3695
2764
2832
6664
1285
5492
6667
4106
6847
4487
3045
3848
7995
5874
5555
5440
418
826
4221
2874
4501
563
5968
6486
1720
7728
5969
1395
3203
3659
3237
1732
3510
4615
4990
6714
7455
1954
2850
1769
2318
5277
3733
5063
2986
5146
6179
1280
8025
6677
4697
4999
5061
6956
4665
5379
6757
4360
6905
142
7446
1602
3835
2560
7995
4852
6977
5513
7209
7243
3553
7090
3359
7153
5185
1602
143
307
2027
7451
1774
425
1664
3763
1903
4765
5955
3295
4610
2386
2319
2962
1995
7013
4239
2192
486
617
7846
3699
7921
2418
5515
2576
7227
1241
3153
1055
92
1898
6677
5798
4237
2835
1620
6482
2020
3135
3629
2158
856
2386
282
7412
2991
4718
5608
3077
5682
2152
4692
6199
591
4605
5647
8085
6005
778
6927
1079
558
7110
740
2856
3947
7424
698
2080
4436
5151
2156
734
6905
4576
5799
7875
3717
3997
3240
7615
899
1765
882
3637
1213
7256
4876
4742
7369
2029
4355
5547
142
1508
3326
4448
4609
3541
2541
3188
4775
3141
4665
2614
6352
1297
2933
7477
474
718
7892
4383
6660
6355
2402
6441
1219
2136
3510
5964
4476
3623
626
5226
906
4065
83
5276
2736
4475
3225
441
7282
7006
352
6993
837
956
1881
4418
3866
5787
7264
1776
921
7132
3077
4892
729
5551
7948
3968
732
6299
5456
354
2372
3144
3542
6384
3004
3225
5279
3048
209
6653
66
6157
7496
5816
6264
7987
1292
4983
3225
1209
5322
4194
1285
8080
5647
2242
2780
6356
7113
5185
3457
1742
4215
90
450
7716
3454
3225
3741
960
215
1004
1112
388
975
211
3585
5944
7405
4341
2339
5283
4796
4722
2136
7122
7025
4329
7135
304
2284
2737
6540
7463
7262
4326
3068
4881
7405
3876
4343
2244
5576
7615
7484
3959
4784
4029
5019
3326
2986
2496
5066
3981
5682
5730
2318
6203
7261
1256
6257
4355
5902
3440
1797
7786
2967
951
4519
4672
6868
2051
4594
5079
5112
7063
5112
4341
5778
6227
7063
1776
8025
4341
5537
7764
5680
8010
1252
959
1821
2496
1740
5957
2522
1527
3777
7455
5701
4312
165
6521
1322
1042
5376
4007
1774
1238
7484
3541
1029
3541
3389
5650
4835
1087
3793
3360
1009
3503
1550
3636
5187
5095
1520
7148
449
36
4651
2195
5551
4786
2597
8040
1978
5433
8106
4053
825
7451
4233
7419
5661
5746
5997
1595
2421
4703
3288
383
7031
369
4561
899
5117
1493
6632
5581
4017
1020
7453
1856
8143
6659
425
288
6384
7940
6635
5314
5470
7901
4233
3504
5112
559
5279
960
5248
5807
4703
3686
1279
8133
4593
7031
3995
5292
7455
1131
960
897
631
7919
7178
3453
7716
384
6307
1664
7716
1411
2986
5115
7615
3220
6761
1595
2686
686
6002
1238
1698
7673
4120
4018
6553
4007
7798
6795
6356
3482
1803
7497
1468
3363
992
3664
1643
2780
2629
6070
539
304
2764
6796
5279
4146
6384
3291
1664
7246
7673
4293
2513
6549
5718
7040
702
5749
