0
0
0
11
0
1
0
2
10
1
0
0
4
0
0
0
1
2
0
1
0
0
11
0
0
0
0
0
0
0
0
4
0
0
0
1
0
0
1
0
0
0
0
0
0
0
0
0
0
0
0
0
0
0
1
0
1
0
0
0
0
0
0
0
2
1
2
0
0
0
1
0
0
0
0
0
0
3
0
0
0
1
1
1
0
0
0
0
0
0
0
1
1
0
0
0
7
1
0
0
0
0
0
0
25
1
0
7
6
4
0
0
0
0
0
0
3
0
0
0
5
0
6
1
0
2
1
1
0
0
0
0
1
0
0
0
0
0
2
0
0
0
1
0
0
0
0
0
0
0
0
2
0
1
0
0
1
0
0
0
0
0
1
0
2
0
0
0
0
2
0
1
0
0
0
0
0
2
0
0
1
0
0
0
0
0
0
0
0
1
0
9
0
0
0
0
0
0
0
0
0
0
0
0
12
4
7
6
4
3
25
7
1
6
3
2
1
18
1
4
0
11
0
2
1
4
0
0
0
1
0
0
0
0
0
0
0
0
0
0
1
0
0
0
0
0
0
0
0
0
0
0
0
10
0
0
4479
4630
4975
7197
3902
426
3923
6649
6540
61
369
4418
3475
1716
722
6058
2893
5512
3426
1484
780
5337
6821
6222
956
5815
8147
5494
2665
26
5010
5560
2741
1091
7745
4496
4290
6623
966
2972
4175
3056
781
3303
3098
1293
4504
2374
1652
1855
1477
6930
5011
7181
527
2382
5655
3563
4928
2782
7765
3554
1817
3612
1752
6760
2793
7292
3533
2362
4640
4841
5964
3582
4919
1977
6040
6656
2830
980
7257
6638
6399
5585
6957
1858
755
3488
5260
6805
1635
4093
1177
5820
7946
6476
5045
4343
1961
1740
2573
2425
3078
2661
4112
5683
5366
6676
2427
2645
4690
3221
3692
27
5634
7538
6151
1338
1451
476
5260
3135
7000
3773
1607
6438
4689
206
7227
1309
3672
2489
6926
2143
7864
1182
6156
6762
6151
1858
1352
1695
5976
2435
4021
6107
1338
4715
5786
3865
7249
5670
2090
6408
4746
6664
1521
4043
7745
4504
4585
6929
355
1971
3475
5907
2682
3221
51
7855
7146
6928
2291
2206
3718
4231
5444
4791
7111
4814
502
4306
71
2990
6242
3441
3881
4857
244
3132
1361
3159
132
5018
7074
469
3909
1176
1229
6638
1858
1730
3895
7066
5772
2353
5358
7352
2445
6623
1599
4131
2175
7607
1640
3646
1186
7146
7043
4361
5430
3821
2204
7573
7573
3445
4740
258
3469
3720
8084
596
1623
5522
4983
940
8098
655
3508
7352
4967
7658
1914
5597
3201
3201
4682
3333
459
809
3283
6012
3747
7110
753
6651
2887
3925
1430
3748
7180
6601
4705
2904
2643
1730
7697
3446
3604
6305
4983
8183
3043
2098
7899
3940
1710
6180
1431
8132
5151
4665
3254
758
1029
4521
2286
8191
4374
8086
7321
5226
2002
2351
5471
6129
2643
5260
6352
5274
2846
6463
610
1276
6638
3865
1477
1710
4682
7352
692
4967
4999
2380
2665
471
1709
4905
4187
3440
4713
163
6845
4975
2002
5555
5251
3784
6631
6279
2519
461
6723
2366
3987
5155
4602
7687
4682
6269
5683
1587
1376
5815
6996
6222
7155
1103
1160
4785
361
6545
7845
758
5525
7786
2410
5614
4159
350
2007
1208
449
5274
7095
7111
315
7411
1336
107
4676
1026
6357
2149
5447
6299
2447
4765
5282
5288
2466
1861
2498
5897
4546
7908
6023
3284
6262
5706
4108
4967
3467
2691
7000
7257
3183
4688
3868
3397
4791
3836
6043
7999
5532
2263
4962
4212
3897
7389
4896
5766
5704
1407
4160
4134
5157
2146
2442
7613
4809
3278
3068
5458
5135
2363
4450
7697
4450
6201
3563
7249
5471
2730
1294
7875
107
513
6862
1886
6453
7216
6340
1110
5775
1090
3773
6776
7254
4988
325
3995
5595
3571
8138
5652
4093
6123
7060
8072
3592
1599
3879
5003
7870
5366
6107
6557
2206
5510
6112
1675
4489
7801
6112
480
2057
6210
3249
1488
2057
925
334
2522
6132
6618
1082
6972
2560
2943
5188
4369
1855
2366
1623
1569
6279
762
4791
1458
4855
5035
1535
6899
2034
1900
2217
6176
3793
2850
3455
2512
6188
7321
8016
3608
349
3379
3210
4565
4111
4906
5156
1569
4051
7177
2735
3441
1623
4715
25
77
1988
899
4270
1453
5531
304
1287
3823
802
6326
7625
1861
1458
4444
6168
7357
651
4872
547
7464
7706
2353
5522
4208
2582
5418
5797
6468
6400
2171
6687
1280
3469
1213
7233
6822
1468
4445
1292
2379
7676
2328
1206
6295
2626
7812
4387
7539
7282
7253
4020
7153
663
4148
4253
2098
5594
5144
6352
7875
6080
624
820
827
5921
4572
4844
1752
7942
8133
7574
2103
2583
7357
5332
749
7188
174
6897
2925
2790
5266
5284
7908
2034
4613
4442
3838
5132
7879
2908
1977
6210
5542
7928
6198
3386
2022
1265
6935
2248
6521
5442
4987
6989
8157
5027
6201
4509
6776
2028
4604
676
2188
6453
2408
60
7928
2263
6884
3599
6348
3003
3526
7199
5748
7463
7816
2577
165
4418
4753
5580
7839
3440
1035
1226
1883
5046
1035
3577
3741
7277
5175
5319
5875
1287
6600
7575
4844
4822
5177
2683
7235
2489
3661
4375
2975
7663
5185
7464
2123
8040
3386
4367
6895
3084
6470
1343
5352
1213
6297
4820
2494
3389
4857
7617
566
4315
2149
515
1361
7966
7911
7827
6827
1296
5553
5886
4771
6817
5514
8136
5390
1786
2109
4667
8086
1200
6953
2898
3386
2123
3968
4791
6925
6371
5079
3427
3533
2127
3688
7767
1324
2761
4775
8089
2986
547
6958
2419
7617
3025
3469
8009
2995
2328
3244
2034
8021
462
4727
2654
3532
4111
3960
4788
1978
1965
1565
5858
4937
6276
6123
4309
749
6353
5078
6128
415
3382
6759
981
6902
4413
3480
617
759
2999
6183
2034
5732
4020
2034
4241
6922
2283
5893
4018
1613
5209
3666
382
5475
5099
5594
7
4753
4241
1285
5504
2662
2485
7213
7541
14
3010
3386
6985
35
3847
2109
6906
4375
2328
2057
7033
853
2420
1236
3359
902
2152
7888
1577
4572
1587
5343
6276
729
4914
7860
61
4921
2808
4713
2824
4067
3504
6124
596
6176
6015
4737
913
4977
7720
4605
3092
453
6864
4016
2466
7745
5146
372
4758
2369
7299
5904
5019
6281
2662
5516
182
1949
7319
6967
1339
5314
3022
5584
3082
5288
5945
6876
6216
5191
7595
2232
6864
7507
6876
7388
4151
2290
3734
6022
6436
1339
5131
295
500
4205
7699
3728
2835
5608
2374
7595
5313
686
1606
2675
2624
4955
3577
6294
1673
4190
4667
7250
3676
1732
2328
1163
3835
2119
2809
886
3679
1849
6355
4115
5829
1607
7269
1662
4055
2378
6668
6902
4658
6117
1411
2353
7164
1803
2252
6273
2071
482
1522
1871
2209
7323
3533
6480
6654
6025
3237
3513
1845
3244
2408
6689
6737
4419
1602
5868
5314
1478
1544
1776
5530
219
7110
7718
4698
5408
4703
3161
6651
4812
2408
6442
2802
1522
1594
2464
6480
5933
2470
2748
6438
1312
5684
7784
2541
383
7190
615
4788
5754
925
5999
6002
2378
3443
5191
3572
1300
6972
1538
7219
2331
2815
5889
7072
6176
1664
6469
