0
0
0
9
0
1
0
2
9
0
0
0
2
0
0
0
2
1
0
0
0
0
9
0
0
0
0
3
0
0
0
2
0
0
0
0
0
0
1
0
0
0
0
0
0
0
0
0
0
0
0
0
0
2
0
0
1
0
0
0
0
0
0
0
1
1
0
0
0
0
1
0
0
0
0
0
0
0
0
0
0
0
0
0
0
0
0
0
0
0
1
2
1
0
0
0
4
0
0
0
0
0
0
0
20
0
0
5
6
4
0
0
0
0
0
2
0
0
0
0
2
0
2
0
0
1
0
2
0
1
0
0
0
0
2
0
0
2
0
0
0
1
0
0
0
0
1
0
3
2
0
0
0
0
0
0
0
0
0
1
0
0
1
0
0
0
0
0
0
2
0
0
0
0
0
0
0
2
0
0
0
0
0
0
0
0
0
0
0
4
0
6
0
0
0
0
0
0
0
0
0
0
0
0
12
4
6
5
3
3
24
5
0
4
0
3
0
11
0
1
0
11
0
0
0
3
0
0
1
1
0
1
0
0
0
0
0
0
0
0
0
0
0
0
0
1
0
0
0
0
0
0
0
10
0
0
4146
5779
1595
7393
2467
4663
5144
1623
1338
3567
5834
216
7073
3657
5556
6399
3283
3634
3169
7743
2187
7257
4752
1623
3169
27
7743
2291
6400
7521
3135
5358
592
2697
2747
531
7946
5848
5366
5366
8100
7683
326
326
6837
1730
2187
6305
326
4060
7521
8057
8057
5683
1326
404
7521
8057
1477
2291
1695
4958
941
7212
6258
1576
939
3504
6814
7212
1730
5358
5261
4446
709
3489
7257
5634
7697
4104
5834
810
7404
5358
4323
505
1922
2139
5358
5366
5240
6400
4983
796
5514
806
202
4867
6635
3888
6631
2250
107
5848
5535
1515
5572
6580
7864
51
3446
168
1608
2939
1515
5042
4401
961
755
6998
7356
1378
7875
2427
7181
999
5419
4796
2066
536
202
6245
488
287
5261
4696
6463
1208
8072
6123
8141
3657
4323
6631
4104
6673
4780
2982
3030
5042
755
2448
107
7374
6400
7743
3881
6124
4887
4800
2916
4326
1281
4475
1155
7412
4676
3567
6399
6010
5182
1957
7276
3125
4696
7367
4780
7841
2994
5353
4527
7429
2427
1104
5510
41
7697
381
5865
7258
4273
7138
1857
5419
7764
6818
4214
6745
6755
6468
427
2251
4863
7420
4624
2098
6862
596
5353
4658
7140
6638
7404
2291
7429
5366
3030
755
1336
1323
5778
5650
4670
2678
2484
3777
2423
1550
1942
7190
4373
8185
3446
5458
326
5064
8137
4890
2735
6638
7748
1957
4780
5260
709
2291
326
505
2197
6352
1390
3862
3541
170
211
6481
4207
5402
5191
4011
2773
1854
6393
1761
6971
4104
7429
2615
404
2291
596
6229
4446
1429
5022
5284
4323
6151
4767
5556
6399
6964
4199
1774
5945
1836
4578
508
7143
6974
4841
5454
1279
2361
6475
2283
4776
2655
1338
4993
3308
5240
315
4791
3165
4780
461
2583
5111
1827
6685
7683
1080
1651
7901
6320
7187
3443
5220
2597
3207
2285
7928
6442
5680
288
7506
7568
7389
3152
7438
1186
4767
498
5286
4369
5291
4993
5572
545
4621
5274
4775
1243
5370
396
7506
4291
7868
592
441
5350
876
1715
5987
6384
783
3225
157
2442
3623
3326
469
5930
7478
7212
2904
4655
7800
176
3308
427
1578
1753
5671
363
46
5133
2411
2066
592
4670
4053
6826
2463
6227
2986
2661
2484
4543
7855
6533
6824
6135
5701
4547
5008
6999
1801
3805
2482
4993
5614
5458
3759
1707
4369
6605
5326
7006
5365
5489
2411
559
5279
960
588
1539
2557
2136
3320
369
2777
1309
2778
5063
4852
3154
2688
168
6125
8139
4515
1560
4907
2619
6955
1259
5291
5512
5785
5744
4693
2008
1852
3541
4578
2309
1944
7679
3121
708
3541
158
617
1821
7330
2358
992
3346
4236
7500
377
1797
5458
5182
1469
7537
1376
1184
2584
4967
5165
5596
7796
5125
5024
1621
5517
5779
7874
1661
5236
3901
3993
7921
4876
6372
5364
215
4020
5317
1443
1115
5284
2305
3351
7388
2584
5184
2353
5572
500
4992
5436
5165
1011
7796
7195
7160
170
3561
1032
6125
1362
5470
7315
390
6421
1711
7614
5923
1685
2249
992
3594
2820
7308
1801
1673
4992
2760
789
2939
3730
4379
411
1118
4214
3774
458
3120
4237
1415
1488
7011
4106
1715
1187
2219
1524
1748
3010
1613
7798
5650
1287
721
4148
680
4637
6519
4010
466
2947
5181
2225
2156
4701
7593
5324
4060
5744
990
8047
5531
4784
2837
1797
1452
6409
255
3834
5778
5214
4972
626
4825
6419
3897
450
5561
4333
680
5561
2678
3551
2934
7237
7326
1289
3594
288
1224
2855
5447
1289
6015
1514
1562
5566
4507
8190
1411
1488
7132
939
4522
631
914
7350
2766
5798
6123
1532
6181
5326
3503
6391
4529
6674
1057
6467
5744
4018
7290
7923
1038
3159
2286
3515
7415
5214
3057
1147
2318
657
5326
7090
3589
200
5919
8080
4112
6406
7446
5780
157
5749
1334
2296
1118
4344
5160
7077
4640
1395
4758
1556
2051
5714
7499
7839
366
5588
4152
6295
1076
4476
2771
6436
520
1333
5709
7613
1151
3636
208
3682
3986
5057
783
1535
1200
6074
1947
2379
8160
5521
4640
5620
6940
1038
2960
5631
5515
4329
650
1815
4419
5272
4442
7490
945
3487
7596
4651
2459
6203
2566
5463
3274
945
6465
8047
5332
2030
7911
3741
3326
6760
7415
4290
4793
5744
5714
901
4512
5259
3589
2820
8092
2781
6273
3453
1836
1245
5513
7577
4643
1965
7547
6948
4904
932
5160
3993
7290
524
3594
7464
3808
2345
335
1163
8047
5957
3175
7141
2227
7154
7606
4116
930
4454
7330
1201
754
2662
7464
2929
6228
5603
7639
7736
4339
5659
5751
1521
1539
2016
5913
2737
5322
61
4294
3455
4349
2915
5561
4140
5577
3014
6960
1186
7461
5798
4907
628
1804
2169
3340
2042
3171
3933
5924
4378
7799
6114
1180
5403
5523
791
3503
1219
2494
3259
5283
7012
3161
4640
1010
6903
3313
3517
3555
1591
5053
3050
7034
635
2483
1861
5584
4214
3482
2973
472
2067
7415
4651
6720
4029
1341
1886
1404
3823
7673
2861
5531
1767
3571
460
3326
6672
3017
2500
3812
4822
6370
692
1217
3404
596
1479
3844
3810
1256
1141
6889
4077
695
6714
1353
3123
924
4089
3287
1857
7507
1600
7034
5183
852
4670
1819
3078
3004
2106
7697
84
3249
846
2297
1241
4207
3819
1290
6012
3132
7963
5403
5177
2505
1180
631
2378
8092
5477
4778
6406
4581
5915
2419
4352
1238
3071
5405
1894
6648
6232
4809
6315
4142
5712
793
3224
4379
388
6408
6824
5801
7198
1481
6804
5701
7613
3991
414
7722
6803
619
6552
8080
3588
591
2922
411
2657
5882
254
939
7722
6019
7455
6656
1662
1824
5194
1661
7759
3843
7015
6531
6453
5447
6321
1965
7063
6289
4575
3504
5867
5619
6475
1281
3577
7011
835
5902
5654
6521
7022
421
6571
6989
2665
453
1361
350
5977
4722
7109
739
1536
7695
4525
5185
3044
6602
5447
4912
7909
2119
572
1285
4236
7419
7910
897
2586
1238
4020
1732
