0
0
0
10
0
8
0
2
10
0
0
1
1
0
0
0
1
0
0
0
0
0
6
0
0
0
1
1
0
0
0
0
0
0
0
0
0
0
2
0
0
0
0
0
0
0
0
0
0
0
0
0
0
0
0
0
1
1
0
0
0
0
0
0
0
2
0
0
0
0
1
0
0
0
0
0
1
1
0
0
0
0
0
0
0
0
0
0
0
0
0
0
1
0
0
0
6
1
0
0
0
0
0
0
21
0
0
6
6
3
0
0
0
0
0
3
1
0
1
0
3
0
4
0
0
0
0
0
0
0
1
0
1
0
1
0
0
0
0
0
0
1
0
0
1
0
0
0
0
0
1
0
1
0
0
0
0
0
0
1
0
4
2
0
0
0
0
0
0
1
0
0
2
0
0
0
0
6
5
0
0
0
0
0
0
1
0
0
0
1
0
8
0
0
0
0
0
0
0
0
0
0
0
0
10
5
8
2
3
1
25
3
1
3
1
1
0
8
1
0
0
11
2
0
0
2
0
0
0
1
0
1
0
0
0
0
0
0
0
0
0
0
0
0
0
0
0
0
0
0
0
0
0
10
0
0
6182
756
6087
7878
4040
6735
2185
5009
2414
6469
114
6672
1003
7143
3526
3230
5100
6645
2369
6450
2544
1584
229
5133
5780
1124
10
8067
2778
7854
60
5749
4931
7286
5438
1625
3789
5176
72
3288
4103
5101
5515
2092
1057
6667
6384
5428
4189
4269
2006
1544
3435
7670
6480
8040
6850
1107
1289
2418
5054
7233
3117
2501
3037
2152
5319
5060
3573
7067
1870
5143
1680
5629
7281
3404
7846
1536
791
4312
5174
6668
7956
6555
6170
5928
3188
1523
7874
2922
4926
3899
3783
2780
2244
6571
4087
4064
2317
2804
3573
6356
7296
1842
6027
3697
4806
2308
5189
4817
7417
792
7475
1864
2583
6469
1776
1576
5412
499
1279
3046
4562
5167
7941
5350
5833
5629
3040
2689
5638
4986
341
4084
4955
2343
1508
5119
5350
1775
5627
3577
7591
6492
5387
1702
3359
3435
6356
7495
6562
6743
1801
2336
325
4822
5454
7230
2894
915
1419
4773
5348
7312
2123
2762
7866
5507
390
2066
5013
1082
36
1680
783
289
6743
5417
710
8181
861
6426
4347
7144
4236
1283
2597
2430
978
5514
7861
5587
2416
160
1951
7135
6404
1272
1733
486
7806
3564
7012
3572
4318
6427
304
6370
290
2746
2115
7846
2655
905
6083
3704
6783
6463
7722
5531
1285
1441
2152
2478
528
681
4397
4853
1303
3471
931
3346
5507
8155
3170
7744
3307
522
2001
7332
3355
6860
5428
4718
3559
7547
6555
4169
70
6800
4350
5514
1534
7290
7498
7658
2410
5866
7402
4741
4145
879
2836
1363
6238
4007
3682
927
7562
4987
3346
6035
7811
61
8075
6831
4616
5275
5428
4442
4427
2352
802
7746
6344
4343
3405
3358
5709
4787
4045
1773
7274
5788
6276
6002
1350
3186
47
4399
287
7352
3629
6906
6369
1506
4087
4885
1588
5191
5477
2192
4698
6306
941
3759
6396
1057
3995
6660
7065
1663
2999
4120
1791
6719
7966
5165
26
931
1235
5249
5842
6269
7352
449
1890
6058
7294
434
1753
3411
5474
1687
6430
6306
6384
1911
4021
3526
1232
1242
7715
6731
5275
1776
340
2523
788
1154
4474
6967
4839
1647
2364
3030
4682
7249
127
5367
4785
4644
5537
5462
3508
6399
2717
7061
1217
920
1489
2540
7940
2534
8129
7227
5751
83
4835
4346
4170
255
2676
5594
3773
4744
781
3998
3940
1710
3030
4231
693
7981
265
2187
3985
3776
4847
4346
988
8176
727
2015
4482
2015
7788
7417
5171
1539
8093
4771
2214
26
3720
6818
6760
3804
265
7317
68
1992
68
6269
4180
5462
2990
5908
1730
74
1035
4980
6930
1860
4963
7546
5232
959
8139
4213
5751
1566
142
7547
3553
1181
4346
7860
8004
6938
7899
4752
5740
6757
2304
1687
5683
1477
4323
1730
1104
6791
755
1710
781
3125
5608
2314
1525
3148
6785
5322
2410
6672
2803
2129
2036
2382
4368
7255
2359
6215
3865
5366
610
826
2645
600
5366
8076
3770
3441
4635
2658
2291
3866
2197
2830
5102
1652
5353
680
2481
3740
7051
7237
4853
379
1477
4180
7465
7899
1766
5626
74
7374
6998
4343
5909
4718
4946
265
5462
2573
6335
7146
5908
5634
4622
2211
7875
4104
7478
2453
7801
3804
692
4784
2764
2168
3508
2990
6269
6692
3985
4682
5683
68
3482
4862
3510
6384
115
379
6180
379
4976
4655
1560
1896
6653
7317
4248
1280
2121
6149
6681
6634
617
7716
7072
2832
8117
5991
1021
7527
498
3985
3940
1687
5090
5594
3728
1971
2343
6400
4180
1484
1766
4658
2175
5681
2043
7317
5358
4359
5874
2914
7401
5156
6686
1567
6344
4987
6760
6724
6307
4033
7788
2770
2427
326
4401
3160
3985
1242
7162
5479
4576
1484
3009
4323
4449
4255
5652
4831
4678
7852
4569
1787
3435
5263
3716
1649
5075
193
3687
35
3061
4869
7767
4533
2443
2874
4982
326
2624
1104
557
3290
4963
1687
4682
4180
4395
624
7155
1567
518
3987
2884
5643
5852
3298
3805
7645
2318
1176
2986
4315
3802
5164
4533
7688
1766
1477
5497
8050
6809
6400
2999
1686
4214
1707
856
1710
1477
3282
1876
7475
4329
4611
7241
7786
2414
6465
4591
2011
1941
2832
5063
5322
4732
4277
3406
6269
171
4683
1578
2094
1528
3283
2645
4574
7162
4594
6123
7743
2021
3595
6993
5192
4607
722
3985
2798
369
657
379
2550
2737
5334
3078
899
7198
4510
3518
1477
5366
5655
610
2960
2660
6540
2408
8080
4630
5831
14
4442
3988
672
4214
14
472
2746
4737
2933
280
5995
1858
5407
4106
137
6827
6818
2121
4021
4440
3030
5353
2643
4855
2104
2182
5551
6350
5247
384
1082
8188
163
6395
7217
738
5720
4809
3240
5909
6806
7728
4090
6557
6269
4594
3584
5100
5272
782
7906
6698
5407
7430
5834
168
6735
6818
7956
7656
6758
7123
4274
4339
6695
6123
4735
2572
5016
7913
1488
7868
138
4902
7068
4863
8183
680
1736
3044
1343
355
7270
6677
7903
107
549
5834
472
4605
4574
4841
2897
7055
2182
2009
4539
6031
4794
1856
5019
5144
3092
5456
2182
1710
8183
4697
1451
461
5594
7333
575
3923
4487
2661
5013
2534
6862
2165
3240
5010
4616
7013
7699
2897
6108
583
30
5749
3773
111
6247
6089
4599
2183
3835
5462
5462
7060
40
8185
8030
3022
6469
6554
2824
5173
6553
45
1136
5357
14
7373
6657
1595
3584
2558
4362
3276
7401
81
3537
1195
7131
6788
2764
6818
652
8057
5358
505
7430
6158
7556
138
2136
1580
3226
4569
6384
3004
6820
7137
5543
148
2304
2114
3715
1534
727
7738
518
6833
692
1855
654
3236
639
5821
4735
7146
1922
4946
265
1673
8048
4475
4522
6337
4929
1672
4233
6384
4202
2265
6342
4325
6245
7451
6760
8094
947
30
4691
5771
4718
3993
7534
4315
3057
213
718
4696
5286
6746
3362
1968
3470
7995
348
2672
7084
2942
7936
7419
4475
5010
4292
5956
5364
7956
5041
2101
6571
4343
4519
6555
6435
6332
925
6967
1725
5064
7148
