0
0
0
9
0
1
0
3
11
3
0
1
1
0
0
0
1
3
0
0
0
3
8
0
0
0
1
1
0
0
0
1
0
0
0
1
0
0
1
0
0
0
0
0
0
0
0
0
0
0
0
0
0
1
1
1
0
1
0
0
0
0
0
0
4
0
0
0
0
0
0
0
0
1
0
0
0
0
0
0
1
0
0
0
0
0
0
0
0
0
0
4
1
0
0
0
3
0
0
0
0
0
0
0
26
0
0
9
10
5
0
0
0
0
0
2
0
0
0
0
4
0
5
2
0
5
1
5
2
0
0
0
2
3
4
2
0
2
2
0
0
1
0
0
1
0
1
0
1
0
1
1
0
0
0
1
0
4
0
0
0
1
3
1
2
0
0
1
0
1
0
0
2
0
0
0
0
1
0
0
0
0
0
0
0
0
0
0
0
3
0
9
0
0
0
0
0
0
1
0
0
0
0
0
11
5
9
6
7
6
31
4
4
4
3
1
8
27
1
2
1
11
0
0
2
5
1
0
0
1
0
3
0
0
0
0
0
0
0
0
0
0
0
0
0
0
0
0
0
0
0
0
0
10
0
0
5785
4616
5109
992
1602
1697
3816
6836
5848
7761
3104
4682
27
5652
5370
4807
3377
7864
1694
8147
118
3192
8100
5366
4682
118
3130
1933
1708
5655
4537
4405
1523
5964
4377
5672
2525
704
1029
5999
2737
2187
1477
3104
5462
6437
6617
5410
6434
1608
74
961
1696
4205
1986
5597
7465
176
7864
4541
1666
2697
6554
762
7389
3777
4162
3132
39
4038
5351
3942
5161
649
7374
1477
1710
7683
6880
7604
4401
4455
5366
8037
1707
2847
3104
6180
176
4464
4108
8061
3842
2177
6336
7446
853
3740
1150
4111
7416
484
2482
6377
271
7795
4698
6557
3508
5462
2943
8100
7317
6378
7761
427
8057
3104
5597
1694
7177
3023
359
4030
1594
6208
6078
6653
4574
2327
6021
6021
7966
3320
1381
5196
4093
2426
5530
2408
3998
1710
1696
4205
8037
5353
505
6557
3940
5597
1694
6595
391
1930
1812
2122
1078
5899
1619
7478
1521
7463
4215
7918
1890
3997
2735
3267
3699
4018
1621
2999
4058
6017
5683
2992
3069
41
4993
41
5597
6704
3966
6692
4576
7352
1727
7478
3883
5170
1115
4138
6871
3391
7314
7711
7573
2112
3922
2092
7533
2560
3287
5326
5857
3168
1347
4014
1719
2847
2847
6269
3489
976
3940
5597
7465
5991
6554
2207
7846
6623
7702
7282
7440
3321
2430
4294
5513
82
3851
4881
6915
3096
2630
5067
7716
1610
6440
3125
6378
7771
5597
3283
7430
8054
3104
3940
7687
1788
7446
7193
462
7137
6205
4058
7314
5277
2004
1639
684
3631
4594
3594
8106
460
3363
932
6926
2661
2005
4537
1696
2291
7066
1976
5262
3866
5289
1844
3838
35
4478
2354
980
2643
420
7630
4325
5620
4643
3002
7156
6865
5967
2924
4758
1917
3081
7918
6968
2374
744
4673
1552
2769
5782
3330
71
8183
464
3130
393
1275
6996
5877
3631
3988
685
7308
1420
6825
671
1522
5662
7654
2783
7376
717
3824
2119
6689
5994
1014
3252
250
6066
4527
7735
6667
3152
1386
4349
4614
6361
2100
5016
149
715
6545
7564
4927
6508
4412
531
3876
3740
292
7489
3213
7014
3643
511
731
7497
3870
5472
8105
1442
5737
427
1219
4136
5458
4020
5203
7326
7763
5053
5157
8187
695
3714
5536
4616
7884
4689
8157
3047
7187
970
7861
4953
2557
931
3263
4274
369
7691
2640
295
5530
5677
1930
3480
523
4504
4019
4350
4011
7505
7764
887
6563
6761
7229
2910
7179
2940
3440
5493
921
8048
1886
3322
3358
97
3288
2631
6982
4666
5057
1289
740
1739
3044
5833
3282
7883
6162
4361
6660
4796
1598
441
698
5224
3161
518
6993
1981
7958
1040
3572
2661
8006
650
4517
6464
6479
1477
1461
3733
3092
7688
114
330
3659
3631
4848
4162
2576
3809
432
5156
6634
1082
2620
1848
5458
5319
3826
3368
269
5684
5997
3572
1594
3510
5384
2538
4682
8057
2550
6411
5973
6548
8084
7352
1431
8075
5677
6653
6852
6562
2118
4813
4398
5792
673
3828
866
2479
7961
2576
7711
5690
4504
6458
2119
7840
5155
3328
5578
961
3198
331
1748
5967
1710
3104
6754
3577
1782
1890
7561
6703
5320
7575
4311
1153
3330
3754
7373
3416
791
2572
3575
6445
3003
604
7903
4073
7768
4893
4993
3090
7847
332
4685
1992
7771
4105
2633
3475
3886
5127
250
4796
7086
457
1232
1928
1950
902
1836
1424
2244
797
5659
3821
5644
4953
7337
3215
8057
4455
5578
8057
7212
2633
3125
5042
1695
4982
4873
3986
3220
6227
5792
7702
5027
7845
6656
5066
3067
3701
1611
2016
1821
2830
1494
4118
7601
7621
35
3437
8100
3169
6750
8100
107
4679
7317
2847
6628
7117
5873
6861
4594
315
6955
6721
1623
2635
4580
5477
2562
4106
3330
7921
1535
2442
8128
6233
999
4732
1154
322
4430
67
5782
1013
5042
459
476
379
5597
5990
1294
1945
1694
5860
7760
2455
3353
6988
6000
3480
3696
2691
1530
2683
4942
83
6104
5801
34
4092
5403
612
701
4401
1013
3032
4455
3489
3940
4681
7504
107
3032
1696
6664
2983
6070
6577
3373
4928
5201
8103
5390
6433
127
5115
5531
158
1941
3608
1742
4374
6508
6763
1922
8057
6325
858
1696
4680
856
5597
5478
2574
3169
3183
4385
1793
6336
3687
5003
2413
402
5531
2614
4618
2075
6777
5714
3528
5689
5727
1367
5227
3119
3107
5462
2847
6704
1846
8166
4767
3940
4696
3489
3169
1945
1997
6449
3847
3515
1347
6464
7040
2724
5863
2002
2192
7614
2796
7665
5214
1081
7289
1594
317
7276
6734
5740
7521
6979
5972
8122
3657
1477
3032
8147
1545
7436
2130
1483
7143
4779
3416
5215
1503
2757
8176
4700
1224
7199
486
7940
3755
6154
5684
4585
6214
1111
7352
3985
3283
7445
4868
7875
7317
5022
4780
7477
717
879
4934
255
5143
6645
2815
4261
7283
4960
1439
4623
6743
2830
7246
4758
6877
537
4619
1932
5454
5415
161
4678
8166
4868
7875
8057
7932
3283
5797
4143
2527
6869
1169
6645
7654
1353
6058
1234
1338
5939
105
7622
2925
3844
6433
2393
966
3194
3230
5600
6598
7240
7899
3192
3268
7212
5960
1073
3069
5865
5111
2034
3811
4842
4477
4111
6441
6941
1127
1556
865
1233
1472
2546
7626
6689
4160
5170
6967
3806
6549
4814
7524
5667
3279
6619
976
6181
22
6485
2427
5546
5425
3251
2800
7663
5007
512
6691
1124
3722
7307
419
4732
7151
237
4734
3122
2244
6116
6319
999
5492
355
5714
5624
5453
2330
4611
5670
1305
3030
5740
7465
6048
7521
2550
3152
5163
674
3338
1453
3778
5028
2364
7908
5622
2470
718
2620
3077
1023
7527
4792
4457
4489
6967
5848
1477
4360
222
4090
2251
7264
6930
5908
3104
7317
2550
308
4703
1042
8071
5187
6835
4345
3700
3582
393
7763
1031
4381
5284
4559
5236
1289
5007
7595
6005
1766
3508
3201
3362
891
984
3717
4244
4137
3866
1484
7367
45
3454
1466
6861
2932
3555
4267
7775
6588
3741
1154
7888
6112
