0
0
0
10
0
5
0
2
10
1
0
1
2
1
0
0
0
1
0
0
0
3
8
0
0
0
1
2
0
0
0
0
0
0
0
0
0
0
0
0
0
0
0
0
0
0
0
0
0
0
0
0
0
0
0
0
1
1
0
0
0
0
0
0
0
0
1
2
0
0
1
0
0
0
0
0
0
1
0
0
0
0
0
0
0
0
0
0
0
0
0
0
0
0
0
1
9
0
0
0
0
0
0
0
23
1
0
11
7
6
0
0
0
0
0
2
2
0
0
0
4
0
3
0
0
1
0
0
0
1
0
1
3
0
0
0
0
2
1
0
0
0
0
0
0
0
0
0
2
1
0
0
0
0
1
1
0
0
0
0
1
1
1
0
0
0
1
0
0
0
0
1
0
0
0
0
0
0
0
0
0
0
0
0
0
0
0
0
1
6
0
9
0
0
0
0
0
0
0
0
0
0
0
0
12
6
7
5
3
2
26
3
0
3
2
0
2
15
2
1
2
11
0
0
0
1
0
0
0
1
0
1
0
0
0
0
0
0
0
0
0
0
0
0
0
0
0
0
0
0
0
0
0
10
0
0
5874
7615
2285
2777
2676
5798
5279
1075
2405
6384
96
2130
7491
4651
3180
5928
1620
6332
4365
456
4242
369
3682
5382
6227
3150
6227
5048
744
2483
2916
2285
568
2285
3806
4291
825
8025
5288
26
3851
2676
1821
6321
2271
1457
4501
3874
2916
5364
795
7768
5385
744
2390
3181
7864
4714
2979
6031
6321
1062
5232
390
1680
6082
96
2629
5801
7901
1748
932
4011
7872
7910
795
7497
6931
2148
5307
667
531
6215
5992
4698
7497
3539
6867
1426
6819
5562
210
3386
7180
1600
7570
7408
5833
5608
4214
5013
5594
7798
6307
698
1523
7887
6735
7741
3779
648
5869
3990
6261
5705
4642
390
282
3833
3868
7231
3868
6931
7389
1709
1046
4329
4007
4341
4796
5998
4383
5874
1209
3835
4274
1863
960
4340
3433
4040
6090
7257
1283
7768
6780
5389
2158
973
5641
7760
4323
7743
8010
7568
1113
3481
740
591
1550
7190
6895
5232
1224
2796
3542
2856
5272
418
4644
5428
4291
2888
703
8054
3827
2769
5331
6962
2310
1145
1628
5042
2658
5156
67
3507
3689
5470
5715
6227
764
7777
7209
1546
1660
1595
7049
3806
7887
783
7258
215
7083
3000
1530
3343
755
7249
701
7400
455
809
3718
3430
5486
6555
218
3399
1086
1415
6438
6000
3861
4412
6521
7299
2512
2967
7995
5171
2560
1155
5272
4809
1416
2275
6687
5052
5670
3034
2275
846
379
3282
6399
3189
81
2427
1604
179
5564
4392
6650
2229
5322
5715
1275
8151
2015
1217
2850
5427
7545
5507
3402
2285
6203
661
7151
1555
2311
5366
2804
6268
377
6194
5007
5655
7430
4598
1812
784
7137
3386
6438
8023
5892
6031
4504
1522
7640
393
740
6031
7872
1032
6025
390
6417
599
3279
563
7667
498
8026
7704
3130
5270
7859
7062
2809
8099
516
1144
4928
4175
2002
5077
2285
7798
6508
2280
5063
2343
1312
5947
2181
1540
3531
559
7901
535
734
5286
5011
1687
3215
6443
498
267
3567
7438
2090
6494
7840
984
8106
2271
1029
5173
2773
2662
5477
6265
5892
5664
6459
4402
982
4327
814
6147
4015
5561
6808
1507
5496
1326
4997
6241
5968
6905
6468
1898
1336
3324
735
690
2483
1534
7491
4448
6227
1565
5650
6973
1776
2930
2153
2819
6479
1773
5083
1239
7487
5176
781
6300
5940
5505
1753
4138
1451
6506
6297
2735
5512
5379
6080
3732
5198
966
6321
7910
5173
7872
591
5997
1576
7475
2488
5876
8003
3463
6956
5819
1840
5106
344
2625
2275
6961
2291
3657
8185
4437
82
2682
3201
6381
5911
2546
4595
7908
6321
5385
7236
5173
3326
7190
7350
7708
7671
734
5188
7346
6231
3327
4601
3836
7542
5917
4025
6687
3570
168
5144
4123
2558
5550
5741
5989
35
3161
4847
1046
5024
4291
7545
7492
486
7872
114
2853
6476
3193
8120
5907
3221
352
168
4313
1115
7375
4328
4313
2284
7720
176
2933
6010
4166
7607
6332
1009
2558
7028
1534
4716
1680
6660
6227
5909
6227
6089
6122
691
3718
6723
1695
7460
6298
5634
4850
8132
1336
2498
1872
7005
4301
8166
6865
5484
2533
2796
2679
7827
5731
8021
8176
2512
3651
6756
1224
7011
4478
575
5756
267
3371
1730
755
1858
505
168
646
7523
7274
5852
4611
4280
1978
5460
6905
666
3258
744
4759
7902
7061
7845
8151
6438
2825
2244
4150
7691
3589
5886
7615
7472
8052
2264
8057
2058
3135
1378
3757
4282
6687
2680
4899
4651
7258
1576
5120
8184
2796
4255
1958
1081
7119
1046
1029
5833
2552
7980
5232
1958
7827
5403
7798
629
7879
1145
4566
2073
5240
7438
4402
4890
4850
3195
7861
5514
5288
6041
4175
2878
1279
8021
6989
36
4339
5982
3651
7618
16
3120
2679
1680
3120
6218
8021
3682
7450
6555
5440
1501
22
4683
2288
6244
6755
6549
2654
5385
7012
5292
6973
6733
5385
2632
5567
4027
3651
3651
7618
5485
5364
1224
5290
6041
1046
482
7887
4651
4190
7480
7760
2568
3195
5251
7249
7308
7491
7587
4521
482
1870
2442
249
6036
8030
1308
811
5143
7625
8176
7497
7582
7236
1279
5048
6053
7670
657
8143
508
6183
2799
3776
6146
7131
7370
2021
2336
1836
1680
2271
1818
2632
1907
4809
4643
7753
5077
5507
2410
750
2799
1535
4007
5687
4242
1576
425
486
486
5010
7196
6869
254
6556
2738
162
7835
3717
4835
7933
5796
6168
5840
2105
6438
6002
6361
8155
3120
7582
4067
7497
3469
1164
6000
2130
744
7545
1739
7230
1584
7491
61
1680
4242
2969
7060
7932
5746
1329
7314
5523
1708
3898
5185
61
3445
7188
1234
2934
3414
1836
7415
2512
5220
432
6827
568
7491
7294
5107
6438
2552
4668
3651
7781
3154
12
1931
3597
1619
2782
7265
954
4437
7130
6571
4533
4309
2697
1234
2104
2271
5715
6508
5364
5048
2410
6552
6417
2002
3686
7827
7384
3702
2062
1308
5185
7243
30
1826
3543
3241
3543
3441
6400
2101
2213
1562
7497
5183
2782
6733
163
3414
61
369
5982
5248
7956
1550
7063
2916
109
7827
4900
740
7408
4533
5891
3849
5867
4033
1725
6138
7438
2387
6589
5727
4706
4686
7405
7180
7706
1234
2948
4763
4573
4830
1709
7788
3252
393
1595
6053
6450
1716
4027
3790
3682
7155
2697
7475
4543
5369
2834
449
4362
6496
1812
7073
3725
3286
1029
2271
721
4525
3460
2458
795
2558
7598
249
3572
2541
575
3240
7435
4759
7980
1680
5077
5801
4011
3386
2442
4561
594
1773
6699
3711
4868
4241
7793
7141
8190
3224
4011
5322
4984
5689
6552
5594
4383
657
3959
4594
5507
8025
5485
2062
7028
1279
7910
3651
6059
5220
3682
1944
3399
4611
5788
916
6589
6685
3689
4478
6124
1168
5210
4062
5975
6441
215
5279
7615
1550
6677
4202
4609
5024
5118
5077
1595
7956
1067
5833
2459
1075
390
7872
5622
5770
273
2295
2099
6653
7841
5928
1550
3577
2359
4199
2548
397
2092
6997
6227
1550
783
2777
5048
2684
