0
0
0
10
0
8
0
2
10
0
0
0
2
2
0
0
0
1
0
0
0
10
3
1
0
0
3
1
0
0
0
0
0
0
0
0
0
0
0
0
0
0
0
0
0
0
0
0
0
0
0
0
0
1
0
0
2
0
0
0
0
0
0
0
0
0
1
0
0
0
0
0
0
0
0
0
0
2
0
0
0
0
0
0
0
0
0
0
0
0
1
0
0
0
0
0
11
0
0
0
0
0
0
0
21
0
0
6
7
4
0
0
0
0
0
0
3
0
1
1
3
1
2
0
0
2
0
0
0
0
0
0
3
0
1
0
0
1
1
1
0
0
1
0
0
0
0
0
2
0
0
0
0
0
0
0
0
1
0
0
0
0
1
0
2
0
0
0
0
0
0
1
0
0
0
0
0
0
0
0
1
0
0
0
0
0
0
0
0
3
0
10
0
0
0
0
0
0
0
0
0
0
0
0
10
10
9
0
1
6
23
3
0
1
3
2
1
23
1
3
0
12
0
0
1
1
0
0
0
1
0
2
0
0
0
0
0
0
0
0
0
0
0
0
0
0
0
0
0
0
0
0
0
10
0
0
7711
4131
6374
4418
3236
930
1354
8044
930
2801
6074
7938
1947
7510
6291
1685
1121
836
125
7938
7658
4169
2189
6350
1647
474
4234
4883
4241
244
879
7315
4476
1121
2315
3463
7488
7510
3825
4529
5370
7604
1115
2914
2412
1115
5659
6279
2691
7201
2749
2859
244
7534
6291
3601
7510
5370
7881
1342
1685
3369
5090
1088
5653
5659
1685
6200
10
1605
7201
3601
5027
569
5659
7201
2315
4410
7106
1639
2397
1791
4125
2723
7315
7201
3403
7201
2930
5887
1703
1847
336
4848
125
7900
3241
7711
5887
3403
4839
6087
3772
371
5370
5027
6074
2933
5659
5681
3267
846
1530
193
5055
1951
4803
4131
1121
3333
2859
4918
8078
3302
5677
879
6145
4187
7290
4169
4572
4271
2691
5887
4898
1115
4421
1481
5370
5090
7199
1791
1115
5370
426
1088
512
2933
6993
125
2749
3355
5603
7018
5208
3140
244
4476
879
6425
6546
2073
3463
4997
4537
2781
2691
4030
7704
3146
6087
1088
879
3403
3548
382
3146
130
4208
2101
7658
6291
7938
846
734
4616
3592
6968
4421
5677
930
4918
7388
3895
5159
3646
2267
5352
3543
1811
2385
7498
2781
1286
7265
3371
6605
3638
7843
3601
5653
2683
4220
5068
4271
1511
3958
6132
2925
1100
2352
3902
2914
4169
7718
4583
5681
3014
7388
6125
7305
6175
2267
6846
6107
7006
3333
5122
7315
1088
3241
6993
4539
7510
8116
879
1093
2310
7123
2583
5820
4449
4208
5677
4215
2384
1951
5317
6190
5416
5405
3000
5983
7677
7998
1132
5155
3553
3333
710
1703
2859
2101
6956
5825
1738
4476
1596
5825
6467
6672
6052
6109
6624
244
7818
2930
2859
3807
1290
2180
5922
2705
1738
2160
520
155
3351
1855
2368
58
4108
826
7855
1347
7055
5986
1338
5832
1511
1812
6001
3958
8163
6664
173
4
2393
2637
4215
382
1855
6151
2408
1812
5880
7002
155
5820
2315
6555
155
2643
5189
6005
1158
329
5463
8139
3805
6297
4328
8067
2925
2099
6562
3613
3193
5370
4220
6163
879
3717
2059
6960
532
5158
1339
2803
3189
6555
4051
5306
7738
8139
2368
972
2387
2460
3189
1855
1107
5986
267
7244
7738
2149
5592
4159
1511
5122
2683
7231
5368
5603
425
6259
2020
3305
5808
5835
1121
4802
7111
4241
5535
5501
5075
4108
2505
8039
2726
5655
3884
6871
6631
992
2665
1093
5603
7900
4476
2735
7206
5090
512
5315
8069
2913
6716
7292
619
1947
3463
5226
6147
6125
6356
5075
1501
6267
1404
7711
2090
569
7534
6294
5319
8044
3371
5504
5745
193
1115
5027
5090
5745
1511
1511
6605
3338
6546
3392
1864
5897
1082
2801
5383
520
5075
7677
7605
3284
4493
2206
2315
2363
3687
3751
1353
1321
2315
4200
5468
8189
3764
3193
6279
846
5745
3601
1876
1812
1876
813
3083
3636
3435
7914
155
5075
2122
3247
2238
186
2622
1591
5745
2850
6356
5521
2591
781
6033
8162
2786
8049
6742
3500
6665
7130
5180
7478
1812
3987
6434
1426
4551
716
3435
6147
6299
4593
8163
304
5027
6052
879
3535
3715
716
2826
1785
4435
2469
2604
3181
4473
2598
7718
6480
3894
5671
3351
7265
6531
6459
2735
3886
5071
6738
2430
936
389
4245
1235
1353
3144
7290
168
7604
7942
44
3267
5308
6396
1336
2523
7257
6442
5501
3236
3825
2368
596
2485
2418
6997
4744
2175
3656
5960
4949
1707
1055
2149
7086
2195
3487
2522
449
4907
6816
5614
6336
3825
1136
1223
5926
2900
7764
2583
7998
2829
3894
2829
4963
3236
2573
1796
6895
2577
1133
2732
4914
6271
2843
6654
4594
6238
6208
1018
1744
5498
1284
6661
6750
1115
7964
3464
2153
1040
1951
836
3601
2933
4539
3825
7658
3369
7375
1855
4533
7285
1299
6828
973
5515
1202
4420
7689
3364
2387
5465
5705
8076
4575
3272
276
4086
4241
7564
5319
2001
3667
6430
6350
836
1587
5535
596
3236
8035
8044
778
6724
6122
6555
3777
966
2646
7660
3011
860
7616
7895
6150
7926
3260
4216
1284
643
841
6259
2341
3337
2348
7520
2252
172
193
244
5090
8186
6811
1235
3433
4692
1751
583
3627
6582
5003
546
4496
5304
1005
3652
3959
1579
4628
7810
1672
2645
3403
1664
5034
7864
8172
6847
255
6797
1193
3886
5128
6053
7106
4131
5805
6265
2635
7498
6494
4206
993
5198
6198
4975
3132
6582
2155
4399
1776
450
3351
1928
1310
6704
4198
720
6806
6938
6925
4847
6649
772
2698
35
7097
1474
492
5964
1097
5187
6110
1269
5852
3267
1527
7180
4131
3083
7265
7881
3388
4929
8056
610
7637
459
4578
7864
1481
3696
4584
7640
5005
3210
5401
739
1685
5696
5102
913
7738
7893
6078
2225
746
8105
6810
5954
7417
2709
1210
2933
2013
4589
6147
156
7439
6205
1852
2058
1115
6020
1540
7171
7860
3493
5694
2415
4450
3718
8106
967
4729
3834
3654
7563
4482
7786
6224
392
6966
2709
2073
196
5187
5255
3995
7281
3346
1940
215
1847
2726
6131
1826
3209
6165
5630
4744
6249
4914
5104
7756
6321
2196
5160
5055
4379
852
5993
5883
7583
6151
7448
2834
1968
3637
1248
3338
2206
5160
7911
46
1223
7176
4497
3788
1435
8121
7661
4985
1443
3782
1647
2597
1748
2352
1742
7199
933
2942
573
3847
6737
4107
6913
7138
4918
148
1213
5766
4792
3762
6249
7796
1950
8004
8041
5417
6831
170
5720
3858
6271
7002
1105
3995
6520
2030
7415
7255
8093
7583
1838
2984
5112
664
2622
5419
5370
6716
5923
8159
1733
7915
7470
2193
2686
239
1675
2633
4062
170
1071
4503
7699
2278
177
5752
3686
5077
5463
6063
4546
4707
3654
1895
5385
1071
541
6927
1478
3696
573
7148
486
6199
7948
945
1523
7383
6627
1709
2996
4261
4087
3988
201
6634
4957
7401
5957
5484
7497
4270
6237
3504
619
866
1155
4817
393
7029
109
7722
3185
629
6109
6441
1309
4124
215
6121
1009
2868
7732
987
7758
2118
7654
