0
0
0
8
1
0
0
1
10
1
0
0
1
1
0
0
2
1
0
0
0
2
7
2
0
0
1
1
0
0
1
1
0
0
0
0
0
0
2
0
0
0
0
0
0
0
0
0
0
0
0
0
0
1
0
0
1
0
0
0
0
0
0
0
2
0
1
0
0
0
1
0
0
0
0
0
1
0
0
1
1
0
0
0
0
0
0
0
0
0
0
0
1
0
0
1
6
0
0
0
0
0
0
0
24
0
0
10
5
7
0
0
0
0
0
3
2
1
1
2
1
1
5
1
0
1
1
1
0
5
2
2
2
1
1
0
0
0
0
0
0
1
0
0
0
0
0
1
1
2
1
0
2
0
2
0
0
0
0
0
1
1
0
5
1
1
2
0
0
1
1
0
0
0
0
0
0
1
0
0
2
0
0
0
0
0
0
0
0
2
0
5
0
0
0
0
0
1
0
0
0
0
0
0
10
4
5
10
6
4
30
2
0
5
3
3
2
21
1
1
0
14
1
1
0
4
0
0
0
1
0
2
0
0
0
0
0
0
0
0
0
0
0
0
0
0
0
0
0
0
0
0
0
10
0
0
5687
783
5112
4291
3068
1023
2410
1765
1595
1155
138
764
3389
425
4207
4233
6635
8143
4735
6791
2958
3959
450
3959
4575
1672
4867
764
7582
7868
5650
4522
591
4950
4053
2686
3901
6002
6295
6353
1765
7492
6188
47
7332
3326
2686
5530
4575
3068
4053
4053
1620
7431
5048
3068
5120
5756
8025
6481
2918
2657
3123
5129
2182
7777
3647
2541
7716
6967
1853
2655
7512
2661
7910
7860
6465
4853
280
4053
4317
3068
1291
536
6011
4317
536
2773
7806
5664
5279
283
7012
3223
7063
4475
1595
7956
4641
6571
5096
2299
2682
2050
2981
2862
1343
4106
4926
4359
7167
835
4641
5756
2686
2686
4784
3483
4293
5801
3068
4094
5428
437
7995
2737
4698
825
6306
2684
7244
1258
5919
7117
2366
3819
4720
1711
5222
3402
6371
3287
3631
7788
4029
600
5314
5730
3223
4317
260
2892
4448
920
7984
7468
4835
4519
1926
5013
5801
7942
3482
2351
4810
2341
4323
5834
3451
6229
2122
2999
3483
6271
1926
7733
7148
600
7806
7545
3326
4239
6357
3413
7294
4641
559
4233
7784
3594
4214
825
6355
837
2175
3441
7111
459
1515
8072
4676
6468
6187
3059
6973
2562
6875
4636
6306
4317
538
7431
1133
5687
3594
2184
2650
6041
4293
6945
3052
338
3483
3477
4346
3557
4317
3446
5834
2982
6318
4323
6809
6468
3063
7938
1721
5009
4686
5059
2484
8188
3443
783
6315
1523
121
2686
2686
4053
5112
4089
6902
8155
2699
4233
3557
3378
2303
5125
5604
6270
7117
7400
4432
3169
2342
6733
5967
6984
8072
5564
8125
2405
2856
3851
1037
3223
3068
914
4317
3401
5489
6945
3223
225
600
825
1424
1523
1483
7274
3958
5254
5655
4468
3279
5289
7404
940
3553
7242
4527
5617
3605
6122
5687
3326
4053
6593
5073
450
8030
4628
4568
4233
1926
4065
4053
3585
6683
2095
1212
524
1839
6002
1606
716
6909
2050
6349
6151
1183
3335
6762
1528
5392
76
5915
7582
568
4878
2686
635
450
5077
3223
4233
4155
5172
2686
283
1115
56
1117
4488
6960
116
5706
4077
7786
2148
6204
4260
1183
3463
1323
2350
4601
1194
50
2361
2986
2499
538
3528
4641
3223
3068
6587
4233
3223
5285
2777
7153
4928
5783
2007
858
3559
1465
338
2449
177
516
2174
3830
8003
7293
7536
4663
5061
7266
1356
1024
5010
8143
536
4155
1539
6902
283
4484
5687
7063
6796
393
449
7356
5834
1560
4359
3538
6705
4554
6651
4574
4410
7814
3833
5568
4773
6766
971
6175
2441
4317
1224
4155
4568
568
7236
6393
3477
4475
4317
3483
2835
1595
6295
1827
5260
2994
6632
296
560
6632
3363
7332
1941
2363
6991
7444
6045
1108
1590
418
5507
7431
2411
6117
6540
4269
883
2924
2099
1343
2777
5013
8025
5275
7153
483
847
7805
5614
7932
1070
6616
1282
4509
5099
4615
1704
2904
6825
1640
382
1819
3168
2682
3233
451
5685
6727
4434
6971
7949
6153
7107
3782
6031
26
5470
1115
253
4515
3082
5572
7895
7748
3165
7718
972
7547
3904
2982
7805
3149
1783
2237
1330
142
6813
5992
5117
6712
270
5328
1487
2475
3451
4388
1487
5283
698
5018
1827
2448
972
4863
7387
1429
3363
6201
8186
7585
6122
4610
5064
7805
5440
1107
7111
6161
4423
253
5797
6736
2682
7687
4527
6138
5535
5334
5317
5687
6002
5322
1541
4021
858
1707
560
4791
1403
427
1599
6714
4034
2230
3921
3149
3634
4512
4423
3356
2981
3819
1489
961
3819
4323
4369
945
427
6580
1725
3851
4841
635
8003
7306
3467
3467
4791
5353
6616
1608
8136
6229
6288
443
2712
1523
5090
2475
3692
5556
3921
7306
5692
1571
326
6673
2448
8072
5983
7847
2724
137
4029
3326
2740
6387
4602
7963
949
1608
5317
1561
6134
3883
5919
3762
5489
6074
4495
8035
6270
4132
476
7242
7370
4678
7931
5246
3356
5358
5692
253
7460
4329
5115
4841
3470
8035
2904
5834
1694
3289
1797
7018
7340
6926
7301
6799
5352
4298
6842
5866
107
2475
3295
4430
3611
4929
5246
4919
4430
7381
1545
7266
3622
5608
4880
3526
1942
2706
4872
8129
3063
652
6242
5983
2305
2796
1548
4913
971
5849
6260
6467
4085
7239
971
7646
3198
5848
2550
6755
3898
2730
3295
4176
6736
1024
7235
3528
3413
833
6825
2682
2647
7163
4228
7343
1926
35
2291
1811
107
5814
4577
1684
7801
617
665
2093
4913
2424
1981
6345
278
3956
4720
7837
2304
4708
5319
3066
3551
3463
69
7111
1107
1300
540
931
2904
6873
3768
5483
5564
5218
7687
8129
6978
4318
4107
4318
5346
7671
5834
2939
6884
6393
764
7236
1776
2541
1090
7445
3326
6057
7296
6052
3672
1726
396
4880
4805
2469
1507
2050
13
5565
7254
4369
6201
219
757
3360
6657
5156
6486
1751
5489
2676
6587
8143
4207
5608
26
7162
1852
5622
4396
6634
5458
1339
4000
50
1108
5958
1651
2366
3620
7963
3830
6634
6201
3136
3317
2615
1744
6709
791
8041
6515
1057
5928
6945
8025
3402
4841
3612
1787
560
2157
404
2712
6589
2326
5298
1827
7988
6106
6862
2984
4602
2206
6242
6580
1070
5284
3082
3489
2448
3467
7907
2389
5330
6538
6295
425
5208
4329
6259
4867
80
4509
176
7800
4171
6727
596
3063
3275
4791
2341
256
945
945
5772
7163
2647
724
6999
7232
6044
5
1724
5078
7963
2928
3578
443
5608
5730
6356
2851
4722
7167
3272
4655
4006
4993
6738
4678
1525
62
6802
5557
4829
1212
5261
5246
8072
6738
5972
2448
2149
7720
1339
5622
3986
5450
3291
4509
5470
8030
1024
5115
4112
4053
7776
4693
2434
1608
3390
6294
1083
7240
5944
5066
3851
5173
5489
1523
5507
2285
2796
3741
2411
1776
7413
4293
1209
3352
2343
2343
7716
3851
2405
1160
4274
472
472
472
5542
5314
5314
2328
2896
1593
2031
5288
1550
283
4419
783
3068
7063
138
6393
3483
6227
6552
5687
4644
3207
5489
5874
