0
0
0
10
0
10
0
1
9
3
0
0
0
1
0
0
2
1
0
0
0
0
4
0
0
0
1
0
0
0
0
0
0
0
0
0
0
0
2
0
0
0
0
0
0
0
0
0
0
0
0
0
0
0
1
1
0
1
0
0
0
0
0
0
1
0
0
0
0
1
4
0
0
0
0
0
0
3
0
0
1
0
0
0
0
0
0
0
0
0
1
1
1
0
0
0
6
1
0
0
0
0
0
0
28
0
0
10
9
7
0
0
0
0
0
3
5
0
1
0
0
1
2
0
0
3
0
1
0
0
1
1
0
1
1
0
0
0
2
1
0
0
2
0
1
0
0
0
1
0
0
1
0
0
0
0
0
0
0
0
1
2
0
2
1
0
1
0
0
0
0
0
0
0
0
0
0
0
0
0
0
0
0
0
0
0
0
0
0
3
0
6
0
0
1
0
0
0
0
0
0
0
0
0
9
6
6
9
5
6
26
5
1
4
3
0
2
23
0
1
0
11
0
0
0
2
0
0
0
1
0
0
0
0
0
0
0
0
0
0
0
0
0
0
0
0
0
0
0
0
0
0
0
10
0
0
3233
3538
4762
219
1560
7074
7396
3478
393
4905
8044
6143
7583
6131
237
1584
6016
4436
4131
3334
6158
1911
7884
69
532
593
465
1677
4906
944
1070
1141
3791
3771
4779
4676
5396
784
3179
7231
6141
1576
244
4496
8138
4636
4003
1260
5351
6383
449
1968
7604
3998
5704
2196
3676
1587
6528
6741
1788
5764
2984
5434
402
656
4431
5068
7210
3710
6138
8109
6800
2929
3442
3503
3044
3658
7864
6231
7277
2296
799
74
2482
4554
3062
5511
7894
1566
1282
2240
1714
2881
3791
5047
7336
6520
5557
3517
2498
4444
252
3643
2765
5803
4115
3730
6174
2291
4946
70
1442
7799
4599
3308
5157
98
2724
1422
1036
5448
2369
5352
3231
1096
5523
262
6703
7031
2910
4003
5147
1855
1766
7315
2713
2862
2167
6487
4132
8099
4868
1642
1044
6317
7220
1553
1203
1765
6518
130
8004
3181
883
4118
79
4030
135
2993
4150
5037
666
4194
4352
2208
6611
505
179
2905
7692
3817
5011
6930
646
294
1455
891
6958
3348
6479
3851
7873
2306
3673
5413
3426
3940
1858
41
4868
152
5267
3066
2315
5925
1463
3755
4984
4982
5373
3666
6877
701
2998
7095
7728
5952
3330
6676
7177
1595
2209
1761
4132
1903
4681
7502
7875
751
1858
6485
6352
4221
3136
3584
179
7587
2887
7782
7509
7728
6416
8105
839
6400
856
1710
781
3821
3135
7743
7749
3341
5017
5481
1922
2998
2871
3881
7644
3868
1289
3376
8168
7857
819
2402
7523
5196
738
6932
1182
4178
2052
7702
498
1233
701
7095
701
4822
7146
1104
3131
7073
381
7212
379
3511
68
5238
1643
524
6691
3710
958
6252
4000
5608
8017
2697
7609
4779
7018
7711
7847
3195
6433
6291
2353
962
4982
4546
2090
1623
4624
3881
1710
5597
7634
7512
7507
836
5762
5338
5819
7449
1406
568
2976
2856
7242
4934
35
3238
5836
7543
1039
781
1761
7534
2809
1812
378
404
976
3488
6443
4982
953
5556
419
902
3580
34
4855
7682
1520
4154
150
6128
7989
4053
4898
782
324
3960
3667
2887
1416
6299
2307
4212
7446
2353
100
1623
5967
6159
6157
4902
1725
1075
4145
3620
4294
5194
4604
4613
6559
5557
6520
4726
6145
4478
7381
3968
5095
4472
4020
6660
4108
7174
51
379
1922
5260
2522
3215
3718
7667
1968
7380
239
2410
5337
2381
1883
4467
5295
1675
8044
2700
5892
8041
5897
4007
4294
2912
3020
4069
5595
7527
2259
4760
3446
3125
8057
5260
2809
314
2427
4221
7375
5267
4872
5385
7662
3604
7418
4472
5654
1322
3284
2171
2483
4929
5373
2464
3882
8021
5494
1081
1591
7230
1123
5504
7370
7060
459
6383
3388
371
4437
4929
3717
6465
2712
7269
2351
336
2024
5292
480
6877
5319
3538
327
5337
3643
3584
6863
2912
4033
5495
5283
7539
513
7938
7988
1922
6964
3884
7557
603
168
5852
1302
4841
2712
3577
5107
1743
7085
1067
1050
5385
298
914
3334
2127
6281
1075
176
3966
4600
684
3981
5209
1005
7201
4980
4221
4138
2197
5847
6494
5487
3343
2642
7314
3695
3443
3174
5339
2681
6820
6831
6243
5780
4319
2724
7531
4030
4007
4835
4236
4294
1830
4988
471
6159
314
5170
1390
6486
4746
6698
6862
7274
5926
1535
1042
1950
3577
6301
4134
2310
514
79
7235
7533
2639
1095
189
5534
3326
458
4841
2843
5115
3715
5099
1418
4963
1063
7667
6627
371
2211
4750
4436
510
853
1534
997
5909
7290
6508
4859
3857
3457
1245
6948
2686
343
4349
5770
5997
5809
8138
6299
4294
6571
3347
3782
5815
923
70
3193
1336
2224
1628
2073
7716
8128
174
189
3577
2785
6000
5644
301
2016
2283
1488
6010
3305
7887
4625
3584
1439
8060
2972
614
2772
6327
4261
6966
5904
594
3554
1511
1144
218
6457
3684
3589
2420
2784
7031
7824
2925
1039
7307
763
925
1488
2915
2238
672
2935
2986
1252
3901
686
3453
3007
6042
5886
4905
5122
5180
1851
5504
7329
5747
3936
6836
1750
7162
4256
3482
2368
6411
3252
6605
7861
3082
704
5092
5731
1160
4641
6884
5816
1469
4628
1971
6452
6422
4361
1799
7855
4624
6151
4948
377
1899
3085
6332
305
4932
250
3577
6884
1624
5091
7649
1629
2304
7583
1009
1767
1583
6571
3449
1483
6674
3844
4539
3706
35
7344
1999
5972
4599
4992
3895
4791
2175
2684
7061
407
7178
6228
6770
6500
2034
6717
240
1914
2051
7982
2690
7950
3003
3254
643
434
7495
8128
343
7803
7679
295
2238
1284
5498
1681
562
6816
4301
2954
8069
2552
4406
2683
6705
2175
2648
2832
1729
58
4509
3990
4154
7942
6440
2447
939
7015
1009
7447
7779
1935
1716
1272
5242
1429
1734
67
3003
2939
3685
2681
7704
139
7205
424
1262
4074
1824
1595
6369
4929
89
3687
462
4721
6409
5364
3594
2284
5812
5721
5177
786
1452
6544
6289
6562
6060
5654
1032
3888
5877
1842
7630
6571
959
3971
3022
5454
170
1836
8060
7840
3914
2777
7389
4546
8133
4361
1296
491
4950
4270
1479
1236
6519
6845
5695
1746
704
4340
2130
2586
4271
5726
566
7305
7082
8188
5756
7006
631
1319
8092
240
1597
3410
7452
3741
4883
4763
7776
5430
1824
2464
5778
1021
7110
4935
607
4788
2104
3835
5534
5902
1675
7321
4565
5497
3073
4696
4679
4223
1053
7484
4575
2547
1223
7902
7605
4862
2285
5982
4152
3432
5364
3262
5472
1411
3402
6031
3883
239
6326
2016
7539
4921
4722
4594
5762
6380
1242
2384
400
6973
7776
7907
1301
2983
5752
2139
3371
5745
3386
2133
260
7583
1535
7849
1107
2610
6440
1158
1353
3598
263
3726
4202
3017
4622
4932
5778
8121
7517
2610
4314
1853
4498
4029
2271
5542
5243
2934
3769
5018
4488
2672
3350
1917
335
2004
649
8099
2808
6154
2973
6089
5532
2016
536
7874
4888
1287
4457
912
7764
2254
4214
5119
7473
3927
500
2987
1260
3883
2192
805
3223
