0
0
0
9
0
7
0
2
10
2
0
1
1
0
0
0
4
0
0
0
0
0
10
0
0
0
2
1
0
0
0
0
0
0
0
0
0
0
1
0
0
0
0
0
0
0
0
0
0
0
0
0
0
0
0
0
1
0
0
0
0
0
0
0
1
0
1
1
0
0
1
0
0
0
0
0
0
3
0
0
0
0
0
0
0
0
0
0
0
0
1
2
0
0
0
0
5
0
0
0
0
0
0
0
21
0
0
11
6
6
0
0
0
0
0
2
6
0
1
0
1
1
5
0
0
0
0
2
0
1
1
1
2
1
0
0
0
1
2
0
0
2
3
0
0
0
0
0
0
1
0
0
2
0
1
0
0
0
0
0
1
0
1
0
2
0
0
0
1
1
0
0
0
0
0
0
1
1
1
0
0
0
0
0
0
1
0
0
0
2
0
6
0
0
0
0
0
0
0
0
0
0
0
0
9
15
7
2
5
6
20
4
1
4
1
0
1
11
0
0
1
11
0
1
0
2
1
0
0
1
0
0
0
0
0
0
0
0
0
0
0
0
0
0
0
0
0
0
0
0
0
0
0
10
0
0
5048
4553
191
3584
3571
1042
266
6799
8112
70
5242
3326
1213
1402
1187
384
4312
1290
5601
3792
4238
614
7254
1794
6843
7110
3077
7924
3487
3888
4038
6887
152
1571
1208
787
8012
6612
7156
1684
5711
5431
932
2597
5101
568
4813
1856
4017
1715
754
7339
7077
453
4394
6022
5332
4885
1463
514
933
2527
6760
4242
1110
706
7718
1911
5171
5019
6868
2793
8004
6438
8092
5255
1954
2629
6884
8106
795
524
4798
2127
4314
2604
5904
986
7109
5070
5452
4261
2782
6555
5696
4035
7534
3567
2482
6745
1272
3092
7011
6821
3628
2464
6955
5515
7067
3654
5100
5714
4652
4577
7661
2820
8080
142
954
836
5077
7781
4733
2746
7283
272
4077
4309
3963
5011
1104
3895
3524
8080
3897
4194
1319
1532
4617
2701
826
4601
3385
6603
5166
384
426
7530
7289
6228
7736
2630
4270
7178
2349
4412
6492
2630
7642
1127
2353
7697
3388
8137
7834
2614
3809
5255
8098
3595
7973
1858
5413
7407
7656
7296
3289
3684
834
7261
3392
2415
2068
2283
3542
215
5290
6544
5805
739
1290
6176
2448
1338
6336
1515
780
5241
2517
3219
3063
6631
2600
5972
7463
2793
5390
4147
4818
1219
7896
2286
6803
7172
3718
2326
2413
6521
5777
408
3453
7398
956
2669
2925
67
4450
3718
4683
818
5151
596
6631
596
6631
970
1103
4818
4413
5702
640
4744
5892
6831
966
732
692
4493
3933
72
6010
809
4501
3733
2339
270
970
4138
1184
4967
3114
6080
545
5144
4697
8099
5284
5622
2606
7795
1124
4017
7153
6510
795
5445
7592
1539
5557
5376
5680
1649
649
416
6232
6757
3599
1855
3351
993
2982
1801
2153
3183
3717
7697
7743
7697
2735
4715
8105
1066
795
4082
1314
6421
6257
1252
1705
5227
7155
1839
6162
6688
3666
7966
4450
5286
6410
4271
168
5556
6755
1177
6890
6336
3169
1898
6676
168
3833
7349
4202
2211
6662
5390
3580
539
4694
4093
962
4379
7745
6081
5510
7840
5968
502
7729
71
321
6107
5634
755
2908
5003
1431
2353
2448
1104
2427
2427
7433
2713
7256
5910
5967
7588
836
5709
5006
4983
2197
723
1766
4919
6638
5686
1110
6443
3195
7743
6998
7231
1336
5017
1713
3488
5753
3236
5535
8099
3657
7848
1392
3674
4855
2094
7375
956
4742
6827
4242
7095
3776
3940
4919
6638
1115
4435
1258
2368
3881
2448
7373
5352
1691
7404
1858
3688
4626
7614
4696
6399
7701
7249
976
449
7367
3998
755
6400
2320
5163
5131
1461
1390
216
3221
3688
1707
2170
1258
2643
5366
6638
1578
5667
3827
7818
3283
1855
2387
7735
4696
5017
7147
4369
7658
4323
4067
6747
6757
2197
1390
383
5925
6523
5379
3678
1730
7704
8100
4440
3193
4780
7743
6399
3776
1280
2792
846
1569
2090
2637
7460
7815
2852
4515
2315
2450
6791
1950
2981
6400
7875
1144
6742
5370
7697
622
7388
6138
3717
5940
4617
5908
7308
6754
6399
6494
7276
1229
7843
5260
545
1725
7616
7762
972
2412
1477
1289
4017
6817
4696
3125
1326
1460
3757
1352
2722
3195
6208
5144
3125
7697
6566
3848
168
2427
2021
5052
6714
6523
2522
1778
1376
6555
3238
171
5366
4919
2800
3834
3391
6299
168
1922
755
6194
5059
3426
7308
5417
6850
3717
7375
5311
6999
171
545
270
4006
7215
7818
191
930
404
4019
5515
6383
6557
7604
6468
5682
4778
888
2139
5496
3125
4221
5052
6412
3310
2622
6010
1208
4946
6523
7423
7988
7264
3805
2264
3990
6755
1801
7345
3032
4912
1681
1336
1799
6279
1855
7748
7408
5232
5890
7358
5417
3135
3990
6805
1297
8185
5370
5188
2007
5512
4850
7293
2658
2434
4289
3371
3912
5478
7156
5182
1892
5450
2534
2939
7702
2448
624
725
4921
702
2671
3900
4450
1730
2897
7181
57
7738
68
2090
5260
6603
4871
6296
5702
6964
2925
8168
4231
5090
6164
466
4465
4010
3489
580
5796
6494
551
1885
3028
8030
7505
6735
8014
7534
2893
5917
6909
181
3657
5622
6125
2094
624
2090
6350
1342
1047
2488
3171
2315
2119
3448
3941
3188
3290
4935
5484
6533
5472
5219
6925
6092
2487
5128
5364
5444
7557
553
1555
6001
5346
3149
4245
1506
3215
2933
6555
603
2086
6356
2315
1396
1836
891
8033
2344
6780
4823
6737
1768
522
3055
1909
6953
1769
3155
2150
3247
4535
3815
6209
1649
2930
2262
3828
5535
6557
481
4992
7329
7942
2315
1578
539
2219
2914
443
7634
3195
3501
7583
6083
7216
4420
844
2278
3624
4576
7973
7534
1907
7275
3226
125
4839
5718
7975
789
3528
1442
7159
326
1812
3063
2383
5598
2341
3148
4696
5246
1727
4119
653
2663
1733
6860
5070
6345
547
4680
5291
6291
3567
5222
6865
8099
4611
2468
7480
7814
2263
2202
5022
3886
4283
2369
805
8152
6955
6000
4154
8
3072
6378
6487
1668
7755
8023
5517
3145
3744
1186
4450
2834
3258
3251
6509
4893
4992
3827
2960
7480
2746
7890
1209
3602
4329
4123
278
7260
6594
5160
1353
454
3955
11
2754
5711
1008
4771
4319
1103
6494
1623
3688
5286
7994
7815
2860
3466
7907
2847
2639
1129
2470
5041
6119
3501
6110
5560
5119
2126
4851
1765
8080
5717
1376
5706
6112
1998
6966
6803
7915
3610
3063
3131
7973
940
638
6685
934
5540
1026
4265
2502
5177
4800
2726
6272
4291
2922
3241
5020
4194
6761
2273
5731
6020
3722
5706
5079
1933
3355
5044
776
2723
3410
3371
7977
6350
2561
7658
6151
7315
3671
1542
7668
4593
8023
6759
6796
5936
2979
4717
739
6011
5485
1597
266
7299
963
8065
1607
3606
3199
2189
2490
6361
596
1336
7701
6350
3836
3958
1825
1121
1064
1174
6741
7132
2467
1131
3572
7425
5710
1017
2002
5608
1824
1415
6741
3795
2693
7796
7434
5063
7048
3262
727
1441
2156
7315
8171
7201
3838
2397
2696
1141
1231
3268
7788
5374
3348
5324
3392
1815
6141
3387
931
4543
6139
