0
0
0
8
0
9
0
1
10
0
0
0
2
0
0
0
3
1
0
0
0
2
8
1
0
0
4
0
0
0
0
0
0
0
0
0
0
0
0
0
0
0
0
0
0
0
0
0
0
0
0
0
0
0
1
0
1
1
0
0
0
0
0
0
1
0
0
0
0
0
0
1
0
0
0
0
0
6
0
0
0
0
0
0
0
0
0
0
0
0
0
1
0
0
0
1
5
1
0
0
0
0
0
0
26
0
0
8
12
8
0
0
0
0
0
1
3
0
3
1
4
3
2
0
0
1
1
2
1
0
0
0
2
0
1
0
0
0
1
0
0
0
2
0
1
0
0
0
0
0
1
0
1
0
0
1
0
0
0
0
1
0
0
0
2
1
0
0
1
0
0
1
1
0
0
0
0
0
0
0
0
0
0
0
0
0
0
0
0
3
0
8
0
0
0
0
0
0
0
0
0
0
0
0
10
7
6
5
2
6
25
6
1
7
2
0
1
17
1
2
0
12
0
1
0
2
2
0
0
1
0
2
0
0
0
0
0
0
0
0
0
0
0
0
0
0
0
0
0
0
0
0
0
10
0
0
3876
6521
14
1830
5403
3959
5731
7753
5343
3541
2459
4634
5798
6417
3052
6818
6481
921
2061
4089
4491
1830
1312
897
5077
6041
2995
2470
1824
4475
1948
4055
4217
5402
7638
3642
1750
5403
1200
7915
2894
3262
5975
4436
8023
7078
1769
896
340
4339
4011
4291
7620
4824
2799
4453
4293
845
916
6639
4270
631
876
4174
7257
3857
4067
4824
2648
1607
98
3563
7330
61
2166
4639
4504
3186
5143
7915
5129
906
3414
5220
7154
5385
737
2175
3910
4291
1270
6262
1852
320
5107
1730
780
3881
4792
4011
7207
4422
3219
2897
6138
6321
1048
8128
2586
1928
5867
4947
7277
1048
5398
3162
5715
6571
5434
783
4609
208
7064
8176
372
7279
2051
3700
5417
809
6326
1275
7216
3879
3718
1730
1123
7389
5338
5027
4146
425
6679
694
5379
6307
7154
1345
2512
7299
5482
7413
3542
1010
999
7011
2464
1049
5998
3287
2363
5251
1123
3391
210
2264
7146
3371
5188
7903
6363
3657
1233
6639
4683
6400
809
6016
5689
4345
4353
4147
1852
2463
649
6262
3305
7337
2127
6303
4716
1467
6787
3388
3343
3288
117
5074
7855
6687
3879
1347
6208
168
5634
7879
5286
5251
7743
6964
3773
6776
4758
783
7332
3968
1929
8048
3636
3804
7587
7061
3570
229
7438
6555
7730
5936
708
7375
5286
6425
1328
5011
2750
1801
1426
7818
3657
4446
2197
2158
5201
4318
215
5537
5933
7106
7520
8159
5160
2780
7011
2777
3218
5386
1297
7702
7760
3537
2290
1578
3371
2897
4850
706
755
350
3140
1258
2259
3488
5286
4221
1887
6060
1589
2764
765
1929
5402
2462
3807
2512
5434
2358
1062
4374
610
4388
5286
8033
2066
2264
1336
3833
5585
7045
3657
291
1247
1742
1336
4437
2933
2897
7181
3538
6041
24
6940
3790
5652
7785
5334
2746
3849
6650
744
3469
6486
1968
3652
7960
5794
7557
5852
6006
2855
5110
516
6399
4626
5323
2448
173
7282
1847
5852
3467
4707
475
631
6289
4900
4304
738
3949
2106
6176
1168
1931
6646
7605
5007
2400
4775
2984
7667
10
6979
7971
7329
1726
3717
5201
3937
4169
237
8116
5852
4083
5531
4297
389
7613
3457
557
6847
237
5743
704
6645
3695
720
5059
7848
6715
2508
6966
4855
2073
6262
4340
2262
3193
6313
6172
3662
7903
216
1947
2517
8177
5322
1948
3449
7823
482
7151
2905
4482
3443
7389
3911
920
1548
5947
4642
2249
4221
8168
7383
1123
6141
7011
2336
6459
8112
5510
776
1623
3135
168
4665
1105
249
4038
4491
1478
4170
1768
2552
7160
3061
6882
1534
3576
4475
2960
7450
4918
3603
3295
359
7061
3245
727
4340
3783
2249
3904
2582
1858
7875
6964
5201
4812
60
6162
2127
852
4350
4771
6358
1595
1472
2466
6031
214
4007
825
3392
6811
1858
2598
7675
5882
248
7527
7827
3632
6777
2352
3183
1730
809
4855
6687
7688
1977
423
3968
2957
6927
6007
6269
396
289
4482
3747
389
8030
4291
5010
3032
4655
5005
1751
921
1019
3717
513
4421
7658
4166
4696
4437
4437
6687
537
6928
48
5531
3995
8078
2993
6426
5267
2354
7551
7827
7781
5412
2042
7135
5322
6532
2844
5960
7614
522
2621
2020
6400
1968
4131
304
4123
3125
4275
5943
6399
4602
6172
2663
2211
755
5286
5496
5077
1062
6927
4451
1534
8030
6087
858
702
5248
7716
6209
7787
4984
4622
7523
6646
6194
5016
2384
562
833
7733
5535
7534
2643
5496
7367
1212
6398
2834
7811
2558
4763
7491
5430
5986
4018
5182
4941
6776
763
7779
5686
5921
211
541
6722
1452
790
5572
5290
3396
3463
7730
2735
5286
6638
1855
8139
6383
315
4051
8105
1798
3589
7679
3685
1500
6721
28
3901
1276
6650
3895
2067
996
7688
6313
1600
5975
4448
6013
3682
2869
624
5156
776
2561
732
1711
2206
5752
6919
2366
4798
2948
2137
5093
5073
2629
347
2051
5051
4735
5340
7796
537
6964
3543
1495
3159
4950
5778
5994
727
2130
8003
1855
2625
5785
996
5090
3410
5251
5926
3847
5225
1686
210
4818
4334
5743
721
2007
7216
4857
2047
1348
8050
4500
6426
3879
1347
7178
3625
3665
7689
5874
3193
5702
1141
7432
435
6419
4624
4797
5197
7967
902
8048
2679
626
2240
7895
4658
5630
58
7059
7793
1586
1548
2683
2604
6627
1127
1310
809
1587
6174
5261
846
5346
3193
7548
5494
3176
1418
1247
7798
7767
4796
1958
2892
6135
7013
3786
4294
4333
547
2280
6993
1887
1310
735
3933
5337
5055
3881
1643
3355
3151
7954
3193
218
6087
7169
3621
1530
4280
7967
7029
2620
2948
6243
4735
4002
3964
3301
5709
7548
7049
1130
7887
6745
2921
7161
368
4503
954
5112
6934
2090
3635
3166
738
3385
1587
5732
5175
5955
7012
1581
3196
2217
1988
6000
1185
3960
4038
4488
5659
5430
2303
450
680
5019
5361
6019
6313
2268
5585
2472
4409
7725
5077
1662
2796
1924
6871
3371
2637
3331
1443
4191
3847
3322
5567
6988
1395
6822
5408
7395
2683
1946
2630
5868
7740
3067
2533
4338
6915
5829
8100
6229
7864
5187
6019
811
3572
7388
1957
6692
3165
4110
320
48
7061
7070
2008
575
6545
3654
710
1414
5402
1115
8117
5107
4292
5890
122
1107
2629
4233
1280
6348
5714
2676
5928
3600
6082
4712
4903
74
2225
1892
508
7180
7233
7781
5627
421
1700
5278
5352
2597
1566
6426
7121
4199
7134
297
4202
6255
8151
4340
5288
5909
7451
1331
3074
740
7585
631
1523
5540
2856
7419
7613
4350
6735
5224
684
1275
5074
6800
4125
7002
4021
5999
6436
5451
7466
2843
212
1038
3134
1620
7679
3625
4089
5816
4955
3004
7923
2257
5576
5013
1822
6395
2676
7196
4596
5020
959
4333
6129
8139
7233
99
3188
8155
7689
3741
7583
1468
1672
5343
2463
3625
1281
2580
3002
4317
7013
4644
6615
6384
568
7967
2967
7294
2533
5111
7755
7852
1595
4120
4644
1824
825
764
4202
