0
0
0
9
0
7
0
2
10
1
0
0
3
0
0
0
2
4
0
0
0
0
5
0
0
0
2
0
0
0
1
0
0
0
0
0
0
0
1
0
0
0
0
0
0
0
0
0
0
0
0
0
0
1
2
0
0
1
0
0
0
0
0
0
1
0
0
0
0
0
1
0
0
0
0
0
1
2
0
0
0
0
0
0
0
0
0
0
0
0
1
0
0
0
0
0
6
0
0
0
0
0
0
0
21
0
0
5
5
6
0
0
0
0
0
2
2
0
0
0
3
0
4
2
0
2
0
0
0
0
1
1
0
0
2
0
0
0
2
0
0
1
1
0
0
0
0
0
0
1
0
1
0
0
0
0
0
1
0
0
1
0
0
0
1
1
0
0
0
0
0
0
0
0
0
0
0
0
0
0
0
0
0
0
0
0
0
0
0
0
0
8
0
0
0
0
0
0
0
0
0
0
0
0
11
7
6
3
2
4
25
2
3
1
1
0
1
10
0
2
0
11
0
0
1
2
0
0
0
1
0
0
0
0
0
0
0
0
0
0
0
0
0
0
0
0
0
0
0
0
0
0
0
10
0
0
7289
3146
4883
3645
7106
2539
1042
1150
4125
193
4593
4215
7289
3146
7510
2930
5653
1791
186
6396
4632
4350
3988
4385
2365
2365
6993
6654
1639
5653
5198
193
1245
5006
6356
3369
3369
7711
2829
3601
7564
7711
3601
7193
8039
2801
1732
7025
6074
4694
1055
3439
2554
5242
5671
7211
4842
6208
4734
3435
1230
382
8039
930
3894
1951
6356
2365
5187
915
6955
1256
7564
6279
2628
4694
2832
7909
3236
2925
7520
1132
2836
2374
1941
1055
2843
3751
3751
2925
6312
7144
2829
3146
3825
7711
2378
1287
1055
3144
3478
155
4694
7957
6132
124
5027
5027
155
4085
25
3922
6070
619
4732
1124
791
3621
3533
4771
4574
7893
2925
3894
186
8105
8105
5175
4926
3044
124
791
186
2741
4876
3144
1050
915
4085
3440
7914
6237
4574
617
2741
1055
6188
3347
2696
2850
4493
6005
6312
3440
25
4418
7564
5390
6955
3807
5277
3435
7296
1825
6777
4778
2731
4213
4213
791
3189
5647
7211
3637
7914
2850
3751
7380
1708
2352
1181
4574
7090
124
3478
1361
1732
520
3144
4476
6689
5027
3487
186
672
1362
3144
3189
5334
3440
155
3894
3922
2850
3189
44
1653
1732
1941
3923
7386
1451
4325
7235
2832
5964
6483
4842
172
5187
2378
155
44
4125
5236
7188
3478
3933
2850
1508
1524
8080
2484
651
5277
617
6074
5027
25
1732
4616
6399
603
2094
6867
68
1702
2146
7327
2374
7090
6356
3751
716
1649
1951
7188
5187
7327
520
2408
7539
2295
1961
1747
2146
1248
1248
4493
1407
3044
7957
7123
4610
5407
1005
7306
2314
1226
5247
1132
124
5964
6202
3487
407
7090
3623
6356
4842
4085
5914
7702
1432
6006
8095
7704
3662
6832
2148
2146
5278
1864
6012
2484
2908
6494
6159
4289
7534
789
1333
7957
177
3933
2628
3687
2597
915
3487
407
520
4574
2832
5880
5144
2197
1460
2197
1338
2311
3337
6216
5041
1732
541
4742
1563
4890
6468
5569
3825
5138
1055
3144
1941
3478
6681
4346
6294
6562
8039
7547
2365
3044
6295
5251
8185
7704
2366
5170
3953
7875
5872
6201
4109
1864
1839
6866
7257
2897
4688
7718
3341
5464
3720
6132
4519
7921
2214
3588
2146
3553
5226
304
3144
7890
7123
6383
7043
5478
1336
2065
2427
3295
1977
1635
1309
4876
7637
2955
7793
5512
3236
1923
19
5075
7890
3453
7369
3044
4574
566
1732
7828
3420
8039
3457
5242
7890
3823
7730
3135
2897
2341
68
8186
1922
4006
5191
4561
4501
3387
6805
5655
6279
2643
1115
3720
2850
6070
2418
3367
2345
3824
4030
5277
3751
6479
3119
8047
1245
4350
6433
5917
6194
596
2829
7534
7388
7438
8070
7502
7602
1968
2264
4515
6555
4138
4876
2850
915
4318
5468
5306
6353
7289
5012
2286
5278
8135
3119
5131
5493
2167
4109
513
6418
7356
2691
4967
1183
2893
371
7738
3820
706
6106
7534
459
2843
1362
1200
7507
6829
4506
3264
4347
6521
8004
2286
8135
6508
4309
7415
1767
3161
6012
3150
1977
745
7945
7855
596
2267
8119
6107
6343
709
4551
2385
5247
6366
8135
2795
4125
4234
3904
7287
3736
4595
6615
2283
1009
5801
1057
2684
2419
6760
3245
4947
4287
1612
6805
5535
1801
5907
2275
1460
4243
2159
7925
6997
2975
1173
5376
1289
3338
1940
1530
2053
6171
1027
5339
3995
7235
6708
7995
6708
7692
5198
2167
2283
5829
7644
553
7569
6616
4408
3626
4221
3519
6626
6984
4792
3259
4392
7587
7757
788
7265
1189
3955
3535
2127
7893
4150
2405
6005
6895
44
4793
4033
5717
4640
1732
146
35
1980
3360
5558
1898
1470
4967
1206
2277
7275
6249
1450
1200
2127
7138
633
4145
8112
2810
7275
7909
5531
26
35
2212
1114
4807
3763
3716
5445
7997
6243
2410
4812
5157
4624
2691
7388
7738
1145
3870
7106
1245
2805
4754
650
1521
5717
817
7732
836
4597
7463
5166
7398
3259
5068
5402
5369
5177
1839
4067
7591
6041
721
5445
5128
2370
7800
2529
2867
2304
7193
5839
4551
4719
8142
1114
7034
3920
2932
4740
1653
6273
4793
7216
1220
7198
6997
7094
2240
7995
7901
7389
3322
5248
1820
3233
6695
2499
3551
1151
643
5706
1548
2826
7507
8010
2498
7129
4640
4740
915
7909
3821
1287
2531
2013
5175
4207
5292
2071
1042
2843
568
7854
3229
6822
6015
6903
2523
6217
3916
98
6170
1532
569
181
791
3515
7911
2278
7119
4625
2932
5236
7090
335
966
3405
8016
2441
7258
3635
4934
6791
5857
2577
2957
1173
836
4807
5763
4601
7656
7294
4409
6419
5628
2374
5751
6307
2467
2975
4635
3061
1114
6863
2009
2672
7699
1395
6009
5048
1824
4009
7852
2861
2414
6823
5717
3050
3036
6665
3716
1097
3233
3816
2705
665
6273
1733
5608
4835
4329
1173
8191
5891
7587
3259
1639
6760
7398
7056
4441
7956
7405
7582
2541
1703
1092
443
6848
7708
1773
4441
3706
3367
5119
3594
2408
5119
2152
4729
5608
2856
7592
8105
5092
8190
47
5248
2843
683
6237
2816
4033
5385
5048
255
5489
2826
2662
2402
4375
7520
5277
7732
3233
2240
7119
2500
4274
3177
2336
3487
5915
7235
2764
7890
2421
740
4594
3959
3346
1114
7290
3506
2189
1620
1620
783
6510
2635
1954
6953
3980
4294
7172
5771
2905
8105
2805
7148
4498
7537
4574
3044
4545
2318
6483
5805
6973
7670
3188
5255
1946
10
3786
2123
716
795
6089
3464
1304
4802
2053
2058
3035
1491
5434
113
3719
5012
7436
7135
4175
3493
2167
1717
5501
3439
3457
1789
1697
6385
7391
5684
4154
424
5878
5175
693
4382
5448
4145
2498
3887
7409
7903
5516
6243
4927
563
4309
6179
843
6724
4880
6063
5241
3902
5150
3645
3621
3487
7369
1697
1224
1189
4999
7934
4343
3292
2280
6685
390
6317
2310
6194
2119
6776
575
5489
3046
5724
763
6202
7686
7948
7670
5766
3608
1610
554
7732
8039
2850
2227
3720
600
4190
6776
158
1691
4543
7636
