0
0
0
9
0
0
0
2
10
0
0
1
3
0
0
0
1
0
0
0
0
1
9
1
0
0
0
0
0
0
0
1
0
0
0
0
0
0
2
0
0
0
0
0
0
0
0
0
0
0
0
0
0
0
1
0
0
0
0
0
0
0
0
0
0
0
0
2
0
0
0
0
0
0
0
0
0
1
0
0
0
0
0
0
0
0
0
0
0
0
0
4
1
0
0
0
5
0
0
0
0
0
0
0
25
0
0
10
6
7
0
0
0
0
0
2
1
1
0
1
5
0
3
0
0
2
0
5
2
1
1
0
1
2
0
0
0
0
0
0
0
0
0
0
0
0
1
0
1
1
0
0
3
0
1
1
0
2
0
0
0
0
3
0
0
0
0
0
0
2
0
0
0
0
0
0
0
2
1
0
0
0
0
0
0
1
0
0
0
4
0
9
0
0
0
0
0
1
0
0
0
0
0
0
9
3
7
5
6
5
22
3
3
5
1
1
4
15
3
3
2
11
0
0
2
6
0
0
0
1
0
2
0
0
0
0
0
0
0
0
0
0
0
0
0
0
0
0
0
0
0
0
0
10
0
0
3220
3220
3220
6384
6384
6384
6384
3220
6384
6384
6384
6384
6384
3220
3220
3220
3220
3220
6384
3220
3220
3220
3220
3220
3220
3220
3220
3220
6384
3220
3220
5643
3220
4569
960
960
8025
8025
960
960
2676
6553
3519
6553
960
2676
2676
2676
960
960
960
960
2676
2676
2676
2676
2676
2676
2676
2676
2676
2676
4569
1774
6384
2676
960
4475
704
338
1787
960
5279
3168
4510
7419
2343
8025
960
8025
2676
960
418
2676
8025
7872
2676
7872
7872
7872
7872
7872
2676
7872
2676
6384
6384
4569
6553
5798
5466
3426
1151
7419
1787
3333
3198
6384
960
8025
2676
6384
4878
2858
3622
3542
8025
2676
2676
2676
2676
2676
2676
2676
2676
6553
4569
5129
6384
2676
7872
7872
4239
863
3622
5928
1787
4983
1487
2499
6384
348
4594
6172
4132
1545
4083
6548
6384
2676
2676
2676
2676
2676
2676
2676
2676
7872
2676
6384
6384
2676
2676
8025
6384
709
4983
896
5432
4720
5274
6077
5129
2861
3595
5151
5274
476
2197
6411
3542
2343
7872
2676
2676
2676
2676
2676
2676
7872
2676
6384
6384
2676
2676
960
5798
4784
6971
8111
5251
5940
5289
2145
3486
6805
1694
5042
1515
5952
5617
89
7419
2343
7872
2676
2676
2676
2676
2676
2676
7872
2676
6384
6384
4569
2676
960
5798
1550
1374
8014
1905
1525
505
8072
7225
8147
4780
4780
4780
5834
6762
1846
7419
2343
7872
2676
2676
2676
2676
2676
2676
7872
2676
6384
6384
4569
7872
2676
2958
1812
5728
4946
3283
461
4919
459
3141
500
6378
1552
4903
1259
2897
6754
4644
2343
7872
2676
2676
2676
2676
2676
2676
7872
2676
6384
6384
4569
7872
2676
2343
2101
3130
3971
3090
7787
4890
5940
3283
7936
4322
1552
176
709
4527
6762
7419
2343
7872
2676
2676
2676
2676
2676
2676
7872
2676
6384
6384
2676
2676
2676
7419
7847
2021
6673
118
2139
1604
5151
3063
7964
2844
3965
5783
7931
3657
7080
2676
2343
7419
7872
2676
2676
2676
7872
2676
7872
2676
6384
6384
2676
960
5798
1852
7477
7521
6318
6348
4382
755
107
7521
1079
1045
1552
1525
7400
3135
2955
7799
3542
6384
6384
5279
3220
6384
5279
8025
5129
960
6384
6384
2676
960
4475
3333
4827
770
3011
4780
1429
107
2893
3971
1259
770
4992
5274
7697
4323
6754
5855
7246
2676
1834
8071
5361
2447
5875
7647
6677
5579
7940
6384
2676
7419
3220
3883
5022
1657
6378
3283
4863
483
216
687
5274
5005
2994
6463
6596
3135
5261
6485
6380
8185
5617
4676
4527
4919
4676
6971
4676
4058
2676
6384
6553
4341
825
2159
5572
3965
7936
4496
3467
1229
6010
4676
6463
1694
7306
2647
3198
2021
4323
27
1461
5274
8147
7404
4863
7367
4104
5274
461
31
5980
6384
4569
5279
5035
3971
4253
6378
6979
6092
8072
498
3282
3135
6138
5465
755
4688
7381
3178
6673
3283
461
6349
176
118
5377
5782
6673
3865
1112
31
8166
6384
960
3004
1673
1515
2947
4010
5377
8036
4993
1460
2982
929
7381
4323
2098
7897
5114
7737
6561
1957
4680
3178
6979
7841
6349
176
4780
8147
6704
476
7404
6384
4569
1774
5325
118
4465
4010
6119
3394
118
1827
7697
5124
7735
1229
2990
6712
6456
6561
2448
2427
6957
7521
2291
4610
4452
5022
7964
6601
5353
5980
8100
6384
4569
5798
6225
6349
4119
3966
2992
995
4780
5783
4306
22
3819
7815
4620
6195
3183
5358
7521
5274
4993
1525
326
5578
2990
1986
4401
6596
5358
4676
7477
6384
6553
2851
4594
5289
2820
1488
6979
6595
4843
118
709
1753
5783
4868
8137
7317
5274
4678
3678
8147
3069
6378
1696
770
7525
7364
7353
7242
6754
1323
1579
6384
2676
7419
45
3629
2751
3146
3127
4119
6894
118
7370
3178
6468
6744
3865
3069
1696
5005
5200
4649
995
863
6732
995
6414
4981
4794
8
5079
1776
7673
6384
2676
7872
7419
7872
5540
113
1414
2992
4265
8147
961
1654
2096
7367
830
5865
7177
1693
5111
2732
606
2533
1776
6384
2676
7246
7451
6384
6384
8025
3240
6384
2676
2676
960
3207
2835
6627
353
3886
3551
7111
3467
2187
1590
2649
5498
5019
4644
1776
348
6384
3207
2343
2343
2343
8025
2343
2676
2676
2676
2676
6384
6384
2676
960
2066
5579
5592
8185
4527
6762
2994
475
2586
7240
2175
2343
6384
3207
8025
2343
2676
2676
2676
2676
2676
7872
2676
2676
2676
2676
7872
2676
6384
6384
960
559
3542
603
4720
847
6596
7941
6384
4089
7223
6384
8025
8025
2676
2676
2676
7872
7872
2676
2676
2676
2676
2676
2676
2676
2676
2676
7872
2676
6384
6384
960
5279
6425
5617
7306
709
6318
7451
8025
7872
2343
7872
2676
2676
7872
2676
2676
2676
2676
2676
2676
2676
2676
2676
2676
2676
2676
2676
7872
2676
6384
6384
4475
764
5564
3063
8147
6596
7650
7419
2343
7872
7872
2676
2676
2676
2676
2676
2676
2676
2676
2676
2676
2676
2676
2676
2676
2676
2676
2676
2676
2676
6384
6384
6384
3392
8082
176
709
2706
89
6384
2676
2676
2676
2676
2676
2676
2676
2676
2676
2676
2676
2676
2676
2676
2676
2676
2676
2676
2676
2676
6553
2676
5129
3207
7419
4919
7500
5834
1013
2197
2076
6384
2676
2676
2676
2676
2676
2676
2676
2676
2676
2676
2676
2676
2676
2676
2676
2676
2676
6553
2676
2676
6553
2676
1774
1787
5035
7687
5022
476
118
809
2303
6384
2676
7872
2676
2676
2676
2676
2676
2676
2676
2676
2676
2676
2676
2676
2676
960
2676
2676
7419
7419
7419
6384
7940
4647
5261
3865
6378
3032
461
8120
1280
7419
2343
2676
2676
2676
2676
2676
2676
2676
2676
2676
2676
2676
2676
2676
2676
2676
7419
764
4259
5600
1950
3418
6358
7063
4495
5005
7964
3965
7525
1487
3148
7940
6384
5129
5129
5129
5129
5129
5129
5129
5129
5129
5129
5129
5129
5129
5129
5129
6384
3240
4935
500
3585
6195
1038
