0
0
0
9
0
8
0
2
9
0
0
0
4
1
0
0
0
0
0
0
0
5
5
0
0
0
1
1
0
0
1
0
0
0
0
0
0
0
3
0
0
0
0
0
0
0
0
0
0
0
0
0
0
0
0
0
1
1
0
0
0
0
0
0
1
1
2
0
0
0
0
0
0
0
0
0
0
1
0
1
0
0
0
0
0
0
0
0
0
0
0
1
1
1
0
0
4
0
0
0
0
0
0
0
32
0
0
5
8
6
0
0
0
0
0
2
2
0
0
0
5
0
5
2
0
0
0
0
2
0
1
0
1
0
1
0
0
1
1
0
0
0
1
0
2
0
0
0
2
2
1
1
3
1
0
0
0
1
0
1
3
1
1
0
1
0
0
2
0
0
0
0
1
0
0
0
0
2
3
0
0
1
0
0
0
0
0
0
0
2
0
7
0
0
0
0
0
0
0
0
0
0
0
0
14
9
6
7
6
4
29
3
1
8
0
4
1
26
2
0
0
12
0
0
0
0
0
0
0
1
0
3
0
0
0
0
0
0
0
0
0
0
0
0
0
0
0
0
0
0
0
0
0
10
0
0
4109
4291
4594
2303
4112
2283
2467
3402
1160
6978
8129
7140
5173
6089
568
4615
6070
7854
3433
1272
4211
1279
1852
2034
5191
5536
5214
1607
778
4207
3483
5073
1153
3355
5248
2843
4241
8105
6396
6031
2071
1839
3045
331
4020
1620
764
1658
740
6295
5376
7757
5810
486
6090
1179
7992
3433
4340
5364
8023
5332
2127
2484
4125
7948
6997
6861
339
4178
295
5166
3660
1565
2612
3351
7040
4689
3572
5974
1977
3840
3859
7275
90
4536
2488
3097
3703
657
5756
3290
783
1824
4340
47
7070
7582
6393
4176
4078
646
2354
7333
6703
1976
1778
426
1732
6961
3476
7703
776
7793
903
7871
2074
2486
2058
1557
4629
5197
7901
4002
3098
7940
7419
6818
6314
2404
6297
195
3273
4275
4455
7164
19
6890
1896
6871
4389
6890
5211
3605
648
3827
7728
6198
5467
1847
4437
1563
7602
3837
3835
2597
786
7871
6385
3483
7660
2220
6607
65
3387
1578
1451
4275
6425
4161
523
2388
1977
3595
6840
1625
2897
2792
2964
1323
927
7206
5603
5269
794
761
7752
1024
5494
2022
6141
1602
77
7257
1460
6090
160
4138
7864
5315
371
794
6090
2991
6646
5011
7249
7949
3956
3884
3703
6400
1563
6087
4159
7605
2897
3243
2714
7113
155
181
2829
5041
2993
553
5011
745
826
4138
6905
7818
1260
1123
2021
3101
2722
3717
7043
3531
3193
7677
1632
2264
2846
3193
6685
7473
1691
2427
3703
426
3358
7301
1279
635
3943
4167
3543
3827
7480
3718
4167
2834
359
1328
7343
5132
6966
3567
1728
4128
7499
4395
6169
6687
4373
5855
2683
7329
6425
315
3737
3118
6799
2031
7866
5801
7164
3622
6209
2434
4313
4138
553
7480
7311
1005
1336
7840
826
1730
1489
603
3761
2730
7206
168
5286
7646
1847
3334
3566
1127
6890
7215
657
1524
3806
5427
2708
7751
3193
6555
3463
1968
1720
3704
4138
3883
4691
4473
3543
6523
3193
7274
1018
1108
7274
449
6107
5539
1088
944
4208
2476
1632
2886
1050
583
915
1690
2672
7671
7480
7274
3410
3776
603
707
1104
6865
2749
7815
7315
6426
4169
2622
6367
2394
7274
7231
5383
5533
3537
7616
2352
5869
8181
5186
3152
4289
4289
2562
419
6530
2183
6398
2233
7760
5207
2833
7818
3463
6394
2320
2834
6919
6291
5481
6885
4512
846
2099
8059
4282
5391
6695
3060
3053
1328
57
4853
6724
4007
4089
2900
2564
2393
8163
6555
1691
5547
1085
2683
7760
7864
2317
2352
5156
125
4421
130
7457
2683
2099
453
518
5399
7265
152
7949
6695
3013
5283
4878
1803
1384
7457
3919
5346
6398
2363
1704
6384
3373
7557
6133
6999
7274
4691
2933
2834
4622
1843
2498
4421
2637
6500
4905
3295
419
1108
2231
6841
2354
2372
2328
2453
3720
1300
982
278
2412
7262
3752
7901
2754
6426
1623
7658
3463
5286
6605
539
324
6078
4839
4967
5315
7807
5507
3156
6342
5478
5926
857
1824
2464
7207
179
5653
5122
2101
6559
2749
1685
5811
2672
5132
1398
7602
4271
7557
1342
483
4948
5205
1365
6685
732
5068
4780
5792
6762
8098
6413
6561
5489
6147
7722
2916
7275
7973
4727
6521
1605
3788
1951
3101
7584
2223
2293
724
1121
7030
3183
1600
3706
8080
1414
4018
2072
1666
7557
7983
4369
3868
703
4100
4419
6208
44
2233
6483
4020
4927
1452
7604
3193
5622
474
7839
4706
6419
6167
1847
3373
5175
2817
6144
4340
5469
7642
4058
1744
2910
2353
53
1673
7411
7011
5890
3161
3638
4975
6610
7283
1241
4525
4950
5535
5631
7060
6624
7021
2933
3334
358
355
2558
5551
2312
1147
3715
1076
1040
680
799
2947
53
1442
3608
4932
1009
44
1200
1290
3177
3161
2425
7408
5292
6545
4912
2614
4863
4992
1673
89
921
782
4842
5791
6691
2371
1105
170
7679
1595
6750
2760
1439
4624
4875
1237
1350
2930
5380
951
7155
5521
6918
2915
2123
6479
481
4216
934
53
4253
6548
2548
3302
6660
4497
4174
3694
255
4604
1859
6135
214
970
4746
3028
7570
5315
5945
174
6440
6183
4294
4540
881
295
4309
663
4822
2059
6532
2947
206
7810
7583
8187
3732
2558
7353
6510
1836
6015
7726
6135
14
1415
2672
785
3497
6356
6321
4410
6234
382
1350
7369
6510
3153
4355
1566
280
7484
5687
3207
7408
1789
4707
2533
740
2771
6060
4236
3610
3052
7072
1997
1301
5224
2217
4809
2368
17
2192
4477
6769
2218
1610
6784
1443
2418
6012
5529
1765
4448
6141
7193
2312
8173
2610
5028
2005
2092
4616
1854
1931
671
7956
4162
6572
7982
3762
7110
6109
3701
4448
3045
1649
5914
5501
5267
2196
1550
631
7867
1532
7564
716
503
3791
2498
4319
2706
7948
5551
5876
2127
6880
708
947
84
1740
5145
4568
704
2661
6700
1147
2070
1819
2597
2357
1697
4448
5997
3625
4628
954
3623
5860
7935
1287
2483
2586
845
158
7231
3161
6306
4067
1156
2826
3504
5019
6449
1776
1415
3720
6777
3035
5784
1279
48
8105
3581
959
6650
575
7647
6009
6610
3939
6222
3901
4885
2939
5714
5650
2922
5194
4499
6822
2665
3712
3773
5701
1719
2507
7244
722
3960
7983
4827
2283
3154
3154
7913
4842
4359
8069
7887
563
2375
877
7928
583
2825
3792
1587
3274
7049
5012
6147
2801
5100
5914
650
5423
3432
2496
5998
138
4413
3689
5629
8086
8133
1535
5390
5885
1322
1812
3360
8105
4215
36
1402
7138
1319
7796
2015
1048
6023
654
4407
6820
4009
6165
4540
6937
970
4507
2368
2467
1235
5524
3732
5301
4822
1260
4111
8080
6021
3092
240
777
6760
4589
5902
3747
411
1301
6164
6791
7439
3676
5688
778
5492
4418
38
8111
790
4707
2520
7928
6110
609
4238
2496
5419
6926
276
5798
3290
6657
4802
2442
7188
6818
7419
2271
3483
1037
1659
2411
5928
5444
1287
4383
1416
3513
5988
8106
7424
704
6273
6440
4377
5719
4207
7344
2411
6997
7868
