0
0
0
10
0
2
0
3
11
1
0
0
3
0
0
0
0
2
0
1
0
1
8
0
0
0
0
2
0
0
0
1
0
0
0
0
0
0
1
0
0
0
0
0
0
0
0
0
0
0
0
0
0
0
2
0
1
0
0
0
0
0
0
0
0
2
0
0
0
0
0
1
0
0
0
0
1
1
0
0
0
0
0
0
1
0
0
0
0
0
0
2
0
0
0
0
7
0
0
0
0
0
0
0
16
0
0
7
4
2
0
0
0
0
0
0
0
0
1
0
4
1
5
0
0
1
0
2
1
0
1
1
0
0
2
0
0
3
0
0
0
1
0
0
0
0
0
0
3
0
0
0
1
0
0
0
0
0
0
1
0
0
3
0
1
0
0
0
0
2
0
0
1
0
0
0
0
3
1
0
0
0
0
0
0
0
0
0
0
3
1
8
0
0
0
0
0
0
0
0
0
0
0
0
10
8
7
2
5
3
27
6
2
2
3
1
1
15
0
2
0
11
0
0
0
1
0
0
0
1
0
1
0
0
0
0
0
0
0
0
1
0
0
0
0
0
0
0
0
0
0
0
0
10
0
0
3220
6384
5798
2309
2896
979
2896
2325
2325
3071
3071
3071
3071
3071
3071
3071
3071
3071
3071
4867
2325
3071
3071
3071
6258
6258
2325
2325
2325
2325
6258
3071
3220
4569
4569
3352
3071
202
2202
592
3220
7940
3240
3240
3240
3240
3240
3240
3240
4522
4522
3071
6635
3260
592
5279
5928
3260
6258
6258
4522
4522
4670
6258
6384
6553
7872
1209
6945
601
3223
3454
2325
3220
7451
7451
7451
7451
7451
7451
7451
3220
4522
6635
7013
2522
1861
3566
5082
3916
1425
5165
3260
4522
7940
2325
6384
6553
6553
7872
7872
3741
6677
5229
2325
4522
1774
1774
5129
5129
5129
5129
5129
1774
4522
6635
1638
6805
2353
4323
4980
7257
2862
5428
7223
592
4522
2325
3240
7419
5798
5129
2610
472
979
2676
592
6481
4522
3220
1774
1774
6384
6384
6384
3220
4522
592
6391
755
6631
404
5634
7375
755
5497
2465
2325
2325
2325
3220
3741
685
4436
7375
6523
2683
1530
4266
1151
4522
7940
4522
1774
1774
6384
6384
3220
4522
592
7716
7181
5251
549
4515
2353
6159
2197
1140
907
7940
592
1787
5775
7523
5535
168
67
3717
3717
5011
4870
7237
2080
3260
4647
1774
1774
6384
3220
4522
2343
6775
8099
7702
5144
2007
4791
2353
3836
2021
1635
960
2896
1787
183
2434
7388
3567
476
7713
3776
67
826
1460
6409
4522
592
3220
7451
6384
3220
3240
4670
7818
8134
1855
1858
2187
6557
1707
7146
2991
610
3916
7673
3207
3806
4929
545
1707
7430
5634
5366
2943
6443
7375
2197
1291
8025
2325
4522
6384
7451
4522
6635
4735
734
3718
5622
5634
476
5353
6557
1730
4929
3282
3240
3240
1425
7667
5522
1208
5535
2448
5353
1858
7430
51
8005
7400
5115
425
7940
348
3220
3207
6258
1787
6089
5976
4138
67
2448
3489
5353
3567
4221
7864
7419
3207
2676
876
3256
7274
2353
6010
3446
8147
27
67
51
52
5843
2164
6258
592
2325
2325
592
2257
4644
3533
513
2834
6443
1623
6601
5274
4946
4999
4399
6384
7872
3220
1690
3990
4159
6299
6010
5260
326
5042
3567
2846
5821
8117
3494
2896
6384
2343
2343
2896
4670
5579
5812
5522
4138
6716
5655
2448
1515
6494
2574
3225
2066
6384
2958
6315
5976
1578
1121
1338
4863
1707
5353
6400
6048
3100
3524
1423
7123
2511
2525
1021
5129
592
7615
6614
5284
3688
5569
5634
7973
3193
2582
6031
2699
5013
5428
5279
3220
1561
1726
7702
5655
3446
1694
5353
7381
7664
1442
2478
1602
2059
5456
1942
6843
1209
2016
4108
3125
687
2197
5505
7245
1442
6966
8100
4130
3149
1180
4104
7162
5116
4874
449
1980
2261
7978
354
929
4863
5250
1943
7982
5208
4784
7716
2136
67
107
461
5064
1186
4696
7855
6400
7667
4818
20
1205
5082
3228
2634
1468
939
6960
6960
1330
4104
2187
2197
3833
6381
3441
6150
3260
202
1075
8083
5512
6129
2984
1788
7074
2615
6242
4863
4863
3446
5353
7973
306
732
8132
3125
3881
1226
4949
7445
2889
1957
2519
1801
4369
5011
4983
8184
635
4867
1759
6412
8036
8
3585
3121
2889
3671
6532
5834
7146
4599
481
7556
404
4515
7919
2353
4138
6646
4997
6170
2978
3317
3272
5578
4863
1688
7907
68
6743
5224
7140
7868
595
6456
4484
7971
1469
7223
7614
2884
5018
3466
4253
6468
2574
2994
4446
3183
2434
7146
4221
5698
3308
5614
6106
6664
4992
2844
5085
5908
7420
4718
5477
939
2076
2508
6400
2197
5144
4266
8117
7919
2844
1004
7981
2722
6010
1608
6348
7841
4680
6048
4696
2021
313
6767
4245
2198
7907
500
5085
3446
4207
5507
3291
3551
1730
4527
4696
751
6631
7683
6957
1694
3136
3895
1999
7818
2020
5011
1515
4976
7158
2353
6557
6010
7146
3657
107
3169
5546
5291
5967
3947
5013
4319
866
3221
7367
4205
5182
7748
972
2994
1744
5267
979
4216
4522
2066
5284
6494
7375
3567
3446
7429
3446
3446
6468
1569
5772
1462
8
2732
4019
2470
1140
107
5940
7430
4205
1560
5104
4509
5944
2803
3317
7419
2325
592
2896
3240
3542
1852
3308
3672
449
7440
1070
643
2309
2465
3240
2303
2915
6148
6099
3819
6805
7375
1336
1338
5260
83
4600
4600
3966
3602
7407
6384
592
2325
2835
3071
592
3071
6635
5019
3220
3542
6796
4522
592
592
592
2896
332
7138
4609
6258
5129
3004
3542
1442
1590
4216
4326
2325
2325
4233
6025
331
3240
7940
6258
2325
4522
4522
4522
2325
6635
592
592
7940
3220
4522
4522
4522
592
1021
689
3443
6481
6258
2896
592
6258
592
592
592
592
2309
4534
2905
960
4867
6258
4522
4522
3220
1774
1774
1774
1774
1774
1774
7451
7451
7451
7940
7940
6553
6914
8144
250
6635
3260
2325
3220
7451
1774
4522
3220
2896
2650
2816
2061
6258
6258
4522
4522
1774
6384
6384
6384
6384
6384
6384
5129
5129
6384
1774
7940
592
3240
4857
3882
1767
2343
3260
2325
7451
7451
7451
3220
7940
7013
7601
1003
3240
6258
4522
4522
1774
5129
1774
1774
6384
1774
1774
6384
6384
6384
6384
7451
4522
6481
960
7595
4425
5829
2835
3260
4522
6384
7451
3220
7940
3240
6422
4805
2309
2896
4522
4522
6384
5129
5129
5129
5129
5129
5129
5129
5129
5129
5129
6384
7451
4522
4522
592
6495
689
263
5279
3260
7940
1774
3240
3220
6258
3223
8125
3068
2896
4522
3220
7451
1774
5129
5129
5129
5129
5129
5129
5129
5129
5129
5129
5129
7451
3240
4670
6258
5831
4805
8118
1523
3260
2325
3220
7451
3071
3741
2881
1404
3260
2896
6258
4522
4522
4522
4522
4522
4522
4522
4522
4522
4522
4522
4522
4522
4522
4522
4522
2325
2896
1863
1506
4543
3148
3260
2325
2325
4522
2896
2665
3786
3240
2938
8174
2896
3260
6635
6635
6635
6635
6635
6635
6635
6635
6635
6635
6635
6635
6635
3260
4867
592
4867
3240
34
7138
7910
2896
3260
6635
592
6553
3925
899
