0
0
0
9
0
0
0
1
10
0
0
1
1
0
0
0
0
0
0
1
0
4
10
1
0
0
0
1
0
0
1
3
0
0
0
0
0
0
0
0
0
0
0
0
0
0
0
0
0
0
0
0
0
0
0
0
1
0
0
0
0
0
0
0
0
1
0
1
0
0
0
0
0
0
0
0
0
1
0
0
0
0
0
0
0
0
0
0
0
0
0
0
2
0
0
0
6
0
0
0
0
0
0
0
24
0
0
10
7
5
0
0
0
0
0
3
0
0
0
1
1
0
10
1
0
0
0
0
1
1
0
0
0
0
1
0
0
3
1
0
0
0
0
0
0
0
0
0
4
1
0
0
1
0
0
0
0
2
0
1
1
1
3
1
1
0
0
1
0
1
0
1
0
0
0
0
0
1
0
0
0
0
0
0
0
0
0
0
0
4
0
9
0
0
0
0
0
0
0
0
0
0
0
0
10
8
8
10
10
1
26
2
0
4
2
2
1
28
2
1
1
10
0
1
2
0
0
0
0
1
0
1
0
0
0
0
0
0
0
0
0
0
0
0
0
0
0
0
0
0
0
0
0
10
0
0
4896
5185
450
2464
2777
3389
2411
6734
1460
1608
1461
7032
2961
7107
5617
732
1569
856
8127
4568
2648
3693
1242
4165
3901
437
4432
5153
2459
2315
2368
2948
6128
4202
4594
211
3947
2192
6870
7016
929
7650
3508
7387
2683
5226
2925
3082
7645
2195
7433
3443
4018
5714
3612
922
3886
5798
5143
5577
538
5315
435
3790
5748
2736
4484
5664
2629
7625
874
5932
8100
3136
4682
5834
542
6605
6129
1259
505
6930
4527
2842
7320
2861
3130
1034
1075
7583
5993
4481
3816
1393
4774
5998
2948
3223
4861
600
3201
4090
700
7728
1451
3489
1477
3178
3948
5683
7875
6930
8037
4680
2448
2561
2814
8152
4475
5244
3077
2987
3571
1243
3455
3911
491
2806
7926
2146
3237
329
8063
7510
2696
1208
7317
8072
7761
476
5230
5683
7771
326
4680
1688
3178
549
4929
875
8160
1931
5714
6506
1620
825
5449
1195
5113
5176
845
4742
4335
6194
5151
6242
2007
2837
338
3886
6809
3819
1284
1846
74
5042
4680
5572
7374
8076
2882
5959
408
3776
1911
5817
6698
4317
2987
1852
672
2226
421
4109
4335
8067
5144
2007
4446
2529
427
6170
1949
706
6386
3178
7046
4680
4253
4678
216
7000
265
2701
3429
7412
5052
1149
7073
4052
1639
4293
825
1823
5343
2208
533
2893
404
1694
3489
3363
2304
939
4379
558
2631
7648
4993
5377
7748
1727
277
7388
7687
1560
1250
701
4682
1761
1727
1567
5835
2582
3004
5288
3973
5764
6799
6431
1707
5377
7800
5104
4992
2175
1411
127
3002
7841
176
5972
5353
7805
5614
171
5289
1112
5325
2990
7346
7412
2615
514
4535
5535
7218
1344
2934
6183
6514
2848
306
5455
3317
3390
5614
5720
6356
1115
8106
7932
4992
1707
5042
6580
4509
5358
6704
1707
1599
4212
8037
5353
2991
5893
7718
7861
3642
472
1988
5608
655
3872
7306
68
2615
3272
5944
3166
6163
6743
1465
2992
6743
4993
1429
7167
1543
7572
4992
1186
2368
7404
2251
4868
7392
6865
7274
7422
1836
1349
2405
255
3848
7671
7523
100
1696
2304
3993
2709
7711
8106
8065
2175
652
6704
674
7799
8084
2992
2994
4658
6312
431
3678
3998
5572
1058
6399
4693
2576
559
6791
421
2626
2697
2148
6485
2670
3066
6430
5369
7162
3538
2939
972
4680
2064
7167
2397
2431
7737
4369
2420
4963
3279
1687
7469
1417
1881
6833
1610
2908
3378
2777
4809
6422
7594
2794
4863
5981
8075
1511
7645
6520
939
6750
1719
1662
8184
2811
1461
2992
5572
4680
6749
7388
3476
5597
4983
3141
4834
569
6101
2965
2513
4202
1029
4895
1044
5697
5693
3915
4537
6749
7776
7932
1301
5944
7841
837
4873
4611
6318
5104
2994
7921
7718
3558
5981
4446
67
5407
2094
7352
7988
3494
1589
6791
2679
1421
5900
658
7096
6634
6001
4197
3792
6170
3701
6979
7736
2296
7704
5692
968
2978
652
545
5535
5455
7903
1710
646
4440
379
8115
3504
7582
6791
390
332
1772
2689
1164
566
3696
2225
1045
3066
6937
427
4359
7941
6689
118
1957
4509
6348
5260
5986
5289
1477
2319
6180
4676
4974
6260
6937
2788
421
783
5574
5321
3794
2488
7028
2696
2157
2939
5614
3701
7197
7841
4165
6383
1112
4680
1045
1560
4963
3351
2427
1528
5262
1484
696
7238
1405
6770
1776
2777
4341
1677
5701
5227
1407
2663
4687
2691
2586
3701
1296
3701
1356
7695
258
6318
1259
8147
2511
2712
3351
5799
7147
8054
5407
4105
3591
8123
4479
4609
538
764
4827
7784
3303
7408
7229
8073
5152
7572
517
4509
6544
5282
44
1442
1881
118
1305
1070
1855
6208
2998
7027
4212
6805
5959
5697
7136
4225
8030
783
1776
764
211
6677
1589
7570
7070
1473
1434
552
4955
3148
3503
3958
122
4718
3291
476
674
404
4418
839
1332
1484
6182
345
5211
2157
2675
4229
1748
1824
3389
3911
568
4609
6468
7748
7194
2487
5778
2303
6884
4399
1403
6485
7871
837
6818
6850
4515
1725
5683
2094
6707
6933
3065
1398
4578
960
7218
4659
7258
3068
1238
472
811
2773
4575
3100
6121
574
6227
7344
536
5977
5104
4718
1949
1942
3503
3308
962
7659
647
6813
6984
5145
6128
5747
3159
5013
7982
4472
7063
1823
6227
4644
4920
6737
3483
4789
4356
4291
6393
6656
6384
5153
250
4618
896
1046
1728
1944
4286
6474
1164
1997
7149
5428
7187
7689
129
2478
5536
5292
6271
1565
82
5077
4214
2465
4950
3381
6248
2411
4609
740
4578
6732
1824
6227
6796
7453
6677
1740
2496
7913
4340
5272
3472
7304
7063
6059
595
7419
7691
3747
3477
4419
4949
764
3188
2773
2541
3847
6076
2513
7583
6034
2784
8034
5209
6462
1631
7901
5489
536
1228
2676
5537
5272
924
4207
1550
5181
4644
4707
5232
7882
1209
6306
2465
6553
4578
2764
4676
3571
11
4342
220
3326
3691
2113
1070
1264
1897
3475
5428
960
6252
500
2676
4623
896
7872
960
5596
7434
5099
4353
6436
534
4712
2777
2478
2762
1852
2676
5531
3869
2432
3890
2777
764
4074
7901
4039
7362
4373
66
6101
3792
7844
5520
1408
204
7922
7527
338
3416
7596
96
7582
215
2640
4375
2410
5077
390
6791
4042
1615
6354
6227
5499
4594
139
3901
3632
3379
2568
2847
609
6143
2136
6573
719
1992
7406
2279
2777
6677
3542
5013
6271
7023
1625
313
2892
4594
5778
2080
6565
8048
2015
6588
778
960
2182
390
3936
4423
2506
5995
7101
6986
1565
5989
2383
1426
1303
3417
1089
7116
5881
6380
3977
5591
666
6926
8143
1944
4341
8025
5385
727
208
2676
5385
6089
7871
631
3959
5128
1439
4196
919
6889
5547
2586
4784
925
5495
2648
3793
4262
5017
6904
2339
1488
4233
4962
418
4372
96
437
1698
2279
1331
1739
5928
7545
2465
390
3600
5594
6510
6677
4293
2465
2533
3777
1863
5013
6677
7901
6818
4920
649
5874
6393
2987
6565
1488
6395
1576
764
