0
0
0
9
0
4
0
2
10
0
0
2
3
2
0
0
2
0
0
0
0
3
9
0
0
0
1
1
0
0
0
0
0
0
0
0
0
0
1
0
0
0
0
0
0
0
0
0
0
0
0
0
0
1
0
1
2
3
0
0
0
0
0
0
0
0
0
0
0
0
0
0
0
0
0
0
0
1
0
0
0
0
0
0
0
0
0
0
0
0
1
1
1
0
0
0
8
1
0
0
0
0
0
0
22
0
0
6
7
3
0
0
0
0
0
0
2
0
0
0
4
0
3
0
0
0
0
1
1
0
0
0
0
0
0
0
0
1
2
0
0
0
1
0
0
0
0
0
1
2
0
1
3
0
0
0
0
1
0
0
0
0
0
0
1
0
0
0
2
0
0
0
0
0
0
0
0
0
0
0
0
0
0
0
0
0
0
0
0
3
0
9
0
0
0
0
0
0
0
0
0
0
0
0
12
3
10
2
0
3
27
4
0
2
0
1
1
19
0
0
0
11
0
1
0
1
0
0
0
1
0
0
0
0
0
0
0
0
0
0
0
0
0
0
0
0
0
0
0
0
0
0
0
10
0
0
3044
2999
280
5427
7613
5514
2441
3888
1075
5322
4852
1103
778
7736
2374
5482
3959
1103
3897
2463
4732
255
3477
7294
2421
5100
7
7592
4525
5998
568
783
4926
5751
486
486
5608
7592
8080
845
4722
6562
4034
5109
3121
4926
2280
3598
1595
4605
6562
6802
3903
2463
3600
7613
7520
1554
2092
3433
4525
2421
2410
5701
4074
7613
7148
7592
1660
61
7915
1103
1103
2372
7296
1822
1944
5451
7911
8047
304
5322
1631
2149
5259
5308
4007
1090
2850
6562
4213
778
3453
6895
5730
6002
3212
4788
3121
1395
6562
2374
6262
1241
7816
3897
614
458
1949
5751
6237
1768
3695
4525
5944
2200
1524
6427
6469
4103
6176
6471
6774
2419
1508
683
2850
1103
5778
1565
2856
6761
7148
1765
47
2219
5066
591
83
5495
725
280
6465
581
4065
1103
2986
3425
1468
4788
657
3322
6763
6585
6049
312
3331
1508
7520
255
215
7779
1613
4718
7294
6041
2402
3077
4632
7391
2629
6860
6860
2150
1625
4393
5663
2192
3449
2362
6573
6002
5892
6180
6049
291
5505
5505
2970
2244
541
740
3959
646
5645
7716
46
2629
7670
4312
4074
8128
4718
7871
486
6620
3990
7181
6080
345
3054
2900
7293
393
35
6890
6086
4983
7698
4221
1383
6314
5805
7613
6089
6080
7792
3678
7013
783
6395
2378
4288
4501
7848
7615
6168
6045
1537
1144
51
7864
4681
2094
3484
273
623
4982
2998
7066
2874
7257
839
1868
5844
5275
8030
287
1451
3622
2080
3741
823
6734
57
7733
5976
4510
1813
5269
3879
2020
5512
5170
1960
1695
7222
2050
629
1977
2669
379
5597
701
4728
8003
1489
3481
4015
4231
5052
4244
1776
2173
3362
6158
7605
7875
6159
6314
3957
6486
2020
2893
51
6400
701
5299
4983
2275
4224
3919
755
7095
5262
3040
3456
5315
3603
7956
8167
2350
1451
7392
6973
4982
7181
2094
1730
4890
1695
4968
4423
6159
3371
4423
7864
4983
856
4576
52
4665
591
3247
3881
6930
4113
2689
253
6486
6665
1786
6852
313
5505
4231
2483
5311
6400
1110
5522
3776
624
4868
1604
6159
5512
7276
7375
809
1297
2730
4128
4665
7593
330
1728
6930
6471
8183
1578
2264
1310
296
2609
7066
7793
7318
1279
8120
610
5144
7818
2264
3652
6043
6837
720
809
3717
3704
381
6854
4286
5505
4221
6952
5474
1728
1297
4682
7265
6806
6646
1499
92
7390
7066
6964
3829
820
7257
956
371
6159
6159
2991
4629
4231
703
2897
2722
8099
6159
4772
755
6676
2021
3881
4344
2158
7988
5852
4870
809
3757
6840
2031
4982
291
4373
1781
5138
648
8099
2722
7480
956
2590
8115
1162
2748
730
51
826
4980
839
1336
371
1460
7855
6400
929
3338
5387
646
953
875
1973
1464
839
3306
5968
7712
1531
962
7743
168
7818
1460
4681
4288
6997
6441
8168
2921
6159
8099
6494
4179
1121
5512
793
5745
3226
1482
6909
2921
3510
1513
2850
7148
1390
6763
4275
2158
5637
6086
1687
3125
6687
5270
4252
7745
5587
1290
1821
7903
4394
7730
4946
839
6352
6555
6146
1260
7973
638
7671
92
1864
7722
7913
3161
5170
3622
6716
513
794
6300
41
1968
667
5952
2136
1649
7732
7786
4921
3600
1468
2770
5144
1310
3125
6383
168
3398
2019
2259
505
6385
5100
3056
6997
613
3371
7772
4767
1336
1460
4905
603
956
7931
418
5171
1290
3920
6122
591
6544
486
533
5107
6705
1063
3308
5151
5321
578
4764
358
4632
5160
4987
492
2957
7818
6300
287
5417
7480
5622
5286
7537
647
557
7235
5560
7056
5647
7143
2662
3577
1087
7921
4881
781
6318
4453
6638
6336
2732
7476
5299
5063
3695
4985
6308
2834
610
5052
4515
5603
3977
2984
865
287
5114
6396
3177
156
83
3862
1954
7613
921
2463
1788
4430
941
2678
2533
1162
4710
4693
7135
2463
1508
4866
3278
323
4169
3759
6500
4762
6318
1516
6961
6393
7153
7740
4579
2359
835
5625
7661
6950
2405
3320
2415
7664
2427
684
7533
523
5174
2402
914
740
3481
6831
4375
7153
2192
1984
4665
6750
3232
5328
2098
8048
6997
8010
773
7838
1478
7455
5566
2907
7148
2554
6657
304
7699
3924
593
3623
4016
2496
8160
7333
5682
4329
3797
208
7540
5291
1038
6208
2474
2309
28
8057
2741
539
4990
7795
2227
1124
1356
5275
615
3981
7285
3637
2415
7455
1468
1940
3481
3490
7086
1770
7592
7415
5501
90
6322
4810
1803
5842
273
2260
4191
2684
263
156
6237
4103
614
83
2662
4074
4852
2951
2124
7828
6469
6831
7294
4957
3291
6544
5452
6657
4079
6508
6109
5255
5248
1024
8080
1559
186
6427
2815
7235
5688
5587
1124
4841
5625
3592
5547
5322
951
5322
5608
2421
2967
5185
1746
4283
3066
5079
2124
4751
3805
3835
90
6012
2152
4852
6141
7188
7587
90
3184
3470
5175
5175
5915
5107
6294
4817
4965
460
1057
2916
2986
6860
7109
4615
4876
6988
7411
3888
4722
2124
6020
2361
137
5057
7852
5057
30
5100
3044
6681
7178
4048
7290
1556
1617
1513
2152
4396
3230
1740
6202
5553
4926
3404
3289
7333
4519
6759
7500
2051
6868
1356
3121
2764
820
7777
3433
1087
5730
1733
978
1559
3993
5747
3674
5694
4729
722
1581
626
7666
7148
3416
4049
2591
7666
5726
1331
201
2156
4872
2463
1954
1978
8160
1767
2558
3851
384
3433
4630
5751
4729
5248
7598
5920
278
7463
925
7243
4361
4921
7851
1566
951
6820
8080
4921
5324
5619
7613
6634
1561
5751
3897
4375
6544
7887
978
7235
7592
2850
978
3439
7592
5248
8044
7086
5983
3189
7389
541
6058
6294
2500
4817
4703
915
4689
3490
2496
2662
4788
332
191
46
5902
4035
4692
6483
4771
841
6932
5839
5839
1019
2374
5248
2914
7177
6304
639
4630
7135
1055
1941
7086
7333
1843
1245
651
3950
386
6544
6645
3720
2038
1238
1672
1978
3230
3897
6472
