0
0
0
10
0
8
0
1
10
2
0
0
5
1
0
0
4
0
0
0
0
0
11
0
0
0
1
0
0
0
0
0
0
0
0
0
0
0
0
0
0
0
0
0
0
0
0
0
0
0
0
0
0
0
0
0
0
0
0
0
0
0
0
0
1
0
0
0
0
0
0
0
0
1
0
0
0
7
0
0
0
0
0
0
0
0
0
0
0
0
0
1
3
0
0
0
8
1
0
0
0
0
0
0
23
1
0
5
5
5
0
0
0
0
0
1
2
0
0
0
5
1
4
0
0
0
0
1
1
1
0
0
1
2
0
0
0
0
0
0
0
1
2
0
0
0
0
0
0
0
0
0
1
0
0
0
0
0
0
1
1
1
2
1
2
0
0
0
0
0
0
0
0
0
0
0
1
0
0
0
0
0
0
0
0
0
0
0
0
1
0
9
0
0
0
0
0
0
0
0
0
0
0
0
11
6
8
3
3
3
25
8
0
2
0
0
1
13
0
0
0
10
0
0
0
0
0
0
0
1
0
0
0
0
0
0
0
0
0
0
0
0
0
0
0
0
0
0
0
0
0
0
0
10
0
0
4065
913
5109
1965
2410
4751
6369
3472
7189
306
5339
913
3560
5867
5185
5739
1453
4082
5767
5739
5332
3210
3592
4807
7061
2662
7123
5947
5330
2895
1871
8190
5629
959
6975
7426
2894
5276
7725
6648
6895
3793
1084
5514
4406
4560
3483
2654
7692
4663
508
1597
5867
7745
3055
8170
5024
7691
6437
4598
7852
693
6438
5620
4290
1765
4990
978
1048
4290
1029
5403
3445
1395
484
5332
6557
5655
5040
3510
6176
6890
1923
1430
7872
5412
1129
6983
6183
8191
2429
7393
1929
1627
4942
5232
1619
5040
2353
4705
5997
109
4492
6276
2709
69
2214
5277
3125
168
68
5040
7719
107
5549
4489
5398
5385
5837
6618
7318
24
2690
3560
4604
1129
6095
2042
5102
7095
2264
3865
4628
5704
4851
4840
6972
1767
6510
4906
7875
4696
3125
505
3979
7702
5496
6457
4887
3115
6864
6400
7982
4482
4308
2929
4615
1319
2470
263
3637
313
1720
1
3603
794
7398
2006
3469
2927
5998
5875
3221
1898
7875
2991
1145
5634
6106
2643
5020
3391
3657
2187
5273
2558
2248
2442
3492
7466
1074
1661
2546
7536
7743
2462
5505
112
4392
6650
797
1956
6307
174
6242
5496
2291
3881
5174
7367
5634
2809
8137
171
51
4323
3510
1048
7886
4489
1048
2442
3492
933
7913
6709
6663
4242
2941
5109
7911
4422
6121
3119
3909
3407
1474
4696
1229
7605
7306
6010
1336
2658
7534
459
2197
8122
7384
2654
229
4355
4405
3789
4735
1163
4255
5385
6667
3986
169
1473
7723
5272
1965
1601
6124
4881
1727
1578
2897
57
5991
2368
459
7743
6399
1104
1258
6864
2747
1253
3651
7625
7723
1506
448
28
817
7256
7258
7337
5086
7723
6448
4080
2459
7739
1871
3391
4611
7375
809
7423
1058
7111
562
7988
7697
3825
2315
4858
2273
4192
1479
2459
3504
123
1809
165
6955
7279
2799
4194
3405
959
7811
1168
3158
4491
7067
5057
4857
5512
809
2609
4123
5702
4088
1005
5968
5555
2834
6321
2753
4590
248
8191
3134
6198
4093
1103
421
5118
7997
1970
4862
3249
2086
3386
6927
5748
2240
5350
254
4345
3990
6971
5251
315
68
2625
7215
1127
6559
2369
4546
7178
7924
786
3786
2920
2374
8021
6441
5761
1680
5371
2213
1977
6897
3268
2470
2955
2238
4737
4017
1544
4190
7970
7855
6555
2943
2069
2598
6676
7029
7011
2418
4069
3945
5023
2130
4413
683
1801
2411
3055
1105
183
51
6930
2991
1571
3558
4676
68
915
2766
2105
47
7480
4988
2749
850
2168
5496
6248
3391
791
328
1647
5405
7691
2183
7520
1653
304
3121
1114
2622
2688
2427
3881
3183
2007
6494
755
7146
2976
5993
5890
5896
1644
168
5522
2020
4839
6449
7371
4887
7691
7206
3994
7398
6327
5993
1180
5970
2544
5150
2895
1497
3869
6638
5011
3283
1797
2643
6964
8084
5379
1057
1870
6399
5144
466
7720
3977
6259
5975
4448
739
1241
6882
1946
2920
169
6450
8121
6196
5871
2525
2127
2630
7903
5496
6399
7562
4988
4398
3371
5358
7793
4178
4104
7308
1571
1698
6750
6259
7609
3229
1488
999
3079
6124
3897
7630
5924
7061
2698
7721
2578
5629
3186
4153
3963
6555
3488
4401
2658
5944
459
7146
7743
6242
2785
7697
7156
1641
1040
5403
6262
6648
2992
8094
4272
6929
4572
5603
7234
7384
3355
4632
7852
4491
6027
3280
2677
1258
4848
8100
1730
3672
4289
1110
6687
3178
5569
7973
3271
1826
7059
8023
4462
2369
2559
4416
3749
2152
4116
6731
432
1473
7874
7494
4737
3346
6849
5380
5853
5622
5943
3446
3657
7760
2943
1110
57
6299
2195
3003
6193
1095
5166
852
4426
4160
34
4183
4482
7757
7997
4365
7492
7061
1639
7740
1944
6199
1113
275
5636
2374
100
5655
7375
6425
6747
6675
1484
7614
6638
6193
5176
5196
954
5128
4482
6375
1564
4707
5383
7636
5174
3650
5079
1855
1242
8004
5950
684
7207
4737
4788
4074
6031
5346
2683
6841
4748
1652
3298
8163
80
7210
2487
5419
4009
6108
6604
5143
1091
288
5387
7644
1253
7243
6509
7523
752
2876
6502
1989
3741
2513
7013
7781
5766
1666
1212
1933
5989
6052
5055
6687
5012
1698
2979
6193
7995
3410
2255
2603
6983
6449
5791
234
3162
722
1223
1186
6489
76
6680
7590
7313
250
1075
5515
5867
1497
5358
762
7030
4509
6304
2765
6735
3658
5079
4087
1778
7463
4486
545
3659
8046
7779
97
8064
542
1501
3446
2498
4662
3658
1289
1281
684
7764
1554
1576
2172
4912
6485
1045
271
3158
7908
8133
3096
5037
3291
869
1709
3335
4450
596
944
7583
7419
2249
1430
6964
5496
5007
4975
61
2219
5332
2286
3252
5923
5751
2979
7916
3308
55
1095
7976
1534
4607
8080
3876
1131
4622
6152
5890
1525
5622
7534
2765
966
7221
1062
3488
1847
3117
2663
3994
5301
3611
6917
5119
7
4294
7061
3541
4608
38
3843
61
1137
1527
8021
6004
7539
7593
4050
1103
5815
5417
4963
2834
574
7393
3700
2933
7730
7534
2149
3648
6133
5138
3662
4943
7243
6634
3560
3115
428
6569
2984
747
4998
2252
558
4308
38
1342
6150
6548
7321
5383
2206
2834
5913
5890
350
1256
6138
4734
2227
6777
2235
7512
2107
775
4936
5059
6208
4087
7378
6465
4147
6145
5731
2110
5706
7196
4352
2525
4152
4485
8159
2366
6279
2561
6040
5626
5090
617
2434
7564
1801
2583
6885
7201
2976
1262
7815
5348
1821
1769
5998
7006
7013
7640
802
1164
5970
3022
7618
5542
5476
4018
4285
881
3177
4529
4563
2172
1855
5835
6850
2485
6738
5373
3752
3209
1680
8103
1513
1699
7218
7299
2265
1698
7468
6896
6589
1473
1900
3980
109
6657
5356
2622
4216
6193
2595
3960
4976
1077
247
1132
1797
6208
1801
3369
7823
5332
3651
1118
1164
531
2041
2715
843
5143
7640
6706
2379
4641
145
5739
5128
1751
4693
4111
1962
6469
5398
7077
5440
2315
692
5100
6296
5041
1951
4325
