0
0
0
7
0
7
0
1
10
3
0
2
3
1
0
0
3
0
0
0
0
3
6
0
0
0
3
1
0
0
1
1
0
0
0
0
0
0
1
0
0
0
0
0
0
0
0
0
0
0
0
0
0
0
0
0
4
1
0
0
0
0
0
0
1
0
0
0
0
0
2
0
0
0
0
0
1
2
0
0
0
0
0
0
0
0
0
0
0
0
0
1
0
0
0
0
9
0
0
0
0
0
0
0
20
1
0
6
7
7
0
0
0
0
0
1
6
0
2
1
2
2
3
1
0
1
0
1
1
0
1
1
1
0
2
0
0
2
1
0
0
0
0
0
0
0
0
1
1
1
0
0
3
0
0
0
0
0
0
0
1
0
0
0
0
0
0
1
0
0
0
0
0
0
0
0
0
1
0
0
0
0
0
0
0
0
0
1
0
4
0
6
0
0
0
0
0
0
0
0
0
0
0
0
8
12
6
6
3
4
22
2
0
3
3
3
1
12
0
2
0
13
0
1
0
0
0
0
0
1
0
1
0
0
0
0
0
0
0
0
0
0
0
0
0
0
0
0
0
0
0
0
0
10
0
0
3022
2907
3577
6847
3922
2286
7113
369
3367
603
5522
1396
5255
902
813
4123
40
299
4436
6966
1245
2741
4154
10
7995
5998
186
449
6958
6554
67
3636
1600
4425
1556
5226
2999
6144
5767
740
1767
5559
6330
4353
7463
6406
7767
3160
4629
3987
7436
1890
3420
1581
4851
1136
749
30
30
4695
2009
4595
650
6660
8105
1798
2196
778
5385
1581
7279
5332
4568
5248
5376
7034
2597
6958
4169
2571
5550
2805
7854
5350
7888
1639
7995
5553
1591
5839
6002
5196
8094
3577
1048
1087
4270
3642
684
491
1671
6824
5128
6134
2764
2629
4812
4593
3457
390
6074
4570
7231
6110
8190
6262
3835
4022
4881
2009
3348
4375
3851
4329
4830
3790
5896
7915
947
5149
4350
6011
5915
7640
1158
1733
2960
8018
7956
7090
4056
4007
2907
5975
1245
7122
3911
6824
1864
7915
4350
2834
720
6020
123
2979
7230
3358
1114
1661
1287
4270
4049
7243
2484
3577
7806
3588
4312
4576
7300
7763
5362
8162
6895
3045
6237
4881
3642
3121
1343
4974
3583
6167
3797
5833
7995
7752
906
6374
6394
4325
6041
340
7380
4361
2679
7823
1767
5010
5010
2143
7730
903
3122
5468
2914
738
7389
2916
1890
6926
4629
4495
2755
4177
4378
2457
114
44
6903
4851
1230
114
8105
7716
1576
7190
4630
5896
2429
5171
5928
6487
8084
2991
8150
4600
4271
1684
5403
3790
7143
7788
1371
6336
6101
7016
4728
2811
4842
244
5242
531
4623
338
5886
1769
5687
2777
6660
1821
802
3186
3610
1023
3397
1628
2382
8073
3835
1224
568
5118
2922
5869
6755
1115
1197
3362
6269
1765
6583
4230
2663
4812
4425
7086
4207
3439
6117
384
1554
3287
2374
4987
2034
4224
2452
3563
6909
4665
8011
5322
8048
2327
2227
2528
6138
7713
2888
7565
365
5332
4017
3346
6124
2002
4211
4329
5279
3741
4029
5921
7467
4264
7871
390
7570
7967
3065
6443
5564
381
803
3732
1767
5419
3584
5841
5417
8084
7562
1772
2922
1473
389
7827
2252
6887
1372
8094
4718
4233
7527
2379
744
3647
2441
425
390
7680
1558
8185
1498
1868
523
7135
4329
5275
2381
1484
2295
107
3982
3009
6058
3712
1319
2137
6935
3654
1660
3487
6997
3402
4214
1048
8048
2405
907
6053
2796
7437
3456
313
1197
67
1013
2441
5024
6703
3605
1991
3125
1730
1968
1178
3732
2415
3391
7011
4703
423
7389
2031
254
5332
1279
7153
6660
1279
6799
6005
6483
2318
1518
1477
5262
3879
961
1279
4312
5597
2495
2814
5353
2021
2427
2018
4329
6770
5248
3631
5288
7236
6306
4214
4698
6997
3095
212
3358
6735
4329
2015
7915
4841
4966
7212
646
7412
2197
6973
4689
7580
8054
2452
5634
6400
8099
2897
671
6371
5530
3402
7699
7227
393
6590
4892
675
2441
3004
4112
4887
2986
6645
921
157
804
6080
3840
3009
1720
1576
6191
4244
5152
3692
3388
3125
4848
6523
4239
4708
5805
5128
2613
3224
7227
6385
702
208
46
121
3402
4493
3816
7190
3741
6552
1772
2908
3759
5216
1390
4722
2491
3009
2874
4967
1578
2206
956
7306
7229
4568
5530
7740
6741
1522
1765
5057
6796
6089
5928
6997
2999
7520
7699
6222
2034
1343
6471
2955
5353
1484
6400
6378
2537
2452
7974
7843
1256
4839
6671
803
1478
6441
7484
4718
5102
5553
3851
212
1736
2558
1839
5730
2002
3402
3876
1129
3095
1343
4994
6006
4696
4982
8185
2893
142
4663
1149
4960
4091
5251
3603
2441
2916
4880
3959
4569
2676
2441
331
5650
2836
7777
6002
5650
4880
369
6009
6395
6011
4361
3481
2673
3982
804
794
3879
1343
7843
7794
5253
1827
2259
3836
1523
5886
390
5279
2777
450
5288
2764
6227
591
6635
2136
2465
1576
2558
3851
7872
7243
1929
6053
1273
5533
1772
648
5103
3647
916
3009
7711
2722
2058
7781
4689
2419
6271
1155
2374
5751
5801
2421
2192
2136
7190
1765
3477
393
3969
48
2441
3835
7391
4569
7344
2962
1518
1489
3241
1821
2221
2249
6605
3990
1483
6799
3326
7143
3481
5470
4077
4796
1023
514
7872
6997
568
7153
4630
5751
3642
4521
7823
7415
3433
4190
1553
4018
86
6352
6745
5868
5366
7658
7473
92
6799
4809
3004
2411
6230
7262
2558
425
390
1595
2465
3959
7570
721
3542
6393
6002
6799
7492
1343
1721
1553
280
3154
3081
2431
5146
5557
6894
4506
3759
4644
5507
7570
7211
6997
876
6612
307
5476
8143
2597
6307
6945
7591
5801
4609
7866
4533
568
2343
5045
1553
7230
2558
4934
297
3979
1692
86
7723
789
4008
1425
5928
3435
1114
1715
3148
1839
5259
3510
7229
5687
7591
3861
47
4892
2916
3287
7598
2080
535
1553
3287
3022
1595
959
7823
6799
3449
5191
404
2916
1794
8016
5288
5338
7048
2979
4346
7740
7455
1124
5376
2764
425
6306
6552
5288
4630
2410
2080
2392
1553
3631
1082
1944
4008
263
1430
6552
2777
1839
4813
3660
263
4741
841
1739
6005
5964
8011
3470
4729
1464
2635
7209
2676
5781
2342
2578
3899
600
823
56
5608
5594
575
6553
7901
6188
6396
6053
4233
7391
425
1776
5501
619
2080
5129
1565
7391
1035
137
7467
2402
3322
1040
450
845
7389
4017
2986
6739
433
5608
7670
2066
1787
3542
4106
7777
979
390
2408
5019
4475
7419
575
7596
4475
5129
5013
4341
3449
2405
5428
2796
2192
4788
425
3660
5332
2856
3979
5438
3148
96
7582
7887
4568
1425
7716
2303
7451
425
1559
649
4651
3389
2066
3207
1550
4809
3959
6417
5650
7419
5650
7467
4841
1576
5013
6700
3278
7858
1809
825
6677
4274
7545
4809
4707
1944
6417
7615
1550
6677
5874
3600
1776
5579
7153
4329
5288
450
1620
7901
215
5874
7615
3358
7722
6441
7012
2907
3243
6110
1698
4569
6384
7670
5701
348
559
390
2405
1024
6552
2080
2080
6677
6552
6833
6188
7995
7798
6393
4568
390
4236
4294
7061
4339
5402
3320
4317
