0
0
0
10
0
11
0
2
9
1
0
1
4
0
0
0
2
3
0
0
0
0
2
0
0
0
2
2
0
0
0
1
0
0
0
0
0
0
0
0
0
0
0
0
0
0
0
0
0
0
0
0
0
1
1
0
3
1
0
0
0
0
0
0
0
0
1
1
0
0
2
0
0
0
0
0
0
1
0
0
0
0
0
0
0
0
0
0
0
0
0
1
0
0
0
0
10
0
0
0
0
0
0
0
25
2
0
9
8
6
0
0
0
0
0
1
5
0
1
0
5
1
5
1
0
3
0
1
0
0
0
0
2
1
1
0
0
2
0
0
0
1
0
0
0
0
0
0
3
0
0
0
1
1
0
0
0
1
0
0
0
1
2
0
0
0
0
0
0
0
0
0
0
0
0
0
1
1
1
0
0
0
0
0
0
0
0
0
0
4
0
7
0
0
0
0
0
0
0
0
0
0
0
0
10
10
7
1
1
5
23
2
1
0
2
0
0
15
0
0
1
13
0
0
0
1
0
0
0
1
0
0
0
0
0
0
0
0
0
0
0
0
0
0
0
0
0
0
0
0
0
0
0
10
0
0
6724
6579
3299
7702
1628
646
956
4275
2658
381
6494
7605
2473
2679
7624
6426
5522
6426
4858
3096
1754
755
3836
6287
2124
959
2462
1230
8173
2118
1043
7618
1832
1655
2961
3403
7446
2319
6300
152
2090
67
603
4437
2382
5613
1968
7308
68
956
1767
5802
5312
4138
1578
1501
5624
2419
6237
4093
3480
4573
4027
5485
1367
1134
4039
7476
5090
6090
4868
6400
7855
7702
4473
3334
4328
661
6555
3717
7308
1691
6141
7249
7864
2834
6299
58
1980
3732
1689
4582
7618
4657
7618
5143
2127
4278
5130
2291
7998
6018
1914
5740
2738
6745
5251
5366
2259
3982
7062
1338
4983
1247
4203
4980
51
3895
7058
5052
1551
4441
6152
1043
310
7995
6393
3806
5493
4634
2203
2990
2933
5094
7667
3327
3327
8057
1858
7346
826
781
6754
5967
6400
1027
1891
5323
7306
7308
7743
7733
3176
124
835
4616
3249
4112
2016
4533
4633
726
4885
3508
5659
1858
483
3382
4946
2139
168
6494
1876
6194
2427
7818
3759
1211
6400
993
1858
41
7375
603
1290
5376
6070
2280
4595
966
6869
3992
7559
479
6741
4983
4234
8076
3718
3023
6486
7358
3879
3567
6087
1233
2943
2073
5978
5052
4138
67
4401
3343
4697
3371
5347
3560
1564
5712
589
5318
2255
7207
7061
852
423
5017
2314
2712
3879
7658
6716
4138
549
734
1511
5852
1591
6280
1233
762
1730
4696
4683
1894
2658
3879
7608
1655
268
2451
873
6039
2433
5731
1473
2105
6876
2468
1235
1855
7713
2893
1176
7557
6638
5251
3463
4159
2818
3105
8099
5251
3479
22
4946
5522
734
7705
6774
2524
2926
7309
2216
6869
266
5567
6604
3713
7620
6168
3718
2314
6638
7743
3384
6383
449
1336
1104
3717
3251
7693
956
5144
1077
3333
2683
7818
7855
7421
1655
1655
6774
3016
3992
4412
5485
7078
5287
1091
5485
2512
1730
6312
2330
780
4983
7476
6123
127
1708
5565
5147
7375
1847
2643
706
1860
5522
1474
2090
2216
6212
3222
7599
6792
5241
3161
7618
1818
6027
1689
4278
1473
8099
4963
7614
3643
4946
6494
4971
3688
6687
459
4274
791
2352
1708
2353
67
51
5251
7705
8158
2298
675
1253
7886
817
6438
1257
3460
1699
4900
5567
6212
3879
2315
2368
1208
6443
6468
7044
6679
3193
1922
1207
2629
3403
2352
6745
6928
3836
793
5613
7309
7309
1304
7811
1277
4771
1716
5485
2753
4278
4278
1137
3113
2311
5745
2643
7131
706
4108
5189
8083
2058
2279
5179
1182
1821
3884
5251
8099
5286
79
268
7309
3491
367
165
1513
2410
2863
5485
3847
4356
7618
1308
2100
6774
5090
6398
2904
2083
1223
3263
899
391
1685
5667
6045
3001
5915
6159
5496
7626
2287
3016
5528
7219
3445
4751
3216
97
7618
4900
2591
8162
3292
7436
5203
7955
3311
8132
7274
1115
2259
2626
7613
22
1176
1799
4007
3371
5427
5820
1714
7599
3628
3560
5853
8023
432
6307
4037
7067
5853
5457
1713
1308
169
8039
3025
7275
3945
4223
1543
449
3688
7595
7706
6802
7556
3895
3901
244
2156
575
240
1907
3651
4582
3541
432
5305
845
6674
473
4337
5293
6589
4070
6876
7911
448
3589
4521
589
7746
2643
1338
6069
6913
6208
972
941
968
2482
1417
1613
1896
2194
1164
7953
3299
4027
5344
5701
248
3491
1655
479
7695
4426
1345
7608
1655
2926
815
7939
7590
5340
7607
4891
6315
939
5569
2184
488
6189
5884
6256
2986
5147
5876
5876
5993
4255
6761
959
1091
3113
5615
2190
5267
7622
3113
7426
3276
4489
2487
1929
6975
2770
308
171
2529
1112
3691
3232
7074
1782
3752
1674
3832
1602
4171
5434
1164
4017
8043
7599
140
898
7309
1817
2378
6000
2138
7253
3222
6774
5318
5457
7145
427
1060
3538
6672
546
3148
1672
6862
2529
1492
7869
3507
1746
4753
7384
5790
788
7560
5528
3383
7609
5984
24
5909
7609
4573
6579
673
4032
5640
8158
6975
6985
1925
3564
4882
4551
5050
5605
3213
4538
7985
2265
6396
3002
5720
6451
241
8029
7686
367
4431
4173
7560
7598
2257
3013
6869
1907
7230
8187
7939
5984
428
97
7886
3913
319
5347
2438
2716
4657
3697
3724
2746
4708
4489
2986
1439
5318
7649
5041
8176
7309
370
3786
5701
4385
5896
5636
1850
8023
7827
1345
4497
1091
4573
7691
7590
4668
1862
2230
6895
2512
3055
7265
2146
5890
5095
4149
1746
5528
1556
7755
2006
268
1570
5339
4309
3506
1164
7180
2487
3299
5394
5143
4759
7590
78
6248
3663
1321
3445
4489
181
4217
4771
269
7764
5712
4400
190
7941
1492
2613
6869
5668
7531
7911
7028
3386
7913
6152
4759
7599
7685
5830
4900
1680
4521
3202
1646
5791
4758
2229
5567
1153
1907
8162
5075
4561
2298
1091
4309
5672
2402
7924
3734
4516
1420
6431
4153
441
6187
1820
7845
1544
963
802
3993
1137
4582
2298
7618
4027
4255
3587
4573
6451
300
1544
450
3628
4415
1345
5403
7723
2986
159
506
4290
1675
8152
7048
295
2836
3980
4657
16
5567
6956
2898
8103
2603
4944
4900
8019
7253
7435
7299
7253
1775
2868
2377
8004
7817
2105
4426
2880
3192
2999
1676
7191
7250
7568
2922
508
6395
300
4542
1699
5485
6218
6404
4985
1717
5708
5567
7618
1137
4582
2105
8163
7491
1003
3588
5468
1009
5232
6179
5339
1651
4319
849
3264
2858
2413
6681
6799
1949
4005
4596
1299
7717
4573
1870
852
8023
7106
3772
4727
7613
4426
6824
5594
1009
97
4595
5832
1521
2375
7426
7997
5442
5902
4753
7339
7573
289
8143
2080
2558
3544
7144
2462
6442
1789
39
5867
6451
1767
5198
424
177
8105
2402
4898
6075
2790
133
4595
3216
7656
5319
4771
4412
7085
5909
7444
7887
6393
5874
6053
1748
3085
6202
5275
148
7189
1709
7491
3637
1506
5833
5259
426
6681
7123
4967
2746
7537
617
3861
8187
8187
2541
1938
6926
2631
3897
1243
721
1103
7468
2533
4644
