0
0
0
8
0
8
0
1
10
1
0
0
2
0
0
0
5
1
0
0
0
0
11
0
0
0
3
0
0
0
0
0
0
0
0
0
0
0
3
0
0
0
0
0
0
0
0
0
0
0
0
0
0
0
1
0
1
0
0
0
0
0
0
0
2
1
0
0
0
0
1
0
0
1
0
0
0
8
0
0
0
0
0
0
0
0
0
0
0
0
0
1
0
0
0
0
6
0
0
0
0
0
0
0
28
0
0
8
8
6
0
0
0
0
0
1
7
0
1
0
2
1
2
1
0
0
0
2
0
0
1
1
2
2
0
0
0
0
1
0
0
0
2
0
0
0
0
0
1
1
0
1
1
0
0
1
0
0
0
0
0
0
2
0
3
0
0
0
1
0
0
1
0
0
1
0
0
0
0
0
1
0
0
0
0
0
0
0
0
1
0
7
0
0
0
0
0
0
0
0
0
0
0
0
9
8
7
4
3
7
26
8
2
4
1
1
2
19
0
0
0
11
1
1
0
1
0
0
1
1
0
2
0
0
0
0
0
0
0
0
0
0
0
0
0
0
0
0
0
0
0
0
0
10
0
0
3455
1428
7928
2012
4288
7248
2834
6692
3990
5568
4137
4691
6106
1704
7329
3622
5013
8143
4353
3581
643
3068
6465
6553
36
5375
6818
5911
7785
684
7171
1801
7601
1281
239
5011
3236
3776
4929
2427
1860
4090
5539
1208
8031
6763
3856
3131
3673
418
1539
2392
5574
538
3897
5180
6063
7167
4236
2671
2024
2663
557
5248
7217
2791
4697
1623
5496
5745
6270
7822
1258
2680
1374
5286
1922
6399
8115
3828
7657
4236
7294
2222
6474
5248
2405
2185
451
3238
925
3598
5831
3993
1941
4422
4651
2546
5558
5286
1685
7482
2733
3975
5512
6400
6486
8062
1208
8120
1332
1984
3977
121
3589
2908
876
4194
7910
5272
6710
1167
2640
5156
6552
5288
2095
7200
2817
2127
1097
6408
7083
7063
659
7899
270
544
6971
6157
1431
7308
3236
6314
2311
6593
344
1207
1160
6571
4194
1748
6053
3969
2575
1366
2603
324
5631
3000
1009
7503
7531
247
459
2687
4468
5624
3815
4866
3766
965
7826
880
3236
846
7381
3817
6890
1145
6645
1794
7153
538
5594
2370
1584
1671
7953
1346
5924
295
558
4851
3560
6299
2342
7562
2637
3429
3956
2796
7668
2599
2919
6676
1376
6745
8136
6300
3065
2752
7720
2375
1158
6812
2341
5470
212
994
1137
1671
5975
3635
2137
7706
4413
6996
1924
6627
8163
6300
2518
2056
2769
4144
2036
8185
3183
6383
5522
371
1371
7257
3291
6243
3529
6044
6818
4849
2773
4273
7078
3433
7787
6458
722
1290
7869
4486
1899
4696
3082
152
5453
741
1676
7124
5280
3881
1687
4697
6138
3717
4113
745
995
1107
4998
900
138
541
5489
4390
1137
4813
5175
7556
3783
6237
5225
8151
5073
6709
3770
1858
1650
6653
7249
551
1198
2769
2197
6352
5251
2427
5841
3116
2792
4834
6803
3126
1739
5886
1744
6263
7292
221
3419
6120
7651
5422
6677
2645
2000
4515
4655
6399
4119
3563
2882
505
4586
7264
7095
1730
7704
3717
1086
822
1323
7239
1114
5725
3317
3483
7454
1347
1931
7865
286
7566
5024
3686
2022
2713
5375
2080
2686
7049
1739
2233
1398
6984
1250
4958
291
270
2090
3884
7352
7659
166
2103
736
5608
504
3052
4606
3301
6237
6724
6391
7464
3986
1408
906
290
3777
7492
8030
7582
3901
3681
5017
5299
3236
5286
7066
4980
1377
6138
6573
6910
755
4345
3723
3665
4283
3878
2425
2772
34
4533
1009
2591
4950
673
393
5439
6552
3777
835
5408
6553
4697
7864
2435
7702
4369
3097
2897
2735
7840
7412
1484
594
2820
6673
4737
5749
6330
7219
6923
6082
5921
2280
4784
7613
4340
2597
3082
1447
3544
4175
3656
4698
4389
1406
961
67
1258
3817
4423
168
2893
1484
3605
7840
3893
4309
1009
7721
1140
6249
675
8138
3682
2772
6224
5048
4011
124
5322
1231
3687
5736
1023
835
400
3982
2342
6687
1110
1018
3248
1704
5940
1528
3737
1933
6395
5171
7520
3161
5786
7531
7543
4504
933
3464
2285
250
575
275
2076
7545
4419
1524
2762
1746
3223
3366
5286
3718
8163
1695
3451
7903
5286
3881
7073
6400
5756
4975
7722
6281
1234
7691
2128
60
2553
1414
1023
1680
6203
311
4317
5079
3439
5843
6860
418
7505
833
5522
5655
5315
7807
4720
352
6350
3827
3248
1582
5175
5278
9
5369
3684
7520
4389
1453
201
1917
7591
6371
482
6860
979
1391
7051
4202
7049
2285
1714
7557
449
2809
603
7198
2396
6314
2735
956
2846
1690
1683
3245
78
1964
1692
967
3684
1334
4600
5408
1620
3326
189
2715
1455
3195
947
2442
1863
5623
2957
2682
5417
7274
2668
4293
4991
3310
5655
3193
995
4569
6077
3874
2786
7407
2155
5078
2009
5282
6393
7583
3121
921
7435
3587
8003
7267
5631
4283
5048
1600
4152
6627
1855
7265
7225
7301
5060
4105
1212
7667
116
5201
7164
7121
2714
1058
4429
4310
1076
2972
5193
2645
4326
6393
1576
765
7618
5732
1698
2111
5816
3373
5438
1302
2746
3879
2225
1199
3009
5869
2821
162
6864
2713
797
2907
6831
2487
625
1733
3610
4361
2060
5357
3742
7910
5701
390
1850
1048
4755
33
740
137
8021
5402
3646
5103
2392
5955
1178
3411
7949
2124
1965
2467
574
2560
4491
3642
4400
2972
2024
2405
4521
1074
5955
2684
6761
7235
6393
852
2508
4007
5272
7582
3682
2252
1924
5522
8113
3833
3426
4131
2275
7625
4796
2421
5495
5801
7670
5143
1173
3402
2907
5107
255
331
2741
1239
5537
4950
7468
138
2112
3006
2080
3600
6552
916
7096
5238
3943
1586
8185
4131
1757
4009
5382
5537
680
3402
4809
5792
6785
3993
3635
3835
698
3851
698
5763
6450
3861
26
3012
3153
5397
7679
3443
2560
783
5418
1753
7062
5496
5182
956
2977
7207
7859
6989
6451
4274
2560
3445
5896
1019
3577
121
1620
7583
6104
3346
3361
1752
7719
4986
2069
7682
109
4310
4578
1739
4600
3136
5535
1284
5498
1831
2203
6800
2110
2952
4343
296
7798
3519
1786
4708
4061
61
2922
3795
7823
7543
6679
1350
3532
1661
3393
3000
3010
5594
4718
4700
3989
4907
219
2529
3770
2994
4039
1129
5198
2635
1445
8047
916
1483
6926
2248
635
7915
7827
3980
1137
684
4634
1157
7559
4833
4489
7342
1853
4651
4109
428
2361
957
4679
3165
7650
7075
5372
3617
310
1810
7409
1264
6509
514
1769
1989
5724
480
807
7953
5398
7598
6941
7011
795
1899
7723
5589
1400
1972
3732
2972
4880
1798
5621
4892
3557
2784
7208
1817
5374
495
3878
1482
7389
6053
531
372
6761
3589
1473
1907
698
1532
2632
1765
7592
8128
6664
1094
4556
4995
117
4672
3398
7876
501
7012
5545
5928
2531
5273
769
5133
7279
4131
4753
7716
8143
3196
8023
4017
7029
5364
250
5385
491
5403
250
3533
1217
382
7894
3117
3721
591
3538
8138
7796
4499
6735
393
6844
902
7059
6076
36
2810
3402
7615
6830
5833
7716
5173
5385
4029
2410
