0
0
0
10
0
0
0
2
10
0
1
1
2
0
0
0
0
0
0
0
2
13
0
1
0
0
0
1
0
0
0
0
0
0
0
0
0
0
3
0
0
0
0
0
0
0
0
0
0
0
0
0
0
0
2
1
1
1
0
0
0
0
0
0
4
0
0
0
0
1
0
0
0
0
0
0
0
0
0
0
0
0
0
1
0
0
0
0
0
0
0
1
2
0
0
1
8
1
0
0
0
0
0
0
25
1
0
8
6
5
0
0
0
0
0
3
1
0
2
1
2
2
3
0
0
3
0
1
2
0
0
1
0
0
1
0
0
1
0
0
0
0
0
0
1
1
1
1
1
0
1
0
2
0
0
1
0
0
0
1
2
2
1
0
0
0
0
0
1
1
0
0
0
0
0
0
1
1
0
0
0
0
0
0
0
1
0
0
0
2
0
8
0
0
0
0
0
0
0
0
0
0
0
0
13
5
8
2
4
2
35
6
1
3
1
2
0
34
1
2
1
12
0
0
2
3
0
0
0
1
0
3
0
0
0
0
0
0
0
0
0
0
0
0
0
0
0
0
0
0
0
0
0
10
0
0
3207
7872
5013
2080
960
5129
215
6796
215
215
6796
7419
559
4644
3741
5928
8025
3741
96
3947
1776
3225
7872
2676
4475
4594
3220
5798
3004
5798
5798
2736
3207
2285
7872
6395
4214
1672
4202
1739
6053
1672
5594
2777
6395
46
2136
2796
2285
2533
46
1863
3207
2796
1550
7901
7901
6227
3068
6384
418
418
418
2676
6677
3542
5129
2676
6053
4594
2136
6818
3625
418
5846
1672
3959
2080
2285
3927
1776
4569
3585
6553
4202
7872
5013
4644
4569
418
7901
5288
6553
1672
3741
2343
5129
4214
5079
3741
1425
4293
2136
2533
2285
4920
979
1523
4718
1523
2466
7080
3284
5428
2285
2533
6395
2405
8025
2533
4442
46
2285
1565
6553
3656
2533
8025
7615
1672
3068
5687
7190
215
3585
1523
4214
5428
1523
5477
1739
6031
5917
333
1051
7675
4718
1523
1672
4207
559
1672
4442
3494
2533
6089
3123
2061
2533
6553
7872
6447
1565
2080
3947
536
5874
631
4892
2285
2796
764
4008
6618
4109
5558
1997
6381
4274
3959
7615
3477
7229
3947
1672
2533
425
6393
211
6553
2533
6553
45
3959
2285
1565
1863
46
559
4568
1224
4207
6447
6973
7391
2701
2013
7766
1721
8101
332
5477
4609
6417
1852
7596
3477
7615
2080
418
4341
559
4569
5129
4644
1776
1776
1550
764
2629
1944
5173
5010
5173
1893
4718
3322
1505
1402
2171
7005
3757
3899
6552
7190
7901
5928
3068
1787
6945
425
3888
1944
5288
1425
7451
3542
6395
1565
5079
5507
472
5687
1155
7391
1658
4402
3517
7376
6536
1743
3108
3373
3133
6298
5173
4594
7806
2309
6395
3290
3585
2309
2773
2676
5928
1565
2465
6553
2080
538
212
4718
2441
6973
5477
2517
7007
4996
7172
5869
191
6566
1172
6538
6994
5169
6271
3068
1672
1672
3494
1565
3861
4442
2533
1565
4442
7013
3542
4569
6053
4008
505
4314
6322
3832
4393
6727
8146
1902
6823
7342
1000
4915
6774
301
3249
6440
568
6053
2629
4214
2676
2796
2629
4644
5594
6395
46
7615
2343
3542
6395
6053
96
1761
5300
2810
1150
3407
716
3177
2782
3411
4816
3583
1504
2733
5751
8116
1075
7570
7901
4341
3959
5436
1852
3207
8025
2676
5928
7901
2676
4475
7615
591
7670
6857
659
4996
5372
7489
7811
6822
4581
6027
5914
8020
6713
5745
5882
8018
7190
7484
1852
4568
3741
1672
96
5019
1550
4892
5798
1776
3741
4475
4718
4641
4383
6574
3951
5955
6867
1342
3424
3849
716
5713
7002
651
6468
6205
2435
1739
6395
979
425
7596
6395
6818
3542
2533
4442
5507
4594
2676
3585
5874
1776
4641
7153
4760
5568
2093
4923
1735
4706
6261
7732
492
7119
6372
2406
695
5288
6053
2080
1863
2080
2773
5013
425
5013
7615
7615
3225
2285
4214
2343
2676
600
6041
8011
1802
2779
7215
3484
3756
8049
8146
971
6617
3784
2772
1139
96
6393
6393
7871
5594
7716
7583
3068
7582
5934
7427
1019
7183
2533
3625
4146
7872
6089
6271
4383
3826
1499
2043
6742
3648
578
2564
7436
3870
951
3306
992
6552
2796
96
4569
5662
6342
7261
7483
7734
428
4103
575
553
1075
472
657
5428
46
2136
7670
3168
6274
6367
2921
5533
4176
1795
4355
4493
1287
6688
3022
2136
418
6677
1514
2816
7663
4294
5265
3308
727
7410
7594
6653
2661
5427
979
3477
2629
96
5010
4383
7091
6190
2394
5533
1625
3307
1333
3922
7686
6511
7049
1523
2796
6053
661
4187
2278
142
5171
6973
5103
905
2795
3934
960
8025
2343
5798
6677
138
2257
2192
393
5544
5885
6416
4714
6578
7788
5810
1027
1314
3136
7615
4644
6989
2409
7111
4211
2665
6473
7788
7153
3440
2150
7872
3741
6818
8025
1425
7871
5756
8143
1279
1279
4845
2235
6780
2205
902
4441
3376
7262
2539
2456
7545
2447
2196
7686
7275
4740
7053
256
3467
7841
1360
2405
2796
2796
6973
6796
7872
4878
3741
7013
538
3022
5173
3840
650
487
2772
4581
8101
3609
3010
1491
4967
6237
1947
3728
4735
4644
2465
1209
2676
2676
4644
4103
3477
215
6417
2343
4569
6818
3959
3741
5778
8188
390
6921
3882
7890
7692
7075
6126
4694
7742
3122
2221
6330
5674
5428
2285
2080
3741
1664
1736
6677
4341
2999
7872
8025
4644
6677
7419
4214
418
4641
2080
7716
4718
2059
8027
1441
2478
716
7890
250
2543
2546
5095
2094
2506
2192
7615
2533
6053
2066
3004
5928
559
3237
5778
6677
5874
2676
3542
4569
1672
2465
215
425
390
8083
3957
2746
6660
7860
7613
7453
4581
2967
572
2433
2423
4718
6271
5013
7391
3741
46
418
3477
5208
7872
5928
7901
5798
1776
7013
4569
4718
4214
6089
6395
1523
1089
6360
6792
4217
3095
5751
3706
5294
2242
1523
2080
5594
2533
4214
3542
6395
3290
4214
1523
588
2533
7872
418
215
3585
6089
2080
7615
6089
2465
7615
1550
4008
1697
2641
4919
7343
4546
3886
3701
6073
7615
2465
2285
979
3585
1209
1576
5079
3585
6553
588
4399
3816
2773
4914
5129
5489
2411
2343
4575
2629
4293
1776
3068
6395
5846
764
96
1576
5428
4569
317
6937
425
6677
2343
2080
2136
3068
6384
2676
4569
588
1672
6553
6395
1209
3542
3542
2182
2441
5594
7872
6447
825
5594
7615
4644
2080
6041
2796
6053
960
2086
5160
2465
7901
6447
5477
1672
2676
2285
215
5928
4106
5687
4569
5013
2736
960
7615
3542
5619
4442
6447
1776
5574
5664
3741
6553
1550
7941
4214
6395
5928
7297
6036
2533
2465
6796
914
960
2773
2773
1425
2835
4016
5019
2676
215
2343
4569
2796
4644
2533
6553
2533
3542
5129
6395
6818
6553
5594
3542
1776
2285
2676
4569
5678
3291
4569
2676
4569
6395
3542
3741
1550
4644
1839
4735
6384
46
3225
7673
5874
3004
6677
3741
7615
3004
6553
5013
46
7451
2080
418
7872
6395
8025
2465
4331
7795
7419
2676
4569
3542
979
6553
6677
3542
2661
2285
5928
2676
7615
