0
0
0
10
0
1
0
1
10
0
0
1
0
0
0
0
1
1
0
0
0
0
9
1
0
0
1
2
0
0
0
1
0
0
0
0
0
0
3
0
0
0
0
0
0
0
0
0
0
0
0
0
0
2
0
0
2
1
0
0
0
0
0
0
1
1
0
1
0
0
0
0
0
1
0
0
1
1
0
0
0
0
0
0
0
0
0
0
0
1
1
1
0
0
0
0
9
0
0
0
0
0
0
0
25
0
0
9
7
4
0
0
0
0
0
3
2
0
0
1
2
1
2
0
0
2
0
1
0
1
2
2
2
2
2
0
0
1
0
0
0
2
0
0
0
0
0
0
1
2
0
0
3
0
2
1
0
0
0
0
2
2
1
0
0
1
1
0
0
2
0
0
1
0
0
0
1
2
0
0
1
0
0
0
0
0
0
0
1
3
0
6
0
0
0
0
0
0
0
0
0
0
0
0
10
6
6
10
8
4
29
3
1
3
2
4
1
14
0
2
1
12
0
1
0
5
0
0
1
1
0
2
0
0
0
0
0
0
0
0
0
0
0
0
0
0
0
0
0
0
0
0
0
10
0
0
2051
3272
6443
2051
5631
8057
7753
7377
5343
7932
4142
5843
3291
6104
1233
6905
2094
1695
3215
4890
1727
3069
4993
3183
8100
2550
5274
8155
3788
4422
1576
3576
17
4678
2474
5018
41
1710
7212
326
1477
505
2303
7429
5843
7317
7771
5377
7650
6348
3308
4893
1710
6754
1719
8147
1681
5042
71
1301
2500
1260
1890
2688
7733
535
1687
8057
7683
1788
7650
5291
1858
5358
265
1292
2993
2129
2184
6222
5191
4446
5634
4333
46
2770
4680
4446
7748
3466
7683
1687
7895
4125
7241
6809
6750
4676
6631
7981
7430
6557
8009
7158
176
6750
972
27
5182
7875
779
4509
1620
4993
3776
2939
6195
1950
245
3272
1719
4253
5834
8031
5001
4792
6099
5944
3066
4165
5353
5353
6485
4992
3886
5104
7737
5972
7932
972
5377
7800
2982
5444
5997
1778
67
3977
3012
1429
600
7796
939
1957
4680
3685
2193
74
810
326
858
6170
4333
4509
2992
5104
2175
2502
8111
6960
3503
6170
7005
1417
3629
1403
2303
7573
405
2826
107
4678
6395
5324
2507
1296
2820
5831
2047
5465
5572
476
488
3792
5716
5714
5574
3792
2939
3066
2304
7595
1151
1451
7761
1477
6930
2168
1565
1057
3719
6583
516
7875
562
1535
6884
3140
8084
7116
2596
476
5546
4401
6770
4553
2627
4110
4442
5574
2939
2939
718
7521
7249
107
5042
326
5980
4676
5935
4472
3490
5975
5144
107
5752
6249
6928
5358
7748
6325
3195
6269
4682
523
7981
3567
4401
1858
1555
4509
5706
6632
1296
362
7697
2187
7404
3466
6557
5425
7875
6663
4735
1732
6927
4478
7575
6549
5358
7430
476
7800
4904
7046
1477
2792
1186
6123
3865
6048
5291
41
2175
4509
4086
5585
7430
6957
5042
3489
7800
5425
7683
755
2405
3457
7965
1023
5290
1283
476
4680
6750
3966
5022
5972
1296
6266
5182
53
4993
1623
4680
4655
4611
6315
7875
1858
8147
5425
3489
972
27
2770
3069
2187
5806
5163
4059
783
7798
2187
6485
1719
3308
404
1208
4446
74
3489
3317
7932
3559
476
7429
5353
7857
1708
5042
7430
5289
7430
858
6738
4205
1013
3678
8057
4132
6058
4059
4340
1820
1695
5353
8057
8057
4993
6960
7445
2978
2615
3165
4446
3886
4863
3489
7430
5064
5018
1623
7907
8100
4680
1360
6601
5182
74
8057
1013
381
2934
4737
7788
2932
1588
5952
1282
1468
1606
2732
536
2263
5366
562
652
4010
3165
3183
7650
4863
5831
395
176
3985
476
7800
5546
7650
7697
8147
2990
2187
4432
4294
4339
3821
7155
3732
3959
5111
5184
6930
7465
5848
2094
4609
6557
5064
500
1184
4205
5182
1606
7548
2994
1788
5353
7800
1112
1208
5425
4678
5834
7317
4132
5402
6372
1312
2005
5829
5899
5556
7460
1229
2428
3940
5182
4291
4340
6348
2994
2889
1694
6485
2978
357
4979
6709
4993
4446
5353
8057
27
5022
2187
3998
2291
7244
4971
5295
6418
1149
2730
4752
1710
5231
7263
7430
3283
2907
6307
7884
5972
2939
6738
4680
2007
5456
6352
4509
3192
8009
7650
5572
751
5240
5834
4401
2098
4939
2169
3620
5667
934
5104
1296
2059
4478
5366
5834
5972
7757
6249
7798
6705
4253
6868
461
5182
2511
5155
3125
89
488
4993
5182
4993
3011
8057
2187
5967
396
1309
354
810
5104
2939
5104
488
3612
7212
5042
1957
2131
5997
7405
7905
4446
6170
3100
1608
5022
4165
7718
2291
995
3136
6325
8009
2198
3678
74
6399
1686
7945
8057
5182
326
4010
1442
7445
5967
8057
8009
4446
6417
2657
5166
5689
5572
799
3627
6632
476
5972
4904
2448
1922
4554
5572
5022
6557
4680
5358
2197
7895
3866
5353
8057
6048
6557
7748
5182
7066
4446
1560
3363
3188
7258
7398
7077
4509
4992
610
942
1560
7748
6519
5182
1858
3012
6348
5182
1013
7370
1844
1831
316
3865
6485
6325
4976
4680
5064
3989
7167
672
2502
219
4950
575
1450
4635
17
3136
1858
418
6709
4446
4253
751
6048
3012
6485
74
5274
4205
5740
7005
326
6738
3998
1184
4993
5064
4060
4888
5832
3165
3959
7800
1356
5566
575
2645
7533
404
6378
3449
1209
245
2994
6738
4715
427
5572
4655
8147
7317
755
7429
5182
3178
4993
7648
8060
5250
6737
4290
4261
3212
2534
74
568
5579
1550
7575
1535
7720
4010
2059
5706
2541
5064
6738
1451
6749
5546
6325
7430
4983
476
4446
5022
6673
6066
7431
5249
6831
2002
7048
6706
80
3770
6348
5272
881
5765
2884
4329
7345
4197
810
427
2411
4060
2007
4455
6519
4205
476
1695
523
1560
7140
3977
1638
4200
3245
4020
5701
3790
5718
3228
3001
1184
3192
2028
4967
3305
2830
6708
8122
5071
4010
3612
450
2860
6745
5736
3489
4993
168
3940
2511
1282
7240
1600
3368
1127
4400
2593
6950
3443
7732
3759
4904
1831
6348
3609
1140
6906
1997
6141
7923
6170
6750
972
2496
5801
2574
2584
2574
7650
4893
5618
6106
5591
772
8040
1857
6346
5653
462
6544
7258
6724
6582
4599
3489
7650
3687
6228
35
1965
3835
8153
3272
6750
7800
4622
3835
7177
7388
3966
6468
3010
7098
3620
6031
5921
5890
5272
5227
4007
4758
3686
2303
3609
5044
5972
7158
6272
758
2704
5576
820
6735
6593
1694
4253
6738
5354
5024
1734
4248
803
7981
1788
2662
2479
7470
7497
3475
5385
5998
1160
750
4018
5608
5975
6521
5040
3183
53
2217
3788
6645
4383
4830
1155
2943
7748
5182
2261
4852
568
4236
4159
6001
1177
1023
3577
3224
4545
2271
4707
4291
959
1923
4017
2737
2894
4441
1007
1502
396
757
2379
4849
919
5715
1680
7301
5144
6426
4190
249
6824
2405
6632
6976
4625
208
6544
3568
7321
2741
1534
5255
7645
5715
1857
5434
2679
2119
194
4020
4270
6243
8142
1312
7408
5226
4623
7153
3682
7258
6346
2663
7995
255
3610
3159
2059
208
5547
7595
6918
4420
1801
1634
7854
2774
7494
6689
6458
2531
1740
925
3862
