0
0
0
8
0
5
0
2
10
1
0
0
0
0
0
0
3
0
0
0
0
8
4
1
0
0
1
2
0
0
1
0
0
0
0
0
0
0
1
0
0
0
0
0
0
0
0
0
0
0
0
0
0
0
0
0
0
0
1
0
0
0
0
0
1
1
1
0
0
0
1
0
0
0
0
0
1
0
0
0
0
0
0
0
0
0
0
0
0
1
0
0
0
0
0
0
9
0
0
0
0
0
0
0
25
0
0
6
9
6
0
0
0
0
0
1
2
1
2
1
0
2
3
1
0
2
0
0
0
0
1
1
0
2
3
0
0
2
1
0
0
2
1
0
1
0
0
0
2
0
0
0
1
1
1
0
0
0
0
0
2
1
2
0
1
2
0
0
0
0
0
1
0
0
0
0
0
1
0
0
0
0
0
0
0
0
0
0
0
3
0
6
0
0
0
0
0
0
0
0
0
0
0
0
9
6
10
7
4
3
24
2
1
4
3
1
3
21
1
1
0
11
0
1
0
3
0
0
0
1
1
1
0
0
0
0
0
0
0
0
0
0
0
0
0
0
0
0
0
0
0
0
0
10
0
0
7258
1048
1544
169
5629
8092
5185
5896
2405
5272
4718
3087
2018
1888
1645
4090
6573
1541
7820
3670
6742
5864
893
2441
4796
2922
2558
7520
3732
4616
7369
7243
3490
5118
5567
7078
4017
1118
5629
7613
5275
7798
2772
3500
4054
7552
7600
2473
7580
2469
4136
1068
4653
700
7248
1590
7910
5332
1473
7722
3358
3588
5100
5255
5997
2308
4851
5762
5403
8160
7491
6824
3682
2136
5014
6901
4434
7709
1645
221
7580
6786
7351
7402
5069
3269
7248
4149
2405
3120
2252
722
1581
5914
8080
5576
1118
5682
6124
1989
2558
5290
4796
5171
575
7258
6586
6813
6991
2589
6682
5015
7580
1167
2714
3474
8022
6182
195
961
740
5514
7011
1048
951
7921
5886
1965
783
5629
4900
5118
6824
649
797
7798
3682
4112
3269
3877
5426
6710
7975
3345
2332
2821
3956
3473
1389
6142
6794
7762
7910
1988
7613
1965
1050
3544
2146
683
4950
4017
7997
6020
5185
255
3196
921
6552
2935
3181
2144
497
3313
659
6765
5345
5958
7058
4897
1756
3285
5635
768
5024
1308
5896
5998
2558
3687
639
722
5997
1395
6735
1989
2868
4707
684
6188
3851
2081
6813
5639
711
3639
1795
4894
370
5814
7530
4302
1795
5491
3951
498
7798
5627
7997
5514
575
384
2421
3051
8160
4881
1046
2252
1319
4707
4361
83
2856
1902
3181
3181
2555
3574
3984
515
4358
4816
6951
8152
2243
965
293
2669
5107
1473
7011
5482
5171
4038
5226
5739
7484
684
3153
4017
8030
5997
2922
7592
1075
1712
7646
5554
2555
370
42
1783
8152
771
4204
2838
6991
5593
4071
2386
4708
2252
2015
5682
7143
1242
4796
6124
1488
3153
4270
1164
3747
3572
7823
5283
4950
7560
5958
5639
6710
3465
4816
2011
479
1216
640
4781
43
6813
5639
2171
1765
6000
320
7591
2410
2497
7143
320
1075
7
7997
5185
4491
5185
4934
6441
3326
1251
5861
5435
8053
7631
4548
7286
6721
5593
5836
3276
2876
2872
6102
5935
4291
5833
169
7243
5185
3166
280
3740
7484
5896
8023
5514
1319
3686
6262
7592
5066
5691
6917
6576
1318
8027
8175
8090
8078
7856
5855
4805
6807
1436
5864
1491
1023
1048
7722
3457
4359
5909
1124
2922
1075
5833
7143
4796
2894
7110
8048
4796
7258
4201
2821
6859
2685
2050
4548
7970
7716
1795
4610
3750
3089
4040
6931
6858
5024
1965
1584
1660
2374
4605
3862
615
3326
6152
1581
4491
747
2002
5833
7230
3490
3954
6368
3491
7366
6024
1433
66
783
1456
1627
1367
7532
3181
6931
6040
5272
5629
8048
1979
6012
7148
7915
4881
450
4881
3077
1965
6303
432
4521
3732
4065
7688
3181
2246
4218
228
6792
5992
5687
5577
640
4505
1809
1505
909
6073
3433
1971
7997
722
1362
5100
722
7997
3326
1241
7093
3167
3167
7827
335
1709
4796
7910
7009
4895
2337
5356
6120
5021
1944
6680
6530
8191
6885
3393
1629
4270
1029
8048
2248
6262
4632
1232
1544
1971
2489
2252
3167
6000
1473
4881
6307
7389
7028
2489
2757
2113
6525
6103
7176
6931
1539
2002
971
3814
7466
5298
5406
2907
1029
5403
2015
3077
5242
2378
6124
7011
5997
2252
2679
4426
7997
1217
335
3358
6000
3433
390
4832
6525
2510
6594
6931
4359
7294
4083
7560
3280
710
6530
3755
7910
5833
8023
4017
6441
4876
1217
3740
740
2219
4900
1048
1989
5629
4339
1581
7995
6262
2629
4857
5357
6518
3555
6328
3141
2496
2107
3674
7466
1246
5930
5687
7171
30
8103
2130
5272
5171
1217
320
8075
5682
3120
4426
7234
6307
7845
1767
1965
1285
3660
5874
6637
1017
5950
5177
3164
3682
2606
3385
1562
4461
5503
1803
2578
5364
169
3642
1087
5608
3167
6262
1285
7243
3196
1473
1818
4796
1129
1415
6735
778
4835
3212
1955
2547
4115
368
275
1313
7184
8162
4477
4461
1046
4326
83
4525
684
6720
5272
4011
4830
2558
6465
4079
1473
5143
4027
2002
2248
1584
5232
5482
6926
4672
3376
788
4362
7896
4953
4429
861
3410
8067
7559
6355
7563
6831
872
5077
4011
7798
7143
2421
2421
6860
373
8048
2248
5627
6827
3510
1430
3077
7243
2415
7874
1492
2910
6631
6242
1601
4308
3884
3612
7060
5998
3433
2949
46
3321
390
4950
331
1105
254
2410
7455
3263
3096
4426
7827
6020
5167
5398
2118
6895
90
3631
1666
8100
1284
4992
7282
2733
7748
6750
3629
5537
7592
3322
2586
1469
7057
7798
5057
722
1929
5063
5647
263
2229
5567
3120
1965
6020
1979
1613
2248
48
4375
395
3192
6661
4599
5291
438
2978
500
2260
1105
4291
568
1934
2586
4352
4007
5730
684
6307
5057
2728
7740
4800
8103
8103
3096
1040
8103
4708
335
722
4729
731
6746
2901
4912
968
1999
1579
3432
5915
2464
4707
2629
3184
4326
2124
1087
7258
3433
208
2421
3510
967
1430
3167
7827
3391
4413
6887
1544
4426
2248
541
3144
4692
4084
3740
1055
5451
6441
3196
7613
5997
4950
5998
6571
5037
2051
8156
5801
7613
722
4729
6810
3224
5419
3158
2679
5739
1778
2359
7755
7493
1430
6660
4079
644
6020
4858
1733
2741
90
933
951
684
6000
2679
4361
1934
4326
5920
5322
2907
1029
5915
3695
1040
6438
3120
1473
1544
1732
5255
3162
5920
5560
8048
4390
3699
8190
4493
2597
7207
109
3642
6262
2907
460
2137
7823
3184
2586
3986
999
2679
5998
4618
5576
5739
61
4027
5627
6020
1003
2780
7243
320
7518
6000
4353
2671
3598
4729
3995
6262
1581
3051
2421
7132
1003
3358
5332
6776
288
5714
248
6571
2560
39
460
4482
5629
2118
5627
6895
1055
2850
931
2671
1699
4027
4479
169
5682
4350
2421
5629
1965
7795
3346
6904
4329
109
3158
3391
7378
4955
5242
90
675
2226
3490
3153
5833
169
5403
7995
26
2850
4729
5063
1241
8103
1680
7011
297
5427
2764
2252
7860
4700
2563
7230
3051
3077
8048
6307
7038
4326
4835
2379
4356
5675
