0
0
0
10
0
0
0
2
9
1
0
2
2
0
0
0
0
0
0
0
0
0
3
0
0
0
1
1
0
0
0
0
0
0
0
0
0
0
2
0
0
0
0
0
0
0
0
0
0
0
0
0
0
1
1
1
2
0
0
0
0
0
0
0
2
0
0
0
0
0
0
0
0
1
0
0
1
1
0
0
0
0
0
1
0
0
0
0
0
0
1
4
12
0
0
1
5
1
0
0
0
0
0
0
22
0
0
5
10
3
0
0
0
0
0
3
3
0
0
0
4
1
2
0
0
1
0
4
0
0
1
0
2
0
1
0
0
1
0
0
0
1
2
0
0
0
0
0
1
0
1
0
2
0
0
0
0
1
0
0
1
3
3
0
3
0
0
0
0
0
0
1
0
0
0
0
0
2
0
0
0
0
0
3
0
0
0
0
0
5
0
11
0
0
1
0
0
0
0
0
0
0
1
0
8
5
9
2
3
9
24
2
1
2
4
2
1
22
4
1
0
11
0
0
2
2
0
0
0
1
0
2
0
0
0
0
0
0
0
0
0
0
0
0
0
0
0
0
0
0
0
0
0
10
0
0
1342
4807
6453
5046
8069
3736
5401
4807
1556
650
4420
5873
3302
1995
2897
7557
6110
3815
6418
5897
2591
5904
610
3060
722
5914
6419
1500
2189
569
5255
7860
1848
4311
7462
3493
7537
6511
7129
2616
4595
5096
5179
1887
5926
3904
6956
3534
7289
4744
3537
5263
3433
7909
6159
2944
2132
2214
5745
954
1107
2342
307
2092
6063
5825
5832
788
2653
6397
474
5825
1814
5442
7130
220
1251
6410
2508
99
1006
4024
3534
746
8187
4215
6764
5942
2242
125
5313
3336
292
712
1008
8010
6453
4111
5718
1260
7119
6063
6340
1153
4187
7499
5164
8164
4871
6733
1301
3397
891
788
3044
7243
3534
5888
3132
6807
4170
4898
5401
124
248
7048
8094
2196
637
6623
7091
6719
1081
547
1153
958
2853
3711
3792
4212
7595
6894
799
7292
2517
2207
7692
172
5549
5308
7543
6992
333
122
3652
4719
2905
2029
4694
4595
6190
4305
4859
7120
275
305
2310
860
6838
3792
6378
3528
2059
4195
2574
4693
5506
842
3761
3452
4843
5306
4497
4548
7097
3976
5453
1314
7129
3532
2430
1957
5535
481
7964
5351
7489
2819
3247
8091
1688
4748
5377
5960
6510
31
1552
270
6099
6744
658
4265
3966
7172
7531
889
6521
4166
7572
1608
7463
788
1846
4265
3232
3112
5546
6407
6283
3957
2911
276
6519
3069
6891
6129
5455
1698
5692
755
4382
6662
5455
2732
7162
3493
1207
4119
3526
2840
551
5991
7911
7426
5692
5782
5042
5728
2574
8120
3892
3549
6750
4992
2584
961
1026
3657
2879
6510
4791
5299
4509
6259
7076
6170
1442
1481
6414
2670
810
466
377
4126
7463
5644
4453
6891
3112
5728
5782
1945
7841
4119
5022
5614
5071
122
5453
6315
2879
585
7779
1266
5561
4065
4979
6705
6750
3428
5453
5728
4010
3730
3614
894
2633
474
8166
3528
5728
6894
6818
4686
3112
7041
5578
6750
5972
2939
6937
2175
863
4760
8113
1664
618
6662
4955
8184
2584
3998
3466
5728
6349
914
5556
2395
3792
7607
104
5574
3069
2586
7921
1013
4748
7563
7525
2992
810
3102
3730
5373
5692
5910
1243
7593
3771
5714
6976
3557
3528
7787
3466
4455
3112
1338
6809
6979
5782
4701
8120
6595
4197
3730
5556
4265
5736
2494
3232
5446
5447
7776
6259
5634
4455
1552
6255
6547
5282
2019
3774
2939
643
585
6485
3466
1696
7687
5358
6894
6378
4152
2586
1045
5706
8057
4430
6164
5536
5736
6595
5454
3792
810
3413
2550
7572
5425
5746
7895
4148
1493
5037
3390
4878
4791
6661
7800
5377
6979
6809
4748
3032
5447
80
2145
6170
4455
8037
3524
4735
4379
6119
6520
2939
968
6738
2992
5498
7374
80
3066
4712
8065
5037
466
4747
7572
6673
2184
7718
7197
3090
4455
3069
5447
8137
2096
1719
6894
5289
770
914
1493
427
6252
5446
6750
3771
3272
4326
8036
7577
6547
6255
2860
6499
5297
4432
4748
6119
2461
4399
3446
4399
3032
2670
968
3548
3976
7952
4253
346
5324
6960
7563
2468
1296
6750
8166
7593
80
7162
838
2992
4955
1465
441
5943
3681
2574
4195
7936
8166
5113
3701
3141
6818
3678
3232
2808
6119
4025
2586
5324
2507
6960
5785
1393
6580
1296
3792
6456
2175
7317
4912
3542
7013
3136
7882
1643
6480
5447
4455
1552
4119
7563
8111
2865
3730
1942
1978
2260
6770
570
590
5447
2939
837
3942
3672
6195
4509
5588
7162
336
7271
89
3860
5706
1622
5574
2280
2932
7593
1957
1696
8166
5113
363
3998
6561
2889
5746
1628
1590
4305
7644
3730
810
643
5111
1276
5079
2992
2284
3471
7732
4241
6319
2038
6291
4918
80
1732
7199
4169
5714
3965
6376
5608
5013
1934
7430
4949
5366
7404
466
5718
1495
914
4442
425
2978
4509
2773
1073
6665
2903
644
1838
2903
2597
1513
5265
5447
2560
6508
6202
542
5744
4935
8013
1579
2251
53
1112
7650
4399
1672
6190
570
858
3741
4920
2202
2533
7784
4968
7656
8159
1536
3793
2092
683
4329
4574
4766
7784
4852
7860
7398
904
6195
3397
5586
3839
4164
4109
6967
4957
3933
4314
7462
7489
6397
3869
2747
521
6969
7701
6617
48
4615
4926
3793
1132
3433
3588
4354
3575
4493
4049
30
2235
2474
89
4780
466
5079
7948
35
3161
6441
156
1601
710
4154
3739
880
5885
4707
2065
5369
6735
7745
5057
6533
1217
7995
4689
7546
2112
7327
4350
4353
4124
3726
2642
1344
437
3504
2813
8159
7119
4046
2929
4503
2749
2498
4953
2207
2201
2494
570
7290
3732
4608
2856
4270
715
4835
7995
6925
2112
2415
820
8159
6110
7327
6863
790
315
4707
1290
6895
6889
7327
5016
6695
4597
1114
7601
2697
6394
2601
1482
5122
1023
7585
2764
7153
5226
7910
7143
331
2112
835
1023
4615
3132
8040
261
4731
6001
4707
7122
5248
5248
6660
4409
880
5122
5684
2053
2697
7778
1934
6140
6555
6552
1156
3553
7966
2430
5166
4596
5236
1344
4264
1035
951
2698
5160
6415
5430
2867
5536
715
6660
1821
2907
4497
1153
7818
4497
38
5369
7778
4191
7434
315
6395
2901
4949
1524
1653
5187
4842
5671
2461
5018
4837
5277
3654
7915
6386
4485
2482
7882
6714
3821
5576
3166
4497
6691
954
963
7560
93
1081
724
5038
306
5019
643
2303
5902
3121
8075
5102
1857
1792
4069
2129
7135
307
3153
6215
6501
4165
7882
2829
2005
7199
6141
3210
4033
156
9
3210
4309
4
4721
7827
1569
2257
4442
606
4074
5576
1941
2425
1470
3452
1830
121
2558
6594
460
5115
4899
219
1621
1746
5102
7699
4224
4807
7656
930
2498
3073
4726
3119
7489
7029
549
5010
2496
907
4502
3435
7547
1333
5476
6460
2112
6695
2628
3699
2922
1181
3946
6709
7882
1821
7094
3732
3861
9
8085
6871
6351
7326
6374
2914
6564
201
2341
4007
1508
1864
5835
3687
3861
5173
1602
3427
1012
2175
3005
3922
2500
2830
4899
2304
4710
4574
3439
5587
4630
