0
0
0
10
0
6
0
2
9
1
0
0
2
2
0
1
2
1
0
0
0
4
4
0
0
0
0
2
0
0
1
0
0
0
0
0
0
0
3
0
0
0
0
0
0
0
0
0
0
1
0
0
0
0
0
0
2
0
0
0
0
0
0
0
0
0
0
0
0
0
1
0
0
0
0
0
0
1
0
1
0
0
1
0
0
0
0
0
0
0
0
1
0
0
0
0
10
0
0
0
0
0
0
0
24
0
0
7
6
4
0
0
0
0
0
3
3
1
1
0
4
1
3
1
0
1
0
1
1
0
1
1
0
0
0
0
0
1
0
0
0
0
0
0
1
0
1
0
2
0
2
0
3
0
0
0
0
1
0
0
1
1
0
0
0
0
0
0
0
1
0
0
0
0
0
0
0
2
0
0
0
0
0
0
0
0
0
1
0
4
0
10
0
0
0
0
0
1
0
0
0
0
0
0
14
4
9
1
5
3
29
3
1
4
4
2
0
21
0
1
0
15
0
0
0
0
0
0
0
1
0
1
0
0
0
0
0
0
0
0
0
0
1
0
1
0
0
1
0
0
0
0
0
10
0
0
4106
3916
1938
1256
5334
2986
121
1082
2124
1478
6227
96
4727
6074
7470
6441
5531
8047
7778
4839
6822
6447
2405
5376
2286
6615
5551
7798
1709
978
4545
4876
3835
4852
4353
7281
6847
4493
2832
835
3609
5422
2696
5226
2843
7900
7557
788
2196
7475
4108
1685
3067
6384
5163
10
5362
1605
5196
5308
3598
2103
1407
2811
7788
1136
644
8118
3060
996
1791
1024
3988
6237
7290
1639
8159
3367
2310
2621
3904
382
177
3173
4342
7049
5163
8069
5313
2201
678
5677
4926
6475
4085
6074
651
4883
5063
3487
5839
5677
7289
5208
4103
777
7732
6875
263
2850
2315
5481
1115
520
4813
623
3107
5971
3751
2462
6351
6695
7708
4169
533
2136
1055
4616
4812
2999
3481
7798
1124
7598
7235
979
5489
1649
4539
5119
4729
4214
2402
6672
2696
3720
1791
5592
57
620
1780
4754
3598
4234
7778
7275
6997
671
2408
698
7153
558
1333
4350
1576
8025
96
7798
1736
4934
6431
6968
4224
7188
3773
1886
1997
6973
7957
5325
1451
8149
1625
4539
4729
7966
4051
1940
7686
4215
4754
7401
1610
7000
3043
8016
6306
6053
2500
2967
5283
661
3062
1977
903
7909
4187
3302
4719
1838
5275
5378
1390
3387
6846
3101
6442
7289
7216
4987
1713
1095
836
6829
4641
4106
8083
2499
4785
2522
6020
2227
3950
311
6194
813
6494
8150
193
4549
267
2859
6836
5471
6090
2619
7488
4006
1063
6074
5192
7722
1794
5915
7592
651
2285
7866
4478
2856
1717
6015
2957
1432
6835
7376
1328
1968
5251
7743
6493
6406
7778
6956
6344
6328
4078
5251
6653
3879
1310
6664
5226
1649
177
1024
6271
6770
1698
1523
3287
5248
4742
5100
7674
6671
5016
1489
4408
603
1104
67
1858
2734
1700
6675
6147
2871
371
3388
4683
1336
4012
4477
1155
5551
1594
3901
5542
5477
7301
6222
1825
4013
5187
2832
4158
1995
956
3987
3987
6300
3659
4697
306
762
6554
3302
2476
3919
1336
449
516
3463
5170
2582
2328
7289
382
4698
4569
6393
4085
1785
4918
1342
7290
1245
1903
956
3879
734
2834
780
638
2375
1855
1104
7804
4162
2723
794
67
8099
5144
1876
3836
4025
3733
4169
2430
1055
7492
6291
4347
4051
4318
1210
4691
1616
694
6494
6443
3987
168
5260
3582
4936
7658
6687
8147
2328
6396
2921
5496
4138
4696
5481
2897
2853
2950
3793
8159
2415
1082
2801
5757
6966
5247
4109
4213
2940
3133
2021
3776
2020
1894
7146
7478
776
2508
3273
5145
5102
7289
3327
270
3868
3718
7308
6486
1758
2172
1287
932
7957
6441
4109
5370
3674
4581
915
2591
4408
809
8099
6928
7146
1922
5323
1104
8102
2021
638
1019
6121
3039
2933
7386
1894
7658
2735
7375
610
6925
6406
1136
5370
6768
4719
4602
4839
3177
5175
2195
5827
3603
7146
1578
3879
5323
3371
6638
267
3334
1930
2708
5513
1841
5555
1145
6486
2090
5003
3646
7677
2531
3719
3119
539
5255
6297
2414
879
1935
2393
181
7382
6646
1578
449
6443
1894
6443
2643
6819
6928
813
3752
6686
6926
5842
7942
6400
3567
3879
4221
7667
3896
8010
3706
1838
4921
5654
6179
387
5603
10
716
3237
1903
3836
5496
2090
5251
4138
449
3499
6780
7713
762
1749
7492
722
1976
371
3221
7864
4006
2582
5476
1232
1602
4641
5208
4834
3324
4087
1594
3645
177
6053
3235
5052
7375
2448
6638
7713
780
6872
4158
6757
780
762
7595
3647
3487
6377
809
5170
1995
785
4792
6012
2318
3584
764
2773
2294
371
3044
2001
2146
6973
7049
2135
4724
7058
1801
5535
6398
1208
8005
51
5366
5090
2300
4361
1003
6009
7375
7701
3717
5476
4615
2843
7543
7732
6820
6799
2073
3836
2347
1309
1697
2034
1864
7289
5445
4822
2924
3988
6850
6299
6909
152
6443
549
7478
2378
5283
5245
7604
8149
6227
3022
1565
4472
6359
788
1703
4570
3338
125
181
6833
1550
2830
2932
3736
2065
2371
1210
1848
3681
7000
3881
1847
5323
6398
3146
2000
7492
810
7358
4095
6820
4350
6188
2031
1732
2227
6330
2561
930
5041
921
1774
7190
2318
512
6719
5406
570
1153
1303
3233
2626
2706
1104
4159
6716
1855
3879
6170
4962
6486
7387
6237
7327
2560
5594
1595
1595
7888
4839
1082
6571
2285
6973
3416
6230
7966
5368
5718
4154
4
5799
7499
2447
8125
3601
6555
5603
5535
545
1623
5090
6745
3048
6836
1864
304
4383
1839
6681
5107
5265
7401
4598
6052
5278
4883
4853
6005
5493
5732
6554
5027
6398
7106
2661
6386
2448
2691
6745
780
3612
7818
1747
4253
7540
1642
6406
6829
6188
2497
2811
3457
1333
2336
1851
4918
7206
1684
1362
7956
4632
3995
841
915
7113
5319
2192
6312
3527
6541
6616
4138
4863
6969
7446
6979
5111
5886
8047
4493
6447
2136
4841
6822
6686
8116
1006
5523
2183
5832
8069
6237
5171
1155
2520
4742
2843
7235
5909
5225
924
5471
2574
5667
51
4710
4130
3606
2378
3588
1732
1248
5013
96
4007
4849
1697
987
5917
3920
5376
3385
2789
2616
125
5451
5476
1893
5456
3212
3806
2612
1896
4897
2102
450
552
5408
1905
6230
1838
486
4190
5247
3542
3004
5886
7255
2867
7470
594
650
1838
2903
5047
2382
6695
6654
5013
7419
5288
3720
6222
5584
1820
6440
186
5236
2031
1944
1576
702
486
2560
3252
1343
6553
3207
2031
6344
4502
1309
5557
6492
4579
4051
1153
6675
2224
1685
3851
1154
3146
7478
7950
3017
155
5521
5832
6624
8039
4350
6829
665
7957
4150
1524
212
1160
4207
7716
6306
1845
2520
1685
7732
665
710
7778
7498
5749
181
1242
1926
6654
7446
3360
3482
5653
777
7571
6199
6822
5198
6623
4802
5187
1523
5427
1732
1639
492
4729
7227
7591
2696
6442
5671
304
6208
1115
7199
588
4788
7188
1600
7670
2546
6847
83
2637
1594
7957
3851
5010
5187
5717
7966
6002
4274
932
777
1127
1235
2813
3360
2525
