0
0
0
9
10
0
0
2
10
0
0
5
1
0
0
0
0
1
0
0
0
1
1
2
0
0
2
1
0
0
2
2
0
0
0
0
0
0
0
0
0
0
0
0
0
0
0
0
0
0
0
0
0
1
0
1
0
0
0
0
0
0
0
0
2
0
1
0
0
0
0
0
0
0
0
0
0
1
0
1
0
0
0
1
0
1
0
0
0
0
0
1
11
0
0
0
13
0
0
0
0
0
0
0
23
4
0
9
5
6
0
0
0
0
0
0
2
0
0
2
1
0
3
3
0
3
0
1
1
2
0
0
4
0
6
0
0
0
0
0
0
1
0
0
0
4
1
4
1
0
0
0
0
2
1
0
0
0
0
0
0
0
1
0
1
0
0
1
0
0
0
0
0
0
0
0
1
2
0
0
0
0
0
1
0
0
0
0
1
3
0
7
0
0
0
0
0
0
0
0
0
0
0
0
11
4
8
3
3
3
24
6
0
5
1
1
0
17
1
3
1
11
0
0
0
4
0
0
0
1
0
5
0
0
0
0
0
0
0
0
0
0
0
0
0
0
0
0
0
0
0
0
0
10
0
0
6514
2948
4862
1041
7372
7723
1935
1611
3363
2969
4010
48
6827
902
7503
7679
981
3572
7304
911
935
3701
5658
2618
6284
1055
7779
2516
6249
3589
7121
7143
5227
2459
2465
2152
2756
152
2110
5644
5965
4510
5733
2866
4353
6381
1760
2653
367
7033
5663
7406
4029
3326
2715
4177
7012
2663
2771
6953
2724
8011
705
7187
4444
4065
5970
3839
2181
134
6004
5224
4899
480
811
7679
6162
3480
5989
828
6152
493
6952
363
7142
3380
7081
5473
5548
7618
2756
6507
7826
625
2318
1029
6409
1689
7642
8018
2455
4312
6493
3835
3631
3461
7304
1639
7300
3331
3830
122
7965
6859
3523
3029
4044
3164
3380
5821
7269
4092
6864
5440
6993
1468
5689
2907
5092
558
3979
188
4007
6680
8046
7447
2766
1155
903
1262
7874
5261
3363
1082
962
2990
3657
868
1280
2601
106
7861
3443
3722
4899
4879
6940
4743
2836
3811
6274
301
3213
7029
4178
78
1613
4625
4645
6712
5444
1280
1469
1335
272
2368
1058
4752
2148
8027
4362
6346
4523
1534
4531
4461
7562
1662
3523
3523
2934
1997
8119
3869
5275
3268
3753
1692
7592
3659
4079
2999
6523
4359
2572
5692
4580
1508
2475
3069
4933
219
3002
1374
6450
5292
3515
6397
2032
3730
6575
3771
2802
6386
61
3854
1089
1346
1179
5394
736
4306
1945
3508
3070
6463
4515
6105
2986
7430
837
5843
6170
7430
6407
5909
2357
7994
2694
3991
1435
6858
1139
2216
1905
7486
391
6715
797
5995
1799
7357
6082
3578
4823
7931
4052
1696
6224
6107
7277
602
4992
3487
3198
928
656
5254
338
3865
3998
4415
2992
3443
1989
7885
1045
7195
8150
4115
5130
7524
1025
7717
3020
1461
643
4866
3714
363
7002
5101
4301
7165
2501
5972
4955
3993
219
3095
3884
690
6790
871
5588
7874
5398
5576
3277
3976
5739
515
1447
3384
5896
5364
971
3029
4277
2049
6495
6868
3559
1941
4106
5892
1045
5416
150
2572
7563
837
7586
7874
2572
6499
797
1696
4611
1539
5602
5233
7
6703
5385
2965
5288
4847
2647
5614
2939
602
5952
5172
5909
5282
3470
6575
101
7799
7874
1158
4519
4038
6174
2908
1528
3921
6414
5093
6251
939
5706
1905
7726
4566
3769
3386
1461
4104
3238
4446
2511
3581
3095
4322
1765
6069
1990
711
6220
1204
225
1183
1697
3881
2431
5455
7460
5328
4306
1124
4044
3394
7648
7912
3216
4017
3090
4720
4430
6673
3692
6150
5903
1515
3032
1262
785
3476
75
4944
3514
3051
4524
2214
876
2145
3659
863
89
6673
1545
6017
5233
7603
3108
4879
8018
7447
4552
5927
770
7607
3644
3784
514
835
5275
5910
2641
3951
5499
1217
7482
28
3007
1465
1678
3819
1790
8
1942
2519
1112
2660
3299
324
7240
6649
2271
7950
2076
672
3272
5453
7031
118
5
7380
4079
2041
3013
6886
5168
6572
5020
6886
2226
6659
652
2395
1219
8136
2518
7931
3537
253
1009
4291
6121
269
3934
6016
2431
6894
3482
3480
6016
153
3032
4382
3993
5423
4209
5394
3024
1076
1613
1699
2444
1131
594
2559
4177
7355
4217
7271
2939
6868
83
2866
5020
1620
3666
3166
6409
4919
4177
4672
4880
3671
3082
4696
1572
1498
2660
3158
4731
7029
7079
5325
1131
1239
7734
1305
5125
4893
7386
431
3332
6478
5314
7034
3443
5731
5644
7370
4866
2175
3916
6475
1657
5162
3971
396
3971
7734
6445
2391
4830
5627
8074
3331
8036
3753
4993
5443
680
3637
1487
7212
1259
7525
7803
4604
194
5806
5577
3491
3466
3095
3478
1471
6443
3141
6306
344
3771
8045
2518
2867
7623
6580
7387
4310
953
7073
3672
6189
3069
6894
1934
2030
7232
666
2235
145
5347
7112
7816
815
7990
3916
7370
6463
6170
1295
4073
5022
2482
8120
4452
7
5829
3087
6129
464
5117
1110
5058
6673
3271
3761
6633
8037
3451
7588
4900
7112
4723
6853
3437
2144
3034
3063
1335
1280
5405
7572
6518
3489
3075
7500
7355
8166
2792
6805
2982
4783
3985
2431
5359
1827
256
4827
8037
7166
1881
5057
3560
756
2060
289
2872
3780
6573
903
4907
2994
1696
3692
7572
6112
1911
5426
5114
5957
7140
7931
3198
6105
4903
5200
6325
3644
1374
4676
2077
4021
7404
5781
3936
2863
6216
6951
3342
1357
1267
5123
6457
2501
4686
7212
3594
4510
2427
7541
1483
2589
6979
4014
5124
5453
5503
4118
3394
6181
838
961
5980
5240
5714
8098
6659
3876
3057
8012
1967
2961
4044
2720
1982
1742
868
7639
1666
6561
5848
1296
2259
7406
2139
5114
4655
7687
1694
6979
5081
3283
6214
107
5699
7517
6735
7956
2578
2999
6354
1224
2704
7179
5761
342
797
2552
3863
1746
4074
4812
6072
277
3915
5066
3141
510
5720
5407
3971
4195
5834
5042
7975
6957
3621
5242
914
673
3242
574
7363
3667
958
7179
597
3523
209
1299
6975
8122
643
8100
5782
4721
5658
6523
4658
6099
6770
7319
74
2890
2794
4552
889
4847
2576
5265
1776
3492
981
1900
4885
5993
1870
4875
7461
4836
7880
5057
6912
1726
2587
5807
7432
2990
972
656
729
3010
6395
4649
3694
5520
6271
6677
6112
4024
2979
1087
4355
6000
6869
7466
2783
7617
93
8019
3911
2581
6693
5706
7099
523
3469
7416
8035
540
5456
3594
3308
12
6035
203
3170
1732
46
5073
7714
3325
7198
3790
6600
3346
5385
4462
2177
322
2072
5732
584
2002
6552
3383
540
7575
5975
5426
65
819
3276
6233
7134
4977
747
951
1988
641
6075
6480
6332
8188
973
3121
5235
4731
5131
6592
7064
1990
6722
958
1589
5470
3200
8043
5364
4485
3693
7911
3901
2956
2141
6761
6781
3376
2112
921
7780
6960
3070
7379
5928
26
6795
825
1275
524
3560
6438
4633
1870
3196
8048
3433
6877
8114
1029
3795
2483
5701
4367
2333
5687
6248
1956
1287
826
6201
2766
4302
1649
4532
4889
7646
6445
5403
2010
5429
4749
959
2491
1646
3795
