0
0
0
9
3
0
0
2
9
0
12
2
0
0
0
0
1
0
0
0
0
0
0
2
0
0
0
0
0
0
2
0
0
0
0
2
0
0
1
0
0
0
0
0
0
0
0
0
0
0
0
0
0
2
0
0
0
0
1
0
0
0
0
0
5
0
0
0
0
0
0
1
0
0
0
0
1
2
0
1
0
0
0
0
1
1
0
0
0
0
0
2
2
1
0
0
5
0
0
0
0
0
0
0
23
0
0
8
7
7
0
0
0
0
0
0
1
1
0
2
1
0
8
2
0
2
1
2
3
1
1
1
1
1
2
0
0
0
0
0
0
0
0
0
0
1
0
1
2
0
0
0
0
0
0
1
2
1
0
0
0
1
1
1
0
0
0
0
0
1
0
0
4
0
0
0
0
1
0
0
0
0
0
1
0
1
0
0
0
0
0
9
0
0
0
0
0
0
0
0
0
0
0
0
10
3
12
1
2
2
28
5
0
2
4
1
2
23
1
1
3
11
0
1
0
2
0
0
0
1
0
0
0
0
0
0
0
0
0
0
0
0
0
0
0
0
0
0
0
0
0
0
0
10
0
0
1862
6876
3055
7755
5092
7507
2868
4491
1319
2464
5430
3572
945
6970
3452
5454
7639
7461
4524
5446
5584
4182
7805
11
2395
7648
7942
35
4374
7389
1217
7011
2277
7125
1129
6876
7739
7686
740
4491
4950
7679
7642
4389
4659
2395
3394
5037
37
3771
3452
4276
1045
5139
904
3505
4903
4662
5142
7517
7039
1453
4492
1965
6726
3710
3560
4779
1743
5770
2008
6656
3627
6536
5297
2281
5302
3771
4135
6376
3318
3523
6301
7225
37
3991
1934
7089
4119
2585
4675
5233
273
5580
6000
4881
5636
5791
3445
387
796
904
1790
2193
1196
11
7807
3008
2154
2253
6030
5233
5821
4958
2104
2000
3669
6995
2082
1493
2902
5503
1934
3991
6732
6645
5891
7153
97
2487
6179
6405
3771
540
1934
904
838
770
3495
3932
7825
1131
4469
3164
2585
3921
952
6970
4439
5036
6976
101
1366
363
838
584
7367
4596
7680
3047
1743
5301
1961
8065
7004
3452
6526
7142
5845
6884
1657
1366
6991
7041
2535
2644
838
7639
6040
7142
7041
7456
3118
1010
6119
3711
2076
4177
5499
6674
5028
6866
2924
2717
6264
7057
1131
7515
4281
4523
5678
1527
4285
11
2076
3495
1064
7643
7515
1266
1266
4177
5952
1994
6251
4738
7300
5736
770
3029
5637
6465
676
1272
7241
6948
7142
4903
1662
5000
6858
1366
6164
6251
1515
2193
6941
5503
2720
6318
3505
5335
5200
8089
6311
1657
6040
3523
4281
5233
7378
3707
3051
2744
7997
7654
5672
3771
1435
1266
7142
1064
2116
5036
6014
1650
2668
4528
1437
180
2992
4659
1865
3130
5924
7567
625
6466
5503
4481
5845
4528
75
6752
4932
2152
7497
2442
7004
5433
1139
7076
7142
7303
4916
7648
2116
1694
3551
8166
8068
7004
975
7313
8107
1657
7727
4748
7295
5962
4485
8114
4518
7754
7004
6263
3164
3832
6438
4412
863
6974
4903
1662
6252
1465
863
1552
4379
3557
7
4399
6572
4801
2965
4276
4432
5446
8055
3730
2992
7117
4135
4281
6630
8111
6851
3523
894
7515
7142
5138
562
7313
7192
6301
2179
3170
6444
2849
1783
1112
3730
2939
5756
3184
627
2775
3232
2214
2753
4840
574
5924
7912
7567
6263
2585
894
370
6572
37
5503
1266
7117
37
4119
1131
1934
6941
5924
7831
4469
6941
8111
80
260
5687
6040
6844
3077
1971
5398
5938
2253
3708
1657
6636
3380
2863
7992
6630
37
894
6941
7004
1934
6970
5728
3505
770
975
3394
153
73
611
3303
150
7895
5725
4397
4543
7148
6057
3011
7210
3258
1581
4649
5706
5672
235
4639
1139
4481
2820
7142
1131
6403
1493
7041
4481
5503
7041
4590
118
4281
7486
4439
6284
3283
697
3976
2727
7461
1165
5206
1185
6526
6130
1957
3792
5960
7567
7567
4523
6318
3380
3859
5503
1662
7835
1045
6979
6318
7272
6839
6365
3294
7939
1061
8114
2644
6130
6948
1856
5154
4514
4482
4887
5335
3118
6979
4903
4675
2949
3792
1064
4815
3452
3771
2082
4524
6098
6868
6926
6667
8111
5695
6844
3032
7486
7603
2594
677
3380
8048
7885
4295
7163
6970
5938
5419
4389
8114
4454
894
4879
1276
4229
5217
180
5637
1608
3991
6092
11
4783
180
7486
3452
80
3449
5706
1789
7954
1859
5091
7845
1818
584
6948
4554
4916
1972
4232
3495
938
5962
2064
871
1790
1905
6798
3112
5282
2186
1064
6284
4903
1185
235
586
7936
3390
6456
1073
5233
4056
5504
3809
2532
2727
6334
2614
194
5695
6630
423
2948
3100
3029
5114
2082
838
3394
2611
2532
5400
6407
4459
2091
1905
7142
770
3008
415
6478
4823
6130
6076
6040
1466
7303
6925
5351
2815
4342
4281
7071
342
7142
7355
6598
838
2193
5784
1435
2396
7333
7990
4432
4276
7885
8111
1635
1266
3976
6572
7142
871
677
415
2675
2116
7020
7623
6898
1468
8113
2950
2992
7964
4783
75
760
6264
6301
760
770
886
1243
8065
3991
4454
6099
6941
7054
6911
1344
540
7835
1486
3118
3283
1183
8111
6630
6941
5454
6474
7355
939
5056
2051
6092
7071
6630
4903
3356
1552
6252
6851
5782
7041
6575
3029
1934
1064
4903
7085
6334
180
6119
3859
3434
5037
2939
4265
5784
8114
7784
342
7071
4903
4912
3538
6673
611
838
8114
2186
7313
6630
904
3011
5228
1967
5962
7166
2019
1973
3523
7378
3452
6284
6572
2070
4702
2601
5503
6844
586
2409
2292
6501
7567
363
7880
838
4659
5692
4481
6098
7936
2193
5784
7313
4379
7567
6474
1142
2041
1967
6284
4044
3505
3159
3452
871
2518
3325
1934
5924
4903
4659
3495
4766
4281
975
7313
4276
5952
7990
1064
6970
975
8111
3008
6378
6659
4979
7602
5454
180
3505
2649
4523
7936
8089
5952
7810
5233
1262
3112
5637
3973
6066
4675
7020
6444
7990
3232
7501
8018
4281
7831
31
3380
3523
3008
8060
4524
80
3838
6941
3008
7515
6970
904
7515
3771
5464
2649
6474
3505
4177
5126
3549
4044
1073
2668
1061
4783
363
7089
4879
4518
1437
3976
1934
5503
2949
5654
4556
1942
1131
7404
456
7125
5962
1130
4135
3669
1073
5446
4571
894
180
2112
4675
6105
415
6575
6092
1207
7142
3966
1493
1859
3029
4382
3771
3634
7575
6735
1862
2578
1493
1073
7378
5952
6595
510
5782
6198
5816
3523
2082
6844
7272
3966
4285
5453
7567
5138
4195
1934
2116
1792
180
4197
5114
4675
3495
1535
7823
7064
1091
5086
1493
1231
4823
5233
2585
3505
6092
3380
2820
3505
6630
6941
3859
2778
5845
6376
4675
6119
180
6220
4523
975
6979
1934
5454
6040
36
2265
5176
1353
1345
1453
3666
1357
1958
6578
7302
3523
5784
3505
1527
1266
3380
6098
2395
7355
3008
2395
5461
415
6527
7142
2019
3452
3976
1493
6040
5166
919
6137
3849
1453
6124
4521
1409
963
675
729
2548
6210
6200
6210
8014
6378
3008
1266
3771
6220
1266
4675
7593
7086
5692
7834
6996
11
7071
7990
4740
295
4290
4521
34
5095
