0
0
0
10
2
0
0
1
10
2
11
0
0
0
0
0
0
0
0
0
0
0
0
2
0
0
1
1
0
0
1
1
0
0
0
0
0
0
0
0
0
0
0
0
0
0
0
0
0
0
0
0
0
0
0
0
1
0
0
0
0
1
0
0
0
0
1
0
0
0
0
0
0
0
1
0
0
0
0
0
0
0
0
0
0
0
0
0
0
0
0
1
0
0
0
0
2
0
0
0
0
0
0
0
24
3
0
7
3
6
0
0
0
0
0
3
2
0
1
2
2
1
5
2
0
0
0
1
3
3
0
2
0
1
2
0
0
0
0
0
0
0
0
0
0
2
1
1
0
1
0
0
0
1
1
1
1
1
1
1
2
1
2
1
0
0
0
0
0
0
0
0
0
0
1
0
0
0
0
0
0
0
0
0
0
0
0
0
0
1
0
12
0
0
0
0
0
0
0
0
0
0
0
0
11
4
7
3
5
3
23
3
1
3
3
0
2
27
2
2
0
12
0
0
0
1
0
0
0
1
0
1
0
0
0
0
0
0
0
0
0
0
0
0
0
0
0
0
0
0
0
0
0
10
0
0
5408
5239
5963
3675
959
7872
2784
913
6355
680
6282
722
3896
4644
7246
907
8083
1244
4591
7941
3046
4008
7297
5226
7596
5536
6241
5520
7332
6021
3853
6202
631
2022
4876
5065
7570
6588
1803
7946
1037
404
4387
7380
4365
4859
266
2962
3669
2080
7615
2061
631
4202
5530
2975
6267
8087
6792
2115
3188
2359
3725
6389
5661
3120
338
2988
3134
5945
5579
5882
3993
1195
3505
6640
342
1790
8114
7486
5000
3277
907
3741
4038
4264
7539
4510
5747
2297
3913
1618
6864
6510
7344
5350
4920
5846
2257
7628
2285
6761
4478
2398
179
7085
6520
6095
4903
7
4454
2461
1050
2556
1784
278
2556
7709
5233
6114
8055
37
2433
843
4996
1949
7190
5868
1408
6221
1845
558
504
7545
5579
7047
7697
1207
180
4379
1064
6092
6987
1949
785
975
5302
8114
4661
5658
2615
80
6709
6630
7985
5333
1453
3106
5705
2007
7015
1931
6857
1301
2343
5945
3068
6293
2947
5029
4659
442
3523
656
442
1204
5503
7355
6098
1162
7639
7197
2253
4496
3325
342
1130
2498
1691
6700
2005
2244
3317
6708
1813
5024
5343
3212
837
2013
7852
3428
6894
3523
3859
4177
2585
3272
2225
5098
5883
7990
3792
5845
257
504
4513
863
7364
2409
7216
1620
1151
2984
5880
1852
912
4291
7689
764
1595
6899
4280
442
2431
6575
7225
5302
4021
4843
2675
4513
118
1075
1165
830
7482
2775
4924
3066
4823
7142
8067
1184
146
1361
3375
7962
7062
3682
757
810
1786
208
8131
8145
5
4382
8166
5282
838
3634
6272
6072
4935
2161
847
1650
5509
7906
5574
2145
3008
6024
4096
2121
1404
7699
3058
6112
8122
7871
5066
1224
393
7777
6297
4684
6257
1696
2586
5250
8111
3148
3771
4843
7242
6894
787
5509
3283
2489
2535
6858
4014
863
5114
569
2318
3469
3231
2830
1155
3433
4853
639
1582
133
1732
6476
6642
3634
3701
4912
2465
5748
2830
5672
2019
1442
5728
5217
6941
4686
4843
3024
7885
5056
4514
6962
7299
171
5412
4591
1411
3851
8078
2556
8177
3380
6130
235
7500
4298
3141
6164
5127
6073
5833
2421
5077
4575
666
6349
5058
3394
3965
6575
5114
7029
1497
4947
6046
7726
6824
4709
5479
6897
6143
4879
540
3286
4260
6575
6407
5728
2134
2041
747
7816
5309
4722
2454
6259
4780
4976
3024
7895
5728
4748
7364
1439
4011
174
1063
360
2271
744
922
6204
5931
5098
5302
4298
7880
4903
838
8014
2360
137
2219
7469
209
1733
4542
7726
3692
3865
4195
5503
8177
7272
4454
5434
8187
7159
21
5741
4200
4780
2299
6072
4432
6704
5604
5114
4912
1026
1073
6941
4282
3452
3017
7057
2720
2894
2358
5293
1844
6712
6204
1036
2457
5375
2527
7196
7064
2597
2552
347
4763
3075
3859
7404
4766
5114
770
1493
6292
6349
6091
6029
2396
2199
7648
4524
3577
507
7623
5455
7885
1589
6520
5714
3475
1245
4444
6438
4345
6895
3426
3285
6085
4135
6072
540
5503
7171
6793
3921
2585
8046
439
5604
7278
3394
2023
5935
1635
4958
975
8111
3971
4879
5692
5098
8114
92
2467
542
30
8040
1379
8074
5594
7906
6630
3024
2997
1973
6951
6561
1073
1394
456
7318
5098
4182
2019
2820
59
6959
904
6786
13
3977
6673
7853
2775
7834
569
7497
3391
2463
2282
7145
4499
6275
1394
6072
6561
8166
7461
4783
3075
5114
7232
1627
2193
8137
6572
2602
7477
2984
7758
3356
1573
5692
1357
945
3976
3164
6449
4609
4830
6600
2965
272
7670
2668
8177
1905
5430
598
4686
2965
3356
5927
346
1064
5324
6105
8033
3279
1394
5443
552
6348
3126
6630
7501
4649
6407
7758
2532
2374
7209
367
2022
3044
3084
1205
7313
1486
4675
7400
2457
1064
7071
1493
3792
5574
7319
7572
3063
1881
394
7021
5865
5952
3141
7356
4454
7177
6143
7687
6630
2409
7531
845
2650
6521
3799
6732
7621
7142
2193
6995
2124
3272
2051
423
5
4285
7992
552
598
6264
3749
6143
7853
7805
3192
3971
4135
1471
2751
4523
3164
3183
5577
2411
2979
2265
687
2401
2658
3491
7604
3874
6236
5608
6024
5509
904
3692
7965
6844
4191
6673
4466
4052
3277
6572
1471
5834
3356
5931
2395
7355
7929
863
7066
5691
5244
4499
3582
5564
6306
4204
1412
6794
4360
7768
5970
6572
4260
7142
1657
945
2565
1073
1239
3275
5058
6630
2349
6349
5465
5927
2587
2253
7142
6130
6897
4062
5888
6217
7112
1368
5192
1267
4676
6097
2185
3238
1973
3976
7364
4059
4177
3076
5509
1073
7529
3270
4454
4675
7912
7355
6478
7140
7278
2585
346
98
1620
2219
2358
6183
549
3801
3310
8109
6008
7985
6375
2431
37
5509
7525
2041
4177
5058
3075
5070
180
7810
7906
2587
180
4769
863
598
3277
4135
7355
5537
8057
6824
3153
1719
7251
1074
5841
56
4879
4083
1636
2471
6851
7355
5658
4191
4523
2587
1266
770
3452
975
7406
1719
273
5962
5845
540
3459
5267
3597
5095
7467
5999
7681
2585
6777
2475
8061
1859
5089
5162
3776
7879
5695
8065
3126
3075
5114
2535
5114
4177
6630
7142
3023
7684
4575
2862
5865
7834
355
6498
4106
1089
8106
924
711
6750
4131
4260
6600
1104
3099
2163
1216
5753
2883
490
951
6072
1266
8177
3859
6572
1073
1581
3322
5600
1041
5317
3322
7852
5820
6296
1075
7194
4182
3512
3401
5177
3213
7450
3801
5787
1725
463
7797
1618
3877
7303
7011
3475
1687
2735
2663
3577
2002
2429
747
3826
3746
3353
3627
1425
2402
4722
2244
6414
5324
6146
3740
7972
5325
2752
3793
1400
1431
8129
5004
3877
5678
4011
747
7059
47
7121
2557
746
1660
6134
4526
2942
1875
6703
3963
6354
1550
4097
5099
4194
2257
7246
704
7570
2905
5359
4536
350
2444
2177
7169
714
3433
2429
373
3740
1048
5004
1263
6102
3644
5644
229
2953
6223
7647
5013
5361
3261
535
4170
2808
1217
7013
2938
7205
