0
0
0
10
12
0
0
1
10
1
7
3
0
0
0
1
0
0
0
0
0
0
0
3
0
0
0
0
0
0
0
1
0
0
0
1
0
0
0
0
0
0
0
0
0
0
0
0
0
0
0
0
0
1
0
0
0
0
0
0
0
0
0
0
3
0
1
0
0
0
0
0
0
0
0
0
0
0
0
0
0
0
0
0
0
0
0
0
0
0
0
2
1
0
0
0
9
0
0
0
0
0
0
0
21
2
0
5
7
6
0
0
0
0
0
1
0
0
1
3
2
0
4
1
0
0
0
2
1
2
1
0
0
0
0
0
0
0
1
0
0
0
0
0
1
0
0
0
0
0
0
0
0
1
0
0
1
1
0
0
0
0
0
3
1
0
0
0
0
0
0
0
2
0
0
0
0
2
1
0
0
0
0
0
0
0
0
0
0
3
0
12
0
0
0
0
0
0
0
0
0
0
0
0
11
4
10
4
7
3
25
2
0
2
3
1
2
20
0
2
0
10
0
0
1
1
0
0
0
1
0
0
0
0
0
0
0
0
0
0
0
0
0
0
0
0
0
0
0
0
0
0
0
10
0
0
4365
1607
4365
2568
3427
5335
4365
1589
7561
5770
974
7745
8000
4687
5462
7479
4644
4202
411
4952
3389
3004
8
4290
896
6509
4164
1046
6307
432
3352
7596
1364
4270
4223
7675
2854
7980
2229
1275
974
4498
2112
5220
6980
17
1144
4141
4531
5013
5214
5214
2968
1866
5412
702
7432
3207
1768
5975
1057
8135
6060
5985
5809
1589
1680
5244
7829
2271
4338
7497
2682
2525
2968
411
250
4365
6980
3464
6877
5113
5112
6737
6677
6698
7132
260
8094
7575
1245
6015
5236
6877
1021
4011
2373
5382
2252
6128
7827
6493
6377
1996
4217
6422
1852
4491
7980
5945
1769
2464
7012
1776
5778
5778
2513
7426
5278
5898
1441
4182
2135
1043
5106
7438
4631
4763
7982
7827
2470
5707
3631
6128
4862
7511
2918
5982
2271
3934
3068
1631
4560
6452
4005
1433
4149
522
6862
5494
7596
4255
480
8000
6059
4094
8191
7747
1937
5920
7664
1748
8150
475
8073
928
2254
5979
2062
8030
5343
144
7906
6990
4571
4571
2720
611
5420
6939
2911
5148
597
2339
3414
1589
531
5412
139
6248
6554
419
110
2862
1752
5120
3575
7269
5020
3480
2513
4609
5354
2685
3318
5924
618
1025
2023
493
413
5563
2023
1401
5058
1645
3934
1925
4225
5732
1890
2631
6648
6167
2254
4489
3292
6436
3562
7833
1067
7149
5403
4484
938
7493
380
7125
597
5072
3683
4674
3342
3855
4044
5649
6311
1486
6444
1548
1548
2735
1651
2713
6899
1962
1917
2203
2167
2581
924
4983
4140
480
3571
941
5837
3743
4358
4531
380
2287
493
4357
3342
3342
5072
2863
2070
6311
4815
679
6554
3092
2747
2549
1322
7840
3667
1836
7259
3245
4053
704
211
825
2254
2170
5837
6030
4806
493
4439
3491
2720
5845
1138
6893
2644
4899
3491
6339
5072
7831
2561
1299
4047
1207
5708
7367
4618
217
5781
2777
635
4190
1103
1620
7933
2898
7136
1850
5072
2116
2715
5529
4322
2976
2292
252
217
6952
3760
2926
5072
7603
5047
2993
284
7582
1313
7093
5520
1441
5168
1049
450
4667
6063
395
896
1852
4365
2685
5970
5883
4452
8060
55
6469
3141
2540
847
4518
1172
413
4411
8122
531
1595
3196
1927
2650
3060
765
1680
5738
3291
2995
4796
7380
6321
2071
1767
6791
212
2685
2565
2276
6395
3848
7024
4618
7942
1959
7125
1646
2396
3993
5781
5838
5355
2398
2164
3039
343
7235
6196
5110
7582
1043
2513
2316
3707
7081
5924
3316
2799
5489
4800
370
7622
4357
1048
6810
7493
5960
1552
7273
5541
870
3631
237
5762
527
2271
1620
3790
3428
7277
2470
2279
4892
7357
6987
7620
1025
6034
504
6898
828
6474
5375
6263
178
5430
2750
3568
4201
2216
493
6444
1267
2787
7427
5232
7980
6550
16
1620
695
1062
7753
4027
4809
1637
5862
3318
380
1905
285
7964
1266
3937
6535
320
6498
6366
2969
5637
5123
5394
3996
2965
2694
43
6789
1029
6737
8064
3381
8127
5806
5145
6514
8121
4484
938
4743
3859
5931
3973
1437
2019
6099
831
4979
6700
4666
6493
4571
2019
4903
1696
7912
6939
2595
3683
6952
3472
784
5601
1071
3571
5050
1067
1775
7230
558
4998
3339
7685
7125
1061
1357
3486
415
1645
1749
2320
4429
7519
2019
4119
7378
3325
1682
574
4281
3855
8043
2498
821
4538
2470
2209
5738
5475
5292
2995
7145
7918
6883
1138
6939
6331
3394
3743
5188
7519
8114
3318
2395
4357
6526
3024
910
4749
4766
6331
5072
2849
7599
3379
1692
7342
1275
7253
6737
1364
8151
4707
3375
4300
4310
1357
4899
2524
711
3294
7797
6030
4354
1465
985
6365
6331
1913
5952
938
3973
6013
7020
2969
3327
3203
178
1306
310
4217
2893
2462
4352
330
1768
3558
999
5637
7278
1963
2023
2863
2471
4899
1064
6979
7411
4357
4528
7912
4659
8046
2668
4736
5072
5762
7788
7259
4072
352
873
3262
1416
2277
3332
6168
2799
2440
6328
194
994
2256
4846
3841
1994
2565
2710
7525
7313
3813
4738
3760
3191
3831
4674
8107
165
2531
7933
7584
2552
5424
5060
7121
650
480
6789
7753
6760
2935
646
6397
2381
680
1254
1025
2226
4044
4153
5586
6752
6948
1172
1172
5420
268
7081
4160
3160
1017
6183
6193
1706
1658
2344
4420
1754
1462
1308
5209
7587
2687
7088
3982
5577
7321
4201
5862
2720
1139
7600
3258
456
1366
1134
5673
7264
332
2791
7753
5833
6697
4393
2199
1345
6869
5534
8179
3401
4674
6545
5979
6623
378
4888
1621
4092
5412
4094
3211
3118
2082
2253
872
2849
4299
3683
1067
6322
1582
1441
7827
3006
7070
2976
6220
2143
3244
6248
7121
211
2263
4864
3975
7576
3589
7827
8160
5709
3530
1620
5382
4889
370
7432
7303
7460
7685
3599
5305
541
5989
1
6477
2199
2279
7070
8030
5549
6354
3734
7590
3312
457
5899
6535
2271
4484
400
4422
33
84
2937
4448
8030
3585
1182
6958
3442
1067
3475
763
7183
1531
4050
2015
2995
4280
911
4492
8121
5044
8000
699
3562
3667
480
3414
7980
3006
5238
1532
455
6994
665
704
783
5877
6688
8006
8006
7494
6284
5132
8121
4259
6436
6081
5403
7827
4504
3491
866
3120
2995
2791
5785
7454
1551
727
139
1479
6929
6877
7674
6236
3806
1129
5343
4745
6321
2783
4550
765
4368
3215
3322
6579
1062
8157
1631
2493
3180
1029
3418
5822
7671
7642
1164
6167
5781
6989
4481
4309
5802
5707
3373
5609
7372
508
7785
4962
4050
5168
7827
1992
2002
16
2229
2470
4027
3846
8103
8021
5562
5424
3667
689
2345
4027
5292
4255
2134
534
7033
5644
756
7918
3869
4284
4001
211
4628
1584
330
2825
6563
5238
141
7491
903
1750
1401
7782
29
543
2865
5128
1706
6059
7746
8050
4342
7491
3561
8018
2271
5802
6760
5219
2468
7014
2069
1588
2907
3668
5769
5168
6774
5715
8151
599
7121
3589
4126
7366
1234
1062
6228
317
4365
8034
4674
1979
