0
0
0
10
15
0
0
1
10
1
0
2
1
0
0
0
1
2
0
0
0
0
0
5
0
0
0
1
0
0
0
1
0
0
0
0
0
0
0
0
0
0
0
0
0
0
0
0
0
0
0
0
0
0
1
1
0
0
0
0
0
0
0
0
0
0
0
0
0
0
0
0
0
0
0
0
1
0
0
0
0
0
0
0
0
0
0
0
0
0
0
1
0
0
0
0
3
0
0
0
0
0
0
0
26
1
0
10
8
6
0
0
0
0
0
2
0
0
2
5
1
2
4
0
0
1
0
1
0
0
0
0
1
0
1
0
0
0
0
0
0
0
0
0
1
0
0
0
0
0
0
0
0
0
0
0
0
0
0
0
0
0
2
0
0
0
0
0
1
0
0
0
2
0
1
0
0
0
0
0
0
0
0
1
0
0
1
0
0
1
0
8
0
0
0
0
0
0
0
0
0
0
0
0
10
6
9
0
2
2
19
2
0
0
5
4
0
18
0
0
0
10
0
0
0
2
0
0
0
1
0
0
0
0
0
0
0
0
0
0
0
0
0
0
0
0
0
0
0
0
0
0
0
10
0
0
3178
4341
2089
2257
3643
2800
7788
5531
541
6361
4266
2546
7735
7764
742
6396
5254
5215
4248
3599
6370
7729
1414
3166
5033
49
2656
5792
580
1012
1832
5104
5756
825
6041
5801
3566
4366
4927
8105
5301
2772
4740
5873
7814
4109
4141
5249
5405
6582
500
7388
4765
5081
3638
8025
5535
3207
3513
1110
5406
3012
7407
2256
6548
5412
3223
783
1226
1561
6733
6932
4649
7749
6069
4346
4395
5427
5899
447
4753
3778
3694
5111
399
1850
4316
2298
7675
7158
1057
2705
5882
1212
7034
5065
7467
390
4053
7777
3483
1155
3610
825
7962
139
3098
1776
1254
3841
7125
2961
5082
2482
2284
4970
3845
3294
994
2849
5563
2504
148
7426
7571
3350
5434
2239
1765
631
631
1620
3947
3959
3861
1565
91
6681
2737
3473
5199
3855
2961
4811
8107
2540
4793
2033
815
4518
7819
319
8158
2849
6839
4150
7492
4265
4733
6513
4419
4718
3959
2192
2377
671
4478
7344
3173
3266
6103
3855
7309
4518
3841
3683
102
2685
4662
3932
1850
2006
2226
6220
6220
2178
4815
3574
699
2184
2975
2280
4905
5353
7340
7367
6486
6151
6943
5522
1256
3812
3683
2226
5862
6014
574
1401
4749
1646
1366
6076
1366
3257
4278
2208
7416
6311
7020
4736
5931
1462
1542
1409
3229
6329
7289
1021
6503
2278
3146
7199
5764
3855
3491
1671
3318
7493
4469
5176
5761
611
2504
2671
5924
4153
6444
1994
3628
5862
4573
2720
5761
5931
2925
5718
2925
966
1669
531
2608
1577
4570
2685
3683
7620
5862
2849
2671
1357
7929
4209
7880
5938
5764
6405
5142
2685
5761
1346
1454
4531
5509
6303
1196
3932
6123
4311
4570
3958
4984
7282
6409
2933
2957
380
4743
6114
3536
2049
6220
6301
5126
7057
3976
1327
6490
2671
504
1340
217
3170
5449
7071
1856
7303
3760
3683
92
2654
1219
2448
5390
6616
4926
2829
866
6339
679
145
7171
7353
1646
519
92
2751
674
967
3523
5829
2299
8127
2729
847
4900
1472
1327
380
994
519
6743
3493
3161
6183
7025
5580
3769
2467
6304
3294
7953
4528
6592
1699
3854
5509
4357
2840
3993
169
2973
5104
5520
3467
728
4911
975
4899
2863
4944
6839
7037
2370
4640
6650
5620
7928
343
3055
1890
5041
7081
3845
5675
7416
3008
4466
6076
4443
2030
3526
5398
1280
4509
6214
4827
611
4518
4209
7819
5830
2226
5558
2572
2593
174
7074
1462
4858
6356
4551
206
200
7663
3841
2194
6220
6886
2961
6311
1318
7209
7162
7852
7418
1226
7177
2289
268
2226
1091
3628
2849
6572
731
1302
3117
1446
2146
1097
8139
7893
4086
5027
3548
4535
3208
618
994
145
2961
319
286
6251
7
303
2219
4731
4209
6843
2134
6662
995
6941
7093
4526
4811
1682
4469
760
127
6015
6464
3870
7893
2933
2772
3197
140
1963
2863
728
3634
2751
8073
109
5584
6445
957
1982
1459
269
3896
3742
5804
5938
3026
6990
1025
898
6220
815
2177
2290
3580
4489
2539
1588
4469
4815
7302
4668
4278
3932
2253
3318
2299
4933
2240
2124
2956
2011
1104
2870
37
1682
3845
8158
6311
6331
4542
4944
7001
3536
5653
1402
7427
7854
7327
8043
3683
1401
4736
5845
1401
5862
4811
7620
6065
7807
5761
7357
4268
1003
618
5760
6405
5420
1138
6013
102
4005
1646
4310
2961
5675
3585
2686
1523
437
7615
3421
6311
2575
1134
7393
5862
5394
2575
3049
7503
5759
6073
4248
1366
4523
4583
3714
3089
7825
3683
3026
3760
1671
3834
7081
6076
5837
3799
7282
7718
520
7614
7831
75
413
5723
1204
6065
5394
3683
3962
4633
43
765
7125
1527
4310
268
102
3303
3834
7685
1682
5764
4944
4899
1025
2116
1850
5688
4764
2185
91
7255
5487
3932
2216
4944
5584
4815
3683
3026
4357
4209
4278
2033
5862
5765
7530
1257
3760
8043
413
6217
7303
3191
7125
7785
504
3996
4482
6112
7012
6366
4714
6600
200
4047
5924
5675
6444
4356
4278
3845
7831
1527
938
3339
3191
2272
807
6311
807
574
5281
1138
4815
6013
92
1138
7171
3664
5058
1121
4289
6074
4700
6342
4123
5944
4528
3932
3855
3760
3491
4357
3711
1434
3845
815
1486
2863
1865
7303
5924
3257
4209
4411
6579
3683
145
4944
7195
1346
1608
155
970
7112
1008
5160
4854
4039
7416
4811
6451
2216
6220
3795
1076
1401
4278
1646
7990
938
4806
6883
7518
5862
6668
6939
7608
2401
7831
7514
5394
4466
6541
5773
6205
785
5120
6208
5451
168
5729
292
2911
807
7303
363
2426
2685
2575
1138
857
493
4538
1646
6034
6013
6114
194
3209
4680
4931
3683
7831
7303
35
1350
1583
7598
3969
6577
1713
7642
1594
7658
3932
5233
3300
4273
1193
7831
4736
3339
1760
2694
6311
4518
1646
6311
5938
3932
317
3438
8153
1226
2802
7788
7415
1619
8117
1857
7928
3364
2800
5752
6554
782
4613
2581
6167
3478
6748
625
3996
3760
4182
3683
5394
7079
7939
611
380
6710
2811
5843
4762
3161
915
3213
4329
1031
6993
3403
4516
5745
5251
5887
6932
7323
3146
2957
3945
7946
212
7923
7831
679
4743
1401
4736
7303
1061
128
2471
6850
5320
2811
7256
7587
7823
7995
3284
5748
572
3025
5592
2090
521
6988
3805
6356
3455
1619
3455
1874
4969
2562
3519
8107
1327
4811
7125
1318
4736
1007
3183
4335
7000
853
1345
2248
4415
5792
3322
959
2493
1004
3082
6383
1506
3292
6317
4241
1738
6299
2460
3773
1768
5333
6797
5458
6873
4727
3458
5844
3237
6230
4563
2328
5816
1173
3666
3096
5143
5531
7887
3305
5890
2076
7923
1236
1119
6784
4125
3609
583
583
4149
7636
7663
980
7129
3200
5051
2497
3766
3577
5835
3823
7720
5354
5010
3348
749
6877
2261
8151
3284
1600
3821
604
4238
5744
2820
7323
3589
5107
1744
1734
4780
2497
6884
3886
6393
6749
5955
16
7279
2066
8121
3367
7445
6068
6159
1615
6895
1057
4521
1105
3079
