0
0
0
10
12
0
0
3
10
1
1
3
0
0
0
0
3
2
0
0
0
0
0
4
0
0
0
1
0
0
0
0
0
0
0
0
0
0
0
0
0
0
0
0
0
0
0
0
0
0
0
0
0
0
0
1
0
3
0
0
0
0
0
0
3
0
0
0
0
0
0
0
0
0
0
0
1
0
1
0
1
0
0
0
0
1
0
0
0
0
2
0
0
0
0
1
13
0
0
0
0
0
0
0
25
1
0
14
5
7
0
0
0
0
0
2
0
0
1
5
0
1
2
0
0
1
0
0
2
0
0
1
1
0
5
0
0
0
1
0
0
0
0
0
0
3
0
3
0
1
0
0
0
0
0
0
0
0
0
0
1
0
0
0
0
1
1
0
1
0
1
0
2
0
0
1
0
2
0
0
1
0
0
1
0
1
0
1
1
3
0
7
0
0
0
0
0
0
0
0
0
0
0
0
13
7
6
3
4
3
30
6
1
6
6
1
0
27
0
1
2
10
1
2
0
2
0
0
0
1
0
3
0
0
0
0
0
0
0
0
0
0
0
0
0
0
0
0
0
0
0
0
0
10
0
0
2223
6522
4069
1732
273
3684
310
7854
1952
2032
4680
3577
6047
3287
1565
8060
6321
5833
5232
900
6377
3386
1441
4339
6124
5993
8019
7959
542
1478
7845
1900
6263
3927
1870
4851
2407
5531
7279
3180
6130
1075
3851
2127
3891
5668
3631
3213
7061
4521
1522
4796
5045
5232
7243
2248
7121
7299
1570
4896
4571
6475
1345
7680
6452
7590
2289
3186
623
7692
4294
1406
4237
3541
6791
2110
3732
1856
825
607
4851
1124
7779
5781
657
61
4201
3124
30
6307
726
4618
5384
3732
482
722
5434
6444
4532
6366
2597
2077
5615
6365
6791
1836
2271
3876
2229
6465
7357
4864
3027
433
7208
2469
1655
8053
5281
8183
223
7640
4443
3134
6645
2603
5092
5398
5663
3736
39
3379
4377
2445
8160
4448
5982
5364
531
7059
7236
5738
5061
938
869
7752
5158
3492
2997
5953
4731
8002
1459
3239
284
7598
1046
3684
5762
3115
5171
2026
693
3202
378
2112
390
3541
7491
7679
5382
8187
2986
3724
126
3118
963
7725
3051
3921
5072
2952
6717
5867
2875
2556
6515
4796
4217
5143
3353
1287
34
1103
5091
1783
4892
3682
4217
7582
7028
2907
2624
2031
1949
7682
2128
3177
7821
5834
7303
6035
593
5942
5739
7752
519
456
4497
2410
4194
8048
2654
4400
3847
7910
5292
5537
7781
3923
3452
3252
6321
2470
4672
5748
5097
6811
2595
3197
2029
457
5913
7041
5394
6798
1204
2751
3795
1566
6096
679
4412
1415
448
174
1965
795
1415
6141
7070
3145
143
5715
3391
5020
3304
6690
2927
3325
3664
1585
6040
2273
4017
5805
1029
2024
3300
1385
679
3170
5518
3075
1046
7997
5890
7061
169
5092
61
1029
6386
4067
8048
1105
522
4317
5642
2979
5613
7682
6533
6065
6526
3029
8080
2015
6202
1989
457
6839
4330
3560
5780
2095
6096
140
5172
7861
1010
6227
2907
5161
8023
3667
4881
3684
5945
6384
1627
7324
5162
6065
7509
908
2956
842
404
6457
7726
3002
1234
3394
2751
7810
967
6934
6256
4045
7325
1244
5762
7497
1534
2679
1733
6380
2002
7520
2676
5798
3428
6643
1430
4407
2313
6898
4358
8177
6940
3452
1140
7752
8111
2027
1091
931
3716
1253
2905
6251
2536
1784
1522
919
1767
2214
1395
491
1534
2923
2789
6354
6717
4174
4928
1316
5449
2952
7797
4749
1357
7416
4285
3191
6251
2194
5856
2775
3574
4186
5922
6636
1479
1553
30
4880
5822
5298
5787
1195
2526
3921
7629
6885
7519
6064
1367
7532
4736
2720
1459
1973
6251
6388
1340
4516
3108
3473
7037
3164
3129
4045
5327
5128
7295
8175
5382
4181
3277
4001
7726
5218
2594
1074
1627
739
2716
497
7377
615
2360
4358
4606
3946
497
3314
586
2154
4471
4209
8088
268
7295
1479
4192
4310
1168
6849
2877
1667
2996
7913
1382
6076
3313
4526
7948
5133
1939
494
5356
7593
4389
1229
4590
59
5646
5796
6911
4513
3211
2555
1479
8003
2194
5154
8123
2635
3202
6378
7286
6839
128
4451
2463
4469
5455
257
882
4182
1316
239
3231
4801
3754
1485
4940
128
2595
3460
7355
2332
2589
4931
3335
7303
2592
2656
7078
4062
1494
5183
4931
5704
4182
383
1585
1241
5672
7004
705
7312
2446
7125
406
4859
7205
2872
7203
406
5931
60
4097
2436
4885
1479
43
3739
5544
6761
6498
1544
4786
286
6253
5126
6907
796
5433
7154
702
698
5335
7303
3810
7739
3617
5293
5892
2165
1916
1433
4931
7284
5021
715
1411
6096
4724
7486
698
7378
4080
504
7195
602
7503
1479
1551
6886
4571
4397
1204
2558
7699
5938
3699
7406
2433
1905
1965
1954
932
150
5883
4073
7011
2024
1527
4092
727
6295
2254
5804
4571
6892
6643
1990
4118
6844
4466
598
3253
7194
1635
7520
1856
6662
1318
6775
4354
2219
1954
747
2103
2152
4851
7243
7319
194
507
6499
4646
6851
1131
1254
3049
565
5811
6121
1798
4911
2557
2429
1784
4836
4862
484
5126
7776
5118
4851
4107
2091
3813
2957
5023
165
2194
3795
4310
6114
1316
4618
7303
3810
6904
1617
4699
4081
2128
4444
4931
5529
4135
3211
1973
386
586
3892
6497
2194
6114
4168
6710
2255
3314
7324
4377
5800
4899
4095
6131
1760
341
1012
1340
6331
3574
5140
3118
8068
3313
1783
6076
1171
2729
3474
7546
679
7303
4571
1760
4738
3434
132
627
4889
2506
2093
7362
3708
6804
4172
2082
7559
128
3795
2389
1318
3170
2729
6465
1267
957
6131
8022
5793
7185
128
6594
7020
4459
5058
7717
3473
6578
7295
1603
6247
7355
6622
5952
6882
134
4970
2717
4081
2685
383
328
3900
3841
406
746
2591
5633
6586
6898
4308
5931
4911
2172
2952
3574
3434
3303
2556
871
1959
5942
1850
3899
789
4007
4560
3913
8145
1546
5431
3708
5131
6217
5461
3639
3639
8002
7601
6436
4472
1641
711
3314
1981
6137
5942
301
3349
3748
1263
4931
7894
433
5438
6401
7303
581
2907
1635
5691
7175
3937
1041
1171
7503
3900
2313
7441
7425
6161
7258
7527
4816
3813
887
2727
6375
328
3156
1871
6925
3340
1334
3841
6235
3000
1783
6202
2780
2727
999
5109
5785
7613
5276
309
4995
4741
5630
4218
3087
938
3207
2938
2907
6011
3297
2544
7125
2979
1382
6518
2905
3238
1261
909
3800
2172
4341
1896
1798
4805
7509
7416
3804
4080
4840
1003
2011
2510
1433
2396
6378
6454
4763
2238
3682
1620
769
1113
711
3624
4005
5148
7284
3642
4233
4452
8073
2657
1067
5531
4809
6619
2544
5205
6907
3218
7138
3192
7559
7934
1279
4651
7230
6000
2907
4812
7497
3469
3572
5800
2093
2838
178
7009
8064
6332
4521
4238
2586
3728
5778
7155
4525
2657
1709
134
307
6849
5590
4647
2411
4689
4291
5350
1534
7497
1917
8157
4017
5833
2130
2339
7408
5314
1130
904
7408
1029
2442
2513
2343
2343
3220
4812
3186
1450
3959
721
4568
2124
7405
702
1009
1988
2356
702
6321
6740
4830
4472
