0
0
0
10
15
0
0
1
10
1
7
2
0
0
0
0
1
0
0
1
0
0
0
2
0
0
3
0
0
0
0
1
0
0
0
0
0
0
0
0
0
0
0
0
0
0
0
0
0
0
0
0
0
0
0
0
0
0
0
0
0
0
0
0
1
0
0
0
0
0
0
0
0
0
0
0
0
0
0
0
0
0
0
0
0
0
0
0
0
0
0
0
2
0
0
0
8
0
0
0
0
0
0
0
23
1
0
8
7
9
0
0
0
0
0
2
2
0
2
2
1
1
3
0
0
0
0
0
0
1
1
2
0
0
1
0
0
0
0
0
0
0
1
0
1
1
1
1
0
0
1
0
0
0
0
0
0
0
0
1
2
1
1
2
0
2
1
0
2
0
0
0
3
0
0
0
0
1
0
0
0
0
0
0
0
0
0
0
1
3
0
9
1
0
0
0
0
0
0
0
0
0
0
0
12
4
7
1
4
1
25
3
0
2
5
2
1
16
0
1
1
10
0
0
0
3
0
0
0
1
0
2
0
0
0
0
0
0
0
0
0
0
0
0
0
0
0
0
0
0
0
0
0
10
0
0
7820
1123
3503
7901
4735
5290
4007
4609
5024
4365
4129
4075
268
153
8018
1931
4718
4892
591
6835
765
418
1620
7901
825
7391
8167
2972
6262
123
2178
2459
587
837
7190
2271
740
4707
5536
575
6276
5723
2451
2578
6941
550
3300
7125
2521
6331
2037
7020
2611
2221
3551
4065
649
851
2091
1733
6929
5143
5209
4881
6192
513
825
3541
1331
5113
8092
2496
7750
5072
3810
3300
4080
611
7519
5723
4731
7939
1655
857
194
5678
3750
2854
973
4931
4339
7691
8176
1129
6626
3598
6146
5655
6520
4291
8151
1680
3449
1439
6893
7519
6527
3810
5584
2493
3683
2926
2720
2521
3318
1585
4482
383
7486
4466
3953
7415
3124
8176
3288
4623
3245
597
5601
3477
5024
6082
5048
3186
2671
4247
7519
3339
75
3263
3318
6996
2138
2720
561
3024
1350
1994
2006
2426
1865
7831
3294
3367
2379
4759
4777
5620
3753
3658
7775
4202
4291
4361
6824
2405
7145
2287
2863
4755
7004
1494
6403
1435
6490
6720
235
5127
4182
7234
457
2041
999
2849
1486
1288
3684
6724
4178
1925
3616
738
5170
5714
7344
30
2868
2464
5978
5072
7608
6220
1485
3503
1934
2446
3810
4590
2454
5446
2076
4005
4766
3263
2401
409
3024
679
6829
3059
4643
5560
6137
2248
4038
1576
137
2679
1769
3326
5354
873
3024
4840
5972
7071
5037
4453
456
2082
4300
3602
6976
2992
3192
43
658
1138
3845
7608
948
7155
632
2120
4308
3245
4609
649
3443
255
1075
5514
4788
5602
6212
1204
5924
6164
4453
6580
7366
1227
3724
3848
6224
3730
6976
5250
3288
3170
4281
456
990
6249
5580
2487
1952
2316
4017
1944
6818
7418
2252
1217
591
4530
1437
6474
1546
586
584
2216
8038
2116
4199
6167
1871
2082
132
3070
5637
5675
1835
4944
6527
4524
3791
6177
4497
2283
2217
6276
6737
933
7316
6507
6774
5673
380
194
5924
4310
3300
7519
2451
3760
1466
3777
5397
3536
3209
380
2454
3760
1472
1357
7493
1486
7752
7777
673
3519
1155
3686
1613
3873
2451
7302
3996
2926
3113
7608
1613
7990
7994
7081
145
3841
92
5118
2137
229
857
1346
3810
4571
1671
1473
5675
1671
6251
3631
139
4290
369
5322
1445
413
1655
7685
8038
5457
3721
1366
1327
2380
6474
7576
6247
4268
7885
3515
1971
4135
4095
3232
5207
6076
2006
4542
7493
1671
4749
6572
5048
1163
3981
2728
5669
8038
1454
3708
4080
5140
4466
256
3452
7192
3282
2181
5473
1584
2751
6009
4815
3810
6264
939
6937
728
6941
4554
3263
5762
4542
2555
7753
369
7666
3168
3831
1445
4153
7880
5461
8073
3299
4119
838
6520
7955
1446
1585
679
2023
5844
6065
3492
5743
4453
4453
847
1168
7867
5675
4273
6065
4911
7029
7491
2907
6212
493
1138
4916
3509
6640
7084
2019
7482
3011
3574
2287
1025
5126
7313
5302
2194
4273
2006
6023
4916
132
1979
7577
5584
4643
7580
2194
2543
1029
6437
5363
8113
8038
2451
7599
5924
5063
1835
4300
5036
2863
4411
1655
2720
7234
5250
6976
464
1682
1357
3257
5225
3159
1585
3962
7685
769
3318
7286
3029
2271
1830
4190
1803
7286
1646
611
4662
4531
8068
7519
3339
8038
2926
6774
4674
5695
5022
3380
221
6794
6579
465
4300
3777
1439
2141
6774
7001
6065
7209
568
3120
3589
5374
28
5892
4687
7912
756
2144
5881
6527
5613
413
2926
8131
1440
363
4119
6591
4518
2451
6774
4411
6859
6774
3299
1138
1435
4232
2727
6572
2271
7180
7028
5034
2448
1488
2398
7020
2787
6212
5962
4856
281
300
281
4075
4482
7825
4177
5430
281
4357
2287
6579
1138
3339
37
1696
5804
3712
126
3631
4329
1534
7230
310
5767
756
575
3077
1984
4879
597
1298
6579
5528
8131
857
1061
1667
7313
4310
7183
4518
1655
204
493
3118
3664
1430
2992
5324
7493
6430
5806
5355
6321
2799
5615
3992
2110
7570
4777
6217
5069
319
642
7020
4743
6990
4528
1061
967
7546
3664
4901
3683
446
3209
6251
584
4796
6508
393
4315
4835
7570
3676
5519
5024
1057
8191
849
728
5024
4359
4662
132
5290
933
872
456
75
4944
1850
6303
3209
54
4736
4411
4662
908
3443
372
5654
4933
3713
7827
3834
886
7699
7178
3287
4491
4881
3442
7781
6735
2907
7592
3457
2405
4295
4096
1476
145
6013
4482
4944
7154
8131
6572
1459
201
5364
1750
210
1353
4633
4377
4851
4698
3490
1029
8103
4881
5833
7067
6941
2405
3196
7497
2002
6307
1155
423
4285
7303
2911
5913
7234
5761
4062
1327
7416
702
5731
2459
109
712
3574
5166
6229
239
3490
1680
8023
2791
1613
2512
6040
4698
1830
1864
6824
7827
7051
7408
2934
4590
3007
5837
5672
2956
217
3415
1279
7910
1029
5095
120
5371
3339
3610
3969
1752
2429
4613
1752
272
4017
6152
24
7344
6228
3077
1546
7154
5364
2489
2825
4056
5730
2076
2192
4339
3793
1912
7441
2995
307
4817
2405
2143
3024
6295
3862
5290
3636
1029
7
7976
7389
1699
7299
3077
1680
5833
3386
2504
7682
831
2726
6926
1893
3773
1506
8151
5273
1249
7552
5694
4995
2815
7154
7766
574
972
5547
8187
4062
8023
5403
3682
3271
332
1473
4524
2166
1864
6645
2062
2795
6013
6788
3128
1274
42
4181
1046
4005
1870
1027
4247
3229
4412
6535
4518
6756
7363
3974
5839
2868
4796
5475
1680
3196
5335
7121
1241
4291
6031
5385
4353
811
7205
1680
7852
7084
3472
1897
3475
7599
5791
7219
303
3068
123
6386
2027
6000
7189
2486
1973
4301
1164
163
4017
5627
4011
159
702
7258
4492
2280
369
7882
5896
39
1029
5385
35
7209
5627
307
6792
8175
1830
3322
3212
7612
8021
2354
5909
954
4771
1944
2459
5833
6307
8048
3158
4800
7408
2002
7823
932
3642
7491
4291
1581
2679
109
7491
7910
2015
845
35
3980
6356
7154
1706
4801
4340
5160
1362
4107
5682
6196
