0
0
0
10
8
0
0
1
12
2
10
4
0
0
0
0
1
0
0
0
0
1
1
5
0
0
1
0
0
0
0
0
0
0
0
0
0
0
1
0
0
0
0
0
0
0
0
0
0
0
0
0
0
0
1
0
0
0
0
0
0
0
0
0
3
0
0
0
0
2
0
1
0
0
0
0
0
2
0
0
2
0
0
0
0
0
0
0
0
0
0
0
1
0
0
2
7
1
0
0
0
0
0
0
27
0
0
4
6
10
0
0
0
0
0
2
3
0
0
5
0
0
7
0
0
2
2
0
2
2
0
0
2
1
1
0
1
0
2
1
0
1
1
0
1
1
0
1
0
0
0
1
0
0
1
1
0
0
1
0
0
2
2
2
1
0
0
0
0
0
0
1
8
0
1
0
0
2
1
0
0
0
0
0
0
1
0
0
0
1
0
5
0
0
0
1
1
0
0
0
0
0
0
0
13
7
7
6
7
3
35
2
1
5
1
0
1
31
3
0
1
11
0
0
1
0
0
0
0
1
0
1
1
0
0
0
0
0
0
0
0
0
0
0
0
0
0
0
0
0
0
0
0
10
0
0
421
5896
5874
7029
4618
5743
261
4375
7798
3077
3577
7995
7613
4975
47
7613
4998
1765
3196
2558
255
6761
6761
3600
5160
5225
4516
587
3715
7740
7755
2967
3167
1029
6041
5627
2464
2208
778
8023
2459
8103
5627
7997
3077
6700
4017
2219
684
574
4340
3120
8023
7093
1680
1824
2916
2780
7256
6560
165
5374
248
6020
4017
1680
3747
2464
6824
5382
320
8103
6824
7997
5896
5731
5896
3271
7827
254
3790
1706
2907
684
5403
1217
8103
5403
2907
7518
3288
1094
4805
3055
5128
1040
979
6082
5731
3747
744
1824
522
4390
2948
1046
7910
5998
740
7178
4291
5403
5403
4007
1466
1067
7995
1029
2002
1062
1029
6437
1234
1970
8004
5767
3047
1554
4214
825
4361
1319
783
568
5507
6563
7592
6031
8176
1532
859
6498
2223
1716
3682
7221
7906
6292
3336
2091
5482
3682
2459
2279
541
2979
8094
5023
4623
1430
4707
3504
4017
1944
4735
899
6761
4718
1012
6136
2132
2490
5633
494
248
309
1667
7752
1476
5584
4979
2727
4005
859
4340
4164
4329
263
2979
9
665
7740
389
2464
1164
3196
5019
2856
5403
3541
5819
3037
2979
3007
5952
6405
1350
248
807
1479
1382
6301
6405
6069
4887
7880
1882
1049
1739
2780
2576
1506
1479
2092
740
5290
2271
372
4835
2489
1988
7989
1366
320
7330
3434
5743
11
7078
1971
1327
4840
746
7136
1204
1435
92
5629
7378
2743
2303
6997
5560
3047
1871
1842
2080
3449
5220
3651
2219
4270
8023
4950
4571
999
7482
7234
3452
5037
2242
894
999
3538
3191
6253
7643
7057
6517
3834
7416
2727
4048
1769
5128
3654
6027
2327
5013
5079
3747
3414
2629
575
7798
783
2491
7234
2041
2175
6095
680
227
4119
2675
4916
4526
2753
1465
1590
2902
6449
1241
1835
1472
250
8159
7134
1409
1094
4835
3490
2464
5874
1114
4601
3812
2120
2513
1262
4273
7057
5999
2615
4139
5911
2410
5594
3291
4119
7162
6254
8111
3762
1253
7378
6073
3068
4732
34
7442
4037
7613
2907
1824
735
5734
1428
69
126
2682
7279
1011
1671
6023
7664
2576
2575
1989
5272
7408
7755
3494
4119
7756
5056
7482
5566
5335
2918
6735
2635
1661
9
6827
8160
1260
3964
2774
6642
4958
273
1585
906
3765
5762
3932
1585
5821
5896
6436
4022
5332
1440
5492
7934
5821
194
4662
5350
2574
5798
7670
4441
1017
2915
7592
1103
4048
1546
6301
2585
341
1318
3536
2273
11
2715
2613
16
1424
789
6276
872
5896
7093
3326
1196
5675
7393
2487
5811
5255
7024
3668
5107
7723
2915
8160
1743
4081
2103
5573
169
373
7313
7525
2395
5447
2934
3989
6535
3322
2252
325
386
6000
1204
3205
765
5133
2544
4415
3186
39
5767
4571
3813
361
2196
1103
765
4097
807
1139
4481
1025
5133
1585
7089
2395
2193
2973
4354
705
1954
464
1285
5896
5675
4283
358
5761
6572
6810
6844
4524
7166
6851
6935
229
5175
2415
2640
7529
6731
4330
2997
602
3209
7089
235
3991
7461
341
3263
1671
1441
3834
4888
5906
8091
5050
6976
643
5433
4887
5492
2979
2132
2186
373
1882
7398
7543
932
964
5865
3325
593
2395
618
2490
1435
1800
7500
7363
5209
1546
8019
285
5662
4723
6121
3279
3792
2461
1281
7785
2395
6501
1003
2766
7353
2765
4533
3061
6583
4516
3047
3143
6405
6885
4191
201
496
4899
134
7247
5931
5142
1934
5736
3832
1584
777
3300
7643
2778
838
584
2563
4482
143
7178
3300
6023
7527
5684
4292
4847
5867
325
7567
209
1699
5200
2300
1165
2194
5936
2253
3991
2193
2461
3854
1882
1850
3162
7347
3991
5924
6252
6020
3452
7620
3694
6851
2611
1613
5780
7138
6521
2826
6265
5543
3277
7525
2163
2555
2927
5302
6740
5865
1973
6520
6640
1934
4911
6064
5844
2894
1437
5000
4743
1185
7071
2753
6353
1207
1850
1769
3132
1428
2915
6615
6829
477
6134
4830
4897
6064
4743
7203
7356
5350
4177
8091
7416
4191
4639
403
6490
1185
6210
6501
807
7247
2273
2426
1667
4807
7796
7408
6903
5053
7442
5264
7463
156
477
8060
2885
2715
3076
126
6198
6951
2358
3495
8046
7846
1760
906
6873
3085
5118
6334
8014
5844
2067
7192
2253
1027
3358
1620
7543
7383
7138
1479
2915
4793
1890
1857
6800
1094
5678
504
4843
7166
1200
257
5591
6892
6040
7394
24
4533
6811
746
4722
1486
626
4924
2979
574
1798
5024
8118
1871
963
1409
5684
5780
7176
7207
3515
7138
586
7085
4268
1185
1027
871
2532
6602
6858
3149
4003
7180
2677
1204
1036
3051
6098
4984
1344
2411
6648
1241
6372
4377
6199
8010
5210
6560
9
2278
4294
7543
1056
442
3349
5785
3784
75
7500
7416
4330
5819
4477
5165
3722
7825
501
5604
5630
845
5874
1824
6321
4571
90
1040
4987
7740
6199
4754
5780
2693
8004
1173
4377
165
4692
2104
3523
3325
3063
5923
4606
918
2405
1944
1129
2582
6143
2284
2662
1550
6417
2679
4796
5419
4809
7613
1395
7227
3636
7723
7740
3715
4543
4793
6615
239
477
4047
2729
7496
2944
7018
7399
255
7582
783
1675
1550
1155
5997
6041
4202
783
3196
6124
7823
6082
411
3477
5290
5482
123
7243
4771
263
5560
2127
8047
1890
3732
819
568
5874
4609
4609
5982
2464
531
7442
5997
6262
4011
2271
2464
4291
6827
1129
4851
6124
5403
2464
450
6082
1319
845
2489
297
4729
2152
4211
6903
8094
1864
4729
2907
411
2464
2464
649
5232
4911
5077
811
6082
1680
2868
2560
7860
1129
4703
2327
722
5403
3851
4291
5118
1699
5514
4707
4707
5998
7915
2780
2127
7739
1040
3740
2252
4735
5412
4735
6450
7482
4291
1319
5536
6082
1118
2560
7227
675
4413
6903
3367
7913
7823
4224
2558
978
3186
4881
4796
3443
3541
5290
297
7520
2780
1965
1965
3077
5112
7484
2379
3504
4609
255
255
4707
5019
2999
4926
7723
3288
