0
0
0
10
6
0
0
2
10
1
6
4
0
0
0
1
1
0
0
0
0
0
0
3
0
0
1
1
0
0
0
1
0
0
0
0
0
0
0
0
0
0
0
0
0
0
0
0
0
0
0
0
0
1
0
1
0
0
0
0
0
0
0
0
1
0
0
0
0
0
0
0
0
0
0
0
0
0
0
0
0
0
0
0
0
0
0
0
0
0
0
0
6
0
0
0
6
0
0
0
0
0
0
0
21
1
0
8
5
7
0
0
0
0
0
2
2
0
1
3
1
1
5
0
0
0
0
0
1
2
0
1
0
0
0
0
0
0
2
0
0
0
0
0
0
0
1
0
0
0
0
2
0
0
0
0
0
0
0
1
2
0
0
1
0
0
1
0
1
0
0
0
1
0
0
0
0
2
0
0
0
0
0
0
0
0
0
0
0
5
0
12
0
0
1
0
0
0
0
0
0
0
0
0
14
2
9
1
3
0
24
0
0
0
1
0
0
20
0
1
0
11
0
0
0
1
0
0
0
1
0
0
0
0
0
0
0
0
0
0
0
0
0
0
0
0
0
0
0
0
0
0
0
10
0
0
5567
7653
4801
3504
156
8007
5961
1436
3426
577
6314
1344
6572
7577
5706
1266
6210
4240
6014
5723
3871
586
413
5646
4738
383
2504
3932
7125
3801
625
6303
4188
1435
531
4995
4970
4931
3845
8107
2289
589
7001
3350
3976
6092
6259
3380
1784
2313
3113
627
7532
3616
4741
4037
3885
4172
438
4737
6499
1816
1413
6369
2868
3775
4913
6142
7814
4889
4188
4801
6507
6098
3854
4843
5446
6334
2778
7929
6636
198
3545
5870
7747
4081
3202
1134
8152
4513
7486
8107
2300
5493
1288
6233
2289
8068
6774
6859
2618
4459
3097
4218
2174
6198
8177
7664
8111
790
7166
7737
6640
5884
6525
4843
3350
7643
2186
1281
7532
5613
5199
7356
8145
3113
165
1818
7081
6774
8063
4459
5554
6014
3914
660
2082
4662
6099
6995
4199
7086
3100
3271
7192
5635
7171
3024
363
4903
770
6937
5785
1263
3574
7526
5767
1316
1385
7491
1869
5435
5901
1421
7831
6444
7762
7979
5233
2793
3771
2076
5743
6053
6632
8046
3002
5233
3452
6572
6099
6640
415
3965
8111
7649
1027
4005
7176
5920
7622
5185
6102
4411
1869
3801
1387
3118
2289
5204
3495
3051
6284
3966
338
5902
53
5726
2710
2823
1437
7639
3740
5114
2751
7355
894
2272
805
4223
55
1340
6987
1856
1389
5685
5400
5649
7286
6182
281
4524
6941
8177
7567
5162
3528
2202
7916
5913
2729
7192
2076
5482
2737
5736
894
5446
8166
1266
2116
140
5044
275
5078
7569
5685
7939
3164
2849
1421
5061
6948
1356
6575
3452
656
307
4453
466
5695
7455
3162
3363
680
5099
2574
3032
3067
2560
6040
1905
1266
3850
54
2679
3389
3389
2595
1869
2872
2154
2144
7608
4524
3452
8055
3730
5142
7332
7482
1476
4356
967
1662
2474
6704
232
1281
1856
1281
7482
7816
643
458
3711
7229
4835
5220
5412
2473
3429
1781
7891
1618
1217
3538
4823
4843
4442
3287
2496
4076
8178
4258
968
4523
2474
2732
2574
626
626
3363
5172
3095
373
4199
5529
2271
5077
5412
631
3986
7985
4684
6153
3991
5726
7577
2992
770
5637
2629
2043
360
3209
1241
7954
837
4453
1010
7086
2662
2512
3976
4823
3394
871
2193
2587
4609
5079
1595
2464
4950
2907
6573
2727
5821
2856
2907
209
2586
968
4583
7620
5457
660
4776
6649
3686
3557
5242
7416
715
7378
5168
2751
415
7936
7071
2179
6066
2512
811
3196
5731
1971
4067
2019
1471
680
2907
3067
3066
3159
625
2715
1185
5545
586
6710
2849
5457
2396
8177
863
5142
8177
894
5728
5503
7567
1335
2868
3572
145
6770
2232
2066
6898
4199
540
5503
6002
2496
5326
597
4916
7416
6937
5998
4011
4172
7518
5785
6859
4075
586
7482
4010
3394
363
2395
6575
5385
1765
6791
635
4070
2558
427
4866
8106
2024
5509
2934
6868
4935
2976
7666
5984
6513
3716
310
679
2023
1978
7029
4958
7081
6072
6630
3277
3164
6668
7876
5019
7940
1824
5220
2934
4888
2281
5672
1856
3449
3291
3528
2507
6520
92
1716
28
626
378
4096
4496
1554
6065
6301
886
1285
7895
5446
5446
540
7022
3348
2489
2629
5024
3635
3212
5285
7142
7142
1025
2737
1821
7593
232
6996
4851
5118
5042
5818
7640
7934
2540
1045
1073
1020
2671
5584
1076
5495
2474
5447
6892
1160
5214
1824
1497
3694
6189
6082
3728
6119
934
6164
5171
7086
5863
6403
574
7378
2973
715
3397
3452
7964
154
7936
2540
276
5957
2671
2630
715
3730
1662
8076
5322
7583
7592
899
5412
5077
6649
990
4783
6292
1821
5576
8111
6976
325
3078
456
2316
2629
301
4481
6979
7807
3486
1696
3350
1698
2175
1087
2421
796
358
3326
5112
7497
5579
4361
5982
308
6526
7225
3792
1539
4379
2202
2992
466
3997
1139
5201
6437
6004
4801
1437
1934
5455
4903
5446
4298
4766
6639
6952
7071
1859
3188
783
600
7882
998
4609
2066
6668
6469
2836
7378
3723
2732
2901
466
3489
2391
5764
2229
6645
7754
3669
6264
6013
4382
4649
2808
770
6630
7964
3523
2585
5952
1023
414
5730
5801
8023
48
4291
1130
4912
4342
5058
363
2139
6979
3112
3495
75
1298
7570
4931
7071
8177
1073
1139
7041
3921
1856
3730
5114
6092
2556
1048
2907
3835
5113
3778
631
4491
6481
2285
4867
3003
7880
456
6092
3112
3774
6119
1327
7125
7041
4845
3380
1913
1073
5142
611
904
3859
7313
4912
3859
4686
4291
169
1971
3004
4309
4202
2219
2835
2496
592
6233
1552
5022
3523
1973
232
6595
2253
2965
4769
5798
6959
7192
3976
1366
4769
5446
3634
5142
2612
3010
6164
7901
5403
6121
1900
4112
7451
8092
4341
5998
2343
4637
904
6595
3859
4382
3112
1892
3549
4469
6959
1672
7670
8068
5142
1757
6092
8166
2992
2396
2732
7258
727
568
2182
536
3318
7997
3477
1473
7781
1029
5272
8106
2939
6094
4749
6941
7477
7041
3380
1865
3277
680
5292
1224
7272
7071
5446
770
4454
7117
2217
441
5290
5627
5778
4341
4372
7121
7582
2679
5077
5112
5412
3997
3631
1790
7964
3792
6844
6572
2116
1130
975
6066
568
6677
4578
1688
176
4903
3394
1672
8004
901
5871
2261
5762
5998
4120
411
5412
3747
5214
4609
5412
7356
5962
5200
4453
3631
6572
7936
7195
894
2585
2076
5412
5077
6705
3614
1048
4630
4134
299
5802
836
2929
3933
2826
2805
5385
5643
4735
5982
5077
7596
1944
1224
8123
7567
7225
5455
1064
5446
6099
6499
257
3486
1595
4950
7901
783
5778
5896
3911
6741
3617
3783
5000
2813
6075
4350
4581
5982
5436
5536
5220
1836
5220
3389
2856
3277
6798
7639
4583
4823
7936
1657
6531
2308
3747
3536
721
998
5579
6677
4578
6438
3986
904
248
2470
2283
4593
2825
5171
4399
6587
5214
5214
170
7484
7582
3004
6393
5736
5761
6960
7929
363
3816
2411
6041
7258
5048
1319
7408
1105
3959
6209
3441
534
1139
3986
4120
308
5135
3044
