0
0
0
8
13
0
0
2
10
3
8
0
0
0
0
0
1
1
0
0
0
0
0
3
0
0
2
0
0
0
0
3
0
0
0
0
0
0
0
0
0
0
0
0
0
0
0
0
0
0
0
0
0
0
0
0
0
0
0
0
0
0
0
0
1
0
0
0
0
1
0
0
0
0
0
0
0
0
0
0
0
0
0
0
0
0
0
0
0
0
0
2
2
0
0
0
10
0
0
0
0
0
0
0
28
2
0
10
8
7
0
0
0
0
0
0
2
0
1
3
0
1
6
0
0
0
0
2
1
0
1
0
0
0
1
0
0
1
2
2
0
2
3
0
1
0
0
0
0
1
1
0
0
0
0
0
0
0
0
0
0
0
3
0
2
1
0
0
2
0
0
0
1
0
0
0
0
2
0
0
0
0
0
0
0
0
0
0
0
1
0
5
0
0
0
0
0
0
0
0
0
0
0
0
10
0
5
4
6
5
28
0
1
2
3
1
2
33
0
0
1
10
0
0
0
3
0
0
0
1
0
0
0
0
0
0
0
0
0
0
0
0
0
0
0
0
0
0
0
0
0
0
0
10
0
0
1686
4899
199
5883
3708
7393
3712
7985
4822
2380
4352
7279
1716
3684
2679
1713
747
6583
217
6351
3506
4830
4533
5375
7978
6735
6124
4160
34
1522
6679
2635
3120
4017
5890
2676
441
255
5998
5821
240
3216
6975
5577
5791
5012
2444
310
6752
4596
2783
5760
4758
1570
4533
4160
6262
2466
5007
7435
4521
7691
3117
3117
3158
6778
2948
7344
7121
2339
5715
3240
4293
5816
3414
7997
7976
2920
5499
3196
4194
1989
8023
2765
5620
4927
7726
3152
7779
618
3391
1453
7435
3676
61
6249
7609
2229
2182
437
7784
6737
2130
3585
4293
1698
4134
266
7926
2935
6735
5896
5511
7580
6774
2009
1890
4294
3896
1409
3804
3732
169
6735
4604
6438
7584
1870
5785
3741
2343
764
4233
7321
4188
6309
8167
2443
3656
2987
6437
6252
2783
5651
413
2618
6114
5240
5378
6939
4162
1547
3079
6309
5813
3832
1633
6663
4283
335
536
5031
1550
2777
7344
4045
6014
6142
6893
1172
4240
7143
7575
3262
4801
611
2715
4944
4749
1172
2644
2720
1869
3203
2747
1450
3571
3445
966
448
3571
7845
4984
7256
5347
3561
3610
8107
2766
6339
4768
4768
1963
3211
6656
2110
7831
4590
4749
4749
2477
3380
1025
4749
6339
6952
7843
4039
7415
2379
7739
6369
2761
3348
3455
5183
7587
1815
7901
7600
6311
6040
6466
2618
2618
2194
677
906
4571
1972
3300
3049
1486
217
3743
102
3108
677
1869
2022
3247
5802
6147
852
7908
5993
6626
4800
5791
3445
2892
6613
4749
4281
1366
507
4887
2578
6592
4281
6575
6035
6474
2194
1989
906
3712
3495
4281
380
2717
1245
2654
3530
4645
844
5434
2240
325
2283
3115
4290
1055
769
380
2715
2194
2082
1635
235
967
1340
7432
5005
5238
2082
5936
1440
6040
7393
679
7831
611
1246
966
6823
1535
4703
2734
2704
1666
6217
6183
4864
6244
6388
4281
4815
6095
4451
1064
7399
89
4397
995
6595
4496
3721
6630
54
7939
6630
4811
6014
6761
1324
7691
6776
7441
3161
5890
3969
2283
6823
3850
4491
4521
4459
7020
586
5804
2540
6894
5561
4888
4259
3148
4453
7225
7525
1686
2775
1682
3810
7762
6474
109
2118
7994
471
7207
5906
2015
3676
4091
5123
3682
7997
7617
948
5678
2082
7746
6979
4935
8
1841
908
5153
2184
968
5453
4432
2863
6892
2226
2778
3941
4887
5708
1260
266
2009
4039
7196
4700
3443
7491
5629
5567
480
6863
1534
1850
586
7500
1494
3654
4702
6535
6020
1413
906
3743
6592
8107
3197
4485
3586
7210
1430
2068
4596
6244
3643
632
1438
2799
5627
2118
4017
5403
7011
163
2130
7389
3726
2671
6444
2429
7143
4009
5332
7393
2716
4911
787
5690
5730
2830
702
3068
5867
6144
7398
5620
266
2244
7244
807
2118
5998
5984
3709
677
2032
2594
2594
3143
3262
394
5344
2532
4571
7078
229
5250
6518
2960
3571
726
2685
2154
4801
2594
8114
7309
1009
3568
1129
2229
1709
1023
3748
2292
5862
493
627
6388
611
6121
5503
7929
586
507
4229
8135
2272
7967
990
4199
5931
6839
1025
6339
527
6579
6579
7831
4075
7094
7253
2654
5403
4291
6444
457
5924
4843
456
6630
2902
7834
7936
1193
5867
632
5529
2532
722
7754
4199
5454
7225
3325
4249
75
3859
7486
7001
6692
3318
6331
8138
3849
1600
1816
4811
5938
5938
3946
2026
7020
7355
7225
4265
5503
3421
618
3602
128
8046
7378
2396
6092
8166
6272
3325
7929
2720
2720
677
5759
3932
4330
7398
5580
8067
5833
6987
2863
7020
4281
456
7929
4153
257
2457
3170
3743
2887
1635
2019
7209
2677
7271
2281
871
3672
3191
6247
2252
3037
4815
268
6859
230
1438
5224
5945
7706
8038
7125
6851
123
3536
7020
4195
4743
8177
3473
7910
5813
4044
2395
5503
4815
1395
4459
6952
2787
2512
456
677
815
7518
5433
7791
7982
787
8121
3682
7706
4135
5176
4736
677
6339
3664
5133
8114
4736
1486
1157
1869
5098
6979
6704
7831
5126
7165
1316
493
5036
3664
3712
3277
5036
5804
5309
6941
4492
3947
2105
684
2715
8107
2033
2082
5545
8019
1869
7302
2555
5168
5036
5637
5473
4195
6365
627
3434
3162
3974
3434
380
6539
2532
4199
6451
6668
7344
5731
1473
5335
6954
4255
4478
7081
8019
4815
6130
4135
4199
6904
6065
1254
1869
2720
6331
3380
3370
6263
493
6592
4242
7559
4249
6990
4620
8018
6403
5292
2002
8103
61
1415
8060
7357
1961
719
1172
5837
4571
3664
3810
366
5364
8107
7990
5233
4951
4523
73
1061
6839
1850
6732
4698
990
3841
6839
5420
4592
4618
2791
4022
5183
7415
3879
5742
4017
2679
1076
4563
1709
5138
4796
5985
7012
7831
2194
1366
6365
180
2116
6466
4528
7831
4749
2217
7989
7546
21
2076
5364
7180
1534
5305
8023
5092
6436
4017
2229
7613
1509
8023
7823
5375
3469
1534
550
2685
4899
5804
1603
6851
1138
4523
2435
1939
857
7887
4345
5292
4329
1937
2410
5833
1584
6996
5906
4998
4594
432
7613
2935
1048
5364
7997
7117
8023
1699
6009
2194
760
6474
456
4439
2504
4281
5764
5658
7028
5781
4017
8151
61
8023
1714
30
6735
7415
4847
5517
5632
2907
3667
1699
2684
4759
6000
2077
4255
3158
4702
2493
7754
7726
5126
1486
3421
1061
2246
3549
1759
1057
7823
1453
3305
7908
2467
6220
4129
6656
8073
2706
4524
4492
5762
7408
4017
2459
7210
1207
4017
2252
2479
1105
1076
7136
3008
3224
2521
7185
7623
3504
5249
5853
400
2632
896
4140
184
5793
237
7928
5527
4469
995
7749
4007
4027
4426
1062
1835
400
5403
4824
6210
2015
6253
4067
8006
5805
1699
4856
5735
1244
6796
2994
5675
113
466
4293
6358
2015
7435
341
7600
6444
2033
1680
5350
7915
5514
1961
2679
3497
5840
2252
6679
2229
3158
8023
683
7435
2002
1958
6668
7545
7063
3974
963
4644
6590
6704
2678
4422
8160
868
8107
5675
3444
