0
0
0
11
5
0
0
2
10
0
3
5
0
0
0
0
1
0
0
0
0
1
0
3
0
0
4
0
0
0
0
0
0
0
0
1
0
0
0
0
0
0
0
0
0
0
0
0
0
0
0
0
0
0
0
2
0
0
0
0
0
0
0
0
2
0
2
1
0
0
0
0
0
0
1
0
0
1
0
0
3
1
0
1
0
0
0
0
0
0
0
0
10
1
0
0
8
3
0
0
0
0
0
0
21
0
0
10
7
7
0
0
0
0
0
0
4
0
0
3
0
0
6
1
0
0
0
0
0
0
1
0
0
0
2
0
1
0
2
0
0
0
0
0
0
2
0
2
4
0
0
1
0
0
1
0
1
1
0
1
0
1
0
0
0
1
1
0
0
1
0
0
1
0
0
0
0
1
0
1
0
0
0
1
0
0
0
0
0
3
0
9
0
0
0
0
0
0
0
0
0
0
0
0
13
6
10
1
2
0
20
5
1
2
6
3
3
20
1
0
2
11
0
1
1
2
0
0
0
1
0
3
0
0
0
0
0
0
0
0
0
0
0
0
0
0
0
0
0
0
0
0
0
10
0
0
3477
7113
7950
2907
5283
1443
3570
520
4822
5595
7031
7415
3274
1595
4667
2238
1790
6044
1752
6821
7575
3358
7344
2057
1669
4405
4304
7426
2002
4975
840
4570
1523
4771
1598
7028
6321
2661
2650
5886
2916
5654
4716
7967
1890
4100
442
7567
5692
3976
31
5558
750
4472
7908
7162
6735
7097
2361
5472
5227
5408
1067
4798
2192
2418
3969
3469
3416
4143
6457
2943
2050
4649
1182
2610
2166
4451
6575
7404
770
1790
6098
540
7355
4283
5292
139
2339
1591
5024
6469
6593
1978
6818
702
6945
8085
1236
7160
2559
863
2431
863
7166
1335
4686
540
5027
7166
3965
386
7572
4382
5464
7525
4836
3921
5555
5272
2771
2531
1200
5057
7716
6868
3056
1160
2377
2318
1182
1637
5678
3270
4510
31
7874
5692
7525
7456
3075
1276
3394
7810
7456
461
7404
1662
540
7964
257
13
3413
7887
693
7843
6409
5320
4366
4387
7887
3533
3838
3192
4010
3232
3538
1515
7567
5816
4843
2431
5980
1696
6092
7810
598
7313
7525
6673
4686
6204
326
7353
4958
1857
876
6445
7617
6248
4116
47
4892
2238
7355
5692
4035
5957
6860
1978
4766
5863
6414
863
2193
551
6844
6092
5503
2574
7525
6044
4879
7841
2982
2585
3075
4679
5921
6075
468
1409
2467
4103
4932
5056
7787
540
847
1276
5056
7140
8046
6370
552
4322
4823
6091
3976
5808
5446
5865
770
3976
7931
5454
5444
5359
257
4903
4175
1880
7755
2697
3364
4412
1162
7929
273
1112
3711
5692
7516
8156
5578
6941
5139
847
5395
4496
3032
2359
3232
1330
5022
3459
2395
6301
7404
2193
602
4939
749
266
295
7626
853
4093
6572
1282
939
5863
7500
3325
656
830
7810
3921
3232
6793
4060
7353
2450
3489
7547
5446
6712
7525
7166
5114
2457
7929
4510
3678
4222
4640
3379
6822
600
797
5064
6526
6264
6868
6911
488
7364
7411
7166
8156
3394
6414
1662
4197
89
2112
1957
1201
5217
5139
7272
7525
995
5001
6575
4823
7567
7675
5166
7888
2629
4190
296
176
7364
7353
3066
2535
3329
2559
3486
1026
6924
3886
1865
7784
4702
450
2584
6284
7440
7525
7648
7687
7567
7525
6704
4836
7140
7355
847
5354
4847
7706
5786
1800
6844
1073
7330
3897
1957
6575
464
3279
5999
999
4738
1607
4060
7313
2939
2994
2668
150
4686
5217
6318
1073
3858
2431
5865
2574
6092
7567
4998
1534
4932
5695
6673
7648
2615
7758
6478
4836
7411
6348
3232
1207
1585
5517
367
7242
235
7411
7404
3977
8166
488
4817
3265
6911
5217
461
2751
6960
4199
3708
1538
763
7479
2389
4306
118
7098
6254
3141
31
5692
1483
1631
1344
7846
5913
3191
4469
5206
4182
4382
1662
5957
415
4382
6284
7356
458
7932
5678
5865
7662
7642
4932
4686
7572
6894
830
2778
4379
3634
7835
7374
3669
4011
5924
7395
1366
3932
2006
5140
1846
464
4496
2395
3329
4432
4675
4836
6275
5957
3503
6704
2878
2135
540
1905
7810
5737
3272
257
2585
6119
975
7697
6630
5350
5099
3350
7271
2194
8046
391
1552
1881
3279
5114
5217
584
7420
4197
6318
4748
5114
863
3644
3100
3329
6264
6415
2064
5056
1662
1335
4823
5217
7364
787
945
4359
3077
484
1010
2076
1589
666
7657
5289
3965
5114
2587
770
3126
8060
4987
1468
6636
3452
2457
2728
2612
3390
31
2559
863
464
1696
31
3232
7292
6572
1212
2532
5344
4766
1259
373
929
4823
770
6673
2585
2457
894
1957
3991
5114
863
5728
5098
7711
1552
6704
3032
7313
5200
4823
1552
2973
7607
7356
6170
6844
7503
1520
6457
2585
3549
225
1719
4323
2559
6092
5056
2559
3283
118
118
7805
7404
847
4048
2022
5604
2431
2585
7657
6704
5503
1657
5114
4903
7521
1844
7639
7399
6981
6499
7841
6181
4199
7353
4672
5455
6270
7847
847
2585
6633
3394
4823
5114
4298
770
6708
6264
7140
2050
7355
2431
2431
8091
31
4199
3965
2431
5503
3838
7810
4496
7404
4919
7404
4177
5070
5066
3993
476
6736
7572
3850
7400
4686
3279
3487
1452
4502
6598
830
4523
4509
6704
7355
5005
1429
5
6092
6673
5353
1811
7525
6732
6891
3141
5455
6092
4382
1800
1237
5902
2507
4672
5351
2562
1751
8128
6346
1048
4651
3965
540
3965
6598
8129
31
5952
894
6712
6092
6598
709
6673
5005
2395
6752
5503
3178
5980
3008
1552
1330
5957
7292
3538
6851
2106
1136
3842
3414
2422
4022
935
5395
3965
5200
863
1784
5114
2490
5005
5952
6092
7318
6873
5952
4823
7140
5207
5377
5586
910
6092
4823
1552
3141
6704
5
684
1067
6183
5434
5877
7545
5559
5672
3279
5728
3486
3692
5358
3032
1243
5200
2019
2792
7356
4872
5070
770
7501
770
4823
6224
5114
2585
5446
2431
3459
5098
2654
2120
4222
5487
3083
4194
1703
5894
5446
3467
7021
3032
6844
5
6673
446
7787
4979
1844
6924
3011
6318
1934
3394
949
3678
6633
7242
3486
2446
4073
7240
6336
6926
5504
1778
5801
3212
4259
4405
3176
3459
770
7292
6119
1790
464
8147
6575
2019
176
5980
4382
7521
6844
4382
4649
2457
2559
656
3966
7500
6732
7888
702
920
473
3039
3386
6171
6391
3936
3615
5236
7300
5302
3711
5692
830
5114
5503
6758
1642
6254
5980
5578
461
3459
1259
4496
6092
770
6092
5454
7950
6000
2005
6616
4397
2613
1928
7985
2870
3115
7408
634
5799
8122
464
2585
3976
4639
5293
4407
4407
7929
7142
5980
7567
7758
6318
2457
7469
1569
5001
1266
5712
4407
5904
4346
6442
2123
465
675
749
2766
3613
3176
4919
2812
1332
4398
4000
4534
2209
2491
6445
6756
1650
5430
5793
6217
6212
6073
5503
768
4430
844
5790
6869
7599
2487
5724
4029
6531
5183
2236
4758
1415
2520
3781
2508
551
8171
1021
7625
6724
2906
6756
4798
4457
1027
7869
5301
2236
4257
7524
6488
2173
5301
726
693
7590
3994
4632
5756
1024
2478
