0
0
0
10
7
0
0
2
11
3
10
1
1
0
0
1
0
2
0
0
0
2
0
1
0
0
0
0
0
0
1
0
0
0
0
0
0
0
0
0
0
0
0
0
0
0
0
0
0
0
0
0
0
0
0
0
0
0
0
0
0
0
0
0
3
0
0
0
0
0
0
0
0
0
0
0
0
0
0
0
1
0
0
0
0
0
0
0
0
0
0
1
4
0
0
0
9
0
0
0
0
0
0
0
24
2
0
10
6
6
0
0
0
0
0
2
0
0
0
1
2
1
5
1
0
3
0
1
1
3
0
0
0
0
2
0
2
0
1
0
0
0
0
0
0
1
1
1
0
1
0
0
1
0
1
0
0
1
0
1
0
1
2
2
0
0
0
0
0
0
0
0
2
0
0
0
0
1
1
0
0
0
0
0
0
0
0
0
0
3
0
9
0
0
0
0
0
1
0
0
0
0
0
0
11
4
8
5
5
1
32
3
1
1
3
1
2
28
2
2
0
11
2
0
1
6
0
0
0
1
0
2
0
0
0
0
0
0
0
0
1
0
0
0
0
0
0
0
0
0
0
0
0
10
0
0
6583
675
7924
7207
2265
6116
68
7166
652
1881
363
7192
2251
7407
7869
2223
1196
6474
2613
5374
2677
1129
1613
492
3320
6989
5350
4987
34
4069
5232
2780
5933
4339
7064
6906
2276
3854
6640
1266
3467
2553
1967
4823
6598
6792
252
6451
7441
5636
1430
3037
6700
4830
4824
7823
4634
8081
7056
4800
1900
7893
5933
5095
1732
2772
2119
7749
7378
7071
6272
3771
8137
6318
1792
894
1527
4755
6650
6353
2557
1929
1434
5057
7357
4353
4847
7584
6886
3460
7520
2248
169
1129
2049
1057
6307
7155
550
6640
8111
2186
6750
4119
6301
8147
6065
7932
3771
440
1354
2261
2597
4934
7230
1040
2398
7692
4876
7682
8159
2379
2346
4551
2229
332
8060
2922
4294
36
6501
3771
5453
7416
6091
4649
1280
3977
7895
1073
6970
5465
2778
7895
258
2369
7135
3732
623
1941
5494
2765
7706
7227
4851
3849
5975
1040
7432
4847
28
3609
1073
180
5453
3495
7805
5070
4466
6195
8184
4044
1064
8057
415
6318
4649
7398
1899
2369
4499
2104
2791
1409
2127
1492
7551
8190
6876
5975
4058
5092
6047
6975
243
1934
5588
3523
6636
7800
5433
7754
810
3505
8166
7805
4496
4276
7142
6116
2022
1309
3499
4790
2515
2716
36
8187
5628
7253
492
2780
2364
5975
8187
6724
6438
7350
7643
7071
488
5530
7240
6334
3232
7567
1608
894
584
1344
5658
4866
3548
2772
3832
1608
6452
7048
2547
4643
4694
1055
5106
5531
3259
163
7415
2557
1289
6075
985
2030
2184
1930
2952
2128
3769
3232
5217
6948
3380
75
1326
5133
2351
1869
7054
7516
4845
4940
7362
3676
6183
1287
1082
2800
7680
3470
1084
6776
34
1940
7165
1266
5991
2000
2553
6614
1083
2978
3086
6898
7251
807
2962
3118
6630
4823
1865
4958
2063
5780
2487
746
7209
1492
4666
4069
6363
1149
1820
7214
5183
1463
6073
6911
1719
3446
7177
4509
3634
2077
7142
6439
2641
6527
1640
7001
3683
3760
871
625
7053
492
2761
1089
5169
4737
492
6877
5713
1865
3666
3571
7739
1521
7781
1534
5662
6264
7525
7805
8055
6858
7912
1401
5233
6220
1357
1061
1869
5931
3523
2849
3108
5457
3623
4339
4294
2557
5577
1970
868
5166
2030
87
7609
2753
6210
199
2972
597
2193
1493
1429
3325
2720
6220
4135
2585
4466
180
5931
2395
7650
6466
7001
2965
1551
4581
5898
4829
5086
2915
6892
3245
4812
7887
2679
2137
919
361
3988
7188
2276
1344
4823
5233
3421
5233
5114
838
3528
2751
2556
6170
7936
6365
5036
380
4048
2390
3617
3885
3197
6174
3560
1554
3358
7645
7437
2214
3096
3391
4345
6958
919
1132
6444
4738
6858
4466
2540
1296
3148
30
2175
4920
2820
4523
6217
1663
92
4740
2110
3617
6027
3303
7176
5636
6583
4339
7371
1997
951
5775
7890
4339
6437
5236
12
8114
2023
7179
540
2184
3901
4357
2941
4155
942
7125
2033
2694
1172
268
3164
2277
4292
4633
7739
2979
1689
1287
3405
3742
7591
1677
4082
3642
2558
5057
3513
3483
6275
2644
5845
2360
4273
7749
8157
7754
7990
4455
7814
1061
6311
4674
2023
4675
4776
2903
5853
5095
6583
1466
482
200
5840
3943
1513
1057
2783
4422
2283
2558
5605
6490
3394
461
7020
6121
3708
6539
5637
5133
3394
128
4281
2849
1869
3486
7963
3609
7782
4771
978
1057
651
7517
6861
2972
5686
5863
6307
1057
4634
7623
5637
4958
2675
2994
3164
4890
4310
2766
679
4199
6976
7041
3891
6030
2715
5446
863
3832
7723
4217
1039
6210
3284
5223
6719
4592
1721
1717
3974
3085
5233
4469
363
7990
4903
3505
7192
938
3813
2715
4810
8166
6995
1784
4843
4523
7754
493
6974
770
5434
174
5057
3732
3074
6608
7688
3974
6112
3124
2672
6222
5952
1986
6858
872
326
6119
92
6378
6636
5114
2226
4281
323
3486
1131
1073
4281
3459
6630
672
2905
2119
4741
4143
4851
4533
906
1729
1513
208
1449
7151
5302
7424
4110
2675
4634
6499
5811
7313
3528
7675
235
8177
2849
7286
2023
415
787
7071
7643
7176
5790
7442
6249
3391
8159
337
1009
4771
597
1535
3085
692
3771
7810
5473
3505
2193
6990
5931
363
3991
6501
4653
869
7623
1366
8177
6220
7166
7875
7623
491
5412
7512
4505
5975
8159
807
3161
7227
7726
7188
1466
6613
3976
7349
3394
2820
3523
7990
5673
2649
3394
6522
7831
2409
3859
1228
5233
1934
8177
4115
3504
1824
2080
95
5636
8048
5949
7913
7121
4194
7096
4412
3161
1488
889
2618
1934
7404
7054
2720
456
990
8177
3452
3108
3191
1552
3452
4285
7697
3503
2629
1414
4763
7980
1810
8191
1749
2137
2772
2850
5227
1042
6563
5236
3936
7405
3192
4879
2976
6204
456
3505
7754
871
656
3164
3452
3991
687
1075
390
6062
4368
6865
1459
1972
7064
7854
7755
7389
7520
6409
7299
651
550
4596
1522
4623
6656
215
5945
3317
1073
338
3277
5114
838
2179
2082
7425
2675
1931
5014
1316
1129
3457
266
1675
4741
7034
6263
5531
6438
1544
5762
1009
2211
6583
3795
1675
1818
832
2648
261
4340
1029
702
5058
5678
7835
1155
390
5209
1505
3849
263
335
3405
3244
1213
3510
4503
1818
8187
966
1556
2248
7592
6464
6829
6193
6649
4545
4353
8187
7214
372
1824
7924
2405
3631
1620
7570
4578
4334
5949
3636
383
727
1544
2378
7746
3292
4524
2285
1989
5672
6499
4542
30
1816
1913
4164
1600
2229
4858
2654
8099
7534
1248
4147
2271
568
2442
298
6820
7434
3716
7706
4847
8190
5739
4290
1277
2957
6417
6583
4348
7898
5283
7450
4237
5517
7344
5688
1415
7913
7384
5883
3796
5676
1885
3684
928
5461
947
4009
1513
957
4294
4521
2127
2862
6877
3229
7011
8064
4415
4339
3623
2741
651
2875
6483
6294
4634
4812
932
335
8046
7413
7699
7808
4552
4830
6122
1441
3576
169
3391
1667
6249
2753
2635
4109
2957
4464
5209
7090
