0
0
0
10
3
0
0
2
10
1
12
6
1
0
0
0
0
1
0
0
0
0
0
2
0
0
1
0
0
0
0
0
0
0
0
0
0
0
0
0
0
0
0
0
0
0
0
0
0
0
0
0
0
0
0
1
1
0
0
0
0
0
0
0
0
0
1
0
0
0
0
0
0
0
0
0
0
0
0
0
0
0
0
0
0
0
0
0
0
0
0
0
0
0
0
0
7
0
0
0
0
0
0
0
26
0
0
7
7
6
0
0
0
0
0
1
1
0
0
2
1
0
6
1
0
1
0
0
2
3
0
1
2
0
1
0
0
1
1
0
0
0
0
0
0
0
0
0
0
1
0
0
0
1
3
0
0
0
0
2
2
0
0
0
0
0
0
0
0
0
0
0
0
0
1
0
0
0
0
0
0
0
0
0
0
0
0
0
0
5
0
8
0
0
0
0
0
0
0
0
0
0
0
0
9
4
8
4
4
2
28
2
0
4
0
0
1
29
0
0
0
11
0
0
0
2
0
0
0
1
0
0
0
0
0
0
0
0
0
0
0
0
0
0
0
0
0
0
0
0
0
0
0
10
0
0
2314
2274
44
7888
2040
6993
1938
1996
1834
2933
2708
2318
1926
3084
114
444
2579
7104
3449
6743
114
6131
2946
4602
1894
5270
2299
1159
3100
3863
110
1057
172
4804
2482
4837
5142
2082
1389
4042
212
2691
4535
7647
4502
5073
1447
675
2130
3335
1255
6201
2723
7559
7875
6346
762
3893
6746
1397
5202
5631
4296
6776
6405
6572
598
1394
6098
6572
1064
2751
4467
2803
4502
6447
3330
5091
6669
1842
3445
7887
3109
7326
6179
5238
5007
5578
3249
5161
3629
6630
3075
5725
3934
2605
6547
3711
1790
6407
4823
1527
3014
540
37
1471
1580
1195
7371
6932
6504
4596
7705
4561
6293
1654
5611
5487
4820
6170
3668
1590
4437
7880
3976
3937
5033
2916
3300
4866
4675
1967
540
1185
7657
1437
1934
5503
1437
7676
3301
149
5052
3292
3292
1669
3936
8118
4805
3293
5999
1280
2086
1474
3638
7308
7880
7529
1429
3614
3318
11
6572
7054
8177
6276
1344
7071
7639
5359
180
6488
7778
988
7494
6189
2278
3092
731
2369
8091
1610
5889
4622
4896
317
7237
2054
3991
7318
3394
6872
6095
4903
4496
6630
4748
674
6119
6970
2082
6098
2585
598
6632
1870
7113
7319
3480
333
1464
788
4112
5575
7648
1606
1681
2521
6092
2675
1266
180
3838
6689
6941
3486
3232
5070
5250
1073
2720
1296
7041
7456
5962
5793
1313
5713
1522
980
3717
3427
758
3560
6605
2891
5838
2482
3551
7954
3075
1465
4659
7242
1250
2146
6092
3272
2629
7548
2465
939
7975
7378
1266
7880
6898
7704
4530
6353
1669
2705
5222
1439
3674
6651
6781
1051
1115
8185
1846
256
7687
4209
7804
4679
4005
3634
1527
5324
6200
257
2856
4939
872
5233
3209
3489
3304
6293
6243
678
187
1266
4879
3976
456
6985
572
8061
3877
1196
5395
257
11
7270
5132
7529
1064
1905
2186
6563
3893
3024
7704
6640
3310
5328
3963
5285
2949
6572
904
2633
3644
7643
3771
2457
4675
456
172
2128
8088
1266
7643
3008
4662
257
2535
1827
1934
6526
6407
3076
1659
6940
4944
4424
5970
2444
4232
4675
3505
4659
7313
830
6098
5142
5142
1185
3394
4925
2395
2585
4675
7639
1792
2193
6640
1064
4675
6785
1788
7062
6948
7142
7432
2973
5222
6499
7787
5585
6318
1266
1064
3008
464
8177
4925
6098
3029
6575
3771
6575
5233
7819
456
1045
5782
2186
6970
1344
872
4285
6407
4743
5202
4279
6912
3153
3130
1476
1710
4276
6941
7643
37
5658
2660
37
3991
4659
7461
6092
363
6499
7932
2303
6638
4702
2254
6894
363
3008
1266
904
7356
7880
1766
2547
4953
3276
2015
2577
7432
3209
7525
7142
4662
7880
6642
6526
3008
4903
2193
5784
1139
7805
5945
2156
933
4350
134
3232
6092
904
37
2751
7356
59
1266
6851
2608
5203
7113
158
3694
2587
37
1790
5114
439
118
3300
6098
894
5142
3452
3711
2820
2647
5938
4062
7517
4354
3164
6301
6575
6572
7270
3975
2041
4659
6463
1333
829
6775
3847
2013
1751
150
3380
6630
1288
5469
910
37
2019
3505
3452
2019
5142
2729
2252
7304
6941
3029
2049
5937
2324
7664
894
5446
4925
5865
1580
7461
5492
305
998
132
4067
946
5278
2346
4561
5445
3759
4675
180
4659
1967
3300
2159
1453
1011
2308
5865
1494
5942
8122
2753
5142
3991
1792
6970
2397
7171
1792
3991
3036
3452
2461
3452
2418
2009
1883
1200
3398
4635
4588
7500
4823
3838
2658
2545
2086
562
248
4191
2122
913
5741
2778
863
11
7004
7810
4056
1061
2193
1792
1027
2070
3991
3505
5492
5043
1009
6877
1907
7663
3769
1538
1424
8065
7577
8156
3430
4413
1253
6897
5786
7373
1998
7089
456
7880
6575
1344
7188
94
3857
7996
7803
6365
1792
2717
5265
4449
7520
2798
777
966
725
4925
6970
3008
796
830
7089
3763
6800
4148
8093
2186
7644
5142
1790
442
7880
6572
2356
1542
6485
4214
7407
8019
1721
7961
7859
5378
1516
149
6445
4916
6941
6098
7567
8177
3971
1344
5302
483
11
2019
3971
3008
6974
2000
6405
1934
1064
6911
7213
152
1143
7706
8066
1269
2442
3943
4374
3385
2428
6968
3751
3300
1266
2019
6092
363
3008
4675
4523
4866
3008
1266
7643
363
4675
1659
6407
904
6575
6292
4436
2991
1338
2897
4039
2978
1414
7155
5975
919
7418
4136
5882
6572
1266
6844
7004
37
3008
6301
3505
7461
5200
6911
7990
3965
4439
5093
1859
6572
540
6633
3592
2290
362
222
5694
4763
2244
7747
6756
3386
1899
959
1084
2783
2601
3325
6092
5503
1435
3394
6659
6572
6572
456
3300
3771
5142
7639
6252
7521
2976
5637
1511
1186
4858
1708
2148
4561
3364
811
6545
2286
7587
2248
2548
4067
4822
1551
2082
3965
904
540
6575
456
2186
1266
6301
3505
796
6575
2911
3629
1053
3377
7768
5198
6125
5007
4268
5954
4822
7844
393
2163
3364
6329
698
5028
4847
532
5509
5207
4879
5578
7004
1266
5433
2019
6911
363
6793
257
6143
4217
7415
1767
5052
3930
7605
7426
4947
3263
3252
3237
3823
2116
4498
2184
5946
7584
1703
1588
4485
5972
7133
217
7477
4675
5142
5957
540
1266
180
1394
4596
7398
7064
263
3115
5660
4230
2562
432
2012
820
1896
5909
7533
979
3691
1934
2601
7311
2986
1269
5428
2497
4718
1354
4538
3669
5762
363
7004
6010
7782
7415
3305
39
6847
3977
5118
5724
2357
5667
3588
3185
1156
6973
1976
4964
2155
8156
1231
1281
4341
5921
4475
5892
3610
2703
1289
2009
5904
3914
2013
4546
3824
2772
2780
1675
3117
3468
4097
5363
2534
135
5805
5226
3851
4165
6899
74
1954
3434
6422
963
4178
5293
6263
1634
6129
7722
3734
2806
2013
6756
7436
851
2153
6422
1762
2557
6932
2933
4259
347
3223
1730
5172
6058
2034
8083
4198
4116
2109
5103
5434
5227
3292
5445
1136
5293
2648
1478
3254
7530
5449
6760
6249
3999
4802
2633
6075
4906
5166
