0
0
0
10
3
0
0
2
8
2
8
2
0
0
0
0
1
1
0
0
0
0
0
1
0
0
0
0
0
0
0
1
0
0
0
0
0
0
0
0
0
0
0
0
0
0
0
0
0
0
0
0
0
0
0
2
0
0
0
0
0
0
0
0
0
0
2
0
0
0
0
0
0
0
0
0
0
2
0
0
1
0
0
0
0
1
0
0
0
0
0
1
4
0
0
0
7
0
0
0
0
0
0
0
25
1
0
10
6
8
0
0
0
0
0
0
0
0
0
1
0
0
4
2
0
3
1
1
1
1
0
0
0
1
7
0
1
0
0
0
0
0
0
0
0
4
0
4
0
1
0
0
0
2
1
1
0
0
0
0
0
0
0
0
0
0
0
0
0
0
0
0
1
0
0
0
0
0
0
0
0
0
0
0
0
1
0
0
0
2
0
8
0
0
0
0
1
0
0
0
0
0
0
0
14
1
8
3
6
1
30
7
0
6
3
1
1
24
1
2
1
10
0
0
0
3
0
0
0
1
0
1
0
0
0
0
0
0
0
0
0
0
0
0
0
0
0
0
0
0
0
0
0
10
0
0
7011
7474
4662
932
1669
7627
923
5171
886
6327
4143
5119
4602
836
2683
1789
7755
4413
7154
5172
8039
7614
5029
4988
7127
7210
1114
6932
2206
7323
4967
2749
4864
2688
708
7276
3611
3857
4422
7811
8151
3778
6522
5156
3355
2622
933
1430
5516
4329
261
6224
7217
1535
181
617
4085
802
3934
5139
179
7274
6861
4905
1551
1596
218
2538
1750
3543
127
3650
585
2341
5027
5722
4354
7143
3834
2354
35
4534
7704
6188
3002
7455
7243
7296
1376
3981
839
2980
4392
1715
1742
2735
4017
3284
199
5682
1799
6235
4854
5093
1831
4160
6187
7823
30
3510
3153
2932
5878
4352
6000
740
4050
2218
7893
3161
5255
3611
3728
2271
5537
3003
4154
5286
7121
6276
1656
5672
1733
2967
674
2266
179
5306
2470
6756
6063
6263
3930
4387
1453
7520
6411
2898
7486
5028
750
7119
4374
150
7546
4950
8023
7389
261
1322
7265
7895
6282
2791
5140
3132
2727
1285
372
6549
5012
7676
6675
5351
5433
7373
4570
3470
7900
3331
5503
3759
881
8046
48
802
2189
5629
47
5531
3475
7156
6871
1289
6535
3129
4946
5911
811
1029
1732
5504
603
1104
5444
6674
5997
5820
5468
4049
6972
7355
8166
7272
369
7642
1715
7495
2189
5465
4124
4344
6578
5193
2363
3987
2869
6663
7520
26
7398
2810
868
456
5678
3075
1642
1140
5522
783
6117
6363
598
2019
3066
6844
1282
4325
6147
2206
6308
6827
6187
4988
2683
7531
5230
5590
7389
6437
4264
684
2331
263
4637
2019
995
6349
3859
2395
257
2526
7626
6376
350
6520
5566
4823
7400
6330
4751
7154
209
5398
7464
7911
3688
197
2663
1266
3684
5332
676
7722
7243
8155
4879
5070
6937
4523
6960
1471
2553
456
7758
7166
346
5902
7406
2041
598
7941
5272
2573
7149
200
1600
1021
6369
2809
2049
2482
6297
7722
2975
2597
7418
6555
5421
6301
1527
3390
6292
3777
1228
1539
7355
6204
8166
7500
1266
176
6630
4266
7479
779
2791
354
6116
5352
7097
1449
6281
1029
1981
4020
1150
3184
6923
1361
1266
5863
6598
7353
8111
3141
3468
1243
4965
6572
8009
1784
4119
118
4866
4859
3980
1824
7587
5006
6915
5334
333
7323
7444
4534
4277
7396
1293
5595
7296
6464
5812
2273
3452
8093
3126
796
5588
4979
4191
696
4935
3886
626
180
7577
1324
7568
4596
5608
3470
4363
1230
1140
1685
8046
2178
2130
1439
7896
695
2557
4169
5749
6040
1527
5695
6673
7525
863
450
6176
5624
7013
1539
59
273
463
6947
7950
2028
6863
1600
237
3177
1512
4142
2634
5249
323
1234
3854
6351
7241
7897
3943
3983
2969
6785
2751
5114
2395
3012
6328
4110
423
3857
6023
317
1329
753
7934
1658
3872
6202
6000
7255
6714
2099
2152
5514
7885
3933
5045
539
1890
2466
1182
2772
3083
7686
7060
3099
7084
3258
3428
1613
4099
3775
7721
5529
3854
3017
4675
7931
3622
3648
4472
7155
2578
2633
7887
1105
725
2308
4294
3061
988
5374
3684
7617
8061
5878
2354
8184
4149
4199
1846
7755
5762
3346
507
1613
8166
4836
7177
31
5785
1499
6256
200
6922
6768
7711
1626
7661
1187
6745
1564
7275
7757
1700
1365
6405
7639
5672
1800
2939
3169
6667
6844
460
2208
819
5382
7500
7567
1657
5578
3671
1608
52
3847
5468
5027
4362
5877
3541
5027
587
3589
2671
1846
6522
7567
2030
6844
5421
363
2258
3711
5509
1659
1079
4899
1070
2712
7396
7657
5980
975
6673
5637
1784
8136
1791
1653
6724
4295
924
5292
6589
7893
1430
2558
6143
5080
6099
4191
5042
7355
1657
4455
8035
6988
3162
4010
7593
2535
8091
3208
442
4510
4260
4639
5377
7567
5125
7156
7040
2405
5833
5997
2576
2412
6877
219
2409
1076
1800
4455
602
7572
6596
770
7058
3698
5509
7192
2585
3283
598
6526
3291
2132
5200
7404
4096
810
4454
8174
7119
2937
346
4298
4129
6764
715
7852
4195
1411
5979
2431
5692
1239
7142
3950
597
3467
770
7318
1013
346
2431
2559
6911
7258
2612
201
1465
5728
586
4963
3282
4789
2193
8065
904
6827
6356
2688
4662
2778
378
7
2450
1374
5977
5970
975
2553
6920
6793
7225
7483
4382
365
6911
458
5361
3742
1856
1856
7210
1890
1784
4780
1493
584
3320
6307
5147
7447
7071
6407
6793
6789
1494
3523
7795
346
939
7313
7805
7810
5952
277
439
4062
1429
7880
2446
6440
2447
354
6361
4353
5079
5200
6969
4593
1649
758
7463
5265
4551
7286
5547
3524
4036
4722
3808
4675
1979
5970
2778
5821
6073
3711
6642
1753
2662
4060
4285
3168
951
4700
7121
1177
3762
6361
1048
614
4339
2430
2772
6721
1230
1812
6066
3777
1790
5566
1657
5487
3241
3629
975
62
5977
7810
2426
5980
3141
5452
7272
6485
988
4009
208
8135
5708
7177
323
2556
3669
7051
1415
4729
3128
6372
868
6353
2976
7992
1494
7843
988
4056
2751
2559
1934
7736
2710
8160
7378
7639
1165
3405
361
3621
3353
3405
7117
5695
3283
1335
3075
1613
7591
6176
159
1287
1490
6330
3324
5972
3645
3381
999
7966
5487
4879
6793
5584
1131
3991
8091
6369
853
2802
3487
3571
1820
3003
4872
346
1657
1552
3270
1551
5802
5891
343
7854
4222
5012
4751
1854
2489
3740
4561
6934
1620
5865
3277
1973
4777
5354
2286
7767
3821
4259
7398
6650
6863
2347
3459
7657
4897
5162
7572
2402
3487
1639
5376
8047
5878
6162
1965
7765
1136
2463
3427
8023
5896
6799
783
6568
2195
7978
6679
3684
6273
4245
2123
1094
372
4029
5114
1905
5138
1150
7113
1029
7279
2530
7755
2572
2973
6735
2915
7282
4649
1356
5145
2271
672
3974
1538
1512
7507
4353
8151
2916
6733
258
1435
1105
3740
6571
6499
6040
937
5236
4529
1597
4333
1117
6238
8012
48
2557
1293
3196
2410
7192
163
3252
61
7585
3045
2836
5531
5350
1767
3642
3577
261
1954
574
48
2631
