0
0
0
8
13
0
0
2
10
0
0
2
0
0
0
0
1
0
0
0
0
0
0
4
0
0
2
1
0
0
0
0
0
0
0
1
1
0
1
0
0
0
0
0
0
0
0
0
0
0
0
0
0
1
1
0
0
0
0
0
0
0
0
0
2
0
0
1
0
0
0
0
0
0
0
0
0
0
0
1
0
0
0
0
0
0
0
0
0
0
0
2
4
0
0
0
4
0
0
0
0
0
0
0
23
1
0
14
5
9
0
0
0
0
0
1
3
0
2
6
0
2
4
0
0
0
0
2
0
0
0
0
0
0
0
0
0
1
1
0
0
0
0
0
1
0
0
0
0
0
1
0
0
0
0
1
1
0
0
0
0
0
0
0
0
0
0
0
1
2
0
1
0
0
0
1
0
1
0
0
1
0
0
0
0
0
0
0
0
3
0
7
0
1
0
0
0
0
0
0
0
0
0
0
8
6
7
3
2
2
28
1
1
2
6
4
3
14
2
0
2
10
0
0
1
3
0
0
0
1
0
1
0
0
0
0
0
0
0
0
0
0
0
0
0
0
0
0
0
0
0
0
0
10
0
0
3079
4624
980
7844
3811
2800
3039
3684
3252
663
1861
174
6857
186
6058
2817
3694
1509
1195
3653
187
1755
2800
2267
435
5034
3497
7663
2545
5690
5542
752
3497
1492
7575
1580
420
4798
5704
6574
6383
8044
1163
4412
2954
2549
2963
2545
4726
4435
1666
4551
5338
3744
6781
4343
5873
8061
2573
6063
597
137
4478
3184
6168
4624
1182
4585
2935
4009
3405
4540
3262
4009
959
420
3298
2600
3079
7782
1854
7767
5150
7654
7636
629
4596
2817
3398
1249
5301
3658
4892
1155
8048
7573
3909
6346
7663
1767
4478
4792
2628
6545
1097
3849
8071
6654
3398
1884
1267
5864
5133
3368
6317
2075
6626
7833
7005
6317
7782
6226
3914
7229
369
6332
237
2123
3497
3322
1275
5839
5209
402
6369
6784
7039
6993
4734
119
5956
6693
1172
3108
3579
4844
5773
6794
4076
7912
1316
769
2004
1402
2130
7575
6243
2229
525
7172
3462
3684
2843
5102
7966
2672
1826
6703
5873
6112
2891
8108
3486
3156
3026
6579
6251
2969
4469
3845
268
4273
235
3932
2872
2926
3483
5909
2015
2686
4242
1521
5574
8095
3782
6913
2654
2665
7782
583
7443
7762
5199
3831
625
2356
2720
2575
6858
2720
6311
4639
5473
1850
4916
7081
4749
4249
3356
5542
5579
554
4880
2167
3668
5517
2641
4794
1732
229
6458
7507
4801
3170
2972
6858
1982
3300
6365
519
6076
6014
4749
3026
5804
1196
5672
3257
574
1646
4520
358
4007
5024
6215
426
951
4482
123
1686
4804
4763
393
6578
3026
602
2238
5938
7819
7819
2849
540
273
3760
7416
7272
1816
6501
1241
807
3277
2186
1074
3181
6346
7505
744
2903
372
7418
1588
3259
5531
2369
1721
2720
4633
6859
4738
380
7302
1061
7195
5142
1327
37
8081
6527
5913
3037
4199
4899
6778
128
677
4096
4600
1767
4478
5582
4504
6645
7823
7180
2466
2843
3237
7081
4592
493
5072
2589
235
6378
1724
2273
6539
1357
3859
6927
3664
7393
1850
598
6529
1172
3026
3005
2002
4667
2648
5159
2425
1873
2165
5035
2418
3876
2825
7248
1172
2694
493
2982
3272
3272
3197
6189
6990
4281
6501
3257
1346
1061
7819
2863
493
1366
994
3574
2419
210
3773
4361
1206
6889
4604
7321
4504
1765
2168
2292
3683
3026
7024
5042
2499
3669
2578
585
1025
456
2793
4199
7953
1025
2033
627
5072
714
3118
3495
1736
35
7144
4472
6440
2406
20
4934
1839
7153
479
4518
1061
2618
4045
942
237
7393
2631
4981
7858
6292
6851
2585
4843
6331
4411
5449
2863
7303
5420
4649
6332
6787
2105
7405
6549
1826
4533
4109
6473
6123
2436
5400
3118
6311
2179
3002
5761
1471
1622
5472
6407
1013
6952
6388
2033
6444
5036
5862
2194
6839
5800
5921
1513
5470
2686
7039
4261
932
6549
1206
3405
5249
2775
3257
5845
328
5692
5398
1671
3055
4590
4070
2358
7919
5133
4524
1818
2041
4866
7929
4000
942
6031
4499
4340
3304
6031
5092
6396
355
2750
1769
5247
7782
4075
2926
1138
2618
6098
5115
7362
999
4755
28
2922
3973
6527
7819
456
7195
1440
1989
5871
6545
3615
2467
6421
2001
920
1017
6683
2331
2690
6243
7570
2972
6405
7880
6466
627
7754
225
5478
5644
5398
6013
2000
1959
6712
3325
3397
2032
6529
493
1138
4913
2968
8143
7592
5778
4255
4543
1566
7494
6202
2150
1361
3170
1138
6886
6474
2033
2594
6467
2420
6592
7825
8186
3145
3311
3801
1366
6220
2033
2694
2965
850
5796
4240
4958
1931
6756
1173
2421
1819
4604
7788
744
6484
3349
6728
1905
3855
380
6630
7906
7001
1172
6318
2774
5800
6189
658
4801
3831
2849
6388
2033
2849
380
6529
4917
7547
2507
3572
5376
2799
4504
5102
2830
5501
4815
457
1671
1671
1327
807
3831
6439
4135
5328
6467
6527
5845
2663
5618
4459
4240
2033
1869
1869
6952
1401
7001
728
6310
4210
1679
1157
1021
7788
2509
2001
189
1882
3277
4528
3008
7631
5723
2033
2594
6072
6630
3008
6439
2823
167
7492
392
7381
6952
4801
4889
2174
4889
1541
3302
4366
5352
6202
6440
2935
3259
2028
3052
3191
7303
4815
194
532
2521
2926
128
5233
3801
6529
4768
493
5201
5847
2705
7470
6202
6823
3478
3136
1108
6393
4568
744
1732
5654
4245
727
6202
26
1620
2771
1854
7187
5227
4334
7008
3841
3294
2521
6939
5473
493
768
5420
5166
4534
372
2963
2984
7301
4202
7901
7236
916
6307
5925
6568
48
2022
5660
7454
6703
200
2830
4604
1140
1090
4042
4471
3845
2694
413
3683
4044
1869
8068
3783
4851
3732
628
2442
7642
782
3119
58
1153
829
453
205
2637
5140
7520
5964
7244
2726
7537
3379
5338
556
2513
341
5837
1682
5202
7286
7821
3683
7797
6329
416
2929
6144
5694
7747
387
3061
4424
3510
3161
4365
7591
3274
7575
369
7722
4849
355
4792
2467
5241
3074
25
3886
1859
8107
3617
4249
4899
2849
5036
472
2352
5365
3154
2741
5603
482
5364
3464
2244
4539
427
6355
200
3821
7227
1450
7121
6820
4329
1009
6571
186
2223
6233
7451
7716
4086
5487
3841
223
6220
741
2905
6222
6445
4234
4319
606
3092
722
3653
3953
3004
1841
7654
4812
1634
6912
2932
2013
4194
6656
4729
7494
3391
3435
7172
876
922
4873
1593
7525
2370
6118
369
3616
3333
6826
7092
6651
563
973
1016
7018
1782
7680
4067
4596
420
7893
2983
149
5265
5560
1105
2137
5975
5439
4561
678
5605
121
4419
4341
1016
7279
7463
4366
1443
6406
2930
5975
2470
7780
2853
3168
4515
5236
2989
5559
4540
2520
4472
4533
2817
5472
7767
7077
127
5933
7389
7788
6554
2209
1854
1143
6551
7573
3391
5768
4598
6396
635
2137
1534
4491
3843
5530
5112
2562
5654
925
30
6321
5921
7090
6317
1287
3368
2467
3773
355
3589
7823
4343
7188
4457
7793
7573
778
393
7806
6911
3512
2089
5507
1404
1042
4807
7321
2637
