0
0
0
10
7
0
0
3
10
1
0
1
0
0
0
0
0
0
0
0
0
0
8
1
0
0
3
0
0
0
0
0
0
0
0
0
0
0
0
0
0
0
0
0
0
0
0
0
0
0
0
0
0
1
0
1
0
0
0
0
0
0
0
0
0
0
1
0
0
0
0
0
0
0
0
0
0
0
0
0
0
0
0
0
0
0
0
0
0
0
0
2
4
0
0
0
7
0
0
0
0
0
0
0
25
1
0
10
5
5
0
0
0
0
0
2
3
0
0
2
1
0
3
1
0
1
1
3
0
1
0
2
1
0
2
2
0
1
0
0
0
0
0
0
0
1
0
1
1
0
0
0
0
1
1
0
0
0
0
0
2
0
0
0
0
1
0
0
0
0
0
0
0
0
0
0
0
0
0
0
0
0
0
0
0
0
0
0
0
1
0
8
1
0
0
0
0
0
0
0
0
0
0
0
11
6
7
5
4
3
28
3
0
2
3
1
0
18
0
2
1
10
1
0
0
4
0
0
0
1
0
2
0
0
0
0
0
0
0
0
0
0
0
0
0
0
0
0
0
0
0
0
0
10
0
0
6824
2635
3841
4998
7833
4263
7552
7011
1665
3465
1368
805
3186
8043
3361
7152
6691
1216
7248
4232
750
3885
7250
1432
5400
2346
2635
5516
3356
1170
220
4887
5567
7133
6290
3461
843
1241
1674
8048
5396
7979
1767
7939
2905
7210
6179
6996
3841
2401
7175
7435
3391
2243
2780
7219
1627
7985
3852
4255
170
4343
5712
2956
1074
4411
140
4339
5729
6876
1534
6375
4881
6274
5761
6236
463
1259
2072
2854
6346
4940
6983
3628
3186
7176
6365
5275
3863
5762
2107
6720
6262
1319
5731
109
5764
1998
852
7135
4604
5095
2686
2289
6124
1299
6113
1081
488
687
7758
5200
7525
7264
6691
7398
3636
4885
8152
3962
1584
5185
2358
3301
7891
644
4542
6824
4312
5612
3169
5787
303
2039
4003
4875
7856
2923
7697
2431
1694
3317
6809
5952
6692
5124
5952
5358
961
7414
984
6869
5672
8157
531
7755
4941
1795
2062
3155
1105
4037
808
4725
1915
6238
3786
2714
3214
5631
1827
3678
949
5446
7903
5564
6497
590
2519
4430
2457
3503
3839
429
6604
1068
5715
8190
5860
4692
7070
3167
1027
4425
3313
2107
4358
5119
7184
7400
2431
5104
2529
4676
709
5421
5080
7758
3965
6709
1727
5980
590
590
6601
1079
1741
5709
4482
3391
6540
5563
7692
3911
2789
5863
6257
3749
3286
6882
4769
4949
2879
3184
1734
6999
5200
1471
6318
3672
4253
858
7486
1469
4397
1347
5005
1229
995
5328
7149
3358
1217
4017
4168
7010
3565
7134
5649
5589
5443
1314
5806
6941
751
6809
1905
481
7486
949
643
7805
8106
5546
939
3363
118
7140
13
6894
7704
7572
7657
1582
1979
3790
2464
5347
7067
2698
5023
2506
2506
4942
4048
8186
3466
2879
3595
2976
5820
6430
1777
7332
4197
838
5453
810
1219
7934
4823
6868
7006
6738
3729
6270
5380
7405
4017
3113
5849
6733
7744
3819
5054
3045
5922
5720
6673
2799
7378
3865
3486
2553
5572
7076
2982
5218
6598
6960
7895
6580
5566
2064
1296
7098
2446
2302
7171
4609
4731
7976
5861
2565
7295
7286
7992
5023
5438
7842
7799
458
5578
1242
4693
7217
1296
6940
1073
6514
7374
3711
3390
3272
1881
6547
5936
5375
3066
4562
4700
4504
731
5951
286
1472
3492
60
4737
7543
6551
5014
3966
2304
1662
6224
2675
5104
326
4769
3394
2473
1368
5834
1374
5952
4197
2615
770
1744
7330
3729
1536
5259
7244
1847
19
6785
2902
3316
5734
118
4879
7140
7102
3317
626
7895
7225
810
6668
1973
7785
8019
3421
1453
1352
1844
1905
153
1694
7805
2431
4766
2741
5255
3598
8110
3087
3922
7948
428
285
168
4748
326
118
2019
1744
129
4152
7577
3913
5938
2894
1990
3108
5273
98
1431
2396
6673
5351
2770
553
5829
1965
2252
2780
5443
5518
2544
6934
5425
6591
5001
6921
8082
5258
5135
810
837
1
1635
2716
5762
5761
72
1869
7924
2662
3192
101
3594
7704
8082
2559
6971
6441
6020
7176
7951
5583
4084
4362
2386
7317
3701
1973
7317
4430
6567
5980
80
1329
2070
4217
1350
7171
4662
8091
8073
3854
1978
6264
7483
1461
6349
3452
459
3838
4778
1272
3345
8181
383
6662
4678
2225
2585
6704
6891
5957
7076
5231
3232
3538
942
4510
6065
5785
3265
904
2076
2973
7192
8111
7572
6561
3819
1305
3198
3978
3732
7186
3199
4627
5704
5578
4823
1968
4633
4919
3672
2340
7847
6499
972
8106
1021
1131
1290
4958
1213
6092
2395
552
4010
150
2000
5064
5952
1112
5834
5753
5451
6650
4026
3319
1479
176
4676
3426
2787
5743
2427
4903
7548
7501
8185
5894
6736
6868
7810
8147
3251
7623
770
7835
2792
5783
6561
4014
2172
3489
7356
7318
1733
7740
1888
3319
1554
8168
1992
5124
2844
3283
1790
6825
5328
5940
1571
669
656
6526
4379
904
3644
5478
5992
5001
2682
4993
5274
2647
6138
768
7648
7810
7239
263
3723
3984
6728
2389
5935
5231
6673
2427
2897
6809
6692
995
7734
838
3467
730
5956
132
6596
4052
4678
4258
5522
1229
4680
5114
3183
313
2475
6073
6020
4926
2565
5518
7924
3061
4649
7931
2908
7681
6325
1704
540
5848
838
2360
4423
5188
3646
326
5793
476
6209
5040
7815
1461
7521
709
5125
2550
1276
5100
7207
1274
1392
5518
3078
6036
2156
6905
6754
74
2170
3780
2770
5037
1352
1640
6129
5797
6601
1657
3489
6091
5358
7240
709
4073
2187
3069
7356
6441
4294
7421
3605
1522
7048
4592
6717
5780
4579
3563
5699
2291
7797
5865
2507
1707
7994
4676
459
6561
326
1844
7319
2145
4823
3695
2550
5366
5940
540
1637
2554
6604
328
7791
7065
7794
6290
7867
477
7260
6887
1788
2598
6272
3291
4933
344
7317
350
5
6561
1555
2366
5834
3141
6161
3011
6633
7687
5008
6931
1389
2209
1167
6877
2581
3573
4287
4677
2253
1434
4805
6569
8016
735
985
3066
1477
7251
961
4928
3446
6754
5289
3820
1515
1358
642
2673
386
523
609
5612
8043
3992
7
7038
8151
5863
134
909
7394
2997
6023
4717
3804
628
6272
2993
4676
2990
7697
7572
7374
7538
5289
5809
8082
4780
7867
1965
7851
933
2105
7143
263
4489
3911
1613
6761
3209
786
1368
69
3765
1562
5573
1838
4003
5936
2386
3270
7735
4890
3971
2982
8100
1628
3865
6091
5276
5576
7617
5762
1164
2308
7029
7827
1040
5896
1319
3541
2662
5566
433
4571
2951
7886
5140
1702
4911
7622
6756
4118
5332
7624
551
4620
2756
1326
5617
5585
2630
8048
1048
297
3790
255
1818
2483
4070
4291
16
1029
8034
831
1955
494
1768
6557
906
3360
7681
3383
5984
3353
2972
6611
1880
3732
3442
4426
740
3196
6824
5833
2787
6054
1607
3120
4093
6040
7617
5662
1792
6075
3962
3475
6884
2979
6907
3360
4579
2836
7366
1134
2487
5183
2248
4111
36
2226
3864
1988
3196
3167
2459
7070
6983
2283
2753
3513
889
6039
4468
1598
11
5890
482
933
