0
0
0
10
10
0
0
2
10
2
5
1
0
0
0
0
1
0
0
0
0
0
0
0
0
0
3
1
0
0
1
0
0
0
0
0
0
0
1
0
0
0
0
0
0
0
0
0
0
0
0
0
0
0
0
1
0
0
0
0
0
0
0
0
0
0
0
1
0
0
0
0
0
0
0
0
0
0
0
0
0
0
1
0
0
0
0
0
0
0
0
3
5
0
0
0
5
0
0
0
0
0
0
0
29
2
0
9
5
9
0
0
0
0
0
0
3
0
0
0
0
0
5
2
0
1
0
3
0
1
1
0
0
0
2
0
0
0
1
3
0
0
3
0
1
1
0
1
0
1
2
0
1
0
0
0
1
0
1
0
0
1
3
0
1
0
0
0
1
0
0
0
3
0
0
0
0
2
1
1
0
0
0
0
0
0
0
0
0
3
0
7
0
0
0
0
0
0
0
0
0
0
0
0
14
4
8
6
7
3
33
3
0
5
2
1
1
25
3
0
1
10
0
0
1
1
0
0
0
1
0
0
0
0
0
0
0
0
0
0
0
0
0
0
0
0
0
0
0
0
0
0
0
10
0
0
2958
2958
2958
2958
2958
2958
4651
2426
1971
4800
1238
7940
1209
7622
4623
5731
1613
531
3120
4896
3443
3816
4590
1830
7844
7980
4759
3809
3464
5561
4140
5143
348
5579
2066
6135
411
5661
5661
7419
6218
7160
5735
7980
2777
3220
7013
2272
2105
5143
169
7877
3443
8048
4372
5862
2229
61
8021
3809
4029
128
7940
5762
4809
6354
7063
1672
5798
2066
4475
4475
1209
847
457
1900
6253
2632
2777
6384
1209
1011
1345
7121
5833
5731
4830
896
3329
1979
3589
6633
2612
2385
5735
705
372
2679
460
1929
475
6828
6796
6677
3240
6384
522
12
4160
448
2544
448
3483
3220
3207
3494
5250
7121
1716
7207
437
7059
2276
4505
7582
109
1907
4229
1852
1280
5833
7491
1395
3196
423
1345
3038
5664
7901
2676
5874
1999
6263
7691
1760
310
1062
5664
6384
7940
4233
4888
5000
1570
12
6195
4074
6137
4415
5279
783
5168
1534
87
3299
2459
7827
1716
6272
3965
1564
6796
3405
7940
5801
2949
5232
61
1105
3153
2015
1631
3586
2938
4293
4475
2343
348
5322
6361
2831
6847
684
3299
7445
8
731
6193
684
2935
6384
3004
5975
2799
4060
348
5167
394
7451
434
4538
87
2684
2916
6193
5558
4164
6796
2339
6796
6796
5149
3680
574
727
606
6384
7419
5798
2066
3401
1344
6384
3600
7916
4332
1107
6271
1565
1089
1269
2154
679
6130
6130
632
2175
5279
2676
6384
1209
7484
2343
3413
2308
556
2679
6263
5798
631
631
559
1244
1774
5244
4892
4492
1401
1346
3707
6619
6148
2685
5394
7303
380
1401
2194
8068
4569
4718
785
5579
348
1331
4194
1699
332
2442
4202
4475
6135
3389
1620
414
348
7013
896
2563
4815
3026
6331
2775
3571
4528
7037
2179
6331
1682
4469
3473
6818
5595
2958
897
4475
1478
7393
7180
3414
1971
6384
5579
5220
1944
7183
2987
4594
2285
2479
386
3444
1963
1346
7004
3143
126
4330
7964
2389
180
3294
6682
6818
1774
8025
6320
6227
3470
743
4017
8103
4634
3207
4475
1852
6041
3477
6791
6677
6679
2253
6839
4944
3624
1757
586
6066
2184
3656
8
4571
3810
5931
4899
6929
2316
1709
7872
6202
3668
2409
8023
8103
4881
2948
7872
1821
601
6791
5928
7781
2555
1979
679
8068
7964
6619
5540
7467
7777
6926
5167
4295
6474
679
2253
6630
1061
301
1767
1243
4111
1209
2226
8023
4017
5332
1817
7596
211
4202
2676
3916
3707
6990
2911
6365
3965
3140
2987
3346
3728
3482
7524
7829
6072
4944
7303
1366
4469
3421
4738
7790
6092
6635
5662
7435
109
6877
5536
4594
4609
2066
1836
3585
3261
3707
1963
6331
3049
2649
7861
6444
7811
4979
5806
6995
3792
6911
2766
7171
6076
2033
3517
2377
6276
3220
559
3492
2675
2540
5798
3389
6135
390
2285
3585
4348
6437
2715
7912
3277
4027
3421
4623
6444
2684
5116
2720
985
3258
4583
7953
3191
5862
1196
7872
1032
6796
2773
6121
7451
5343
5428
6791
7901
3389
4475
4489
1049
4448
2057
479
5499
1193
1430
5831
1020
3155
2586
1004
6024
5924
2242
6572
2575
6858
5234
46
5798
4735
1279
2648
1866
5714
5798
5579
631
7246
4261
169
2410
2401
4469
2281
5658
6595
2341
5112
4432
5453
494
7976
75
6331
1366
5350
504
5602
1784
4651
2736
348
5643
5754
7622
310
1849
6417
2513
5735
5398
369
8107
1061
128
6024
6099
5793
1204
7633
3523
4453
7303
2454
5913
6883
2292
3339
3197
2838
5129
7344
4270
5214
3220
8000
4183
705
7435
5133
1473
5833
3196
5800
4469
1346
3760
1357
2717
1064
5913
8043
6130
1913
7880
2194
4080
2671
4469
3277
2668
450
1672
1824
3747
783
4082
7223
5129
3962
254
3120
61
3667
1103
2272
75
3760
5126
994
3049
3452
2194
6301
4811
5545
1963
7755
2715
4639
519
6034
2343
4475
825
411
5778
3222
783
7223
2325
1917
4429
727
1775
3158
5292
1595
3099
3434
3318
4806
6883
4524
6121
3008
4815
2956
519
4944
3536
4769
4623
1949
1774
1787
5801
4644
503
1118
2799
392
6795
7076
3585
229
6137
7180
7491
1944
5430
593
5924
6444
2863
5461
7416
679
3841
3318
743
6444
4899
235
5133
5279
7673
5220
5279
5459
1699
7419
5821
595
1880
5791
7363
4081
303
7424
684
4628
7344
3006
7085
586
4815
5853
1064
4354
4699
1346
3813
7081
301
1479
340
4796
6548
7451
5385
5997
5664
7940
6281
6255
3232
3816
7419
5623
3240
3453
4262
3625
1939
7451
7596
1206
4710
7722
947
7210
6393
3673
1437
1073
7493
2678
5436
5715
5798
7506
288
5436
7416
722
1037
3911
5643
5129
4341
7451
6262
8081
4940
4861
83
4718
2806
514
1698
7615
604
3673
4237
5129
4340
5292
450
4796
6553
3625
1037
1217
3542
6735
116
3220
3123
606
7484
8025
6553
5821
5767
6342
2110
7085
6407
2109
6303
1774
2958
2958
7790
7673
3001
7500
3867
1038
1988
3682
3225
7940
4100
5365
2066
46
3220
3188
209
348
6737
6384
5279
913
1939
4027
744
1776
4643
2246
8030
2831
4164
5214
631
7063
5428
1699
3377
5324
7451
1740
4900
4341
1488
5798
6796
1209
5579
1664
4492
5661
2369
4735
7134
4263
7582
7615
2066
8121
5762
5801
2968
2736
308
1688
998
4202
3220
5077
1129
906
5779
7898
1030
4618
7093
2851
1425
1748
2343
5579
6076
6384
4878
7518
5356
6588
7451
283
4753
869
418
45
6791
3220
4475
2343
2784
414
4763
5650
4876
6137
5517
1041
5619
541
8064
4237
7419
6384
4857
215
7405
6796
8121
4263
2254
4091
3220
1048
217
7063
3996
2796
3625
8025
6677
4475
5220
7246
7716
2958
4475
6066
2950
2541
7223
6384
6660
457
960
7468
6384
7926
5013
1774
6667
999
3542
2806
3349
5733
575
5412
411
6307
4120
3477
3389
7223
4707
4120
5661
2066
5643
7229
5149
5019
4522
7434
4712
6770
852
960
3240
4568
5798
4475
