0
0
0
9
12
0
0
2
10
4
9
0
0
0
0
1
0
0
0
0
0
0
0
2
0
0
1
1
0
0
1
2
0
0
0
0
2
0
0
0
0
0
0
0
0
0
0
0
0
0
0
0
0
0
0
0
1
0
0
0
0
0
0
0
1
0
0
0
0
0
0
1
0
0
0
0
0
0
0
1
0
0
0
0
0
0
0
0
0
0
0
2
2
0
0
0
15
0
0
0
0
0
0
0
23
3
0
7
8
6
0
0
0
0
0
1
1
0
0
4
0
0
2
1
0
1
0
2
0
3
0
1
0
0
1
0
0
1
2
0
0
0
0
0
0
1
1
1
1
0
0
0
0
0
1
0
0
0
1
0
1
0
0
1
0
0
0
1
0
2
0
0
1
0
0
0
0
0
0
0
0
0
0
0
0
0
0
0
0
5
0
7
0
0
0
0
0
0
0
0
0
0
0
0
11
4
8
3
4
3
24
3
0
1
1
2
2
25
0
0
0
12
1
0
0
2
0
0
0
1
0
0
0
0
0
0
0
0
0
0
0
0
0
0
0
0
0
0
0
0
0
0
0
10
0
0
4340
4716
5024
5193
4492
5537
1105
4478
3876
4570
3464
7497
261
1067
7575
1275
7028
1598
1752
3322
5494
5028
4134
4151
2470
1709
7575
4291
2671
8004
4882
6880
5715
7980
7070
1023
5385
6321
727
5731
3364
7642
2130
4880
5227
1997
959
5710
3405
2419
2130
7642
4315
5028
3702
1534
4934
1415
2105
2106
4251
6227
3358
6569
1270
7187
1767
7418
3006
7887
4340
6906
2470
7887
920
3708
1869
938
8021
2328
1443
28
3742
1769
2593
8013
1452
7180
4716
7408
1275
3702
2791
2130
3642
7405
3326
8023
6722
508
5236
3391
7849
4009
4880
1441
8114
4469
2715
6839
1061
7821
6640
6331
7081
5962
6210
2772
4565
369
261
5232
4504
7592
1997
3497
5833
2271
7882
3469
2894
2002
2558
5534
1046
4175
4971
456
7004
3753
5527
7303
1642
1486
7079
2720
3538
7299
7990
194
1182
4093
4812
7910
7779
6989
1680
2063
7827
4491
1767
853
2825
5364
5777
2419
2410
6176
4699
7912
4310
3838
2112
4571
1257
4469
6451
8046
3263
2720
3263
1076
1486
2199
7654
7642
959
1395
783
2509
3480
4504
3541
2130
4340
7782
7061
7012
139
4738
1139
5804
1073
7810
2586
4571
5764
2194
5853
6937
6898
3314
2601
4005
2082
6990
8073
3821
671
5715
2130
8138
3876
4291
7583
7640
4151
3969
946
7640
2049
1064
95
584
3505
1934
1465
4359
6839
507
831
5736
6030
7166
5430
6121
8023
5678
1671
5484
2679
7408
2558
6864
1029
7827
5476
7441
7437
3464
1709
4934
2154
2281
8111
1471
4379
3792
3858
2184
4840
7752
7445
6960
2395
6520
5005
5567
3099
1527
7171
331
3025
7180
4261
7426
5731
5997
3213
1312
5364
2679
795
7575
75
456
7752
6649
6979
277
7905
7737
4214
7923
1892
2184
8166
7964
4070
1905
7304
8073
386
7416
702
6906
3732
1534
3398
482
8143
6756
8121
8021
1600
663
4733
4944
6167
7964
3066
1999
1442
6746
6553
5489
6123
2788
1133
5217
968
8046
519
507
3452
1385
2244
1448
3469
7575
3909
7788
6553
1224
7908
4604
4504
149
6016
6839
1366
1972
765
968
4554
7013
2941
3159
704
6698
1011
3526
6099
1905
7618
5309
3664
8046
2106
3909
3647
7012
8103
450
600
4569
3443
295
2975
3495
1357
4285
4426
2006
457
6065
6752
4815
5804
1193
4352
3575
3832
5921
7136
1346
1366
4743
1527
4092
1997
2626
7845
5998
4735
2907
2372
7910
5385
5288
317
380
21
7754
2298
3448
6073
2863
6474
6137
7393
2578
6386
338
2601
2802
1196
2006
194
1076
4426
126
679
3134
4067
1534
2057
5232
1319
6320
3682
5903
7572
4823
1064
2112
6220
3729
968
2662
5126
4481
2006
574
6303
6948
4858
3962
7477
2595
3113
625
3932
6034
235
5913
35
4261
959
5292
5214
6320
4651
2154
7303
21
1401
2011
1471
6937
2225
1662
6810
3849
5842
4618
4232
5332
5020
1472
2601
6595
3394
6572
7752
4911
725
1435
7575
2470
3589
3541
1621
5112
6227
2867
7081
6365
5672
3711
2939
5142
4496
1465
504
5420
2949
852
4749
2444
2544
2649
2395
6098
618
7953
4481
584
770
760
1532
7494
1607
6974
5048
2648
6421
7453
7567
2956
728
415
3013
5446
2532
1344
2396
2557
933
2273
1850
997
2471
6976
2193
8166
1905
5837
1000
5806
4743
1327
6162
7956
7089
5843
7781
3098
4385
4201
1316
2585
2863
2050
6449
4050
975
4358
1646
6572
6948
6224
995
5199
4209
2720
6334
3523
3771
3318
2049
5952
4662
6181
4196
11
7353
121
4887
7413
1279
4342
677
1207
975
8092
1973
4916
3885
3831
2863
1642
6098
2193
7195
1646
2033
3155
6376
3164
2647
850
3191
7785
5172
4619
2496
4197
3481
215
5767
4472
7344
1452
7567
7929
2308
4003
3832
2110
6388
4749
8068
7041
7515
2461
5499
2849
1138
1061
3669
1243
3318
3838
7041
7639
217
3579
6201
5249
1090
390
259
4270
7160
5292
7717
3198
2082
4783
1356
7353
3859
3658
4356
3486
4748
842
3029
938
5938
5473
5853
5784
6220
6073
3557
2225
6121
6886
4736
7887
7196
1224
994
194
7246
4475
2777
7041
6121
3538
3538
1650
1401
7831
217
4182
4177
7387
7515
618
3118
5760
4791
3707
6263
3024
4916
7924
705
6883
2471
4507
472
208
2253
7516
7484
5436
6791
5798
3386
2555
2716
4310
1494
4815
2023
2965
5056
235
5637
1613
6040
328
3792
2836
3032
540
760
7178
7154
7831
1850
37
631
5805
5109
3209
450
3541
5982
5112
4609
7717
4736
1900
3986
456
2787
6375
1934
4703
3669
456
3452
4643
5540
276
2059
6632
5690
7861
4232
1613
6014
2591
914
2856
631
5112
7405
170
5661
1836
5288
5279
2175
1972
7785
75
3349
6673
2649
2532
1241
8177
5509
3965
1057
1151
4912
5423
6927
123
320
7393
4199
4002
2541
6635
5661
4237
170
1824
702
4150
7788
2603
3821
4716
5408
3576
7378
7154
964
2727
2956
7880
1358
3443
8023
6121
8107
1682
507
1546
5176
8089
3455
3586
7564
7153
5214
5214
4952
369
4340
5664
3707
4439
1346
7819
7234
675
5833
7722
481
2254
1105
5185
7827
2843
1989
139
4350
1346
7785
1076
1979
297
5761
5931
7518
5551
3068
7230
744
6737
2411
5853
7831
815
3421
266
6740
4153
5454
2671
7279
5172
2894
2370
4392
6649
994
1440
7292
4330
5853
97
2194
6331
6301
5862
4358
5530
3959
4950
2271
5507
7717
2594
6444
4469
7059
180
3452
4119
1949
5037
3024
2665
5896
5176
6276
8103
5128
4836
1465
6976
4119
6013
373
5761
4806
2252
625
4229
5266
1925
3561
6417
8019
7885
1327
7079
3697
2863
3813
2461
8166
4866
2685
6082
6095
2179
7353
4973
6990
4815
1465
5658
3192
3197
7493
4749
6121
2033
7416
904
4343
295
1084
3782
3254
440
8107
3300
5350
24
7563
7493
6979
3434
3841
1046
3257
7563
5302
4668
2229
625
3008
2027
1243
8046
7234
7134
4070
2715
7620
7785
