0
0
0
10
12
0
0
2
10
3
5
3
0
0
0
0
1
2
0
0
0
0
0
1
0
0
1
1
0
0
0
1
0
0
0
3
0
0
0
0
0
0
0
0
0
0
0
0
0
0
0
0
0
0
1
0
0
0
0
0
0
0
0
0
6
0
1
1
0
0
0
0
0
0
0
0
0
1
0
0
0
0
0
0
0
0
0
0
0
1
0
2
1
0
0
0
8
0
0
0
0
0
0
0
22
1
0
10
6
3
0
0
0
0
0
0
2
0
0
2
0
0
6
2
0
2
0
2
1
1
2
0
0
0
2
0
0
2
0
0
0
0
0
0
0
0
0
0
0
0
0
0
0
1
0
0
3
1
0
1
1
0
0
3
0
0
0
0
2
1
0
0
0
0
0
0
0
1
0
0
0
0
0
0
0
0
0
0
0
5
0
10
0
0
0
0
0
0
0
0
0
0
0
0
10
4
11
2
4
4
27
2
1
1
4
1
3
21
0
0
2
10
0
1
1
2
2
0
0
1
0
2
0
0
0
0
0
0
0
0
0
0
0
0
0
0
0
0
0
0
0
0
0
10
0
0
3793
7330
7281
3598
1821
4926
5035
6131
5492
2628
5704
6847
7053
7337
930
3487
5521
7401
6608
2023
6220
5487
3236
3440
931
6925
3636
2960
7337
1554
36
6562
320
6214
7894
6253
3950
3457
4350
7610
2802
4095
4095
4457
7803
5405
6263
6220
2033
2965
2033
4281
3505
7089
2594
6220
1449
3695
1768
7427
2196
5896
2976
7856
1020
4777
906
4047
4525
3044
4632
4786
7279
4217
3870
4046
2802
7125
5784
3029
3294
7302
2594
1869
8089
1061
4044
6339
2154
2351
6144
2228
4967
740
6175
2131
263
159
6536
501
7851
2548
3544
7053
5187
4905
1951
407
2618
4044
180
3452
4135
6527
128
4738
3965
872
6444
8114
7004
4469
3894
1768
6106
194
423
5226
3510
5118
1404
3367
4985
1794
6263
75
1138
2710
3743
7136
6527
7020
3024
975
7639
4135
4523
1025
770
2006
2618
2186
3380
2618
1449
6199
3229
1095
8093
2194
6895
2904
457
4037
277
1716
6388
3029
6630
2618
1344
627
6388
1869
6130
4903
7567
422
2457
2611
3771
2556
4481
3859
11
4469
2380
2167
6116
4505
1536
7243
3598
184
3870
650
4985
3170
7004
6572
7639
4466
3178
2618
2727
5473
3024
3380
6844
3232
507
7810
4791
4276
2559
4481
4466
5924
2643
5006
5006
4643
5463
6871
6714
4703
4602
4543
757
3536
5962
3452
1662
5139
1064
7081
5931
3024
6098
7932
1934
2051
2889
914
1978
6348
7810
1061
5602
6529
8114
6365
3553
7244
1040
3277
1512
7151
4444
1825
1462
4160
1486
3634
5104
914
466
6292
4528
4177
2193
296
643
6356
7117
7015
2986
75
6466
8107
319
2720
6970
380
2116
6122
3247
6294
256
3196
4950
6263
4469
5233
2618
1196
5133
5276
7781
3993
73
5233
2082
938
2892
1466
2675
7884
2535
2116
6952
2033
871
380
5233
6466
7992
6353
4330
3162
2916
2922
2248
6388
6987
8177
7142
2965
7416
3598
5160
2223
370
5072
2194
3669
1724
3413
159
2178
4424
4659
2618
3008
4749
2595
3831
4659
464
7749
3608
4017
4858
28
1021
4135
6883
6092
2193
1266
1340
1003
4699
2618
5784
5233
180
1869
7754
6940
6437
1228
6474
4439
7195
5473
6251
2299
4135
6529
4879
155
6851
2354
6441
3320
7214
380
3859
4811
6220
1366
7912
932
6014
1869
6858
4639
2019
7577
2504
7814
4466
1437
4780
7020
4659
5837
1788
4101
7688
627
7867
7290
460
4987
109
8135
715
3801
6130
1486
4135
3008
1963
7486
1061
2965
4044
8177
3008
6839
6883
4466
5845
7643
4699
370
2033
6529
75
1138
871
7456
3194
1512
5742
5624
5376
3386
508
731
4135
7054
6970
6892
7020
6339
3859
243
2685
380
6014
5669
4281
2849
2178
3644
5070
3394
4188
5199
2594
6220
7300
2032
4182
2951
4694
1767
458
5403
1965
4852
2863
5845
5233
3976
1657
1967
2631
2608
6365
6640
6941
1139
3280
6529
4240
7643
2956
1196
6013
7004
2867
626
3991
5830
2247
1541
593
8152
1596
574
7887
756
4412
5845
3801
627
2715
4551
5278
2154
7020
1994
4675
7004
493
4358
7142
2578
4459
7912
1865
6331
2033
5514
6023
56
8129
3077
2419
1105
2554
786
5225
7749
836
143
3714
4608
1448
4325
7125
3831
4276
5233
7880
510
8177
456
5142
4454
3421
1064
7004
7929
4044
8152
7306
2632
1366
4060
7823
4561
4077
5242
7852
541
5149
1650
3553
7401
5705
5156
6466
1172
5637
5672
7142
6092
3859
37
6575
4523
1657
2253
8177
1366
2594
1869
4316
3380
4345
1110
7318
6073
7784
1087
6926
1232
6074
3350
7098
2404
1917
1183
8114
37
4466
456
118
8111
3730
3528
5647
500
894
2431
7041
5058
4743
1486
707
7534
5649
380
3448
6202
3668
1468
6926
1839
2152
4426
484
1581
2252
4950
938
5845
1139
6378
1073
1296
6386
2164
1046
1896
3526
1131
3965
6941
1486
7748
4030
7766
894
2166
4700
1767
1989
6531
2544
7079
1241
4353
208
6778
7587
820
4350
4738
8114
5233
1973
872
457
722
7675
7745
967
406
5962
5924
677
1366
4258
11
1010
2836
5173
1979
7415
2677
6895
7902
527
4533
6843
7195
3515
4441
7020
4469
3008
5962
627
383
4840
747
3832
4273
5739
3318
7912
4466
268
2033
7020
6189
1064
5784
1466
7704
4842
3740
343
263
4126
534
6895
2548
1009
3170
5784
1869
3108
7880
2019
5258
6365
4572
3742
3515
6407
7142
5233
904
3380
1869
4044
3801
4285
3007
2231
1334
3530
184
7957
7852
5430
4546
2529
4217
1241
4801
2618
5233
2023
3711
7664
7432
268
2164
2194
1784
5233
268
6630
2194
2720
2033
1061
73
3566
6019
6175
1970
6645
2300
126
676
2552
1508
1219
5031
8048
1434
7486
4783
3380
37
456
3760
4188
2720
904
1869
2287
7020
1139
7819
380
2451
5199
863
7333
1076
460
4152
3143
6439
3474
2556
6114
4738
7623
174
266
951
5473
6388
4135
1327
3523
2685
3855
2594
7990
37
268
6579
7486
1228
273
4281
2391
557
1118
4662
6630
7821
679
1196
5233
5938
1659
2934
4836
5862
3259
1003
4998
4076
5784
6858
6311
6529
5400
4044
4197
7990
2823
3831
5072
7776
627
1869
2965
6498
6405
4622
852
7085
7934
4295
2401
6883
4418
212
3588
1441
1137
3847
1600
1760
2618
677
4801
5420
3421
7192
6844
456
1967
3845
677
7990
1172
2281
450
2631
932
1296
2677
219
3991
5302
6339
4172
5545
3047
1767
3732
1522
3115
7861
35
4830
2715
5499
4675
3777
4675
6030
1061
6388
3049
2594
2649
1263
3002
1156
3066
3600
1886
5547
2478
2986
3966
1869
5804
606
5594
6839
4099
3010
643
1293
5813
3993
4412
7211
6990
6114
5233
4699
2720
1963
497
3001
39
1414
7490
5803
4261
390
5005
6447
575
2894
2164
4523
807
2135
4214
2402
102
418
2856
8045
3950
6176
7343
7086
89
2594
6529
3760
1869
7355
2354
1565
6249
1917
4735
4467
1662
7021
6027
6218
5275
