0
0
0
9
6
0
0
2
9
1
11
3
0
0
0
0
0
1
0
0
0
0
0
3
0
0
1
1
0
0
0
1
0
0
0
0
0
0
0
0
0
0
0
0
0
0
0
0
0
0
0
0
0
0
0
1
0
0
0
0
0
0
0
0
0
0
0
0
0
0
0
0
0
0
0
0
0
1
0
2
0
0
0
0
0
0
0
0
0
0
0
1
1
0
0
0
8
0
0
0
0
0
0
0
23
1
0
11
5
4
0
0
0
0
0
1
2
0
0
3
1
0
8
1
0
2
0
1
0
1
1
0
1
1
1
0
0
0
2
0
0
0
0
0
0
0
1
0
0
1
0
2
0
0
0
2
0
0
0
1
0
0
1
1
1
0
0
0
0
0
0
1
2
0
1
0
0
0
0
0
1
0
0
0
0
0
0
0
0
1
0
9
0
0
0
0
0
0
0
0
0
0
0
0
12
6
8
5
2
1
31
3
0
1
2
1
0
34
2
5
0
10
0
3
0
2
1
0
0
1
1
0
0
0
0
0
0
0
0
0
0
0
0
0
0
0
0
0
0
0
0
0
0
10
0
0
3002
5364
4628
6060
1539
4361
6473
5292
7491
6031
1532
3610
7070
6735
2130
1944
558
3572
4472
6082
1769
3682
7187
4478
4448
4478
1958
5385
2796
6791
4399
1340
832
7154
8078
3571
4716
6393
6972
2679
6393
6473
4702
6735
4813
8023
482
6737
7029
4472
3469
5227
795
2130
2483
5048
3571
3349
3300
3349
3099
6902
7871
4242
7753
8023
7806
2916
6968
832
4600
683
5537
5020
7582
7806
4291
4824
4504
2629
1576
6656
2166
6332
1709
916
7180
6077
677
5785
7071
235
1972
3743
1550
1769
853
4175
6770
332
5715
2684
7214
4415
6899
7679
2470
1275
2370
2410
7012
743
448
3861
7497
2471
1345
6176
4662
7059
3277
3136
4944
7303
1667
2986
5220
4399
4134
2516
1620
1886
4100
4340
2082
75
1935
6593
4708
2771
7405
6450
4249
7880
3444
217
540
1346
8107
3394
4397
4454
201
7639
6927
7643
6247
472
4950
4651
2022
5708
4667
5608
5748
7853
4866
2313
3536
1345
1931
3483
908
37
2911
11
6636
6851
7037
3258
1385
5913
4836
5037
4554
7776
7192
7416
3076
7190
1852
4568
7819
3318
2565
765
2861
2911
6948
4285
4925
4675
618
1690
6990
7577
7303
3209
643
1243
4446
3711
6659
6633
1209
4216
80
8111
7895
504
7923
5836
5347
7453
6065
5433
4232
1385
1346
1527
488
6941
5454
904
2454
5924
5566
4866
2947
5461
8064
8166
838
2175
5171
7823
3598
332
2304
680
3708
1437
7620
7078
5433
7085
1978
656
5584
2671
2727
1934
6547
2507
2308
7441
4523
7406
2586
2507
1226
6630
2685
7330
89
1232
2208
5664
437
1608
373
4911
7313
6668
2544
2911
75
7620
3810
5762
1465
4382
2219
6308
466
7387
3286
5433
6130
2685
6868
948
1682
1667
4743
2186
4249
87
4708
7192
8157
2364
4060
3664
8184
2751
8106
2715
1856
7353
1411
7482
5708
4881
2064
1356
2273
8075
5433
194
457
5938
5126
235
6810
4481
5395
2019
2878
7934
3686
7982
4771
2751
3291
5706
3350
1544
7117
3486
6851
4526
7171
3538
7563
968
3730
8055
6259
3673
4165
6292
3289
1435
4526
3294
7503
6642
4979
600
7785
5725
679
3795
6072
7085
6547
5447
5037
939
4382
3813
2662
128
4526
386
6301
584
968
3792
2662
906
2541
7776
7057
4836
2253
5126
6941
2304
4935
5452
7022
3012
256
229
5335
2685
4766
3771
458
296
3350
2252
5070
6465
6164
415
5482
4426
3467
872
6612
98
2737
5892
6575
5545
4496
7885
1859
6960
6501
3838
3363
3617
3991
6547
6659
2972
1061
4879
209
6301
7031
7586
7831
1979
1020
7303
6640
1682
2613
53
2708
2419
6761
3223
1301
1193
3536
7071
6839
1435
1882
6259
1354
6990
7648
5447
656
7038
4285
7953
3286
6065
458
5066
3669
2194
3300
1982
3810
5970
4722
4608
386
507
507
2133
3100
7461
7810
5761
6121
5924
5780
4293
6990
807
5005
3792
1228
7057
4528
7234
5335
2716
7662
7953
3503
1954
5853
2389
7841
5892
2630
4273
1465
7031
2341
870
7167
3730
5454
7990
1327
4571
4214
3245
6474
4590
7378
6292
4270
3505
556
8081
1137
5495
363
1437
6527
6073
2343
2784
1356
3078
1882
2019
1045
5037
4322
373
6095
904
5454
2793
4571
3258
4093
1385
4743
2379
4524
4571
1465
3286
1076
4081
2727
3329
5344
4080
1440
807
45
2951
999
796
5335
3792
1465
3232
7965
7591
615
6712
8006
4912
2613
415
3702
4944
6198
4590
3452
2766
5658
1385
6292
2675
7525
3017
7687
7037
6092
7795
2861
7643
6301
4273
7936
7661
3771
872
5767
4293
584
3051
2727
2581
6730
3610
2478
7353
6572
4330
3394
2110
1196
423
5931
126
6668
1241
8006
5423
1241
457
3664
1435
7378
6092
1483
1266
3284
1204
328
5268
6851
7411
6948
7563
2242
1917
5507
2194
4079
7313
7929
5868
4270
4340
5364
6104
7467
2764
1105
2130
671
4698
4270
7071
3093
4507
6292
7816
5503
4022
7177
2329
7142
6948
2446
7726
904
4454
7494
2244
5385
5470
6332
3022
6645
3469
5385
5668
8151
5288
2130
4472
2512
6973
4939
7639
5446
3981
7643
1282
2051
366
4836
4788
2082
6520
4379
1411
1527
3900
48
35
1105
5364
6082
2459
4017
3022
4361
7798
4702
4242
1452
3682
4880
2105
273
383
5545
6121
4330
3771
5139
7303
1281
450
143
8065
5037
3991
1882
702
5470
369
4702
6218
5385
7258
2654
254
3481
2558
390
534
2405
6058
7491
3647
5730
5185
7408
2686
7745
6023
6883
4571
4880
3533
7479
5785
11
1699
3184
4812
8023
2948
3098
7798
7167
942
1942
758
2478
2419
6997
2916
3020
1576
2405
5423
1620
1748
4698
3098
4498
7408
6144
6940
1118
6720
2662
2777
1597
1012
1769
531
6321
5608
1024
5629
1680
7910
2405
7408
1280
4763
4950
797
1932
434
2411
5340
4950
1849
215
2285
2130
4175
2217
5020
3777
6264
960
1592
1395
3876
2271
5403
5608
1532
5107
8023
4830
3642
7235
5332
4880
5982
1615
2648
1739
3893
4478
896
3322
7967
1932
418
96
2459
3835
6679
3664
1523
4609
2421
1452
5385
3589
531
2679
3402
2232
4255
1988
2661
4618
4340
4291
1765
1155
6884
4702
1452
7196
2856
6791
2402
2686
7135
6196
7235
7187
4151
5482
764
3755
7823
4291
1473
297
7915
1595
3433
2483
1870
6989
4297
7280
8157
827
8157
4069
3415
1236
2628
4272
1428
5403
3886
1917
557
6171
4521
5292
6722
4390
418
5965
6563
332
522
4338
4646
7546
7277
6495
7679
2260
2062
2266
4340
2464
5292
3835
4478
2441
4134
3667
4858
2339
3006
5736
5031
3893
3401
7967
727
169
46
7149
1535
2558
4365
4340
7679
4667
1279
1443
3287
2916
1105
702
7491
5833
1595
1595
575
6176
3490
2071
5997
3631
5272
5048
6234
114
4379
7583
2684
2527
372
4094
254
1275
1769
2892
210
4796
3168
3077
7679
8151
7012
4291
7995
5024
7784
2271
1950
2907
5173
1849
4835
