0
0
0
10
3
0
0
1
12
1
5
3
1
0
0
0
0
0
0
0
0
7
0
2
0
0
3
0
0
0
1
1
0
0
0
0
0
0
1
0
0
0
0
0
0
0
0
0
0
0
0
0
0
0
1
0
0
1
0
0
0
0
0
0
2
0
0
0
0
2
0
0
0
0
0
0
0
1
0
0
0
0
0
0
0
0
0
0
0
0
0
1
5
0
0
1
5
0
0
0
0
0
0
0
32
2
0
12
4
7
0
0
0
0
0
5
3
0
1
2
1
1
2
1
0
3
1
1
1
2
0
1
0
0
1
0
0
0
3
4
0
0
2
0
2
0
1
0
1
2
0
2
1
1
3
0
0
0
0
0
1
0
4
1
0
0
0
0
3
0
0
1
3
0
0
0
0
0
0
1
0
0
0
0
0
0
1
0
0
3
0
7
0
0
0
0
1
0
0
0
0
0
0
0
15
2
8
11
11
3
29
2
2
5
2
1
4
43
2
0
0
11
0
0
0
2
1
0
0
1
1
6
1
0
0
0
0
0
0
0
0
0
0
0
0
0
0
0
0
0
0
0
0
10
0
0
5654
4339
2130
6366
507
2271
3469
5833
1709
3835
6553
2441
109
3712
7723
4698
2483
2825
3322
6215
6228
2130
5024
1075
7582
744
2464
3077
5743
3585
418
575
3386
6438
4479
2369
7493
3480
1046
5715
4007
2736
4475
921
5024
508
6708
1443
3469
2130
6243
4561
1289
3732
2744
7014
3263
5292
4716
5024
6031
4491
7910
3443
6823
6549
5890
7587
7121
4255
3077
6973
6384
5129
4293
6831
4880
3386
2217
6989
1157
7494
7887
7642
521
2224
2490
5259
331
1931
2339
5077
7679
4716
4809
4147
1940
30
4604
5620
1989
372
332
2285
202
5129
1154
4329
2248
4329
7967
7497
1522
508
1155
806
2038
62
2378
7977
6184
8029
6637
5534
7408
3682
1075
1809
947
3391
5183
6876
5896
3196
491
6799
960
2423
4150
4824
852
702
1849
6321
6321
6332
1160
8059
5334
7983
612
7608
6404
84
2344
2180
4724
2339
550
6825
6549
2270
6650
5403
7491
3196
2410
5428
1774
3266
7437
852
4505
1819
1279
2483
2916
1620
2299
2464
5950
3994
2923
4357
95
1654
2209
78
2514
1981
2611
2460
5534
673
2907
7258
7827
4027
763
7419
2657
7910
959
1900
2487
1163
1032
7135
568
1841
4824
5381
8152
6179
1798
806
2815
7721
673
7560
6397
310
6162
7577
5975
1075
5288
5514
783
4881
8023
4478
5530
1155
7389
5739
24
1473
3821
731
1303
3938
1832
7428
869
3143
3287
4496
6600
2649
1081
3560
5956
195
8101
7316
4100
96
4007
6447
7781
3200
5290
3572
2405
916
649
4796
2137
1062
702
678
3231
240
7172
6111
515
6073
2540
2474
8166
3674
5870
3812
4005
1289
7876
6239
5107
6384
3469
5895
1955
909
5318
3412
7049
5272
568
4835
1105
4020
1873
982
495
6397
618
6319
3024
2421
3932
5233
2671
3286
4942
2487
3676
36
2881
473
3542
6721
5044
5287
2014
6726
3491
5204
2976
2912
4307
4438
3945
261
4305
3992
752
1318
5252
1131
5250
7057
4743
4273
7664
1589
4306
990
5590
4737
7442
7407
525
909
1556
735
3118
7710
6205
4218
5431
1299
4640
7056
2915
1367
7935
6849
1816
2165
709
1131
2076
260
807
6405
2199
516
6252
3232
5903
1981
5936
3802
1246
834
3492
7559
3953
7096
2041
7251
4358
6351
6256
7569
7252
2236
3597
7136
7421
8181
6896
3740
4749
6303
747
7953
7442
5936
6164
6264
7482
6514
1345
7850
2929
6256
3143
2139
285
3136
6948
7530
3202
7067
3055
6369
4887
4754
4786
7339
5360
7182
2929
6326
7560
7171
5830
8046
574
3674
7037
1662
4780
7356
2996
4407
2929
262
1805
6937
3774
232
2076
689
4003
1397
2948
38
7132
1479
4623
8124
7842
286
6572
6411
457
1473
5829
4110
562
2444
100
3473
4859
2506
2491
4606
2128
7219
4866
5701
7548
5913
2349
6648
584
1978
5042
5335
240
1422
7676
2323
5615
3597
5217
6501
1768
705
2957
5365
3165
3214
6120
8191
1409
6648
4039
5582
2786
4352
7405
6793
1972
2575
4080
7307
2019
7648
7776
3169
2751
3795
419
4781
7056
3962
7964
7805
6897
7617
7460
3452
4836
3721
5356
2297
7717
7176
3028
518
6318
415
7333
1473
4209
6035
2377
7216
39
2019
7378
4621
2538
7948
1014
84
6569
5431
3753
6476
7177
7876
4889
4693
6349
770
7324
5691
6278
7980
4264
1824
6905
7399
2956
6076
1994
2956
4526
4264
3535
7681
3179
6648
5374
8159
3863
8029
3276
370
6274
4548
3448
5281
2786
7242
7835
6975
7324
5380
4299
2297
2411
5292
990
787
386
6976
2041
2308
1699
1835
4634
1999
1561
2487
4538
6650
7587
5204
1379
4299
7979
5871
3373
5318
660
7195
7690
4467
4040
3734
4299
6239
6437
1595
1908
4432
6415
7613
574
4749
7303
1671
4753
8128
881
1798
7185
1334
5411
2514
198
3465
78
5053
3493
2185
5318
6030
5287
1479
4548
3361
7594
7359
2791
369
7958
618
771
3473
2252
1835
1017
912
6319
6598
7727
262
6912
5712
3786
7216
6093
7026
5009
4270
6936
1299
1074
5563
3689
4302
7010
5649
3442
7107
2016
1279
4872
2069
4218
3984
7584
6977
3127
3710
4916
1193
396
597
2544
3047
4377
8191
6685
3503
7816
4809
7250
1832
6869
3689
5790
5763
2209
166
2069
6740
1452
727
1189
5347
7186
1433
7585
2190
4147
3681
5070
5503
6704
1229
2053
5979
2128
1322
7475
5375
1739
4707
3941
4577
1832
570
1504
3982
6726
5204
6675
4175
7967
7229
843
7983
3739
7577
2019
7804
3984
5281
5337
273
4870
714
7166
1113
7911
7172
834
460
1155
1598
2127
6058
2972
1735
299
7174
2865
3765
7453
920
7497
7279
4339
6247
1962
4554
598
5125
3491
7528
5400
3179
6726
5780
901
3448
6525
3719
1556
7301
2907
749
1430
1890
5778
6677
3161
1053
2106
5687
4017
4851
5385
1916
6882
7172
1760
3915
1444
2685
4970
78
5357
4192
4995
6212
7176
240
3245
5969
7491
3572
795
5403
4353
7155
2358
2336
228
4735
7596
1824
7823
4291
7470
3925
7191
2340
5500
1108
3124
4627
2493
2681
7186
7295
6249
817
7307
849
4953
5820
7806
1105
2496
4892
8048
3391
5839
7707
649
744
295
30
795
239
4741
3627
1871
5357
140
2043
3748
6111
719
6648
5570
1520
1946
2697
2905
7312
6082
531
2130
5689
3741
4835
2002
3732
1804
7243
5542
5748
1769
4975
72
7766
6057
6547
3788
3616
487
7462
2752
4595
7554
860
5584
5736
2132
4505
1067
6310
210
5292
4150
2405
2533
5514
7258
587
6594
7230
568
5432
6879
3055
1253
724
4866
3977
615
5700
570
3216
6564
2881
3179
487
2339
7408
6708
6583
1709
3682
3443
4934
2830
3577
783
4950
4099
1363
5332
1453
684
7049
3471
1919
1740
1131
6146
826
6448
2635
4568
6393
7929
2080
2907
5537
5292
1067
35
3464
6031
4812
4478
210
1160
5048
1029
3682
6459
7838
3682
6000
6262
6521
7744
1169
3621
2059
5126
6479
