0
0
0
10
10
0
0
2
11
2
0
4
0
0
0
1
0
0
0
0
0
0
0
5
0
0
2
1
0
0
1
0
0
0
0
0
0
0
0
0
0
0
0
0
0
0
0
0
0
0
0
0
0
0
0
0
0
0
0
0
0
0
0
0
1
0
0
0
0
0
0
0
0
0
0
0
1
1
0
0
0
0
0
0
0
0
1
0
0
0
0
0
9
0
0
0
8
0
0
0
0
0
0
0
24
1
0
10
5
5
0
0
0
0
0
0
2
0
0
5
0
0
5
1
0
0
0
0
2
0
0
0
0
0
3
0
0
0
0
0
0
1
0
0
0
2
0
1
0
0
0
0
0
1
0
1
1
0
1
1
0
0
0
0
0
0
0
0
1
0
0
1
1
0
1
0
0
2
1
0
0
0
0
0
0
0
0
0
0
2
1
9
0
0
0
0
0
0
0
0
0
0
0
0
10
6
9
2
3
1
21
5
0
0
3
3
0
14
4
0
0
10
0
0
0
1
0
0
0
1
0
1
0
0
0
0
0
0
0
0
0
0
0
0
0
0
0
0
0
0
0
0
0
10
0
0
6249
651
1051
4233
1057
2162
7209
5664
6031
4067
4294
2214
3635
6406
244
6612
4424
947
2229
335
2217
4233
3773
3179
2429
5739
6139
4038
3783
3291
3993
4319
1094
3132
2832
6441
2681
7466
7205
6321
7679
5292
1769
2217
721
2217
4482
7518
7938
1289
5347
2881
2270
283
947
5044
1232
3649
7694
4887
458
4658
8186
3290
8190
5411
5688
7067
134
2421
2737
2271
531
531
5715
5031
1279
320
4273
6950
1090
6438
2810
7426
7788
4055
7034
5044
5343
4880
7048
8040
4060
5377
3446
4509
2042
2530
7543
78
5374
1595
7413
7218
61
7679
1062
8030
4412
4482
3740
3610
8048
2379
2741
4412
4202
6590
5086
4308
5048
2657
2329
6117
6201
1184
3805
2059
1554
8040
3061
6560
1820
7699
2192
575
5715
1062
4716
5385
5149
5402
6104
1105
7299
1114
3079
4067
3004
6005
5293
5734
2005
7094
3731
2610
5631
7015
914
960
6005
7723
1299
6027
126
4931
746
2903
5092
30
4478
2106
61
7230
1452
4426
675
1245
3079
390
388
4170
3734
1485
2430
4596
3453
4214
3225
5428
1209
979
4150
5445
905
2194
5394
4815
6853
5632
3156
2340
1815
2478
2106
1443
6650
6569
5419
6346
5102
2835
2771
6531
4781
7048
5531
1769
5687
5714
7013
2059
7615
4442
3358
2929
5162
908
4005
5942
4262
635
4214
619
939
8065
2225
4143
1321
4577
3515
772
2329
2423
3368
5402
7184
6124
1600
1931
2136
232
5447
2947
4216
6259
5198
6490
6920
8081
6103
277
3557
276
6195
2534
3136
643
4912
3483
3001
2934
488
7841
2947
5245
1538
7191
7184
4521
138
499
3851
4722
3232
2615
6259
2474
3371
7024
5126
1939
4199
643
6750
3730
8166
2586
545
6395
580
2939
5714
2529
4509
1465
3656
116
5454
5481
2606
4561
6321
2784
5542
4845
3901
643
6195
2934
888
5176
4815
394
2699
4904
764
5010
5540
5037
3526
1776
4061
2572
606
437
5714
5714
7013
3526
1070
466
488
4857
7587
7497
2657
2329
2567
7492
4065
3346
3282
4482
1850
1036
536
5498
2534
3816
536
1863
3730
1523
5650
8080
5741
317
6121
3386
2465
3526
3291
7292
2649
6195
2686
139
7413
721
763
3851
6997
5434
2391
1346
3834
1318
643
656
415
7593
4008
7013
283
3993
3777
5602
2720
4749
4590
5126
1196
1550
8143
1688
2296
3503
2507
6828
4600
6645
778
3433
1958
7861
4459
2332
2555
3786
2511
2184
6186
4216
5746
5664
6632
3792
828
3683
2720
4811
128
3888
4887
2595
340
1060
4878
2732
4912
2639
6058
1248
3897
3740
5790
2248
2477
3801
7992
1318
5884
49
3551
3701
3291
2499
6170
2277
677
6114
2006
3728
939
1415
2791
611
1721
3615
2699
3594
1038
7598
951
2597
6238
6935
4087
7262
627
2292
2685
2875
176
3136
3901
1151
2572
6914
2872
1340
457
1015
649
2762
830
6171
5785
1011
4352
2634
4515
7805
4845
4533
5119
3177
1322
3786
4754
4085
6108
2379
6853
4379
7013
3730
3966
4216
2061
4594
4509
229
4893
3851
1724
5202
4899
2662
1422
5601
845
3046
488
8111
8166
1548
3092
6199
4209
39
5248
4419
6023
2229
3492
8055
6704
6979
1073
8184
538
764
2507
643
1523
6443
6339
6741
1293
6827
8162
2717
7841
7812
2448
780
5155
6884
1213
959
5891
1929
575
6770
6121
3962
235
427
461
5578
4912
2405
6371
1151
1446
2284
6686
3759
679
5708
2601
5666
3049
6498
2800
1694
3526
3100
5085
7445
3066
7067
3676
1075
7301
1181
1346
4940
8
606
4239
101
7787
1262
3148
725
4010
6705
3283
1130
7784
2284
5909
2658
6290
4935
552
6750
2808
1662
2751
6456
6195
2772
7135
2343
5664
4383
2194
3789
643
2533
5444
3069
4382
500
6259
8111
6746
3001
7936
6348
1579
5456
5555
6596
7297
896
4672
5453
4912
4784
4010
1552
2395
5971
2483
7301
5116
2784
7620
4005
760
7013
6818
3971
5064
7593
4060
229
4654
1799
985
6873
6255
4239
3282
7932
3232
7800
6661
5658
2994
2175
4289
1999
2585
263
3274
1550
2329
361
7079
501
869
3526
8055
2064
3283
7158
6501
1026
3528
7404
395
3819
6272
46
7941
5782
6378
3467
53
3378
3192
4496
6750
6960
6626
8128
5537
1576
35
1864
5567
5492
24
5438
8055
7013
1696
1659
53
2182
1276
6099
6181
2142
5778
7615
4888
2193
2947
858
4104
2676
6894
2574
6894
2529
7587
3702
7012
2558
5057
6583
2015
3007
2006
2729
7982
7013
3283
4432
2840
4216
5692
3966
253
80
5594
538
3959
7456
3886
5465
5455
4569
1429
6750
5200
2949
6332
3274
1057
7143
5434
4005
7059
457
7493
3932
1990
7617
502
7420
1698
972
770
1560
934
215
2448
3528
6709
5258
4904
427
968
3741
5056
296
7644
764
7301
208
4729
5434
4209
727
6474
6990
4153
3510
1046
4504
6183
7893
5726
6040
3312
5878
2785
2145
4827
4239
1881
6255
847
1184
5082
676
6643
5390
4412
6031
951
5810
4778
1705
1958
169
5837
4358
1117
5715
8021
2248
2560
693
7532
6078
3848
4431
2401
5487
1892
3741
2710
53
7521
2939
3995
6287
5583
158
5802
2654
4858
6583
600
4009
7507
3364
4273
1170
7726
2470
4329
3391
5822
4513
7573
4339
2057
527
7609
7600
2898
3741
3886
6272
7593
7776
428
6600
1990
5704
6063
7462
3676
772
4233
7447
6137
6069
3579
4345
1997
174
5689
4750
4737
1434
2863
3117
7978
1907
1134
4390
4596
1009
1589
7916
2957
133
6756
7913
4889
457
7788
7811
5048
2835
4089
6202
3962
5143
4172
3347
1157
2130
5869
7622
6193
618
4431
7196
807
7253
5764
1862
7437
2690
34
2369
727
5984
727
2271
4505
134
5805
5874
2835
5928
3610
7692
4851
7823
4153
4812
3455
7389
2043
5347
3560
6365
97
5273
5133
4467
2226
5228
7210
335
3391
87
4353
673
6989
4011
3754
4548
4888
2657
1244
6879
2127
1946
7176
2369
