0
0
0
10
6
0
0
2
10
0
9
6
0
1
0
0
0
0
0
0
0
0
0
0
0
0
0
0
0
0
4
0
0
0
0
0
0
0
1
0
0
0
0
0
0
0
0
0
0
0
0
0
0
0
0
2
0
0
0
0
0
0
0
0
1
0
0
0
0
0
0
0
0
0
0
0
1
0
0
0
0
0
0
0
0
1
0
0
0
0
0
2
1
0
0
0
8
0
0
0
0
0
0
0
19
2
0
8
6
5
0
0
0
0
0
1
0
0
1
0
0
1
4
4
0
1
0
2
4
1
0
0
0
0
4
0
0
1
1
0
0
1
0
0
0
2
0
2
0
0
0
1
0
0
0
0
0
0
0
1
1
1
1
1
0
1
0
0
0
0
0
0
1
0
0
0
0
1
0
0
0
0
0
0
0
1
0
0
0
7
0
10
0
0
0
0
0
0
0
0
0
0
0
0
14
3
10
0
2
5
28
3
0
2
1
1
0
22
1
0
1
10
0
0
0
3
0
0
0
1
0
0
0
0
0
0
0
0
0
0
0
0
0
0
0
0
0
0
0
0
0
0
0
10
0
0
26
3810
8014
522
26
6660
90
6202
5403
1733
3162
7187
1581
335
5332
7520
90
4570
6415
6141
2015
7640
1430
6265
2109
2557
492
7755
5742
4350
2973
3346
1850
725
3643
1090
2049
7887
4881
4525
8048
2558
978
2229
335
7587
4858
3995
7845
4824
4899
3457
722
5824
335
1453
2973
6724
3740
5092
1721
28
6321
2686
1989
6295
859
4329
820
6613
1009
5833
4472
331
4140
7299
26
6926
1030
6656
6307
8176
3186
4824
2229
7196
2379
5045
4521
7442
7845
3085
7625
6040
5560
34
5654
3391
5591
6735
4017
2633
6040
5682
2308
5224
8190
1009
1030
1401
5233
863
285
4563
7415
4851
7691
1522
1661
3405
2597
3245
6450
7520
24
7432
6438
3849
3732
5232
4755
30
6475
6735
1666
5350
7995
7823
5248
3271
2618
6844
3976
3976
7302
975
1062
7398
7584
7195
1064
73
5499
7507
5620
1506
4703
7723
1046
933
4700
2633
2308
48
5398
6307
6202
6618
6864
5689
3821
6970
7456
1792
6092
871
3973
5845
6630
7371
6220
8177
8065
4177
6970
6858
2009
7913
4160
966
4353
369
1105
6989
2308
6000
6776
1989
8060
508
2272
1082
1767
1061
1064
7355
507
838
1546
3965
3495
6941
4916
4177
4191
1344
3976
7089
7085
4082
3455
2015
6926
8021
5833
3386
6066
2907
778
1057
1048
1473
7155
2802
1466
4903
1329
975
4199
6941
4702
3976
1486
8177
5920
4276
7071
7192
1792
3976
1266
3859
5107
6660
4431
746
1047
3176
7214
5201
2768
6452
4729
7384
61
1055
6098
7880
8111
4044
838
847
288
540
2116
1486
7810
7923
6976
4510
456
3505
456
7020
3277
8138
1479
5095
8187
3391
6583
3684
8135
710
2023
6307
3386
508
456
2395
235
3730
1064
4379
5453
2939
6488
4459
7355
2992
6960
6572
894
3118
6991
6970
4135
3258
6549
1522
7692
61
7861
248
7948
3715
6911
30
7823
2034
2594
5962
3011
6642
1281
6099
7041
3730
7013
4912
442
6259
4197
1243
6143
4276
6941
5952
7071
5233
1105
2248
7243
1177
4217
4688
852
5964
5580
5107
4702
4749
92
3008
5217
118
4518
4789
968
276
8055
6012
6009
6203
6456
6264
3452
6518
7572
4276
3029
2154
4521
4852
7421
1638
852
3609
7723
1492
4211
6162
1967
6092
5446
3394
7004
7041
540
6952
6858
6898
6251
6640
3664
1660
2675
2051
4453
6941
3024
7525
7349
1905
361
4457
1724
7680
6409
5138
6717
7196
5839
4734
4469
456
3434
8019
2720
5637
4439
2729
7912
5421
3726
1581
102
618
3673
2502
118
6911
1357
1064
1131
464
2799
7745
5964
2800
335
4339
2265
2150
5434
7978
3495
7515
1064
180
4197
8166
7593
4722
2939
1327
2668
7990
7029
320
4703
5098
6365
2675
968
1064
180
3743
7415
4634
3288
7398
4984
7587
4700
6829
2444
6970
894
5672
2594
153
975
2019
3771
5446
3721
3523
1760
6124
1642
3318
1613
627
7142
4195
4675
4524
5637
3455
61
6895
6409
1522
5398
3795
4751
2957
6457
3505
7166
2849
618
8166
3771
1266
1045
3911
2263
6012
4590
256
1865
6595
615
5762
7486
4454
7355
153
1819
3635
959
4504
3288
6759
3849
5636
6075
2795
5555
7142
5678
4177
1243
5461
7272
3112
4766
4452
7911
6388
7912
2193
6044
6233
7234
256
1949
3730
2649
6220
3380
7517
4392
7090
7587
5128
2753
7803
2905
7759
4229
3008
6970
7166
2787
2409
1045
3452
6220
2389
8114
5421
3991
4453
3859
760
5837
3452
2019
6164
6844
1138
4958
1967
2193
1011
7911
1597
1027
256
4047
7416
395
7486
5200
3029
5142
5145
7037
4135
3318
5784
632
7964
1934
6894
2578
4082
2729
5588
6098
5217
1266
8166
5678
4958
1266
7302
3367
2498
6065
916
250
7408
5364
679
1266
4879
6119
4191
7037
4899
3394
6263
4177
396
7525
80
625
4264
7831
904
3792
3380
540
3008
3771
7831
5637
5865
958
2677
6656
849
39
3559
4950
1011
8114
3523
5637
8114
4507
2585
5837
4699
6449
7142
4119
5952
1865
1209
3669
4454
3771
5453
4879
7004
1262
1435
5114
6527
5514
7798
7827
5337
6497
3386
5689
6058
3184
5637
1707
1967
5114
5924
1645
3771
7355
3771
4060
2116
75
3046
3669
5072
1045
4659
7041
3156
7482
4823
3325
4278
3490
2229
5584
1447
5484
1767
2892
1105
4361
7887
1513
3832
3976
4135
7515
7085
3008
4903
5446
4528
394
2737
679
3753
4195
6844
2939
1934
1263
2041
6220
5114
6389
5739
2916
7524
4340
6679
7277
1048
48
2137
4194
6664
5784
2395
995
2116
5335
4523
3394
6092
4454
4265
5804
1435
318
2027
1967
4197
510
8177
3991
5845
7011
1767
1395
8060
6735
7591
6758
6926
3589
1003
959
6997
4135
2193
6979
1792
6959
3191
7515
904
8177
3549
4140
4675
6572
7020
1266
6092
3232
4135
3421
6732
297
8151
2244
7662
4290
5332
5236
7377
7823
8048
169
7823
1686
3505
1934
5098
363
586
1266
3965
1061
5396
921
4048
6526
847
2589
5233
3008
4749
6040
6440
933
1584
7861
7416
4329
4390
297
6068
169
6660
1217
1767
7494
2887
5473
3380
838
6572
1657
3008
3956
2511
2339
2676
1429
6251
2116
2589
73
1262
2166
7121
8103
109
5045
423
4796
1048
8048
6735
4514
802
3470
2671
3642
3405
4975
6167
2186
3523
7912
7004
2152
411
1746
4207
4341
600
6272
4718
337
1245
4290
7415
1415
4858
2392
715
1584
2229
6124
6759
4340
6076
6645
3358
3642
4353
2015
7575
7520
6488
6948
1057
4716
5724
2949
418
7484
2411
7940
2736
5288
1074
7196
5419
5833
1048
5906
6000
5332
2308
722
5913
3732
1105
6076
951
169
3158
4623
4521
7845
4596
6053
6023
7260
6458
6544
4236
5874
6737
568
5701
7223
7545
2716
5347
7995
460
2547
2922
6124
1217
3969
1003
7823
7011
469
3263
2558
7915
7913
675
4290
6069
6544
4934
4953
6124
5428
7570
7570
1620
5343
4647
5279
1550
7613
3886
