0
0
0
9
10
0
0
2
10
0
2
1
0
0
0
0
0
0
0
0
0
0
0
1
0
0
2
0
0
0
1
0
0
0
0
0
1
0
0
0
0
0
0
0
0
0
0
0
0
0
0
0
0
0
0
0
0
0
0
0
0
0
0
0
0
0
1
0
0
0
0
0
0
0
0
0
0
0
0
0
0
0
0
0
0
0
0
0
0
0
0
1
4
1
0
0
6
0
0
0
0
0
0
0
21
0
0
6
7
5
0
0
0
0
0
0
3
0
0
1
2
0
5
2
0
1
0
1
1
2
0
0
0
0
2
0
0
0
0
2
0
0
2
0
0
2
1
2
0
0
0
0
0
1
1
0
0
1
1
1
1
0
1
0
0
0
0
0
0
0
0
0
0
0
0
0
0
0
0
0
0
0
0
0
0
0
0
0
0
1
0
9
0
0
0
0
0
0
0
0
0
0
0
0
9
6
7
2
4
1
23
3
0
3
1
0
1
17
0
3
0
11
0
0
0
0
0
0
0
1
0
0
0
0
0
0
0
0
0
0
0
0
0
0
0
0
0
0
0
0
0
0
0
10
0
0
361
4934
7028
4194
1029
932
2280
5580
4575
4744
849
4758
6406
5376
4457
2425
2286
915
5187
1272
4595
7723
8187
1521
5434
1042
8047
4489
5493
2697
2579
5156
3358
2512
5143
1513
208
832
2677
6303
2676
7871
3245
6569
849
36
6183
5402
915
7911
966
1940
3061
1653
1272
3092
36
4595
3560
7182
7182
7200
5870
1464
30
1415
5385
827
4607
37
6791
1989
7011
5073
3610
7613
2753
5767
1027
60
4758
2903
6075
3824
7747
6179
650
7590
3373
6691
7710
1998
3280
7739
5322
7798
3577
1046
87
1281
2816
8190
7451
3851
1699
7227
3298
7582
2062
2252
4103
2967
6724
2929
1322
5103
3724
5712
843
6648
3055
3037
2463
137
2764
4950
2130
2459
3218
8053
194
6276
5950
1241
1023
1736
4950
747
1473
2483
5833
7785
907
3477
7491
5886
7518
1919
6934
5767
5576
5171
8030
4698
8030
8075
6262
1709
4796
5364
8081
4786
3257
35
6459
5112
7679
7777
425
3068
4017
5024
8030
6451
1961
5725
4448
5801
4255
6262
5761
2279
2513
7798
1021
1709
7910
1750
959
3475
5731
3490
785
4606
54
1443
128
7853
2292
6592
4606
764
6227
6775
2555
1061
6572
3459
2313
6393
5403
3790
4840
6583
4274
4796
3469
137
6735
7823
4812
3085
5102
8030
5537
2361
6775
4097
6883
1671
2715
4887
1327
679
5448
5862
1346
5584
2587
6114
4285
7978
4415
5997
2560
7739
6761
3541
1680
722
7882
3077
4858
297
6000
2684
1046
5977
5724
1869
6331
6990
6941
5394
4469
6839
1357
5938
3421
7416
6466
2717
7493
3859
1882
3434
4892
5118
5128
7582
3541
7956
4796
432
6437
61
4017
491
5629
46
5097
1437
1682
457
7819
4766
6904
3421
7912
8019
3523
37
6839
4273
5678
2006
7912
2576
942
5482
6124
3795
4236
5107
2002
5332
5896
1217
7011
684
7389
3741
2710
4469
2611
6527
872
4743
4571
1869
8114
3968
2585
1318
1994
5509
4731
3495
6941
6904
7142
254
1395
4887
3980
4175
7437
1046
7823
6438
1675
6836
3600
4644
4625
964
4528
4523
6040
2766
7399
7500
711
715
2675
4823
1872
6220
3126
7885
1366
6987
7166
2679
3350
7827
1900
332
7956
3702
6906
2051
1009
6785
6058
2408
10
5133
3380
1061
1139
5591
810
4442
5594
968
3778
4110
2431
4899
328
4096
2715
746
904
727
4580
5428
6253
2379
3783
5168
411
8025
1786
1768
7957
2843
3932
6114
3421
1846
3859
1846
3136
466
6495
1713
6709
5850
3331
5098
4281
7302
1204
3197
4796
7845
3934
7790
5232
5264
5290
744
4950
5507
4600
2119
5013
3900
1486
5862
2720
6388
1437
760
6592
2273
1585
3841
7795
6203
1385
3932
3349
4590
5938
126
2777
1453
7722
1160
7063
24
7171
531
491
5756
4644
4217
3953
1963
6886
5176
760
342
3801
2006
3711
7491
34
5739
2581
7234
5764
2154
3841
7912
8091
1589
4578
2907
7384
5232
3888
5350
3047
4365
8092
2343
2676
3732
1486
456
6040
7821
6941
4866
1934
7400
502
7915
6941
7334
1020
5739
5377
6220
3495
1061
7136
5962
2729
2863
7788
2560
4232
432
6876
7827
2868
202
2533
1600
3318
4469
3024
7639
2532
4496
6065
711
4415
7989
4422
4743
5133
7726
1139
2547
5036
8114
4469
4899
7303
494
2248
2059
2034
7753
4887
2973
4011
4089
7872
6737
5913
4944
7303
2611
4481
6474
2179
1437
5909
4467
7195
7623
3486
126
5495
7810
7355
5509
5924
6130
8064
2715
4472
3010
4055
2080
1584
1017
1067
4233
2796
7344
1366
4135
6220
4944
6898
1327
2849
4524
5126
4911
8177
386
8088
1486
285
2395
7567
2849
1357
4172
3444
6907
386
3995
2343
4892
7745
7739
2002
4689
6796
1593
1025
1401
4523
1139
3049
4459
6529
4571
1440
5672
1435
5503
2281
235
3277
5335
3300
2587
4045
4443
611
2253
7125
1535
4950
3615
1699
2229
7029
1430
6827
7063
5962
7880
5365
128
7992
6883
1228
2575
7477
3711
1228
1551
6529
7302
4469
4743
1757
6941
6014
7142
5602
7493
5509
5143
1965
3481
8190
4824
574
7798
7867
4350
1025
8068
1196
496
3164
679
2575
7990
756
4659
456
128
2292
1340
2292
4209
4281
1366
423
4469
4783
4741
2610
7739
109
7722
3762
6756
978
2676
6053
1217
6411
919
1863
12
938
6527
5837
1671
5058
7607
7004
4459
5845
2720
1112
3209
2594
679
3024
5632
4911
6478
7871
1661
7384
6737
924
7861
4800
702
4341
1430
3941
1009
2922
1931
497
5938
1064
5871
2186
5586
7912
4459
6529
4135
7517
7845
2585
627
2911
252
2116
2339
3481
7688
6253
7491
491
6450
1544
4600
852
3037
121
3007
947
4788
5036
5375
4135
6130
2557
8177
1366
3444
6364
7133
6130
7020
5233
2555
5602
3007
3835
2182
6306
6371
341
1129
3433
913
731
139
5086
683
2629
3571
1514
740
2748
1196
7754
1357
6143
1865
1366
6990
4209
7567
427
6490
4699
1318
3325
6571
2252
2796
631
7596
1556
5273
4372
1472
1281
3571
5871
4809
825
1053
5224
3968
2411
4637
3574
869
3859
3465
8107
6732
1928
2830
825
7415
3542
1009
1245
5531
8151
5579
5428
5428
361
7601
6563
1017
4858
4881
7029
5220
421
5594
4295
7463
5428
492
4022
942
1565
7411
4074
3896
18
2802
3196
7155
3542
3506
5133
3969
1453
4644
7871
2657
4830
1608
851
7688
7564
2780
6973
5024
5739
783
5419
2270
6544
4294
4623
1160
215
8025
2405
4387
2509
614
2907
795
7563
6391
307
4339
4623
7013
6417
7229
2152
7497
1196
169
7584
6582
5730
702
2137
1048
7357
948
1204
3006
5131
5470
3433
2411
6124
5434
4222
1350
1534
8023
123
6650
4211
7739
6740
3600
979
5730
266
3816
2137
4800
4194
8013
7755
4475
5997
1965
1534
1979
3849
2016
6648
5343
1576
8187
4232
2772
6823
5737
4732
1900
7011
6012
5402
1057
6824
1988
5874
6735
2753
6510
6724
4800
2894
4751
8010
2411
