0
0
0
9
15
0
0
2
10
1
0
2
0
1
0
0
1
0
0
0
0
0
0
6
0
0
1
1
0
0
0
1
0
0
0
0
0
0
1
0
0
0
0
0
0
0
0
0
0
0
0
0
0
0
1
1
0
0
0
0
0
0
0
0
1
0
0
0
0
0
0
0
0
0
0
0
0
0
0
0
0
0
0
0
0
2
0
0
0
0
0
2
0
0
0
0
5
0
0
0
0
0
0
0
22
1
0
10
3
6
0
0
0
0
0
1
2
0
1
6
2
1
6
0
0
0
0
2
1
2
0
1
1
0
4
0
0
0
0
0
0
0
0
0
0
2
0
2
0
0
0
0
0
0
1
0
0
0
0
1
1
0
0
0
1
0
0
0
1
0
0
0
1
0
0
0
0
0
0
0
0
0
0
0
0
1
0
0
0
2
0
8
0
0
0
0
0
0
0
0
0
0
0
0
11
5
6
2
3
2
25
4
1
3
5
2
0
15
0
3
2
10
0
0
0
1
0
0
0
1
0
1
0
0
0
0
0
0
0
0
0
0
0
0
0
0
0
0
0
0
0
0
0
10
0
0
7484
1824
4609
450
5220
4147
2487
8118
6082
4609
3443
2671
1319
1468
1856
4841
7265
3465
381
4677
2255
7601
7623
5686
684
491
3847
5918
6589
6761
4716
2892
7827
4255
5412
1620
5636
2209
7059
4609
6227
3414
5982
4707
5077
170
4237
531
7816
580
8105
2357
5680
6977
253
5474
3120
4027
4998
1426
6989
229
4809
3120
5412
6761
2464
1042
1074
4830
7063
1824
6761
4735
3541
5517
4479
2907
3541
170
332
3851
3551
8160
1576
7570
3402
6551
932
744
6563
1836
8151
4804
5220
4027
1824
1550
7575
5884
6003
390
2464
845
7092
4291
4270
4707
4609
2405
2464
5982
1824
7216
7887
3433
6089
1576
3741
6007
4639
3006
7882
531
5688
4530
4628
5833
4609
2271
7924
587
2464
7861
1430
4472
3443
1836
2411
3806
2049
3713
5495
3682
4120
866
739
3582
179
6237
4312
2954
133
1767
7491
702
3480
4618
7491
3589
2777
2491
5615
7980
6828
8190
7785
1075
6104
2303
7827
2812
1263
5787
5651
7105
7136
6358
5369
5976
3763
3552
1760
584
7332
7722
1932
1988
1497
6761
7294
3326
149
1074
5543
418
7484
811
472
3414
1550
2080
6205
1138
4001
2849
2715
4958
2037
2535
5182
2116
1865
6720
5726
21
5723
373
5040
5401
6835
3150
6835
4405
6569
5301
3443
4578
5654
783
6791
4291
6473
6407
6527
7105
6514
5585
2033
5154
6643
1164
5148
7831
2965
797
1527
2208
8114
2219
7349
719
4051
4064
7869
1715
8100
72
6547
3196
1435
5143
3541
5874
3593
3745
1138
7953
5678
4481
2251
1139
627
7244
4801
3294
3380
4459
2649
5344
4866
2463
3854
1401
4917
6147
8059
1346
4074
5288
1620
2303
3986
5397
2869
2008
3743
1298
1108
1298
2154
7295
1185
3867
674
4080
1263
2521
6529
1366
4748
169
5743
1357
4916
2049
4281
4719
5068
4877
4913
4600
6385
5456
486
698
588
6673
1637
1760
2594
4815
2872
5072
3049
714
4281
4065
2581
413
611
6529
4899
5682
2076
4925
3740
7996
2668
1046
4608
5173
7461
5902
5109
4580
916
3901
46
7806
8068
4659
8068
7519
1138
1172
6693
4466
787
7406
797
6794
5199
7081
7639
5913
6301
4662
2454
6990
153
4207
1550
6973
7670
7823
5840
254
8160
4937
4820
7570
2253
3780
1357
6878
1138
5036
413
3342
6527
2618
4662
5584
6182
2396
4270
194
6847
194
5142
4115
2136
5874
7901
5173
2907
4788
2358
2894
5013
1219
47
6089
3415
1207
4513
2116
8088
370
6466
2033
6859
6444
1061
4815
5614
4897
7234
1835
297
2979
5233
2594
15
8006
4204
2254
2907
8023
7028
7011
7670
6830
2339
3117
3967
5036
3303
3303
5663
5784
2477
319
7750
5114
2547
464
4178
3602
2030
5584
6824
317
3211
2751
5233
3209
1989
4285
6827
5324
6104
7887
2252
6827
2572
2144
3294
6952
1963
743
380
6388
1865
3967
2849
8019
3832
709
6452
3069
8067
4951
4209
787
1967
7171
504
7378
5913
5398
5892
920
4652
2690
460
2489
3276
2720
3514
6339
4513
5861
268
5072
1454
7791
7406
5786
4091
4703
4270
5433
4300
7829
2949
6415
4080
3760
373
6575
1061
5845
811
1103
1740
6827
491
3684
6388
6365
6859
4411
5036
1138
4801
3996
3831
1346
4110
2907
4361
7518
102
3153
2385
3859
7234
7982
1972
2292
1585
3153
62
2787
1319
3307
5250
1539
740
4240
6727
8038
743
5862
73
3760
5830
2594
3801
2644
679
5138
6795
2934
4548
1288
4050
2641
5761
2863
8177
4524
6301
3277
3602
7545
1836
5364
7939
7229
740
6318
4801
6952
627
413
4209
2720
6579
873
317
6898
3170
2969
8060
8018
1544
3832
2105
7166
747
7378
7953
1285
4005
3211
2411
1155
4492
3742
6470
7752
3584
2661
3871
6388
1134
3026
2872
2926
3855
2141
7381
4796
5935
1905
1061
3470
7171
1346
2618
4455
2429
4662
5952
904
7154
2506
7416
3481
7435
5232
4651
704
7966
3073
712
627
4054
3831
2926
6539
6529
6388
1486
7934
1551
6925
4944
6301
1982
7880
7791
7004
747
7378
6220
1572
5891
3452
2684
47
5019
4397
5536
4698
632
3599
4077
5806
4411
1869
2644
380
8177
6501
4411
5072
6732
6415
3620
4944
3162
4743
5081
3164
5394
4080
1667
1162
5743
6031
4491
1821
6395
3449
4521
1972
1236
5057
5238
5112
914
1162
1547
7084
5584
828
6893
4925
6720
1835
5584
1613
4806
360
6479
2433
632
2389
845
2684
3572
5185
7915
1395
2516
6358
3311
5176
2002
4759
266
6975
3806
4383
4841
1784
8184
7519
4075
6860
1527
5761
1241
6065
399
1869
3628
5330
5048
5024
4835
1821
7153
5385
5886
4270
255
6078
6193
7573
6004
7121
61
6776
515
2856
6089
5173
6053
2215
2144
4523
128
6572
1385
1142
673
4679
4716
5715
8055
5470
5332
4340
6041
5322
4878
2260
7877
5489
2805
5238
7811
2308
2557
1570
2265
719
2465
4609
6656
372
6493
1667
5635
1954
2581
2442
7916
5928
591
5892
1209
2214
2753
7755
8048
1965
8030
6041
2196
1155
2513
6906
5790
6869
676
6450
3153
3291
3077
6137
756
2118
6989
8048
4645
1667
4958
4340
7049
5477
5489
4419
6227
7484
6053
2533
4103
5576
7785
6124
3117
2105
215
1944
4796
2662
5778
631
1620
3058
3974
1539
2496
6002
7781
4053
6552
3835
6395
3490
297
907
7582
1664
255
6544
1550
4293
4651
5507
1944
1075
159
3348
7299
7070
825
3599
1925
2100
963
2766
5347
2285
46
1238
3861
649
1550
6089
7491
783
2080
7615
4609
1965
6124
3212
7613
5113
5997
5778
5185
4735
2654
2504
2119
97
1472
852
7811
1706
4998
7299
1482
3584
5701
361
1965
7689
5997
5220
7995
1565
7468
6973
7110
6761
2868
3741
2777
5982
5896
4594
411
5778
3186
1289
4634
4851
6740
5531
7196
7691
7384
7691
2110
369
2796
4876
2907
4472
5594
649
5113
5364
2271
825
7596
7570
7205
2080
6761
5185
4491
2080
6227
4708
