0
0
0
10
2
0
0
2
11
1
7
2
0
0
0
0
2
0
0
0
0
1
3
3
0
0
0
1
0
0
0
0
0
0
0
0
0
0
0
0
0
0
0
0
0
0
0
0
0
0
0
0
0
0
0
0
0
0
0
0
0
0
0
0
0
0
1
1
0
2
0
0
0
0
0
0
0
0
1
0
0
1
0
0
0
0
0
0
0
0
0
1
1
0
0
0
6
0
0
0
0
2
0
0
23
1
0
9
8
5
0
0
0
0
0
1
0
0
1
3
2
1
9
0
0
3
0
1
1
1
0
1
1
0
1
0
0
1
0
0
0
1
0
0
0
0
0
0
0
0
0
1
0
0
0
0
0
0
2
1
1
0
0
1
0
1
0
0
0
0
1
0
4
0
0
0
0
0
0
0
0
0
0
0
0
0
0
0
0
4
0
8
0
0
0
0
0
0
0
0
0
0
0
0
11
6
11
6
6
3
32
0
1
2
1
0
1
27
0
0
1
10
1
0
0
3
0
0
0
1
0
2
0
0
0
0
0
0
0
0
0
0
0
0
0
0
0
0
0
0
0
0
0
10
0
0
5172
2464
7827
2489
2459
1988
1680
109
4491
5997
5742
2824
1853
1713
1711
2977
3883
6183
4472
4111
5409
4950
783
531
484
5332
2894
1241
6735
6824
2894
7029
8048
5896
1613
3158
6303
169
5403
4270
7682
2865
6209
945
8002
2020
4405
7998
1872
5348
5133
2422
5046
6077
3832
6263
5272
1164
8151
3305
6437
4022
2663
5232
7384
6124
4017
6720
5332
797
7624
7450
1805
383
6594
4783
1753
5936
7283
1961
3404
5131
7489
4308
908
383
4583
6094
632
2410
7613
6000
1262
531
1680
3989
2629
7675
5350
5890
3968
6434
4577
7287
7287
831
8137
3784
2950
3711
1168
724
6522
6204
6800
2578
796
906
7085
8076
4598
4636
3617
2907
2459
2894
6824
5896
2464
6777
5672
5408
3536
7993
7610
5772
5767
8109
5672
904
3325
1130
5344
3664
2798
6448
6898
2905
7810
5101
944
2724
7929
3654
6918
3507
1767
8103
7934
5629
4857
3854
2464
1830
6380
1545
2228
7810
7490
6107
2235
5821
7639
1859
3390
37
6569
7071
6668
2727
6301
807
6064
933
7775
4872
5053
2566
1586
2419
7151
5232
6116
8191
491
7926
1677
2082
949
7744
4070
6092
602
833
6198
7353
3008
7776
1727
2728
863
908
7192
7085
1934
6023
1773
7521
5722
6728
3802
7303
1029
5403
1396
2252
2229
2464
7307
7744
3452
1266
7610
4037
6649
7456
3808
6449
4453
6195
7318
1800
7142
8093
6501
1266
2041
7906
6911
1686
1262
807
7406
584
4350
722
1988
5629
5896
5403
5738
1724
4036
2727
7482
3008
5200
4662
1243
5588
3886
6332
6966
4454
2461
7548
5104
6995
3126
5865
3162
6518
7707
2481
1107
2247
2459
3158
6925
4491
1988
1988
3851
4870
3132
5053
4692
6876
7755
8046
4903
1130
985
7615
2558
5811
4789
5376
1607
4509
5446
8046
5359
6920
350
1494
3672
278
7827
3196
754
4390
5130
5298
5897
1571
1144
6413
826
4352
6129
7758
6963
5844
2675
1613
906
1789
5821
859
4194
6189
5282
5503
830
6572
998
4583
681
6648
5731
2597
3233
3203
5719
4130
3749
2535
6810
3678
7329
7261
278
6865
7261
6108
6614
1671
705
7643
2618
5739
2229
7432
7445
8111
6613
2647
7541
3093
5923
724
4812
4017
1620
4637
2535
7142
8035
2389
4095
5739
1048
1527
1231
3209
5811
1473
705
1473
6124
1604
2346
3196
5627
5804
3141
3976
4903
1064
2949
618
2230
8091
3666
1105
110
1327
3459
6077
4045
7662
4382
4766
6301
6668
3538
7776
3536
2510
8046
6152
5118
2751
2671
7885
6152
2178
2305
5341
1187
1637
3590
3179
709
8159
1007
8171
6045
7541
456
2965
2431
1401
4424
5510
7343
3283
7895
6119
6501
6994
8073
5419
386
7416
6517
1440
2977
358
4703
3325
1696
7317
6662
201
4382
4177
7420
6802
4073
6523
4720
4843
2559
7572
3488
1481
4688
3650
296
6378
5125
3743
5434
5708
5811
2956
1137
2134
6143
3318
2956
6976
1994
6752
5078
760
4454
8072
3007
3721
4130
687
4524
6809
21
5074
2353
574
847
2543
5745
2724
7744
7906
2902
7312
1170
6189
70
3899
6036
366
924
7810
6858
7834
7456
6572
7037
1981
4598
6408
6909
4495
1757
3819
4451
2426
6181
394
3488
160
2389
1654
5114
847
2601
3854
2186
2578
5811
1430
996
7586
4680
6378
5142
7404
5026
4228
550
6941
8089
373
4849
6805
7646
2706
5695
7963
1027
7306
1773
2905
3627
7456
3492
3672
7805
4496
8111
1437
6497
3493
5979
7367
6378
2611
3711
7364
6247
1796
1773
7103
5276
7353
5833
6031
3075
504
7103
3162
707
6107
5465
4524
7855
7906
6712
3492
6091
7805
1551
1471
7318
6023
996
3710
4260
949
1811
3162
4295
5
1300
6775
2951
3404
1023
2679
4048
7610
796
1638
1258
6825
923
5797
8041
5140
5007
3014
2578
5114
7557
5844
7572
3325
2746
7244
2928
904
4191
1397
796
7859
5767
5811
7313
1796
1114
6281
6508
4052
5
2715
6732
2647
2091
5000
2145
5365
6875
4766
6865
6731
2169
5753
2242
4454
6663
4283
1654
7142
2952
2342
2352
3191
4323
3325
6035
7482
5767
1321
369
4477
6114
7811
59
3149
6798
7617
7523
510
2746
2710
4228
853
1107
5246
6348
7272
7735
7038
7306
7355
1760
5783
5225
7261
4352
1204
4789
7910
325
8191
7861
3682
3631
5354
648
7146
5008
3356
3313
4743
1905
2962
796
7617
496
22
2715
1471
1727
7053
4924
7400
4899
1007
4142
788
1654
6851
7803
5933
1042
4543
6288
4759
5292
5375
1950
6885
7514
8100
7004
4447
2644
3295
5140
7318
6920
5353
1846
1165
273
6536
1503
6736
2559
3842
1071
1571
6536
2902
7934
1029
7176
6034
6450
2752
7214
5514
2654
4280
7438
4486
7687
4014
3891
4306
3710
7349
189
4104
5604
498
6895
2510
7177
7381
833
7192
2904
3634
6235
1958
2265
1584
5993
4366
1293
2753
2352
4169
6419
2932
6172
1080
2486
1905
7540
6224
498
1827
386
6825
7305
6758
7034
3434
4783
4743
1525
4823
2535
5863
1635
5682
1506
3469
1039
4308
7378
6452
3968
1554
7056
2548
4694
7188
5800
5036
4096
3537
4919
6736
1007
1495
6536
5887
4506
5770
1667
2979
3075
7037
456
6600
4848
7676
1105
2512
1074
42
3697
5228
5263
2927
7157
2481
6253
7034
7773
5238
4863
4750
1080
3973
5425
2092
3092
4623
5890
1245
5255
1235
3267
6829
3410
2414
3960
6359
5337
7143
699
1882
6353
2384
5523
5259
3507
5521
4754
628
7914
6330
4729
1842
3645
8133
7207
3995
4516
6882
1020
1040
6249
7846
6265
6179
7067
6131
5867
2698
2895
7725
1864
4744
3902
8139
4271
7738
5198
2463
2646
3487
1430
91
4377
6648
2693
6829
1095
3609
6147
7531
7017
791
5523
1810
7211
4516
7363
3592
4511
1289
6934
5119
7543
7262
7254
3410
2022
6977
1838
7188
7254
1591
1947
1485
3355
7714
2127
1500
1703
6536
1127
2697
5263
4754
36
1365
8118
746
7290
4194
6689
5644
501
6923
