0
0
0
9
5
0
0
1
9
3
2
2
0
0
0
0
0
1
0
0
0
0
0
4
0
0
3
1
0
0
1
0
0
0
0
1
0
0
0
0
0
0
0
0
0
0
0
0
0
0
0
0
0
0
1
0
0
0
0
0
0
0
0
0
3
0
1
0
0
0
0
1
0
0
0
0
0
0
0
0
1
0
0
0
0
0
0
0
0
0
0
2
9
0
0
1
10
0
0
0
0
0
0
0
21
1
0
15
6
5
0
0
0
0
0
1
4
0
1
5
0
0
6
2
0
1
0
2
2
0
0
1
0
0
1
0
0
1
0
0
0
0
0
0
0
0
0
1
2
0
0
1
0
1
0
2
2
1
1
0
1
0
0
0
0
2
3
0
0
0
0
1
0
0
0
0
0
2
1
0
2
0
0
1
0
0
0
0
0
4
0
7
0
0
0
1
0
0
0
0
0
0
0
0
6
7
7
2
2
3
19
2
1
2
5
4
1
24
3
0
0
10
0
2
0
4
0
0
0
1
0
0
0
0
0
0
0
0
0
0
0
0
0
0
0
0
0
0
0
0
0
0
0
10
0
0
869
5691
5840
6310
5019
5798
6677
4569
7673
3585
3188
6826
6553
2533
764
3105
4076
1655
2595
1990
3491
3873
7020
4337
221
6792
2255
5723
6375
2451
5723
145
4736
1646
3574
4240
7791
2277
545
5055
6293
7155
4825
4635
4718
46
3188
6721
589
8038
5004
7608
1216
6639
4400
7700
4513
6697
7081
5123
4218
2451
5007
1923
226
106
319
6014
4736
6061
4218
3399
3488
5284
6057
3933
7756
6677
5067
2129
7797
6794
5201
1631
7717
955
965
1213
4545
7448
1725
3020
3085
1177
563
1968
3712
815
2487
7309
5065
519
1646
140
2830
2672
8016
146
5107
6999
8033
3279
949
6898
1881
5786
7587
5347
675
5015
5472
7446
507
2090
2942
7773
1596
6687
6983
4072
5741
6035
4153
7620
7081
5563
2595
6781
3085
3335
3169
37
4382
1527
5139
6894
1790
6044
4903
7456
2381
457
471
5496
6438
2277
319
2595
4178
4289
1757
4153
2504
1646
2471
2138
7309
5072
5640
2360
6526
118
1335
6318
2820
5865
4496
458
5302
6561
4035
7355
510
5613
726
7559
1646
4358
7372
370
3873
5228
5894
1221
8038
2839
4302
7441
5764
370
3129
7895
3141
6704
1112
6561
863
6979
4993
2395
1515
1266
6704
7835
656
4645
873
1412
178
1261
1436
5723
7526
3579
632
8081
370
4466
6444
2872
281
178
6301
5359
6378
6272
3112
4265
5624
89
6349
6979
6572
5217
5022
7416
7500
6732
3887
3222
3639
5072
8152
6014
1655
4153
6375
1655
145
5790
252
1655
5449
2300
7490
2431
3993
5022
1280
4173
1382
1553
3427
4992
6894
7932
6673
7525
4675
6040
3800
2277
3465
97
7366
1138
4172
3294
4356
7526
4944
7518
3996
7939
5956
4395
5070
7548
53
606
7207
1646
5344
4528
5583
3576
3032
7521
6463
4285
6793
4201
5764
6030
5853
1138
756
1972
5072
5691
3574
7608
3299
3676
719
3734
6908
6301
1527
5816
1073
5631
3753
1646
3010
6668
6451
666
6673
5782
118
7687
118
4970
2223
4815
3461
4358
6184
5984
7717
1727
1259
13
4736
7519
1850
8001
3099
225
2855
461
1259
2395
8019
5675
6405
2272
2157
6092
500
6119
7964
2395
1934
4639
1884
5449
2216
252
4958
1096
4108
127
2520
2398
898
1463
6908
7979
7171
5037
4992
5960
4265
7834
6572
1117
504
5160
3452
2076
1442
1957
1045
5138
3090
2076
978
7125
5627
7882
254
795
6425
1578
4076
5646
2716
3374
6751
5644
2261
3102
6378
4265
6272
1659
1494
6247
4375
2407
7319
5811
4432
6099
3178
1570
3161
6997
7279
5567
743
482
5762
5344
6137
3059
2298
3180
7985
1216
7427
4777
6937
5099
6750
2994
6907
4777
2660
990
3538
7822
5782
7521
7469
1957
2381
6533
2544
4009
3037
3460
5627
448
2208
4357
2006
3847
7324
7309
5956
5088
1103
4722
1131
4010
7932
7936
6873
1130
162
3077
2389
2157
1026
7076
5455
7525
4931
1254
6035
2277
4851
3303
4806
4374
319
3117
1345
4815
5065
3760
7939
5421
2662
1527
3121
1957
6098
2778
2751
3792
7810
6092
7521
5001
53
7076
6704
4776
3707
4153
457
5374
4357
6613
5790
911
2613
4426
3170
3055
5394
3555
140
1138
1411
7648
1934
2612
415
2535
6979
5782
3141
4879
5782
4748
5834
4060
3966
7530
7682
6331
4337
8043
4047
4951
5419
6140
3224
203
5457
4429
4815
1850
2961
769
4524
5566
5070
3350
6712
6640
6704
3069
1957
7657
5782
2559
5785
2431
6318
5449
7739
2110
5350
7685
169
947
4357
6972
2277
6892
6035
3962
728
1866
5732
7939
4849
4662
3329
5865
4823
5070
1335
7225
7140
2743
7810
4976
1525
363
1957
1089
2479
4940
5097
2891
7379
203
2447
660
2599
5034
3789
3314
2296
5805
7408
6618
7421
3693
7567
5503
6941
7272
4780
1662
6633
7021
4823
3501
586
6673
3976
3867
3628
6212
3421
1091
3899
2110
7740
6551
700
3276
6309
3460
1408
20
3778
7380
5647
5420
2548
5549
803
2925
2115
4149
7696
1335
5692
5022
8035
4843
7300
3238
3491
2289
7519
7125
6212
831
3412
1346
1826
7259
3180
6592
4478
1931
2016
2626
1408
4546
7526
1213
3463
876
6856
5133
6327
2972
3075
5200
5005
7503
5777
289
498
5723
4391
1646
4887
4429
3707
39
3399
4153
5202
5457
4857
1004
4509
7389
6708
7453
795
128
4069
6561
7307
39
2118
7112
6696
4988
5791
2512
2110
4784
3515
7003
7526
97
5613
7831
2504
4391
4887
8038
24
1570
102
7453
290
7199
7127
2809
5394
7827
6262
6618
3489
2772
675
852
3571
6679
3642
2949
6824
6898
4709
1411
5786
7836
7219
2216
6061
7608
3992
4357
7309
5764
7179
7717
7766
5407
7320
3020
3167
1319
4027
320
3536
922
2730
802
4703
1308
4017
2948
1680
4542
5527
1956
2699
3762
7195
2872
4075
1266
7214
5293
3113
6290
32
3647
1083
1530
5761
4542
7827
4492
3158
1164
471
945
5692
2333
24
3271
448
5397
1699
6137
1675
237
4997
1613
2271
531
2679
4047
2558
632
1436
1357
5685
6745
4583
7098
2679
1699
2459
3642
4492
574
6563
4330
5567
2894
4482
556
1699
480
3795
747
2445
5856
2576
6720
7418
2252
811
1062
6152
5731
1706
6759
600
7967
7336
7746
4017
5567
7997
2373
4944
3980
3574
4559
4160
4345
7968
6493
6123
4232
7976
4759
2483
2994
5254
3795
4817
4247
727
2229
6137
1304
2532
108
1965
1891
7629
6365
1775
5761
4027
3271
4634
4295
4426
1137
109
2995
5770
5233
7418
974
480
1137
1137
2534
5354
169
3897
7032
3830
5133
2973
584
4274
1076
1096
1932
1622
5435
8023
3299
4731
2118
3007
5168
4415
1865
2902
6953
574
522
8023
4806
4037
2716
3627
289
4971
3470
7785
2354
2155
39
1822
3742
5998
511
1659
7430
4014
2244
102
465
6137
169
1603
4951
1091
2226
6953
1816
1453
2504
102
7059
2468
6959
1309
5932
5421
4642
3795
2219
3321
109
87
7143
3953
1002
