0
0
0
10
9
1
0
2
10
2
0
0
3
1
0
1
2
1
0
0
0
10
0
2
0
0
3
3
0
0
1
0
0
0
0
1
0
0
1
0
0
0
0
0
0
0
0
0
0
0
0
0
0
0
0
1
1
0
0
0
0
0
0
0
2
0
0
0
0
0
0
0
0
0
0
0
2
0
0
0
0
0
0
0
0
0
0
0
0
1
0
0
0
0
0
0
10
0
0
0
0
0
0
0
30
0
0
8
6
6
0
0
0
0
0
1
4
0
0
2
4
0
3
1
0
0
0
1
0
1
1
0
0
1
3
0
0
3
1
0
0
4
0
0
0
0
1
0
3
1
0
1
0
0
1
0
1
0
0
0
0
1
3
3
0
2
0
0
0
0
0
0
1
0
0
0
0
2
0
0
0
0
0
0
0
0
0
0
0
6
0
12
0
0
0
0
0
0
0
0
0
0
0
0
14
3
11
6
2
4
29
0
1
3
5
3
2
29
0
1
0
14
0
0
0
1
0
0
0
1
0
3
0
0
0
0
0
0
0
0
0
0
0
0
0
0
1
0
0
0
0
0
0
10
0
0
729
5247
6571
6384
6393
2080
1030
2034
1830
4224
7093
3835
5232
1845
5708
3416
5143
450
985
5403
7304
1836
860
4328
3435
5010
1595
722
2459
7012
5057
1546
4609
932
3923
4329
783
6980
6035
491
361
568
7357
390
3068
1453
1048
5364
2737
568
5715
479
5662
2941
1088
7730
7380
2192
4830
1473
5975
4329
7234
1289
2894
4478
980
3293
47
5733
1478
4022
3835
5168
6973
434
5173
2491
1452
1513
4194
8006
3671
6612
5944
3483
5843
6743
6868
7497
2252
4217
1430
6824
7207
3684
47
6152
2034
7684
3252
3492
4011
30
5172
4367
3682
973
2654
2956
1470
4800
2898
1236
2268
7494
343
3191
5160
7661
5107
6660
5143
6124
2006
6571
6549
1546
6053
2252
5403
2192
4962
5248
2957
2916
2150
4007
1415
393
6691
3480
3497
5209
7053
689
3493
4847
7575
343
7645
2986
1709
2130
2119
1204
5402
3732
1395
1428
4383
5173
1989
3893
1234
1830
6645
3980
7153
2229
114
8103
6898
992
1546
6307
4294
492
1105
2405
1473
6162
7391
5428
1395
1105
1699
6253
3849
5140
163
7307
5542
3741
5594
1207
5107
2957
2684
4082
2405
1224
6411
3811
5403
2279
7995
4796
3096
47
7408
4251
5906
5147
46
3326
3167
1534
320
4374
1428
4115
2753
747
764
5285
6380
6437
4708
1105
5168
6645
2791
4600
250
2753
4472
4472
6321
5244
7149
6319
5888
2922
4634
6361
6737
7188
651
7395
3416
3402
5964
3197
5403
2737
4441
7203
3650
6203
5168
6799
2957
6104
4150
6104
5537
5331
5014
3458
2024
7243
1733
2679
3732
3732
6321
484
4289
1009
1879
2483
2661
1163
4608
7823
3481
1464
1535
966
7781
3490
7788
6082
6645
1012
390
686
3128
1197
2908
57
2707
5288
5024
3469
7700
3117
3953
1057
5715
959
508
2907
4504
5160
4340
1544
797
2136
4194
1970
4256
5998
2907
6415
4007
3433
2948
1845
7034
1695
8149
3606
2886
6994
1483
3642
7722
4729
335
47
5654
508
2558
1600
1479
5364
5364
1534
7785
5857
2009
2894
2405
6233
5048
2558
5168
5288
4007
2229
7171
1113
546
8017
443
1960
4150
2130
4274
948
1089
5354
1160
2764
6441
5264
2002
6009
1046
7910
4533
2315
7040
916
4880
6645
5475
4448
7437
5364
5288
1873
4340
4508
3335
3984
5871
2517
4855
1595
2993
4607
4275
4607
2093
4764
8138
6020
820
7823
4618
5232
2248
7570
5225
4628
3600
2916
7153
432
7871
3413
3835
7518
7777
4007
2337
1705
2154
4308
8084
1771
1874
5505
7616
3327
6412
5524
5739
1414
7180
4504
3405
4792
3196
390
7171
4841
432
450
1944
6509
1914
6866
3990
4721
5295
1160
2638
938
1963
1972
7865
5684
1853
3005
3833
7473
4220
1088
7380
7497
3589
6735
1040
4852
3790
5514
5998
4478
3416
7784
6055
6620
962
2609
8087
8175
5764
7425
4070
3891
8019
6339
7312
7061
6990
3280
4308
3233
5003
6543
5224
4729
7723
5242
7582
5537
4703
7289
5385
5048
5024
6645
1830
2499
2621
7423
6381
1433
2555
1682
4811
8127
1344
3841
4925
4815
1025
872
3037
462
6757
7705
5385
2467
26
7301
5010
2005
6657
3298
6041
2560
6320
4340
4478
5048
4569
2483
5422
1144
7824
1840
7253
3962
3976
7085
6137
2618
4310
7561
7649
1853
7287
1874
7012
3481
3615
2034
3433
3455
2684
1082
5738
653
1030
6791
1944
5756
2995
33
4291
2339
7497
2762
5971
2308
7041
5586
4469
1139
5931
1318
6936
3179
7511
7554
2275
8075
4880
2217
7012
2415
3046
5393
5126
4209
2439
6612
5520
6710
333
3802
2102
1200
6002
3863
3670
8081
8046
1357
6990
1025
5118
994
6990
1809
6694
7605
1832
1645
5288
393
1275
2002
1769
1769
5105
8005
2632
7303
2033
2292
226
4723
7254
5277
8159
6413
7660
1153
403
5176
165
1656
2858
5235
3050
1334
2158
6516
7306
7753
5266
3861
1048
7518
2979
7755
86
7995
7478
3337
4793
5398
6020
669
7750
3119
1653
155
546
1018
6343
305
1848
7311
4820
5172
6116
3124
5964
3025
4181
3879
1334
4549
5275
2453
7315
4289
7593
3876
4643
7007
7793
5771
6479
5709
6118
5935
4078
5544
460
5634
5799
1578
6733
2476
4916
3162
1048
3762
3267
3060
2619
7428
6814
3327
5909
6645
7090
2146
764
3847
373
5099
4996
3603
3023
5389
1365
768
7188
457
373
2676
2062
7654
6934
4725
1395
5099
5010
4242
1409
2349
8085
2188
4328
3138
568
6227
6332
2558
6041
5095
4916
2676
4343
3035
7478
1501
2230
2982
5285
5161
5743
4568
1667
6903
963
6020
5010
7072
1997
3754
1453
1919
4719
5401
1260
4661
4448
7570
4698
6031
4809
4754
4053
7753
7872
1928
3471
7265
637
2892
1944
1748
2303
2217
5210
913
501
5010
1600
2071
1997
5227
3047
6134
3623
1685
915
7252
7655
3990
7357
1576
2405
1661
1576
7236
372
8103
4624
4953
2284
4651
3682
7051
825
7566
165
6131
2684
7012
2217
3252
3584
3020
394
569
4169
4858
457
5767
1555
5763
57
2199
3304
497
4628
450
2016
1241
5507
1103
6393
2271
1579
7006
2748
6741
5413
7269
7505
1160
7380
1765
5689
5931
5481
2196
4848
5397
7885
4482
3245
1530
1612
3595
4094
3628
390
4317
1600
4017
1917
1917
3120
7753
2854
6449
5630
4737
1613
2699
4112
2830
1160
3899
3318
2957
4802
2265
3193
2234
1366
2926
5620
3091
7409
5839
7362
5309
4835
5594
802
8155
7294
4448
1620
4809
1309
3631
2727
886
3401
3702
1032
7575
2823
6411
4004
1121
2161
6983
2984
7719
1006
3752
909
5261
3346
1919
7605
1386
7453
6041
7234
5288
4007
1155
568
568
5394
925
7167
3010
1384
2328
2999
5433
912
5418
1534
936
831
2603
7420
5928
5003
1386
4352
6660
7048
2806
2579
1310
7294
6473
1457
4504
5363
3291
3685
2209
7965
6469
7297
5395
1519
1275
7577
825
2357
7187
1473
6459
5078
3460
1949
1739
3835
1929
3684
6956
4946
4046
