0
0
0
10
10
0
0
1
9
1
0
1
1
0
0
0
0
1
0
0
0
10
0
0
0
0
2
2
0
0
0
0
0
0
0
0
0
0
0
0
0
0
0
0
0
0
0
0
0
0
0
0
0
0
2
2
3
0
0
0
0
0
0
0
0
0
0
0
0
0
0
0
0
0
0
0
0
0
0
0
0
0
0
1
0
0
0
0
0
0
0
0
0
0
0
1
12
0
0
0
0
0
0
0
26
0
0
9
9
4
0
0
0
0
0
0
2
0
1
0
3
1
7
0
0
1
0
0
1
1
0
0
1
2
1
0
0
2
0
0
0
0
0
0
0
0
0
0
3
0
0
2
0
0
0
0
0
0
0
2
0
0
2
2
0
1
1
0
0
0
0
0
3
0
0
0
0
1
0
0
0
0
0
0
0
0
0
1
0
4
0
8
0
0
0
0
0
0
0
0
0
0
0
0
12
5
8
4
5
2
28
3
0
2
0
2
4
32
0
0
1
13
0
2
1
2
1
0
0
1
0
1
2
0
0
0
0
0
0
0
1
0
0
0
0
0
0
0
0
0
0
0
0
10
0
0
2489
4546
1746
2736
6761
2002
6137
4255
421
397
1366
3661
6262
2676
4293
4627
1060
3716
8166
6417
4146
3439
4379
6818
2343
2211
6024
4444
3986
6823
5877
2202
1381
6826
3066
4933
7942
5403
2686
6876
4340
465
397
2339
2639
2200
2541
6416
2162
4283
625
425
592
7229
1227
1013
7070
239
5761
5398
845
3115
8136
4914
897
348
3240
211
6510
837
4146
6661
1010
1834
4911
8074
3742
8053
1900
5873
162
8106
6914
472
2830
5664
7425
6941
1637
4872
7418
5332
1550
6137
3711
6295
5687
3314
5892
276
7986
3494
4914
1672
2513
1095
8080
952
2557
3314
1539
3212
3978
383
62
3004
5927
3398
2209
5045
1671
2401
7011
2017
2540
1965
3671
202
5129
166
490
1675
5073
3656
4670
2678
7244
5374
4623
5761
1440
4024
3669
7057
5944
6839
5920
976
5998
4940
1354
5736
3162
3002
1308
6992
4531
1534
3711
4442
3625
5477
1756
4161
5312
7297
3225
2513
5735
7755
229
2601
6969
1546
7200
6371
5707
7393
7617
5450
1468
2303
5371
8190
481
1131
3560
3712
3859
1709
3913
2273
1425
6796
7294
5046
1025
3005
7214
8080
4796
6157
2980
4334
4881
3712
7886
3159
2077
6831
1234
6294
5631
3466
3549
2774
899
1961
4525
237
531
3434
3654
729
1445
4559
4150
7673
7916
3712
869
2512
1761
7839
4953
6261
7736
2303
6095
6263
764
1479
2443
2603
7234
6818
3002
6393
2538
5140
2605
421
3592
6462
6272
8025
695
494
4045
8175
7788
2271
4065
4179
4786
7839
8119
3484
2981
7989
6649
7976
2447
3390
2586
4005
3862
5608
288
2686
2184
1585
5877
5063
3133
5518
5591
6818
818
7433
3039
263
808
8103
5925
8123
1479
7138
7120
2667
4490
7154
7954
7732
4912
5726
3538
6354
7416
1931
6436
2832
5305
6272
5829
5399
5734
2167
4912
6677
4607
246
3737
6910
3150
7015
4167
5871
2979
7363
1735
5763
4642
7484
825
1821
209
5892
8048
1884
4710
5196
7585
1835
6709
3391
1113
50
644
36
3353
5026
7721
84
2247
2085
3626
2564
7873
2194
310
6560
5015
5234
7130
2986
672
5065
5174
6791
4263
2462
6591
6506
6937
6544
1429
5048
305
5263
6020
507
6252
825
3313
5935
2816
515
2833
1113
2095
5394
2956
625
6682
2838
6169
933
4953
895
7687
215
229
5419
1011
8064
6009
1493
859
2565
6843
7034
1962
5404
6635
4291
76
1074
95
7324
3644
4005
971
2575
3760
102
3170
4181
4943
7984
5920
5419
5344
7190
6069
2279
2796
2063
2013
6698
6527
2907
7596
1620
4017
2601
6945
1871
1368
5438
6839
1401
3760
4542
6375
6839
2194
2575
5862
1990
4228
3464
7806
5324
932
2630
7545
4139
3993
37
4692
4379
3993
6438
825
2679
2248
7006
6369
727
788
6570
711
3294
6311
807
3813
6987
7303
6474
2849
275
7644
4038
1488
47
4955
5579
1395
7915
1675
6656
2948
1488
3740
16
7063
5682
7292
3168
24
4082
5077
4737
730
1884
4815
2194
6065
2965
7518
7493
5455
8037
7212
3539
2680
1850
1976
5756
5118
1989
6137
6330
997
4089
1137
254
4448
5975
1038
7732
1046
4027
3443
5997
6473
5565
7372
43
5871
4390
5454
933
1850
2716
1699
169
551
2669
4179
851
260
7171
4944
5882
5020
2533
2379
1988
4255
3671
4089
5560
254
2916
1769
5885
6367
6131
8048
6040
4281
6474
1103
5805
6130
2849
3294
1401
2544
5402
4211
1741
5762
5066
4887
5245
5756
536
1716
6649
3405
4670
848
3051
7494
4338
839
3779
4263
3683
6339
6014
3707
7603
4944
7020
95
3841
3683
3170
2685
5942
4425
2196
7068
3806
5739
2177
3741
6395
1024
4881
4152
3266
6503
6724
48
1824
1261
7532
3707
3708
6579
380
2595
2171
4209
220
796
2033
6444
7856
2812
6274
5524
528
4305
5980
434
817
2994
4146
4326
3995
5430
6526
7583
7256
680
1447
2297
3648
5942
2194
3536
1274
1432
4590
7831
6908
5098
5398
128
2592
7428
4816
6742
166
7298
1411
4525
6892
2434
4652
4670
2273
7077
5588
1311
7931
2922
5225
4001
4471
3579
1221
4231
1389
6065
1025
6466
399
5392
635
4095
1871
4737
1372
6190
5009
8027
5019
3986
705
3392
4018
4089
1356
227
6937
6426
450
120
3625
7751
3366
7977
3000
735
434
1440
3683
5862
6808
4592
2339
7980
5107
434
6109
2443
48
1886
1856
4835
999
7281
4152
5746
2219
3176
7573
998
2728
1740
6258
5814
2838
1833
1958
2285
569
4931
6375
2194
6177
1735
1836
3504
4017
4716
7805
3305
5921
1750
5364
5877
7303
3024
5689
2918
3701
3627
5622
5102
7997
939
5579
4361
795
5115
7223
2586
7287
4970
4181
2555
4490
4855
6759
4415
6059
5975
4492
7545
4606
4217
210
2464
1590
7811
4604
7190
2496
5725
2252
4672
469
7344
361
2442
5739
5997
47
3402
4607
6867
1998
1939
1756
92
4568
1270
6548
3594
3878
2368
4809
7485
4390
783
229
5350
5545
421
2678
499
3153
2808
3082
348
2309
5495
6553
2678
4139
5688
1444
3833
7184
8087
5313
4448
5343
1863
1672
3260
5701
4482
6263
2309
6242
163
5322
1385
3191
7684
7304
6761
4018
4575
288
3494
7582
418
5427
1488
202
7756
3941
6742
3648
4627
6224
6553
2507
7031
6709
1075
5447
5801
6827
2359
7451
643
5514
229
6036
2540
7431
3212
5945
5889
7418
1571
2253
5650
1803
5019
7874
6520
4609
6277
4871
7284
5982
5735
6828
3542
4522
6442
4914
466
3454
4074
5167
896
1060
5276
3664
6612
3304
3988
5160
2019
5113
1238
2184
4146
7689
5668
5985
3284
4270
613
2779
5730
4881
169
1234
539
87
7647
948
3305
1514
1732
5024
643
825
3196
3510
1050
3089
5282
3795
6071
5214
538
1133
5531
5352
1584
727
6438
2825
2130
1965
1105
1534
3186
6183
4702
4881
7356
1790
232
2586
3730
6976
260
1774
2309
7910
921
7223
2405
5077
5126
5739
6327
1621
