0
0
0
10
11
0
0
2
10
1
0
0
0
0
0
0
1
0
0
0
0
10
0
1
0
0
1
3
0
0
0
1
0
0
0
0
0
0
0
0
0
0
0
0
0
0
0
0
0
0
0
0
0
0
0
1
0
0
0
0
0
0
0
0
1
0
0
0
0
0
0
0
0
1
0
0
0
0
0
0
0
0
0
0
0
0
0
0
0
0
0
0
0
0
0
0
11
0
0
0
0
0
0
0
23
2
0
6
7
7
0
0
0
0
0
2
1
1
0
1
0
1
3
0
0
0
0
0
2
1
0
0
0
0
1
0
0
2
1
0
0
1
0
0
1
0
1
0
2
3
0
1
2
0
1
0
0
0
0
2
2
0
1
0
1
1
0
0
0
0
0
1
2
0
0
0
0
1
0
0
0
0
0
0
0
1
0
0
0
3
0
6
0
0
0
0
0
0
0
0
0
0
0
0
14
4
8
6
5
1
28
1
0
5
0
0
0
26
0
1
1
12
0
0
1
0
0
0
0
1
0
0
0
0
0
0
0
0
0
0
0
0
0
0
0
0
0
0
0
0
0
0
0
10
0
0
3322
5629
2002
8163
4615
4041
3626
5420
1963
350
5832
3639
3878
3574
6405
1366
4590
679
7234
6990
1850
3812
1735
4671
4209
2603
6313
7509
7172
612
2310
7455
2464
1029
5440
181
250
4409
281
3760
6311
5841
3211
2926
6212
2049
5473
1913
1327
4982
4944
3026
2033
7608
3970
220
1704
2680
6133
6351
1303
3913
1609
1843
4745
6944
2975
5236
3544
2417
7185
7519
4193
4167
5379
8149
7751
6815
3831
2193
6217
8149
3294
627
7248
2882
5562
3213
6665
1135
5610
3446
3946
3789
7554
1290
2734
339
612
6713
3211
3026
1401
5848
354
990
262
3233
557
5295
1655
3311
7423
6035
1850
3361
4305
305
6668
2119
7952
7186
5828
7994
7011
2635
4327
1212
363
3378
84
3132
873
873
5228
6579
3505
7302
3841
4597
5557
8115
2952
5972
2576
6808
1212
4174
3597
2464
2059
3608
6489
6451
5633
1504
2632
4204
4292
8069
6375
6431
5871
2468
364
3424
1641
2082
7054
3170
6612
7462
5589
4329
6249
7882
553
1814
7463
2278
38
518
916
6709
2436
3294
6339
5621
6896
2384
3493
784
3294
3297
4167
6190
7462
817
3510
3978
3628
4548
3689
3041
6034
7596
1356
6783
8066
2805
7839
7935
1586
3472
6375
5335
3303
5862
3294
938
7739
5862
3294
5621
869
3327
6610
547
6922
5605
6544
6602
305
5016
4797
4204
6440
2405
840
2247
3904
539
3471
8017
7489
6719
660
4811
1760
7990
4330
1671
6311
769
7994
6782
2434
7383
2233
4484
5877
5292
2244
7784
2543
1548
5128
4809
1709
4580
4974
1605
2498
7138
3812
5044
628
2917
7929
5036
4531
1790
7004
679
6375
7120
7129
547
3750
5913
4048
7781
5715
3480
3455
4753
260
6188
7674
3437
5838
2901
1261
5876
9
6121
1170
6476
6919
2917
7681
1451
7298
971
7192
6527
2575
2226
1113
5788
6073
7662
6810
3218
4070
2907
4011
4291
5626
1829
2842
2964
7423
6780
387
628
1472
994
5819
7466
2140
6459
1299
7462
1548
7620
1850
268
1134
898
2344
4394
5048
2684
2791
6031
715
3728
3742
6537
1829
220
8001
4308
869
4642
4746
2613
5675
4273
6365
5636
5241
1726
1698
4139
6552
8003
5562
6300
2680
6180
498
832
2890
6650
6587
5893
2637
2754
7238
647
3874
5583
6560
4931
2006
5862
2093
6886
5761
5913
2575
3810
1191
5413
8167
327
8034
5945
5223
5337
7176
7463
7327
6695
5444
7609
6808
1706
7345
3306
6086
2301
2095
4308
6839
5394
7303
3162
7366
6886
2727
4310
5924
2138
599
5478
4228
2439
524
8096
3839
5047
3412
3417
1149
469
5170
7881
6219
6607
2375
7151
1728
5083
3817
6413
5871
4528
994
3664
6134
3495
2878
4249
7768
7867
4211
6249
5493
7537
2278
1556
298
4377
252
484
4070
1613
4737
4153
1346
2226
869
8144
6906
2901
285
1891
5357
495
1646
1919
2793
7469
3721
830
3096
2006
994
6990
1972
3882
5771
936
633
5766
1203
7177
1350
7725
2563
1603
2969
3026
4659
7819
1385
522
2222
6881
3954
7503
1471
1905
317
3528
2992
5452
586
1061
6311
1025
3639
3276
275
7983
4025
5827
3151
4096
393
6824
8175
7523
2908
7667
443
4639
7342
1829
647
1368
7295
3294
5938
906
2973
3998
1004
611
1327
413
7001
5787
7449
6161
2488
5052
103
6426
637
1709
6440
3134
5406
370
4482
6244
547
2752
647
7792
2158
7129
1367
128
2694
6529
3156
3859
6308
1058
5759
5862
2033
2226
515
1202
6964
6419
4597
7326
396
2339
4880
5361
4405
2313
370
2927
4352
7836
4871
1303
1191
5544
3143
4736
2849
6774
4360
3834
1486
994
5152
6087
3302
7839
4597
2653
6353
2223
1635
4609
4475
4202
7093
783
457
6139
6566
5186
3346
958
6694
4275
3210
6027
1939
4263
3031
6236
4800
3683
5473
3294
2613
5841
2639
440
4268
656
615
6737
7350
4264
6060
5579
3909
3643
6990
6311
1897
4838
5164
7283
7475
1314
5046
5788
7481
6910
2488
7571
5543
3683
7081
7620
1317
3738
1767
411
2464
6722
6967
7967
4202
924
7827
550
5824
4329
8152
6418
5666
5016
3914
5696
879
594
5548
7792
4629
6033
680
400
3802
4931
4633
519
6920
3206
4513
4491
6415
2022
1538
2516
4710
1206
1290
1024
7205
3469
3114
5598
3132
1093
4013
2893
1092
7728
953
3984
5535
6989
7613
3875
5046
1683
6342
95
5870
3836
6755
3021
6227
393
2764
3262
681
1488
211
4348
7692
3715
3955
7489
5023
427
2126
650
7279
7781
4858
6228
3002
740
4291
4136
6246
4012
8146
4115
2498
7881
190
170
2411
7497
7209
5567
5710
3559
6660
1057
1890
5012
2346
434
5322
4934
4934
7406
109
30
4623
4851
1620
3959
1620
6437
6401
113
2804
4305
5523
7881
637
1312
6895
5627
7640
7437
6656
1513
6756
1564
7985
7601
4341
2499
3480
7679
3184
7691
1057
7902
5020
5507
4491
959
2741
5514
4610
6313
7708
5550
5170
4746
356
4329
389
3331
6407
5977
5977
254
1709
683
3834
6648
1948
825
559
2629
4317
5731
5956
3181
783
5364
90
4312
1873
5608
7592
4269
1537
5885
5307
3918
6614
3542
2949
370
7979
4816
4192
8021
1070
6437
2684
3835
4297
2788
6680
2854
2938
1739
2796
3510
6777
7699
32
5884
6794
845
1680
4622
6496
7634
6049
7952
5382
898
2866
1595
7851
101
1907
909
6303
2130
541
3589
4270
797
5290
2907
5185
4038
2560
2182
7844
273
602
6368
6276
2061
475
5322
297
4104
7212
465
140
4358
1882
423
1532
1765
7716
2128
1655
2051
4448
951
698
6321
4753
5707
448
2049
6778
6196
480
3212
4689
3585
5099
6437
3225
6262
425
2017
3617
8089
7180
2470
726
7608
2037
815
6186
3589
6132
844
4532
4914
3291
4366
281
2595
2128
3211
1998
8107
2010
4431
1948
2227
3260
5432
5746
575
5385
1970
5668
3383
2426
3320
1395
4623
5332
8105
109
695
714
7398
6918
2279
