0
0
0
9
8
1
0
2
10
1
0
1
2
0
0
0
0
0
0
0
0
8
3
0
0
0
3
2
0
0
0
1
0
0
0
1
0
0
2
0
0
0
0
0
0
0
0
0
0
0
0
0
0
0
0
1
1
1
1
0
0
0
0
0
2
0
0
1
0
1
0
0
0
0
0
0
0
0
0
0
0
0
0
0
0
0
0
0
0
0
0
1
1
0
0
0
10
0
0
0
0
0
0
0
28
0
0
10
9
5
0
0
0
0
0
1
4
0
1
0
3
1
5
0
0
0
0
1
0
0
0
1
1
1
1
0
0
2
1
0
0
0
0
0
0
0
0
0
2
1
0
0
0
0
0
0
1
2
0
0
1
0
0
0
0
0
0
0
0
0
0
0
0
0
0
0
0
0
0
0
0
0
0
0
0
0
0
0
0
4
0
7
0
0
0
0
0
0
0
0
0
0
0
0
12
5
7
7
3
2
29
0
0
3
2
1
4
25
0
0
1
11
0
0
2
1
0
0
0
1
0
7
0
0
0
0
0
0
0
0
0
0
0
0
0
0
0
0
0
0
0
0
0
10
0
0
8105
4392
6147
3775
1680
2112
5335
987
879
4639
4498
7601
512
7275
6361
6220
6263
419
3645
3161
4570
6021
7029
4484
3386
5997
3851
6263
1699
3790
7077
651
5050
4634
1826
1055
7911
5748
5982
5475
4033
5688
6510
5596
5449
1234
5344
811
5485
255
6263
2538
382
1675
2190
5113
44
4572
2657
5862
4027
5168
3608
1157
6666
1137
6181
3442
5043
1136
6415
1699
7093
1876
6514
6668
3414
2017
3301
5376
5223
4560
2271
5627
3775
569
7627
2856
4317
6802
1447
7078
5627
4618
3706
6549
5220
3747
4524
2271
1929
2734
5237
4521
5896
597
1164
8021
5250
4679
7747
4798
1913
1721
3501
8084
534
7908
2286
6040
7673
289
1345
1137
7154
4666
3666
4689
6000
6320
7229
865
5077
3464
2104
6319
135
1680
5143
5850
3458
2516
2688
2688
1942
4119
1995
3102
5690
1675
8047
1956
3058
4478
4273
2137
4983
2019
7113
5824
1305
7882
5520
7716
7469
1672
3050
7884
3030
6498
4618
4164
6320
1232
2792
2647
5245
7292
2094
1296
942
4900
6521
6797
5921
2446
868
3865
3977
3785
1272
1535
3004
5801
6008
6409
4874
5596
6994
6198
4693
5927
2316
2894
3464
4334
5328
3232
4857
6738
5358
972
1607
1671
6004
2810
211
1695
5064
4827
1038
1272
3259
6877
7582
1637
3668
1473
8023
2949
4017
2459
5188
2939
3364
6735
2405
5753
7586
4594
7954
5326
6129
1411
3010
7180
1818
6015
4983
7140
5937
2678
4338
2009
1890
3681
217
5731
5731
3651
787
3039
1680
4017
2808
1010
6937
5120
4524
6818
6322
6464
924
3011
5326
6588
2603
7827
3158
8084
1525
6259
4935
8000
4273
1173
2009
2308
4255
5485
1836
2199
2679
5972
3356
4315
5306
6593
5318
699
4655
5842
1659
2788
1003
3335
1011
4964
7415
2229
7607
838
6195
3223
5133
7393
2948
1653
1666
5715
5731
2512
2284
1680
7827
1823
5572
5820
6877
1261
6006
1518
5004
3741
3188
3599
6195
5260
396
2260
3694
2750
2678
6154
5085
2995
4426
3299
3667
777
3666
3205
6456
3401
2023
5024
1830
7051
1281
7022
1741
6425
6605
5170
620
6046
3941
2225
111
6673
3068
5474
2448
6980
3795
1989
6327
4973
807
3299
3443
2548
7593
3635
7806
6233
6964
4078
4137
6471
3975
1813
1503
6435
7638
1336
610
233
448
5118
8072
4453
7396
4912
6649
7106
3455
4900
4027
186
4027
5176
1672
4753
3742
2541
7154
6209
3815
1451
7412
3097
804
7532
5016
2536
775
4967
1093
6646
5015
444
1694
488
1823
842
3173
3773
6475
4731
3651
7255
7418
4426
5782
2948
95
3468
2470
6161
7480
5968
7181
7875
891
3879
1033
2190
2944
7035
1390
6159
4814
7178
7776
3291
7419
1803
3585
2229
1154
5833
7078
1309
2520
3167
5033
4514
5276
2637
5731
3779
7616
3302
2722
2621
4313
944
3590
2685
6920
3035
8181
6209
7557
4326
5220
7926
4878
2783
7033
3599
788
5283
7079
1819
5247
1775
4169
756
896
2661
3747
3829
4158
336
710
6966
2247
278
4887
5675
7819
5800
873
599
2846
6081
5146
4707
5369
4251
3809
1331
5680
6191
1584
3536
4056
5627
5010
1017
5779
3389
1824
6075
4176
5827
3882
6612
7234
5154
7059
2186
5527
5001
3132
2189
5122
1372
1489
4764
1124
7854
6454
2676
7106
960
5584
4337
8113
1989
2061
1048
3403
6454
3480
7689
8003
5697
4490
6839
5394
6668
3170
7
7934
5675
5176
5630
1656
3493
879
1605
2700
3541
3899
4668
4349
4914
1236
4759
5430
6831
522
3186
7872
4084
1607
3875
5144
4208
2814
5287
6886
2194
3263
5377
5181
366
994
1025
1959
5372
474
2561
5046
1318
2013
2496
69
2289
5382
1105
4464
850
779
5398
5244
3098
2121
1323
449
1232
6214
6805
5327
1436
6143
2041
6961
949
6339
3339
397
3938
8049
7708
70
7667
7718
2366
759
6082
5157
3575
1488
4693
731
254
6497
7506
5170
5655
6296
4410
7499
507
2894
5627
457
3937
5615
5001
4249
5787
667
7249
7249
962
1563
8049
7192
5701
7661
724
678
5301
2516
6945
643
6393
4242
8000
8072
550
1191
1537
6977
1972
1682
3049
5327
4542
5318
3508
5998
3209
1909
3990
7181
661
2237
1891
606
3585
4701
1331
7563
1740
1493
1608
2494
2676
5129
635
6416
4500
5926
375
3179
7528
1984
2769
209
2194
7422
794
1176
4824
5730
820
2449
2992
2892
5224
777
440
3702
5517
5945
5945
606
4594
2629
2343
595
3223
1780
2882
953
5270
962
659
3717
6743
6882
1068
5969
2259
2339
8075
2263
5596
2017
1780
1479
815
7235
3463
259
4492
5363
3639
2544
5007
6796
960
8081
6481
170
3443
7207
7934
2346
6104
2708
7323
443
4161
5406
2519
4569
7209
2643
3786
3510
4759
6176
743
7852
369
3848
1441
2061
6510
2017
3120
7015
3964
1466
3755
5412
2279
4142
1621
6824
3196
2448
1336
6194
2680
3424
3740
2118
2285
5338
2324
7765
6320
1836
4401
2806
2304
6654
728
3561
7753
5762
4361
254
3941
2632
6137
2868
6700
8103
7626
4534
7989
7450
1460
7793
6180
4131
3469
1699
2015
896
718
2884
54
1863
3004
3857
5430
2377
7823
3455
3480
4329
3020
5650
7484
143
6892
4110
1155
7093
8155
6189
4658
6605
1557
6381
3670
1532
358
531
832
6450
1823
5477
4529
7682
4628
139
6262
3589
5236
2229
3642
4112
4374
6060
6884
8106
6247
7776
3625
7484
1752
2260
1775
8030
7524
4966
245
4092
4202
4255
8151
4448
4759
924
559
7015
7644
7011
210
3455
3391
5382
7491
7389
1716
5714
2632
3002
475
4342
6059
6587
6884
3637
877
1971
7980
2002
6291
4779
2777
3389
214
2118
2150
12
7596
4485
3085
210
8006
7680
2501
254
4150
30
4217
5038
4846
1319
7160
1997
89
2578
6953
1836
1523
1242
5725
6380
3469
2496
6408
5918
2942
5143
6588
7583
1818
802
5715
959
959
2597
3085
7781
48
959
6452
6619
2973
35
5220
