0
0
0
10
10
0
0
1
9
0
0
2
0
0
0
0
0
0
0
0
0
10
0
2
0
0
3
3
0
0
0
0
0
0
0
0
0
0
1
0
0
0
0
0
0
0
0
0
0
0
0
0
0
1
1
1
0
0
0
0
0
1
0
0
0
0
0
0
0
0
0
0
0
0
0
0
0
0
0
1
0
0
0
0
0
0
0
0
0
0
0
0
0
0
0
0
8
0
0
0
0
0
0
0
27
0
0
8
6
9
0
0
0
0
0
1
3
0
0
2
0
0
4
0
0
2
0
0
0
0
1
0
1
0
2
0
0
1
0
0
0
2
0
0
0
0
0
1
2
2
0
0
1
0
0
0
0
1
0
0
0
0
0
1
0
2
0
0
0
1
0
0
1
0
0
0
0
1
0
0
0
0
0
0
0
0
0
0
0
3
0
5
0
0
0
0
0
0
0
0
0
0
0
0
9
6
7
7
4
2
25
1
1
3
2
5
0
26
0
0
0
12
0
0
1
2
0
0
0
1
0
0
0
0
0
0
0
0
0
0
0
0
0
0
0
0
0
0
0
0
0
0
0
10
0
0
659
4797
397
7681
7733
3343
3617
6612
2401
3163
4275
2411
5077
4329
3139
3005
996
4754
453
5727
434
4015
5209
5835
1049
4478
3001
3093
5129
5129
202
3240
6835
3181
3932
911
971
4436
3101
2194
3294
6807
1093
7183
2285
4892
5061
3424
6171
3534
1085
3878
6288
524
7107
2396
3959
820
4594
5476
121
1209
202
4670
5735
8007
5400
1865
6991
2658
4230
769
994
8107
710
5869
6620
6357
2048
7291
905
5293
5632
5694
2189
218
2571
6971
2851
4914
3449
4878
5408
2633
5858
2541
7536
4773
3605
5992
5420
549
817
1342
4659
4528
1946
3761
4137
4986
2655
901
4115
1553
6936
4024
1141
5771
6840
2299
6590
928
6018
6434
5174
6803
1602
6395
6610
1006
3887
805
43
4323
1556
3061
5509
1344
6121
6966
5651
7854
197
6605
8008
3707
134
2536
6190
6236
490
7982
903
1422
1322
282
2506
5428
3581
8188
3904
474
905
50
7185
4126
5749
4786
113
2043
7976
1300
3654
1768
1643
1814
5943
3574
5356
3143
1939
1557
1322
6500
2278
4208
7701
1499
3820
3477
1242
4569
8133
1314
3786
4497
4172
8043
5383
7048
3206
1612
3041
4764
4441
5225
2795
2189
3203
6853
2194
1682
6274
5598
5769
7119
2536
883
2417
2667
2865
5319
4921
4061
325
746
8191
1409
1479
6217
7306
6887
4617
5009
2667
3626
445
7710
7227
3636
735
3760
3760
2433
77
417
2915
5401
5876
6033
8005
4336
3247
7190
4955
2808
2439
8091
3810
2544
5023
4590
6270
5063
3059
4360
4631
4548
5872
3041
5905
6353
3650
1454
5952
3152
6627
4440
7778
4607
3772
7203
5691
2065
8168
4498
5805
1698
2264
7485
2878
6526
1882
4911
4366
4516
615
4663
2680
7007
7631
1735
6742
6424
5673
2041
5189
4112
8127
1553
1605
4047
1810
2544
3752
2700
4814
7890
5367
7190
6801
7340
2249
383
273
7071
7461
6627
2591
7427
730
490
3648
6247
4308
3756
6274
4483
1361
4835
2687
4577
1422
3492
7752
4005
2107
691
2619
533
4778
2343
138
3442
1008
2733
7985
1476
7726
5423
7736
2104
7530
220
3156
5800
4005
43
2685
625
5550
1606
8029
3597
4209
5938
5938
7721
95
1641
6399
7391
698
4293
121
1902
2619
3603
2243
1661
1536
6516
1345
83
3003
3206
4483
2685
3683
7136
6331
3026
519
7030
3918
5853
994
1671
7620
128
6886
6788
3501
4670
2465
960
4158
3597
1656
387
6253
7132
5263
2058
1191
1029
2986
6998
7935
7612
1366
3026
3683
4743
2575
2379
3531
7393
3257
2956
519
5394
1366
7721
6789
4368
1633
3335
2093
5015
8144
7325
4786
4405
4314
528
3371
6150
4888
2405
3680
3424
578
1366
5862
3318
7234
87
7602
2006
6851
457
5394
3257
1655
5049
3336
6882
6829
5369
4944
1085
126
4316
8144
5023
4549
336
4511
7389
3542
4216
6053
7829
3179
667
1366
6114
366
5375
6490
1385
3209
6405
3536
6755
5210
7948
5175
4839
4691
5046
1682
5762
5233
2300
4005
7078
6169
4529
3557
6571
1254
880
1626
4740
550
2606
667
906
5433
504
4469
3664
7353
5449
7043
7543
8133
7537
2384
3385
1210
6413
4936
831
3024
5862
4925
4268
7532
5467
3944
2416
4930
5814
2433
4153
747
5545
711
7856
4866
504
7912
7577
6758
3164
1989
857
4800
2544
4805
3956
4943
5788
6515
7120
6474
4916
4724
8115
4930
1558
4966
6586
4913
1959
7020
380
6883
6095
7057
7020
1869
4804
2193
2049
5962
3664
3257
4273
7078
4590
457
1815
6504
745
1810
6435
341
191
6006
2275
4078
1756
6270
301
2506
7754
7081
4768
6339
1366
6254
6976
7355
5952
2284
4177
715
4524
1435
3209
1061
5862
3421
6444
6290
2148
6625
1842
4887
1982
6410
2786
5186
7949
609
3156
3491
7081
2033
2694
2644
5233
5004
1903
4706
370
308
5692
73
1387
3366
279
1061
2033
268
6507
2714
3704
6671
4490
4608
5761
5493
720
7536
3794
1663
6420
1421
2141
2477
6641
7612
7073
4026
3913
5633
4010
3594
1800
7303
7620
6936
1741
3108
3683
1963
679
2716
2577
2752
6783
1783
979
4021
7798
6123
4793
2038
2352
1851
8112
3956
7611
5203
305
2506
6405
1204
5302
8177
3380
3209
5675
5922
775
5969
2194
6490
4263
3203
2561
7619
5800
929
3353
3586
4442
4569
2390
7383
4174
199
199
602
6785
8103
7451
1314
2006
3026
5233
3108
5233
4469
102
3276
3537
1609
4526
5767
7839
5196
2930
1913
6616
270
6710
6408
4980
3468
3472
7775
6531
3920
3920
7056
644
5127
2346
1549
8081
5400
6466
3831
3026
3026
3932
2436
2293
622
6122
1842
8047
426
1785
7768
4079
6208
732
3883
5000
6733
3649
7138
4107
5468
654
4543
3177
2530
4058
6136
7200
7105
3841
3211
3026
3831
4358
5234
2394
4158
915
823
5444
2175
7451
6367
2972
199
4427
1094
4583
8091
913
2462
5717
4751
4990
3849
712
2826
1530
528
670
2326
1108
3709
6331
7081
318
4501
7668
3295
158
6352
6590
2465
1209
603
5053
7885
7024
738
1008
2253
6569
4990
1814
4990
8191
457
746
2635
1923
4078
5872
5974
293
5719
3099
7286
1368
339
7423
1112
6945
913
8025
3682
7123
201
5346
7171
857
1976
5258
6456
3616
1372
5745
7559
2979
4944
1970
7518
3740
6412
3387
7027
4113
339
7694
874
3456
1632
7879
3645
4415
4793
7229
7591
2405
4925
5106
1314
2219
245
7556
7380
941
4577
3534
2693
2006
3257
5675
857
2252
826
1612
1903
1405
4071
2282
1194
6813
4500
5308
6829
1363
5079
7570
1576
7570
5804
747
7554
4154
5107
1839
1969
3741
1113
5046
6253
4944
4925
3257
2186
5761
5332
1711
5711
6620
5089
2883
5866
6803
5405
492
4754
3060
6719
6159
3353
4785
1028
4232
5157
38
640
7190
2835
4233
851
1549
2313
1671
5433
4080
5433
6405
3153
419
931
5772
6044
325
6895
6895
2635
2795
4719
6003
3938
2158
754
2716
