0
0
0
10
7
1
0
2
10
2
0
0
1
0
0
0
1
2
0
0
0
10
0
1
0
0
3
2
0
0
0
0
0
0
0
0
1
0
0
0
0
0
0
0
0
0
0
0
0
0
0
0
0
0
1
0
1
0
0
0
0
0
0
0
2
0
0
0
0
0
0
0
0
4
0
0
1
0
0
0
0
0
0
0
0
0
0
0
0
0
0
1
2
0
0
0
12
0
0
0
0
0
0
0
25
1
0
8
8
7
0
0
0
0
0
4
4
0
1
3
1
2
4
0
0
2
1
0
0
3
0
0
3
1
3
0
0
2
1
0
0
1
1
0
2
0
0
1
2
1
1
0
0
0
1
1
0
0
0
1
0
2
0
0
5
1
0
0
0
0
0
1
1
0
0
0
0
0
1
0
1
1
0
0
1
0
0
0
0
3
0
8
0
0
0
0
0
0
0
0
0
0
0
0
9
6
10
7
3
2
29
1
2
4
0
0
4
26
1
0
0
13
0
1
1
2
0
0
0
1
0
2
0
0
0
0
0
0
0
0
0
0
0
0
0
0
0
0
0
0
0
0
0
10
0
0
7229
7229
5687
6973
1602
4329
5322
3806
5272
5886
8011
1023
4708
4708
5275
4224
2410
7798
4880
5322
698
635
1765
5275
1765
5275
5608
5275
486
1023
3326
7670
2764
1765
6002
6385
4502
2484
4375
137
778
4605
3577
5057
5248
3433
7745
7143
5322
7143
778
7995
3121
5248
778
7148
1087
7745
778
7591
778
7592
778
2764
4329
6188
3572
7910
575
4950
2922
1559
5171
2916
7051
5171
698
137
8080
2484
7143
7910
5248
331
2410
5915
2410
5283
4329
921
2410
921
4329
5730
5248
249
280
3433
921
7613
3851
4103
5682
541
6926
5576
5915
2560
5915
6465
280
3797
7591
7995
6926
2500
6926
1478
7851
6926
90
5751
1559
3077
1786
4580
7591
280
7143
5671
5322
5024
7798
2478
7582
8080
6660
7591
5272
3320
4632
2999
1248
4011
5322
5100
4361
6058
778
7781
1709
4329
5275
2764
5886
8080
1395
2916
3433
1786
820
4616
1024
4340
7258
1343
4007
1478
5242
297
951
5915
5171
4605
6117
5608
7995
778
1478
4312
3433
3358
1478
3095
7699
6441
4312
5171
7699
1559
5886
1765
6926
6001
5476
5171
3067
2328
7294
491
2415
5248
7592
2764
1124
7051
8080
3823
47
684
1395
297
2999
4346
7795
3121
4605
925
5730
1105
1464
2764
615
2764
6370
4525
3720
2941
6203
2405
3490
3326
1105
6660
6997
280
90
1478
4708
6441
3687
6926
7699
5107
3453
4876
4605
4375
7592
5248
5248
5057
5248
83
4852
5107
5914
1252
3577
5283
7798
4950
4835
3572
2031
5057
2558
3121
1124
5886
3588
1478
1839
5107
2415
2999
4632
3687
4329
1029
7995
6827
5275
3732
4708
4630
5171
5171
3439
6465
491
3901
149
3374
393
7545
4007
2560
7591
6926
4103
3326
4038
657
514
1464
7699
4708
3901
6188
3687
4224
280
6370
4525
5915
7143
5248
8080
5915
7699
1232
7592
2402
4158
4671
3116
6093
5477
5997
5107
1464
1024
7693
2180
6158
7168
8060
8011
6582
3417
2031
6188
1248
1941
3797
3230
3687
7915
2421
7230
7995
5886
6562
8080
3326
2909
4314
5563
1629
4032
5173
2192
702
1400
1735
689
6267
6840
614
3806
2537
5060
3817
6306
5751
4350
6441
4264
3453
3732
639
2999
4224
5886
3687
1508
5275
6549
2144
4805
5563
311
321
6902
5698
5583
515
7599
530
2621
3615
4788
3437
982
4041
7362
3481
384
3433
297
4011
4880
5275
486
3326
2999
835
1163
7645
6089
5004
7466
4931
3211
7554
4128
1358
2555
6853
5633
1832
3862
2661
2515
612
854
64
5083
1154
4739
1697
2489
5290
6393
1075
4788
4007
4876
5751
6816
1432
2318
2441
1436
6108
8107
7295
6022
760
5804
4358
134
1080
96
2080
1223
578
286
6648
5912
7693
472
1154
6447
3402
6703
5611
5537
7013
4605
5751
2405
4793
5968
5018
1739
1572
4931
3434
7831
5142
2194
627
5557
2254
33
7766
5612
3546
1489
7125
2920
7792
7852
390
2942
1781
982
3424
4799
5995
3851
1464
4106
591
3340
6426
600
5798
5022
1963
457
3523
3049
4195
679
7020
2281
4459
6539
6182
6280
6697
2716
4548
6496
5507
6504
1840
4184
7360
6283
7168
3402
7670
5687
3682
2392
78
5956
5994
7219
5760
7643
1357
611
4801
4188
2872
1618
642
2769
5852
8099
5718
6331
2194
2944
4971
3197
3280
3280
99
2755
3511
7583
5703
8164
4653
7552
7856
7694
3486
1943
679
4736
1840
7349
6920
1553
1392
7549
8052
6610
5487
4609
7585
7295
4590
3314
6839
1919
6331
1939
5380
3035
4148
4231
971
6027
6733
3077
1531
5440
791
3739
6102
3707
6428
7727
4489
4807
7489
6459
2746
7613
7229
2031
927
7589
4681
345
4681
6300
1530
5262
628
1254
5378
8080
7259
1739
3835
1279
7879
1380
2380
451
7528
64
5061
7336
3483
6495
6068
5118
7236
3433
7823
1709
1452
5151
3776
4352
3795
4209
522
310
5675
8081
2944
189
6296
1635
5537
1024
7324
2934
5120
345
7792
7864
4800
6406
1468
4600
5733
7518
4329
3732
3732
2166
35
1358
6478
3989
519
1990
1809
1225
4706
7836
6211
607
5979
7991
4067
6645
6256
5672
3943
2578
5530
772
5386
3096
2156
1997
3943
5739
2558
30
7823
2162
6355
3672
6948
2558
3154
7156
6780
1135
3738
3738
7168
3481
3899
6078
1063
4150
7371
3577
2942
2426
2308
772
5593
3504
3287
7897
3635
5954
6141
959
959
3314
2661
6499
6495
6735
7389
7153
2339
1082
1707
3567
1694
6058
4472
746
1008
3155
2370
4374
772
522
3893
4236
3384
1942
7240
900
4346
432
6997
5531
3322
3726
3415
6844
6422
6321
5332
6571
1046
6645
4274
5024
5537
508
369
980
6976
3763
3742
6819
4106
8093
6164
4381
5927
5161
4722
3258
2943
1686
6141
5833
1029
6348
135
4359
4451
35
4796
7491
2916
1029
369
1395
5057
4329
1046
508
3432
395
1744
7600
3129
4112
7517
1588
7037
6208
1296
6897
7240
7434
7592
2679
4492
2225
3771
1502
5351
2410
4491
4291
744
2672
4812
7995
1767
684
5232
3391
30
1465
3390
2710
2236
7763
6868
6634
7332
7879
1469
1928
1550
1569
1709
254
2520
5091
939
1858
2686
7823
1680
4007
2130
2114
1029
2271
7823
3237
841
361
4689
3875
3503
3171
6850
2887
5282
7205
3614
5940
1282
5242
2610
4353
30
6321
4329
3620
7614
7420
2220
7887
8103
4150
3439
393
2408
1309
4785
3835
7028
508
1600
1090
5282
6123
1185
4082
517
5290
5291
6191
3441
2464
4049
7389
30
7575
7956
4199
3066
4449
1105
2137
7491
5292
1035
6708
4689
7781
4812
1105
2679
1857
1312
4261
3898
7674
3770
1488
877
1023
5344
343
4789
6731
6203
5715
531
2002
3433
949
7882
684
7887
7389
2410
2830
7866
3402
6645
1769
1748
2410
3732
3237
6355
2645
2591
6408
3881
6780
2515
5375
2419
3941
4688
7333
3401
1024
7408
3835
2748
1228
2999
5537
4361
4785
1090
2645
8058
7505
4812
6058
8086
