0
0
0
9
9
0
0
1
8
2
1
0
0
0
0
0
0
0
0
1
0
9
0
2
0
0
0
1
0
0
2
1
0
0
0
0
0
0
0
0
0
0
0
0
0
0
0
0
0
0
0
0
0
0
2
4
1
0
0
0
0
0
0
0
1
1
0
0
0
2
1
0
0
1
1
0
1
0
0
2
0
0
0
0
0
0
0
1
0
1
0
1
0
0
0
0
6
0
0
0
0
0
0
0
26
2
0
6
6
6
0
0
0
0
0
1
1
0
0
2
1
0
3
1
0
2
0
1
1
0
2
0
1
2
2
0
0
1
1
0
0
1
0
0
0
0
0
0
2
1
0
1
0
0
1
1
0
1
0
1
0
0
3
2
1
1
0
0
0
0
0
1
2
0
0
0
0
0
0
0
0
0
0
0
1
0
0
0
0
2
0
8
0
0
0
0
0
0
0
0
0
0
0
0
12
4
8
4
4
2
28
2
2
3
2
3
4
33
1
2
1
11
0
2
0
5
0
0
1
1
0
2
0
0
0
0
0
0
0
0
0
0
0
0
0
0
0
0
0
0
0
0
0
10
0
0
7205
6565
5714
2305
2840
5925
6580
1285
5579
4998
2513
3860
250
7371
4337
2062
2629
6498
214
3123
4291
4092
7300
5031
3942
7829
1707
4835
4491
2459
783
5738
6875
1531
55
5954
5725
6593
4565
8056
5754
3624
8142
4825
3478
2688
1467
3785
255
96
6154
5091
5290
7675
7533
522
5971
1010
1319
5998
2459
5048
4160
5325
2106
6044
334
4372
1291
1280
9
7841
1206
4509
6215
7149
1893
1155
3847
7162
5351
825
6041
7078
491
7167
4622
2605
1048
5896
5896
4291
4628
5250
1089
6937
5343
4266
7413
4326
7104
5063
7051
5343
6726
6958
2547
6593
1830
1944
5428
5552
6244
3271
96
2483
1280
5227
2991
4759
7618
3158
6761
8030
3576
4864
7748
2686
1615
629
2851
8093
5153
7034
1301
1834
4800
1713
8155
649
8034
3893
7872
5954
4245
5999
1043
1620
250
196
2512
1818
832
5048
7491
6639
6556
2074
530
1999
5934
395
2377
6908
2783
5048
556
7920
4665
2115
3448
7793
3027
6854
7414
3531
7080
1198
3254
7784
2377
998
2000
5761
5276
6409
7087
1579
7781
2639
3992
3079
7046
606
6884
6393
2405
2405
6393
6395
4524
5545
5599
4526
5419
2006
6403
5012
8133
72
4026
5776
6067
1589
1927
3153
7059
2358
1770
4962
402
2643
5835
3797
5798
4594
5778
7484
7901
5874
138
7674
6505
401
420
8018
3587
5796
247
97
679
7059
4170
5943
3509
2655
6081
2965
380
4400
7968
2583
3274
1255
7190
4331
5874
2777
5507
283
450
1062
2631
6108
6352
5992
7326
7132
5201
7864
4345
3096
1823
380
6886
6397
3838
900
8133
7994
6388
2556
4931
3123
2027
6320
8020
2560
4383
3615
5120
4338
6720
5514
1620
851
1083
5627
999
3300
3162
1095
8031
1137
5977
2956
4153
1967
7625
1413
7230
7406
5759
7958
7599
5819
7888
6706
6406
1861
1600
4618
1584
1613
3480
7753
2421
2280
1202
7287
4962
7194
4338
2076
7685
1865
747
933
3711
1989
3932
2092
788
4809
1037
7916
1896
3185
6549
1762
4456
1207
4792
355
4585
953
7084
7123
109
1147
2150
3834
7957
7810
1716
7980
4443
6851
4528
3701
1344
4815
4538
2261
5251
6761
3123
4138
2108
4499
5475
5626
6953
2634
4333
2063
4546
4895
5998
6824
2894
2975
2390
1971
6152
5682
2235
1210
5462
274
2255
4212
4590
145
1954
1865
5153
6565
4899
3708
453
6284
6588
2136
4270
1644
6172
421
1911
4444
5118
6517
998
1631
329
4303
6720
6720
2006
5166
1314
1534
7829
2722
4115
8087
3626
1455
2053
1698
1218
1989
7739
6181
7468
5948
3220
4569
2686
1899
2928
2640
6430
7613
14
2516
3559
5937
6104
4232
4944
7056
7375
2496
3262
6237
8069
7264
6298
2231
367
2675
574
4900
5398
5260
2777
5594
4077
45
7063
1567
5202
905
4017
2464
2737
8027
5448
7745
5066
3212
201
3492
7076
960
7059
6247
6558
5470
6384
4670
629
6999
6668
4542
7722
55
4536
2368
6228
3927
3625
943
3595
753
5726
3158
6359
3280
7393
6824
5977
5209
6639
1989
17
3123
1982
4736
3911
3568
5817
4293
4888
3984
1822
1989
6457
6303
38
4610
4880
2327
2657
6828
3035
8073
6293
5821
5950
746
7078
5924
6948
5869
5148
7749
1584
1273
194
457
680
3223
3022
5050
5596
6444
3642
1266
2464
1972
3810
6903
330
7437
1331
5720
678
1365
6632
2263
7283
2688
7411
4900
2006
1482
1307
140
7299
3777
1954
320
7829
598
1827
4148
1385
6875
787
8048
4590
2006
2429
7244
6385
6657
4670
5994
6085
2584
5382
7087
7371
4892
5264
5633
3753
3232
6780
1558
3777
3551
6902
4232
5143
3461
2964
6984
2533
6876
4696
5394
6501
3394
28
4515
214
5594
5161
8122
155
5092
14
6252
6259
1596
6559
3180
4095
797
4150
7880
4312
3272
5868
7171
3624
4040
2814
928
4293
1579
3407
4468
6014
370
452
106
4183
5738
4522
2806
2054
5376
7530
981
6233
3151
3455
683
1435
6198
7029
2252
4273
2965
4528
2518
5567
3879
5149
3872
1690
5168
1094
3097
140
3707
223
6609
414
7980
4183
1668
7915
5629
7029
4312
4760
1350
111
4575
1579
3592
5896
4542
5747
8158
6539
7044
3290
7424
2630
1527
1989
747
1733
1511
3484
6246
6253
2152
1037
4618
5034
2252
4753
4232
1185
288
2560
4719
5618
4475
416
2429
1473
705
7037
1733
2128
6739
2939
3816
7154
7154
5762
6824
169
896
6519
6558
7692
7236
2115
1502
882
2957
2099
5403
7689
3504
5185
4819
4651
390
6166
3636
7755
6359
8075
2876
7106
1068
1590
1954
6198
1241
2178
460
6144
5181
3223
138
2328
1589
3610
7153
2835
7206
7415
797
7029
5896
3911
6139
2678
5667
4301
1485
7840
3862
5185
6054
3255
2609
2219
747
484
3432
7587
5493
8009
4146
1049
7229
1279
4837
6980
1024
3148
69
4796
619
7093
1584
4796
3555
2835
2961
1531
1184
1024
4109
6303
7110
1571
1426
297
4542
7915
4303
4233
3205
7160
7922
2325
536
1576
6830
471
8143
5664
4851
33
3920
6124
6497
2558
1520
4702
6354
6393
8086
2522
3893
6265
747
3712
6195
2631
1989
5118
7214
5619
4867
6826
721
3562
6160
5594
4949
332
8103
4644
7716
6791
6695
1153
2808
5694
2859
2061
1948
5801
5107
4143
7940
4516
7075
4562
3223
1863
5245
2379
1564
5050
3260
7716
5340
6969
3253
7913
8143
3068
4845
2684
260
332
1719
423
7012
3223
1654
4646
6393
4876
261
1672
3225
4644
5112
3661
4061
3220
2835
4509
2353
850
3454
6565
5586
3225
5707
5022
4609
6271
7582
5447
3352
204
4467
444
3378
45
3240
3959
2410
5278
4475
7665
4594
7872
5963
8
2773
897
7596
6384
2796
5214
3240
6369
6544
3352
4198
1999
7665
3188
1550
7940
1948
3755
5371
6587
6548
4670
1774
4876
4029
7665
414
3585
5643
1774
6551
5324
1774
3220
4914
3074
5579
4092
4428
5079
2223
2855
7205
682
601
1999
7872
