0
0
0
10
10
0
0
1
10
1
0
1
0
0
0
0
0
1
0
0
0
10
0
0
0
0
2
2
0
0
1
0
0
0
0
1
0
0
0
0
0
0
0
0
0
0
0
0
0
0
0
0
0
1
0
3
0
1
0
0
0
0
0
0
2
0
0
0
0
0
0
0
0
0
0
0
1
0
0
0
0
0
0
0
0
0
0
0
0
0
0
1
0
0
0
0
10
0
0
0
0
0
0
0
25
0
0
5
6
6
0
0
0
0
0
1
2
0
0
0
0
0
3
1
0
0
0
1
0
2
0
0
2
1
2
0
0
1
0
0
0
3
1
0
0
0
2
0
2
1
0
1
0
0
0
0
1
0
0
1
0
0
2
0
1
1
0
0
0
0
1
1
1
0
0
0
0
2
0
0
0
0
0
0
0
0
0
0
0
4
0
8
0
0
0
0
0
0
0
0
0
0
0
0
11
2
8
4
3
4
28
1
0
1
2
0
2
23
0
0
0
12
0
0
0
0
0
0
0
1
0
0
0
0
0
0
0
0
0
0
0
0
0
0
0
0
0
0
0
0
0
0
0
10
0
0
4041
4119
474
7444
7024
5356
5862
6862
1357
1382
612
2814
3540
4829
3171
1604
6855
375
7856
4402
5556
4237
4707
960
3959
6011
1589
8025
2938
2591
4492
2411
7876
3279
1206
5356
807
7965
2186
3714
2956
3519
7410
221
6576
5072
4785
4110
5399
3280
5764
5204
6523
764
2411
3068
5436
4575
538
214
3492
7153
4190
6791
5238
7944
7433
6240
3878
163
5708
6623
785
7337
4085
776
7372
3831
3170
5851
8068
2575
7081
3574
2969
4058
2264
4370
3516
6796
4233
6759
1295
5102
3876
7548
1658
5523
5016
3648
2320
1643
3385
818
2258
7613
3320
2979
7690
2521
5862
2752
4469
2575
380
4831
4744
6435
2101
8102
345
5899
392
4796
4093
2948
1786
7371
6269
3944
7485
3885
1647
5046
6841
2394
6097
6477
6912
6668
2634
3670
3300
7441
6883
4590
3215
6935
2230
3151
5186
6840
6086
5885
1414
4372
2684
4481
4150
3401
426
818
874
1562
5356
2592
4137
3603
3378
4302
7027
2386
7994
1274
3053
990
3300
4637
4482
2969
3536
6014
1421
2079
1310
7983
5608
5031
7901
1808
2217
1105
2188
6459
5645
8007
4806
6774
3070
7367
2907
6552
6348
4721
6033
7130
3626
3709
1494
1366
7791
4026
6755
413
627
5621
5307
7952
2907
5024
421
5418
211
8011
2492
5380
8027
2384
775
7735
945
2751
2470
8029
3085
2489
3661
7411
6130
5784
1266
2644
2033
4287
6280
268
6504
4980
4305
92
7583
2411
973
3682
396
2339
965
2401
1503
6459
3493
6435
1162
7254
2707
6362
3768
7737
1748
7583
3000
2985
7422
677
2521
66
2557
1372
6459
4187
1494
2411
702
6104
3483
825
2748
7451
5554
1850
8090
3882
403
4425
1977
1871
2579
2486
6025
3507
5608
271
2883
86
2670
3130
4751
7244
4503
4967
422
1944
4341
704
2684
1466
215
1823
7190
2934
2477
1401
2162
3708
5394
2401
5866
4187
1008
6194
5179
5234
6392
4628
5275
418
623
817
6199
2414
7473
618
425
7445
4575
7798
3947
980
3148
1380
4139
4094
3973
7054
5152
3605
7885
2849
5958
3036
5050
4642
7960
2128
3802
735
4569
2953
2093
752
7499
752
6118
7140
960
4233
7971
4950
1808
2343
5475
425
1988
407
660
3170
6180
4626
5142
5862
905
3000
2629
7161
1990
2226
1196
6648
6457
8026
1363
2110
4005
2607
8049
854
7013
870
2252
4600
2285
6548
4293
698
4327
3717
1194
6559
3772
5955
7355
457
1109
7811
3741
880
8068
3026
3026
4944
3606
5372
5938
4590
2110
5396
6367
4457
3053
7235
4478
1917
4319
525
2513
4772
1609
4835
2604
5732
7339
4490
8065
2979
4823
1776
2343
2737
1400
7078
2575
1357
6783
2006
2956
1671
1366
5630
3955
2066
5132
2043
721
8155
5408
3123
7130
1990
4138
772
256
8171
2681
1862
6363
3150
5110
226
33
5998
2900
3421
4840
4571
4720
123
3180
6534
7768
7422
560
4341
5272
7690
5896
7716
211
738
1297
2236
4643
5456
1129
4283
260
3451
6260
5635
5669
6893
1172
6444
3162
7278
4080
5492
5637
8036
2716
1946
3493
3210
1628
5738
5874
2923
1850
2513
6437
8049
2716
957
6208
960
7475
8162
4107
475
6935
4271
7216
6400
1432
339
3794
589
3008
6415
1366
5004
4273
7831
4782
3133
7283
6090
6393
4304
6158
3916
7594
301
3536
3701
7063
7350
3674
7363
3492
1773
5521
5175
3904
5718
6057
2574
4048
7912
8177
6456
1682
6910
3029
994
7020
1216
6006
1495
2039
4644
4996
5164
6853
3257
7685
7101
2311
6146
689
1440
5898
2183
7106
7543
248
515
1656
334
4193
6813
3339
2194
3873
1992
4273
6331
2685
4076
5645
5905
8084
721
6171
6607
7078
7085
386
2635
1286
2523
3810
994
6263
1656
7056
1699
5397
1972
936
7106
2460
6762
3097
2964
5328
6303
3683
4970
5014
667
7147
2882
2155
7203
2006
7567
3777
2252
1671
3760
8081
2700
1667
1671
5584
3507
1440
574
1435
994
4209
817
5694
138
1163
5704
5975
5176
8133
6919
1656
2224
2722
4721
2269
490
7295
5821
4783
235
4674
1138
3841
1809
2093
5938
194
3470
3683
3664
4866
5140
7309
1674
4688
1776
7554
1495
6775
5745
4905
1935
1940
7106
5506
7052
8061
445
4871
1061
6339
7136
4390
3555
6185
3428
7903
78
2716
4482
6181
6572
4753
3881
4268
3263
1451
7576
5976
5016
4230
3047
4505
4233
3953
5068
4230
5374
1048
6780
6585
5630
2033
3822
7449
7064
5175
4624
946
5063
995
3394
7810
4554
1943
4319
5584
2252
4851
732
5280
1093
5264
5862
747
4755
944
5493
5739
857
1597
3989
5907
4394
7175
4219
6607
24
4230
4839
4005
5675
3037
4079
7154
2972
4301
8111
3209
4944
5675
5780
2577
2599
5853
994
3777
2858
3047
6139
6303
4542
4572
2131
2339
7707
1766
4576
3832
6339
286
371
5942
3294
1061
1585
7184
7461
5964
707
999
380
2194
3812
7120
1914
2685
3257
2793
8145
7915
6065
2956
2308
6430
3701
1739
3440
2265
4758
5400
4738
909
6646
6014
3026
3314
2886
7141
3037
3209
1499
335
3841
1939
5570
7667
1726
3150
760
2303
1790
2630
366
7079
1674
5838
7576
6168
6354
5897
2230
6516
2079
2528
4394
3473
3423
2604
4857
6124
6331
3300
322
6532
308
3050
4220
5825
6940
4853
3815
2269
680
7841
1552
6844
725
2780
5493
4640
3904
5904
6638
2757
5912
7772
7772
2921
4208
5945
2377
2194
3683
994
7145
5453
1542
7463
3609
6262
2894
1241
6276
6189
395
1979
7455
7785
747
574
1168
3073
4437
5170
5205
5537
7294
243
3178
2443
2777
6587
2938
1549
3841
5862
7252
5806
2813
4275
3143
5675
2006
3209
1340
3669
7378
7662
4528
1327
5394
145
705
5767
1848
3566
987
5249
2464
764
2513
2465
2499
8058
5477
2065
1885
1798
1197
3060
4848
6665
515
4931
2575
3683
677
7351
4911
5761
7351
6040
380
6474
2774
3492
2577
3355
3010
4667
7484
5288
4575
