0
0
0
10
10
0
0
2
11
2
0
0
1
1
0
1
0
2
0
0
0
10
0
0
0
0
2
1
0
0
0
0
0
0
0
0
0
0
0
0
0
0
0
0
0
0
0
0
0
0
0
0
0
0
0
1
0
2
0
0
0
0
0
0
1
0
0
0
0
0
0
0
0
0
0
0
0
0
0
0
0
0
0
2
0
0
0
0
0
0
0
0
0
0
0
0
10
0
0
0
0
0
0
0
25
0
0
6
5
5
0
0
0
0
0
1
2
0
1
1
2
1
3
1
0
0
0
0
0
0
0
1
2
0
0
0
0
2
0
0
0
0
0
0
0
0
0
0
2
1
0
0
0
0
0
0
0
1
0
0
1
0
1
0
0
0
0
0
0
0
0
0
1
0
0
0
0
1
0
0
0
0
0
0
0
0
0
0
0
3
0
11
0
0
0
0
0
0
0
0
0
0
0
0
12
5
10
3
3
0
26
2
0
1
1
0
0
22
0
1
0
10
0
0
3
0
0
0
0
1
0
0
0
0
0
0
0
0
0
0
0
0
0
0
0
0
0
0
0
0
0
0
0
10
0
0
2317
7340
160
6286
6896
3662
2676
4341
2541
8025
1774
7360
434
3220
7459
4661
3807
5003
1684
4892
3741
418
4475
631
6677
6053
418
4644
5507
6041
390
4475
1667
892
2262
2262
1656
2544
4020
4667
838
1849
2854
3778
1837
5945
392
1837
3229
4918
7488
4033
1822
6384
7872
2470
561
2316
5159
2799
418
4475
7901
6677
1346
286
5313
2140
3828
2661
1008
1714
4827
5113
6872
2351
2230
5852
7033
2492
4294
2903
5603
1812
773
4651
2234
6235
4211
4595
2230
7848
4319
7246
7901
6135
957
3488
2262
1537
2800
3189
1535
5704
6412
138
5928
5771
987
3532
2363
10
2635
2379
4595
2295
5362
2508
2801
7510
3925
2490
2893
5866
4820
6553
4207
425
6925
4162
3146
6831
4660
4275
7520
1989
3062
5890
2771
2853
1587
3853
4593
4734
5133
705
1272
5504
278
2425
4593
7489
7329
663
4533
4704
2565
6001
7138
6598
3638
6033
1537
1127
1103
6141
306
1103
1482
6199
6246
4425
1008
7169
84
5175
7169
7110
3162
7714
6124
5419
7138
2375
3623
4215
7315
6797
6920
4503
5179
2727
7507
7439
6486
70
3463
514
5276
3358
526
5924
8040
5938
1317
7503
664
3621
3933
4623
4560
4316
7279
1880
317
2993
148
7966
4169
7732
880
7881
1848
3543
4115
127
4154
7488
6695
7656
2429
5761
7
7037
2894
1982
5760
25
6406
7315
6459
4814
81
1855
2895
596
4108
3356
3751
1554
6615
1855
4043
4
6343
7162
2254
6726
1812
8085
4169
594
4
6450
6659
7752
7926
5796
1587
7193
7498
1501
6494
2656
1923
2444
621
7155
2014
5260
3995
5374
6923
8039
6582
7409
2227
8025
1852
5169
3953
7870
244
4807
7630
6814
967
7304
3263
6865
6317
244
6394
4848
6435
2155
3155
7818
3911
7054
2393
6925
1040
2780
7686
3825
1309
4824
2343
6677
5801
1425
5154
2004
1685
7106
1314
2498
4108
672
1728
4734
2430
1088
1626
633
1773
4786
3554
5598
5627
4400
4436
484
1217
5975
1923
2628
4796
6764
5127
6384
2796
5874
4194
3227
7870
8187
3060
2379
2393
678
2740
1791
4719
5337
7058
2371
817
6131
3654
1804
2315
757
1141
8048
999
7256
2834
4689
7860
1287
7245
108
4651
845
724
5765
70
8187
174
3007
3654
1482
2425
4294
228
8125
8052
4437
130
9
8089
2790
5068
1177
2196
2252
747
5560
2347
5973
5132
7523
6122
5187
7489
720
1136
7188
7000
2190
5332
574
1989
7600
5057
2766
2581
4875
7611
4
1020
1275
2494
2063
5950
1511
3288
6720
747
3621
3330
3784
1864
6222
5653
4506
2101
5603
817
6533
3153
2726
831
6824
1473
7880
2894
3197
5800
733
8137
7919
2576
988
764
916
4087
879
2532
7029
5739
3334
6124
6441
722
5095
3177
4051
987
1402
5681
4489
4273
998
2161
6649
2791
998
3628
4637
174
2009
5717
454
8059
3853
1328
3519
7207
5023
4916
3911
6752
6824
2894
5118
5419
5402
1661
8004
3566
6947
1081
4543
2349
5761
2948
3008
6276
7377
904
5092
3853
5919
5919
1500
6392
5919
1314
775
189
4723
5185
7643
2868
1835
5118
5419
5309
1472
1409
4230
4437
3193
10
5103
5103
7730
3595
150
7916
6974
5938
4469
4249
1317
1422
5049
5770
7667
7375
861
4607
7237
5007
4011
1835
5176
2972
7829
2208
565
6536
1144
2856
484
1483
3942
2799
4521
4017
5714
1076
1247
6198
3536
6217
7503
1422
2117
1342
4607
371
4275
3763
2313
2034
7702
5812
84
103
5812
4497
5771
2117
4033
96
1440
3959
6899
4529
2795
2006
6301
6152
1253
5741
6735
5023
5448
2038
2658
6605
6605
7326
2536
1191
4313
5403
2105
970
7857
1673
4703
7134
1643
2384
173
7013
4568
4569
2875
1093
3471
650
4352
4887
8144
7035
7900
2658
7120
1691
2910
537
2523
5346
2616
3507
4651
5778
7445
4526
1434
7078
1671
5419
3259
7870
7446
7419
6411
1236
1548
7733
1848
6163
7747
7221
5074
455
7213
7275
1093
754
6392
4942
6536
7846
5811
1550
5129
7468
334
4556
6336
6610
6675
4489
5434
6615
5315
7545
8044
4797
720
563
3152
6003
8066
762
2053
5943
4609
7294
6348
2710
3804
4927
4169
4898
2932
3151
7432
6476
792
7189
5013
5489
3012
5042
8084
5241
4275
1698
3953
1386
7649
2101
6956
7627
6652
1354
3883
6936
3389
1103
4237
172
6716
6145
2073
420
6163
4746
2188
2110
3650
6571
2303
5489
2676
4565
7795
5928
7901
3816
4790
3987
6716
2749
4405
336
880
7308
2605
466
7344
255
733
7900
1626
2352
3987
1511
7439
1704
5490
5155
4491
5531
2303
2676
4700
4543
2662
5928
5778
7596
5110
4898
5122
6555
4124
1500
6492
678
6605
3392
5928
6166
716
4436
1804
5346
6345
4691
6956
4108
5603
53
4361
959
2629
4150
457
3807
1155
4600
3835
2496
4364
5839
3933
1715
5263
6088
3050
4597
5677
2073
2175
3953
1351
4230
633
3050
2099
5815
5337
2167
7439
3549
740
4561
7901
1413
5964
2887
4892
30
1090
4291
4950
387
2075
3267
539
4516
5411
4211
5175
5315
1302
5752
7870
6875
3554
3047
5053
3472
3193
7201
6293
4492
1048
7527
1447
1546
2336
649
6791
4651
7670
4609
2489
79
3241
7961
3267
7911
7463
1554
423
5468
3582
3751
1136
1428
4424
3050
2816
4230
5122
5677
7211
1103
4082
698
5149
7135
1232
1739
3600
3154
4361
5909
5343
4202
637
81
5198
263
5149
4583
1989
967
6256
4852
5374
7752
1017
5734
1008
3920
7275
5370
6437
568
3056
6895
2454
7113
7901
3542
6041
249
3851
6469
3993
6384
2629
4746
5592
1838
1989
1929
2956
2956
7825
297
4944
4590
2510
746
5023
4719
7206
1812
3741
5756
6649
3968
1430
6002
4644
2285
331
390
4475
5909
7357
1364
8028
7121
173
1027
2635
3911
4662
6720
1401
5514
5206
3708
4590
5126
6966
27
3335
4431
4364
5664
4609
7726
2572
138
1550
6799
1248
591
418
