0
0
0
8
11
0
0
0
10
2
1
0
1
0
0
0
1
1
0
0
0
4
0
1
0
0
2
3
0
0
0
0
0
0
0
0
0
0
0
0
0
0
0
0
0
0
0
0
0
0
0
0
0
2
1
0
0
3
0
0
0
0
0
0
1
1
0
0
0
0
0
0
0
0
0
0
0
1
0
0
1
0
0
0
0
0
0
0
0
0
0
0
0
0
0
0
7
2
0
0
0
0
0
0
17
1
0
3
3
5
0
0
0
0
0
1
4
0
0
1
5
0
9
1
0
0
0
0
1
1
0
0
0
0
1
0
1
0
0
1
0
1
0
0
0
0
1
0
1
2
1
1
0
0
0
0
0
0
0
0
0
0
1
1
0
0
0
0
0
0
0
1
5
0
0
0
0
3
1
0
0
0
0
0
0
0
0
1
0
1
0
11
0
0
0
0
0
1
0
0
0
0
0
0
13
7
7
5
7
0
26
4
1
5
4
2
2
18
1
2
2
12
0
1
0
5
0
0
0
1
0
0
0
0
0
0
0
0
0
0
0
0
0
0
0
0
0
0
0
0
0
0
0
10
0
0
6137
252
1907
8158
2216
3536
7422
1869
5723
8158
1440
1473
857
7230
1544
4851
4482
7442
5928
1680
5536
7190
4651
1944
4609
211
2513
5220
3207
1046
4900
2464
3552
4668
2961
2216
5602
7422
1869
5613
5072
4400
8048
857
1584
1900
7256
2766
5419
7739
618
568
1824
5982
3747
3443
5998
6737
1836
170
3541
3490
1087
5118
300
632
7519
4889
6212
4768
632
5723
815
1440
4851
2557
6450
3492
7034
1546
5762
2753
1871
859
2080
5113
3414
2464
7405
5364
2648
4341
886
3095
6472
2629
2504
4674
406
2969
5953
8191
5723
5602
4431
7256
6583
6650
7976
457
4377
8191
7384
2110
4643
501
756
6089
2358
7234
421
3414
411
5024
725
7227
5115
1075
632
5723
3170
2237
3899
2595
938
911
479
3346
1522
5636
457
5938
5543
6253
5762
3834
5402
7739
5241
4291
411
5077
5896
411
170
5993
5627
4542
3637
4329
5723
2194
5280
4209
3491
317
7422
5651
726
5128
5560
2110
6253
5862
2753
457
3186
5419
3834
1871
2920
6948
649
3253
5220
411
5024
6975
4005
4542
4985
7570
5400
1575
6444
3491
6710
4674
2200
5583
3124
4737
4623
4209
1760
7953
1928
807
3162
5350
5762
1661
5691
7029
3747
7882
5364
7405
3196
5825
1959
7620
3017
783
1900
6886
7608
5723
2524
4901
4299
642
2806
869
7739
5938
457
994
2979
618
5627
7234
5398
6648
5691
4609
5112
3477
255
6303
3504
7290
2948
5567
6831
1224
3628
852
6953
7620
6030
6248
6311
4356
6217
3276
5086
7393
4590
7885
3448
1357
2252
7059
6740
5347
1327
6053
2405
3262
3092
7590
6389
5976
1830
7625
4788
6473
5853
6450
1522
1453
1164
1989
2229
6137
2504
8187
2226
4736
5675
5397
3980
5913
4080
3257
4278
4337
432
2123
6149
7846
4037
1350
1970
3654
7219
3995
1746
5043
7622
4400
3712
3037
2454
3158
6668
574
2226
5785
5118
5862
3845
3760
7976
194
6720
3587
1401
3117
2233
3177
3609
2741
722
5332
335
1544
4170
1990
2441
4329
6450
34
7518
3834
705
7303
1982
4944
4273
3170
3631
4542
2006
3683
7622
747
5627
743
6679
5888
722
3793
1040
1929
263
6249
4643
5560
6533
4760
656
4788
5560
6035
8190
2635
1463
7442
857
1982
3760
6886
2863
6926
4542
4526
2226
6810
3051
248
1989
2252
5160
169
3037
5149
5398
5149
675
7543
6983
2127
5785
2489
7207
5149
1546
457
4273
457
4005
5176
7393
4731
1667
217
3121
5761
4209
2308
4273
7885
6668
3196
5118
194
7234
747
1584
5350
1661
2903
1095
5767
3047
4735
4211
7134
1584
5762
6668
6720
1699
4542
857
5492
5675
6853
6263
6860
6065
3664
3162
6065
7154
7885
6152
4542
5761
4413
6907
681
5374
4703
4623
7134
1114
6791
6829
7056
7518
7518
2006
1835
6139
6139
5629
7384
4887
1982
760
7416
2421
2586
6667
7333
6139
5394
3587
4542
1584
675
7617
6249
7755
5762
1430
3849
7067
1769
5259
507
1129
2379
4482
857
574
4542
4743
4944
3911
7154
386
7086
139
3934
1978
7154
1699
2308
1671
4840
4352
5867
507
3162
1048
4851
7256
7132
3736
5608
2127
7056
3654
3676
3307
3712
24
6013
5675
2252
4011
3740
5672
6940
7031
2145
5853
8103
4580
3196
5627
6152
6152
7154
1989
1979
999
1017
2881
6560
7312
5272
4754
1314
5273
6131
2487
1506
2716
102
1835
6824
39
2902
4080
4836
6547
6667
4482
7303
746
6989
4065
998
4743
4273
3712
1546
5264
724
6950
702
2244
6237
7722
6977
84
3617
6569
963
8094
715
2229
2979
2956
6139
1699
5672
3986
3162
5761
4542
6152
4424
4805
5403
6824
7493
6131
7129
6536
4100
2922
5584
248
90
5629
5276
8093
36
4643
423
3980
3191
994
1989
6262
1699
7435
574
5185
320
5398
5397
574
5739
931
1647
1434
675
7560
394
1595
3504
6320
5092
5290
4020
7178
857
5412
7559
4590
1994
5397
857
1584
6303
5118
6720
7393
2178
5185
1544
3911
4731
6152
7755
7207
8105
130
7503
591
6104
5112
7570
8191
4232
631
3541
1478
3740
5567
4911
7785
3162
6020
574
3167
4232
5896
4542
7078
2532
4270
1217
574
6152
6139
7785
8190
6932
4441
2726
4639
7484
411
6756
6124
3389
3747
5536
3847
372
2577
7134
7755
2635
1989
6720
6720
5482
123
5419
3346
6040
2219
3911
7493
2894
5761
6668
7997
8190
492
4441
2249
5403
2130
6427
3477
1550
4594
6737
2558
5232
3716
7740
5867
298
123
3162
7154
5118
1430
34
6531
2178
6139
7029
5739
857
2894
999
2426
1430
7464
7913
7911
807
7620
2632
2788
6358
34
6728
4881
2414
6923
2379
5560
4482
2308
7785
1048
3186
2597
2795
4990
3712
7785
747
6303
5149
169
123
1554
5560
7463
7723
5374
5133
6139
1671
507
3263
1989
6124
542
1805
4051
5263
7134
263
2576
4482
1040
4422
7207
2127
8094
7543
5739
4482
747
320
3510
2429
5149
2635
4107
6717
4786
6892
227
3504
6139
3051
4851
320
2410
3358
2439
6171
4131
5543
4170
3968
7723
34
3055
7172
845
689
2813
4013
3263
4482
3096
1554
4703
4377
6199
2196
2881
704
5263
2662
1185
7059
7493
978
5485
6827
254
8080
303
901
8066
2196
913
2905
7138
5000
5542
3751
5803
3597
7221
7464
3793
1554
5543
665
6246
1562
2907
6060
5413
3695
7304
574
705
2780
3184
5485
6761
2429
7389
2663
796
1798
843
4786
373
5403
575
1746
1680
5412
2076
2380
7189
6955
4597
996
735
3443
6124
1971
5920
5263
3790
6720
7518
4851
588
3184
389
7180
5160
1003
3167
2002
725
5500
2464
7191
1829
6401
1319
5220
7851
6870
413
5457
3870
8017
5998
4707
5874
4944
1835
4786
3762
7029
5419
2327
3095
6188
5118
4793
3736
3347
7234
5627
740
860
5784
4849
6815
4926
421
4274
3412
4411
4356
4209
7995
4735
531
1453
5801
6013
4925
5149
3177
2252
8190
1407
