0
0
0
10
10
0
0
2
8
0
1
2
1
0
0
1
0
0
0
0
0
9
0
0
0
0
1
3
0
0
0
0
0
0
0
0
0
0
0
0
0
0
0
0
0
0
0
0
0
0
0
0
0
1
0
3
0
0
0
0
0
0
0
0
0
0
0
1
0
0
0
0
0
0
0
0
0
1
0
1
0
0
0
0
0
0
0
0
0
0
0
0
1
0
0
0
9
0
0
0
0
0
0
0
22
2
0
7
7
7
0
0
0
0
0
1
2
0
0
1
3
0
4
0
0
0
0
0
0
0
0
0
1
1
0
0
0
2
0
0
0
0
0
0
1
0
0
0
3
2
0
1
0
1
0
0
0
0
0
0
0
0
0
0
0
0
0
0
0
1
0
0
1
0
0
1
0
0
0
0
1
0
1
1
0
0
0
0
0
5
0
7
0
0
1
0
0
0
0
0
0
0
0
0
10
5
7
3
3
0
25
1
0
2
3
0
7
23
1
0
1
10
0
0
0
4
0
0
0
1
0
2
0
0
0
0
0
0
0
0
0
0
0
0
0
0
0
0
0
0
0
0
0
10
0
0
5514
7630
6741
336
3599
7657
2390
2928
3682
1308
6001
1567
1160
1539
6872
6389
5169
2780
7234
4281
990
7308
3314
2974
5305
1041
617
3367
3674
1579
2938
3392
1319
2531
860
1499
1892
1282
441
705
1988
3299
588
5254
1845
1709
7055
2392
6316
4179
5451
5627
3642
7787
5330
383
2041
4676
4047
3161
165
4266
2169
1147
2868
5654
6773
8049
5552
7167
7582
3897
797
1988
4784
6128
4553
2748
1368
1810
6839
7130
7735
617
1003
277
7031
5938
3475
3490
1350
5118
1671
102
705
7172
1926
7909
166
2722
6709
3570
4175
3761
5875
2665
2562
5812
5519
6762
2010
7620
2032
5942
891
2378
8048
1396
939
5545
2284
5638
282
1091
6668
7885
4807
371
4016
7645
61
6615
8093
5378
4175
28
4561
1462
3136
2032
6179
2928
3113
4278
4899
7831
2786
1434
1137
4521
643
534
3886
2020
620
3626
2151
2375
2030
5248
2022
2318
266
1880
1544
4550
5430
1413
7442
1040
3391
79
6235
7581
7466
6152
5233
2961
7428
7318
5398
5351
2962
7684
5495
2894
5971
6837
7423
5327
7101
5222
1685
5035
1047
1048
6076
392
6203
675
1555
3054
2248
4353
1859
4663
2313
4542
7894
3760
5723
1064
7227
6520
4642
3012
7905
1275
7180
4323
8127
5263
3834
3197
5573
2596
5422
6756
3560
4214
6128
7299
6508
2250
3804
3322
5255
5312
1007
994
1228
4044
7754
3403
7162
2157
137
5454
6902
5250
34
6065
5795
6040
1660
4278
6478
1333
5868
5975
4377
6053
6593
5993
2248
566
6647
6361
6141
1841
2965
5562
8124
6527
2787
5530
1736
4008
2662
3576
5667
6189
1428
6065
1681
3477
116
7059
2843
1084
4186
7879
6944
8148
2398
36
208
7722
6739
4199
4492
2552
3035
6400
4327
3164
3748
5001
4651
5668
2972
1124
4509
7628
3644
6950
4705
4137
7552
4736
289
6993
677
3461
1096
6006
2730
5392
8131
893
7509
7136
6556
4592
4799
6486
5358
6246
5937
4552
5092
6569
1743
5756
5530
4239
2000
4399
7096
2886
2702
5583
3891
859
3753
4278
3029
3962
6159
3996
1724
7067
7048
2006
3429
3282
5176
6532
5273
7141
3002
6710
3391
4192
8151
1999
4183
5843
5821
7344
3561
5955
6080
1092
5838
7428
1903
5483
5400
4916
4944
4642
3883
4037
5922
6886
6311
3318
1236
947
4290
4338
584
4485
5890
3363
2760
2002
2663
1800
2560
6861
6150
568
7317
2717
1485
5419
806
5905
6045
6014
7482
4749
2110
3038
3066
1239
7195
6520
966
8023
7575
7755
5723
3755
3722
5856
7453
7740
523
1065
2225
8151
6795
6361
7223
1157
8188
7748
1241
3776
6006
6622
1196
1357
75
4317
4321
2541
4675
5614
4618
7561
676
684
3353
7623
2808
594
7117
4108
1440
2944
6463
7467
4119
3401
6384
7845
4569
435
994
7997
3125
6783
971
3650
3024
6673
5264
6724
3427
2615
6266
5078
2456
7415
1037
458
1462
2806
3874
679
4300
4327
243
4641
7806
7583
6313
8174
1930
7560
1345
7807
2671
2847
5162
4963
5726
3980
1823
731
1245
6948
7136
541
1068
5669
2675
5224
6392
6235
2877
198
3587
4940
17
3610
6203
3280
4688
1907
7337
6020
4576
5036
6139
2578
1473
2259
6759
853
978
7245
7693
666
3047
2051
2504
413
4684
6862
2715
3845
3460
5328
7996
746
315
7070
2889
2080
6384
7886
2263
4192
6237
4851
6139
5448
102
378
517
3790
3330
7552
5400
6539
5072
1943
475
6539
1699
2006
4232
753
3288
5751
3300
4840
2317
2790
2182
764
5013
6650
4340
4949
7514
7234
747
6210
3537
1830
138
6170
6502
8070
2171
3181
4768
6388
2400
2618
4310
5675
4160
5465
4525
4955
1385
6108
2360
7908
7871
96
4569
6450
2679
4569
5949
6810
8065
504
7370
1736
4009
4167
4356
1140
473
6111
1216
5004
938
4659
1357
7819
5712
4576
5514
5724
3792
1535
7584
6027
979
46
8025
4192
6131
535
1917
307
3259
4443
7776
96
1283
7578
3181
1671
807
5176
5133
7556
1264
5004
5691
7298
7412
2979
6521
758
4094
3712
8138
1900
3022
6227
425
6740
4652
3789
3083
1409
4290
5273
6864
4354
1576
5698
6247
320
4743
1671
1970
1380
3148
3838
3669
7384
2762
3410
6201
1133
8153
248
3628
7950
4008
4878
3585
5790
5456
2677
8121
332
6451
852
6193
7253
5831
2465
2070
39
2006
102
5259
5746
3176
705
4273
3037
5385
2760
4301
450
102
5232
7363
4829
1776
5013
425
1129
4233
7503
217
6295
4236
3271
7219
3186
1234
4683
7327
7416
1139
1327
2082
7846
5938
2006
5739
5693
7871
698
308
7517
1440
7976
1716
6876
1776
4569
2676
4400
2015
6483
744
6475
3420
1160
3614
2791
7412
7552
1655
6778
504
3394
53
1061
6474
1473
675
6272
1279
2861
3427
7214
64
4759
6886
2547
8083
5687
5594
831
5605
7210
7816
1600
5501
4150
7647
4137
909
7608
4411
5072
4768
7486
5223
101
4944
6499
3384
6011
121
6315
2686
5530
7038
6700
7299
5712
7872
3741
5279
6193
5730
2672
5283
5687
4934
6958
1414
8011
5054
1872
6775
7456
3855
3342
4044
3855
2033
5072
6061
1897
5325
138
4239
7236
3901
1736
3483
6743
3876
6828
5279
3992
243
2146
811
3809
756
444
3237
4812
3022
5143
7679
518
3211
3342
493
6952
5400
3841
5942
3005
5298
275
8131
4622
2285
3223
536
5173
5805
3453
225
83
7781
250
5790
4050
4505
2002
2215
1464
4224
916
7983
4064
140
6539
638
248
403
1413
3712
1124
5687
2645
808
6917
5287
5748
907
450
5450
5173
916
7871
6799
4056
2487
4415
5335
4785
4812
7989
3432
7716
4042
6049
2786
2985
6925
206
3405
536
907
6482
8058
3916
5010
7967
4291
939
5048
643
5288
7905
4718
1576
2405
2690
5732
5482
472
2232
1767
6645
4502
4150
2182
3629
4323
5282
5921
6000
1760
6327
8155
2377
7717
5010
4641
591
6833
1678
7491
2339
3631
7871
4478
1488
