0
0
0
9
11
0
0
1
9
1
0
1
0
0
0
0
1
0
0
0
0
10
0
1
0
0
3
4
0
0
0
0
0
0
0
0
0
0
0
0
0
0
0
0
0
0
0
0
0
0
0
0
0
1
0
2
0
0
0
0
0
0
0
0
2
1
0
0
0
0
0
0
0
1
0
0
1
0
0
1
0
0
0
0
0
0
0
0
0
1
0
1
0
0
0
0
7
0
0
0
0
0
0
0
30
0
0
7
9
12
0
0
0
0
0
2
4
0
1
1
1
2
2
0
0
0
0
1
0
2
0
1
3
1
2
0
0
1
1
0
0
0
0
0
0
0
1
0
2
3
0
2
0
0
1
0
0
1
0
0
1
0
0
2
0
0
0
0
0
0
0
1
1
0
0
0
0
1
0
0
0
0
0
0
0
0
0
0
0
4
0
5
0
0
0
0
0
0
0
0
0
0
0
0
10
5
5
8
3
3
30
1
0
2
2
4
3
26
0
0
1
10
0
0
1
2
0
0
0
1
0
0
0
0
0
0
0
0
0
0
0
0
0
0
0
0
0
0
0
0
0
0
0
10
0
0
5752
1503
901
6351
3920
1382
1746
5871
3209
6303
586
7893
7751
839
1977
6742
3509
4806
6288
5337
6610
3121
47
46
2202
5129
5547
3175
4478
2131
2402
2460
4472
5115
403
3340
72
7638
5201
109
7054
1699
1064
7154
5859
956
4006
4087
2725
2882
6496
5090
1285
6000
2494
4867
5447
979
6245
3240
5677
980
7326
6810
4574
1794
4007
3728
1585
6990
6798
2863
1221
1494
1357
7461
5278
745
637
7865
6758
3013
6586
1504
47
740
4146
2773
5454
6868
2896
3512
5041
4116
5062
1103
5253
4157
4113
3306
2288
8131
7316
953
3063
2126
3777
6252
1453
622
2579
6875
1479
938
7856
3035
4161
2108
5153
5129
3777
6544
4867
4016
1395
64
5276
6245
8115
4799
5379
5917
4665
5331
4360
7433
2680
7436
2494
7085
1967
6413
1063
6903
4583
6592
3707
7184
2886
6525
6048
4001
1087
1118
3240
671
1544
3624
4672
3071
6080
6866
5827
6648
7775
3802
4275
474
7107
490
322
1978
6139
4538
1328
7056
457
3810
3170
2606
3156
3756
1810
6475
1710
7377
4670
6958
7484
5547
3656
4419
1741
4437
6459
7261
1570
1597
2327
7326
539
1409
2247
7433
4075
7089
2486
1597
457
7819
3170
7532
7081
7295
5955
7512
6889
27
4518
1425
4275
1493
3071
5096
856
5280
7307
3772
6108
6064
6907
6679
133
7048
2766
6288
4626
4645
4033
2647
574
7996
1196
4097
4931
6987
2313
7952
5187
4377
5622
7685
3412
8000
1787
38
261
4597
4231
2528
854
1428
3197
4571
5259
5375
7785
4944
1317
776
5325
4516
747
7996
4749
5678
4736
2911
746
2702
6865
7757
4617
4589
6615
2658
5193
2927
8041
4109
1220
6419
2350
2205
2155
1385
994
7752
7078
6139
7885
2544
7037
3555
1971
4944
5461
3760
3026
807
72
7450
1897
1358
6074
2790
4704
7605
2370
1740
6237
3732
1786
2345
2286
3355
7066
2528
8043
2956
994
6303
3854
4273
3024
2471
7
857
3257
3760
2644
4944
3349
6783
5543
177
2616
4642
3593
7473
6752
5324
4926
361
1082
1997
186
7747
2236
2414
648
7519
6405
1671
725
4232
3300
3339
7154
7059
1204
6987
7953
1327
5956
5461
2850
7908
792
3925
4037
6605
1093
3071
7210
4742
5247
7510
1685
177
1183
6896
829
4051
1741
6474
5584
6234
386
7717
8046
1241
2878
7303
7819
7526
4879
1581
5682
2235
4124
3834
5308
5369
1386
7784
1607
6372
5119
573
1020
6198
5118
7093
6661
4782
843
6159
7273
1411
3777
1865
4295
1356
5913
6114
7526
1061
123
7110
3051
4944
1459
906
8118
165
10
449
3120
1919
6292
3993
3834
4339
6824
1118
6635
2657
4452
1939
6064
3832
4672
75
2649
1978
7880
5061
4749
5140
2219
5185
5675
4749
5924
7303
328
3810
735
3960
2496
7171
5433
6258
4214
1285
7968
2212
5522
6657
7455
1048
5862
7831
6220
1494
180
1076
7646
7303
3664
83
4074
3037
1061
7996
7953
7303
457
2765
5350
3988
1748
5332
1021
4670
5112
57
620
3626
745
275
6953
4270
1954
4766
8107
4958
2507
6843
1435
7577
5902
1740
4590
6466
4469
2720
3313
95
6936
2607
2753
4987
5181
6198
2454
2496
1977
891
4982
3035
5380
5126
1061
3760
1954
3017
6733
8166
1565
3631
7994
6697
527
3255
4411
8038
4901
8038
2849
7912
6592
7523
191
5422
5436
7405
7940
5368
5905
4137
5186
7261
4037
457
7885
1982
4749
4965
5608
5838
1640
5071
7643
6731
3318
3257
574
2949
5970
5286
5011
5049
2216
3536
1479
2637
7451
4914
8188
6153
7772
891
3472
7172
5936
5023
2563
7831
5233
3421
4105
3256
259
3191
7912
235
3007
4080
201
7093
2429
2780
2741
6074
7786
8134
2603
7106
3240
5037
865
818
7433
1586
7375
7985
1798
7631
7831
3026
3873
4642
8116
4187
3854
6220
2618
6388
627
6529
6339
4153
39
3407
7207
298
2286
6015
2735
3100
6635
5744
1342
6854
3757
7630
4953
7629
3143
3707
4738
1868
2140
7106
3203
756
2252
4736
7054
4281
2694
1454
1869
3801
3313
7602
2506
5088
4980
336
8069
1762
6258
2343
7594
953
8049
4275
2875
1798
1505
6813
7361
1947
2286
8008
1331
416
6804
2875
627
3008
3574
3683
7912
6388
1196
625
4781
1609
1063
6687
4145
1336
3585
592
7231
4402
6418
1191
3918
2079
6101
2067
836
2212
350
2465
3240
764
2183
7987
7791
3801
7303
828
3211
5233
4459
3340
7185
2433
6867
6694
1853
7287
6141
4647
2465
6080
2085
5895
6628
890
6764
4948
3371
8106
202
4670
2896
7451
1235
2269
893
5700
6444
1667
4832
2281
1316
5646
4928
3723
1251
2153
1691
5718
1453
919
1803
4949
3073
3309
2929
3462
6003
7563
3240
2325
4867
7940
2325
2309
6482
103
5186
5270
3874
5438
1170
318
6682
828
2812
589
1641
3027
1586
4275
1057
673
335
5129
3542
6170
2175
3240
4867
592
7940
3240
3220
4522
4522
592
7940
474
6607
661
6637
3310
5593
8175
3197
4913
1884
4917
4512
6780
7091
3828
46
4355
5791
5514
4146
6826
590
3477
6635
4867
4522
7451
2325
2343
1948
4867
7940
3835
305
3387
2667
2043
4137
1629
1505
2555
3199
6641
2151
2093
3203
2625
5779
1331
3002
1245
7223
6553
46
1237
5779
7940
7451
4522
559
1512
1672
6258
2465
5566
8075
6788
7935
5307
5052
6049
3437
2673
6807
4627
2340
5179
6694
4980
4867
6245
4914
2285
4018
7468
3240
1539
1698
2325
6384
6258
94
3188
592
4522
2896
5643
897
2760
7462
6459
4610
5389
5550
7412
2970
6274
3087
220
7222
3815
7482
183
2445
5250
5779
5447
2896
2896
2896
6258
6258
6258
2896
2896
6258
6258
6258
2896
6635
592
1698
5950
6453
5544
8052
7708
661
6855
6763
2842
5828
5406
959
3477
6587
1049
601
2657
2657
5165
5165
5165
5165
5165
3123
5165
5165
5165
4952
2657
3599
7781
1852
6135
560
4719
7290
6401
3956
6194
6367
2882
6101
6840
