0
0
0
10
10
0
0
1
12
1
2
0
0
0
0
0
1
0
0
0
0
10
0
1
0
0
7
3
0
0
0
0
0
0
0
1
0
0
0
0
0
0
0
0
0
0
0
0
0
0
0
0
0
1
0
2
0
0
0
0
0
0
0
0
4
0
0
0
0
2
0
0
0
0
0
0
0
0
0
0
0
0
0
0
0
0
0
0
0
0
0
1
1
1
0
0
8
1
0
0
0
0
0
0
32
0
0
10
11
8
0
0
0
0
0
2
7
0
1
2
0
1
5
2
0
2
0
2
0
1
1
0
1
1
1
0
0
1
2
3
0
1
1
0
0
0
0
0
3
1
0
2
2
0
0
0
1
0
0
0
1
0
2
1
0
1
0
0
1
1
0
4
3
0
0
0
0
2
0
0
0
0
0
0
0
0
0
0
0
3
0
6
0
0
0
0
0
0
0
0
0
0
0
0
12
7
8
4
7
4
28
1
1
1
2
1
2
39
0
0
0
9
0
0
1
4
0
0
0
1
0
0
1
0
0
0
0
0
0
0
0
0
0
0
0
0
0
0
0
0
0
0
0
10
0
0
825
7716
3143
3439
7230
35
6332
6495
7976
4641
7679
6864
2464
3123
3326
1155
3317
5648
123
2002
5364
5608
7827
6799
1087
3847
96
1224
3510
7389
4796
4329
7160
6104
2377
7415
7887
4479
243
2502
1041
7070
5998
7575
1589
536
4053
2217
6532
6369
2137
8103
297
1029
4841
7753
795
998
2441
6509
6076
174
5833
7592
920
7199
765
7679
4689
1483
4509
308
5209
1680
6571
3577
5482
5112
4053
916
7918
6000
369
5172
4027
4361
4007
2796
1713
5687
5801
6380
1928
1217
263
4852
2279
2106
6465
916
2303
7424
369
6989
4261
6969
3682
6695
6174
2182
575
2854
1472
6735
5332
4708
2271
3002
2854
7344
998
1224
7798
5704
7064
5975
6069
4412
825
704
5945
8030
261
5654
4020
4716
3266
5743
2054
1191
6049
5573
1776
4700
7823
5682
4702
4027
7753
2031
4718
6679
6552
7781
1024
1479
174
3320
4604
787
527
3326
2629
6737
1105
7967
845
1280
2279
7093
4790
1310
3984
5852
7820
5224
4150
4881
1105
4291
6188
2686
1750
6720
6011
1595
400
3676
8040
5636
6979
2217
5771
3603
4969
3483
227
4729
1534
2483
1224
4809
3953
4302
3845
6138
5752
1006
4306
4708
7086
8103
7781
6053
1200
2257
331
1023
2613
2628
6756
995
6358
7591
1782
3603
7874
6957
1535
3702
2130
4106
3840
2108
5132
128
519
2791
4970
6236
6755
3572
5403
7980
212
8021
998
1024
2402
1275
3636
367
995
3876
7415
2642
3416
5007
6203
4878
48
6141
2999
2288
962
7008
1963
4749
1982
3191
6014
7215
4128
2854
5731
2130
7545
2836
4448
1602
4368
2109
7584
456
3751
6778
7051
4103
5247
4346
4522
202
5777
2421
4950
5487
445
7955
8152
1025
415
4899
7603
7489
3002
4708
7910
3148
2772
1211
4641
2954
7215
3912
7994
7651
1345
7051
6348
6460
2232
1522
1587
6146
7617
4067
2483
4578
4242
5720
6167
3996
8177
8152
6580
450
47
4492
3600
1826
6620
3919
4483
7946
1656
4272
4999
3571
7491
2064
7753
4242
5013
4242
1620
5102
2059
6680
6307
8030
6104
4190
5814
4676
5984
5563
6712
2513
7781
7153
7968
2288
4986
8081
8043
1587
4526
5086
173
3007
2502
4796
5024
2405
1948
5185
208
3363
7940
437
715
1155
450
6620
7366
2449
3442
6424
7313
4575
2764
1075
1681
2609
2230
7234
7079
6668
5675
5837
4208
3806
2192
2279
47
2907
3252
6569
4448
6385
418
3220
332
7706
4042
5327
1085
4906
3725
1557
6271
783
2470
6389
1737
6782
2014
3962
3350
4935
7125
7145
8155
5288
5877
272
137
3851
4207
7217
1304
2762
7589
5831
6899
3116
7007
1433
2717
77
8170
6600
3066
7971
387
2394
6801
95
7976
3158
2540
317
3536
7299
6468
2688
6565
2285
8188
2513
6447
4698
6384
2960
3337
6620
5314
2792
4699
2033
4899
2505
6435
2053
2974
3903
3738
6607
7211
7530
5583
7208
3760
5199
2965
2033
1809
2455
532
5013
6674
3805
6724
7866
4878
6565
60
2462
7952
3626
1902
903
3214
6398
341
3712
5935
6141
1505
5771
7757
3315
4678
7414
6839
3841
2435
1074
909
5828
5105
6897
7143
450
6737
3515
186
4105
5243
1028
5749
7848
6609
7897
6218
1498
3676
4542
1994
6876
370
2353
4202
96
5428
4631
7184
1618
2550
4061
5947
2921
7293
2041
7806
5831
2629
8030
3361
4838
72
8068
6139
5046
5311
6078
1705
4738
6301
2186
6164
4523
4283
5510
4530
825
6568
5905
1612
345
2547
5928
6041
6150
4011
4094
686
4609
744
6053
6653
1764
2473
1646
1139
2972
3143
2829
5504
6853
3113
4639
6498
3683
4358
6609
1629
2846
6093
6962
5968
59
3338
5710
3326
4644
4646
1607
4448
6041
1824
250
1944
5115
5578
1552
2216
4924
6921
3522
4626
8124
3279
1775
3683
6444
7994
5508
1297
6515
3842
6728
6953
5166
2072
5363
4507
5664
6761
7582
876
1620
5831
744
1075
4698
4609
2340
7681
518
1852
6744
5624
5587
2491
3103
7717
3319
7174
3736
6350
5547
2002
5761
5764
7460
3620
6468
8057
5693
4609
2441
568
825
2907
2892
3098
1550
1416
2079
256
935
4074
4475
4854
5311
8172
7469
6404
891
5641
1206
6416
2613
7078
896
1994
1129
1170
3035
6194
570
6261
1155
4609
988
96
4809
1948
4216
2609
3035
8160
5065
2192
2799
7806
735
4868
5048
6914
8049
5186
4100
3311
5591
6139
5793
1172
1963
3841
1998
8008
2680
1541
215
6011
255
6358
6227
6395
250
4137
7857
538
2199
1313
2868
1739
6011
4345
744
4372
3001
5049
7436
3197
3810
5563
4731
4738
3978
4124
1081
547
4401
1550
1595
4340
1893
4007
2443
3284
5404
7282
4303
2601
2080
5248
4478
2059
3188
4237
1105
2796
4198
6890
1626
817
286
5741
3676
6339
3035
7806
2796
3561
7545
5173
7781
6552
568
53
1642
3220
4572
472
7205
2684
1944
7517
2916
1155
96
5254
4594
5275
1417
6367
4328
2288
2564
3635
5633
3465
7200
2113
283
4809
7882
3058
4857
3576
2225
4507
2686
4937
5077
7431
5116
631
6188
2513
2182
5725
2533
5048
4857
2835
26
6045
2669
6463
4475
6484
6742
4305
818
3833
3223
1280
2629
6089
1155
6227
4475
2411
2182
1155
4448
1550
6393
2296
1308
5146
6041
3086
7784
2285
30
6770
6553
3861
1160
7190
5430
1534
57
4850
6424
7438
4568
283
5520
2199
7704
5128
4532
764
783
1917
832
7902
34
1615
2507
5322
5748
3729
3561
1880
1709
4900
5013
3058
3686
1105
182
3986
2639
6153
86
4038
6053
6053
7190
1550
7901
2411
390
5689
5920
2426
3575
5404
214
1209
6791
1155
5450
3602
372
7997
4524
4733
7551
7051
6553
6980
1971
5013
4698
6332
4628
916
3861
4609
6041
4317
1550
4594
215
5945
3145
3494
4202
8143
138
1075
450
4291
4651
5010
3402
6395
6945
5896
7859
3992
7406
7901
3158
1690
6354
2773
5364
7806
2634
5731
4053
4053
3326
2610
7229
