0
0
0
10
10
1
0
2
10
1
0
1
2
0
0
0
1
0
0
0
0
10
2
0
0
0
2
3
0
0
0
0
0
0
0
0
0
0
0
0
0
0
0
0
0
0
0
0
0
0
0
0
0
0
0
0
0
2
0
0
0
0
0
0
2
0
0
1
0
0
0
1
0
0
0
0
0
0
0
0
0
0
0
0
1
0
0
0
0
0
0
0
0
0
0
1
12
0
0
0
0
0
0
0
23
1
0
11
6
4
0
0
0
0
0
3
2
0
1
0
2
1
3
0
0
1
0
0
1
1
0
2
1
1
0
0
0
2
0
1
0
0
0
0
1
0
1
0
3
2
0
0
0
0
0
1
0
0
0
1
1
1
2
0
0
0
0
1
0
0
0
1
2
0
0
0
0
0
0
0
0
0
0
0
0
0
0
0
0
4
0
8
0
0
0
0
0
0
0
0
0
0
0
0
11
7
9
7
9
0
24
0
0
2
1
1
1
28
1
0
1
11
0
0
0
0
0
0
0
1
0
1
0
0
0
0
0
0
0
0
0
0
0
0
0
0
0
0
0
0
0
0
0
10
0
0
2513
3691
3870
3623
7413
5220
559
6332
7344
6228
2527
3389
6320
7344
1852
3022
1834
4858
721
6722
5048
3004
4698
3782
6879
3561
170
1823
7484
4202
2422
7679
3561
5220
1032
7729
1589
3541
5220
5165
1600
4821
3934
170
7679
5292
6157
6104
7328
3847
1836
2017
6791
2441
1067
4578
1441
4716
3541
1852
6791
7099
4173
7484
7405
372
5220
5973
4932
4578
1836
4568
916
526
6761
4578
4100
6041
7040
2764
4532
3667
5710
2062
1852
7484
1534
4348
1866
4198
2121
1849
4742
3893
1836
2513
811
7408
170
5705
8032
7070
4491
744
7405
4478
2339
1067
1931
5295
4927
7788
6708
7051
7012
4568
7405
7962
158
5857
2836
5716
7972
2274
6482
7790
4475
450
5887
6128
6791
2648
3679
1067
1836
7887
568
5530
5537
7505
750
1720
1639
400
4939
4652
1592
6355
7199
1384
2533
5288
1550
6227
7229
6271
7049
1075
4716
170
554
1703
7781
2066
88
5031
6737
1155
1249
1195
5756
6577
5069
158
6823
3693
5899
5194
1154
2285
2361
4568
4578
6320
5988
3290
6708
7613
5619
5013
3074
7506
6508
6440
127
1927
7502
7090
4568
7344
5096
1861
3392
647
2403
2013
4543
3653
4629
1053
4008
7236
4698
4565
2466
3464
5010
1423
4008
4341
6332
4600
3610
4448
2370
6989
4695
932
7398
6618
4438
5153
1512
1106
846
980
3621
2491
550
6239
6870
6914
7314
4472
3541
3173
8078
4207
4841
390
1852
6230
1583
1583
7494
5988
7505
6082
919
5472
4255
4934
2286
2809
7508
6086
7113
2608
583
2100
1100
1166
2971
7242
2028
2217
6722
5024
5428
764
2513
1849
5537
6031
2106
4932
5031
7956
5249
1105
7882
127
7180
5343
6675
1583
6574
263
663
4162
1173
7196
1782
7715
412
1675
1452
5292
5102
6393
4008
7072
3469
4100
7389
1279
3477
6271
1997
4698
5051
4343
1824
5057
7435
212
1244
2548
119
30
2022
3292
4623
5224
2605
7653
2416
526
6346
702
3497
2467
4713
937
6730
6421
3615
7670
4880
686
6830
138
4093
750
297
6761
4047
4303
7049
4162
6440
7389
959
5166
6137
1492
3396
7794
4388
3168
2453
554
6031
4882
7023
410
7598
5010
6830
1452
6887
411
5173
1209
4009
2817
2009
1029
1554
2579
2788
2121
2932
7188
7592
5451
169
2933
7742
2964
2826
4467
7684
2014
6961
311
1894
8015
7233
3483
1446
1941
215
7680
2339
2515
912
2009
4381
5027
3358
8187
516
204
91
2810
3092
1820
7755
1721
5538
4271
5769
5462
2291
1406
3323
4773
3766
230
3807
6611
2263
2796
8143
1750
7767
6215
7405
607
1864
261
7116
820
6307
3775
3124
4245
5608
2284
1430
8061
5882
2870
5051
5773
2692
4167
5676
555
6133
93
1173
2022
352
7806
2016
708
6821
5874
6391
5649
2143
6096
7345
2339
7582
2483
1896
6847
1899
6828
1391
3338
7019
7220
5774
570
1135
7808
5932
5854
8101
7911
2369
4339
6820
5677
7294
2661
4892
3389
3423
2528
1198
3817
5838
1598
6722
5320
5532
1917
3851
368
438
2028
5294
2755
989
5860
6604
1665
4033
5136
5901
6876
647
7913
8034
5321
3571
3304
6271
7246
7229
4932
7072
6203
2610
1748
5322
5886
3284
6228
2646
7956
2726
3979
6113
4828
6039
242
5790
5640
2544
1383
2589
2362
1074
2772
1980
4476
2075
5653
4271
1275
7344
4291
1542
3790
4820
5285
3561
6060
5165
7684
4798
1580
7928
7890
2583
1108
2416
6101
4279
7590
4768
3992
2544
3460
174
3732
750
2912
708
5652
7321
5439
139
7408
6436
7628
6060
1046
744
374
4578
4818
7301
4112
393
5963
5110
2542
352
1438
2971
5583
4337
5419
3186
731
4796
5232
1965
7121
6756
1669
4243
4200
649
2376
8167
5220
7679
1595
6011
2513
250
4478
3610
3154
4498
7864
5060
4113
4643
3320
7425
134
675
4232
7795
5514
5567
2868
1164
4851
3684
2975
7494
5857
2016
7882
421
2071
7408
7160
2464
250
6227
5220
5292
5288
6582
5878
2393
4792
1105
6168
6477
7861
3153
5743
3686
1590
5492
6244
6437
5762
5143
2442
1883
2520
7545
2089
8121
6737
1852
2650
4964
744
2483
1620
4651
1443
4948
6706
4009
4798
7155
2137
5143
597
7478
2448
5701
4542
8048
5882
1182
531
2002
4792
3293
7888
2784
2017
5077
5507
721
568
2133
6227
7408
2411
7190
653
4476
5195
6599
2218
1580
3190
2412
5686
3969
2464
574
4273
1900
7040
2723
744
6571
2106
2218
2562
5048
3483
7405
3682
4365
1849
372
3682
568
4015
2867
1218
1286
3025
4961
5487
7893
3559
2398
5143
6082
4017
1129
5143
5890
2207
7439
2771
7972
7972
146
7999
6791
3541
6510
3541
7882
6737
1620
2405
411
920
249
1736
5701
2422
5220
2339
5542
5477
8148
6147
4533
2442
5890
6756
4635
5215
3392
6186
1041
3516
4651
1595
1313
4237
5165
4237
559
3389
559
4120
1824
170
5220
3402
3266
6137
7408
5293
795
2562
1188
7193
6832
5686
4162
2665
158
2742
3981
7827
421
5385
3293
7506
922
2560
5805
2412
4368
6899
4261
1849
3058
4237
5412
5412
1620
1279
5525
7454
4600
6053
5428
7470
5195
4825
3293
2005
158
3377
5364
1944
3541
1452
2397
5648
121
425
1748
7967
3252
1408
6722
4491
3893
3333
5393
1062
5112
5798
6973
8160
7405
5928
6060
372
1861
1580
3844
435
1402
3950
88
8030
4892
5731
139
5650
3629
7344
6791
1776
1821
5715
2406
2210
478
671
3686
418
2318
3483
5664
1519
4594
5661
5232
3572
721
6495
1709
7405
2784
6060
2513
1883
4568
7484
6307
7595
5432
511
3469
8160
5798
7872
3389
7237
5290
5579
5664
772
1739
6165
7961
631
7405
1631
2975
7445
8025
7012
7160
3682
5077
1620
5112
6135
7121
4628
1270
1769
7582
5220
7160
6060
2056
1620
5594
4237
2645
5963
1384
4341
3274
777
5436
3483
82
3096
4716
1863
5279
2285
5385
4818
2513
5220
3561
4892
4419
959
4293
2411
