0
0
0
9
10
0
0
2
11
1
1
0
0
0
0
1
0
0
0
0
0
10
0
0
0
0
1
4
0
0
0
0
0
0
0
0
0
0
2
0
0
0
0
0
0
0
0
0
0
0
0
0
0
0
0
3
0
0
1
0
0
0
0
0
2
0
0
1
0
0
0
0
0
0
0
0
1
0
0
0
0
0
0
0
0
0
0
0
0
0
0
1
0
0
0
1
10
0
0
0
0
0
0
0
27
0
0
7
5
9
0
0
0
0
0
3
2
0
0
1
1
0
5
0
0
1
0
1
0
0
0
1
2
0
5
0
0
2
1
0
0
2
0
0
0
0
0
0
2
0
0
1
0
0
0
0
0
0
0
0
1
0
1
0
0
1
0
0
0
0
0
0
0
0
2
0
0
2
1
0
0
0
0
0
0
0
0
0
0
6
0
6
0
0
0
0
0
0
0
0
0
0
0
0
9
7
7
6
3
3
28
5
0
5
0
2
1
33
0
0
2
11
0
0
0
0
0
0
0
1
0
0
0
0
0
0
0
0
0
0
0
0
0
0
0
0
0
0
0
0
0
0
0
10
0
0
6527
4706
540
2029
4526
2804
4500
869
2194
4704
5313
4005
1982
7819
341
5955
4999
5573
2680
4666
1035
5405
5643
2533
6234
4448
1948
1769
1075
3469
6457
6009
1486
5796
4743
6926
5127
5878
5593
319
1682
7549
3143
4531
1392
5606
6886
1171
6219
3634
6055
4728
3658
1926
7820
2938
6409
1279
4809
7190
4745
2320
2810
333
2757
1816
773
271
1242
7615
7549
4815
6527
828
4736
6786
5950
4314
6314
1479
6190
7234
138
1297
5186
3742
3788
6132
5093
2610
3600
2946
1000
1141
5757
5731
339
4113
2814
8007
6375
4022
6436
8114
7493
5856
3170
1346
6560
6538
7935
6747
5401
1269
5778
5164
7184
6290
7570
702
6268
2343
6174
3531
5369
4087
826
3835
5557
7120
6515
3670
5864
4188
4815
7422
1214
1663
7819
1682
2849
6496
2882
4402
2459
2217
1978
1255
1741
1646
4469
7866
2553
2056
818
7739
5871
1191
4338
3284
6256
6550
4774
7422
370
878
313
3990
7130
3984
5114
1357
2033
1267
804
818
7505
3358
6450
7901
3918
2962
268
2534
4399
8102
908
2863
3143
1096
2217
6411
7176
2142
6270
8026
3256
1016
3663
5203
805
5126
2019
7831
4459
4684
3796
3939
1333
1794
2665
5594
7812
5179
5649
1366
2056
1837
7518
380
3812
2907
3783
1155
1671
6875
2914
7817
481
2076
5343
6041
680
3209
1025
2872
445
3116
3919
5896
912
3806
4651
7154
6384
1840
7952
6499
2923
1327
6990
3932
7517
1111
5934
1348
994
6405
6064
3493
3093
4293
4753
7468
6587
1850
4931
3062
8170
5926
7985
7291
7291
7848
4869
2631
5792
7022
8087
5649
7912
2454
5764
2893
6862
8094
7463
3637
4944
6097
7939
4643
4737
3662
3297
3199
6027
1428
788
936
6564
5708
7935
2908
6180
3912
805
5711
2246
5862
4172
5426
4639
5865
1204
169
1900
7132
1481
3987
5131
1670
6381
5589
840
443
3815
3005
4770
849
3597
2924
6099
343
10
1418
5727
5298
6780
4773
5635
6014
3711
4903
3721
6020
1919
1682
3026
3932
3812
2158
4944
1327
4232
4090
550
776
8008
5582
4292
7531
2729
2091
1816
712
5369
936
5046
7189
5014
6585
4161
4302
380
273
4135
1757
4769
5612
1603
7831
2849
3005
3965
363
5454
5842
287
6841
5885
3925
7134
3617
5938
1671
7183
6764
3355
587
4377
2379
1591
668
1887
3000
6014
6529
627
7215
6137
2915
1643
4468
1074
7283
102
2581
2911
6522
794
334
7690
5016
95
6886
5394
4080
3869
3385
6983
857
4273
1440
705
6246
7293
4799
2936
3873
984
8120
5394
938
735
197
7145
7401
2407
3199
6013
2685
4855
4242
670
2702
5310
2033
4310
1435
5164
5853
1671
3162
7234
994
7303
6199
2639
4423
7073
4132
5007
5862
3026
2194
5044
6806
5832
7548
2213
3786
5430
2297
4512
3851
2586
3256
1086
5420
1061
8089
2032
457
366
6785
7303
7303
3712
986
5428
7570
2123
5402
5938
1869
4768
3841
4181
4746
6511
1162
7993
843
4568
4333
3151
8006
7470
6147
4145
4483
2595
6851
92
6911
6264
7353
1882
24
2212
4301
5921
3526
7431
50
936
7428
6507
5036
8146
1310
1093
6581
8017
574
2773
7223
3006
5205
6935
1546
3153
7440
3657
3881
2734
2202
122
7085
3678
3678
6643
1773
3784
377
943
4467
6788
4006
4871
7248
4402
1960
1995
3247
375
4472
4718
1115
1549
3674
6076
1671
7234
6847
373
227
272
17
1999
5625
2429
6124
705
6983
1260
8085
3493
426
2735
7876
7701
4982
345
7772
7481
2668
8145
5507
343
3802
1310
7532
6451
7620
5862
2253
4571
37
2320
458
7286
2242
2082
1327
4743
4590
689
7649
1005
720
7948
491
1892
5612
3757
3626
5917
6306
4722
7092
1798
8008
3005
1074
128
4736
4518
2033
380
7526
3394
6785
2979
4958
1196
1196
7831
2575
1413
38
8008
4
4593
5375
8083
4150
2672
3773
3252
6058
600
3652
6610
6413
5396
1798
5870
4895
625
3707
1897
5940
1919
1366
7303
8179
5419
6388
2033
6490
3639
4940
6875
4597
5832
3577
1395
4618
1055
7002
1864
116
7434
6219
4437
734
5852
5788
1612
8146
1676
2702
2299
705
2033
1486
4590
4284
3533
7924
1170
3231
1299
5582
7537
6453
7894
4628
7583
1024
705
4792
5166
5185
3548
1712
4025
5859
4799
7772
2307
2882
3763
7277
7464
4736
5072
3026
5862
7088
6070
1819
4465
4572
3501
1183
2622
4485
4372
7781
2916
1048
5361
4813
915
1620
6141
4812
753
5274
5939
7477
1494
7781
4712
3599
5523
2289
677
3932
2194
7991
6488
777
6060
744
5489
7795
2115
1690
3790
5275
740
7012
2661
6495
827
96
1055
6820
4106
393
1287
4007
591
2257
202
4183
5955
2246
7081
8081
7725
6665
6378
2152
5909
2080
2817
7756
3959
4777
5826
4229
8106
3610
3959
30
4605
4651
2130
3481
1750
1353
4340
8058
4146
3240
2464
5875
3603
8146
3707
4115
2621
7983
2124
1155
472
7570
7617
4575
6104
725
1595
2377
2279
139
2496
6730
46
7675
2856
5227
2894
1926
4146
643
1453
4535
2484
853
6603
3337
3579
7457
3662
622
4236
5314
5778
2654
471
2285
5916
2133
6002
680
2639
5314
4809
8106
1364
4174
619
5326
4873
6258
4237
6914
3577
7235
2684
7153
6367
7701
7578
5311
4850
7631
3483
7205
5801
1591
595
392
3790
1769
1776
5695
5542
1949
212
4869
5975
558
6635
6245
896
4679
7243
2684
2684
4880
4361
3861
7840
5179
7772
4665
57
6031
2192
4004
7497
6308
3809
17
3022
5801
5326
4341
1664
5898
3903
3969
35
7527
202
167
5986
7389
4383
2686
5921
5171
1886
5886
210
2680
7772
3041
6996
7236
7205
249
6554
1786
6532
1523
541
2773
4442
8167
5644
3968
3694
6549
915
6781
4092
6660
6371
2684
5909
932
7492
1424
2686
4194
3504
6790
4919
3783
2796
2686
6031
2217
383
1035
6548
5013
4651
5244
391
199
1794
4975
139
4350
1588
951
