0
0
0
10
7
0
0
1
11
0
0
0
1
0
0
0
0
0
0
0
0
8
9
0
0
0
2
1
0
0
0
1
0
0
0
1
0
0
1
0
0
0
0
0
0
0
0
0
0
0
0
0
0
0
0
1
1
0
1
0
0
0
0
0
5
0
0
1
0
1
1
0
0
0
0
0
0
0
0
0
0
0
0
0
0
0
0
0
0
0
0
0
0
0
0
0
9
1
0
0
0
0
0
0
28
1
0
6
7
7
0
0
0
0
0
0
4
0
0
0
1
0
2
0
0
3
0
0
1
2
0
0
1
3
4
0
0
1
0
0
0
0
1
0
1
0
0
0
1
1
1
0
0
0
0
1
1
0
0
0
0
0
4
2
1
0
1
0
0
0
0
0
1
0
2
0
0
0
1
0
1
0
0
0
0
0
0
0
1
3
0
7
0
0
0
0
0
0
0
0
0
0
0
0
10
4
9
7
6
2
33
4
0
8
2
0
3
25
1
0
2
12
0
1
0
0
0
0
0
1
0
7
0
0
0
0
0
0
0
0
0
0
0
0
0
0
0
0
0
0
0
0
0
10
0
0
3123
2453
4771
1734
5290
7258
2684
6737
184
6279
4092
7570
2130
6346
4007
7258
5272
5272
3584
5748
3572
5107
3647
372
1024
7781
3266
1181
338
5608
1932
6117
5514
4190
904
1836
7679
2941
5291
6978
4131
3883
6408
2156
7711
6676
647
7287
7418
1091
5143
6167
2116
5020
5107
7823
6262
1733
48
2002
7788
4150
932
7389
7941
5292
5858
5913
6668
201
727
5292
7654
2053
3717
1855
1347
6183
6343
4402
1842
1730
3737
1221
2487
5993
5608
2229
925
4708
5332
5833
1009
2558
6000
5332
3959
5514
899
94
4381
920
6552
2894
5272
6025
8112
3441
5510
568
1607
7645
1353
230
3511
6086
3511
5849
4959
7631
1193
4153
5833
5886
1395
2137
5232
1733
4007
811
6433
6555
6296
1397
1338
4092
6393
1521
6025
3441
2785
851
5557
3883
2150
1576
393
4150
1767
404
3940
6170
6993
544
3280
1440
684
5275
2410
5171
8021
7921
1974
449
7146
6964
2579
1107
3631
1931
1939
3858
2047
5696
4802
5471
1847
4649
4190
7570
4340
671
2572
6132
1892
2098
7772
6381
2153
1622
2940
6007
5010
1830
7871
6750
2299
8142
537
7611
2902
7593
6990
3790
3434
5694
4839
2570
127
1684
1695
8015
7956
3082
7800
3136
1160
671
2645
762
3511
6086
6086
701
7570
7887
5833
1534
7753
4580
5099
3489
1162
2956
6198
373
3257
6181
1744
758
6936
710
6966
371
1926
643
7877
3280
7213
1483
8086
2684
5466
839
2818
3738
2949
1073
1118
2327
5514
6041
2353
7938
4027
4507
2345
6198
747
1661
6047
1208
2865
4087
6764
3023
5960
4194
5273
3002
6361
7466
1345
3416
6833
4016
6413
2804
1845
825
8188
249
1680
912
2904
2643
594
2726
1951
89
2972
1684
7262
775
3804
5007
3360
4624
6210
1900
3809
2449
618
6193
310
6247
7279
3252
3861
3681
3600
1929
1155
2645
144
369
1855
1115
1474
1354
5135
3675
4963
6631
7060
3392
6918
1799
5598
6313
2910
3695
2572
1570
6248
6013
4345
3460
87
4005
4984
7781
6306
7956
4542
2907
7614
5077
2420
4872
2984
1403
1666
2927
3886
732
5417
7146
1725
5284
3554
3210
3836
5170
7595
6437
422
1434
2487
5762
310
7976
8176
1546
4525
5997
6361
5514
2684
7153
2351
2448
3858
1100
3603
754
61
5343
4810
6555
5967
858
2870
5513
6087
1537
4637
5073
2811
3513
4613
7503
6217
7253
1346
3571
7785
3572
7670
5938
3572
5275
5383
3184
1442
6146
6664
3608
6119
396
8160
2675
22
6580
247
1684
5401
6118
8075
5107
6371
657
7645
1236
5309
5350
7622
2613
6380
5248
393
4082
1241
4708
5024
5024
7679
2682
732
1605
2816
5402
3008
747
1234
4435
1071
986
5188
4881
7866
4329
7389
5805
7235
657
3559
4824
7123
4632
1886
1954
5322
255
3834
1765
2410
1105
7922
5367
7274
1342
6819
8066
2238
2613
3590
996
973
5288
4521
1040
6137
6645
5272
3613
1124
26
4812
393
1799
877
6385
6073
2464
797
932
6303
2916
1024
1255
8129
4957
624
1626
8162
5667
3718
5876
5950
4362
8075
5272
34
675
8094
7556
2331
3595
7153
137
4852
6645
7380
591
3650
1029
5403
255
6253
1786
3358
3686
2264
6802
996
6627
2892
5173
8099
2834
70
788
2578
3835
2679
1713
3082
3066
7062
6964
1608
7153
208
6202
951
3584
2772
684
5514
5608
6958
7785
5531
2934
6661
5377
5738
3326
5687
47
7153
160
6716
2910
6685
7539
7235
7598
5631
1177
1864
5512
1704
6989
5275
7389
6958
4007
3497
3196
4291
5248
5275
4153
1794
914
2784
7645
6447
4136
5682
4340
5024
5184
833
6687
7749
4681
4354
5720
6495
5143
1009
3247
5752
828
5583
61
2361
7798
4150
5584
5290
7823
4841
2942
2987
6828
2152
486
7691
5905
8005
2916
2916
4007
2740
1909
3430
3508
138
352
565
5292
4812
7855
2047
7704
6886
3473
4781
4361
1464
4295
5272
1988
2999
5035
4575
3988
1971
5185
7064
7983
7772
1481
5322
5886
4007
1439
7167
8167
7728
6291
247
8014
3750
7801
1307
6964
5682
2120
126
1765
297
1961
2459
5896
1029
7332
2192
2675
6746
1896
210
2700
6086
7772
4751
4796
2558
7389
1550
3629
6057
5496
1578
3272
7854
396
2607
5170
4992
3119
5629
5470
8011
6650
6000
6824
1733
825
1502
5351
8155
6735
2661
2536
6086
7616
1534
1613
3732
568
1009
47
306
5655
5799
1073
6198
5993
7649
1104
4624
6124
1170
2533
3067
7956
7227
5143
137
907
4672
1462
3077
1105
5275
3160
4626
6768
7389
5120
6073
2861
3997
5232
2830
5655
7660
5164
2677
1435
101
7534
6897
1217
5176
437
6395
4949
3526
566
7716
5476
4753
3712
3911
4361
2764
1619
297
508
1281
1245
5596
2157
774
4359
4214
4651
7431
7718
4524
4590
4330
7919
61
5731
6989
5100
1595
2773
4609
2631
3646
5754
507
705
1929
1029
4796
534
6000
1285
920
6810
1380
4094
6884
1917
6020
6020
6799
7229
3460
1919
5870
2117
7074
6990
4970
5364
5751
3432
7431
4735
5129
5340
4029
1023
7497
5398
7823
1677
3455
214
1566
5858
5079
283
1067
6827
4017
5531
2679
4600
1206
8125
2829
5788
5496
6176
3707
2907
7011
1023
6123
7087
5408
276
4644
5801
3449
3066
3212
1151
517
4672
1746
4183
1534
1020
7584
2381
6645
7011
5914
4155
258
2625
2206
3895
944
4112
3143
3577
2907
4934
4011
2737
4921
1285
5247
6454
1411
4651
7022
4082
1037
6563
3249
3176
3732
2552
4613
280
1976
7154
5605
2496
2072
7308
6106
970
4855
5801
769
47
740
7491
999
2645
4372
3862
3453
3352
6035
5731
2496
4921
83
8103
639
1483
4881
939
5107
7989
740
2534
5514
3433
4387
168
6468
5340
2532
5024
7902
2210
491
3806
320
1046
8086
8160
778
7777
2137
4482
5242
5077
5031
531
8160
1678
3901
3835
116
7013
922
5223
4796
2684
3481
2342
6242
4007
2907
1105
1023
