0
0
0
9
10
0
0
2
9
2
0
0
1
0
0
0
2
1
0
0
0
9
1
0
0
0
1
2
0
0
1
2
0
0
0
1
0
0
0
0
0
0
0
0
0
0
0
0
0
0
0
0
0
1
1
2
0
2
0
0
0
1
0
0
0
0
1
1
0
1
0
0
0
0
1
0
0
0
0
0
0
0
0
0
0
0
0
0
0
0
0
2
1
0
0
0
11
0
0
0
0
0
0
0
28
0
0
10
6
5
0
0
0
0
0
0
2
0
0
1
2
0
5
1
0
0
0
2
0
0
0
0
2
0
2
0
0
2
0
0
0
0
0
0
0
0
0
0
2
2
0
0
0
0
0
0
2
0
0
0
0
1
1
2
1
0
0
0
0
0
0
0
5
0
1
0
0
0
0
0
0
0
0
0
0
0
0
0
0
4
0
7
0
0
0
0
0
0
0
0
0
0
0
0
19
4
8
5
6
3
28
4
0
4
3
1
2
29
1
0
3
10
0
0
1
4
0
0
0
1
0
0
0
0
0
0
0
0
0
0
0
0
0
0
0
0
0
0
0
0
0
0
0
10
0
0
2408
5041
3988
1362
7909
3439
33
452
6707
2748
4474
4842
5265
6074
7909
117
1176
2716
6406
2330
997
101
5029
7583
5521
4825
2463
5891
1243
896
1279
3601
4109
7002
5445
5198
7636
3398
3313
6247
2721
3794
2964
5184
7090
7193
3623
480
3953
7585
1738
5614
5322
3503
842
4321
3506
6406
1520
243
942
8160
5321
4178
2522
5227
382
7199
2832
3533
7831
3683
1655
1817
6083
2085
3658
1854
5749
2679
4374
2987
314
900
5314
5591
1494
7533
2932
7900
1213
2225
7022
5102
4081
2109
8039
382
5628
1937
1575
6524
7466
3753
7750
2473
1712
6521
5478
7825
4695
434
7877
6434
5222
5492
4792
7775
568
3589
8047
2723
949
4594
491
5832
7
6134
1333
382
7188
1039
5069
6734
2599
4806
6579
3683
4281
6991
140
2752
3194
7097
8155
2875
4800
7154
7314
6299
7484
4506
7470
2945
4375
5627
4066
1799
7588
7799
777
7106
1042
1717
6968
7752
5449
2693
7305
1472
3026
4518
611
4240
2862
6716
8106
2875
5309
1836
1738
1675
8021
5122
5887
5147
4053
3115
5785
699
7442
6312
5581
1838
7113
7510
3298
7116
3277
3037
3281
2196
6035
457
5433
3415
1497
217
440
3968
928
7162
2945
4822
6953
2637
2004
7518
4618
2412
4368
1409
4053
7782
1717
5227
5445
177
4141
1618
2613
4153
1692
6525
6977
746
3958
3638
130
3886
3838
7373
3575
1441
125
6823
5627
8122
2491
7384
2015
4541
3992
5403
7767
7510
3751
1245
7289
382
172
7631
7631
3214
304
5230
3054
1264
303
4540
6293
2248
4857
6162
4976
2374
1121
6374
7785
6545
2774
109
7439
7852
899
6546
244
988
3706
7470
7077
2930
44
777
3025
6599
7193
777
5551
2336
5265
8116
6760
7201
3722
4580
7093
4723
6374
987
6656
217
6544
144
5353
7269
7749
6272
5566
2911
4106
4727
3478
4740
7436
7275
7711
4581
3623
7025
1150
2930
5027
6760
6074
1420
7382
4951
1686
1046
1200
7498
2753
1345
3631
3261
7482
5127
28
2799
2240
44
2701
3323
629
1997
35
6312
27
7075
405
7900
716
2365
2975
1791
3826
4064
5932
7245
56
6511
8151
2800
4345
6403
444
5786
3475
4169
1947
6760
2709
2573
7189
7363
7536
3064
6440
6202
6440
750
6475
833
637
405
5906
4079
2211
7543
6728
5424
8043
7172
798
3980
5778
3549
1613
5434
5904
6760
1890
5445
6889
2425
43
7441
39
477
5004
1513
2063
3995
2983
4561
2593
7818
6886
337
1633
6253
2092
4003
1490
6205
2725
4773
238
1554
6852
244
7470
2884
3609
7966
7244
407
6579
413
5072
2926
7609
7752
3682
4274
6203
6571
2811
5730
1544
5868
944
5993
1017
4413
3968
3878
3812
6719
6726
3358
7897
7470
3706
7113
2280
2347
3506
1791
4037
5762
5394
2694
493
4240
6353
3773
139
5120
7044
1518
2763
6688
7101
3492
1017
6740
2753
4211
5560
1136
1426
30
1591
4898
7113
1732
2425
7289
2539
3229
8140
3201
5303
4786
6920
5693
6858
5056
7414
2617
5253
8033
2169
4327
628
6518
5853
4528
6740
6740
5350
8004
2221
5163
3384
148
3152
1490
3152
7636
947
2654
217
3891
7994
6909
3054
8135
3776
3180
4676
3273
650
1272
4629
1317
8190
5086
2178
2575
145
7234
4273
5203
2639
1021
164
4895
2391
5787
3597
5989
7494
4217
3461
457
2753
1929
2861
1032
7196
5684
2833
5434
4211
7987
5023
4597
3047
1699
4528
1699
4278
2451
679
658
7633
2823
7234
6450
5273
8004
8047
6244
3020
3790
3650
1095
427
6973
763
3252
6708
6233
352
5942
2635
1317
693
2409
1661
4944
1048
2186
1138
5199
743
2965
7885
705
2544
5767
1554
8176
5891
7024
5283
2677
449
7773
2028
4271
5732
4719
2414
4839
1717
3428
5640
3055
7035
341
4273
1671
1835
2793
3170
2082
4232
1699
1671
6990
1760
1929
5219
1919
7129
7176
1937
7445
1583
3194
1220
6147
3506
3807
8116
6760
2539
5236
2972
7858
3509
7836
3540
2504
5804
7841
3148
725
1285
7953
7620
3055
2313
1809
3434
7911
5741
5756
5383
3836
4385
7966
5027
1890
5752
5653
7757
2548
2013
3267
6406
6781
5252
4097
5924
1137
1137
857
4295
725
2961
1699
747
7299
1972
6256
6249
7220
6210
6645
1155
3439
1362
4392
3435
7966
2347
716
3506
7966
4740
3824
1649
6192
4425
3055
3047
3716
2575
1682
850
705
1989
7195
6613
3132
5630
861
6340
4280
3194
4640
4294
3600
4842
7113
1084
6273
7106
7571
4570
7507
7244
4125
295
8017
1643
6513
1570
6126
2479
6097
3523
6975
3683
3158
2717
1216
4838
3828
1347
5652
7289
7077
3264
6724
4385
5278
3440
6297
1042
5587
2539
4740
6760
5277
5003
5303
1044
2589
3419
4728
6049
4728
3303
3107
4231
5993
6247
1084
4129
2218
4825
915
3684
2975
1890
1150
1594
7966
7507
7966
7244
6147
382
7966
1220
6070
6081
4930
4137
2780
7710
7043
8115
2050
2920
445
2521
1094
3622
1129
7251
1450
7289
3609
915
915
7470
5628
7188
3259
5265
3623
2930
4593
2884
2826
6615
407
2143
3451
7305
675
5884
3817
2428
7861
6121
134
4005
6533
6910
240
84
5138
177
8116
1042
2546
5839
716
5187
5521
915
2539
7893
3506
4294
3824
1150
4241
5354
1166
5327
7407
293
2972
820
5368
7056
39
5350
5350
7739
394
5074
5698
2548
7289
4898
1732
3824
7025
5163
6015
3146
7244
6654
2425
4593
915
6330
7077
777
5227
7117
1492
4614
4734
1791
2573
6695
2616
7034
5993
2487
6569
446
2960
6406
6993
4392
2479
48
1029
1717
5445
5198
7244
7966
4215
5521
7025
1639
3645
2539
7966
777
7002
1639
2425
716
777
5247
5496
2621
3659
3519
2887
158
5390
3025
852
3461
2576
6654
2801
7090
7893
915
6015
4294
5027
3609
3609
1639
5166
3824
7966
5198
7507
7507
1173
1084
5620
6889
2975
7767
6972
7663
1791
7025
4898
7230
1775
1639
2314
6654
2546
