0
0
0
10
10
0
0
2
10
1
0
1
0
1
0
0
0
1
0
0
0
10
0
0
0
0
3
1
0
0
0
0
0
0
0
0
0
0
1
0
0
0
0
0
0
0
0
0
0
0
0
0
0
0
1
2
0
1
0
0
0
0
0
0
1
0
0
0
0
0
0
0
0
1
0
0
1
0
0
0
0
0
0
0
0
0
0
0
0
1
0
0
0
0
0
0
9
0
0
0
0
0
0
0
24
0
0
8
5
4
0
0
0
0
0
1
3
0
0
0
0
1
2
0
0
0
0
0
1
0
0
0
2
0
0
0
0
2
1
0
0
0
0
0
0
0
0
0
2
1
0
1
0
0
0
0
0
2
0
0
0
0
1
1
0
0
0
0
0
0
0
0
2
0
0
0
0
0
0
0
0
0
0
0
0
0
0
0
0
3
0
9
0
0
0
0
0
0
0
0
0
0
0
0
15
2
9
4
3
1
31
0
1
5
3
3
0
23
0
1
0
11
0
0
2
1
0
0
1
1
0
1
0
0
0
0
0
0
0
0
0
0
0
0
0
0
0
0
0
0
0
0
0
10
0
0
3052
980
3293
4335
390
26
2370
5857
6355
3368
1583
5921
1176
4689
1279
200
2684
5627
6824
631
7255
2558
2411
7670
6385
5982
7484
450
1088
5374
5086
5322
3252
1583
1669
1610
1155
3773
2005
5973
1819
2005
4449
7039
361
5915
6031
2410
4274
3600
6303
7613
5874
5986
2339
6128
3326
5531
5113
3338
610
4187
5762
7492
763
7094
4765
1090
6447
3252
2005
4765
5857
6241
7928
2999
7613
5364
2130
2130
5024
2285
7583
5577
8173
1141
2183
5570
72
3154
4796
7616
3987
6425
2328
684
1997
2114
119
4785
6041
4689
4381
6470
2520
3572
1124
2916
5024
7788
3287
2558
8160
3914
3163
3493
125
7900
5880
2158
3172
8030
1497
3820
2310
3642
6645
4150
7888
1583
6706
6686
4718
8016
5439
3084
6371
7389
6509
2410
7570
1893
3098
472
6244
7649
6605
7201
3333
1738
5799
537
2853
6973
3686
299
3101
1886
4880
4478
4667
1819
5652
4813
6041
2520
3084
3879
7667
6118
2158
5170
3371
20
912
4175
3938
7488
6163
563
7686
3203
5718
6675
2677
96
2459
5724
464
2520
3077
6031
2515
355
5973
820
1155
3252
5875
1314
6846
7637
6694
2789
5709
197
2834
6157
936
3392
3706
2635
5803
5884
4221
5003
4175
5701
7028
6417
6356
1709
7418
4007
7764
2001
3844
3988
4274
663
621
4327
1077
4208
4497
3814
3812
4887
7256
7530
8047
7913
6303
1850
7347
6047
6985
5020
568
7722
1748
2788
1733
2410
1819
5998
2080
7570
2034
2361
6053
4016
5858
49
178
2371
7048
857
3710
4749
1401
394
3186
2894
5097
8010
1511
4159
2536
1065
3862
3402
2219
1514
369
1029
5272
6864
3610
2339
7505
6041
2736
1576
402
2683
4213
5806
6648
7755
5118
4749
6217
4749
6824
6365
3654
197
6819
1018
5505
4704
7059
1103
1029
3249
8138
1620
4361
7072
1926
5921
5035
327
4368
2436
2223
3353
3832
7682
6377
990
5118
1835
6013
6974
8073
1671
1472
95
3639
5955
4626
2746
1748
2894
3173
4830
289
5168
4478
533
5228
1960
6837
1310
2065
3206
1815
5086
24
7078
4743
7110
415
7861
2962
823
3452
1671
6883
6990
6560
3918
6105
4569
5288
6510
2467
2419
2421
5581
1917
5024
3052
3899
7765
4111
7290
4589
7855
6400
4980
7021
6572
1346
860
2094
5337
6956
6536
1850
5788
839
57
7861
3447
3700
2390
1106
820
3642
2483
7235
3980
1279
4813
1075
2271
5998
4509
3828
110
1247
7865
844
5389
8172
1604
8069
3506
7446
7206
1092
5711
5353
6141
5277
4598
3535
2505
4
2157
6571
4007
1023
6921
6104
3651
7011
5902
4718
7837
2486
2536
5445
7053
6022
1334
1635
1314
4174
5493
5306
2523
2972
6249
2677
5839
2312
8187
156
6966
1260
2658
3835
845
7570
5024
4338
4326
1523
425
5361
4490
2384
4051
1189
6386
4341
4207
7719
1372
7543
156
4595
2749
3410
1057
2224
2723
6087
7913
3037
3884
5402
2101
5507
3386
3875
5173
916
5013
7670
1550
7139
4770
5694
2903
6351
3151
4841
5507
2910
3904
6253
2127
4543
3904
2315
2520
3902
2356
1314
7256
5118
259
675
1338
2016
5976
6624
2799
1739
671
1717
7606
5775
2148
4497
2693
3654
4805
6413
2257
7619
3055
807
4413
3676
3385
4803
6903
5128
6968
5195
1546
4542
7303
4489
6414
4625
5603
5068
6624
1037
5120
3963
1875
1839
2148
752
963
5023
457
5871
2072
7512
857
4273
4583
5867
4087
1474
7119
5176
4944
5168
7524
6152
994
5291
2150
5263
5374
4643
2805
3825
88
6706
7781
1944
3778
4607
3834
5023
7303
4944
6934
550
6720
7416
2956
5938
10
4694
3186
217
574
4925
5743
1982
3257
5520
5867
7059
7234
5350
5301
5659
526
4618
5048
702
5801
7818
689
857
1327
7819
5938
5375
4900
6198
1699
3078
5620
7897
5510
2099
5156
2707
6668
7171
6720
1357
4542
4273
550
2366
3554
3645
4350
3682
7670
6973
7492
7304
7713
240
1989
6883
3760
5761
5938
194
7029
522
1204
7740
4593
665
4593
7106
1847
4777
6170
2601
6139
5761
1671
705
2127
7938
5275
7978
3631
3647
4236
1424
6395
2840
8173
5762
2694
4659
967
5430
3191
6152
1048
7234
4887
1871
7067
3385
1511
3987
942
4916
504
5128
3305
1639
6685
3177
1024
7953
2679
3154
2861
6174
7649
3280
7622
4743
3191
2911
3777
7895
6824
6720
4542
743
5767
501
2693
3493
6605
5609
7992
7093
5397
7256
10
7276
8013
2303
3927
7078
6002
7233
818
2492
2194
2956
5397
7885
4866
4197
5314
5821
2949
2863
556
2426
746
2915
4595
5490
5315
6008
4911
2894
6013
2252
675
2859
4108
7545
2357
5282
4896
5508
275
165
7256
2557
2671
2894
7435
1913
7294
1994
7953
6740
1726
903
3348
5303
6394
6624
4
2444
2347
1989
5920
5365
5739
7256
6605
7319
7022
374
818
4500
4744
3367
6829
5419
7976
6990
6507
194
1671
4273
574
1440
5196
8124
2637
5745
6605
2384
5000
1009
6540
5745
3186
2393
2798
5402
1814
6291
575
2366
3764
5370
3645
5717
5402
4294
6131
4269
5416
7561
2635
4211
5350
6724
1169
2344
7662
2591
8190
4830
4694
4948
3893
6605
4640
5434
1530
4541
7315
6074
4735
93
81
5370
5745
1643
930
7276
5186
6185
6441
1708
1412
424
5666
3645
2099
445
6144
2723
8116
6021
5832
615
1576
5603
4267
5603
462
4131
5468
4618
1954
4880
4275
7498
2906
1754
2014
551
1331
2754
3740
4729
5697
6625
4006
982
4137
6690
1224
5897
1530
1623
3443
1029
7570
2370
710
4159
1684
836
4441
2029
2586
7190
2610
1245
1523
7976
1105
4214
2465
6835
7592
3096
6523
3912
1092
7095
3765
2907
390
5288
5288
1155
920
1415
7491
390
3210
2637
1643
3695
7439
2496
5248
8160
6499
2496
2676
2501
5332
5013
4419
6698
460
6583
6761
3686
2684
3741
6565
5276
5537
6571
4600
3600
3668
6645
5168
6053
6357
3654
1842
2283
1193
2796
