0
0
0
11
10
0
0
1
11
0
0
1
2
0
0
0
2
1
0
0
0
10
0
0
0
0
3
2
0
0
0
0
0
0
0
2
0
0
1
0
0
0
0
0
0
0
0
0
0
0
0
0
0
0
0
2
0
0
0
0
0
0
0
0
0
0
0
0
0
0
0
0
0
0
0
0
2
0
0
0
0
0
0
0
0
0
0
0
0
0
0
0
0
0
0
0
8
0
0
0
0
0
0
0
33
0
0
8
8
5
0
0
0
0
0
0
3
0
0
0
2
0
3
0
0
1
0
0
1
0
1
0
0
1
2
0
0
3
1
1
0
1
0
0
0
0
0
0
3
2
0
1
0
0
0
1
2
2
0
1
1
0
1
0
0
0
0
0
0
0
0
1
2
0
2
0
0
2
1
0
0
0
0
0
0
0
0
0
0
3
0
9
0
0
0
0
0
0
0
0
0
0
0
0
12
3
9
7
7
0
29
4
1
2
4
0
1
31
0
0
0
10
0
0
2
2
1
0
0
1
0
4
0
0
0
0
0
0
0
0
0
0
0
0
0
0
0
0
0
0
0
0
0
10
0
0
215
4291
6495
82
5412
5168
4709
491
897
1621
4679
3682
2271
4950
2489
1823
1589
480
5130
3541
1238
531
6818
2968
7596
255
390
3888
4617
1664
1767
4291
4707
4594
1163
308
4448
1839
1962
6826
4165
232
5579
5701
3486
7603
7673
5279
5283
7577
8147
4903
7868
7294
7020
3685
1209
2678
4937
2023
2182
167
2252
5385
5112
896
6830
3792
4578
6203
7289
3352
1076
7205
211
3402
250
5418
4340
6519
1119
2465
14
8025
5701
5945
783
4011
5077
536
4372
1969
3477
6925
5840
2808
4053
14
2629
1140
3600
5715
1023
7145
2601
1075
6937
3959
2184
14
3413
5239
4216
2736
2573
2474
5412
4707
1824
6737
491
48
7093
825
4342
7079
5748
3600
389
4372
5997
912
2496
4291
2892
1312
1856
138
138
4202
811
1664
8092
1988
2062
6553
3988
7776
3585
6041
4628
5801
1634
3610
1709
778
441
109
2624
3851
5997
7304
5982
5536
945
450
1621
2661
1415
3101
670
4069
276
2354
3504
215
4609
3029
3025
6868
2662
7063
5801
7382
4026
6996
3022
1576
4160
5020
2494
6677
7980
4628
1319
1331
1502
4892
4202
6452
3546
570
7634
5270
3396
4114
4089
3347
7570
7901
5936
7332
4835
5998
4093
7248
1016
1499
916
5826
2802
3893
6104
7491
1060
2868
4950
3986
4628
6234
6041
4090
3028
6855
3201
7392
7772
94
8188
7689
6761
2686
5833
1469
4238
2059
6699
2599
1016
3087
7865
2541
807
1281
6791
825
6355
7371
4478
2464
5024
2663
3665
4592
4968
6381
638
4629
4772
8084
2405
1075
5664
2630
4112
8055
2184
684
1297
1412
113
6477
6416
4183
8023
531
372
6656
3691
2314
5112
1043
5048
5470
3545
6908
6267
275
6528
7115
4629
1555
3068
1709
7422
446
446
327
7716
4074
6277
4032
4833
8054
6153
5227
280
5650
5364
4609
6791
5672
1473
684
3443
2513
113
7066
1299
6247
8145
64
839
3384
7224
2711
8133
428
4311
6453
3472
6128
6277
2920
1705
305
3626
6124
7424
1011
1280
3490
6510
695
1234
214
4291
5507
1302
5917
6648
6247
4037
1367
7836
4360
5694
3355
336
3689
5550
4012
7778
535
1903
5649
2235
1171
6080
2478
4484
5982
8030
5048
7484
2285
2421
5532
5506
1265
4256
3913
2196
1327
906
1479
5917
6237
4741
3913
1575
6061
5657
4706
6564
2338
5917
1028
1670
7466
3521
4340
372
5048
7582
5874
215
7962
6866
3315
3315
5550
1605
1223
7312
4944
7171
1695
8159
4869
3310
3040
6471
3217
2456
473
2207
2639
6412
6121
3318
4181
6204
7901
6552
3927
7999
2806
3304
2700
2058
8008
6171
2313
4805
2127
2243
1671
4542
2976
3775
4332
2625
3869
7329
1433
8022
6992
2816
5266
4859
7493
3257
8125
4317
6857
4394
6381
2386
3177
5943
6675
2523
2579
8010
4400
807
194
3470
4469
2346
5761
6878
5331
7091
5303
3373
5234
1485
4249
6474
6023
72
7029
3257
2255
3101
5039
3245
7172
4305
7283
1995
6090
1516
843
6247
3644
3325
1357
5397
1131
6405
7577
984
3852
7681
4781
4833
3611
724
6959
5938
194
7037
5739
5935
6301
5143
7256
5126
7603
2246
3757
866
7249
646
3626
78
7366
8152
8152
3255
3644
4379
4297
550
6260
5480
3852
433
1667
938
2823
2154
3524
4912
6301
5118
4944
4749
5936
2300
3005
2205
661
3561
3997
7571
8142
7531
1654
306
6066
4070
5118
6010
1076
7929
7568
6854
8051
4176
5814
43
4801
2477
6130
787
458
3164
43
1317
5804
1667
1817
2148
1704
2285
432
5798
5778
7901
224
8047
1585
4528
3932
3523
5938
1682
6069
988
3371
1891
5697
3053
2085
1984
378
3448
6527
1699
2671
4001
4115
2577
7817
7360
7409
2483
1926
4900
1425
2476
1605
5126
618
6220
2752
999
21
235
7752
8159
7571
3398
3267
5868
949
1401
1671
4944
73
5804
4273
7135
4373
4974
51
5125
6417
783
7967
4845
851
7473
2487
7138
3170
1413
4336
5810
6251
317
7518
4013
1475
7611
3786
6121
1401
2292
4590
913
7080
2194
6990
3510
2597
5698
5285
6590
7615
2271
783
6041
6675
7473
4497
1773
6035
399
2095
1703
95
2277
7503
4703
1261
4041
3013
341
6143
7752
5867
2881
4620
5870
831
1472
6932
4595
4075
4453
6001
4575
5168
2513
1191
4
3264
1871
3055
2667
4333
7276
5241
1253
2317
4222
2488
2517
84
5310
2110
3047
7176
3689
325
3492
4978
5402
8174
7289
6719
6545
6547
4120
1103
6266
6392
7077
3392
197
3411
5943
4594
1249
5745
3392
5766
7474
7091
4802
7326
7466
944
5131
7129
3957
2548
1816
2607
1095
1173
5445
829
1262
3947
421
4399
914
6695
4726
4169
1481
1902
3989
6053
538
7574
1596
7025
613
5088
2579
2853
4560
5912
2605
6158
2203
6147
5339
4486
4111
1277
7711
7129
3178
3477
5214
2856
3542
7360
3488
7876
2517
3119
1836
2303
46
3148
8004
7077
7401
7130
4437
2910
7708
3216
4127
4692
4293
7649
6654
6817
868
7604
7711
2514
5079
6746
5735
4575
5798
7382
5828
7729
628
4575
1173
4748
1862
589
2137
8060
8184
4960
6543
634
7677
7952
3977
3847
1787
4183
6841
4822
4169
6453
4436
5813
1769
7827
7689
1429
4759
1595
3426
560
6289
4239
7941
5118
2959
5639
7584
3188
5705
6437
2882
962
8072
4857
396
7294
7745
1075
5730
4128
503
3324
691
4710
6737
744
5279
6587
5778
1467
7205
170
6186
4949
1238
7556
2248
418
35
1266
3492
2856
3888
3174
3004
2856
1836
3443
6737
2217
3682
4448
4950
5024
4609
7205
3541
4710
5324
5326
5019
3148
5079
7596
5736
4618
5846
7596
5376
6233
5489
2751
5146
5892
6619
5112
4038
8030
2892
2516
1823
4150
3223
5850
389
5997
7882
1823
5112
896
3068
5181
4146
3413
3180
2839
778
4326
201
5682
2533
5450
6639
7484
4399
4139
3538
1155
5778
170
5113
5536
3038
5687
5536
845
4609
825
973
7596
5982
3477
