0
0
0
7
11
0
0
1
11
2
0
2
2
0
0
0
0
2
0
0
0
9
0
1
0
0
5
4
0
0
2
1
0
0
0
1
0
0
2
0
0
0
0
0
0
0
0
0
0
0
0
0
0
1
1
0
0
2
0
0
0
0
0
0
3
0
1
0
0
1
0
0
0
0
0
0
0
0
1
1
1
0
2
1
0
0
0
0
0
0
0
0
0
0
0
1
10
0
0
0
0
0
0
0
23
1
0
7
8
5
0
0
0
0
0
0
7
0
0
1
2
0
3
2
0
1
0
0
1
0
1
0
2
2
1
0
0
3
1
0
0
1
1
0
4
0
0
0
3
0
0
1
0
2
1
0
1
0
0
0
0
0
2
2
1
1
1
0
0
0
0
0
4
0
0
0
0
1
0
0
1
0
0
0
0
0
0
1
0
5
0
9
0
0
0
0
0
0
0
0
0
0
0
0
13
9
10
7
8
1
23
1
2
10
2
1
3
30
5
1
1
12
0
0
2
5
0
0
1
1
0
4
0
0
0
0
0
0
0
0
0
0
0
0
0
0
0
0
0
0
0
0
0
10
0
0
5418
5705
3134
5120
4093
6332
4175
3890
5031
7962
3274
5418
4134
1600
1759
1313
139
4100
6332
3173
3464
4175
7321
6332
4365
2121
3098
4140
5285
4140
5031
920
7962
4093
3447
5710
5925
4478
1269
3702
7164
20
139
5794
920
5595
946
3173
2942
7788
7583
920
5494
35
4689
8128
3405
5102
3876
1269
4175
1275
4134
6421
4100
7344
1269
7198
8044
2419
7583
4499
4565
6168
1600
2771
3533
3006
4818
149
3006
3497
7497
1513
6346
4666
7837
2337
490
4490
4812
2063
3304
6503
6128
250
2515
3304
7654
139
4499
4340
3304
1826
763
6545
3811
6128
441
2954
3635
3890
3999
2654
2034
203
7552
2673
1405
1194
2814
874
1805
1309
4067
4140
3134
2133
4667
4977
920
6128
7782
1849
6484
7321
4100
7780
1269
7782
5705
5385
877
1598
750
1513
4831
6794
2250
6067
1102
3871
2842
3856
984
7398
200
441
6380
6845
4134
3876
4733
5364
6337
1595
916
2665
1519
4198
1634
7642
2470
6656
1634
4349
951
4483
1392
4144
5388
8169
4463
489
6576
1373
195
4661
35
1275
4140
139
1519
6380
4092
2339
6845
5494
7012
572
4150
4067
1709
7459
4785
3909
7575
200
5534
5491
5818
2241
6806
3344
2048
4999
7268
2084
4684
8087
6440
1600
4134
7583
5705
2515
5120
6031
4667
6009
6380
7241
4201
2747
877
3252
5715
1269
119
30
7009
5069
2666
4826
4954
7703
3739
4332
3583
3344
3285
2702
4441
3322
3304
1255
6899
3173
3134
2071
2211
5269
6504
5399
6416
8087
1955
2921
1658
1452
6058
613
2144
7878
2241
2666
5502
700
5638
609
3583
7632
1558
2702
2042
4190
5494
5031
6215
1269
5705
4112
6046
5204
3829
3898
3626
5483
5234
3898
2551
2789
2405
2876
6570
4068
2666
3545
642
6931
5281
3269
5900
4068
3107
2786
5898
4009
7494
6821
4140
4134
4261
5988
4932
3739
3605
5645
6126
5638
2337
952
4592
4816
3808
7951
5480
231
3087
4816
7549
5969
3574
6586
4902
5632
7260
3639
6885
7278
4258
5519
3890
623
4792
7956
4214
5408
4332
7826
6402
2078
2821
6368
2521
2872
673
1663
4193
952
3874
1068
2289
4922
7717
1888
5577
1412
7715
3605
6813
818
6742
3739
2515
763
6417
6384
631
4594
1548
7009
147
3703
1264
2289
3064
1667
7259
5211
4113
3239
3276
2289
3707
2289
6298
408
1399
3944
3591
874
5568
1557
7007
5638
1997
2736
1774
631
5874
6053
390
2093
8007
965
6782
5420
2433
3801
2493
3306
1547
5787
1138
4736
8043
7770
816
5776
5253
436
2689
3573
7535
5539
5508
612
7654
702
1774
631
3389
5874
6053
7781
4026
3040
7856
2595
2849
3967
852
6729
8175
7081
1646
1025
6910
5270
6729
2899
3605
2599
1368
3822
3764
1735
6504
5399
4210
1634
4202
5798
2080
2080
2796
6677
48
2919
7152
625
3855
2138
5761
6965
7428
1134
2194
1412
3737
4299
3926
198
3491
5069
7081
2506
7532
3179
5872
1251
1188
7198
2483
2068
3918
1433
3465
726
4609
1494
7565
1375
7620
2926
1357
6794
370
2451
3760
6813
5287
4048
6319
5036
5400
7020
95
1998
1033
3957
2151
5270
2016
4311
4490
1113
4859
8005
1614
7428
7709
4944
6023
7536
1507
7393
5784
4284
8158
3855
641
3579
3574
913
7730
3779
2575
1025
59
8175
4923
7222
3053
6067
7281
5300
6538
3593
7751
5083
1392
3622
612
2814
2689
6471
5959
5270
1392
5511
4768
4518
5649
7519
6815
7363
6620
4626
2863
6251
1171
5312
3195
2842
3525
7715
3119
1756
4706
8146
2721
1118
2285
5507
4708
1019
6025
7848
1557
1371
3605
1557
1436
6013
493
828
1413
4728
7848
3652
5938
5800
2812
4219
3605
8165
7969
5974
5203
4026
4607
5320
5988
2918
5579
7596
1944
390
1944
2232
8144
528
6992
895
3345
2178
5931
3944
4982
2262
6993
8019
3707
952
3898
1764
7891
3877
3605
5386
7222
614
5428
7190
6227
5778
4475
559
6791
5778
6053
6677
896
1671
1479
2300
5044
8029
5331
5383
5653
827
2575
6444
1809
893
3794
3605
2814
3737
4996
4236
5113
4644
5874
5579
5579
6791
4120
631
1944
5650
4644
916
2068
7450
6367
7423
776
1107
508
34
4925
2575
3574
5021
2551
2769
4113
4501
2970
1837
35
4667
8025
3585
1852
1576
96
1776
7246
5579
7901
1209
1140
4490
1251
4394
918
1458
4312
123
3008
1185
6886
3579
6849
7009
2319
7073
3116
2883
454
729
6346
5031
5798
2676
5798
2736
6053
390
631
631
7615
4296
4996
5105
6803
4038
2777
5584
1527
7071
6217
5583
1433
1903
7215
8149
3116
3626
4894
297
1160
7522
5705
5031
1774
7246
1787
1774
2736
7615
3600
348
2080
1282
740
538
5013
559
2676
8106
6520
5706
5999
89
3578
7381
2656
2050
6066
649
1550
5537
6243
4365
5193
5153
2411
5715
6708
7408
7582
4341
7246
5643
1664
7419
4569
4609
3477
2777
425
2214
501
4062
3816
3004
1550
2796
390
3741
5579
390
744
2470
6440
3890
6730
5470
5249
4762
20
20
3999
750
3274
1886
916
3389
631
3477
5798
3477
3004
390
7195
3117
4575
559
215
215
5579
5579
390
4600
1634
3890
5470
3322
3941
5120
2133
5794
3876
6730
18
877
2001
4667
2061
4575
4120
5778
1944
631
5798
4341
5993
2023
2676
631
5412
7246
7246
2411
3835
1634
6899
7522
2483
5857
7820
2650
4651
6165
6203
1634
1669
7153
6791
5643
1425
5874
348
2736
5778
4594
6417
8143
1972
3350
6384
5579
7246
5579
1944
4478
6203
4093
4140
1759
8030
4578
6203
4175
5120
5705
4140
4499
2861
390
348
3625
348
6417
1852
5874
5798
348
1774
7063
5176
2532
6384
7246
5798
4698
4175
2771
6440
1313
5385
82
249
3610
6484
2567
2339
7962
2771
3610
6227
2736
5798
3585
5013
7582
759
5320
2339
3225
5664
5664
4080
5109
2835
3610
2771
2771
6899
1634
5120
2411
1931
4412
4818
5874
2071
3610
