0
0
0
10
10
0
0
1
10
1
0
0
0
1
0
0
0
1
0
0
0
10
0
1
0
0
3
2
0
0
0
2
0
0
0
0
0
0
3
0
0
0
0
0
0
0
0
0
0
0
0
0
0
0
1
0
0
1
0
0
0
0
0
0
1
1
1
1
0
0
0
0
0
0
0
0
0
0
1
0
0
0
0
0
0
0
0
0
0
0
0
0
0
0
0
1
12
0
0
0
0
0
0
0
28
1
0
10
8
6
0
0
0
0
0
0
3
0
1
1
1
1
2
1
0
0
0
0
0
0
0
0
2
1
1
0
0
1
0
0
0
1
0
0
1
0
0
0
1
3
0
0
0
2
0
0
0
1
0
0
0
0
0
1
0
1
1
0
0
0
0
0
2
0
0
0
0
0
0
0
0
0
0
0
0
0
0
0
1
3
0
7
0
0
0
0
0
0
0
0
0
0
0
0
9
5
7
9
4
1
28
1
2
6
0
0
3
25
1
0
1
10
0
0
1
2
0
0
0
1
0
5
0
0
0
0
0
0
0
0
0
0
0
0
0
0
0
0
0
0
0
0
0
10
0
0
5118
4542
2252
457
2979
5739
5489
41
2411
4551
3269
1075
7148
3789
1739
393
5531
7147
4930
7079
5688
6571
6038
5963
4580
4809
783
916
389
4164
7784
7753
390
7753
8127
6683
2116
5365
7922
381
7408
1944
1625
4538
2948
7869
255
4274
2442
5685
3362
1524
1709
8034
4531
5209
649
5536
1043
421
7029
5629
4707
5173
3003
3538
3642
169
5176
3697
1972
3598
5762
1709
5110
1546
2169
6522
7880
4274
4856
2504
6364
8071
1772
7027
5298
5603
7311
649
649
845
7149
255
2423
4892
2737
5024
5191
3433
4950
4011
2041
4944
7755
5375
6076
3795
7393
7482
6941
3741
5048
3582
1613
1144
3005
678
5315
7448
81
2969
5412
990
6831
4207
536
704
4835
5896
5403
7491
5276
4796
5107
1767
5936
7136
6035
747
7691
2277
6577
5660
6380
5100
2377
1847
3338
3346
1639
2013
7870
3604
4856
4723
5735
1414
4990
1640
4940
7613
7304
1971
2560
8073
48
2728
1850
2178
4998
2363
4377
5681
4436
7206
168
2101
20
2637
1287
1733
3804
4858
4347
1150
6863
4589
6187
2557
332
4796
2792
4816
6124
1607
4702
5168
6152
5482
5527
815
6013
6922
5620
2009
6147
3706
1522
4830
5225
1548
3096
574
7154
752
1235
2365
7113
1361
5057
6895
5680
1856
1717
2951
7762
7924
6926
5398
1856
1680
740
3176
7279
7861
7828
4691
7311
2015
5545
7234
747
2547
1989
1835
6925
6847
2374
7243
566
44
382
5587
4215
2363
6724
5196
4093
2740
5938
338
1532
2586
2419
1876
7106
2196
3392
4082
5422
4220
7624
4858
1185
4731
4925
4542
7885
7029
6139
1989
169
1084
3824
2884
7119
1961
4108
3001
7323
3610
6361
335
3577
2489
7155
2327
7384
1241
471
4570
6380
2152
5000
2342
6450
2252
11
5584
3911
1137
2308
7867
6922
5681
2932
6554
4409
2464
2778
7591
2907
3148
3358
7784
1241
740
1509
5913
7029
2969
2769
127
3338
746
5398
5627
5118
949
2496
4580
6501
2647
3652
4217
4392
3146
1738
6340
227
783
2863
5739
3218
7795
5690
4735
7033
2252
2405
586
5629
293
2605
5131
996
6023
1476
5357
4728
1847
6449
7093
4542
3186
7463
5196
4537
7439
1548
3120
4291
845
1534
5482
7785
4526
1613
3443
4015
174
3959
1734
2557
6435
3769
7900
2286
5995
5645
3281
7543
5739
747
807
2429
7755
1825
419
3130
5997
6737
2907
7093
6761
1680
1699
4950
2229
7475
936
1066
1350
2902
1584
1613
2619
3302
7604
399
1398
1187
3732
3398
7383
2635
7207
7034
2283
2930
1315
5233
568
5077
2868
3572
5077
2271
5514
5227
4024
2384
8094
5739
4542
6152
5397
3854
1103
8080
803
6303
5911
7587
4955
1255
4960
1643
7757
563
3392
1814
3142
7192
2629
3504
1224
1319
2419
5282
7910
84
3706
2280
1554
4295
1835
1835
747
4426
6259
4379
7154
5397
6139
683
2637
1620
4033
6846
420
7446
6163
4154
3552
5731
7384
4634
4310
2253
6636
5743
680
5752
5096
3706
4294
4521
5020
1743
6146
1954
1010
4590
1971
4731
1185
6720
7227
7262
3682
7954
3652
6819
4607
2103
3166
396
7615
3240
2244
1087
45
625
4319
1320
1396
1715
7282
1599
5252
5100
3167
6303
5206
3712
7117
3911
2956
5118
4851
6237
2973
4609
4152
1824
4333
450
5129
5279
8188
5831
1435
4207
5507
1907
209
764
2178
6041
7124
6794
2086
1241
1185
6065
6152
7518
8009
5896
6065
2530
1009
3715
5344
3212
2987
5998
7582
6980
7229
4492
7872
5777
3148
8143
3389
87
1850
3600
3631
8155
7294
7889
6925
7755
7997
2426
6139
5543
1653
7722
5920
3245
1362
3534
7057
5945
2499
1775
4666
6937
5079
4237
2777
2686
1579
7301
4291
5672
1479
2076
4644
6259
7482
4361
6199
3367
4581
3968
1430
1814
12
4325
777
2801
6932
6996
7633
4293
3378
7089
811
1748
4291
8092
6831
98
3284
1452
1155
7079
7493
7466
434
5079
5874
6510
8010
6889
7911
5468
1814
2276
4874
6843
7227
174
7640
4934
665
587
5220
7746
4707
6137
5242
8048
5364
3965
2402
731
3986
217
756
7976
1809
7441
948
3888
7916
3218
4595
3210
3045
1565
1672
7726
5629
5761
5761
5118
931
4197
2777
1425
2343
4197
4370
4899
1948
7563
122
7851
5482
7503
7825
3191
5529
1471
1905
4466
4297
845
4372
7171
7997
1147
6932
4551
7234
7885
1185
1989
4570
3896
916
6553
5842
4979
1060
3240
6437
3642
3897
3148
4207
4491
1589
568
4255
8000
1148
4004
5403
163
5185
4442
5620
4292
7913
4542
6139
1465
7563
5397
7384
6889
2577
595
5364
4018
1037
7029
2252
7784
2260
4114
7615
1698
4011
2629
5048
4303
390
3504
1075
1550
4007
538
7484
2712
239
3117
163
7926
1830
574
507
2826
6374
2308
4018
5945
4835
425
1408
3402
5121
1563
5024
7624
3932
783
3490
75
5801
4707
2071
5614
4718
460
5833
916
6389
6980
3712
747
6578
5351
5493
5012
2712
1029
4377
3068
2182
1555
2253
2684
7230
5283
1023
3394
4916
6000
5902
783
7816
3740
3494
1075
4353
7584
538
331
5013
4948
7839
2278
7666
5650
1672
2459
6884
45
4238
2487
6791
5013
5874
7205
1988
3443
5322
744
5909
1944
7484
5915
6061
7816
5024
675
7258
4236
2136
4949
3443
5701
7503
2783
1224
5896
3528
6520
2851
4712
3304
2066
3162
6041
559
390
2629
7344
7205
421
2080
6041
6000
4580
2178
47
978
6588
5594
7615
2676
3468
4329
943
1579
6553
1331
5608
7901
4670
1209
45
3942
6796
4202
1830
7570
2061
4475
450
6393
5778
1680
2960
896
1595
5514
7178
7063
5714
2938
2650
4568
5982
6810
3352
7588
7223
4015
3600
5019
4139
3240
6828
1550
7451
3240
4644
2632
6552
411
5798
3542
2629
5113
5428
916
7110
1395
4237
538
4442
475
3304
2721
4796
5744
2657
4644
2325
5579
6587
2968
3358
7246
2061
7424
6041
4712
6635
2309
6501
4202
7484
8025
