0
0
0
8
10
0
0
2
10
3
0
1
0
0
0
0
0
0
0
0
0
10
0
1
0
0
8
2
0
0
0
1
0
0
0
2
0
0
3
0
0
0
0
0
0
0
0
0
0
0
0
0
0
1
0
3
0
0
0
0
0
0
0
0
2
0
1
1
0
1
0
0
0
0
1
0
2
0
0
0
1
0
0
0
0
0
0
0
0
1
0
0
0
0
0
0
5
0
0
0
0
0
0
0
32
2
0
6
6
7
0
0
0
0
0
2
10
0
1
2
0
0
8
0
0
0
0
0
0
0
3
1
0
0
1
0
0
2
0
0
0
2
0
0
0
0
0
0
2
1
0
0
0
0
0
0
1
0
0
0
1
0
2
3
0
1
0
0
0
0
0
0
4
0
0
0
0
1
0
0
0
1
0
0
0
0
0
0
0
5
0
5
0
0
0
0
0
0
0
0
0
0
0
0
15
3
5
7
8
1
25
1
3
4
2
1
2
32
2
0
2
12
0
0
1
2
1
0
0
1
0
2
0
0
0
0
0
0
0
0
0
0
0
0
0
0
0
0
0
0
0
0
0
10
0
0
7473
2421
841
6286
4208
944
1804
4363
7048
7315
5375
3740
2564
2211
7707
2020
4429
617
1851
160
5334
4124
6627
3882
7619
3534
3060
6555
1609
3376
631
6041
5303
7894
5682
3210
1409
6131
5128
3180
7227
2117
3153
2557
1971
5826
1339
1081
901
4357
7258
933
4528
7311
5159
6849
6027
8133
6453
3663
7281
2859
3384
3443
5413
1777
2916
2576
4815
3664
4802
7743
1884
22
2868
550
6889
4789
722
3045
6943
7088
4674
6835
2023
3710
1017
325
4571
739
6865
4410
4906
5770
2724
2264
2183
6741
5915
619
3760
4944
7312
492
1720
480
2601
7053
6307
3024
4856
5548
6909
1499
4999
2300
7730
5357
4482
6720
1204
3636
8069
3839
4211
5986
6391
4882
1609
2209
6405
5915
7996
1835
2601
5739
3404
7282
415
5923
3433
6975
1499
3151
8098
4208
6237
1548
2013
5757
4750
1445
3552
5961
906
1660
2209
4642
112
3802
1773
7619
6898
5748
5649
4560
4088
3652
3463
4660
2783
3470
2130
3593
2924
2231
2352
4719
1290
5780
3958
954
4506
4802
7557
5313
7976
4471
1916
3155
7472
624
7475
2312
2415
2706
7410
7220
7137
6157
5799
3243
2140
173
1530
1005
3535
2393
5704
1785
3924
4421
4581
6074
8105
1042
963
7562
2226
3697
6848
3125
4413
1660
2916
2603
479
4131
5198
4691
1123
7793
6603
3820
2568
190
6138
6459
6966
2813
4754
1512
7740
5210
7740
5587
7966
1587
7276
4889
3221
1110
2223
2029
7913
2219
3504
3051
6030
7329
1814
3933
3933
1136
2161
4831
4746
5389
7037
879
7747
1642
2312
5688
2359
7363
4107
6871
5717
4170
354
7722
5097
5675
3037
4325
4581
2639
4524
5322
6852
6905
426
2384
2943
4624
36
6871
4421
3786
8173
1277
2161
2384
7285
3695
5560
967
5263
3493
2183
3807
3920
4542
2589
4482
6733
7209
7029
2871
2925
5168
1478
1197
7850
806
4234
3920
3920
7048
5560
7503
5169
7732
3710
8133
6531
7279
999
5923
156
307
4754
2189
2813
1823
7785
1020
7915
5332
3185
4841
4672
4214
6234
3960
1451
2621
861
6600
7512
7676
3644
4084
6740
3335
2905
3055
4170
2454
5739
7048
2029
7543
1147
2312
7950
4774
3142
1706
384
5343
8103
3083
4907
5283
4094
5423
3493
2738
3028
6419
6626
7543
5704
1742
2253
3568
5573
1546
7518
999
574
5149
6035
6887
428
6928
2428
6811
487
2621
1741
535
5489
1269
4911
5071
2831
838
3038
3925
4746
4269
7132
2774
1430
4482
857
5762
1654
705
4944
7885
6152
4273
169
1633
3903
5468
1235
354
550
1141
3302
6231
178
5706
6868
3504
5831
7533
1565
825
2865
1063
3361
3307
1919
7059
7885
6720
7329
5627
7953
2956
6198
1989
4855
6533
2092
3346
3360
3636
7495
3045
539
130
3302
6551
3598
1469
1979
536
3291
8075
4479
449
5771
7450
3314
4743
7885
6139
4355
1327
7785
3777
123
4637
1048
7234
3037
3598
4318
4413
6372
4374
3161
5888
159
2834
3263
3911
508
7205
1206
278
3884
7617
6366
5897
8125
5313
367
6668
6668
128
4232
3777
3838
2252
5397
2956
1241
1217
8040
4732
1040
6372
8187
1864
3478
2591
3483
6041
7582
4607
4721
5481
4790
1150
5587
2967
109
5545
808
2409
7393
1617
3991
2157
6276
1076
3777
6152
1699
747
7518
6199
5560
2327
5119
6531
1814
1402
2066
4809
474
1481
5180
935
5201
4234
5936
5149
5913
6720
2252
7785
5037
1131
2175
731
5188
2980
5526
2894
194
6121
1970
6612
6977
628
1299
1605
6459
3388
8025
2054
1848
6719
3327
8070
78
4607
7362
2765
4153
2956
4542
1954
5898
1422
466
1411
1241
3911
681
8120
4974
2780
7559
4942
1503
4230
2561
1511
1596
6273
4651
4996
1018
5969
2846
2700
957
1367
6518
2313
7214
994
7643
4860
2492
5118
1411
5584
3257
7953
999
8105
4541
4897
7543
817
3666
179
6555
6602
7773
1732
3836
7095
5869
7848
1692
2050
179
5131
788
6247
4583
5577
1741
4859
4623
1699
2956
7885
4899
857
4590
4170
2826
4974
7573
1027
2430
569
5445
2975
4325
2834
2514
7733
2140
6966
5515
3338
1481
738
8144
1171
6381
7879
4503
184
3007
2110
4439
4731
145
3050
3834
8133
4589
2517
4410
732
2735
882
1742
5417
1342
674
834
4461
6956
4461
2853
2021
901
7611
2818
2886
1144
4807
1472
1732
7638
4160
1434
5162
7442
5328
7064
7221
5306
282
3435
4241
5156
3377
7307
8189
5833
7901
1273
5391
536
1030
49
4370
2153
755
1656
2810
7146
421
6932
2653
1314
7560
1170
805
3813
3899
1422
752
1235
734
2577
6617
7568
3759
5250
4578
6737
1473
7941
7484
1418
1065
3124
362
2816
2810
4863
465
3816
4216
7426
4918
2101
3073
4953
7566
1809
5438
7067
2498
1935
8112
5250
3123
7405
1534
5731
109
87
1424
5798
4067
5141
6300
4859
4488
7377
475
5220
2938
7615
8025
6007
7630
4421
371
5538
7030
2230
3000
3955
2924
5523
7730
2591
5608
102
7313
3483
323
8155
437
1852
3449
6940
1156
7533
2343
437
7689
5489
4594
2225
680
7491
7030
710
826
7145
3613
1651
2269
5049
1093
6486
1260
3490
3861
3068
7699
5077
2851
1672
114
3401
4569
7418
3098
54
4644
5013
1155
5798
1523
3004
6041
1739
6694
5852
2619
3092
4208
1260
7815
7102
5885
1656
7561
1155
6002
3089
4892
5427
2465
5687
2851
5778
4207
6746
5806
1664
6818
3934
7229
421
96
3959
6447
4293
6011
103
1202
7714
5820
3385
6425
2846
2438
7499
6565
825
7028
7354
3599
4361
4061
5013
7013
1550
421
211
4207
3483
4291
5220
4291
2686
2684
2271
5382
4255
4475
7781
5362
6624
7075
2204
5570
6316
966
1029
2066
5343
4453
2061
5507
5279
1969
5283
7901
5778
6060
2192
4707
3401
8155
6176
2459
7737
1442
845
4644
8055
7527
4840
2773
7602
3998
5217
7445
5701
2339
1527
491
8025
5279
2343
6677
960
4216
3454
7665
