0
0
0
10
10
0
0
2
11
1
0
1
1
0
0
0
0
1
0
1
0
10
0
0
0
0
3
2
0
0
0
0
0
0
0
1
0
0
0
0
0
0
0
0
0
0
0
0
0
0
0
0
0
1
0
2
0
0
0
0
0
0
0
0
1
0
0
0
0
0
1
0
0
0
0
0
0
2
0
0
0
0
0
0
0
0
0
0
0
0
0
0
0
0
0
0
9
0
0
0
0
0
0
0
26
0
0
7
6
6
0
0
0
0
0
1
3
0
0
0
2
0
4
0
0
0
0
0
0
0
0
0
1
0
1
0
0
4
0
1
0
0
1
0
0
0
0
0
4
2
0
0
0
0
0
0
1
0
0
0
0
0
1
0
1
0
0
0
0
0
0
0
3
0
1
0
0
0
0
0
0
0
0
0
0
0
0
0
0
5
0
11
0
0
0
0
0
0
0
0
0
0
0
0
11
4
10
2
3
1
27
3
1
0
2
0
1
27
0
1
0
10
0
0
0
1
0
0
0
1
0
1
0
0
0
0
0
0
0
0
0
0
0
0
0
0
0
0
0
0
0
0
0
10
0
0
7868
3477
1774
2309
4139
7917
2170
6310
1238
7484
1238
4594
7980
372
5062
2868
3888
3477
1944
2579
5046
1418
4497
1459
4840
1671
7885
7666
584
1835
747
1919
6831
4270
5608
811
4112
1999
1774
7981
2662
2513
3777
6411
2405
47
5220
6411
89
5762
7716
5928
2284
735
3955
7601
3617
5649
6220
6098
4399
6066
3753
5613
5982
7615
6041
1944
255
4955
2629
4291
1534
6831
4237
845
1620
4628
7827
6980
250
2130
3913
4167
2447
5024
2533
7277
4234
5398
5118
4542
1657
5675
2006
2809
2459
3642
5945
845
2271
2764
3783
1803
5736
2586
5877
4609
4338
4950
4950
1834
5801
3203
4996
1251
6184
1086
4431
3338
3882
6990
7303
6839
3976
5862
4469
1661
4017
4017
6660
5232
3120
3542
5129
7615
3541
2513
386
5650
1620
212
5896
744
4504
3000
6623
1410
2344
6211
2819
3271
2354
1396
8081
883
2765
1667
1798
5684
6198
4888
1621
3504
6667
3162
260
116
389
1539
1238
4594
6791
4707
6737
4609
1853
1189
2733
7693
6537
1211
1085
880
3389
1029
7575
7753
7784
3721
256
4607
7827
4796
4707
1620
3959
7615
2968
6438
7389
3413
6980
686
14
2112
500
1483
2996
7778
7091
543
8178
7653
4941
6623
3510
5982
332
469
390
7012
2790
3493
1830
1029
698
1029
332
3002
6327
1971
6948
3809
2105
4568
46
6227
4651
6703
628
4436
6267
8175
2010
3211
4548
3101
987
7405
7827
214
4776
5367
5374
4754
4950
4152
1774
3494
4867
6384
4747
5112
1425
478
7205
3959
5290
6761
6761
5209
6246
1481
5203
1667
3297
7081
711
7611
1127
3876
204
6211
7526
7987
7842
5605
4361
390
896
4914
3494
202
2773
8160
4858
7796
4575
899
7827
1830
7753
8030
3340
6359
4115
2194
869
2594
1963
7203
7436
1455
7361
1629
6360
5849
3425
8124
4475
123
6958
7916
2773
960
4712
261
7613
4442
916
1680
7205
1075
7258
1664
6018
6923
6741
2685
3421
2594
1869
719
6314
3179
5800
3319
5429
3852
6043
7168
525
418
1308
6361
5371
6553
3609
7816
5129
825
5048
1155
1532
1752
1937
4347
5575
6518
1661
6247
4469
2594
2595
7762
2996
7020
1869
7081
5281
7175
6771
927
3225
5608
4233
4809
1252
7997
6252
3220
2309
538
2684
7611
5300
7655
3565
7324
6904
1628
3765
1546
5862
2033
599
2110
627
1869
6444
4781
2128
495
4279
2549
5779
3577
8188
3477
7679
5682
7279
6553
3947
531
7952
242
6834
1044
4299
5646
7020
4811
2391
3996
747
5784
7349
2033
627
2965
4048
1972
1318
140
5294
6157
536
4914
14
2271
4703
7190
3290
422
8188
5018
905
834
7693
3633
2246
4471
711
938
5938
1061
7349
273
1259
1493
1061
5862
6886
6839
7185
1897
4799
57
5129
8143
845
4413
3959
1672
1672
3188
3443
6791
735
3302
6819
5526
3713
2471
1025
6990
4944
747
747
2973
3223
4833
3712
4310
341
2188
5362
7026
5827
5185
211
14
7692
4018
4146
4878
3068
437
536
2405
4406
2190
3904
5876
7649
3789
126
6920
1919
2226
2396
1266
4686
460
7646
2786
7440
6068
8075
5997
1620
1565
5778
2002
1285
6553
8025
7716
7784
3947
5112
7093
6791
3261
5884
7594
3203
1874
3799
241
2014
75
6303
4811
7349
5675
994
4991
4279
3643
7545
7344
7294
536
3747
4482
5129
4238
4165
5185
6761
4399
1917
7910
7882
5801
3402
787
3130
7771
4916
6168
1939
5938
4749
2849
3270
5672
1963
1366
3546
6416
8073
7871
3288
5928
7722
5019
7484
5079
4150
4146
4334
4155
6969
3120
4628
4707
4809
4718
4651
5594
2411
1995
5420
1327
2720
8152
4890
169
6331
7081
1346
3031
3151
5157
5343
6791
845
979
4878
1331
536
2736
4718
764
7679
421
5412
4164
1863
4492
1607
1836
6315
659
2471
7629
7831
4991
2700
5128
1963
4081
7603
5712
7653
4033
1269
2249
3542
3225
1209
6737
1029
8188
7706
4530
4651
411
3888
1488
5191
3790
1748
4707
744
4941
3579
5589
1963
5152
6558
7475
3579
6853
2838
4781
2755
2102
8135
6237
5579
6417
5579
7595
795
3603
7462
4305
2339
899
3541
5276
1824
5343
1621
6770
3888
3689
5640
1436
4358
578
5708
7376
5406
5429
1412
7594
6285
3417
5306
4851
6677
6600
6946
7116
1223
2571
4184
7137
1252
4651
4372
1550
1331
5220
5343
3174
3098
4127
5849
2185
5429
6783
6563
7901
1530
5727
2964
3633
6838
3604
1868
2374
4094
1225
7708
7450
2858
8112
473
7102
3975
825
4609
1238
4950
7304
2062
7022
1620
5043
3437
2909
7322
2323
4007
3443
5077
672
1457
1960
7634
2234
4871
2283
5778
4758
1365
3734
7811
501
2903
2514
3101
7028
5079
783
2496
6031
5896
4340
1087
1269
2755
781
4629
2161
7967
6639
1029
3682
2541
4467
6695
282
2508
1021
4609
4950
4272
7574
95
4840
1835
457
5788
34
5113
1281
6227
7753
4317
1581
5536
2405
5912
2590
7952
7679
4007
4578
4950
531
7497
7582
6708
1049
1550
5867
2405
2459
2773
2342
8008
1939
1061
4815
507
2112
4448
4609
3647
481
2831
5214
1595
3326
110
2394
5608
2610
6411
2339
4406
2686
3541
6761
5272
395
4888
1413
491
250
960
8143
7137
675
756
7557
1653
3740
2676
740
5024
2106
7405
4708
7230
3504
4568
1024
575
4372
5223
7921
2513
5272
2405
1818
4618
7679
7921
2015
421
1830
4670
1273
1093
5442
2487
1322
7900
6889
1425
1091
1160
845
6002
704
4525
7582
7491
5290
332
783
4609
3668
1279
4479
4359
5185
2271
3682
6571
4880
5982
2002
6796
5623
2239
7637
3689
3752
2924
3782
7844
2996
4491
5107
250
491
3483
3443
899
4578
3253
4340
4722
1776
7038
1739
1593
1748
1488
4950
1849
3835
6041
6761
6553
3188
5104
3210
2746
7223
865
4593
6887
6095
5034
2907
2831
421
6031
2516
1620
5250
2339
6761
5112
4609
5877
8155
1279
3561
4251
7827
4888
2856
