0
0
0
10
7
0
0
1
8
1
0
0
1
0
0
0
0
0
0
0
0
8
4
1
0
0
2
0
0
0
0
0
0
0
0
1
0
0
1
0
0
0
0
0
0
0
0
0
0
0
0
0
0
0
0
0
0
1
1
0
0
0
0
0
3
2
0
1
0
0
0
0
0
1
0
0
0
0
0
0
1
0
0
0
0
0
0
0
0
0
0
0
0
0
0
0
6
1
0
0
0
0
0
0
29
0
0
12
10
4
0
0
0
0
0
0
3
0
0
2
2
0
4
0
0
1
1
0
0
1
0
0
3
1
4
0
0
0
2
0
0
1
0
0
1
0
0
0
0
2
1
1
1
0
0
1
0
0
0
1
0
0
0
1
1
1
0
1
1
1
0
0
0
0
0
0
0
0
1
0
0
0
0
0
1
0
0
0
0
4
0
8
0
0
0
0
0
1
0
0
0
0
0
0
12
3
10
9
5
2
26
2
0
5
2
2
2
24
3
0
1
11
0
0
0
2
0
0
0
1
0
5
0
0
0
0
0
0
0
0
0
0
0
0
0
0
0
0
0
0
0
0
0
10
0
0
729
541
7389
4934
5208
6833
7823
4796
3884
92
5537
1105
1105
4150
5261
4551
422
6031
369
1105
5272
1765
3577
919
7090
2629
3741
1523
1786
6973
4474
520
5921
1430
919
48
4718
554
3405
6000
5679
3371
3433
8021
6000
2392
6107
2809
5516
1029
740
4690
2069
1996
6300
6780
6837
2049
330
3610
533
2856
7570
4385
1769
169
6735
5171
1720
3548
2801
4361
7003
1797
505
504
3159
183
1180
596
988
4025
5790
7003
57
5799
4
3836
569
3351
1363
7605
4039
3600
4383
4109
5921
7227
6058
3411
6665
7804
7887
4708
1588
7586
3958
7012
575
671
5070
993
1065
1960
5556
1515
5474
6394
2749
3210
3883
2195
970
5493
7660
1226
7570
5805
4667
1767
5939
6919
6956
6999
7408
4621
6209
7436
5506
5682
4464
4808
2380
6982
4960
7207
2405
5292
3968
4883
406
5434
732
7332
6860
4318
8069
8070
96
1565
5477
976
168
6110
2278
4721
2614
624
3558
321
2590
3657
1634
2834
7667
2301
3606
5995
6437
4960
7410
2799
2038
2006
8093
851
7714
4624
1260
4822
1107
1089
690
6557
6242
7048
7256
5815
678
5859
7864
8084
2251
4344
2211
177
7470
6546
5410
6425
381
449
5315
1995
7987
4806
92
7717
5885
5727
5859
2440
4802
7244
879
2439
6201
2000
2270
3652
7317
6452
6335
3369
8011
5977
1468
1189
1791
7711
8047
4311
6964
362
5045
6374
7206
6627
2738
5505
5481
1530
2158
993
7119
1084
954
5367
1283
8084
7074
2430
5191
2186
7282
5987
3470
7454
5222
1099
6695
4271
1768
2127
4362
196
6714
5873
2545
3499
4009
7730
3190
1619
7534
7375
2476
325
5183
2222
2962
7440
172
5584
3897
3161
5334
3131
7181
4221
7730
7945
3563
2653
335
3346
516
4825
2945
299
196
1806
2577
1842
4271
2004
7945
545
7840
6242
2571
3172
6415
7416
4525
5998
4214
6012
4127
3606
2523
5904
6871
5383
2356
6920
2252
1302
3598
2801
7656
3761
6268
8168
824
2672
1362
8047
2801
3236
6745
1474
1418
81
6906
1418
6691
4200
4152
3330
3606
7637
1457
1878
6983
4482
201
3832
3167
6941
7011
4887
2544
3560
7129
4108
1359
2476
7289
5810
4211
4539
2942
5315
6172
7607
7658
2476
4267
1758
2383
646
7864
8098
5243
3776
6928
691
1817
8048
7563
3911
6468
7542
5252
1247
1326
5170
5003
3463
6322
8010
5092
7666
1250
650
3369
5893
4616
6279
8099
196
4464
2993
1791
5405
6822
1594
1594
1003
7482
894
6456
4542
1972
5955
5505
603
7289
6745
4562
5788
2199
4436
3186
460
1314
947
2460
5501
1524
692
4325
5068
7025
1107
2365
615
972
7000
5156
248
1671
1880
162
705
2685
637
5907
1616
1481
4740
4038
3430
1995
5146
5544
7187
7819
7723
7053
426
6654
1940
1115
4570
1899
4696
5914
2406
371
4208
5950
7594
5570
7634
3788
788
7186
5763
5799
4436
1402
244
5135
6487
5876
6319
3685
4749
7110
7038
5620
5074
1838
3715
197
5766
2922
4389
6465
3613
5852
5907
5307
3606
3558
1914
4537
4138
2625
7616
2782
2189
902
127
4506
2975
1935
6846
1913
4701
3568
2532
3117
2910
6654
2315
7201
6863
8187
684
2049
2021
2834
196
6343
2523
3558
2341
3988
2691
6398
1481
1511
1890
6475
5749
5306
1163
986
2430
8003
109
4328
113
2358
1162
2065
1457
1933
6947
2265
1989
3631
5346
7315
4802
8069
5368
1018
6441
5682
2001
247
545
2726
6330
7757
4595
4211
6654
2798
7854
1855
7840
1738
6163
5853
2229
2464
2605
7005
5546
3090
7931
7089
717
1951
3506
2286
1260
3669
5810
4046
5622
1599
1938
2829
4839
4159
3162
1209
3726
7512
2780
2925
1708
3807
8047
217
365
3371
513
5011
7817
6372
109
7110
2460
5671
1132
124
5592
3958
247
2583
3553
6850
1232
5987
2397
4138
4138
1876
5735
2172
7011
7478
1838
7913
1136
5474
1029
77
6374
1104
5402
36
4737
2681
201
7622
521
1230
5351
8139
3403
8132
6993
7463
3278
3880
1336
4215
2195
3267
7277
483
4251
7303
6307
4703
4318
6805
6074
5346
1704
2605
3904
2384
7991
7934
4079
1171
6806
2850
8016
7510
3038
985
4253
4789
3561
6804
1738
7656
2905
7755
5877
5538
4777
2894
3162
3695
5417
6399
177
2523
7346
419
7900
3558
1127
7647
1946
1321
3241
6374
7289
4215
6531
7190
916
7796
1771
299
7137
6617
4489
3712
7304
4119
2868
4639
3681
6653
1860
5251
6822
3241
5718
2577
1143
6523
4742
6383
7730
6564
2697
6615
6955
44
2859
5363
7901
5048
6980
4755
4282
1457
7137
7407
8151
5520
6517
2358
1965
7510
7870
7604
4077
3645
7206
5506
2427
2022
2663
6555
780
5481
7275
7113
4441
6291
7574
83
2283
7753
5594
4920
6417
5031
1707
168
2187
1344
1954
3813
109
2780
4125
6654
3085
4519
1501
4126
6344
1988
1279
3910
6279
7534
1685
148
6297
2462
740
2441
7747
3302
4030
8060
3886
3649
2034
5249
1923
1137
747
5587
3335
2015
2280
6940
4880
2731
7165
4880
7389
5187
3367
5749
3415
7718
5987
5417
3385
1591
2411
5171
6019
7206
3637
2596
7980
5876
4778
3025
1730
6253
2557
5766
7900
5375
5352
1620
1309
2040
5198
7732
197
7537
1725
4990
371
1208
6312
1935
5868
783
7570
2983
6419
7818
6555
2040
3193
3193
716
5857
1858
7172
3676
2189
3807
2735
716
156
4593
4673
2749
2363
5192
1838
4085
716
125
1147
588
3291
1519
740
7294
2505
6966
2749
4208
186
2075
1210
6871
3615
7146
1260
2881
6823
7510
7604
5653
4051
2315
7606
8116
6871
1115
1838
3267
2430
6956
1136
533
6385
5785
5288
5024
5468
1732
7722
2280
4926
4101
7839
3385
4630
6653
1077
6133
6617
7900
2393
3614
6689
6871
1051
7732
5196
5659
7289
247
3958
3933
1055
2441
916
725
1576
3893
4727
7887
3469
1105
2410
146
1794
4441
575
5035
6871
846
5832
4948
3371
7453
