0
0
0
9
11
0
0
2
10
0
0
2
0
0
0
0
1
0
0
0
1
9
0
1
0
0
3
4
0
0
2
0
0
0
0
1
0
0
0
0
0
0
0
0
0
0
0
0
0
0
0
0
0
0
0
1
0
0
0
0
0
0
0
0
1
0
0
0
0
0
0
0
0
0
1
0
3
0
0
0
0
0
0
0
0
0
0
0
0
0
0
1
0
0
0
0
11
0
0
0
0
0
0
0
27
0
0
9
6
8
0
0
0
0
0
0
4
0
1
1
0
1
6
2
0
1
0
1
0
0
1
0
0
0
3
0
0
3
0
2
0
4
1
0
0
0
0
0
4
0
0
0
0
0
0
0
1
0
0
0
0
0
2
0
0
2
0
0
1
0
0
1
1
0
1
0
0
3
0
0
0
0
0
0
0
0
0
0
0
6
0
7
0
0
0
0
0
0
1
0
0
0
0
0
10
4
8
2
2
3
22
2
1
1
3
1
2
26
0
0
1
12
0
0
0
1
0
0
0
1
0
0
0
0
0
0
0
0
0
0
0
0
0
0
0
0
0
0
0
0
0
0
0
10
0
0
2136
5408
5220
1038
5267
825
202
5877
402
2995
3058
6980
5282
1097
5521
7510
2539
4888
7190
6677
4383
5013
2784
6761
3835
5338
7699
2772
5019
2863
7857
2560
2777
7180
472
4146
2080
6770
6128
6934
4561
4036
1649
7315
6535
5350
3740
2418
4625
1396
8112
7075
1944
1075
2402
4276
361
2558
2374
2244
7806
1291
740
7419
6271
4846
215
5279
7615
772
4718
5354
1088
7143
5100
6660
2671
7078
5559
7206
7315
740
1587
512
6326
1311
1589
7782
4550
4771
3433
137
450
5579
4796
6945
3166
4572
4578
4920
5594
418
6071
1191
2278
7691
5682
1584
1210
7206
2735
4793
5135
5272
2127
7201
1342
4383
3900
7807
3060
4291
642
7152
722
2505
2999
5403
825
2530
5530
3590
3667
2796
6677
2777
1688
5326
2784
3629
4872
3515
1689
335
4950
3229
3210
2697
3646
2515
1610
2986
215
1424
5185
1295
328
6064
390
2423
1391
1740
3084
7380
7048
7918
5031
2398
2676
4399
4383
3347
5020
5954
466
7135
4608
7482
418
5469
374
3553
7012
3806
3668
1364
1270
7956
263
1550
5537
2496
7094
2610
7023
4900
7583
1169
3360
1970
2579
4242
6141
1023
4053
5245
7093
3288
2166
6911
7820
3037
3232
932
4820
740
7575
5159
7051
7798
7570
7570
2022
47
590
4574
2277
2773
987
8190
7785
7997
3241
336
7269
2737
1849
229
410
6831
7410
1654
8040
5035
3584
899
5975
4224
706
7757
825
4934
1243
5474
3631
698
4015
1139
1082
832
4241
743
6659
1185
6297
7569
2948
4472
7582
2614
4649
7959
6917
7499
778
3857
4008
4299
6422
1527
657
3888
5928
7570
6716
5293
2552
5579
4239
432
2916
3823
4758
1492
6035
5082
2099
4987
1466
1825
5482
7820
656
8125
7139
760
1767
825
7391
2185
5185
4600
5680
4368
7980
224
6802
7727
3736
3806
941
6101
1834
597
6973
2206
5338
3751
7199
3636
2894
3024
374
7139
7689
1781
1598
421
4038
1736
3481
4968
4738
178
23
6760
7768
512
3373
6655
446
3517
3391
2659
5171
4105
6177
5914
1820
1660
4457
4694
5225
3100
2533
4256
6071
4543
4621
3941
1343
121
8011
4927
5894
1674
75
5628
7870
1713
2949
6396
980
1583
5024
6982
4843
7888
804
7267
3001
4702
5196
23
7732
2776
5173
5019
6212
3881
3166
324
835
4140
3136
3358
2018
3323
5688
2801
1596
7210
5514
8159
1136
930
6011
428
6300
8034
6271
5465
339
6060
6541
5676
374
1868
6732
3433
6037
6013
4575
6506
5658
5403
2860
8086
6967
4749
2374
7739
4918
7206
4542
705
4593
7077
6372
6957
7952
6751
4288
2701
2257
6002
2662
7503
4464
764
252
5166
2289
4709
6796
979
1754
4718
1595
686
48
2925
4192
1473
4295
2826
1613
5867
6871
3100
3391
541
4796
3290
3977
3192
1488
585
2062
4239
6331
3627
3326
3445
7266
1118
3401
2225
1103
6475
1114
5815
2038
6615
3140
5003
844
4017
4643
915
1
2373
2489
2999
5322
1145
839
4660
4660
5959
452
3398
5717
4234
3571
3254
255
3572
6475
1412
1233
61
3732
5402
3321
3346
1770
5099
5785
6010
4640
3210
4719
3501
425
6645
3916
8011
590
5780
5544
1166
1178
1150
7289
7002
2930
4598
616
4921
2119
7219
7653
2842
3035
4317
4702
7445
1834
169
7926
3167
8151
6914
6615
2905
5725
907
5892
2690
4169
193
3807
6906
937
6074
3751
6997
1791
2905
8054
3066
5611
8146
3160
6838
5968
7492
96
2796
6788
3267
23
7915
4482
3515
1951
512
1065
144
7900
4597
7025
7002
1430
3968
2817
4441
460
7915
7755
2671
777
836
172
8165
7904
1912
5057
3823
2136
4604
3276
6389
4988
1407
7938
5175
7900
5390
3138
2169
7510
4385
7591
7592
6824
2870
3096
7029
7029
1185
6152
3503
6533
5405
7867
5190
5342
2766
533
7492
7570
3195
3574
7807
5459
7436
7938
7002
177
2210
7864
5150
5914
4109
7243
797
1118
1114
5627
7563
5326
1048
7908
3599
4088
1523
1077
5789
4352
4474
1024
1576
8118
5755
8140
8043
4806
1466
756
6248
5629
467
168
7749
8016
5277
1965
2252
7029
3986
7313
4722
5618
5353
6557
1525
2523
324
4150
5435
1051
6188
2182
4975
7016
6180
6247
2578
254
5168
2560
5020
4047
7773
4392
336
2150
716
1272
5419
6139
6152
5725
1483
7784
7816
6152
6152
109
6237
7274
261
6799
2441
1765
5568
5216
5438
5598
8162
736
284
2177
179
3218
4516
5006
7856
1968
2975
4418
3960
3666
1429
1118
6361
6544
999
6659
994
1546
5128
4593
4918
444
6053
1993
3276
6022
5560
3795
2113
1811
1827
4940
6136
5855
5515
7738
762
4540
4107
297
4270
7093
3167
5397
4998
7816
2894
5365
3158
3834
2905
426
125
5422
5357
4552
4527
2721
7153
844
6083
247
2746
2895
7495
4891
1551
5839
2647
7193
6141
5576
3153
3162
1671
4887
1635
5482
6152
7757
6532
3762
650
5681
1084
8078
4073
7460
59
2345
1962
1289
4661
4721
7773
7760
5573
1623
5505
1947
1778
155
1009
5975
492
34
5402
8162
1607
1979
705
2903
2519
2648
4236
4264
5778
6200
275
2577
7817
3974
7230
940
5468
2546
6409
6927
6443
2291
900
4948
2157
5628
6074
382
4593
4918
7574
4099
6262
7755
5149
6359
6087
6042
5477
7236
7236
2805
6862
5944
3369
454
6015
5573
1338
2132
7801
4211
6554
900
1184
4169
6518
4813
6330
1703
5603
5068
338
5440
4385
7755
7911
5068
1210
5245
765
4317
2328
4418
148
4242
2129
3089
6299
6403
1548
2353
7557
7265
6657
3304
390
130
4220
3200
6608
5820
6465
1839
5427
3140
125
3367
512
5745
5832
5608
5452
5979
1090
469
635
5756
1015
6650
7828
972
541
2708
5933
836
4084
3189
4719
2347
1481
7805
5801
4224
835
7736
3950
6089
4613
5587
44
4125
2726
418
6868
3001
2034
7845
173
7482
7587
1009
7239
3688
6201
3571
524
5808
2124
4985
7695
