0
0
0
9
9
0
0
1
12
1
0
0
0
0
0
0
0
2
0
0
0
10
0
0
0
0
4
2
0
0
0
0
0
0
0
1
1
0
1
0
0
0
0
0
0
0
0
0
0
0
0
0
0
0
0
2
0
0
0
0
0
0
0
0
1
1
1
0
0
2
0
0
0
0
0
0
0
1
0
0
0
0
0
0
0
0
0
0
0
0
1
1
0
0
0
0
4
0
0
0
0
0
0
0
30
0
0
6
9
8
0
0
0
0
0
2
4
0
0
1
0
0
3
0
0
1
0
1
0
1
0
0
1
0
1
0
0
2
0
0
0
0
0
0
2
0
3
0
3
2
0
0
0
1
0
0
0
1
0
0
0
0
0
0
1
0
0
0
0
2
0
1
2
0
0
0
1
0
0
0
0
0
0
0
0
0
0
0
0
1
0
6
0
0
0
0
0
1
0
0
0
0
0
0
10
6
6
4
5
2
25
6
1
0
4
2
1
30
2
0
0
13
0
0
3
3
0
0
0
1
0
0
0
0
0
0
0
0
0
0
0
0
0
0
0
0
0
0
0
0
0
0
0
10
0
0
7143
6895
4492
4479
783
825
1776
3207
4194
6903
4017
3969
5514
45
2676
2410
5511
418
4796
1836
8121
5099
5574
361
1765
4007
7246
6588
2907
1035
4475
592
5643
4568
6791
6417
4950
4017
7506
7419
5531
6683
7056
1534
209
7233
2571
3507
1504
719
2411
6824
3777
2679
2009
7304
4007
261
3541
7408
4353
7592
722
5173
348
5928
2405
4651
4651
5129
5945
7673
3542
4965
1409
2459
1638
955
4269
7324
6691
5508
6104
1550
2736
5165
1453
1105
5332
7910
4716
2464
2796
1534
5048
4796
592
764
5536
3443
7110
7223
4867
4670
4600
2713
5802
4796
4127
2323
1433
1316
3716
6622
3331
2343
3212
7665
1949
7573
1367
2137
4329
5290
2958
6588
4375
5412
3477
3806
3651
211
568
4007
5095
3240
4568
6989
5226
2392
7291
6274
6992
6839
3197
7298
6981
6417
45
5798
202
3449
4074
5730
7617
6058
4950
6165
348
7986
601
6320
5730
4934
6409
7940
466
3240
3290
62
3715
2447
1400
3013
6839
1682
134
3041
3077
2654
3326
3454
2676
4867
3389
8121
3245
3358
5682
1078
684
783
4670
5779
702
1272
2137
1550
7451
6635
6635
5988
2422
1160
1553
3841
3026
2006
5562
516
744
1765
5113
5579
631
5661
3584
4934
3389
7350
702
8138
4478
631
6481
7642
3358
6179
2252
1769
7
4089
4160
6046
2151
3979
1401
1257
7996
2436
3593
5609
8102
5009
3134
7673
4120
414
8025
7796
5412
783
4011
1733
1129
6818
7887
3551
2219
1520
4796
2938
7798
3768
8107
2694
2575
128
4357
6883
618
4518
5126
6853
2606
1334
8102
4858
2285
7246
5643
7160
3477
1244
4478
5715
7389
2358
783
4412
740
7196
8187
2361
860
8124
7528
611
611
4811
6217
4659
4749
7996
5206
3760
4469
6130
824
8164
5010
1944
4120
4491
6818
1595
255
2410
4492
4812
6954
170
5933
7040
6544
4183
1827
2975
736
5475
1139
5233
1064
7057
5821
4088
4357
4358
7295
7185
1074
7359
8178
5687
5661
3260
4568
3225
5285
2679
450
4950
6635
202
2630
2713
123
7531
2283
3529
1682
6439
380
6643
6013
7976
7953
1506
3417
6687
6903
4037
328
4021
1352
5545
6796
3625
4233
1803
1944
7910
5220
5220
5129
3225
744
5128
1118
3012
3101
4005
5862
2555
2786
5683
2575
1454
3683
134
4370
4279
7484
1748
7497
7901
4475
7901
4609
7871
7246
4647
45
508
4703
5412
4670
4647
4326
6438
5077
3207
4282
3536
3434
1641
622
5953
4358
6990
6331
6682
8001
4370
8134
3260
6547
6824
5928
2410
1550
6428
568
1774
4242
6588
1067
3358
6548
3004
1879
681
6089
5928
3611
8190
394
5401
537
955
2606
2555
1366
3574
2046
1832
4128
3004
7940
2325
4237
4609
5798
99
3356
3542
2061
5661
7777
6000
2325
7689
5165
491
5934
5928
4150
4702
1048
6020
4771
6678
6622
3984
6710
519
5431
3471
5228
7434
1224
7419
4214
7377
3303
637
2046
2309
1774
783
3068
5536
6243
825
3260
4644
356
3962
6135
5805
5226
2137
1452
3599
1984
5718
3297
95
403
4389
944
7009
6628
4091
3434
2033
2595
5570
6413
6590
3004
4202
559
6481
8190
2958
4522
6417
6351
1251
2662
2339
7886
5403
2022
3017
4846
7693
1093
397
6276
8135
6615
1299
99
364
6839
1994
3376
2230
7216
4670
2548
3218
2676
3572
6135
4892
5579
1787
7371
1810
2116
1849
906
4643
3044
3686
825
1280
6642
4532
1089
6648
8187
5780
2996
3853
6169
1835
5732
1220
1331
4867
5264
1970
1774
4120
897
6588
1425
6481
4914
4800
3155
2066
5596
1472
7596
5579
6198
6082
4846
5089
4302
2413
2774
1911
4105
65
6240
3810
4136
3184
6356
2130
5147
5739
1062
4082
5220
4851
4294
5013
7665
6587
4975
5608
1434
6104
6821
1119
1823
3667
1823
7505
4907
7427
7040
3936
5012
6977
477
1982
7079
4789
7752
1024
139
6593
684
2684
675
3775
3793
1447
7364
5268
6563
7004
5104
4622
2056
7190
7995
2671
5112
4478
7344
7530
2780
7347
5836
2547
229
3510
6547
5444
377
5292
4291
4950
7269
2854
426
5166
7246
8188
1409
47
1870
557
5403
8187
2227
4503
5224
7209
5650
7901
2754
3973
4751
2624
1913
5545
7825
5385
5664
1241
3473
4340
7491
7070
702
5275
7860
5279
4647
4867
3443
4232
3742
3980
7452
896
1023
2257
1185
6824
5391
4340
3389
4475
5792
5058
2372
2911
7797
5764
2499
1440
5276
1997
702
8080
6000
702
5436
7294
6796
4867
6828
4766
400
1262
7613
5045
3814
7494
7405
1285
3061
3775
4441
16
1928
5519
6717
5210
683
1784
785
3452
3860
8157
4812
4698
3682
7781
6417
414
2339
4914
88
6535
6004
2381
6303
4604
4107
3292
163
7281
338
3823
6791
5338
8075
5113
7905
7411
6950
7910
4639
7324
37
3477
7456
3891
7753
4651
7940
7048
1459
5324
5705
4303
1041
5527
4342
2130
4162
3535
2662
2178
3253
4932
2283
6227
5906
934
2892
7823
3707
6014
6263
5999
4858
5210
6915
62
7781
6830
4651
4399
4914
2325
1062
5020
167
310
3127
4017
8047
210
5643
1137
684
2283
7011
5662
1356
5282
7089
814
2246
1366
4524
8162
4428
5821
6532
1689
250
208
4830
6183
6590
3071
5596
5335
7910
6121
5532
5332
7294
3625
4708
6078
5761
6384
139
7744
1199
2558
5682
7064
2077
2560
4050
3036
1342
7629
1478
4339
7908
5273
6320
82
2252
5019
4350
3332
372
4295
6514
1589
2124
2339
4718
61
143
4729
88
1859
5425
5642
3032
3503
272
2277
6746
5259
6248
4623
1907
7739
1733
1732
3153
4594
1539
6785
3095
3742
7205
1584
8018
2254
2679
1479
1744
4734
5707
7499
2672
5048
7679
6587
3482
4204
7493
3911
881
3773
471
3196
3903
2728
5643
6384
5276
7613
5801
7615
7940
4345
4053
1046
556
6532
3120
7031
2042
1948
2061
2887
7093
2271
7304
5153
4729
421
4155
7051
1623
5160
7901
1672
6393
845
3058
6417
