0
0
0
9
11
0
0
2
10
2
0
0
0
0
0
0
0
0
0
0
0
10
0
1
0
0
2
3
0
0
0
1
0
0
0
1
0
0
3
0
0
0
0
0
0
0
0
0
0
0
0
0
0
0
3
3
0
0
1
0
0
0
0
0
4
0
0
1
0
0
0
0
0
0
0
0
0
0
2
1
0
0
1
0
0
0
0
0
0
0
0
1
0
0
0
1
9
0
0
0
0
0
0
0
34
0
0
15
10
5
0
0
0
0
0
2
4
0
0
1
0
0
6
0
0
0
0
1
0
0
0
0
0
2
2
0
0
1
0
1
0
2
0
0
0
0
0
0
2
0
0
0
0
0
0
1
1
1
0
0
0
0
1
2
1
0
0
0
1
0
0
2
0
0
1
0
0
2
0
0
2
0
0
0
0
0
0
0
0
3
0
6
0
0
0
0
0
0
0
0
0
0
0
0
8
4
6
8
3
1
27
2
3
5
1
2
2
40
1
0
3
10
0
3
1
3
1
0
0
1
0
0
0
0
0
0
0
0
0
0
0
0
0
0
0
0
0
0
0
0
0
0
0
10
0
0
7882
4628
4784
7882
3454
4190
5736
3225
2034
5537
4346
6245
3785
5071
1508
2130
7235
3851
4007
5242
7118
6945
5155
1774
6384
5220
338
7866
896
6818
2411
1776
6761
5272
1917
4718
5736
6879
5591
3252
4214
3959
5623
6258
4055
6041
896
4242
8
2512
6735
4224
3544
6150
3240
4892
979
1483
6553
6689
3004
4670
7223
5129
389
2907
2182
5530
421
2916
2031
1021
7940
6384
1664
7304
4867
4934
2629
3755
907
4647
2202
3510
5536
7872
283
943
1802
4024
8191
5798
4644
4670
3207
4139
4950
4580
6357
3600
5019
2533
3494
7015
6681
4217
4341
6186
6258
6415
340
3512
4605
2285
2896
3454
3290
425
911
1805
1838
4169
453
163
2796
3625
4419
7673
5403
5430
7882
5608
4892
635
475
3816
5623
7391
7921
2631
2459
1600
3526
2896
967
6447
4670
4474
8025
480
2107
915
5904
7656
5241
1342
6271
3625
920
1060
3790
924
5450
2405
568
3947
2938
1020
2309
7419
5165
425
979
2080
2499
2061
260
3254
6001
6417
4644
3518
2930
3506
8085
6133
474
8069
163
1209
2958
2184
6082
2629
2986
8143
7615
7235
5129
1430
7596
764
1425
6053
348
1124
4651
6271
7901
559
2489
5450
5112
489
1685
8133
4807
6413
860
4169
7432
4335
1224
3220
5048
1085
2619
7339
5525
6031
6510
369
3291
7218
3872
4808
1627
368
7538
3306
2680
1754
3084
1672
5965
6270
3267
1472
1705
8144
38
7315
5899
202
90
6371
2833
7948
2914
537
7035
1499
3616
4950
899
8168
4902
752
156
7574
6479
1722
1109
670
4394
1589
5108
368
1929
4944
6875
1413
746
1141
1548
83
4867
3494
4497
5198
7732
3535
2523
6133
5827
5812
4609
178
3385
4754
4719
5757
5105
5339
7559
5871
3471
8049
5934
6717
1989
1671
4052
7078
4249
4169
5813
6104
3494
3454
10
5370
4719
9
817
3674
4154
2065
2445
2816
426
8133
1506
6476
2871
5368
1591
3257
7303
4005
1609
5149
4542
1671
796
5394
4526
3324
1892
5013
5579
960
2962
197
4174
3047
383
3047
4737
1299
6655
1136
1272
5126
2313
1902
2871
6453
1876
2979
6139
1671
6451
3669
3911
2186
7953
4528
913
762
2938
5881
3034
7576
5004
7537
2915
5867
2313
574
4749
3314
4943
156
320
7234
4815
6807
1908
1365
2914
5762
5761
6303
4944
6858
1581
4080
1682
1385
1674
2039
7619
3920
5521
7262
653
5234
7543
6474
857
3024
5397
7273
6392
1900
3911
7885
4081
370
2606
1814
5012
4743
1982
2186
6731
235
3162
5433
2194
4974
7059
460
3096
5308
6554
5659
6510
6694
4486
4526
5206
7885
1357
6643
679
7078
7885
1982
7912
7185
7324
1127
4169
1902
3314
7819
3991
7037
1356
3708
3279
4232
6303
4542
4944
1919
3061
7656
5507
764
375
4486
1671
1982
194
3209
679
7234
6065
1327
1454
2154
1428
3264
8060
1270
6257
8068
4357
939
4359
7071
5566
3257
994
5394
1346
6247
5347
5943
1776
3572
3223
1006
3143
3257
6405
4662
6490
5433
3318
7990
5072
7001
4643
4410
1150
7059
5627
6065
2992
6259
5831
7377
6217
6883
1869
7286
1572
498
4307
7481
6841
103
5926
3264
4607
2433
3810
37
7177
180
4866
4890
6957
2291
1044
4822
2327
7953
1982
7990
3300
191
904
5924
6349
2435
8038
1963
6014
3841
5583
2488
103
240
5871
1346
1473
2426
6682
6014
7880
1552
2380
5845
3257
4482
3346
701
7362
1472
5133
4743
1454
4991
5433
6466
627
3628
5770
7179
8144
5044
6719
4208
4942
3810
1982
1982
1982
2273
6810
7639
7572
4979
2184
4866
4439
3026
4249
2915
6090
5003
5938
5862
6853
5917
5627
7996
7020
497
3013
6328
4541
5490
6819
6283
4751
5350
7078
4743
4743
2911
4659
5433
1453
3627
6861
5363
6529
2618
2154
5942
7876
6994
5767
2555
3423
2622
857
6474
6858
7831
7466
5307
2153
437
3503
6164
5078
4209
1061
3760
2694
2618
1172
7856
2587
6649
4130
3760
1869
1172
4411
4699
2473
6298
1601
1897
4802
7244
817
3834
7184
519
625
5362
1908
6752
2676
8025
7601
869
2216
3215
553
3887
1080
1435
6065
5637
7066
1346
6539
3841
3709
5635
7238
3054
1758
4953
7277
5122
7778
3143
1203
463
4425
5203
661
3990
5507
1774
7257
3273
7876
305
2139
320
5627
4659
2644
3476
6410
1989
1263
1267
1298
2495
647
6171
8066
5877
6384
5241
5603
7611
5203
7698
5203
2517
2871
2297
2182
3585
1070
819
4718
3220
6470
6253
994
3760
1869
578
2582
8138
1503
1955
6773
3425
6537
1801
1830
4569
3240
1502
4154
678
2239
1995
4968
3558
7925
4714
472
1944
4670
6796
8025
5705
1503
6977
1682
1316
6014
2065
4777
7451
2230
4025
4838
647
6679
6818
2343
7451
3454
1565
4660
936
5717
7407
7605
6090
141
4636
6227
6818
3240
764
1776
6413
4328
1074
6247
7081
409
4328
6227
8025
2676
7932
2197
5430
6645
500
3240
7223
2988
2441
4202
4862
5718
3302
3493
5943
7772
626
211
1425
45
4139
6011
4797
7660
3814
5380
2010
2162
3884
202
979
5779
6945
7615
3610
8187
4216
3260
7451
7243
5489
6395
7419
5785
1651
7876
242
6504
6553
2938
7872
4670
4670
2398
5009
1135
7955
451
5635
546
5385
3477
4867
1948
3503
2285
722
3259
4878
3240
6112
6544
1523
3959
6553
2686
3584
5507
5470
2645
6818
45
4955
6258
2896
4242
2886
6870
5294
875
7191
5430
960
992
4809
5033
5489
4242
5398
2975
3225
3071
6836
2796
4578
2777
5013
3702
1697
96
606
2764
2951
2343
1698
6258
2896
4146
3203
6773
2288
5380
5877
5129
45
4867
5354
418
2773
853
2999
7663
4867
3941
3600
2676
4628
5343
7223
2791
7070
96
3402
671
35
5129
5343
592
2896
5165
7596
7650
7031
5779
5129
3260
4712
1502
5079
96
2411
1544
1024
5829
4670
7598
2773
4317
5701
7190
5579
7845
3823
7391
1550
4224
146
4018
283
