0
0
0
10
9
0
0
1
10
4
1
0
0
0
0
0
0
0
0
0
0
10
0
1
0
0
2
1
0
0
0
1
0
0
0
2
0
0
0
0
0
0
0
0
0
0
0
0
0
0
0
0
0
1
1
2
0
0
0
0
0
0
0
0
2
0
0
0
0
1
0
0
0
0
1
0
0
0
0
0
1
0
0
0
0
0
0
0
0
1
0
3
0
0
0
0
7
0
0
0
0
0
0
0
27
2
0
8
7
4
0
0
0
0
0
1
3
0
0
1
0
0
4
0
0
0
0
3
0
0
0
0
1
2
1
0
0
1
2
0
0
2
0
0
1
0
0
0
1
4
0
2
0
0
0
0
1
0
0
1
0
0
4
1
1
0
0
0
0
2
0
1
1
0
0
0
0
0
0
0
0
0
0
0
0
0
0
0
0
1
1
7
0
0
0
0
0
0
0
1
0
0
0
0
14
1
7
8
5
4
32
2
0
2
2
2
3
30
0
0
2
11
0
1
0
3
0
0
0
1
0
1
0
0
0
0
0
0
0
0
0
0
0
0
0
0
0
0
0
0
0
0
0
10
0
0
1865
201
7063
3584
857
7872
1830
3481
7872
5520
2289
1048
2558
209
6163
1804
4597
1412
5403
389
2345
3180
1575
1575
1980
4951
5801
591
6761
3682
5272
415
5013
600
170
5248
1856
7110
6686
6967
5781
2716
5862
3490
7090
6588
7571
5303
244
3879
2394
6422
50
3565
2067
4272
307
7616
3159
8030
6761
5272
2520
4327
6973
6770
4419
5537
191
327
1706
1005
6919
5303
755
6774
2797
641
4069
3652
2189
3435
849
735
9
7732
4719
2239
4258
5175
4075
255
7670
5847
7128
4663
1384
374
2629
2175
1836
7217
655
788
5012
6829
7106
518
6809
4073
4105
1358
7520
1522
5855
4208
5352
156
8004
1874
2337
2903
6177
5403
1834
6067
5524
1136
3615
3916
7888
2112
4261
4788
2201
8189
5264
7786
4441
8059
3918
5729
4176
3569
878
2846
1088
1088
2235
1217
2915
1481
3849
7732
2924
3726
6775
1547
5767
2905
212
7029
1523
7953
1697
1523
7426
5852
6246
6829
5255
712
817
8007
4503
6416
7703
7409
3674
2371
6676
1434
4543
4174
2915
1118
7686
944
5804
5126
7518
1472
1931
4317
215
2892
5338
7344
5484
4999
6695
5096
5468
3654
5780
6623
1990
1848
1352
7542
6246
1027
1088
594
1594
2177
7982
6831
1661
2561
7825
6720
1671
3716
392
3741
2377
33
1739
4718
5385
1810
6516
7630
1684
7189
7543
6903
4978
5757
1182
453
4786
3047
6131
547
1872
2967
6657
7559
6498
5119
5315
4781
1706
6138
2860
5735
1033
4295
5102
538
310
102
7730
6538
2607
2698
383
6882
4887
4425
2363
5557
3834
507
3132
1372
7611
4412
1272
6521
1372
7279
8116
4328
1401
7785
4155
5592
3355
4155
6447
450
1671
5675
5128
7611
4425
4005
7518
2979
7059
1366
5975
1637
4273
7234
8010
746
7985
3515
2189
5717
752
1503
8187
2253
705
524
5326
4457
6760
4214
4155
920
2868
2489
1664
5745
1085
5201
4743
7493
7303
4542
1234
2965
4542
1472
7303
743
7560
6862
7193
5090
5745
2853
6572
998
7953
7056
4878
1230
2425
6791
215
5482
2489
4291
7070
1502
1947
5389
6451
2956
3760
6720
1929
3760
4542
1671
1699
1546
6145
2039
4617
7630
3241
3987
2949
5093
1185
1546
4839
524
2935
425
4399
6929
5016
2224
1088
4131
1785
2741
1626
5649
2575
5093
2979
1671
1835
2358
1453
7287
8004
3233
788
3385
6492
5422
4597
6918
8064
3117
6549
8047
1350
6165
336
5046
2101
3334
2693
6612
3536
4542
6824
1970
6534
1994
5133
7577
3862
5708
1401
7493
5225
1768
7216
156
7510
1136
5196
5493
4457
6058
308
3066
3443
5696
5717
2393
936
3210
1506
4005
1585
994
1994
1835
4518
4048
3711
2076
4454
747
6720
3911
4482
6533
5411
1814
665
4125
2653
6268
5096
2540
5579
8025
5603
6359
7537
4051
7537
5543
5149
6847
7811
1406
2757
849
2733
1096
904
3486
1978
1835
5397
4542
4542
6405
5350
2698
5402
2384
5196
2352
539
2933
3585
5882
3674
5369
8010
5156
6003
7617
4779
5016
3990
3151
2053
3939
7416
3350
7515
2878
2320
3448
6668
807
3047
3676
383
7442
5303
996
2312
930
5122
3623
744
1503
5370
5306
2286
7287
6919
1804
6610
2881
6299
1280
7742
2015
1671
4925
1954
6139
1137
3752
8018
1048
4526
501
6800
1095
1095
7817
7817
4754
2206
8105
7488
1848
4169
3330
805
1815
3132
7387
5326
4698
6677
2988
3535
5259
4944
4731
2956
7093
4426
3047
6425
5375
3224
1413
1661
1365
4486
6340
5122
860
7102
1342
4644
1560
2349
3363
3077
6089
5715
3947
8023
7753
6831
4802
7817
6249
2006
2544
4524
3158
2429
1715
5582
1063
5402
197
2498
1935
6605
1847
4362
5122
6713
2237
1038
6384
6828
6590
921
4291
3774
5661
643
1137
3790
2259
7488
3920
3492
7924
8091
1989
6020
7463
3772
4918
6865
7914
156
2462
5904
3788
6359
4597
856
5778
4888
7236
3942
1523
1581
5982
3020
5477
907
3740
4800
278
7498
2577
7067
4543
307
4211
263
4497
125
5368
5624
7463
947
2826
1556
6359
1299
184
1279
3741
1038
4964
6553
2777
4011
7823
3300
138
6677
5423
7093
3763
1511
6605
5046
2196
4355
1200
6800
2749
2749
3382
2461
2796
3232
1846
6129
2027
4735
3240
6950
7613
1698
5724
3934
5664
5276
2105
2662
6306
5013
1273
7258
3373
3535
5694
3987
2183
1407
3752
6829
7201
4719
547
3192
632
1244
6945
2285
7670
4628
121
5112
7575
1049
1467
2309
6828
1087
852
2080
3022
6973
2066
5335
3642
784
6605
4807
2414
1210
5680
5521
4719
2726
6819
2986
6553
1155
466
8025
8160
6482
7670
2861
4878
7434
5181
215
7806
227
7785
538
764
6973
960
4341
7029
7859
4305
2834
1203
3210
2884
7843
197
1946
4456
7872
7453
5619
2676
5798
348
536
6371
5594
4491
6708
98
5428
1917
4944
3771
4372
2773
96
5579
6266
5428
2868
4238
754
7935
6453
2189
420
4234
5333
7593
1852
5456
6421
2541
4569
4449
3656
1380
538
5489
4698
2303
2465
2639
7384
5744
7984
425
1776
7453
4701
3647
7468
6321
6227
1956
4953
6340
7818
426
2508
7371
2939
2676
5013
4509
4609
3560
5945
5326
7063
1593
3058
5324
425
686
2015
425
4094
4644
1425
922
88
4103
5779
7784
1613
649
5726
4275
5757
3138
5998
4701
2676
3741
418
3207
4293
3783
4475
1272
5259
5516
4478
5574
2465
3835
5993
1209
4498
8025
6677
3911
6826
5112
4973
3004
2361
2737
4914
2343
5267
2496
425
7872
5594
7901
3038
8025
764
6252
1544
109
5185
4934
6989
5746
2309
30
1979
6259
3483
3240
7354
1133
4412
4952
3225
3046
2972
2856
4233
2851
5129
5249
1617
8133
5423
5850
217
7887
2676
1111
2015
3196
7861
3232
7269
2773
2676
7415
896
2465
4484
7872
4372
6417
536
4912
418
4472
4018
1765
2252
5886
3326
6827
4952
1037
7223
2835
1787
681
5574
502
2634
1038
6009
4146
