0
0
0
10
10
0
0
2
9
2
0
0
2
0
0
1
1
2
0
0
0
10
0
0
0
0
0
1
0
0
0
0
0
0
0
0
0
0
0
0
0
0
0
0
0
0
0
0
0
0
0
0
0
0
0
2
0
2
0
0
0
0
0
0
0
0
0
0
0
0
0
0
0
1
0
0
1
0
0
0
0
0
0
0
0
0
0
1
0
0
0
0
0
0
0
0
10
0
0
0
0
0
0
0
23
0
0
7
8
3
0
0
0
0
0
0
0
0
0
0
3
1
4
0
0
0
0
0
1
0
0
0
0
0
1
0
0
1
1
1
0
0
1
0
0
0
0
0
1
1
0
2
0
0
0
0
0
0
0
0
0
0
0
0
1
0
0
1
0
0
0
1
1
0
1
0
0
0
0
0
0
0
0
1
0
0
0
0
0
2
0
11
0
0
0
0
0
0
0
0
0
0
0
0
15
2
9
4
3
1
25
2
0
2
3
1
0
26
0
1
0
10
0
0
0
0
0
0
0
1
0
0
0
0
0
0
0
0
0
0
0
0
0
0
0
0
0
0
0
0
0
0
0
10
0
0
6406
4033
4365
6799
6967
3696
7900
4580
4478
2009
1055
1664
2513
2339
4876
338
5928
538
6724
6020
7506
7118
5031
1709
6464
7090
5921
7844
4350
1248
6632
5447
5236
5825
1933
7211
2040
5887
3806
4478
966
7592
7901
4651
3603
1712
3398
3504
5874
1094
24
2548
7363
4643
5739
4375
6824
1607
7258
2303
7408
7901
2066
6791
6997
5882
6947
3382
7982
215
4340
3229
5024
3542
4569
7334
5410
6819
4838
868
1523
7691
4703
5643
7223
3240
5428
5067
4673
5306
7199
6356
1132
651
4261
2648
7211
4533
5369
6610
7677
4478
1732
7570
3188
6346
722
4790
1386
5264
6133
7991
1633
1733
5701
7940
1774
4718
393
3823
8011
2425
4109
1717
4792
7401
6465
6826
4215
2166
6147
6814
6623
4869
390
1944
4561
7201
5055
5243
5880
9
7176
537
2571
860
1976
1343
1786
1765
6203
4067
6202
5166
7966
4213
5701
7419
3207
6677
1738
3161
2597
8069
1501
5799
4892
3188
5501
7193
4101
2508
4267
8162
6521
4292
6425
570
1018
2150
5067
3298
193
7077
2425
4632
5778
5798
5928
2080
4319
5579
3392
5095
6583
5582
4473
5912
3291
6384
960
4215
2500
1633
4927
2095
156
6531
4347
5718
638
4868
2830
3369
8117
1539
7246
2676
6128
3564
1582
1348
4242
4569
1643
1870
1590
951
3478
860
3232
2513
369
5403
255
3216
5709
4311
5767
4107
1814
8010
6063
1018
618
2679
2015
1414
6606
5848
6843
1009
7314
1143
4025
4220
8191
7921
4825
6147
5376
7573
4753
1733
2252
4074
6104
3999
696
4719
1479
3710
1768
5402
1314
3558
1628
2676
2629
7693
2029
3773
4898
5603
1501
7637
1758
3960
675
355
3392
2286
7507
3119
4999
6053
46
5129
1427
7495
3907
4366
5350
7559
5149
34
6903
5718
3820
4718
2382
5187
7636
1639
7315
6546
4275
2498
2207
5185
1472
1738
5717
7463
6829
3896
5505
5798
1550
4478
2217
1765
3999
6801
5128
1472
3191
5739
4170
4503
2439
329
4581
5277
3367
5012
5368
7067
6975
7817
4169
2796
746
4822
1643
3346
2780
4169
7733
657
1929
6912
2445
1475
4479
880
8118
857
3257
747
3055
8066
3268
4036
2374
1544
3047
5557
4314
84
7560
5603
5020
4698
6578
6861
2092
1048
747
6554
5903
6652
1501
6623
1605
6788
1814
2597
5164
5739
2956
7885
2766
6521
5565
2907
1699
5767
2230
2910
2190
4995
4131
5681
250
2535
7110
1396
7726
6720
5397
6871
4476
4328
1933
5177
2278
817
4805
6020
7893
4395
6720
5206
1671
570
4796
2252
6253
4344
7752
5853
7601
7206
6163
778
7380
5840
4590
6720
1784
2956
2601
8174
6814
2932
1136
2801
2280
3096
3263
5761
7110
1127
831
4232
7649
7934
2358
3257
4944
7493
6612
1562
197
93
7749
2562
7670
3927
5144
7400
1527
7816
896
1933
1235
1820
7227
3848
3346
266
1473
6139
4662
6252
3489
5608
4866
2219
5394
4815
6121
1168
9
4311
4169
462
8030
3477
6503
1310
727
3158
1473
1804
1546
3487
3821
7520
947
8047
34
681
504
4743
5206
1982
3934
6002
4345
6217
4840
1168
1946
824
1933
5575
2330
4255
123
7915
4968
7677
1585
6108
3218
2605
5839
7289
7686
462
5582
817
307
7493
5350
1440
1366
406
3394
4526
1835
5465
4127
4257
3247
5353
1719
5997
2066
6593
744
5153
7667
3645
3914
1804
5403
4856
6087
1249
546
6675
1601
7865
7176
2693
6131
1409
6240
4827
109
5197
1366
747
5514
886
4323
4141
5758
7218
418
2031
1565
2861
4187
5339
7283
6386
4005
5397
3879
6058
5490
6814
2523
4154
547
1874
2514
2065
5785
2358
2194
7273
7496
4811
4944
6303
5896
208
4694
270
4167
3667
6660
1217
4328
2625
3060
5415
3878
1671
7785
1481
4651
8066
1501
1806
3138
3606
4344
4812
7915
4944
3197
4345
7735
5023
5837
6740
1204
7785
4211
5277
6820
67
6514
5173
6355
4968
1680
3665
6560
457
5867
1444
1087
7901
2999
2582
6210
2597
1333
2092
5761
6403
2716
5225
929
2929
6886
4330
6758
34
5149
2327
1639
1864
6745
2987
1776
5756
8121
5115
3050
1428
4377
1034
4863
4202
2684
5507
3923
1407
7537
3047
5350
3644
2544
6882
5132
5096
689
6247
2544
5589
4807
7119
6760
3267
1732
2407
6271
5507
3154
6649
5159
3925
8004
6600
6010
870
7435
7484
8144
6425
1422
5419
8162
4887
1667
8133
6835
7686
2278
5544
5871
6027
6977
3925
3241
1402
5339
7782
8048
1395
7806
5726
6329
6695
3493
426
6352
5385
7384
3304
6413
3036
2905
2127
712
1253
7203
3772
3430
5705
3355
5603
3925
784
64
7132
738
5832
7498
6615
728
6041
1732
369
5418
2371
7129
3264
8036
5623
1048
5985
6719
6133
3506
6199
8010
3812
1299
710
7082
6227
5877
7106
4169
2616
6413
4556
5273
4366
6283
6624
6281
4340
5232
6058
7596
3061
6956
6623
5099
1774
2429
4604
1933
2561
3506
298
5709
7560
1153
4807
1096
4478
744
5608
802
4506
1260
6453
6219
844
5721
4549
1011
1209
1062
6895
3290
6828
453
6564
2676
1774
5408
5580
880
879
3706
3849
453
2757
7656
6675
886
575
297
369
4578
3401
947
244
5825
5003
3987
7616
1010
3220
4492
7520
491
825
758
5070
5129
960
6590
2887
1203
7488
3348
2903
547
1933
1210
6623
1209
7798
6215
3835
5066
1105
744
6411
827
3570
135
3792
4207
6677
744
1094
5248
5724
4329
4233
5129
4569
6384
2459
58
5315
6760
3264
537
2523
3036
2303
2676
348
3225
6868
1600
5024
208
7823
3443
3464
4952
4237
6587
1425
744
1345
925
2610
672
5810
2676
7419
6553
6590
4217
1933
5749
1616
7616
1016
1590
7223
4569
3741
2676
3220
348
4216
698
3358
30
4521
7230
5762
6437
2104
568
5232
7722
4274
4580
4596
6015
825
8025
1774
783
3432
5159
3884
3489
3542
5129
4569
5129
2676
960
4569
418
5129
7940
7940
3148
1023
7389
7679
8078
1105
