0
0
0
10
9
0
0
2
9
0
0
2
1
0
0
0
0
1
0
0
0
10
0
0
0
0
1
2
0
0
0
0
0
0
0
0
0
0
0
0
0
0
0
0
0
0
0
0
0
0
0
0
0
0
0
1
0
1
0
0
0
0
0
0
0
0
0
1
0
0
0
0
0
0
0
0
0
0
0
1
0
0
0
0
0
0
0
0
0
0
0
0
0
0
0
0
9
0
0
0
0
0
0
0
25
0
0
9
8
6
0
0
0
0
0
1
1
0
1
0
3
1
2
0
0
1
0
1
0
1
1
1
2
1
0
0
0
2
0
0
0
0
0
0
0
0
0
0
3
2
0
0
1
0
1
0
0
0
0
0
1
0
0
0
0
0
0
0
0
0
0
0
1
0
0
0
0
0
0
0
0
0
0
0
0
0
0
0
0
4
0
9
0
0
0
0
0
0
0
0
0
0
0
0
12
4
8
5
4
0
28
0
1
3
1
1
2
21
0
1
1
10
0
0
0
1
0
0
0
1
0
1
0
0
0
0
0
0
0
0
0
0
0
0
0
0
0
0
0
0
0
0
0
10
0
0
5120
835
2583
6683
811
5363
3291
4800
6510
1126
749
3153
5220
1097
372
5875
294
744
8121
6009
785
98
3862
48
7722
2457
265
7004
7884
7844
1046
4361
3631
6656
6440
3601
7265
3205
2494
4017
4164
1272
5185
5412
421
3631
7640
7827
7833
7010
837
2041
1217
3702
6656
3682
5290
2907
2916
4190
123
765
2558
7230
5292
7405
783
2225
7547
8129
6371
2146
3797
1046
8121
7152
4271
1685
3987
3600
5345
6026
771
390
1866
2382
7549
3608
1124
3513
3600
2624
4700
2558
5020
3732
3253
3414
7497
2954
6422
2339
1029
7418
2339
6973
7242
6621
6989
6317
2930
3682
1550
2653
5873
6932
5917
2058
3023
6872
7682
2136
4766
807
1767
2922
33
7995
7237
4493
7199
4625
227
5024
7910
4004
6332
5471
546
7778
3317
902
845
7920
1266
5155
6472
4243
7311
127
4409
4109
7900
879
4964
5224
3642
6307
5403
8064
702
980
2691
6359
7205
2459
7205
3068
2946
3382
2301
6425
709
6271
1942
197
5078
1381
7113
183
7938
354
7900
4985
7888
5677
990
2558
7546
2558
1965
607
3252
3988
6654
6415
916
6761
5048
139
3327
2998
1758
4683
2038
603
8168
3869
2110
531
6510
988
4051
6344
3487
7358
3563
7282
684
7995
3480
5168
3433
684
7956
7645
5055
6761
2182
6791
1620
840
7864
7991
5422
1150
7206
4108
7308
4437
565
2645
5168
3896
4169
3621
2998
6605
4436
709
5385
6531
6122
4169
6415
7823
152
7793
5907
6757
7605
5474
1550
3863
7120
5708
7510
2384
1418
3987
993
3652
2972
3610
4474
3896
3369
329
7181
762
4436
4209
6777
5587
7510
1685
7315
7028
5227
3302
6757
7991
3879
1995
3334
8148
2685
3249
929
5402
7048
6434
7667
5434
6076
5537
7153
2054
5376
7036
6300
3879
7773
3621
1287
5175
244
7274
6624
4340
1160
3533
2286
7730
4173
248
7566
6162
5938
5252
6959
5627
5644
7667
3740
6863
2601
7405
5272
6906
4349
758
5328
583
7315
846
5622
335
3047
4108
2101
7910
5805
7235
214
566
4421
3841
5675
7727
8116
4898
988
6425
5505
2165
2748
6162
2500
7190
6053
1230
5671
758
7547
2414
813
1876
7315
7028
3492
7265
92
7418
7487
3563
755
5379
6581
7658
2448
3601
6208
4624
7206
7616
1876
5876
6919
4427
6159
1297
2269
7729
856
2943
5277
5090
2561
6685
813
1713
4125
4159
3541
5877
2722
2945
2945
193
2414
5034
2166
5171
1105
7730
2387
6003
3987
6689
4108
1622
613
2420
1705
3343
1691
7711
1685
125
712
3392
8099
4159
1354
3790
1988
4017
7289
1639
1177
320
4525
5403
7785
1835
3667
3990
4464
6133
7375
7439
762
610
6757
41
1704
7564
5587
7060
5904
4174
4424
4793
2658
7276
2464
649
3106
2907
7153
2405
4448
6271
1620
7229
526
7162
6166
523
6993
2622
5919
6322
7991
3836
7265
6716
762
6623
3526
6363
2805
6035
5350
1643
8099
7276
7689
3120
988
6989
6848
3604
5799
2900
4660
7933
7956
6089
3152
3283
146
2359
5891
7241
3782
2897
6108
4579
1661
4802
1725
4058
7543
4840
7048
5411
6814
6605
1619
2363
244
930
5122
7743
41
1018
196
5170
1995
8157
5268
2950
3687
3825
2802
5138
182
1402
5003
1085
2544
4526
6110
5368
5419
4526
1919
7739
8003
3609
4125
4476
3403
5659
7431
7290
1738
5745
610
719
3307
6219
5323
5286
1470
5090
8190
2381
2773
2059
5472
193
610
3750
5761
6078
507
7059
4743
5923
3715
4241
4581
7106
7818
5003
2483
702
3002
5306
4593
4691
5800
5675
3376
1115
4615
2735
4692
4374
5574
3503
1861
130
3933
7206
1816
7915
5924
6139
5913
4429
5224
3740
6035
165
1895
3463
2130
2916
3835
2182
327
7010
7617
519
7060
2315
1415
6664
3534
6583
5945
4399
7658
780
6985
4294
4051
285
5672
1466
2352
193
6398
8122
994
1585
2905
4541
729
7434
4121
5852
7375
7557
2724
1293
3338
6955
684
34
6634
7327
5626
3330
2900
2393
6047
8137
7785
908
2956
5762
8190
4174
125
3638
6338
1365
762
3987
4221
7409
1115
4271
7470
8105
933
7216
1403
3888
5185
2175
5906
6723
381
5170
3532
1346
4743
3162
8034
4160
3318
1185
3257
3224
1272
6555
4947
5799
6814
1892
3338
435
1653
7547
3783
591
7045
851
5090
354
5295
6233
362
362
1922
7265
3716
4840
4538
6676
1093
7638
7089
396
994
4273
6903
4208
4086
1186
2404
4839
5877
5877
6781
5208
2333
4178
4038
3566
5659
1791
930
1847
6723
993
1691
7287
1570
8168
2658
1861
1855
522
5708
4344
3554
1530
1933
6294
6058
2365
7199
5677
5024
5595
4289
5671
5997
248
1020
1530
125
2092
1544
2397
1310
1018
5505
8099
1077
3902
5373
109
460
3343
2301
1386
610
549
3420
2408
5405
6871
1725
6317
1534
5405
4742
2129
657
4809
6452
1206
944
1017
5224
8039
3778
168
3146
469
3159
6020
4703
297
194
7113
915
7592
5248
5451
3144
617
44
6716
3598
7510
4372
4907
4907
3148
3254
5799
1848
2312
3430
1168
4984
5006
3096
2957
836
1684
1345
201
7785
7482
2894
4285
2219
6303
1473
1241
2967
3267
7315
7206
208
2780
7781
7866
5724
2387
5170
1121
3369
407
6356
2300
484
967
6139
4998
3470
4355
5622
6977
1164
4916
5877
1699
1226
954
2363
826
1015
2637
7276
1115
7416
7997
885
2554
2268
7730
563
5766
6533
3037
6720
1010
1924
4751
998
5168
4496
3190
4691
5057
1458
1979
686
1185
747
3598
7106
193
806
6546
7787
7900
4524
5629
3416
4616
1051
7616
5799
6394
6479
3460
4429
5627
3604
3987
2813
3911
7855
5880
371
4482
3167
5343
8076
2464
4925
7785
2327
4529
3479
5747
6135
7470
3452
1613
1029
4525
157
4106
8084
4696
1115
2809
7495
7483
2627
610
7498
5160
970
2605
734
1768
747
6020
2427
6307
7518
2780
4751
6605
5481
2183
2242
7997
6517
4170
