0
0
0
10
10
0
0
1
10
3
0
3
0
0
0
0
0
0
0
0
0
10
0
0
0
0
3
4
0
0
1
1
0
0
0
1
0
0
0
0
0
0
0
0
0
0
0
0
0
0
0
0
0
0
0
0
0
0
0
0
0
0
0
0
2
0
0
0
0
0
0
1
0
0
0
0
0
0
0
0
0
0
0
0
1
0
0
0
0
0
0
0
0
0
0
0
9
0
0
0
0
0
0
0
22
1
0
7
6
8
0
0
0
0
0
0
3
0
1
0
0
1
8
1
0
2
0
0
1
1
1
1
1
0
0
0
0
1
2
2
0
1
0
0
0
0
0
0
3
1
0
1
0
0
0
0
1
0
0
0
0
0
1
1
1
0
0
0
0
0
0
2
1
0
0
0
0
2
0
0
0
0
0
0
0
0
0
0
0
5
0
5
0
0
0
0
0
0
0
0
0
0
0
0
12
4
7
3
3
0
27
0
0
1
2
1
2
27
0
0
1
10
0
0
0
0
0
0
0
1
0
0
0
0
0
0
0
0
0
0
0
0
0
0
0
0
0
0
0
0
0
0
0
10
0
0
3240
2465
418
1863
348
1787
5214
5214
5661
5112
1787
1672
3741
4207
3454
45
45
5801
114
7596
2958
4647
3004
8105
6346
211
7063
568
1776
4609
1522
3052
7615
5579
5661
4164
7484
7092
5982
5661
5214
5214
3661
5412
4326
4867
1244
3389
1824
568
1620
3541
1270
4475
5412
2922
1050
3161
6321
7679
1067
1550
2105
1595
45
7868
4341
2986
5687
2796
4594
6135
2405
6135
2513
4293
5013
5165
5798
7882
5214
6548
6830
4236
1155
6135
4475
3259
5715
4568
7405
5364
450
1988
6438
6385
2773
2866
7592
45
46
4341
4202
2285
8143
5220
5801
8143
4644
3477
6320
5982
4809
4120
3541
6135
411
1944
6818
6735
3161
744
5470
7389
4651
4568
1289
3185
2066
6560
3829
5805
425
4644
7706
4072
2906
96
418
671
4920
4233
96
1739
3046
5214
7596
1620
4618
14
2736
2916
7745
7844
471
7051
5731
1944
2825
1786
4202
6473
5694
2297
2285
927
4221
5505
6840
2602
4416
233
7433
6174
2411
4293
5650
631
2339
139
2285
3541
7596
7679
4099
4004
5024
744
4609
4788
6756
5726
4202
3610
3224
84
2980
5947
5603
734
5548
313
5788
5799
6695
5105
5052
7236
5579
5112
2610
1765
4950
5077
5579
1024
3348
7497
4004
5982
3600
6677
4290
2318
5214
5778
3055
7854
1303
7667
6459
1946
52
1006
7935
3772
954
5506
7864
7137
6271
4568
2497
2410
2464
5798
1425
6346
5839
1312
3405
4175
4618
5364
2825
6465
6135
764
1053
1660
6848
3833
4805
4517
528
7960
3964
8191
6231
6401
4105
927
674
8188
3901
621
7582
5664
7872
4340
6249
3368
4880
7405
4340
1776
7902
5172
2777
1576
7872
5160
1996
1297
397
6157
2140
403
6121
4782
1503
5177
537
4288
945
6271
1160
7236
4809
1550
4120
7484
3684
3988
3405
4504
7028
568
6722
3989
5874
7408
613
7820
3826
962
1939
5978
2188
3810
957
2944
8144
7203
5016
1887
674
2285
4892
1279
7408
6060
1550
4475
2227
3635
6031
4224
5385
7205
5143
5601
7901
1996
6628
1390
6159
1676
5871
3314
6885
7303
6775
2313
618
501
1798
2804
4319
2938
450
5214
7205
7229
5489
7582
761
4500
2417
2645
1931
6791
1067
802
1550
7255
6763
6837
5177
622
3340
5938
252
7234
7303
7329
2769
857
3197
2882
2182
4053
421
1824
8030
7049
1523
953
3603
2101
2440
7602
6552
3893
1634
921
6041
5874
1016
4728
3984
1546
4001
1919
7416
1994
7154
1340
7168
1061
2205
6080
472
1824
4007
783
7871
96
4222
6367
6425
720
7082
141
646
7668
6837
7377
559
7484
283
7747
4373
4922
446
962
1274
6101
128
2143
7215
7622
2882
51
1550
7570
7049
7956
5657
2796
2871
1093
2607
2498
3622
7655
7473
6425
678
2908
7901
211
5489
6417
206
6695
3817
3437
5697
2394
67
7730
6536
1815
4006
2077
4202
1824
1279
3290
345
4395
8149
6190
3654
8026
7935
6515
1093
7475
6343
5852
211
6791
6791
2285
6593
6776
8094
5881
4032
6394
5410
2746
1671
2317
1806
5909
7229
1160
121
4190
3511
5052
4360
4308
1570
3163
6936
1798
4805
4170
6515
3343
6973
744
2777
6791
5489
1409
2847
1698
702
2418
2499
7915
7067
3663
7282
4341
390
7063
5428
629
6854
6788
7668
8081
2980
5598
519
1459
6035
5613
3803
733
2257
26
4341
6791
7190
5013
5247
6950
2676
6997
960
3196
1275
5079
6677
4239
6677
170
1155
393
5788
2471
7372
5938
2980
1667
3257
4588
7668
1756
6538
953
8143
6395
6677
3004
2796
2958
3515
7017
6545
289
5574
4109
1577
845
559
3389
3861
1821
5998
6447
7308
7450
6506
7819
5951
3257
7079
7208
3786
735
6219
4012
2777
559
4707
3541
3851
1155
5530
1560
4082
849
3819
4114
680
2157
1384
1414
702
7716
3896
2194
2676
2804
4772
1392
5824
7461
618
3257
1919
3814
6515
1887
390
5322
1769
820
3298
6058
2483
4735
5104
7577
2639
6969
4326
3499
2957
30
727
2464
5232
4087
5031
1236
2921
8115
1764
2171
1473
2656
3054
4153
8087
6080
3481
2830
5035
7645
6000
1680
7497
1287
2629
7545
4605
4920
2358
6822
7333
7887
7497
6031
6321
2805
5981
287
1862
1382
7709
3991
4590
5429
2200
4181
1764
6843
469
4049
5248
6031
4361
1680
531
7575
4934
2907
7332
7029
7645
6770
715
4698
4340
4340
2377
715
8191
1311
5226
7605
6683
3268
4468
1489
7481
5253
5353
4175
4694
5494
3483
3851
7491
372
744
2002
4472
2825
3686
5720
2906
6309
1156
4478
3480
1279
7798
5374
6192
2650
6020
5024
1734
95
1556
8008
3511
923
4568
6321
5805
212
5470
5220
5290
6320
7798
1046
7187
3821
7753
5283
7007
2564
6185
2775
2469
5649
1279
7205
6737
2136
2379
7398
2629
7859
1191
734
1734
5542
3572
3391
6552
1155
8160
1944
4112
4491
3443
2684
369
4194
1029
2975
3156
7392
3116
1629
7219
2349
5288
4236
5035
4965
7989
471
8160
2059
5116
1114
6386
7344
1620
1046
2411
3326
3068
5756
6241
2009
7679
7910
3443
4340
531
6041
2342
4551
7701
4127
7130
3073
4116
3402
5350
1226
772
390
1581
444
138
1204
5172
210
5403
795
4475
1776
4605
5547
2562
4093
5833
2459
5048
5385
7910
1041
6131
1820
8159
2818
282
1088
7134
507
7398
3123
3052
7243
8162
3483
4207
7086
5730
7344
390
6321
7153
1748
418
5909
4644
6041
7910
3077
2663
7679
1009
4067
6011
1314
5277
6441
2846
3255
4842
2358
797
3415
3052
7585
8122
5945
2285
5167
1275
1067
6041
5385
7121
1534
4448
2192
2856
1550
5928
1944
5077
1769
7275
8085
1023
1976
4511
1733
1873
6271
2411
1748
1765
5070
5575
6082
8011
3947
3022
4375
4932
4340
3443
7180
4329
727
3469
4630
3584
2541
96
7615
7615
1550
1690
5653
3326
4341
7901
1029
1289
7924
5428
4600
1698
3443
899
4317
4926
7593
2106
6276
7453
1709
6791
702
