0
0
0
10
9
0
0
2
11
0
0
0
0
0
0
0
1
0
0
0
0
10
0
0
0
0
3
5
0
0
0
1
0
0
0
1
0
0
2
0
0
0
0
0
0
0
0
0
0
0
0
0
0
0
0
0
0
0
0
0
0
0
0
0
5
0
0
1
0
1
0
1
0
0
0
0
0
0
2
0
0
0
0
0
1
1
0
0
0
0
0
0
0
0
0
1
12
0
0
0
0
0
0
0
30
0
0
12
10
6
0
0
0
0
0
0
3
0
1
1
1
1
4
0
0
0
0
0
2
2
0
2
2
1
0
0
0
2
0
3
0
0
0
0
1
0
0
0
5
2
0
1
0
0
0
0
1
0
0
1
0
0
1
3
0
0
1
0
2
0
0
3
2
0
0
0
0
1
0
0
0
0
0
0
0
0
0
0
1
5
0
8
0
0
0
0
0
0
0
0
0
0
0
0
13
7
8
8
6
2
26
1
2
5
1
0
4
31
0
0
1
11
0
0
0
0
0
0
0
1
0
2
0
0
0
0
0
0
0
0
1
0
0
0
0
0
0
0
0
0
0
0
0
10
0
0
4878
6227
5112
1824
1824
1319
1824
5778
631
3379
3557
4809
2907
783
6063
7027
5997
5778
5220
2868
7679
5354
5586
4202
411
5874
4017
3419
3536
3389
2639
2601
2353
1244
5191
3167
5536
1319
14
7679
7435
7616
1988
783
2219
6824
7777
2271
4291
5997
6791
2894
2032
5751
4866
4609
3541
649
2226
4708
4018
1319
5412
4340
4644
1997
1029
783
3668
783
8160
886
1042
8176
5220
3414
6082
3196
4950
1680
5701
6286
8103
6082
4723
6265
8128
7570
255
4491
1134
6720
61
7491
8092
6791
5579
491
1164
7110
491
7727
138
3165
1619
4832
1029
3120
531
4312
3326
783
7387
1293
7512
2516
3120
6927
6100
3153
2629
7700
3841
4950
2464
568
3790
2777
5945
421
5214
6320
4202
3534
802
7901
4609
4609
5945
4578
6588
7527
6923
4069
2415
5339
8080
2167
1620
3834
6972
1130
591
684
3911
4291
1852
421
5896
3959
4609
5778
5945
6417
1664
7187
4410
2987
421
1488
4618
4810
1917
2557
3732
6724
7111
6610
2557
1829
1131
3346
4160
3130
568
2226
1836
1680
2938
2464
4255
740
631
4578
3969
1021
7418
4484
5867
2707
3389
8103
3060
1272
3636
615
6810
1721
3903
3210
3319
7927
107
7207
2677
415
1769
7428
2271
845
7613
3504
2285
783
2513
2698
6660
1395
6827
6720
1040
619
7029
3667
520
1287
6372
7209
2252
2509
1047
6648
3579
1480
3859
1514
6023
5670
1160
5322
4291
6824
421
2629
7782
7205
683
5682
4708
2560
6660
5514
255
3664
1988
3635
7395
7823
7755
4211
7785
3658
307
4115
3683
5190
5844
6346
5853
5591
591
47
5290
3490
1988
7012
792
4698
250
5739
7592
2999
4796
6124
7689
3077
4232
4858
2415
1607
7143
8190
747
1633
5543
3617
5123
2842
2922
4950
1810
7411
6436
3835
2421
3589
5892
7782
5185
4609
5643
1607
6124
3096
6262
615
933
649
3300
3153
2591
6307
4270
3121
6668
5951
6785
7219
611
7770
7011
4765
6094
5499
2953
7090
5275
1896
3686
4758
6002
4349
7070
7740
491
7518
227
6827
90
1581
7029
1185
484
1842
8040
460
1740
1928
1970
1798
4899
1061
1778
723
4339
6496
1339
3605
4828
3872
5382
1232
2252
5332
683
4361
4707
5079
1204
8190
2967
304
6472
7816
7029
7319
7056
5543
3121
7090
524
3093
3803
7422
2701
1162
3944
1955
3706
1245
2189
6072
1715
660
4329
4507
1595
3121
2907
7910
2130
1241
4232
7029
5295
6005
2369
5608
6824
6065
3303
4618
6121
5555
1082
3849
428
6171
3088
2078
913
4170
3636
1820
4539
5789
2380
3504
6135
2698
492
2327
3920
2795
5266
1261
638
2138
3982
5841
6037
2545
2130
2410
70
1171
4704
1068
1735
274
1912
1192
892
8187
123
7785
7722
2425
7260
4708
5997
825
5363
7416
560
3790
5290
797
4270
715
886
510
1551
5793
3678
7611
1735
4314
4181
5593
5281
2543
4417
6512
4930
7853
2265
747
1241
933
6820
3968
6791
255
7205
1852
5778
920
783
2489
6593
255
3682
5290
7492
4600
749
7578
2919
7949
6853
5922
5528
383
5372
977
6274
7234
984
6839
3668
5118
683
48
3541
4950
1185
2464
389
7482
4478
1824
574
649
6411
5048
1988
1497
4869
5190
7802
855
4816
5853
4181
2720
1440
4176
301
693
2823
1788
6825
7828
1057
924
1075
5748
8092
8092
7187
255
8092
6321
255
1680
7110
649
557
1765
26
890
6402
7610
3310
1618
4153
5723
1760
519
2644
3795
2922
3732
716
2826
4441
5226
783
5168
5077
255
8046
5048
8092
4481
411
1607
5892
7753
5290
1023
740
6944
2506
3716
5213
7891
4358
3280
7302
1671
7234
6303
7110
1979
8190
1430
7135
980
5982
396
591
7012
2464
14
4975
568
4950
1281
1917
5185
4718
4857
1955
1405
3316
1989
6528
2144
140
6990
1366
1954
2793
2219
6139
6720
1979
6020
6249
3044
973
6041
421
4229
7670
4950
6720
2441
607
2464
845
4718
3386
1363
1554
2922
7613
3504
2358
4526
7303
1835
209
6948
6189
2586
2186
6152
2252
2967
2741
6012
255
591
7070
389
5997
4857
1155
531
998
7205
6041
3469
5680
1057
4830
2252
3448
5856
7517
7827
728
7746
7524
1296
3343
434
4590
1671
5118
2252
2137
2374
390
8092
6377
7570
531
389
3600
4338
6041
389
4568
1095
3608
5041
4778
3096
217
4069
3003
7189
1544
6810
288
4372
4234
6069
5397
7110
7997
8190
5688
4350
4950
5982
8092
5997
7533
5874
2464
1319
4242
5019
382
5381
7320
4758
5339
6199
3676
8135
229
4232
1103
5185
194
6474
1838
5185
1118
5514
297
4700
6475
3453
4735
973
390
3414
7110
3682
686
5778
1620
7570
3159
4722
5185
2354
3854
7294
591
6677
6921
2868
6720
1671
5397
2972
3044
1319
797
5915
5057
3687
1864
7909
2464
3504
5048
5945
4594
3253
3600
1046
4853
1103
5937
2271
783
2629
7910
3888
575
649
6907
109
4542
3263
3676
3177
5343
7615
7243
1009
2597
7587
4778
5157
783
5048
4707
7491
832
7033
6132
3616
4621
4433
6498
3102
4315
7322
1644
3959
4202
6545
4170
34
2780
2327
7172
541
568
390
4237
6761
2308
421
4361
2273
2930
1970
194
8089
3854
3405
7094
7359
2879
4127
76
2136
6002
3351
7086
531
46
2418
6829
4294
3096
1136
7740
3572
5336
2974
4689
5761
783
3959
5343
3577
2741
508
3051
1118
7258
568
3379
2476
5805
6884
4835
7110
3790
3541
3747
432
845
6366
2425
3435
4457
6146
2080
7570
464
2260
1944
4594
2650
4232
7582
7901
6483
7143
2629
7699
5576
170
1740
3102
6053
392
3120
411
1441
3600
4735
2489
390
3359
1842
5780
2252
5214
7484
4735
390
4594
390
7344
3816
1308
411
2958
3602
1865
1364
5707
4735
5997
7908
7151
3328
4777
5714
5338
4059
568
4700
288
5858
345
698
7901
1620
7258
4707
5778
4319
3414
1424
7246
811
8184
5536
6135
