0
0
0
9
10
0
0
2
10
0
0
0
2
0
0
0
1
3
0
0
0
10
0
0
0
0
2
4
0
0
0
2
0
0
0
0
0
0
1
0
0
0
0
0
0
0
0
0
0
0
0
0
0
0
0
1
0
0
0
0
0
0
0
0
1
0
0
0
0
0
0
0
0
0
0
0
1
0
1
0
0
0
0
0
0
0
0
0
0
0
0
0
0
0
0
0
8
0
0
0
0
0
0
0
22
1
0
8
6
5
0
0
0
0
0
3
3
1
0
0
3
0
3
0
0
2
0
0
0
1
1
0
0
1
2
0
0
2
0
0
0
0
0
0
0
0
1
0
2
1
0
0
0
0
0
1
0
0
0
0
0
1
0
2
1
0
0
0
0
0
0
0
1
0
1
0
0
0
0
0
1
0
0
0
0
0
0
0
0
3
0
8
0
0
0
0
0
0
0
0
0
0
0
0
10
6
10
4
5
0
24
2
3
2
2
2
1
29
1
1
0
11
0
1
0
1
0
0
0
1
0
0
0
0
0
0
0
0
0
0
0
0
0
0
0
0
0
0
0
0
0
0
0
10
0
0
1767
4934
4975
4830
5236
30
1255
588
1581
919
5494
7592
6141
2558
208
4689
4412
6473
7235
7389
4852
1767
7230
4628
4239
4641
6215
6315
3223
4841
7297
6320
1009
7584
3969
3051
7722
4521
1084
1767
3185
3420
7398
4426
7121
6735
820
7336
1297
7322
7746
3864
4812
1415
4858
6237
4623
5408
6902
1595
1037
4094
5846
4641
763
3849
1441
959
4374
1733
208
4830
4858
47
3085
2406
2520
30
35
661
2790
6838
5327
6695
5813
1513
2244
6549
1040
5560
5385
2499
4150
2860
4094
6315
6053
3044
5434
5531
3455
919
4339
6000
3322
2248
4441
469
6958
2214
3797
5841
3992
4391
843
4719
7983
6243
6307
1535
5232
4194
6540
6989
3326
5730
558
1938
3237
5801
8078
1200
2418
5332
3322
4290
1040
2672
7113
339
5703
5575
1275
5610
1939
6205
1939
7543
3982
4150
7699
1513
6571
7230
3391
8135
7196
2405
698
1926
2811
4837
5477
250
7207
4294
7688
3391
6058
6141
7389
2772
661
274
628
3658
4801
7324
2685
1459
6283
2869
7250
2362
7443
2210
5531
3405
3229
2531
5530
538
450
3002
7237
5470
3483
7587
6724
1333
1148
4561
3588
7798
5580
6211
2846
5176
6920
4974
4811
5126
6394
6870
1093
2755
4447
1765
2410
2421
1124
6926
785
671
5314
3291
6969
7297
3916
6552
4858
802
5294
953
3202
183
2249
7677
812
3472
3124
6855
7994
7620
7935
7407
3216
6837
1873
3330
5601
6215
3487
1163
6549
1057
7445
5843
7916
3148
2059
3291
6041
4029
2269
5152
7342
6819
3119
1721
647
3361
5721
570
1436
3748
6560
7869
8020
4724
3385
3663
4283
4796
3455
4851
5975
7135
6746
5018
1075
2562
3402
7806
4739
1893
915
2936
4337
3206
4087
7210
3138
3944
1027
5438
3810
358
4596
7432
1111
7466
142
7781
820
6438
1057
2654
1441
7527
338
6552
2466
7421
2522
410
4474
7153
5892
5380
4218
7324
2613
3636
1438
6537
6641
7443
5252
5707
1481
5640
1223
3111
4812
951
859
3386
4934
2520
7418
6058
5507
6447
2573
6773
7792
2269
4538
7621
5278
7211
938
3421
1682
7948
6691
3817
4244
451
2337
5400
964
7372
5420
2519
2916
925
369
1478
2074
3820
6158
3168
1634
4971
6799
5115
2757
4307
7979
4263
869
1346
6753
611
4743
1095
2923
543
753
6615
2205
4411
2082
493
2595
252
5534
3203
2362
6721
2190
3210
5381
3740
7014
6459
3334
6845
5173
1019
6353
5548
5235
618
872
1131
1546
1322
242
4167
2811
3322
4526
2011
3108
3318
906
3209
1317
4292
4
2153
7766
4758
703
749
5065
6569
2167
6814
2764
1160
6585
3323
7481
190
7120
5086
2383
6819
6694
2686
7187
6853
7125
6579
3721
7626
241
241
310
6247
4457
570
6499
6669
2435
8083
4994
4970
6253
5493
532
2848
5134
3817
5640
387
5625
5267
1816
5294
2417
5934
754
5372
5328
3813
6719
2468
2269
3437
4288
6908
7219
2929
5325
1197
1635
1576
6353
2337
3932
6035
4138
3734
5060
6039
5666
203
5838
1709
1179
6931
7191
6239
3869
821
4473
2468
3323
3846
1547
2246
8131
7792
5044
7056
1481
6792
2277
26
1428
3043
7081
6217
6681
2744
3351
6158
3583
4370
113
2619
6434
5723
869
7219
2239
932
141
5294
3053
2337
7526
5800
7020
5583
72
7767
2724
370
3448
2654
301
4441
4624
7569
5339
1235
1163
1063
6267
5884
3276
6983
5766
3972
1346
1366
7186
6034
4533
6516
6773
8007
5563
4699
1869
3294
4571
6453
2194
4240
1531
2499
2806
5853
857
1708
3659
4561
2425
6585
2445
5400
6853
2194
5492
2602
5862
5612
6928
4990
4606
1084
5172
7935
2473
6774
3831
1454
1784
1437
2226
2085
3559
5173
1455
7876
2716
6955
2137
4984
219
4093
4179
141
7526
625
3318
903
37
7171
1989
5767
1322
2070
2703
650
3623
1623
498
2011
272
6733
4816
2974
526
4813
2819
4314
3664
1213
6860
6578
7869
4150
533
1181
2139
7381
4636
6066
7530
3350
1366
341
958
6611
4938
6240
4358
1346
6579
3760
7791
4811
743
5604
6782
4983
7645
2369
5600
4385
2654
3046
6679
2127
4630
5477
6716
3560
6248
5812
429
5356
2716
5263
5534
1829
408
5723
43
4738
627
5845
3779
5563
6529
3197
1304
428
5915
7921
6426
2960
2178
6643
4533
2541
2891
1324
754
898
5638
4511
1996
4158
3119
7911
7410
7014
5640
4218
5787
938
1850
8043
4090
1996
3013
869
3179
7107
2654
7182
2364
5814
2375
735
5557
1017
1466
3724
495
6101
2233
1345
4887
6298
772
3840
1006
2269
2433
140
2138
4425
1990
1247
3437
1041
4142
6932
1426
7777
5570
2881
1497
6571
6932
4885
436
7891
286
5548
1914
3515
6552
5732
1334
7787
5909
7987
7091
106
3689
5640
7987
7955
3251
5531
5610
2214
2034
729
5292
5321
6425
4656
150
1035
1090
2217
753
2579
4486
5811
554
7028
6128
7122
1135
1520
3609
264
408
2755
141
6043
5849
7650
947
6560
1455
2491
7692
6522
2578
470
6273
7660
132
121
7806
6002
1602
7012
6508
7235
7235
5805
1709
702
4776
1024
1709
1082
7804
2959
4126
7629
2369
4852
3264
3802
6043
702
5283
377
1874
829
2069
6093
722
4600
3443
7910
4975
7090
1709
4698
2182
3572
2686
2811
4812
2130
1414
4785
1610
7094
1857
6295
6508
835
4256
1902
6018
2031
5232
5891
5332
925
1566
210
4150
7640
1415
1046
1680
2232
250
2059
491
4580
491
2271
2541
5715
7028
2483
1029
4812
6009
4150
7598
5715
5127
2310
3111
343
305
4386
5209
1932
3252
1767
1046
1415
3455
7230
4291
4004
5107
8075
4011
1024
48
5107
4478
3773
7767
5531
6058
6593
1600
249
7575
6083
4861
2830
3817
3584
6458
6022
4373
6271
7788
2957
6660
4858
7090
1600
4190
1295
6321
1513
7494
5445
4604
4679
2662
7645
6753
1029
8106
3449
5343
254
2746
4568
2541
4008
1839
2441
3402
249
4236
6833
