0
0
0
9
8
0
0
1
11
0
2
1
0
1
0
0
0
0
0
0
0
1
1
1
0
0
5
4
0
0
0
0
0
0
0
0
0
0
0
0
0
0
0
0
0
0
0
0
0
0
0
0
0
1
0
1
0
1
0
0
0
0
0
0
3
0
0
0
0
0
0
0
0
0
0
0
0
1
2
0
0
0
1
0
0
0
0
0
0
0
0
1
1
0
0
1
4
0
0
0
0
0
0
0
23
2
0
12
5
9
0
0
0
0
0
6
6
0
0
1
0
0
3
0
0
0
0
1
0
0
0
0
2
0
1
0
0
0
0
0
0
1
0
0
2
0
0
0
0
2
0
0
0
1
0
0
0
0
1
2
1
0
1
0
0
1
0
0
0
0
0
0
4
0
0
0
0
1
1
0
0
0
0
0
0
0
0
0
0
3
0
6
0
0
0
0
0
0
0
0
0
0
0
0
10
11
7
5
5
2
21
1
2
4
4
2
1
24
2
1
0
11
0
1
2
5
1
0
1
1
0
3
1
0
0
0
0
0
0
0
1
0
0
0
0
0
0
0
0
0
0
0
0
10
0
0
5731
8023
390
5896
1944
3747
211
6737
7582
2061
3504
1931
811
5363
1075
4575
5343
8021
7435
2271
4609
2581
3790
170
1836
559
1062
6113
859
3425
4330
1620
6320
4027
3967
1029
8092
3058
4651
1680
5890
3809
6945
3461
5475
432
5129
3475
5077
1062
5457
5896
3561
3541
4348
432
7405
3541
3469
3473
1781
3330
7393
3414
1680
372
6403
1988
3443
6310
3959
7357
5675
7466
2662
6113
5999
3947
6937
4916
6791
4475
6137
1775
4609
2552
5485
2513
1067
255
3541
7491
4838
4491
676
3911
3414
3120
4255
5629
4190
7545
1103
1907
3712
5092
1340
790
896
4119
6276
6411
6358
6487
480
7011
5735
3167
4255
5475
3541
5687
5295
5896
3158
6720
5389
6262
2513
1620
3668
7827
6041
1281
4448
1570
6620
3158
2716
568
5428
896
1958
2996
3812
397
2700
504
450
5731
87
1824
1836
2464
1451
6886
482
5567
2118
3959
432
255
8103
3158
6082
3068
3443
5020
5764
4668
5896
1550
2491
1334
6648
1564
2544
2379
1601
5591
4578
4070
4578
3414
2663
5112
974
6227
2118
1046
45
2130
1621
3747
999
8151
5385
7190
8048
4291
6778
2105
170
5356
6027
1114
963
6983
4273
4273
913
6525
4594
2062
943
1308
4818
2513
4524
5272
7613
5013
5322
7885
7344
2854
1699
5715
4372
14
2298
5143
668
2892
1249
6648
1871
3834
3307
3834
6303
4542
5762
7489
728
5048
7882
4609
4609
1620
649
2892
1164
5236
1400
6838
5048
4140
61
3196
5482
3572
5567
1195
281
811
5709
4292
7216
3055
5993
7059
4731
4273
3911
1989
103
6789
6358
2068
4793
4741
4492
4736
6142
4714
5359
1900
7596
4634
3196
8048
979
1818
465
6059
6327
5701
6131
7176
1017
39
1979
2956
1137
1357
857
5206
1472
5054
3925
38
3047
7048
2875
28
6039
4723
2459
6569
4568
1584
3167
4716
450
7493
2849
4573
1830
5165
7924
4793
298
5762
1185
4542
747
1699
1671
3962
8094
3302
4087
4497
4643
1965
2557
4024
5235
998
6720
5381
4609
1699
480
4372
5385
6886
4806
3932
4594
1050
3755
963
2693
4273
1835
1971
2372
747
2603
5672
3385
4942
6027
2905
4543
7755
5739
1430
4754
2875
5874
4492
5517
1137
1067
896
7258
3957
423
1752
4154
2155
128
3849
6027
1137
1699
7915
7154
7393
4524
4881
2613
1850
7079
4526
4623
681
978
5739
2557
824
6189
4255
2854
5629
2405
928
726
3061
5177
4425
5871
4278
4542
3712
7078
4806
3186
1020
5584
746
4270
7393
6311
4731
4542
4542
201
4482
7234
2557
2753
8159
3106
7682
5220
1164
5372
4115
6560
6131
746
5309
4590
574
2186
7154
5394
5398
7493
3162
3257
1139
2219
7079
6013
4273
6668
6139
7435
5762
1699
1546
3096
432
1585
994
5220
191
5438
5684
1253
2557
7518
857
6139
4273
4426
2219
1468
7953
3153
4662
7416
6301
7154
4482
5761
747
4542
145
1671
747
1671
1544
5998
4273
4273
5584
7070
1319
7542
2190
5543
7048
913
4526
4731
5397
857
4743
1822
2124
906
1356
2076
7166
5566
194
1982
1440
1970
857
4273
1671
1979
1999
2777
2260
899
2737
7882
1473
4202
565
6849
963
4737
6474
3587
7620
4731
7234
7234
1954
7563
6979
4888
3792
6234
383
3191
4944
145
3162
3777
7029
3732
7821
8047
1874
2442
6983
8167
1164
783
7679
8091
2107
6025
7362
1346
5675
145
102
4731
4944
217
5971
6038
481
1790
725
1048
5176
5394
1346
7299
5403
2351
1661
7061
4887
4590
4542
4478
1775
3389
3697
7154
7405
1659
7530
1189
1705
7985
3155
8043
1865
7177
4018
7297
3524
1822
4310
2006
5862
7299
3532
5053
84
214
7739
7078
4731
5913
5938
807
7679
744
3263
4340
1680
2777
5928
2513
1434
715
4295
2252
2219
5276
4866
6405
5811
5545
7819
1989
4070
310
735
1289
3676
689
4365
1994
3510
5536
1999
2200
4578
1836
3854
6510
5077
6737
2066
3392
857
2894
3162
3854
5545
7154
5913
6990
7441
5344
7059
3263
5118
6013
7466
4292
5128
7056
3721
2464
5364
2474
8151
725
389
4251
7563
3443
411
2648
4341
3812
5627
2956
7785
1473
747
5398
7303
4806
7717
2308
4815
1671
5675
5397
5176
1479
7256
5419
199
7162
5862
5725
1413
5731
5019
6327
4319
7570
4735
559
6128
7727
7078
7953
102
6121
675
7953
102
7620
7174
6824
4590
6311
3587
994
3257
1094
7256
4851
4174
7980
3444
3790
4207
1534
5112
2118
6737
536
7902
6059
349
5871
4209
5675
3760
3587
4731
4542
5394
4173
7098
6824
5761
815
7953
574
4209
6076
3224
4294
712
421
478
4273
6000
4255
5412
3461
7304
1948
5672
2186
1299
5767
1479
1413
5761
4542
2956
6013
2487
6800
5403
6720
3257
5830
743
5761
3055
4124
4851
7436
4209
1534
5403
7442
2194
7827
4651
5118
5363
8160
5048
1331
8125
6983
5780
5762
2766
3899
7303
2110
2607
36
7189
5762
4925
5675
7078
3047
7078
5761
2429
2212
1010
3212
3188
6760
6110
1308
2648
1835
7063
4568
2411
1452
7631
7034
6035
1544
3055
1253
1428
1815
3664
4245
6025
3302
4583
2979
2544
5128
248
7785
6020
624
2676
4242
825
7405
3209
5343
7679
5168
4594
531
4341
424
1562
7442
2766
1017
4737
1485
7601
4095
5112
1852
3470
1846
5053
6190
5694
5411
5374
5739
1929
6948
1209
2303
3571
1164
418
6548
2271
6471
6217
6954
411
5292
1171
60
7466
4425
2190
3517
5403
5279
4255
7093
6553
4618
7882
7806
5544
901
3793
6847
423
4207
5364
2607
2936
4887
1852
211
2459
5674
7134
6303
3477
7901
5172
1998
5922
4911
6649
4341
3004
1620
3661
3186
6002
7089
2948
559
5220
7005
3814
4984
1836
7976
5975
3626
6592
2105
4400
4475
727
5701
825
899
480
211
7872
6227
3004
1852
1907
5220
631
3541
3561
7393
4018
2076
1534
5412
6438
2868
1688
5412
4202
2603
4081
7601
4475
5024
6198
