0
0
0
10
10
0
0
2
12
1
0
0
0
1
0
0
0
0
0
0
0
10
0
1
0
0
2
2
0
0
0
0
0
0
0
0
0
0
1
0
0
0
0
0
0
0
0
0
0
0
0
0
0
0
0
1
0
0
0
0
0
0
0
0
4
0
0
0
0
0
0
0
0
0
0
0
2
1
0
0
1
0
0
1
0
0
0
0
0
0
0
2
0
0
0
1
7
0
0
0
0
0
0
0
28
2
0
6
5
6
0
0
0
0
0
1
2
0
0
1
1
0
5
1
0
1
0
3
1
0
0
1
0
2
2
0
0
2
1
0
0
5
0
0
0
0
0
0
2
1
1
2
0
0
0
0
0
1
0
3
2
0
2
0
0
1
0
0
0
0
0
0
1
0
1
0
0
4
1
0
1
0
0
0
0
0
0
0
0
4
0
7
0
0
0
0
0
0
0
1
0
0
0
0
13
8
7
7
6
4
27
3
2
3
1
1
2
32
0
0
0
11
0
0
2
1
1
1
0
1
0
1
1
0
0
0
0
0
0
0
0
0
0
0
0
0
0
0
0
0
0
0
0
10
0
0
650
42
1267
5723
6466
493
6388
7422
4332
7747
2110
3841
6893
6142
4411
6893
2287
6039
6834
1211
1651
5154
3658
7956
4233
3585
2219
4419
6616
1515
6677
1524
902
661
1375
6991
6991
2477
1068
7168
4721
3134
775
7499
8010
4770
1903
6854
4629
7322
3514
3676
38
2107
7129
6411
2764
2560
2119
5689
7915
5363
3997
7776
2531
2702
5294
6893
2141
293
6413
7284
2671
7063
2907
4998
2881
2278
2278
6479
4087
3552
7757
2816
99
901
1848
2095
5079
5173
5364
6332
6135
5292
7408
1244
4033
5828
5407
5657
6043
3846
4586
1840
4880
3572
2922
5013
6553
3136
5309
8040
6611
2915
7129
5757
1832
2514
2590
4968
4274
7389
5275
4312
591
3433
5671
1524
3083
2162
4959
647
7238
7238
7238
647
7772
2100
7570
3851
3584
283
5874
7633
7208
6564
5505
4041
3800
6278
1065
7088
3326
8011
3667
2108
2656
4161
6534
885
2462
7035
4671
7322
3425
1665
3310
5895
3310
1829
3150
5537
617
5661
6594
953
546
1840
3633
1547
4801
5814
1092
3652
2509
745
2010
4986
1479
1334
6411
5650
515
1203
2180
7925
1455
4299
2433
5357
7372
2141
1829
6773
3148
7966
7869
771
1016
5014
3013
677
4302
5281
443
752
3878
4633
95
1661
3050
643
138
825
8078
2436
282
5548
622
5763
7603
6992
5310
43
3211
8101
3315
5915
1135
7611
3814
6489
625
3841
1959
286
594
4339
4486
5023
1094
3839
1944
729
7013
3469
783
6141
7215
1605
70
6033
6559
3143
2289
6518
6444
4411
6278
2798
730
1299
3841
5764
3294
4736
2849
7184
22
6144
7138
34
8009
7049
4575
1944
6889
5066
3851
4312
776
5331
6394
7601
7466
128
6839
7125
4209
493
4801
1342
6962
6451
4736
4749
6311
938
2216
5015
7064
1768
5736
7753
538
7013
744
4740
3572
1576
4892
7445
2009
4772
5828
6841
7960
1998
3932
2226
3683
5862
6388
4885
3156
1025
6311
4743
4815
3026
677
3472
472
2285
825
121
4735
3909
2345
2684
5024
914
4270
481
2678
38
4402
322
7979
1074
6331
2575
625
6474
6114
4885
2595
7620
7303
1919
4439
7081
1196
1426
5664
7294
3068
4175
5339
5682
1270
635
6203
390
960
7451
4089
1468
8017
2964
3967
2216
3683
3294
4749
1196
3209
7811
493
1440
906
3444
7020
2033
1815
4939
2080
8143
4020
3230
1944
4274
7781
5997
4319
5507
30
6954
8143
3504
2377
3000
1781
7750
3211
2033
4439
4135
6073
5238
2154
1327
7965
3421
2154
4590
3879
7820
5336
401
7562
2445
5336
4093
6395
5173
6552
4150
951
226
764
7984
4857
3287
7601
667
4247
3831
2618
6630
6575
3946
2587
6292
5302
5962
3314
5065
1640
301
3517
6149
3532
4744
7132
8119
578
1224
8143
169
2123
1872
4892
7122
6235
4264
3959
1846
1310
198
1869
2154
6575
4645
2395
3329
5072
3070
1340
7518
4482
4273
6740
4005
2693
1372
7499
4719
8133
578
332
6824
3245
2081
6216
5472
2731
6973
3173
5873
5704
3768
2319
281
6979
2840
5365
346
37
6785
967
2902
4840
6990
4944
807
2544
2765
1810
2249
587
6903
66
2361
7426
6307
6141
674
20
7952
918
2107
4153
705
6927
3394
5289
5145
7371
3673
2878
6630
5931
2179
1366
1327
6990
994
5938
1346
2766
5131
10
5196
5694
2720
3969
5166
4099
1482
4394
242
1618
370
413
6987
5962
7567
6301
3620
1064
2431
2521
6251
5845
2594
4135
7831
7831
4736
6839
1850
4081
6560
6511
4436
7537
3736
3862
568
5559
5828
4799
7653
1216
5199
6339
5233
4135
4879
2154
5924
1142
4249
3209
3780
493
2154
6388
6529
413
3170
4358
1850
3143
1998
5870
4272
1189
784
138
4689
8102
6870
2936
2332
7603
4469
380
2594
4469
1869
3831
519
7349
7831
6388
7234
6030
5123
2618
6693
4768
6539
3491
5719
463
7107
3151
2536
637
5695
7229
7616
7481
4772
6794
3361
2471
2216
2594
3026
380
5072
5072
4218
2594
1366
5199
6331
1440
5158
7441
3841
6444
4889
7856
1625
2985
1832
113
5362
3646
7570
4270
1499
321
4279
2297
2555
4931
2594
2849
380
2033
2451
627
6840
3946
2618
5199
6388
3834
3590
3546
3264
1422
6025
2093
7284
1310
7991
282
1396
5248
297
2861
7848
1455
5562
275
4181
6839
5420
4768
5072
3342
5199
5841
3198
4811
6388
2033
5199
5853
738
3005
4282
299
1933
7637
5526
3689
6694
7867
6645
5149
7860
2640
6866
4968
3361
1645
5438
5942
4738
281
2594
1263
3031
1332
1760
6529
4768
3683
6859
4940
944
901
3099
138
6968
1184
3503
802
6186
5867
3153
1395
2372
3811
2590
7473
6849
5438
8087
2037
2141
1264
3951
1383
794
3968
4736
6388
4188
3294
6539
2838
3203
2566
3648
591
907
5594
6590
4692
2345
2544
3153
1965
3224
671
166
6033
1902
4127
5895
3852
3064
578
408
7824
5745
5684
2162
1172
5072
6388
4699
4302
3133
6149
5333
3192
1035
1794
7223
853
6752
1003
4361
3470
7592
3416
6274
375
1135
7792
3315
1135
2528
5327
7326
6002
1191
1426
2162
3099
1138
2477
5723
5287
637
710
5333
3743
8135
3098
3483
6760
457
1415
2379
2252
1660
1155
4272
6278
2609
2344
141
4714
5630
2443
4472
4150
1223
5044
3424
2079
6853
2521
3491
2079
2517
4208
4953
7929
4472
7405
1774
82
6648
6023
7860
1217
4413
4472
4020
3321
350
7485
6361
5748
7028
3993
421
7596
7049
282
2065
1455
4627
1318
6794
3437
4041
1605
883
3284
5501
2922
5476
138
4192
3470
4849
1970
2922
7230
3886
3148
2856
3347
4236
4340
5024
5288
4600
6089
2560
7108
4626
7637
198
2337
5287
5083
3738
3151
4941
5507
6227
7575
979
6796
49
5767
3348
1989
3695
1024
3542
6258
6845
5255
1309
4350
6967
7745
5338
6552
7230
390
7308
4127
6841
909
141
3511
2440
4305
303
6371
5477
3594
5322
4089
4914
6759
1585
3298
2999
