0
0
0
9
10
0
0
2
10
1
0
2
2
0
0
0
0
3
0
0
0
10
0
1
0
0
2
3
0
0
0
0
0
0
0
0
0
0
0
0
0
0
0
0
0
0
0
0
0
0
0
0
0
0
0
3
1
0
0
0
0
0
0
0
1
0
0
0
0
0
0
0
0
0
0
0
0
0
0
1
1
0
0
0
0
0
0
0
0
0
0
0
0
0
0
0
9
0
0
0
0
0
0
0
24
0
0
5
5
9
0
0
0
0
0
1
2
0
1
1
3
1
4
0
0
2
1
0
0
0
0
0
1
1
2
0
1
2
0
0
0
1
0
0
0
0
0
0
2
1
0
1
0
0
0
0
0
0
0
1
1
1
1
0
0
1
0
0
0
0
0
0
2
0
0
0
0
1
1
0
0
0
0
0
0
0
0
0
0
4
0
6
0
0
0
0
1
0
0
0
0
0
0
0
12
7
7
3
3
2
29
0
0
1
2
3
2
27
1
0
0
11
0
0
1
0
0
0
0
1
0
2
0
0
0
0
0
0
0
0
1
0
0
0
0
0
0
0
0
0
0
0
0
10
0
0
7389
3642
5868
4903
3443
731
992
7982
731
2002
5997
2049
26
4467
4771
3191
348
6796
5430
5220
1620
6417
6386
4007
2354
1595
472
783
1917
825
1620
1650
8151
5332
4700
4958
5385
3120
7371
4881
5403
1043
5945
6680
951
7233
3765
851
5363
450
5514
4491
6082
5412
6303
6973
4492
2410
4255
432
4609
3253
3173
1620
6372
3244
6409
2208
4242
2791
109
5322
1830
7827
421
6060
797
5748
2421
2973
595
1029
6082
5364
3541
167
5997
4194
7587
3847
4472
2934
5112
5778
7177
2285
3475
7723
7723
2858
2907
1789
5748
1629
2558
783
4291
267
3990
416
5113
2533
4882
2304
1452
5322
1664
7033
2405
36
133
7587
7304
5048
7784
7980
3911
6828
7230
16
3287
5721
3747
6354
7143
3295
3829
6761
7864
7291
4006
2977
5346
5747
2224
7653
3828
3709
2204
3077
1748
1595
3475
4835
4628
5112
6588
866
1576
4609
5536
6824
5920
2870
7880
1680
4291
8138
5533
3270
3150
5333
2923
5122
2222
248
6340
6805
5493
7030
1342
1748
8030
6761
1620
1748
649
1823
3541
5913
5288
1576
5168
943
1105
6141
7004
5412
6761
5701
403
6570
264
3517
4209
1433
3514
1430
2826
1422
4936
2685
2023
1620
6761
4950
7150
5430
4291
4202
5045
7941
5746
2271
2464
2358
4080
7023
2969
2788
3039
5698
55
7944
5953
7861
7519
3833
4914
5118
2120
2711
1225
7183
6510
4707
4448
3358
689
5953
1576
5997
3010
1739
7679
7823
432
7980
2057
1232
6578
7945
3267
2813
1955
2787
1232
1089
1418
1342
3953
7820
2943
5372
677
8166
2640
6761
3541
948
2384
1018
4550
775
5241
4710
5430
4707
4099
7755
4013
7330
3373
5412
5112
5185
2591
5433
2118
1000
1418
2123
2142
193
2365
3442
1760
5007
6219
1488
1029
4858
8112
4328
3972
1141
1848
2303
4609
1852
7210
2527
7908
3651
7933
6517
1944
4009
7633
7491
288
81
134
1434
4593
7739
4694
5951
6594
5367
7843
5541
6371
5682
1798
4275
7208
7590
2865
4444
2788
6393
6273
6679
2283
681
4441
1792
5667
8172
2065
3387
5228
7799
4469
3460
4749
5397
8004
1336
1362
1076
4783
3266
1956
7626
6977
1964
7797
252
776
4549
4838
83
2374
3968
6210
7923
4700
7752
2422
2748
6602
5086
1862
3318
6941
102
2740
1207
824
4998
280
7788
6527
4448
7012
6074
1791
5862
2451
4040
7837
1109
2656
5288
1497
7188
6307
2105
4011
3499
8125
2101
7897
4317
3441
7136
6861
4542
2030
7250
1352
1046
6060
5202
7582
2405
4578
248
4330
6693
493
6331
2881
1530
4202
1944
3809
2679
531
8048
832
1580
6516
2903
5943
923
6554
4848
4850
6999
5018
7416
3389
6983
7484
6303
744
825
3968
7894
5759
5761
1970
5468
5147
7063
3480
5077
5596
5608
1319
615
1350
778
7457
2613
6035
6605
193
1150
7574
5926
5363
4735
5701
2051
7418
1550
4735
6000
7639
845
3892
5556
5219
1342
4208
4024
7394
7753
4382
3389
4594
5412
6761
432
7711
6839
7079
1500
2248
1430
1365
537
5619
1863
3790
3686
5048
4950
832
2601
6509
1488
5193
5715
6294
7733
2571
6940
7344
6588
6680
5343
2242
4364
7454
7028
1769
1956
4856
7303
5118
4887
8066
4800
4594
1863
5183
6301
6828
4152
1319
2411
811
5351
5350
4429
7995
3504
5288
744
896
7901
6289
163
537
6516
640
6589
2418
182
1025
5397
6139
4887
4154
7180
2303
4950
7479
6255
4092
1774
6902
7811
735
5702
6296
1590
5650
450
4478
3575
6677
5520
704
4328
1501
64
2716
7620
5675
201
1494
4662
5398
7055
1488
6722
3253
5579
5850
731
4326
3443
4607
5205
1522
2346
5322
5214
2271
5292
3427
6677
1824
4330
695
3646
2021
4601
4174
1810
2559
2116
5840
4912
3854
1050
732
5742
4475
6791
5945
1255
1070
3986
5185
421
1275
6135
6791
4609
7405
4702
7901
5412
1497
1944
7011
1675
4340
3068
3682
559
5266
5675
4514
4916
4542
6139
6249
4
2960
4341
6941
1038
4575
8055
5403
6645
2023
764
7424
4950
444
631
5778
6060
2892
1607
973
6844
7592
4164
1944
4108
6839
3026
6998
3560
4811
3932
8004
7730
1605
1046
747
3188
1698
6454
702
7609
3986
531
3477
6346
5214
170
411
2219
1444
5385
4233
8023
1672
2586
6128
2095
2613
1919
1259
5268
3597
218
8189
5603
1933
1584
649
1824
6761
5290
5403
1089
2777
7484
2002
896
1944
4475
3930
3077
5112
4065
4202
389
3378
1698
5603
537
6171
5757
5403
5661
7431
4541
7849
3410
5743
1550
5279
1270
450
6320
6438
4925
4594
3414
924
7901
783
5112
5118
7167
7484
2916
1164
5537
3942
3123
4058
7616
1995
6940
7070
5412
4475
1852
5113
7941
5579
5928
960
2244
5403
5687
8153
7901
1620
6233
559
783
4202
5913
1118
631
1988
2860
4507
2868
5883
2202
825
2264
2713
5928
6320
896
870
5874
7110
7304
4202
170
2459
1046
372
3541
1243
4207
7533
631
421
5579
4069
2137
896
6104
1620
4242
6320
5214
2840
214
825
2271
7773
5896
6791
6259
5618
3086
1075
1331
348
4491
2309
5020
568
5224
3888
4710
4120
1824
5579
3469
4753
896
2106
1680
3475
4578
5412
5185
450
4164
914
6411
5998
3664
366
4413
1752
3100
11
3109
4888
2868
7258
260
3541
7524
4207
3106
631
4120
5048
3186
5536
4845
2497
1046
6104
7816
5536
3561
2868
6135
5428
1349
5762
4478
631
7344
1488
3585
6409
5127
7500
5412
4255
5945
7642
7926
211
5214
5536
2513
4021
7244
1988
2661
1845
7408
7304
7798
5185
7484
5579
7583
425
2496
2754
7384
5403
2777
1049
5650
6517
6532
2657
8092
1029
7294
7187
5436
389
6135
6791
4632
6478
372
7484
6060
2405
5762
1824
2648
536
6176
1836
5292
3585
5997
1550
3197
4361
3205
411
2062
5229
4018
6945
5536
2459
4708
6548
4568
2676
3253
2516
393
5189
7716
6082
2784
450
7613
4406
1038
