0
0
0
9
10
0
0
2
9
1
0
0
1
1
0
1
0
1
0
0
0
10
0
0
0
0
1
3
0
0
0
0
0
0
0
0
0
0
0
0
0
0
0
0
0
0
0
0
0
0
0
0
0
0
0
2
0
1
0
0
0
0
0
0
1
0
0
1
0
0
0
0
0
0
0
0
0
0
0
0
1
0
0
0
0
0
0
0
0
0
0
0
0
0
0
0
11
0
0
0
0
0
0
0
23
1
0
6
8
6
0
0
0
0
0
1
1
0
1
0
2
1
7
0
0
1
0
0
1
0
0
0
3
0
2
0
0
3
0
1
0
1
0
0
0
0
0
0
3
1
0
1
0
0
0
0
0
1
0
1
1
0
2
0
0
0
0
0
0
0
0
1
0
0
0
0
0
1
0
0
0
0
0
0
0
0
0
0
0
4
0
7
0
0
1
0
0
0
0
0
0
0
0
0
10
7
6
1
3
1
24
0
0
0
2
0
1
28
0
0
1
10
0
0
1
1
0
0
0
1
0
0
0
0
0
0
0
0
0
0
0
0
0
0
0
0
0
0
0
0
0
0
0
10
0
0
1057
5882
6623
5227
3773
633
2765
7244
6820
6053
591
5037
3347
5726
1469
1403
619
8080
2419
4796
4569
7871
5322
4796
6000
2558
390
2684
5411
2764
6677
2686
6827
1220
1093
2462
5095
689
2693
7911
5839
921
6371
3265
5205
3804
3363
1183
617
5975
3457
7722
3600
96
7258
5364
2916
4565
2516
4812
1413
1129
390
1852
1740
1245
1874
4719
7207
4741
4497
5339
1173
1124
3572
2576
963
959
1469
1183
4589
4581
1450
3358
3682
3959
7545
4007
2130
3484
3538
5875
6975
3732
4809
1443
2219
2741
487
3532
1653
6533
403
7426
1084
7230
2916
4147
2487
3589
3066
488
4325
1653
7227
7887
2684
764
8143
6973
4994
2065
3953
356
309
2161
5313
2121
3196
2166
4024
7138
2280
1087
6035
1485
5402
2015
4478
2123
7691
3589
1296
810
3910
90
4361
7679
5364
1776
1576
5917
3493
1653
958
5419
2272
4039
4309
1288
6437
7491
10
6804
5543
4312
3196
7024
3716
7845
5024
2531
5636
4353
3730
810
3910
1055
4329
4329
4340
7190
6841
738
2167
2013
2853
5040
1115
2058
852
3282
163
6000
2914
6919
6903
1965
7028
7755
2727
1954
2136
5255
423
639
968
2978
2570
3320
1478
369
591
359
5523
6078
7138
650
1303
3193
7854
7574
1473
1235
248
1105
966
5122
7566
6724
3480
3433
6667
90
7545
6002
5343
2402
2939
4509
7874
1478
4350
2410
4950
4328
5196
5413
4037
1409
275
2945
8187
8162
4542
5888
5427
1488
35
2467
3264
6569
6321
6002
2500
6562
4007
7621
3348
3067
3730
3551
3066
2525
541
4361
568
1848
2905
7811
746
2401
7055
3367
3515
1095
6152
1290
3851
4955
263
568
6820
1661
2219
2465
5843
5237
3689
4941
3912
7130
2654
514
3594
7333
1124
2130
568
355
1670
7811
4911
5577
5745
2780
5376
4413
6152
7938
6009
7089
7207
1105
1244
4729
1020
6868
143
336
1260
6063
2605
1299
2239
7952
3621
514
3660
7570
2405
7901
1810
3715
1585
3828
3506
2429
3722
7885
6303
5535
1090
4590
3950
4319
6482
472
1522
1954
7674
3061
2013
2932
3119
7176
7568
6564
267
639
1224
5529
5594
5537
3981
906
7811
5303
3793
2429
6955
6517
2379
4777
2672
643
7941
1285
4009
5102
5886
1565
7091
5177
7463
5339
2167
2379
3047
5582
6623
2230
5193
1822
4722
4198
7685
4031
5500
6923
7234
6265
6069
6720
3674
6799
6651
1464
4442
5687
7463
7995
7670
5079
3563
7489
6021
1940
197
5867
7493
7056
4807
5096
7434
4032
3273
784
710
7499
5732
1254
5739
5601
1185
6121
3993
1776
7013
3017
5744
2136
2553
2533
643
7031
7101
7462
426
3055
7543
4526
4643
3834
6533
205
3593
4409
3302
7275
1220
7398
5265
834
1494
4359
4542
80
5456
5324
6553
1163
3954
7443
920
2987
5594
740
7336
7611
7172
1661
6253
3257
1760
5913
2407
6413
4436
8069
7216
6889
6249
3229
512
678
1929
2219
3350
643
5452
5477
3899
7637
2239
5827
4941
3361
7012
783
3682
6476
60
3834
3834
5762
4944
3980
7107
5368
7176
5374
4543
2280
1929
1289
6453
5766
508
740
835
5242
4722
6355
1481
6600
3119
2123
8069
2230
3387
4549
1062
4862
7362
2544
4526
1671
194
3604
4154
2915
501
5762
4800
484
5350
1878
7537
1416
3631
1155
7319
7666
4007
6508
6425
1081
1940
2915
6983
2379
6740
6253
5298
6434
1537
2544
1585
4944
747
4929
7034
1459
7234
7234
747
7234
1479
4154
7686
6021
2461
369
2426
3777
2022
1024
5595
4128
4461
2196
5543
1479
3834
3257
4273
5938
6564
1247
2006
2956
1658
8134
4887
4273
574
1835
1699
2766
2190
1289
1890
4311
7877
7609
460
46
7188
4600
4609
6906
4437
1085
3560
7518
4571
5938
5761
4925
2979
4204
857
5206
7075
457
994
574
1185
998
6065
1850
6131
7692
7077
7574
3443
5176
5982
4340
7788
6041
5833
1988
1100
6063
2101
7733
4391
7493
3318
7885
1185
7725
4749
5397
6403
1671
4925
2252
5898
6081
3180
4310
5739
2597
3119
184
7070
5896
1836
8048
5886
1944
7389
1671
3541
2663
6453
3663
1006
5170
7710
6982
7493
201
6331
201
3318
201
217
687
6800
10
2384
703
508
7106
6340
4442
5627
1620
1600
2229
5886
4568
472
39
5629
7995
1595
2760
735
3028
4953
6719
375
1956
7785
2178
3011
1613
456
5627
1699
248
650
3324
1247
7439
3783
4399
916
3057
7121
5092
4375
4609
8083
2932
5993
3326
7823
960
1414
2916
8014
2313
341
4249
7441
7793
2095
7086
7577
6139
1671
3834
7172
7410
8084
3413
1672
3068
2130
6708
3571
7056
5576
4568
4502
410
8151
1680
5403
6321
5378
2581
760
5206
1185
3980
6780
6675
7129
4955
5584
994
5862
1972
2881
267
1555
1539
5561
4150
5537
5537
3849
1520
4608
1620
6385
5756
951
1689
5548
5105
6025
2613
4590
1982
5097
7473
299
2375
6948
3686
994
5394
5804
1318
2875
5859
7733
1949
7784
2130
5292
5385
3348
4505
615
5220
5173
2309
3483
5325
3757
2382
7088
7252
1085
2158
7616
299
8112
6198
5761
3026
2006
2313
2401
4940
7983
4184
3997
1488
6227
4716
5385
6215
1157
5092
1733
3541
36
1513
7806
2679
684
6116
462
1481
1481
1623
5546
1009
947
7518
1671
1413
134
3202
5047
282
5550
566
740
5997
4478
744
4020
4150
1443
722
1046
3541
7617
4192
5636
6438
5896
2916
7823
959
7497
5514
5079
729
280
2230
5402
2915
6453
1016
1135
4838
1942
4644
5185
372
4651
531
5715
1309
7453
921
1534
7882
744
254
2015
1989
7827
1319
2308
1217
3115
6667
6259
1834
3413
7276
6340
4
3663
2517
3748
727
4448
3959
8021
4017
4892
5385
1857
6440
4600
7570
5731
1319
960
4920
1595
3600
4007
1029
7910
2252
5560
5276
1776
6818
1863
5701
4333
3998
4605
3542
1046
6824
783
5531
7384
2002
1155
6215
3416
200
702
2684
7679
255
