0
0
0
9
10
0
0
2
10
1
0
0
0
0
0
0
0
0
0
0
0
10
0
0
0
0
2
2
0
0
0
0
0
0
0
1
0
0
2
0
0
0
0
0
0
0
0
0
0
0
0
0
0
0
0
2
0
0
0
0
0
0
0
0
3
0
0
0
0
0
1
0
0
0
0
0
1
0
0
1
0
0
0
0
0
0
0
0
0
0
0
0
0
0
0
0
5
0
0
0
0
0
0
0
28
1
0
9
7
7
0
0
0
0
0
1
2
0
0
0
1
0
6
0
0
0
0
1
1
1
0
1
0
0
2
0
0
2
1
0
0
0
0
0
0
0
0
0
2
0
0
0
0
0
1
0
1
1
0
0
1
1
3
0
0
0
0
0
0
0
0
1
1
0
1
0
0
0
0
0
0
0
0
0
0
0
0
0
1
3
0
6
0
0
0
1
0
0
0
1
0
0
0
0
13
4
6
2
2
0
28
3
2
3
3
2
0
30
2
0
1
11
0
0
0
0
0
0
0
1
0
1
0
0
0
0
0
0
0
0
0
0
0
0
0
0
0
0
0
0
0
0
0
10
0
0
2408
617
4335
5338
1941
4852
6002
3861
3806
5470
1464
6833
1082
177
6475
1478
1839
1559
2843
1941
3823
5451
6396
200
3821
1794
4112
5107
4545
8080
8016
137
2031
3487
6005
4103
6458
1124
6833
2192
5476
2374
2214
3457
2829
5192
1838
4350
4224
5236
7235
6385
5045
4975
5267
7122
1407
1838
2832
3095
4335
1362
6012
7395
6571
407
7002
6202
2146
5914
6396
4842
2832
7002
777
6273
5468
7211
2378
876
6681
4103
4856
1676
5312
7293
83
588
6202
617
26
1154
7777
1941
4694
3751
6074
4597
2167
1235
7507
520
836
4410
1653
7738
1587
4593
5810
6749
7777
2610
280
2447
7293
7473
6425
5362
5883
7670
4236
331
7350
7798
4106
4335
469
4926
7914
836
1548
7773
1732
5628
6200
665
6932
2347
7122
4085
5067
4853
393
3588
7380
5424
4704
134
5630
7473
667
2328
4350
4264
3751
4771
7645
7591
3588
4785
651
3751
5376
23
3478
4049
3478
4615
4109
4852
3720
280
5338
3144
5839
5198
2378
1211
4913
2555
3349
6622
57
3857
5319
2318
915
4241
6202
3901
7235
4224
5319
4926
157
1124
6295
1864
1600
1242
4103
5915
1090
6549
7854
6222
5027
1235
2696
1455
4913
2729
5509
7402
1903
57
3647
2999
2214
7921
2830
5608
4784
4224
7699
619
2560
2541
4474
6441
2031
6009
186
3420
1524
7369
5914
2832
1839
6005
3453
2382
6682
5637
7081
1267
4773
6910
876
7670
4236
5248
2318
5107
3851
2034
1333
26
2192
6447
7391
4103
2999
651
7211
4630
2499
4329
4103
393
7956
4842
3588
1149
3118
1869
5602
6539
5076
1214
6201
1248
8011
5914
932
2378
4493
3420
3894
5226
6306
4812
117
2425
1610
4876
6958
703
7392
2468
4530
4106
1248
6074
6822
1149
1196
2292
3108
5199
1505
6424
5824
1839
2408
1361
3144
3453
5107
4016
3969
6291
5752
7265
1314
1684
7957
3693
7927
3395
3088
6729
4930
3395
7836
157
1090
7066
7819
679
2849
6331
3256
6424
7380
5247
6122
7025
1820
876
2192
2402
5749
3933
3267
2371
7656
1136
7235
2936
3040
433
43
1646
7754
6136
1766
408
88
2018
7996
380
3026
1316
4394
1332
2034
2843
7199
124
4346
1343
3266
2441
3056
4771
5055
23
1797
2999
6545
804
2289
7081
2849
413
3683
6466
5529
7701
929
5341
7819
1454
2575
4045
4681
7777
3237
4224
7380
2573
2797
7392
2769
699
1864
8016
5107
2031
2684
5507
1455
4252
7856
1263
711
5072
2849
7302
7054
3444
670
2281
3300
4659
2292
3539
6873
8143
4880
2143
1764
5974
5589
5315
6605
7952
6770
5099
3435
2286
2425
533
6155
5656
1618
5992
1553
5646
6539
6466
6883
1994
3683
2618
2186
3294
5633
3090
7218
5424
3436
6729
1317
7755
4840
2196
5757
2893
2686
340
472
3851
1403
2374
2213
6206
3015
5253
713
816
2936
7248
268
3008
5461
3380
1435
6339
221
242
7565
6878
494
5761
7234
7303
4249
2155
4626
98
5107
1464
7162
5010
2610
3682
3030
4983
6501
5628
4622
212
1892
7046
2291
5036
769
2041
8038
3239
3709
5509
2611
4429
1048
1185
1682
3049
1990
57
4923
8086
6202
7188
1926
4007
1997
6571
6031
3402
1576
1224
1291
2192
435
1065
3648
4815
1045
6638
5114
2956
2956
1994
5924
7853
4682
1274
6403
707
4626
3757
4812
651
6117
4689
6475
3184
2708
8075
7781
3647
3687
992
6306
3190
8115
3239
6388
5233
4481
4885
5952
5473
6693
3855
3683
938
1667
4097
71
1575
7429
3402
5319
7002
4535
3571
5497
4907
384
4109
2146
1090
249
139
4812
2045
700
4075
6883
4518
6466
5429
4917
5420
3683
2694
2033
3342
5199
3801
8053
4943
3201
7012
7094
3751
4670
1539
7718
706
1448
7380
83
1941
4546
4813
7360
2718
530
3831
7295
3855
7831
6524
6495
4983
1421
609
268
3683
3831
6859
4076
7856
6607
1297
657
4049
3260
2896
4522
4712
5282
6146
6618
4190
657
6385
6837
5216
1068
3801
413
3683
6910
4113
8086
4383
3776
798
274
7578
2246
2849
3801
3822
2659
5480
3631
7956
6245
592
2896
4146
3123
45
4146
7795
2933
4546
5253
3737
5036
677
5072
2128
4930
7749
121
4841
7229
4289
2456
2241
8182
2971
1779
2659
3787
3931
6868
1893
2896
7986
6245
2851
7986
4139
6954
45
3240
7205
6050
1216
4075
7081
7008
5253
670
3402
6117
2686
212
393
8143
2175
3527
3514
265
2350
3030
942
5664
635
7986
1948
5214
3454
5324
525
6796
7419
4238
283
6260
5646
7133
530
312
1499
2184
2441
6202
2957
2146
7645
2283
6554
4948
6863
3933
836
2945
6453
7156
7598
437
5619
437
3572
5279
3004
421
4341
6818
5173
5270
1421
4176
5776
6607
704
6074
4779
6473
7764
4162
2371
7017
4786
746
7234
7059
2741
6689
1738
672
4067
1672
1787
7484
3656
3188
250
3225
3098
7901
4718
2571
6079
2883
1855
7484
601
5850
227
1938
6871
7274
6403
6990
4310
4295
227
715
6020
8187
5370
4289
1156
2631
7901
3542
979
3004
536
5507
3901
7190
6227
1550
4106
4718
764
825
914
1224
6060
6481
3071
6186
5581
7852
366
4526
2379
4516
4095
7319
6583
7909
4739
7914
4793
4009
5687
1595
5756
3947
215
2182
2650
3148
8143
5997
7806
2136
772
2856
2361
3067
7467
7092
4867
4146
4873
1583
1256
1094
2015
2429
7785
5688
469
3420
2801
710
3188
4914
7524
3934
7871
5687
5756
536
7545
1926
1769
6973
916
2285
5314
7866
5288
1746
2511
4175
6481
4867
3656
6355
4742
1353
2628
5278
7909
6820
3435
4539
4319
2896
2896
4914
5172
7491
4641
7235
3022
3449
3022
2764
4038
121
7431
2764
7236
6799
1224
114
4921
1941
7160
7986
4670
914
3773
5439
6442
7235
8080
6406
5456
2896
592
592
2896
7092
4874
390
1464
2405
2686
4568
1160
7716
3647
5314
4478
7545
1155
2856
916
114
7391
1156
2941
7092
3260
4914
3851
