0
0
0
10
9
0
0
1
10
2
0
1
0
0
0
0
0
0
0
0
0
9
0
0
0
0
0
2
0
0
1
1
0
0
0
1
0
0
1
0
0
0
0
0
0
0
0
0
0
0
0
0
0
1
0
2
1
0
0
0
0
0
0
0
1
0
0
0
0
1
0
1
0
1
0
0
0
0
0
0
0
0
0
0
1
0
0
0
0
0
0
1
0
0
0
0
7
0
0
0
0
0
0
0
23
0
0
9
7
3
0
0
0
0
0
0
0
0
0
0
1
1
3
1
0
2
0
1
3
0
0
1
4
2
1
0
0
2
2
1
0
2
0
0
0
0
0
0
3
2
0
3
0
0
0
2
1
1
0
0
0
0
3
1
0
2
0
0
0
0
0
1
2
0
0
0
0
1
0
0
1
0
0
0
0
0
0
0
0
3
1
8
0
0
0
0
0
0
0
0
0
0
0
0
11
7
8
10
6
2
25
2
0
5
4
3
2
31
1
1
1
11
0
2
0
1
0
0
0
1
0
1
0
0
0
0
0
0
0
0
0
0
0
0
0
0
0
0
0
0
0
0
0
10
0
0
6196
5594
1106
3595
7564
3493
5697
381
6757
2722
6107
4606
3044
4398
732
1559
2041
6356
1653
1856
434
7613
6517
6972
2415
1733
5514
4361
6321
8034
4443
229
7412
7065
1813
8162
1376
673
923
546
5370
1666
4169
4570
566
1100
3543
1288
7393
4022
2826
8159
1164
6303
5748
5514
5558
3732
1551
3602
5743
4017
7011
5248
813
646
2594
7640
3176
2493
4076
3559
6618
6966
371
7743
4418
4551
3388
3530
3290
1744
802
2813
1823
5682
1319
7079
26
1217
2464
3541
1924
1105
5707
6389
3601
6956
5922
2522
501
4357
679
4600
2910
5323
610
2158
6116
5075
7274
5713
5724
3052
3629
2501
7
5840
2791
1819
7038
2922
859
1725
5766
1130
4017
297
716
1136
1028
4350
5352
7216
6411
5875
5876
610
7667
3593
4539
7585
5122
7839
2354
338
2129
4824
4791
167
5057
1164
565
7011
3120
6232
1685
460
297
1706
8080
4729
2426
4525
137
8133
753
7358
762
6494
6849
5583
4149
7239
7945
4230
920
4814
678
6150
5744
255
574
1658
4689
2894
5382
3858
4595
7524
3721
3196
1441
4660
3879
3563
6669
4082
7851
6982
4437
3763
4356
2389
2792
6689
1213
1855
1530
2637
956
1390
5222
3888
6509
2248
2049
5514
2290
6768
3778
4491
7011
8023
3193
3836
993
2998
5597
7772
1652
5094
1909
2110
8067
127
7315
7259
7738
4345
826
7446
5003
6723
5052
1924
6393
6937
6914
7258
139
3249
4400
2244
2027
3911
1197
4960
5170
3990
3472
6159
4665
3327
7203
3460
1578
4918
6246
5799
7722
327
3646
7478
7315
5003
6757
7793
3792
3947
7464
5998
1281
5746
3077
1029
4491
2907
2406
313
4032
7466
4005
4005
3280
2235
814
6434
2259
689
1485
528
1778
8013
4221
5251
4410
125
5481
7793
7864
2513
4643
1979
1238
12
5571
377
516
4069
4202
186
4848
6930
3545
2110
4590
4590
3536
3652
2126
4451
1972
2752
1118
4858
1390
762
996
7723
6871
5799
6300
3759
7507
7593
6140
7381
716
7900
537
7206
1595
5715
3415
3371
1191
1390
5673
5761
4273
1651
6904
7831
4590
3215
4340
5997
6300
3472
5131
1094
4516
1814
5505
7257
3225
3268
5565
3638
6398
762
610
4138
377
4982
953
2757
1226
7725
3590
7681
5672
5597
5812
1982
6030
2581
6454
288
7488
5917
6612
3834
5923
1430
710
956
920
1604
5659
4529
3535
1537
6757
1121
362
2874
4006
8053
4249
1473
5961
4781
5234
41
7637
7303
6298
4580
1534
3504
2629
5052
1479
457
6035
4273
7132
7146
3563
6237
2635
3224
2196
51
4946
7274
3738
6086
638
5657
6090
7095
2486
4308
7111
7446
6394
7623
2124
5382
4792
4297
7223
111
4724
4273
6474
3257
5867
546
394
1989
7518
6612
3802
6159
4208
8046
2331
3295
8099
7206
2505
2201
3179
3197
3146
4918
6802
2782
6676
3327
1758
6676
5170
4069
7358
7994
747
994
3007
7667
2894
7885
7303
3810
6083
218
4169
6320
7408
1160
2354
5284
7483
3726
626
8095
1560
2887
5659
762
4868
4868
6676
6159
6313
633
5688
1537
586
6720
5762
7993
1937
2734
2168
1911
3979
4624
5945
2464
951
2679
4478
7437
3457
7143
976
6937
4245
879
813
196
41
4437
4754
746
4526
7303
4526
2894
7721
6276
3763
4310
1970
1643
879
6956
6605
603
1227
1343
6012
4099
2679
332
5168
3910
1395
6582
5852
2683
6555
5745
1127
3920
3654
383
3834
457
994
4925
6950
8166
6520
4542
994
457
6110
6687
603
7308
610
8018
5363
3642
5629
2464
332
5933
5024
1914
5170
4159
3987
7375
712
6131
4005
6886
5924
5804
5649
5449
7727
6969
7548
5761
5862
7303
5938
1479
4344
6964
6814
956
407
7691
4340
4881
531
542
7887
3930
7772
781
7729
2818
4041
7952
8175
6710
646
7215
6523
6301
3167
1958
5001
7620
1327
3170
4005
6247
6977
4960
856
6757
4585
6273
156
6000
7910
4361
6361
4020
1031
7875
5597
7249
313
701
2158
734
560
1826
7747
6990
1682
2766
1332
165
7831
2110
3590
7260
8045
4715
291
6723
3588
5652
7663
5196
2512
7910
4361
34
5476
1408
7766
8112
2220
3656
4878
1238
2596
1390
3789
5862
3810
7234
1761
6394
7457
1851
7698
3423
6699
2382
1687
6425
1163
1732
5163
5236
3506
3271
2686
7437
266
5535
5604
3802
7935
8155
4139
825
1887
4868
869
5023
1401
3834
5698
6787
1390
4868
3866
5597
5597
4868
4012
3792
2832
30
5227
304
4842
2723
2512
4340
1295
6480
3237
2315
1656
7846
7063
1145
291
1766
4308
3050
519
7363
646
4202
5937
7026
2440
6699
2382
3567
7294
8000
369
5682
508
4561
7773
6356
5839
684
4291
7688
722
3002
8135
3510
5536
2946
4868
953
6494
524
1485
1626
1761
740
2629
2309
819
5816
4788
4788
1272
6345
26
2022
716
297
2419
2772
3457
3598
1046
5024
4740
5777
6320
5181
5324
1444
6723
2818
2382
7707
1005
1914
7286
6135
7596
4399
4914
1823
4702
845
83
4625
3420
4350
200
1588
1559
1820
7494
6759
1213
3642
6031
6863
2930
39
2080
3685
2908
781
291
3563
2998
3201
1083
7022
4352
531
1971
1631
7980
8103
5322
5290
8103
7933
186
2131
2022
1021
6660
5531
1588
6554
4291
6509
2597
382
5839
7592
6300
701
5597
2998
4868
1995
4735
5902
184
6737
3263
5877
480
5731
2279
2679
1103
7011
5430
3974
2418
1513
6820
5226
4533
2608
6583
3481
3020
5236
7654
5248
5236
6049
701
4868
3738
6868
254
3490
7613
3158
4525
1280
928
3589
2907
4194
4022
1441
3469
2271
5514
1590
2105
4561
7090
2597
4975
4194
4007
4290
148
4390
4580
6969
4663
6352
3212
4594
7510
1768
3577
460
6843
7396
3577
6082
7679
2015
1051
3368
7645
5497
3668
3682
1029
4291
2443
2597
4533
4852
3284
973
6396
3305
7995
7258
6346
331
1331
1488
7415
3570
6605
7941
297
2554
3830
5840
4655
6170
