0
0
0
10
9
0
0
2
10
1
0
0
0
1
0
0
0
0
0
0
0
10
0
0
0
0
4
3
0
0
0
0
0
0
0
0
0
0
0
0
0
0
0
0
0
0
0
0
0
0
0
0
0
0
0
0
0
0
1
0
0
0
0
0
2
0
0
1
0
0
0
0
0
1
0
0
0
0
1
0
0
0
0
0
0
0
0
0
0
0
0
0
0
0
0
1
9
0
0
0
0
0
0
0
27
0
0
12
10
6
0
0
0
0
0
1
5
0
1
0
1
2
4
0
0
0
0
0
0
1
0
1
2
0
1
0
0
2
0
0
0
0
0
0
0
0
0
0
2
2
0
0
0
0
1
0
0
0
0
0
1
0
0
0
0
0
1
0
0
0
0
0
2
0
0
0
0
0
0
0
0
0
0
0
0
0
0
0
1
4
0
8
0
0
0
0
0
0
0
0
0
0
0
0
13
7
8
5
4
1
25
0
1
2
2
2
1
25
0
0
1
10
0
0
0
1
0
0
0
1
0
1
0
0
0
0
0
0
0
0
0
0
0
0
0
0
0
0
0
0
0
0
0
10
0
0
5037
7453
7665
250
6344
6005
3134
4484
7437
5019
2376
2378
5227
1600
1124
1950
4975
959
7188
3288
1579
3432
5019
3212
542
7237
7086
5701
5115
2732
4747
671
2133
1281
1391
2947
3358
7294
6954
5447
4878
6176
1055
1024
7028
1021
3589
6613
6958
5248
4969
2496
5267
1613
2001
5596
4600
4594
5581
7258
4685
4580
7583
8139
1488
5181
7984
1544
182
2578
2829
5120
8167
6372
5875
3522
5082
1464
6484
2560
1622
3222
2468
7827
2941
4256
2882
7772
6049
851
7582
534
3367
2830
4004
5412
6593
155
478
3004
4703
4069
5191
538
7090
3074
1764
3041
3484
2151
6498
4765
8101
6585
647
345
3721
7956
1498
7168
7792
5610
2889
2610
2830
684
7664
117
2808
3389
4074
5343
7236
6616
7583
7230
48
2274
6840
3425
4629
7481
5311
3268
3583
3065
1371
3306
5097
6447
5894
7589
5060
5859
4804
3836
5550
1482
1926
1360
248
1834
4808
4808
7139
914
4372
2898
8005
6049
691
2681
2542
5060
4936
4860
7667
4071
3573
7535
5003
8173
6081
3799
1955
5337
7708
7792
7792
6773
2681
3851
1090
242
6080
7772
4402
667
182
4776
3606
893
6908
5293
3378
7891
7120
7979
7707
6169
3062
6567
5429
6206
4144
8101
3143
1033
4728
3583
2755
5083
7792
7788
4472
868
2153
4025
1960
7473
2067
3384
1303
5597
2818
4288
5849
203
4738
4741
5837
4045
7295
2919
3116
321
5900
1912
6682
5870
667
6086
4041
57
5223
6868
7995
4007
3680
701
2301
7660
1005
4282
7489
8054
8054
4905
7737
6106
6080
1025
1185
6339
5528
6428
2738
6096
6220
6139
6990
7203
7560
7449
3857
876
6357
3589
4472
4264
4274
2380
6428
1342
3768
6204
6622
3745
2231
5708
7276
4457
3200
78
5097
2148
4772
6834
5369
3532
6174
5938
6022
4
3738
2079
112
6563
7613
4372
3572
7153
7447
3684
4266
5673
6110
5058
7466
952
8052
3912
7181
3073
1147
5932
875
6933
1371
6755
7574
7088
2076
4275
2417
6870
3425
7168
7168
4772
3173
1588
4274
364
8102
6158
528
3555
3760
7885
5233
6275
6637
5711
7952
7566
7839
3589
787
6530
2722
4108
6118
7696
1769
1062
3729
6585
1829
953
1297
661
174
492
1720
4772
3817
2440
2789
898
6493
6649
2154
4917
4715
103
2619
2579
2726
98
5877
2740
42
1310
1721
5102
3795
1522
4077
4472
3101
8102
4549
1406
3599
4533
4999
3511
3738
3817
701
803
788
7219
4302
4501
2681
2284
1092
6609
7848
7149
4975
7059
237
4504
3252
2244
5495
1761
2037
3168
5249
980
277
6569
48
6346
1956
5204
2667
1571
2217
3052
4626
661
3738
7864
7450
6174
6086
6180
4105
5186
5406
820
6141
2916
3479
670
3829
1166
1878
48
2166
7989
4604
6103
5857
3358
121
1769
7956
1765
6889
7745
948
7792
7792
5083
7346
7329
1516
7772
6840
7249
57
3465
3416
2074
2065
701
3511
7238
3155
4093
2063
5107
3280
2354
137
5595
4165
2410
1024
1414
1816
1600
7570
3530
5186
7848
905
1961
3139
190
6086
5597
7068
2590
139
2148
3738
4681
4681
4799
4755
7888
332
6327
1139
3084
3128
8014
4242
5720
5048
4618
7861
6989
7235
3401
3742
4855
4810
4007
7570
761
6699
5017
730
2486
3114
537
4982
2307
7215
2609
2522
1497
5970
4182
6969
5110
1217
35
4348
6746
2402
4618
2467
1971
5470
3326
2421
8151
1148
7101
4056
920
1984
5757
1795
2247
7080
4006
4773
2319
4394
5164
4020
1309
4743
2783
6557
1067
7595
4022
8155
5596
2499
5909
7121
4703
729
393
7487
7007
4500
646
3315
2486
6506
1637
2927
6342
7247
5483
293
5262
7257
4274
7764
4190
1466
4285
3876
6989
6458
4533
8155
1821
3022
3572
802
3020
3835
7793
5905
1766
953
7168
6043
4127
8144
5723
5913
2720
2110
2391
1484
7562
6680
8071
7437
3184
4092
1899
7227
2672
3259
361
3123
4004
1442
3287
5915
3304
4614
6901
6855
3511
3511
6086
6086
6314
4181
7518
3029
2956
493
5218
6029
8052
5331
5331
955
1433
5829
5057
6440
2558
1163
4354
5517
6104
3378
1709
1010
7587
4630
3458
7728
7168
7589
2344
141
578
7762
5407
7041
4229
4469
677
6727
4231
4180
4681
7168
7322
3465
2114
3969
1937
5118
214
5998
4004
2860
1035
87
3712
914
4568
2130
619
715
2613
4175
7570
5237
1334
5938
711
4620
3938
2842
6910
6585
2609
1960
1960
1612
6228
1462
2494
6519
271
584
2860
7941
1163
6020
5374
5172
7049
3893
1932
4718
7169
5545
2483
3912
4279
2043
3179
4653
7637
7792
7168
4629
701
839
7660
1914
2059
7984
8006
7057
5107
731
2860
3806
3666
2728
2112
5954
2516
607
5801
7344
2219
1798
7889
2680
7322
4288
2571
4105
6973
3726
2752
4838
321
2571
6805
7722
5035
6639
3121
1160
5652
4550
3148
4812
6245
3599
525
7882
280
7304
6791
5829
8083
5724
5396
701
6834
6834
2440
3829
1706
5159
3740
4932
825
320
5530
4998
8186
7269
2684
3497
4689
6550
1595
2377
7922
2248
1834
2364
3352
1038
4256
4784
1836
3453
1514
7423
7772
7322
781
4041
5793
5495
686
1631
5743
1928
6154
4348
876
7072
820
932
331
916
6948
4256
1969
1787
5964
2628
4888
4237
2986
7962
5964
959
753
6300
1977
4799
291
6086
243
7868
3432
139
3910
4475
2152
4813
2645
4011
6436
1497
1003
3947
434
4712
7041
3012
1819
7777
6548
6639
6383
3115
3284
6415
1661
7799
3337
4500
7701
4752
8083
276
7963
6550
7882
6978
1181
1024
6411
3934
4112
2942
391
2061
6016
6587
4329
3433
2232
4239
6473
3191
949
3732
3433
4805
1784
3154
2529
6530
4680
4484
4575
5166
1345
7213
5317
1160
4820
6411
332
7336
5693
5743
1620
592
3347
639
4312
3684
7882
6266
852
3851
635
486
6075
738
3378
5181
3635
5404
7205
7387
3123
2002
1049
4295
2684
1447
729
144
5937
8106
8030
2861
6571
