0
0
0
8
9
0
0
1
10
0
0
1
0
0
0
0
0
0
0
0
0
9
0
1
0
0
3
1
0
0
2
0
0
0
0
0
0
0
0
0
0
0
0
0
0
0
0
0
0
0
0
0
0
1
1
1
0
0
0
0
0
0
0
0
3
0
0
0
0
0
0
0
0
0
0
0
0
1
0
0
0
0
0
0
0
0
0
0
0
0
0
0
2
0
0
1
5
0
0
0
0
0
0
0
27
1
0
6
10
7
0
0
0
0
0
1
3
0
1
1
2
1
2
0
0
0
0
0
3
1
1
1
4
0
0
0
0
1
0
0
0
0
0
0
1
0
0
0
2
1
0
1
0
0
2
0
0
1
0
0
1
1
2
0
0
0
0
0
0
4
0
0
1
0
0
1
0
0
0
0
0
0
0
0
0
1
0
0
0
2
0
5
0
0
0
0
0
0
0
0
0
0
0
0
11
6
5
4
5
3
27
3
3
6
3
2
1
27
0
0
1
13
1
0
0
2
0
0
0
1
0
0
2
0
0
0
0
0
0
0
0
0
0
0
0
0
0
0
0
0
0
0
0
10
0
0
559
2377
7221
5145
6041
3667
5292
5470
2366
3055
3037
1546
1928
273
2850
3320
4888
7998
2339
5537
7389
7246
260
4237
5735
539
4107
3664
1970
4990
27
263
2932
1824
260
5566
1217
1767
1836
5878
1406
7518
2956
7656
5727
7220
5994
4431
2782
5722
4568
3974
5514
6661
5877
4092
6695
5187
4280
164
3460
4900
3167
8190
1883
4747
3947
2612
2354
7816
7119
6391
336
5950
5761
6719
5548
3138
5570
5718
6719
1006
6256
575
5982
3526
2254
2733
7499
3623
7699
1208
6494
6118
4012
7360
5066
1354
606
7806
2586
6914
6903
4906
10
8085
4489
7630
6848
2858
1081
2810
299
7876
5047
1254
2513
722
1796
8162
5644
1252
145
4542
3167
3911
1584
2366
2868
7615
3100
5592
1211
1609
6604
6623
3119
5766
6877
487
2212
1246
2189
7119
2207
299
6848
5241
1641
5736
2498
8066
3346
3298
2584
5782
4097
4737
5419
2780
1224
2509
4626
2571
537
5718
2095
6231
3338
4581
5045
487
7759
3385
8047
2749
4169
4869
3582
7311
2790
8013
2915
3666
3849
1231
4569
3542
6165
2534
6695
6340
6703
2897
2207
2859
4793
4211
5160
1028
2801
7227
1532
5049
5592
7119
1591
6353
2278
4033
4108
6268
426
8135
1163
5993
2254
2465
3610
7388
1821
418
559
3892
278
7289
1232
7957
6721
1952
8097
1246
821
1589
764
8052
5749
2384
2795
1272
7176
6479
6394
5713
5122
3960
916
4152
7606
7287
835
764
4880
5115
1076
5489
6135
1270
3330
242
3417
5083
5859
282
5362
7473
8162
3243
6956
2207
5560
5419
1521
7326
7075
1402
5745
3627
3402
4474
7871
4442
2217
2099
1732
121
5385
3513
7436
5186
4041
5548
2294
1633
3172
6848
7014
2605
4347
4141
1322
1272
5867
3037
752
7442
3061
4625
1081
2124
725
686
478
6233
753
2354
4242
7537
8066
2230
1758
880
2207
4111
2207
5369
5681
1141
1601
4292
2805
2697
5044
3676
507
5398
1028
1472
165
1530
7311
5288
6227
1155
4478
4478
5292
7408
5559
7574
1700
5339
6147
7290
2884
8174
7571
5196
5370
4625
5012
2576
5419
8190
3724
7048
3257
4095
4526
7752
8047
2167
4707
1620
5385
5781
3128
3480
3469
5288
4744
3302
2498
8133
6359
3904
2813
1556
2462
6078
2903
3307
8010
1661
5867
747
5492
7037
747
2956
5913
6533
5721
5703
321
1092
1326
2197
5478
5770
1358
4401
3530
6453
6179
675
2858
1153
3324
1342
4033
1246
2607
6983
6076
2766
8091
807
7461
4649
3504
3854
7010
5859
2197
5897
2283
7663
3694
777
5166
3995
6015
5166
841
6972
7462
3233
7462
6838
7220
6848
3982
2362
4257
2185
1074
2563
4153
4590
3257
2987
6107
5313
3657
7011
2252
933
4703
4987
6776
7966
7244
8047
2167
5766
4926
8138
2561
987
2513
4688
3597
6133
956
1628
646
553
3827
4473
7616
2058
1515
1073
6162
2512
255
2956
7319
7209
2327
3245
8047
5369
1530
3302
2312
5198
6183
2605
4822
6988
2271
4479
3359
2484
4622
4948
93
4387
3403
6996
5739
2252
6152
7811
2601
3646
4415
7154
4944
4887
3047
3210
2616
4
4051
5904
5301
1613
6750
5335
1870
5034
3415
1237
3647
2421
3119
1684
3609
6889
3346
4482
383
3257
6114
3101
747
747
1704
1816
5100
6023
3307
1556
4169
4948
1420
1494
783
390
7901
7778
752
788
7556
6409
914
7459
3990
1159
5582
4292
248
7132
6907
457
2733
483
169
1385
7234
1720
4697
997
4476
5055
4613
985
4892
4651
7980
6761
2470
539
1277
1081
1594
6929
1932
2239
1457
3324
7290
5582
752
5767
1472
5871
190
4703
7234
4583
5350
7048
5859
3661
7039
2244
2296
1607
5687
4707
1836
4892
5925
2653
678
8142
5897
1944
7344
6118
6819
5369
6353
8112
60
4505
6560
2468
5603
492
4944
6078
7256
2979
426
5763
2499
6864
5192
2650
2726
7827
3402
1824
2629
2278
6340
1402
5874
390
7494
5570
5732
1587
1814
2498
1322
849
4860
5943
2240
8047
746
36
1095
3775
2653
3330
1929
4698
7205
2782
47
4613
8023
6227
20
6479
7290
2430
1155
744
7670
1322
3392
4754
5694
5582
5832
7741
4032
7749
1596
8069
1322
2753
2805
6078
4807
3392
2789
772
5537
4478
684
138
3363
2987
1265
4154
5369
1220
6737
5024
6243
1605
7757
2810
2123
7778
2294
6780
359
4594
1106
8069
1481
7129
1556
1289
8085
1847
2310
3159
7012
1620
6737
5340
1863
5893
5020
6486
637
2523
5024
7028
7336
5401
3083
7747
2605
6848
4838
7407
845
3816
3447
6319
6617
2201
6063
7950
6144
3302
4311
3878
1279
4716
744
3893
5999
7013
4914
765
5120
3443
6215
4950
3702
1334
2790
6063
3138
2382
4953
1589
2411
4372
1024
5177
4506
1081
3324
4033
3392
2123
2653
6459
3022
2405
3682
1620
2284
1468
1672
3148
4858
7229
1023
5364
5957
5757
6623
2269
1092
7407
2303
5423
6791
811
4876
3398
2498
2697
6340
5180
419
2790
5717
299
4291
1917
1270
3443
7405
3378
254
7716
12
4824
4735
1947
1219
3185
5885
3853
2560
4578
4242
5430
3682
811
4539
5107
3392
3674
4807
4807
359
2476
8085
453
3682
8075
5024
5292
1270
4698
4053
1272
1593
3038
4304
3441
3347
2464
5542
7063
4600
6552
3497
4578
6791
491
3278
1151
2737
6695
6819
5832
4145
849
880
5177
4651
7781
4406
2002
4651
4242
1155
450
7121
5272
1825
5322
3599
2411
6761
2856
5608
4317
3271
5220
4491
1157
6884
1279
6509
5427
3159
6823
99
4549
5570
2030
3196
4651
4472
3682
5248
7491
6980
4053
390
5168
5071
5497
2339
1748
2062
2854
4242
7408
807
4651
4651
2478
915
7237
3551
1932
4499
1852
393
797
5024
1550
3254
744
5077
7753
4053
7344
7153
2405
7806
2285
7645
7582
4892
568
6041
2405
5507
6128
4835
2686
5364
3811
6289
899
3861
3001
4374
4698
6041
5470
7229
4478
6973
5168
5010
2405
4478
4053
4628
5077
6393
2796
