0
0
0
8
10
0
0
1
10
0
0
3
1
0
0
0
0
1
0
0
0
9
0
1
0
0
2
1
0
0
0
1
0
0
0
1
0
0
1
0
0
0
0
0
0
0
0
0
0
0
0
0
0
0
1
3
0
0
1
0
0
0
0
0
3
0
0
1
0
0
0
0
0
0
0
0
1
0
0
1
1
0
0
0
0
0
0
0
0
0
0
0
0
0
0
0
8
0
0
0
0
0
0
0
29
1
0
6
4
9
0
0
0
0
0
3
5
0
2
1
1
2
3
0
0
2
0
0
1
1
0
1
1
2
3
0
0
1
0
1
0
1
1
0
0
0
2
0
3
3
0
0
0
0
1
1
1
1
0
0
1
1
1
0
0
4
0
0
1
1
0
0
3
0
0
0
0
1
1
0
1
0
0
0
0
0
0
0
0
5
0
6
0
0
0
0
0
0
0
0
0
0
0
0
10
7
8
9
7
4
33
2
1
5
1
0
2
27
0
0
2
12
0
1
1
0
0
0
0
1
0
3
0
0
0
0
0
0
0
0
0
0
0
0
0
0
0
0
0
0
0
0
0
10
0
0
788
5220
6377
4207
450
2339
7816
96
3741
2773
1425
6820
1452
5801
7887
114
3835
5928
5756
5781
522
1020
6864
5682
672
1139
6735
5168
1686
8073
2137
3642
7110
4758
6227
393
1709
6498
5650
5805
4788
2676
920
6895
2957
1082
7049
5066
2398
2937
4330
24
1217
7520
4899
369
5020
7210
28
2512
705
159
8103
7435
1157
7110
7236
30
4857
631
5805
3212
6553
3585
563
4792
1893
2686
7149
2169
6076
2049
6989
1462
4426
5332
1638
1979
5475
1217
159
5840
3832
7230
4531
2916
39
907
5531
7982
6677
1672
764
5874
2465
8143
2415
4061
5738
2277
4526
4050
6307
4998
2248
4851
1899
28
1217
4514
6660
6137
5020
2272
1709
2229
2152
7685
2629
1452
6619
5129
600
215
4419
4553
553
4402
1589
522
457
6263
335
7861
3980
109
7214
1631
1048
1899
1217
254
2961
2558
7976
4353
3748
2459
1473
1929
7962
3443
2343
8025
121
1709
3874
2910
6875
5771
1170
1021
1584
3448
743
109
7811
5020
2248
8018
1395
1048
2272
7230
7587
204
4361
6137
254
2272
1029
8023
7293
6854
1676
2799
1776
1504
5757
2858
3384
6199
1220
3047
4824
1965
4856
8006
8103
2272
5332
4353
7685
3642
109
2937
2002
7617
204
1105
217
6000
5796
3572
2590
1960
6471
6585
7005
5872
1016
4154
4744
6359
5766
5369
250
743
2679
4856
1631
6000
2272
1046
2137
3748
5833
7823
2272
7753
3598
204
4329
217
4329
6263
1558
2702
594
7320
2804
2065
6171
1409
628
5718
2167
5012
1680
1709
7299
4340
5898
2002
3358
4050
2560
5403
3261
859
2679
8043
5567
4805
102
1430
1346
1661
874
7681
2685
4172
4706
2247
3834
457
6401
6205
1814
4793
1270
3790
3432
6535
2907
1865
3480
1345
2194
5975
2379
8081
4887
2429
2454
683
5106
2152
7736
2629
4807
1392
2595
5862
7366
6853
2006
7079
1366
6131
125
6649
3443
16
7618
2272
857
1822
4080
1241
1965
1285
1734
1709
3635
2983
1111
5809
4074
6447
7582
2648
5165
27
5281
4590
4815
3318
2956
994
1603
2701
6767
1445
7551
4722
1103
740
2679
480
4874
4874
5817
1519
3165
842
535
5057
1748
1155
1748
2854
5048
5687
700
2128
3510
2644
5898
8115
4634
4843
3286
654
1136
4593
6235
5049
7447
480
6053
4809
6482
7153
5393
4067
3274
4065
4007
1620
4214
491
2339
1595
1733
4578
5262
1781
7668
7939
1490
1390
4799
4415
7078
5938
5780
5718
2508
2278
3925
5016
5408
1523
7910
4315
3184
7029
1620
1576
4809
2489
272
684
591
6104
1836
702
2259
1292
2504
5394
2027
4999
6340
3256
7125
268
134
379
4311
5876
1418
2917
4345
7642
3997
7570
1620
783
2764
2489
421
6041
649
740
1075
3682
1029
7679
1023
2440
7266
6014
2595
3101
2929
5684
5164
1216
4402
738
4805
5870
1334
1390
3282
6791
5507
4214
2560
7180
4067
1275
7980
5209
7753
6233
7533
4580
3576
2732
6989
6420
1701
4871
3310
6814
1850
3810
1253
2804
7080
675
4209
6560
305
7701
8073
418
1075
139
466
3542
5999
2285
538
764
3402
4207
2343
960
4644
7451
1155
4193
6206
6101
4728
6801
5544
7078
5938
7944
5398
6013
4005
95
5950
5859
916
5385
8
418
5288
3068
2465
7940
5129
2678
182
3391
3292
4347
3060
3060
1944
2354
7027
1371
901
4479
8102
857
5675
4135
5118
4590
7620
341
2517
2320
5010
3625
907
4074
5079
7223
1209
7063
7033
2266
4330
7040
1081
4596
7522
5494
3632
1918
4090
5273
102
1671
2385
3380
5708
1835
1671
5862
1196
1334
1326
3741
390
5220
5781
8028
6906
7387
2498
4615
4559
2557
1767
3902
947
2150
174
1709
761
798
3107
1505
625
5862
5707
2014
2662
6034
769
1221
6908
4772
6239
1381
5824
1785
7571
3292
1404
7615
6484
1965
432
6437
702
6005
6015
2791
683
2410
2851
6412
7392
7249
6854
8149
6080
4010
6498
194
4542
201
2766
8010
1144
612
851
1620
434
434
8153
2992
5619
6649
1931
4618
1452
5351
937
6654
7389
744
6243
361
6884
3136
1280
7531
7393
857
994
1387
3434
6311
1989
7518
1643
3904
4706
7827
194
7190
3490
4758
284
5707
671
3959
8011
2830
3044
1709
5364
1177
7915
5982
7118
4214
2596
5919
4736
4528
3845
1406
2200
3683
7081
2194
4005
8004
3674
5741
1577
7300
96
4708
6137
1900
6474
4081
1544
7682
5082
7070
5705
3439
3575
714
4562
2662
2517
5307
5420
1401
8158
6274
2237
4172
6014
7552
6992
6849
4275
371
6771
4728
2517
1739
1224
432
4759
61
3911
3158
8064
1989
807
7517
5730
4796
1748
5507
3817
3511
3297
869
7185
2609
216
594
7528
4642
2882
3423
1065
4704
1903
6416
166
2798
96
5408
121
5168
1706
5168
4027
2178
1473
7078
2650
7344
6761
4478
5460
668
1563
6694
6837
6585
250
7039
5829
5917
5610
8115
7536
807
1939
2716
4358
3786
3934
5801
7332
4008
1821
7064
1680
948
2948
8023
7482
3483
7753
7269
3835
8054
1701
6585
5253
5458
6545
5688
261
7887
820
3536
4900
2277
1982
4749
4736
6064
1289
3631
2557
7827
5408
3589
756
2907
2791
3077
5054
4864
1620
2898
7910
6973
7735
287
4396
1538
5906
2150
2679
2229
2150
261
8075
2178
7953
5862
6331
4736
6253
6450
6227
297
6824
3153
967
857
7279
4415
3186
5636
1973
5024
5385
1497
1550
6227
4792
7151
2104
61
87
6996
6475
832
3515
6346
332
2720
677
95
3904
2201
4622
121
4190
1893
5801
8030
4312
4525
2015
3186
719
6737
4702
7679
6660
2229
4422
5445
6680
1554
1842
6877
444
7230
1062
7897
2975
3876
2862
6428
2568
6738
5249
5385
2771
2419
1279
3185
671
1550
4478
4482
5878
728
5024
1534
5738
1767
1441
7210
4934
4294
4962
2791
6307
753
6176
7113
7782
6563
1819
3969
4024
7044
1579
280
6141
4689
5102
4852
4812
2684
