0
0
0
9
0
0
0
2
9
0
0
2
0
0
0
0
1
1
0
0
0
0
0
1
0
0
2
0
0
0
0
3
0
0
0
0
0
0
0
0
0
0
0
0
0
0
0
0
0
0
0
0
0
0
1
0
1
0
1
0
0
0
0
0
0
1
0
0
0
0
0
1
0
0
0
0
0
0
0
0
2
0
1
0
0
0
0
0
0
0
0
1
10
0
0
0
4
0
0
0
0
0
0
0
21
2
0
7
5
8
0
0
0
0
0
2
2
0
1
1
1
1
3
0
0
0
1
2
1
1
1
1
1
0
4
0
2
0
1
0
0
2
0
0
0
1
0
0
0
0
0
0
0
0
1
0
0
0
0
0
1
1
1
0
0
4
0
0
0
1
0
0
0
0
0
0
0
5
2
0
1
0
0
0
0
0
0
0
0
3
0
5
0
0
1
0
0
1
0
0
0
0
0
0
8
6
5
8
5
4
25
5
2
4
1
2
0
14
3
1
0
12
1
0
0
6
0
0
0
1
0
1
0
0
0
0
0
0
0
0
0
0
0
0
0
0
0
0
0
0
0
0
0
10
0
0
1702
4722
6836
159
4881
407
1616
2038
4147
829
4607
4680
3045
5458
2446
2922
5041
6672
1619
2500
6427
4703
6344
4778
672
900
3695
5155
5986
7440
4853
1821
1021
8162
2393
1258
2929
1853
6782
6397
1110
684
7467
6295
3720
1140
7547
3862
296
6208
5492
4926
132
277
5713
7666
6631
3189
6294
837
2500
3470
143
4214
637
4184
4003
3493
5955
8134
208
5834
619
2696
5361
7801
1237
1713
3184
1590
4742
7388
7787
277
7192
837
7440
1941
488
6356
5452
5682
4726
5713
4374
3475
594
6500
2962
6141
5944
1941
886
2829
6073
2434
2726
581
4268
3043
615
181
1796
2353
3728
3078
1659
169
6125
3078
5986
7000
6522
1365
6183
6473
1441
7497
5555
5614
2836
7455
6562
4562
6810
4643
2633
6759
4574
791
7795
7686
7501
692
7131
796
3470
6162
7418
5537
990
7018
2368
6105
6233
973
3589
5232
3849
4561
6279
6372
3176
5226
5770
865
4791
6664
3699
2460
122
945
6441
8009
2832
2570
6125
1228
3589
795
6060
1709
744
1899
3192
7217
7357
8021
6545
3668
1535
7210
1117
6242
1130
5364
619
3404
4295
8174
1205
2939
3112
7841
1258
1566
6370
2591
184
3074
7494
2229
4261
2679
5731
702
2628
1797
8155
6820
2869
3010
1105
7491
3249
3478
5785
4509
3553
882
5100
1458
1635
6099
3112
3792
1012
179
7369
5063
7676
3353
1833
491
834
4290
7491
4492
8030
4688
8046
1067
7692
2684
1534
1965
6664
2076
4427
8129
229
5284
2967
4234
5820
5446
6595
995
4369
6704
8159
3684
4833
4375
6924
1719
3530
1420
5232
2512
7827
2830
1338
6176
919
61
1415
3469
2887
6562
4872
933
6122
7002
995
8166
2978
6937
89
237
1560
939
3783
6353
5034
2986
7323
3792
3771
3759
5095
1062
2512
3754
5180
7542
5339
8138
8103
684
3721
2731
3910
7954
1649
7954
5588
4265
481
6349
4060
7804
5987
972
2156
6415
1475
5444
238
3489
4453
7225
7542
2690
5890
5245
2104
4431
6674
1958
482
2459
4545
3631
6850
5820
4615
7399
1579
1552
7936
5944
5655
1465
4496
1686
3528
2662
7086
6601
4481
7000
5104
1045
5952
7911
3843
1467
4880
3386
1157
2741
1395
4580
3284
2448
6234
2612
6714
8036
6378
4992
5960
229
4624
904
4992
6891
1789
7981
7596
6595
6499
464
5614
4265
3112
5560
7724
1012
254
2137
7178
811
3074
6366
2090
4539
8093
6927
1825
803
31
4453
2251
4872
2175
1126
143
7598
5710
3482
3865
7720
4702
5229
2582
3503
7932
990
272
1361
320
3120
423
3348
3305
6458
496
1353
1571
5998
1836
2217
2585
5104
1079
1961
7122
340
709
3647
481
4783
5746
2771
7444
5326
7941
1525
6181
3857
5385
169
1958
4339
4604
5620
5994
4296
6614
5985
6877
1105
744
7910
5522
3629
7963
2836
595
4070
5291
7954
6758
3508
5317
6705
7476
2785
4202
1707
6708
1415
1076
7022
4022
1014
5611
758
5620
1743
332
1675
5620
2248
2130
7527
4693
238
7964
5745
7063
1442
7525
1276
4992
5783
4979
2691
4352
6201
2808
1453
722
4530
5790
5249
4255
6389
303
3577
1046
3666
3666
1716
1937
6776
2419
1361
464
8
3226
6519
5263
7895
3916
3629
7650
7954
3860
1284
3178
3192
2192
3176
4779
6864
1700
849
1163
2248
7070
7972
684
4628
1535
802
4147
1027
1105
1011
5377
5326
2939
3921
332
7140
6814
995
1301
6960
8
7367
8184
680
8009
7399
3621
7235
1295
4807
4824
5232
2009
4899
1664
6789
684
4634
7782
3161
5997
1011
3965
6352
4667
1774
4935
6596
1465
2349
5183
2870
3659
4997
2076
580
2431
2027
390
7887
3253
7034
966
3469
7592
2276
5436
6135
2772
4069
1635
5833
139
1513
7714
7895
5042
5284
7596
250
6242
3123
4112
803
5588
3771
6154
1338
6960
2660
6861
1709
1281
2777
7196
7155
4150
6203
6540
5778
2836
1532
5802
5402
7011
30
1600
6732
5446
7810
150
708
3067
6894
6048
4333
7405
4190
5724
1013
838
1073
1535
2791
5232
5412
5536
7230
6307
2684
8021
2560
3455
4634
8176
5248
7781
4881
3358
35
2354
2104
6346
3876
5005
5728
4265
2007
3238
2478
6761
838
5138
4807
3161
2442
3067
845
3077
4545
7454
6722
4190
5560
7155
4634
7196
2705
7389
7028
2459
6000
2271
2339
4609
7591
5944
6349
7076
4265
4104
3470
7887
1289
3700
6600
7782
7568
896
5874
783
5403
1289
6876
1706
3405
4290
7573
6906
3111
5301
210
3322
1029
7506
6791
2150
7585
26
7716
3489
3976
6318
4262
744
7040
5933
988
6600
4309
7059
1852
7582
6041
7437
4857
6563
3959
4038
1635
3492
2957
1234
3083
3530
2663
2663
4397
6562
5501
6547
5272
5915
3001
2802
3783
1534
6735
2975
1716
1703
7568
2316
7806
3541
1944
5150
1051
4242
215
6465
3166
2496
4580
2489
1824
7699
797
7661
277
1237
1103
5726
5276
1534
3439
177
853
3914
7493
3405
5224
948
7723
4639
702
2411
5778
1620
1786
7246
1808
1941
2304
2793
3066
5877
1291
1411
7718
4519
2358
6547
3577
4533
3440
1653
6445
2449
4309
2747
3980
5531
6075
3322
7398
2494
4442
7491
8000
3847
7070
4609
6040
2024
7227
2820
4094
7006
7086
2951
3897
900
1680
7398
6615
7172
7289
7237
288
5193
2881
3875
5739
2654
5802
6972
2677
4914
1415
7561
2654
2057
7723
4366
5018
7591
1942
5470
6465
116
6201
2219
2354
1513
5521
2884
3321
2941
6395
6271
5019
3608
7151
4534
796
3326
6932
7590
14
7121
7061
1084
93
6863
3847
4906
3995
3594
4165
4605
7798
5075
5332
4349
6654
6052
1597
3916
5412
3851
3544
3166
8030
6445
6563
3216
8046
4214
486
7167
2772
8176
5689
1716
8138
2369
432
3684
7028
5376
978
3621
4111
2859
512
5000
3166
1836
6031
4880
4011
3358
3950
1740
2986
5434
159
6975
4238
876
1697
1602
3445
3455
3571
959
6776
137
1163
7415
1600
