0
0
0
10
0
0
0
1
9
1
2
1
1
0
0
0
3
1
0
0
0
4
3
0
0
0
2
0
0
0
0
2
0
0
0
1
0
0
1
0
0
0
0
0
0
0
0
0
0
1
0
0
0
0
0
0
0
2
1
0
0
0
0
0
1
1
0
0
0
5
0
0
0
1
0
0
0
0
0
3
1
0
1
0
0
0
0
0
0
0
0
2
0
0
0
0
6
0
0
0
0
0
0
0
26
1
0
11
9
6
0
0
0
0
0
0
4
0
1
2
2
1
5
1
0
1
0
1
1
0
1
0
0
3
2
0
1
0
1
0
0
0
0
0
0
0
0
0
1
0
0
2
0
0
0
1
3
0
5
1
0
0
0
0
1
0
0
1
0
1
0
0
0
0
0
0
0
2
0
0
0
0
0
0
0
0
0
0
0
2
0
4
0
0
0
0
0
0
0
0
0
0
0
0
13
4
4
5
4
2
26
2
3
2
2
2
3
30
1
1
1
10
0
1
0
4
0
0
0
1
0
2
0
0
0
0
0
0
0
0
0
0
0
0
0
0
0
0
0
0
0
0
0
10
0
0
1478
6294
5226
4778
5601
4493
791
5986
3144
5334
25
520
617
1290
1512
4318
3435
5226
3717
1628
1058
3687
1290
7786
3922
4574
3823
7645
1532
4224
8080
1248
2374
4778
6109
4694
4046
6122
2826
1825
4355
2826
7914
7327
3920
1512
6122
5189
124
1864
1541
3050
3256
5577
7395
3922
25
3588
6739
7538
4872
4856
588
5226
2146
6978
4046
1785
2347
4170
8139
1512
1785
5189
1512
3177
7495
6047
6634
7773
3144
6546
7021
5189
7514
809
6410
4109
4632
2083
7532
6492
2683
3704
7923
6295
1232
4987
1843
5189
4084
8040
4046
1512
6122
3933
4751
7495
7464
4589
3360
4581
2850
4490
6235
7337
573
2259
4850
6356
3684
6072
6492
4584
1066
7287
4602
3420
5226
617
186
1040
2925
407
683
1353
1232
5986
6850
7122
6562
1512
1653
3044
6291
4832
3580
6728
7490
1199
834
2000
868
8020
2077
6903
1773
5127
4264
6822
7395
7002
1407
3922
5688
1232
6330
6650
6453
3718
2439
1586
1457
6374
304
6870
5685
7541
7347
760
2535
2824
7581
3830
5384
7537
377
4754
5263
7795
6294
1132
1820
7464
3981
5259
619
1947
3248
7157
2970
8185
4128
5550
5793
5443
4262
6072
1225
7157
2649
7219
379
5981
4829
683
8013
2126
6716
4283
6323
1789
1599
4493
1055
5334
5688
4318
619
7398
2363
8098
4262
2683
2816
3921
2352
342
1905
4177
1686
2113
2468
5299
7994
104
6073
306
2787
7977
3043
5458
3153
3862
2195
186
5451
5688
5006
3621
3894
694
4913
1754
954
7247
5008
6078
2113
6526
7885
2775
1784
4113
2320
1336
4045
342
6630
4817
5500
6085
5677
7400
2907
5752
3933
5451
4926
2029
7786
6562
4797
7975
6350
1895
1909
1239
4258
6494
3126
4001
4496
6205
7212
2346
1909
2490
7444
598
5845
37
5238
6918
1571
5732
6549
4107
1407
4615
5405
5192
7327
512
6655
2262
6801
6562
6019
892
2670
6647
5962
1493
3574
378
7560
6627
8041
4262
6802
6733
6254
1792
5796
909
2722
732
3623
786
6372
4574
3144
5422
6216
1605
5958
2275
4096
7289
2885
3316
3459
1761
2179
4429
3446
6480
3103
2264
7557
3343
2140
3939
4034
8065
4855
4423
5303
2943
5055
5192
1512
1132
6480
5006
3144
6806
6762
4501
7381
5122
6401
322
2342
4174
3926
2574
5719
6530
2475
4511
4124
3193
1726
292
307
8093
3537
2991
2834
2042
5888
1512
786
1132
5405
3933
2415
7172
6525
7602
2877
5835
2746
4882
6523
6036
3749
3832
7057
7853
7343
4692
69
2895
1314
6146
5225
1476
7261
8119
5196
7699
7464
947
2152
7890
7828
1290
4085
2955
4048
6235
3924
228
6865
6134
8149
5348
6731
1527
5328
6040
6640
3624
6733
1117
5573
4579
6785
3470
2700
2264
2124
4194
3611
2800
6078
5721
2741
1566
8116
530
4620
2722
817
6843
4978
4036
4283
7007
8131
1818
5707
5533
6365
7666
1800
325
2042
4295
3854
5584
5059
1631
7867
5512
3946
2072
7997
6307
407
7239
4305
3531
944
6966
1578
7801
2728
3393
7948
7330
1431
7761
107
2641
5981
1710
5564
7317
1687
505
3105
4429
6825
320
5631
6335
1443
8135
3189
2731
3435
5463
5766
257
1258
1212
7287
752
6810
5811
2242
1970
7171
6733
654
4107
587
7262
6074
4085
3144
7327
7239
7141
6066
2803
7315
5797
5390
3903
3933
520
4926
5422
4615
1441
7281
2314
218
5074
940
672
6149
7018
6927
6449
5695
1056
6134
1168
3265
6768
614
373
2273
3854
5155
5383
1093
5952
8069
4589
1536
3144
181
4318
5888
2628
4831
3256
7181
7043
888
1742
7400
4037
4817
6798
7563
4295
2132
7586
6323
6109
6308
7171
201
5322
5383
594
7276
2136
5071
3532
3920
3189
4694
3360
4751
3435
7714
1557
1144
3898
1421
1977
809
5164
3305
1047
6851
4507
6948
11
1435
725
7785
2252
2678
2460
1935
7765
2805
5874
3213
3068
5772
4987
23
4318
5119
1715
7211
7738
1229
4958
8137
5182
532
3951
5711
4999
3815
4870
5078
4800
7563
7304
7816
5661
825
1409
117
1156
931
4950
6440
2885
5468
4046
4615
4427
5468
4174
3177
4581
6273
4325
5888
5839
4085
5227
758
2165
5124
3371
879
6764
837
5290
6677
3577
5712
5911
3149
4275
566
1600
390
4024
6923
7327
3044
3360
5119
6146
2826
5119
1715
654
156
5521
5680
4377
5680
1141
27
98
6495
1449
6413
7232
4218
7386
3955
5260
959
2005
857
2034
6082
4614
5897
7914
520
7327
4046
4990
6922
1842
4598
5680
5888
7262
573
4751
4597
4424
1954
6465
6871
734
2231
3744
6096
986
3674
546
2357
7664
6227
5870
4695
5801
3903
181
4926
1785
4325
4107
1715
2813
7262
6923
4107
6657
4511
6882
986
5739
4990
5745
4918
7025
5172
838
4165
5463
2913
3621
3634
4333
2958
5119
7340
101
4754
1512
5964
6714
6052
6768
6871
5422
6802
5263
6923
1536
7938
4589
1127
6414
4369
303
143
3058
2995
6615
1909
33
3002
939
763
7129
3078
6053
1066
5156
1886
5411
1649
3637
5255
2359
3360
5440
7914
5680
7495
3960
298
3920
6923
1272
3398
6802
7775
6800
4487
3534
1643
6764
1339
4131
628
3146
4230
3741
1290
2317
320
395
4729
7327
4581
5688
2092
3933
6657
1825
1785
6657
4046
1235
5440
3920
6882
665
7262
6923
2813
3045
184
6764
4598
6843
652
1020
6919
2766
390
292
4691
374
2850
4694
7547
2741
3515
7914
3637
1512
6122
25
3958
7327
4046
5422
5192
5440
7262
7285
7495
4758
7680
5798
5798
3220
7246
3207
559
825
5579
4574
7221
6923
304
2124
619
4985
4493
1778
4926
4493
5888
3636
3487
3922
1512
1470
4084
4325
5807
4692
1825
6238
1300
1661
2533
7596
6135
6796
5579
7484
6677
5579
3600
3715
3588
2832
2227
7957
2415
3487
1055
6562
3487
4493
6005
791
5405
4694
7914
5308
124
5189
6122
3144
181
247
3385
1062
5129
8092
559
5661
170
2958
6481
5928
