0
0
0
8
0
0
0
2
9
2
0
4
0
0
0
0
1
3
0
1
0
1
9
0
0
0
3
0
0
0
1
4
0
0
0
0
0
0
0
0
0
0
0
0
0
0
0
0
0
0
0
0
0
0
1
0
1
1
0
0
0
0
0
0
2
0
0
0
0
1
0
0
0
0
0
0
1
2
0
3
0
0
2
0
0
0
0
0
0
1
0
4
1
0
0
0
6
0
0
0
0
0
0
0
25
1
0
9
6
5
0
0
0
0
0
0
3
0
0
1
2
0
3
1
0
2
1
3
0
0
2
0
1
1
4
0
0
0
1
1
0
0
0
0
0
0
0
0
1
0
0
0
0
0
0
0
3
0
0
0
0
0
0
1
0
0
0
1
0
1
0
1
0
0
1
0
0
1
0
0
0
0
0
0
0
0
0
0
0
5
0
6
0
0
0
0
0
0
0
0
0
0
0
0
8
4
5
4
5
4
26
5
4
3
2
4
0
24
0
3
5
10
0
0
0
6
0
0
0
1
0
2
0
0
0
0
0
0
0
0
0
0
0
0
0
0
0
0
0
0
0
0
0
10
0
0
7453
1497
6249
5232
4892
2922
61
5688
1917
729
2836
5746
2411
6770
3702
557
2558
4472
574
3571
3716
7860
6950
6508
541
5402
1169
654
7893
1333
6273
4170
4881
2777
4809
3047
6144
7997
6735
2868
2114
4426
5385
3455
7143
743
2419
5468
3911
4424
2354
403
2053
3492
6549
6149
6237
7564
5463
644
7239
2131
3267
6286
5403
2022
6000
3637
4011
35
3292
881
8052
4046
5933
6438
411
8030
2137
7866
2137
4027
5882
3969
34
1036
227
6822
2801
937
5189
7485
2196
692
4694
6804
8135
792
3896
3742
4004
4119
2675
5188
3470
1160
5165
5285
1786
361
3560
4251
3249
3288
7387
7997
1497
25
7911
5445
6279
5277
6777
817
5807
3722
4109
7296
7337
3044
2390
4446
4119
326
5289
6595
7525
2960
6293
5375
4689
7757
255
2402
1003
2592
954
3805
25
675
4694
7732
177
1820
1951
4325
2817
5653
355
8174
7847
5633
7394
6170
498
6894
1011
154
6164
4916
2183
7587
2470
7380
1287
5255
3740
4525
5227
3360
1805
7340
5119
6295
1333
5521
6344
6932
2042
3621
520
5226
482
6989
248
2939
858
2202
4453
6692
4507
1615
2034
1856
2560
4124
1217
8121
2374
7575
5431
7531
8189
5897
1127
3189
3146
7256
6768
539
4013
7337
6396
1717
683
1047
1522
8004
5172
3394
2584
326
5447
2601
5694
4290
1854
2015
374
1538
6307
4667
1459
6875
7025
5904
5339
5198
6932
777
2698
336
333
4421
7260
4597
6183
2103
6183
7869
3272
858
4258
4904
1140
6068
2607
7529
7613
5067
5584
2173
568
7301
5886
2843
7995
7314
5255
4898
8139
3532
6804
1500
5387
6492
3555
518
1864
5923
5531
460
4400
1296
5503
7916
5434
3597
6703
3677
2762
3391
4242
7398
7028
5471
1911
5897
3022
7289
4839
7380
5339
5717
3802
2091
1705
4355
882
6935
4729
367
4047
4448
5773
7284
6078
4110
4294
7205
4726
7363
4390
1595
7911
7980
2991
7174
3463
5359
7533
7648
5497
1890
5189
5405
2092
4037
5352
2836
6202
6955
5374
4716
5731
5530
5120
5419
1799
1699
42
5024
523
1020
5598
4399
921
5985
6755
7769
523
7027
6129
4515
3126
382
7275
3506
2415
2146
1639
5551
2696
6074
6730
5191
4361
6737
3469
1864
1035
1944
4648
1344
6165
2133
3842
3894
6623
7212
6862
6631
22
2714
8054
5011
1460
7614
1653
5175
2546
5551
2813
5241
7948
7199
4478
4533
7227
5282
1164
1021
1345
7882
1129
2463
7296
3118
1911
6653
4423
3717
5783
2750
3838
5284
7557
2319
461
6727
7897
2146
520
8069
2167
4314
1290
4574
5921
7921
8028
5613
5604
4585
2832
1053
2661
3445
2780
1693
5465
5481
1338
768
5865
7313
709
7477
3140
498
6647
6229
2550
52
2573
6822
5411
5192
3637
4754
2091
158
6188
2385
1978
7321
7980
2817
3052
2339
2150
8044
1336
3279
5985
73
1026
7377
389
6255
5899
1013
5379
6749
2933
3135
6647
2300
7113
5166
1333
573
6421
5652
4315
4568
7700
338
6980
2229
3811
4295
326
8137
3717
5075
6745
6891
5499
5144
6894
4777
7476
2446
326
5075
404
4848
2893
176
4174
177
1643
2278
5537
6706
3453
1733
4702
3068
390
4613
3750
1980
1846
6006
3987
2984
1548
609
5756
2778
4208
8149
6040
1282
8072
1728
8126
4855
3958
5806
2759
3267
130
6066
4634
8138
3577
2006
2354
2260
2357
138
7048
5107
2341
7374
5614
7657
5599
2991
5455
2844
4843
245
5324
1193
3151
6712
733
4539
3308
5286
7070
5359
7180
7505
4875
3590
1472
1870
6448
4225
5378
3276
5891
2915
17
3714
2443
6006
7304
5286
4158
2621
7726
6016
7356
7667
3595
4422
6687
6557
5634
7714
4964
2894
2771
2217
6818
7015
488
1462
721
2410
7227
573
1272
7188
5245
4010
2198
1432
7557
7178
3592
2990
4720
7361
483
4611
8009
6132
4993
2519
2622
5276
6737
3389
4841
1019
6454
3454
4670
778
1023
749
2626
1588
7673
4237
3621
7480
7015
488
1403
5286
7945
1103
607
5909
1235
7989
6456
3993
3176
5260
7916
1944
498
6320
3909
4876
2312
6109
5756
3980
1620
7405
5601
7188
7997
1042
3861
7380
4104
2994
3291
1070
4863
6673
1439
6926
3805
2981
427
6266
6215
3079
4338
1852
2661
1287
4533
4795
5724
7767
1032
4575
1029
4609
4708
772
250
1600
6508
2771
2001
4174
53
4484
1744
2076
6801
3714
6664
6672
6348
6151
3260
2854
4339
7418
5077
5314
2645
7702
1105
3631
167
5744
6031
1395
117
6421
1988
5143
5470
7688
2817
7012
4082
6299
5496
1005
5303
7496
3902
4418
5291
2448
1483
1765
3405
7782
7418
702
2771
6009
7002
7788
1441
3862
2777
62
2232
6276
6038
3290
3902
1042
7933
5945
390
6016
404
3718
7375
6605
4289
6138
7787
2904
7269
5494
702
4926
5339
5877
5997
920
6170
1759
7011
2244
7064
6361
2593
2496
1621
811
2601
6824
389
5579
411
1976
6181
5260
3282
4658
1070
6138
3646
5971
2938
1035
5430
6189
2817
6906
5412
4237
6369
5542
3304
5210
2177
5479
4898
4004
4011
6593
8006
1514
5997
174
3477
536
7799
4963
7375
1282
1892
709
2686
6346
6989
7218
288
4197
5404
1703
5020
1620
5664
7205
1246
5560
5772
3475
2071
3542
16
3682
1717
44
6355
3148
566
5579
5715
7871
6750
7781
1823
7279
2516
6243
6440
765
2051
3805
1821
2219
5450
1932
5470
6135
5210
3571
5494
4472
5921
2285
8157
2916
4134
6243
4499
2478
5436
7679
4609
2679
3154
4651
6811
6510
421
6357
4326
2820
2586
6398
1789
2474
5902
227
201
4139
4292
3925
1768
1032
2467
5019
704
7798
2100
4365
3533
6041
98
6770
5997
7820
210
2336
7796
8186
3224
7816
6632
4143
7
939
2889
418
7895
3551
4789
5945
2423
2225
992
2016
6332
5118
2308
7501
6552
4317
6262
5024
439
4800
5133
369
4056
7304
5706
5035
1569
1124
4018
6104
2449
80
3298
3762
1978
1565
