0
0
0
10
0
0
0
2
11
3
0
4
0
0
0
1
0
2
0
0
0
7
0
0
0
0
2
0
0
0
1
0
0
0
0
1
0
0
2
0
0
0
0
0
0
0
0
0
0
0
0
0
0
0
0
0
0
0
2
0
0
0
0
0
2
1
0
2
0
0
0
0
0
0
0
0
1
0
0
4
0
0
2
0
0
0
0
0
0
0
0
2
10
0
0
1
8
0
0
0
0
0
0
0
27
1
0
13
8
5
0
0
0
0
0
1
6
0
0
0
3
0
6
1
0
1
0
2
3
0
1
0
1
2
1
0
0
2
2
0
0
0
0
0
0
0
0
0
1
0
0
0
1
0
0
2
3
1
0
0
0
1
1
0
1
0
0
0
0
0
0
2
0
0
0
0
0
0
0
0
0
0
0
0
0
0
0
1
0
2
0
10
0
0
0
0
0
0
0
0
0
0
0
0
10
9
9
6
5
3
35
1
1
4
4
1
6
33
3
3
2
11
0
1
0
5
0
0
0
1
0
0
0
0
0
0
0
0
0
0
0
0
0
0
0
0
0
0
0
0
0
0
0
10
0
0
7761
1178
2970
2436
8165
7826
5969
7715
3031
6182
6236
7152
7653
8165
198
2416
7750
4923
6260
3496
5699
3605
6576
4105
6893
670
6729
7540
1665
5642
2433
5814
6570
452
2403
2888
4468
7715
1640
7703
578
6381
2660
6048
7177
4862
3915
6705
483
1371
2985
7826
599
7248
1687
1198
274
5753
6971
7308
2394
5502
3611
1705
452
6965
4897
6576
4287
1018
965
4930
3118
7800
1694
118
5940
235
6181
5578
6673
5182
5014
1829
3898
118
3786
8101
293
489
3926
6056
1264
7185
8101
6428
6762
8063
3944
2403
8049
1694
3199
7837
8117
5001
5042
8147
3032
3730
4993
1329
2574
6349
2448
4843
5725
1193
7264
4764
1645
3366
264
6226
7715
3343
6870
489
339
6576
6765
5665
2144
3633
7068
6915
709
961
3279
4446
755
7903
6653
2897
5972
3998
118
7404
810
1957
6105
4767
2171
1044
113
6742
5894
3065
3270
5392
7659
971
6854
6986
3591
7649
2164
674
7907
4430
2939
3466
995
2098
1332
7433
4943
7232
7374
4333
5104
6709
7521
2431
4822
1902
6102
5015
8076
3514
4231
7473
7949
3594
7217
451
498
939
4446
5572
4379
3595
7905
5631
4205
5692
443
6113
2883
1614
2091
4903
7736
5572
5972
6091
3838
3353
2888
3531
5969
6788
3116
5613
1166
2170
7332
5631
803
6348
5182
5289
2532
5937
4686
4289
6242
6318
3998
3362
1192
5061
968
939
377
3102
4992
6349
5578
1149
7185
6794
4257
6136
5287
2053
7124
1846
3032
3363
8106
6937
3466
6601
7356
4823
3030
4418
7111
4515
5692
4992
6688
4592
5066
4399
1846
6580
2574
830
1079
6328
2842
1065
3593
3013
6125
6530
5816
118
2559
2511
810
3551
1803
968
4794
7318
770
3865
459
1855
476
3283
6181
6048
6138
2808
5786
7787
2582
6891
5124
2820
5461
8126
5585
1507
5281
5304
7015
6091
1229
6636
2291
961
5935
5091
7350
2886
7758
6318
6727
2886
1741
2291
1477
6414
1429
7683
5585
2982
7521
1477
1458
4958
2184
5454
8111
5577
4176
7815
1608
4509
7895
5972
1698
5353
5274
5692
1905
5940
2893
5834
7271
1431
3011
810
3528
6348
4829
6844
8039
972
643
3544
4658
4863
7212
7787
1551
5483
7876
1456
5360
5314
7411
838
4399
2533
3977
7841
101
7648
1276
6744
803
5971
1707
1259
7687
4924
7021
5328
596
3066
1881
7140
3489
3489
5042
1727
5366
2323
6108
2230
7147
6181
6750
4119
5282
5714
3551
2354
2184
5458
3489
7140
6181
4432
8110
7514
365
6151
830
5519
952
868
6092
6105
3971
4495
961
7932
5302
2302
2833
4549
2554
7954
2939
500
2992
4197
7593
3449
5917
1273
5714
4060
4104
5377
3858
1905
5049
5604
3275
3005
4161
510
5139
7963
7931
7936
3291
972
6873
586
703
1006
1252
2572
7650
1560
1296
2051
6937
4139
7265
5976
740
3551
5465
1429
176
810
7500
5848
3089
8146
6984
3783
1243
4018
1803
4018
8184
810
2529
3966
7648
3839
461
3063
502
5618
2778
5324
6649
5714
2215
5745
1578
1961
1698
552
1112
3272
1957
5056
961
1676
209
606
5343
1341
3771
7841
1296
1799
3066
3526
810
3886
2007
7404
2431
6825
2785
6761
3585
4507
5579
2232
1376
1336
1226
1442
1465
4554
6601
7521
858
6825
643
5714
5561
6649
3966
6705
5972
461
4780
4515
118
7804
2675
6170
6580
552
6044
6040
2529
4809
2184
7546
5877
4519
1180
2904
5284
404
6868
2582
326
5578
6959
2986
3977
7648
4509
3612
3489
5572
4323
6325
6334
6494
3291
8106
5972
1282
3232
7525
5578
3634
1280
6510
6259
3225
4707
2219
1988
4238
6510
934
7847
3784
8185
6979
4379
3886
4446
2994
4863
476
6750
7098
4823
2704
643
6709
6632
6092
8111
2939
3489
176
6673
1552
8111
5672
3100
6478
506
2348
6181
7013
2051
5104
6164
4509
3966
5972
4446
3678
7429
2992
461
4843
3399
1365
1917
7332
7400
5217
8166
3489
6485
8057
4791
1727
6077
3032
3805
331
858
5139
4515
2586
3538
488
4010
2939
4253
4993
6485
1727
132
5657
6488
6985
1322
6445
5788
5362
267
958
5707
6318
3283
3141
709
3032
1488
4907
3467
6712
306
7371
5079
6417
4202
4238
3363
4992
2712
2197
1545
5782
7332
2448
860
3843
7010
2167
5490
6063
6346
5105
7893
5385
482
4948
3212
4155
466
2225
3232
488
7420
709
3865
1872
3806
215
7872
2732
5111
2096
3726
1595
5444
6181
4199
1601
650
2576
1191
727
5166
3990
7575
8021
6321
2713
6066
2978
1719
3714
4165
1662
3966
176
1282
5458
7906
2448
1713
1799
1617
5041
757
7805
1259
2992
5446
7803
5666
2531
2635
2470
3196
7985
7012
6724
6438
1680
973
2939
4509
6631
5967
2448
5064
3272
6673
3673
1429
1276
4554
7226
1949
680
4496
6580
847
1657
3130
3904
4758
3061
30
4550
389
1218
3642
1600
4261
5710
478
2030
5104
4060
7805
2762
2939
6937
3350
6242
1957
847
80
5574
5114
2939
2529
3730
866
4556
359
7869
4595
1150
7491
5985
4348
3607
8172
5715
5292
870
3561
7954
6960
3965
2820
276
1719
4446
6976
3701
3528
459
2939
7167
4993
1112
2939
4572
3028
3241
6823
2903
3407
7911
6656
3974
4348
1062
3955
5943
6183
4472
7408
6210
1112
5578
1957
2529
3308
6750
3291
2529
2448
4992
6228
2184
7932
6632
2177
5832
3264
6179
1027
7757
966
3245
557
6004
4348
4348
3073
6956
305
2910
7865
1016
6413
1226
939
1560
4979
1360
7895
7932
5614
7627
5203
6479
1014
8004
4111
7911
3092
2327
7911
675
4741
5434
4140
3262
5948
6228
3955
2167
6735
8121
5517
4604
7462
4807
3111
5018
673
6975
6522
387
3111
6144
174
849
4758
4758
6877
4623
6756
4377
8176
1675
7706
3229
1270
4261
7506
7462
4934
7160
5193
3469
6059
1836
3684
7886
6617
7344
3925
2207
3736
3533
4175
1443
7642
7067
4111
1520
2240
665
5810
3936
4294
4754
6330
1732
