0
0
0
8
12
0
0
3
11
0
0
2
3
0
0
0
0
9
0
0
0
0
0
0
0
0
1
0
0
0
0
2
0
0
0
1
0
0
0
0
0
0
0
0
0
0
0
0
0
0
0
0
0
0
1
0
0
6
0
0
0
0
0
0
3
1
0
0
0
0
0
0
0
0
0
0
1
3
0
1
0
0
2
0
0
0
0
0
0
0
0
0
0
0
0
0
6
0
0
1
0
0
0
0
20
0
0
9
6
5
0
0
0
0
0
1
2
0
0
0
5
0
5
0
0
0
1
0
0
0
0
0
6
0
2
0
0
1
2
0
0
1
0
0
0
0
0
0
0
0
0
0
1
0
1
0
1
1
0
0
0
1
0
0
0
0
0
0
0
0
0
0
0
0
0
0
0
1
0
0
0
0
0
0
0
0
0
0
0
1
0
8
0
0
0
0
0
0
0
0
0
0
0
0
9
9
6
5
3
1
25
4
1
3
1
2
2
13
2
2
1
10
0
0
1
2
0
0
0
1
0
1
0
0
0
0
0
0
0
0
0
0
0
0
0
0
0
0
0
0
0
0
0
10
0
0
3490
1356
3166
7736
2836
791
5647
7227
1124
280
7910
5801
2764
5067
4065
1356
4074
899
6469
514
2541
7570
6472
2146
4853
5171
6393
2080
6588
14
5547
3897
1411
7292
1219
4397
1770
5688
7617
8190
5100
4346
778
5171
7591
581
1285
7057
2500
7563
8106
3993
1464
7391
1567
7217
4396
4985
7851
591
649
5874
1488
1740
4835
1356
2570
4778
3793
2327
2795
1929
3044
1050
6295
3433
533
1055
7851
6469
5282
6234
1103
2934
933
1602
7332
4079
5101
715
5191
5171
7236
5778
5079
3449
5902
1237
2449
3144
1536
4719
5196
5128
1040
7957
304
639
3660
1702
1356
3672
2024
7031
3166
7057
5545
2525
83
4525
6963
5139
2525
4616
2405
3600
4326
4955
5066
1237
2227
7327
1290
7757
2805
5560
7547
7243
7995
5275
5254
280
3862
7303
6117
2421
4525
6827
1285
2374
1839
1411
4359
5863
4985
1232
5730
2136
649
5079
3897
2553
6472
4493
7292
3571
5680
2092
3144
304
7051
7670
4853
7143
48
7177
6117
2662
5977
7798
7645
5115
1821
1602
4074
3230
7585
7217
7890
5066
4319
4164
5276
1411
1087
7890
5317
5232
6122
3793
1649
2843
3901
3020
4103
2764
5878
6472
2157
5816
6950
4270
5322
1602
5892
514
2402
3660
4817
1770
7921
1124
1075
1944
2553
7006
6884
6472
919
3460
3666
2832
7745
635
3444
6184
4965
5909
7409
1839
7661
4519
5495
6660
3986
6926
6659
5997
5608
2402
3230
3078
2149
2500
797
5874
209
6667
590
3687
1896
2594
3877
2477
8128
2138
1267
1436
7004
4667
4637
5322
5099
5893
3482
5127
7860
615
5576
6659
4672
2024
5272
5647
3805
2484
5886
5945
1411
4396
2157
5463
1232
3492
2594
4459
4188
6142
4768
1172
4459
5031
4836
4190
656
6860
6950
5576
835
5682
7333
6276
2586
83
6469
1567
2149
2525
4813
7294
3490
1356
4605
6465
124
6104
6990
5126
3831
5072
6142
1267
4684
205
4099
4190
6066
1602
3066
3153
615
740
3986
2601
2572
1697
4608
5902
4397
7795
1478
1746
1464
615
384
4608
1941
4842
4944
6987
4749
7613
7750
5398
7755
872
602
1172
4492
4077
2024
486
992
1602
4074
6276
2986
5909
7798
7613
1697
7890
4350
5608
3433
7860
6660
6012
1478
7407
5761
6726
3271
6975
4459
3873
5554
3932
3294
7442
5222
7598
6743
3553
4049
7921
2570
4907
7332
7294
5801
575
575
26
4608
4788
1050
4729
7243
2850
7592
1609
4768
6551
266
3465
3050
5396
2141
5639
6576
2618
4259
695
5909
6188
8080
998
386
1403
3592
639
4708
4291
4605
575
1789
1602
3598
2795
6829
407
2548
7530
4199
3271
1430
7048
1929
4308
6507
2555
497
5845
859
1830
2856
5608
3166
4270
5495
458
6926
5066
5892
4074
4375
3482
4077
5191
7914
4691
2862
4529
7893
2194
7011
5733
3775
7107
6774
1939
765
2592
7081
4459
266
4255
4853
4630
2907
5275
4605
4074
5892
740
7294
3600
5701
1411
4722
4605
4998
5369
6128
5515
4392
6450
6990
3480
2977
1108
8123
7694
7149
5281
5639
3285
1582
4492
2696
8080
8080
5730
1464
2661
2764
4950
5997
2303
7258
1949
7689
6395
6354
2027
743
1376
4771
5438
5684
61
1667
6560
1171
2193
8097
7372
5646
6697
6450
3589
7740
4213
4778
90
5914
8080
2764
3433
1414
5272
3577
921
4950
4718
1376
765
1808
5844
1941
4005
1350
7121
5015
1436
4653
5701
33
4076
6951
5004
5913
4140
4579
931
7755
3510
4213
5041
3487
6396
3358
1794
7143
4630
7910
2405
1343
1256
5482
973
2569
3813
1850
1600
126
2246
6444
1863
5077
5341
522
1916
7029
1717
954
5888
5192
681
5128
5255
5601
1040
2922
1353
4926
4049
6997
2560
3166
3950
2500
3809
4900
2766
4497
5398
1972
7985
5332
8030
6104
8034
7208
2920
5290
5306
7262
6122
5752
4318
4643
2359
2591
681
1653
5914
5308
4493
3793
1789
6427
5109
83
297
5928
1705
7811
501
1318
831
372
4777
5048
951
5563
1459
744
4124
7571
3920
2099
247
3598
3636
7330
325
3060
1169
1820
7740
1290
3621
1954
4525
3950
4632
845
4242
6740
1028
2716
6262
1319
6060
4950
2489
1456
1139
7870
2189
4125
5196
4292
954
25
6430
8184
7330
3177
7537
6122
716
5807
6109
4103
1746
5456
3166
4817
3585
2483
1440
5201
4716
5629
811
5733
1979
4881
680
3177
5681
4581
5198
7732
1290
124
2449
6294
7296
5306
8163
4615
5057
6294
2484
8080
3950
5720
2586
1411
2041
2398
5997
5118
2411
2130
568
7294
3585
3895
6233
932
7982
886
1768
6925
3933
7749
2941
617
1071
6709
8091
2741
1786
2764
6469
5909
2553
4921
5997
2136
3897
5458
1281
3004
4594
5013
6587
2513
6070
1770
6377
1890
4546
392
1824
4340
1824
395
1823
6761
7484
7706
5305
2639
4074
4214
4630
1539
6860
1124
657
3600
5427
6472
396
7679
673
5143
7061
6193
3671
2525
5714
782
3575
5748
6776
5531
959
7028
2244
686
7258
6082
7022
5536
568
7753
7013
4605
7585
4778
2558
740
575
4074
6109
6761
4319
5118
1971
1971
1242
7736
2175
959
1042
6452
3969
7155
1220
5840
6460
5111
3106
3609
2260
7679
480
5220
4950
5751
6109
617
2415
210
5997
2402
835
1797
5112
7868
3586
6860
488
1219
139
6549
2654
4771
7942
3223
6253
3254
1596
4604
15
1732
5887
214
7929
7882
90
2986
3230
2570
2500
4876
740
6089
5720
2570
3790
3651
6740
5720
3544
590
3811
6069
1062
7463
5166
4464
1976
951
7585
2831
712
3453
7692
4688
2062
6330
2244
8160
4038
7736
5495
835
3862
2489
2986
1469
7827
6059
5020
3993
2570
4888
1009
3259
6281
3993
7691
4842
1046
6969
5560
6371
4754
5292
6861
1311
4900
3969
5724
3888
8160
1746
3950
1411
5275
5915
5701
4955
7491
3414
8103
6868
2500
5945
1765
7753
7090
832
6545
6125
7002
4291
5111
722
8157
1035
2801
5998
6510
1150
3416
