0
0
0
10
0
0
0
2
10
0
0
5
1
1
0
0
1
2
0
0
0
3
2
1
0
0
1
0
0
0
0
4
0
0
0
0
0
0
1
0
0
0
0
0
0
0
0
0
0
0
0
0
0
1
0
1
0
1
2
0
0
0
0
0
0
1
0
0
0
1
0
0
0
0
0
0
1
0
0
2
0
0
3
0
0
0
0
0
0
0
0
0
9
0
0
0
11
0
0
0
0
0
0
0
19
1
0
9
7
2
0
0
0
0
0
1
3
0
0
1
3
0
3
0
0
0
1
0
2
2
0
1
4
0
2
0
0
1
2
1
0
1
0
0
0
0
2
0
2
0
0
2
1
0
1
0
3
0
0
1
2
0
0
0
0
1
0
0
0
1
0
1
0
0
0
0
0
2
0
0
0
0
0
0
0
0
0
0
0
4
0
9
0
0
0
0
0
0
0
0
0
0
0
0
11
4
9
8
4
2
29
2
1
4
2
4
0
23
0
3
3
14
0
0
0
5
0
0
0
1
0
0
0
0
0
0
0
0
0
0
0
0
0
0
0
0
0
0
0
0
0
0
0
10
0
0
7795
1356
4038
4605
5977
4525
486
5977
2402
4788
3004
2918
45
7413
2835
559
472
5650
5436
6135
3389
5798
2676
3207
2066
5798
3225
2066
3477
2066
4475
2676
7795
1881
5816
7330
8156
6478
7330
8089
4965
1285
4004
6060
8121
2130
5801
7
1087
210
7344
3661
3661
2648
6060
1852
3389
7063
7301
5489
559
1852
3661
3004
7148
2421
5915
2124
2836
1789
5625
5576
297
4291
4291
531
1319
5998
5576
3209
1241
1395
5024
2130
7405
1852
4609
5220
744
7405
631
5165
6879
6060
7868
5928
3682
1620
5048
5730
491
7823
7722
7910
6227
7413
2938
7160
2938
1931
6708
6737
2339
6060
2938
1849
531
5292
6320
5220
2513
6060
8030
6737
744
3389
5220
5798
7453
2938
7092
2938
4341
3389
1852
2938
3661
5436
5220
5220
5650
6227
2513
2938
4237
4237
6320
5412
3389
5536
744
744
2938
1852
3541
1852
4578
7405
1067
3389
1519
1441
6879
8121
7506
4237
5220
2339
1067
2470
6708
472
5082
5471
2898
3610
2411
2411
4892
4242
5220
2513
5220
4651
2513
5436
4609
411
6135
5412
5220
1852
5714
1073
7371
4932
1879
7218
6879
7180
1849
6165
2016
27
427
5064
1186
5246
6272
2054
2303
7160
1311
7063
5024
2483
2861
2513
5165
7063
1244
5650
7582
4293
1115
8111
4562
4572
1999
3576
2133
7829
795
2771
3643
1276
53
5458
6897
4962
6201
1934
2341
7301
2016
4818
6332
3022
7218
7344
2411
7344
2339
2513
2513
7063
6988
5284
6631
6352
5260
7577
3232
1284
6210
2672
516
1276
5104
682
7461
6598
6352
8185
6234
949
3134
7160
4578
531
5385
2513
6031
3084
4667
4578
8121
721
4119
2939
810
1258
751
5972
1560
6632
4613
803
4855
5217
5250
285
4680
1855
4672
3971
3881
1493
904
1443
6310
3541
4242
7491
1917
1739
7453
5220
4578
5650
3002
4229
866
6146
270
4791
7796
5972
5614
707
3886
6038
6376
894
7386
2027
7796
3468
4831
3594
6456
2217
2217
7344
2217
2130
7679
5385
4020
744
3154
1852
53
5578
3718
6601
1608
6229
8166
7926
1296
4128
709
6119
6826
5806
894
4437
1757
7804
5714
1070
7954
1852
5165
5220
1824
5077
3661
7820
7344
5385
916
4341
3686
4382
4992
2353
674
6979
7140
7643
2678
553
5416
2007
686
3973
896
2994
7736
896
5574
6891
7607
1830
1852
2777
170
1824
1852
6320
4578
5048
2513
6945
1
3678
1186
1650
5125
7521
3329
5142
2762
2350
2897
7469
4369
3792
6038
6709
6052
5714
6038
1465
968
6523
5276
4341
721
1852
6320
255
5112
4341
559
5798
3717
7797
5453
894
6752
1687
3777
80
7181
6755
2893
2091
4993
7841
5561
2368
5496
1488
1231
3212
1397
7370
3838
5220
7160
2513
7405
390
3389
5077
6060
2513
6463
6891
2461
2461
232
2156
6510
1460
1781
313
2846
7103
7714
7367
3011
186
4515
7596
7796
2446
5585
961
6129
2777
5664
7413
7063
5220
1836
5048
1452
3610
1673
3112
1193
363
5744
740
7867
6965
3425
2456
2320
2706
6762
5274
3467
8111
4794
5997
5113
4721
3169
3183
363
4092
3570
5520
7453
5285
5220
7405
2339
7063
7805
985
7936
6976
6976
6335
5381
4176
2659
1761
6930
8185
2320
3659
1474
118
8065
7567
4935
7748
5617
2431
2450
2449
1493
7841
2650
4818
7218
7405
4578
1550
5692
4654
941
1844
4379
7424
3366
3040
8020
4158
3423
3282
8100
1654
4104
2041
7225
232
5892
4955
6066
118
415
968
4701
6214
288
3991
7982
1849
1598
1443
3206
3771
4430
252
6270
785
4930
6206
3633
3508
7514
2231
7970
2431
6189
1112
3741
1247
1945
3069
5714
5778
6868
3790
1296
5619
6195
118
3168
5469
6165
3154
8069
7299
5747
5303
7945
3188
3858
3944
812
141
5872
8185
4268
7650
7166
3524
288
6370
5699
2178
461
243
2861
4465
4060
8065
1934
7796
3809
4651
2339
721
7901
4448
2610
3572
2180
6069
2507
5017
4980
7824
6270
2448
6561
656
31
4174
3998
3188
6976
2992
3001
2007
4688
7704
1738
1184
238
704
6737
916
4478
3835
3389
2513
7413
4977
5360
7248
575
2014
2711
1525
4199
1957
3965
4748
5430
5007
1452
3068
5536
2496
5454
2346
4803
6485
4323
6498
1311
7218
4892
4242
6737
4892
1593
1067
7405
673
5204
5786
7299
4126
6129
5453
3466
2990
31
770
2484
979
7784
1237
3329
6229
2978
3446
1957
3272
7420
721
3661
6135
559
559
4237
559
3389
4578
5165
349
7029
2835
4947
6349
7521
4780
1696
3976
5499
5107
3594
7941
858
5452
5714
6844
3711
4655
2855
176
6980
7160
5220
4609
2271
5650
1852
5928
6737
7180
3561
4140
5048
4207
2305
1079
1905
31
5865
5382
3004
1313
4095
4018
5588
4507
3524
5574
4453
3308
968
1488
2104
7160
2648
4716
2513
6060
2513
2343
4892
1062
7160
4818
6668
6310
2385
7875
7614
578
4689
5746
2567
6199
5521
6925
2987
6452
4905
1949
5447
2732
6580
3106
6645
4175
6332
7405
5517
7506
450
5013
6791
1067
5220
5874
4209
6550
1677
7337
4461
906
7767
4303
3793
7227
5255
407
6122
931
3623
1713
5785
5250
5497
6681
7143
7995
4291
7160
3661
1852
5220
5489
3741
5364
5220
7160
3610
1490
5242
42
3926
3660
1582
1926
3660
1786
5682
7243
3740
3740
3263
2731
1470
6125
2372
4732
6294
6465
5730
2661
7344
3541
3389
4475
6135
4498
7039
4175
559
5209
4482
3107
4498
1017
1435
26
6508
3588
8011
4236
2410
7851
3897
6860
2630
5625
5495
615
7851
1395
5682
508
4578
6310
1836
5650
1425
7405
1849
1866
5249
1313
399
1185
7250
3472
3245
1661
7034
4623
4926
3732
3732
7722
6827
778
6441
6020
4049
3588
2916
7153
7350
2257
7160
7160
7506
559
7901
7301
7967
4698
7419
3304
2043
3816
5530
6746
5772
4805
8047
4595
1661
3044
3044
25
5376
3457
1055
5160
8159
2280
5308
7520
4353
3085
30
7497
1849
4892
