0
0
0
10
10
0
0
1
9
0
0
3
2
0
0
0
1
3
0
0
0
4
0
0
0
0
3
0
0
0
1
1
0
0
0
0
0
0
0
0
0
0
0
0
0
0
0
0
0
0
0
0
0
0
0
0
0
2
2
0
0
0
0
0
1
0
0
0
0
0
0
0
0
0
0
0
0
2
1
2
1
0
2
0
0
0
0
0
0
0
0
1
2
0
0
0
7
0
0
0
0
0
0
0
25
2
0
5
6
5
0
0
0
0
0
0
4
0
0
2
5
0
3
2
0
0
0
0
0
1
1
0
1
1
2
0
1
0
0
1
0
0
0
0
0
0
0
1
2
0
0
0
0
0
1
0
2
0
0
0
0
1
0
1
0
0
0
1
0
1
1
1
1
0
1
0
0
2
0
0
0
1
0
0
0
0
0
0
0
1
0
8
0
0
0
0
0
0
0
0
0
0
0
0
13
6
8
5
4
2
31
8
3
4
2
3
0
20
1
2
3
10
0
0
0
4
1
0
0
1
0
3
0
0
0
0
0
0
0
0
0
0
0
0
0
0
0
0
0
0
0
0
0
10
0
0
441
2080
3741
2610
475
5013
2080
7190
5412
1273
1664
374
5111
1425
4652
7806
3947
635
4165
3022
3947
1311
1550
2676
418
6761
5428
96
418
1698
6009
3631
6677
7923
4239
4892
6884
6041
5594
4667
2586
5428
2796
6980
7790
695
3642
4053
1148
5510
5863
8118
7163
6073
6107
6835
418
3930
6053
6053
4651
5019
1200
5314
5653
943
260
7871
46
5756
5530
912
787
2650
114
5535
3986
7218
2604
7873
3920
6438
3722
5411
7207
7243
6660
4754
6525
4448
4651
1523
4165
5742
2402
7872
6214
3401
1488
7615
3381
390
6271
6791
138
2586
764
6980
4039
5524
2979
4703
2671
3492
7145
1094
7189
1472
3740
5688
453
942
606
764
418
5010
418
1550
2494
8143
4718
5173
1944
5687
5997
3600
6447
5428
6215
4490
2190
6518
919
3460
477
4870
669
4623
5767
3532
6035
1989
3367
325
1705
4239
6011
4666
7190
4239
1423
6053
6447
1155
7570
390
6053
4053
96
6395
3537
165
5709
5228
2169
2253
1989
1760
7837
7865
6121
1168
4931
5867
5147
259
492
5984
8049
5269
6457
7615
1238
418
6447
1550
390
2441
6552
6271
764
2398
7530
8094
7216
165
3224
3037
4662
7461
4881
5210
7120
423
4817
4815
373
3396
6307
501
4269
240
7721
764
6228
5385
4419
121
7190
5594
2285
7871
3585
3879
739
3305
2996
2530
457
4382
4621
1584
1468
3224
6569
1549
2504
2630
4310
7812
1989
7785
2436
7067
3736
1550
3153
7134
4238
1739
5019
4190
2856
5129
4365
1430
6776
2633
4663
6810
2186
7232
6952
5037
7841
908
7559
3812
1549
370
48
3056
7059
5350
6885
7732
4413
4214
5363
2552
3449
4569
7107
1549
7960
854
5911
7227
1078
2894
6490
1466
1401
37
4601
1493
5309
4358
5015
4931
2320
464
1462
6208
574
7482
6975
6021
764
6553
8025
5470
2309
6104
2996
1299
4272
4128
4630
3457
6069
3153
537
6996
1239
1382
6600
7559
539
8010
6144
7911
6887
5350
6996
179
1466
5238
4073
574
7072
4628
2465
2941
5748
167
6612
7561
1641
4725
959
1177
2418
3318
5043
6103
4270
1459
5210
7911
7722
7755
4643
5398
4526
4590
6297
752
7710
5290
2983
7566
4880
6306
6553
7922
3153
6969
515
7560
7067
7466
1124
2728
931
4039
5868
918
6668
725
4424
1071
2766
6887
3510
4526
1327
6303
7817
1095
84
8156
5805
7324
8043
341
1631
2489
5801
6093
4186
191
1805
7326
574
7230
1078
2716
123
5164
5313
1076
4080
477
6775
6920
6448
7303
7461
5732
4996
7893
5023
7803
5228
7407
463
84
6053
1550
4708
5172
6648
4995
4275
2977
4829
7384
2429
3795
471
6681
4269
528
1076
7057
7752
2179
6405
6659
4723
5556
133
1430
3047
4703
3973
6451
1089
5168
4569
671
1534
6761
1939
1074
2190
6286
527
4605
1682
5739
4525
967
1896
311
5186
6535
1613
906
7079
1233
7867
6321
2196
2765
2979
857
4570
4643
4099
1675
210
2597
260
4856
1562
986
6918
901
4263
6920
1821
4916
6252
5419
7333
2995
5936
156
773
6138
2409
383
137
3515
738
1367
1919
6137
3180
3379
7011
5696
7828
973
3634
6519
6941
7782
6691
2752
2190
134
2320
1589
5892
3290
731
1715
3506
7172
5273
4623
1522
1566
1822
4413
4194
1094
2727
406
7694
5590
640
4942
7223
3494
2860
4293
5608
4942
738
5241
1321
6515
7603
4729
3196
46
1354
6922
7811
753
6583
2280
1094
2426
8040
383
4413
3186
6668
3434
4583
36
4192
6459
5285
4100
3266
8034
7856
5770
4131
4719
5159
5396
4313
5914
7234
1076
5382
6775
6020
5255
4800
4643
263
34
6035
6023
6253
4571
4916
7234
383
1071
4211
38
3001
3901
1615
2013
4425
541
7327
4211
1548
6351
7599
2378
5255
1241
1494
2956
460
1965
5975
3037
7518
1413
6247
869
7085
4018
5970
2426
2418
3051
6479
2188
999
2686
335
7816
7371
5149
4546
3821
5681
2765
2704
5824
1838
2780
4525
3686
3212
2507
3350
7303
5804
796
5142
1978
2402
2887
2685
1472
2460
7216
1798
1605
2780
7756
4319
514
3483
3055
4339
5028
2029
4987
487
2802
4412
1820
5608
8190
460
5761
6668
1856
6761
6385
7143
5066
1699
7185
2110
3288
3968
689
2881
710
3077
726
7134
6569
5314
1497
1810
5668
7039
8080
6116
6216
5439
1082
6645
2635
4581
6441
5545
574
7154
2662
201
4806
5633
869
501
1778
8003
7067
2881
1537
4568
5423
3145
4236
6227
4569
96
4965
684
2686
3413
2244
1124
4065
6321
4493
6784
1514
5307
5043
1113
7710
1916
8107
6886
7363
1520
901
113
3597
4990
4272
1156
1697
7989
4727
6344
2157
973
2796
3741
1976
1003
1567
139
7013
2232
3684
2498
2816
7530
2890
3882
5372
901
3472
1895
8010
1008
305
2058
4087
2929
2317
5364
68
4907
6498
6011
243
6141
3805
7966
2784
8143
1070
7178
2584
851
2592
2920
3506
6296
1895
6983
3853
1367
3763
4275
5876
4497
3786
4269
1170
2826
197
928
1284
3602
2497
1590
3415
2785
3816
46
101
3291
6552
3682
5292
1944
4308
735
7281
3793
87
7811
2110
1479
6875
735
84
1171
5871
1874
2313
3997
3184
116
559
7057
5354
418
3120
7917
4372
979
7012
389
1698
3755
6677
4202
2150
7219
1661
186
1272
3649
7488
628
305
5009
1872
1280
5561
2420
1836
1361
12
2650
4268
2648
1331
4319
5530
1746
4472
915
3350
393
3959
7063
4651
5477
1550
2284
4314
1213
5904
4024
5943
2139
2934
2737
2465
7236
7180
1538
6660
4812
4812
5079
7398
7123
5038
4723
4442
2111
6843
4289
5489
1046
4419
5173
1133
5173
6395
4202
6041
7934
7627
3472
5185
5874
6271
7344
1081
852
3458
725
7229
2663
444
7453
5112
2458
4911
7816
8138
6164
1090
1037
3594
137
2796
6053
6393
114
1620
7205
7871
5428
3223
1944
1944
3959
96
1736
2157
343
434
5223
4644
418
4644
