0
0
0
10
9
0
0
2
10
0
0
3
0
0
0
0
0
0
0
0
0
4
0
0
0
0
2
0
0
0
0
1
0
0
0
1
0
0
0
0
0
0
0
0
0
0
0
0
0
0
0
0
0
1
0
0
2
0
1
0
0
0
0
0
1
1
0
0
0
0
0
0
0
0
1
0
2
0
1
2
1
0
1
0
1
0
0
0
0
0
0
1
0
0
0
0
3
0
0
0
0
0
0
0
23
1
0
7
9
5
0
0
0
0
0
0
6
0
0
1
2
0
5
0
0
0
1
1
2
2
1
0
2
0
1
0
0
1
1
0
0
0
0
0
0
0
1
0
2
0
0
0
0
0
0
1
2
1
0
3
2
0
2
1
0
0
0
0
1
1
1
0
0
0
0
0
0
0
0
0
0
0
0
0
0
0
0
0
0
1
0
10
0
0
0
0
0
1
0
0
0
0
0
0
8
4
7
4
5
4
29
2
2
2
4
4
2
20
0
2
1
11
0
0
1
4
0
0
0
1
0
0
0
0
0
0
0
0
0
0
0
0
0
0
0
0
0
0
0
0
0
0
0
10
0
0
2285
2629
4609
4399
3551
1539
5019
4319
3594
4319
7615
2620
3060
10
6764
7732
426
6646
3631
2285
46
4326
3480
5314
1565
3212
3212
389
1917
4796
772
3835
4735
5290
1944
2586
5282
1242
5892
1565
3212
606
1578
6802
263
4377
8133
7499
735
1768
4012
3603
7371
3736
6806
4610
7932
7013
2303
3287
1767
5470
2887
8083
6510
3888
7570
4319
3291
5079
2686
5381
2155
1851
6710
7200
5984
5964
1675
5169
3532
4107
3250
6741
6064
2905
8105
1511
4990
3724
1769
7408
2410
4255
7764
5283
2629
2496
2303
6002
7916
2210
2656
3649
4737
788
1878
2014
4081
7425
2885
1239
356
3442
3933
746
7493
1071
8159
633
1136
5177
1113
331
2130
7570
2464
2684
1539
1539
591
4053
356
6316
1171
515
2532
3176
6710
4754
5263
5780
95
397
3517
7247
4895
7079
507
2979
3263
3654
6540
2905
5582
6511
6973
7230
4150
1550
5701
4074
5019
7978
2635
913
2693
5704
320
6020
3346
4741
1939
6858
406
4889
7185
2138
3517
5386
679
5053
1970
501
5131
84
6943
5919
2949
3835
1362
4372
2856
2986
3927
7619
2557
7785
1810
1147
6804
2092
307
6904
1168
386
3492
746
6023
6064
3027
221
6592
5133
1667
2454
2578
1476
5448
5694
3424
783
5412
7798
5892
5701
7638
2637
817
36
5630
6977
341
814
5761
1982
5233
5931
457
5837
4005
2313
3532
5734
659
2178
2194
999
2979
4482
1581
6775
6413
4916
7484
5079
2136
7357
5870
5434
7337
7169
6022
2107
2555
3314
1302
3495
4075
6167
493
6466
3049
126
519
2313
1946
6782
4743
6114
5023
248
1241
6047
3050
3055
5319
6058
5079
6985
5346
2607
2460
1871
2313
2902
7985
6904
1919
6311
7530
650
2189
5784
2644
1869
2555
1318
3878
3768
3164
807
2563
5149
1554
1095
189
4461
7582
1312
6510
1415
587
6022
256
6121
2979
6247
5162
5023
1967
4662
456
75
3813
1089
1967
1493
2618
1963
128
1170
2247
4899
126
5867
7209
628
7611
4033
2717
6230
591
2370
4741
7067
1117
2557
2714
2979
341
6592
3029
679
2644
7643
3991
1608
5641
7725
6948
7041
6529
4469
8053
7912
4153
2454
8174
1113
470
4595
92
5314
5997
6767
6362
4744
3849
4986
3834
5330
2128
679
6054
3380
1792
3380
1911
7885
6966
1735
6815
3191
4672
7996
1454
6883
3191
7965
6040
7913
7256
1372
4070
1997
4809
3469
2903
7495
6328
5630
2753
6807
2555
6301
217
4044
2246
3421
5044
5837
5202
6025
895
4459
7990
3993
2216
1994
2504
5804
802
618
1350
38
2572
7910
568
2271
1314
5119
4913
1667
6251
640
140
3024
2032
4769
5862
2190
705
2956
3008
1225
5602
3380
2433
6957
2585
4209
3723
4097
6827
6923
3708
2663
2071
2114
8011
6053
4425
573
4548
3593
2281
5238
5639
4659
6501
4743
1061
586
4736
5924
6970
5811
1366
883
7460
1671
4662
869
3882
5078
3051
123
1409
6227
4735
3347
4274
6552
1163
9
566
6696
8114
6982
5443
4439
2272
4935
2292
7020
4439
8177
3029
3492
6694
2006
6527
4659
3777
3197
7566
1982
6131
1554
7739
4675
6677
4093
393
26
6053
6531
6847
205
8107
1382
56
2154
504
4276
1846
2618
2618
6970
6121
7329
4749
4528
2082
8089
1048
397
3472
1835
7725
587
8094
6476
3326
5547
5805
1765
5507
4134
913
906
7853
6137
2876
8022
1061
3557
5931
5233
5784
5637
1495
3712
6466
5233
2911
4866
6256
7120
6365
3911
1459
2716
7617
3566
7482
4788
6973
4600
5046
808
4840
6824
2093
1919
504
6316
4738
3300
7941
3859
3314
6801
2006
6527
5784
5784
7880
5078
7837
1628
2186
5761
4606
524
6088
4595
5430
5997
5507
6806
1253
7256
7885
7029
7803
3340
6303
42
6515
2292
1913
7572
6220
994
6114
3644
1025
6217
7804
5938
1243
5998
5206
507
2155
1479
5128
6131
5594
4892
3700
6648
7169
4911
2956
6139
2219
3652
1972
3263
971
1251
5621
2069
5763
7554
2394
1374
3476
2247
4800
1344
5672
4811
87
6785
1253
6920
7048
6369
1033
5756
1661
5523
4019
328
457
1982
2956
2358
3282
4940
705
2956
872
3965
1356
7059
2358
7299
784
1725
5482
4749
341
1651
1217
3118
5964
4526
5584
4033
901
1428
773
7138
8118
5871
7312
5804
4743
1994
6720
6234
6143
6839
2575
7996
1435
1281
5871
2996
2460
7093
4749
403
7457
6152
4526
7285
632
1241
3847
5210
6268
7132
8133
3834
1350
1213
1809
1028
2194
1682
1994
6139
5629
8048
4899
4899
2956
6851
2116
2949
1137
2927
6025
6867
845
1613
1204
4526
7934
731
3636
4793
1935
2127
6775
5557
2196
8159
5986
5931
7203
7363
857
1919
6612
397
1809
7727
7720
3984
6622
1735
5696
6404
7523
2894
3162
7799
3047
7854
6768
5780
60
4918
1530
6724
3597
6966
4033
7714
6650
6452
4268
386
4998
6612
5177
387
8005
1988
649
2156
7449
6410
2893
7416
3196
2601
8191
2902
902
5337
4875
6319
2749
2286
462
3710
6605
8065
5467
6780
3000
1798
3649
1300
3695
1810
8002
1079
2894
6720
6720
4743
1699
1048
6262
1989
2601
4800
775
5780
5172
7543
1511
512
7911
3716
2196
3061
2411
7229
1280
1039
6190
1605
735
84
3920
5232
3642
6262
7416
7416
5829
5837
507
5913
7785
3153
1095
6936
6022
8191
2977
1767
1842
6273
1048
3051
6253
4597
3959
3481
7153
1155
6914
3493
6956
1363
7537
4355
4046
5543
5023
5688
6895
2972
403
3055
3676
3802
6103
4942
5337
4497
1970
2277
4539
4570
2345
2227
5066
3230
390
6041
4809
1765
6041
7747
3302
5745
7463
8105
7201
4169
7747
5684
2836
1244
2856
440
6622
4272
754
6108
6569
2190
6612
7056
1902
6374
7571
3367
6124
2916
7492
6973
3477
4475
6053
1944
1360
2421
3435
1402
7262
5653
1121
2439
5489
3861
5594
5428
7049
2059
6266
4421
6246
4990
2535
6116
4275
5232
4990
8135
8047
2978
