0
0
0
10
6
0
0
2
11
3
2
3
0
0
0
2
1
0
0
0
0
1
4
1
0
0
3
1
0
0
1
1
0
0
0
1
0
0
1
0
0
0
0
0
0
0
0
0
0
0
0
0
0
0
0
1
0
0
1
0
0
0
0
0
3
1
0
0
0
1
0
0
0
0
0
0
1
0
1
1
1
0
1
1
0
0
0
0
0
0
0
2
3
0
0
0
6
0
0
0
0
0
0
0
29
0
0
9
9
7
0
0
0
0
0
1
4
0
0
1
2
0
5
1
0
0
0
2
0
2
1
1
0
1
1
0
0
1
1
3
0
1
0
0
0
0
0
0
2
0
0
1
0
0
1
2
3
1
1
0
1
0
0
3
0
1
0
0
0
0
0
4
0
0
0
0
0
1
0
0
0
0
0
0
0
0
0
0
0
3
0
9
0
0
0
0
0
0
0
0
0
0
0
0
14
5
9
6
4
3
31
1
2
2
3
0
2
20
4
1
1
12
0
0
1
2
1
0
0
1
0
1
0
0
0
0
0
0
0
0
0
0
0
0
0
0
0
0
0
0
0
0
0
10
0
0
3904
4145
5315
7119
5681
7950
1591
7426
2810
7311
7604
6340
1286
3119
7759
4389
3875
6340
6564
8004
959
6228
4349
1057
7757
7640
4114
7956
2922
820
7012
4719
1600
2283
5303
1601
6479
1570
1485
7426
3719
7859
1999
2389
7037
618
7623
4199
3499
2072
4410
2217
3702
3702
7575
1275
1441
1029
5285
920
3589
2916
2620
7463
7398
1275
5102
5709
3472
7311
3264
359
189
5706
2939
7687
3692
2711
2250
7572
7810
8111
442
7524
6371
4472
4578
7344
6004
432
138
1414
5364
3876
919
749
3876
2442
4067
210
4807
2616
5878
1081
1590
7648
6107
6825
3534
6129
4060
5217
1429
7805
6129
5642
5927
6318
6318
6215
4492
3571
372
4053
5921
261
859
3635
4340
6989
2690
6321
4792
1342
4
5344
6873
4021
6943
6204
1407
7776
2820
2649
967
6073
2612
6242
4323
5005
7500
5288
4365
7180
4492
7494
6351
5715
3464
4504
7344
7405
2483
8021
2217
7759
1961
7662
6296
983
1851
6892
8046
6098
5098
6275
4249
7466
4840
1040
4036
7306
3279
4004
210
3469
5385
4261
36
1313
4348
5715
7582
4448
6059
2470
7028
6872
3813
5565
1846
2019
2715
1253
2753
4916
1061
7393
6076
6501
1657
7136
2313
7103
4430
6066
916
5193
4479
7642
34
4190
3480
1849
5385
6332
2271
7827
3642
3668
7501
4432
5114
4177
7142
3813
7865
3729
8036
240
7432
4045
3459
4523
4413
1573
7404
2879
2684
6202
5048
3876
4457
3927
6004
7781
2410
663
3561
6060
4698
1540
2008
847
1790
6017
3459
2193
7071
296
5972
277
365
5455
4014
3283
163
69
2526
7318
4649
1750
3668
369
1200
3322
4479
1534
7040
4150
4492
4365
2339
3462
3489
2978
3226
7302
2987
2949
476
1719
2732
5145
481
7071
7525
1335
7821
6810
118
6844
4515
2354
7344
4093
3292
3702
2057
7827
4101
7442
5292
7679
1879
2750
6960
1180
4048
4743
4944
285
7217
6499
5954
5324
1442
1846
4110
6349
618
5433
7192
7367
5098
4140
4716
3876
6906
1163
3909
4140
4651
4294
6724
702
4614
1073
7931
6106
394
1473
6480
6264
3011
53
358
276
4354
3549
2448
8184
3711
5093
1465
5328
7355
1335
7679
1067
3229
5227
4365
5470
4716
5715
6823
7788
709
7572
8100
4957
4911
5176
6098
6844
6284
770
3783
995
1058
7689
5099
2145
4523
5168
2152
6765
5416
3192
4818
5715
4604
6409
4150
4412
1067
3561
702
5504
1296
858
6468
3646
3197
1479
5217
6284
3777
1461
7086
7495
4766
7304
2939
4823
1551
746
292
1080
2050
1494
35
30
2152
3288
3608
5303
4340
4667
6479
4549
1633
1156
1525
449
7725
54
6334
8073
2459
7420
2879
5584
5397
5672
656
4823
504
6927
7296
5246
4686
2738
3181
2872
1298
3269
3822
3319
4861
6528
4388
4014
7646
5816
6232
5855
150
8065
7057
4542
8023
3196
7404
1696
684
4481
422
656
2320
1562
4793
3858
118
5138
7105
3709
3709
2598
3070
309
2243
1651
6765
4548
7955
3976
6843
7896
4976
7486
5359
227
6303
1440
358
1335
1137
5419
1064
3486
5637
4052
459
1180
8055
4789
8145
4560
7766
3275
1846
1471
707
895
4826
1993
6102
4447
626
7018
2024
7648
3075
3749
614
7755
1585
1760
6892
1660
5452
4014
2431
940
4124
2572
7259
2890
2255
2353
5309
463
4970
3179
3531
2113
5630
905
7552
7009
1942
6937
4635
5080
5783
1844
4306
1095
4942
2721
150
3075
2879
7355
5692
2195
225
5004
2821
1668
1888
1007
3784
6885
1263
3285
3199
6489
3565
7549
5593
2473
2965
733
7535
2282
6960
2431
7847
3279
5980
3075
3198
5692
830
2395
2978
4038
4963
5787
2332
6682
6682
4552
3319
4054
6364
2879
5722
377
2179
1397
6911
6538
4826
5204
231
4161
3869
5785
3966
1112
7572
326
6318
89
1949
5816
55
8141
1564
1203
6991
5646
4298
4513
1553
3812
2538
4995
3133
6410
8181
530
1489
7120
7428
4917
8181
6502
1368
1632
7439
7250
2064
5430
3085
8084
5193
5346
2326
714
2959
3822
7084
7694
5734
1263
5602
3670
2872
952
1645
4471
6504
8022
5590
7602
223
2095
7184
7602
6690
7105
7314
6340
4328
3096
2120
2993
7780
7732
1068
8110
4477
6682
952
7052
1263
4459
7694
1553
8088
8088
8033
4897
6029
7631
7174
2113
2475
4083
1756
2046
5312
3269
6617
7014
6569
369
1005
1924
4321
7938
5633
2246
5602
7208
2721
6807
3709
6364
5443
6690
6368
6917
952
4928
7602
6567
1773
6736
6842
2469
5783
2489
6188
5332
4361
753
2629
7827
3383
6276
3665
5122
6274
2332
7208
4451
3853
3099
7402
7709
7133
4592
4917
2762
2725
4313
4894
4996
4724
5269
7848
464
2916
4375
2252
4270
1925
7926
825
2953
4437
4649
2624
5338
7856
6102
3309
7157
7247
1916
3181
5435
5685
2877
7153
5687
253
6085
7444
5039
3692
7103
7541
1062
6307
1767
3974
5564
4990
3959
255
4710
416
4155
7816
5024
1620
90
4875
5386
5062
6992
342
2391
8063
3326
4796
684
3769
2028
3398
2597
382
295
708
3264
3674
3036
7172
1538
3755
4415
6571
5018
5035
2024
3668
6563
4809
2405
5507
2924
2460
4928
1809
2102
5398
6188
5731
7745
5749
4758
3608
5620
4294
1042
7950
7275
2790
7172
7654
5112
921
1602
2279
4478
6306
4702
1823
1170
4278
4175
4291
491
7646
4045
6368
5435
4236
5403
2284
2229
4392
428
2810
3807
5278
117
3666
7119
7574
4504
5168
695
6698
3402
4053
7104
1497
308
4545
3433
7617
7482
6031
783
5696
1645
3199
6873
4880
491
4618
6104
4595
1940
7241
4740
8094
6654
6760
2790
2979
7371
6186
7236
3483
7989
4708
686
1774
924
1003
932
47
5871
1441
3806
1817
6368
195
5058
1160
574
5801
2279
1272
3775
1402
4793
7056
3392
3355
5718
174
1659
896
4053
167
2411
3599
4846
5268
2076
2766
6150
7527
5408
6253
7154
1619
8082
2291
7098
4609
702
4950
2418
