0
0
0
9
0
0
0
1
10
0
0
1
2
0
0
1
2
3
0
0
0
3
10
0
0
0
3
0
0
0
0
2
0
0
0
1
0
0
1
0
0
0
0
0
0
0
0
0
0
0
0
0
0
0
0
0
2
1
3
0
0
0
0
0
1
1
0
0
0
1
0
0
0
0
0
0
1
0
0
1
0
0
2
1
0
0
0
0
0
1
0
0
0
0
0
0
8
0
0
0
0
0
0
0
22
2
0
4
5
5
0
0
0
0
0
1
6
0
0
2
4
0
3
0
0
0
1
0
0
0
1
0
4
0
4
0
0
1
1
0
0
0
1
0
2
0
0
0
1
1
0
0
2
0
0
0
1
0
1
1
0
1
2
0
0
0
0
1
0
2
1
0
0
0
0
0
0
2
0
0
0
0
0
0
0
0
0
0
0
1
0
11
0
0
0
0
0
0
0
0
0
0
0
0
11
8
8
8
7
1
30
5
2
2
2
3
1
17
1
3
2
11
0
1
0
5
0
0
0
1
0
1
0
0
0
0
0
0
0
0
0
0
0
0
0
0
0
0
0
0
0
0
0
10
0
0
4594
5000
7330
4718
3100
2918
7484
606
1319
3262
6105
5619
4077
491
4100
5092
4498
6636
4164
4296
8025
785
5874
4146
4146
3326
4146
3661
8155
2736
1836
215
7910
4255
4535
1299
4842
783
8092
1750
7417
1182
1830
7902
1522
7031
899
3477
4175
1465
7159
3352
2868
5967
414
2232
2062
7967
7533
6796
5805
3682
6421
6811
4707
1317
7815
2368
3541
1441
1567
7613
1423
3483
2798
6252
7872
4202
5335
4448
4291
6510
5436
7497
1105
7887
6997
2119
6320
802
2558
4796
1105
4120
6635
2219
3153
5024
3046
250
3747
2358
3854
6000
2496
2080
4651
6833
4698
5447
7830
6024
7246
5536
7890
35
1600
727
6776
5324
3835
1234
6864
5332
4492
7745
5214
4569
5363
5155
3266
2737
3901
1087
5536
5113
5232
115
1242
7962
6211
26
4152
3318
2080
928
1293
4700
2791
6520
5536
2516
348
4317
6031
2772
2421
1029
48
5608
1833
6950
2303
177
7741
7074
2513
5982
3389
6547
6447
692
7167
211
1926
2496
783
2303
4233
3959
6510
3389
5412
7901
979
3188
3260
450
2753
30
4492
361
4977
2768
2137
4120
7595
225
2214
7887
1824
4618
928
848
3347
3443
5357
7544
6989
7460
4251
1211
1348
215
3541
1224
4164
1948
2773
2938
1425
1492
959
4150
7252
1892
2648
6066
3420
6824
5112
4950
6000
7823
7841
7148
7679
4394
5401
7881
730
1326
528
6345
8170
2401
40
1196
559
6831
3541
5779
3225
1593
7318
7415
5393
5481
2098
5201
1281
6805
6895
649
7205
4022
5153
3120
5186
3073
1289
7840
7574
8173
3611
5770
3914
1848
5524
1499
4007
4478
1852
3600
2066
7246
6384
1787
4239
8106
517
1513
4796
4472
47
5385
4329
6552
1531
3375
5696
2726
1326
4283
4988
755
6732
6667
5259
1247
6413
5186
1961
3188
3207
3667
6040
2796
3477
2405
2916
3469
2002
4796
7575
2244
1787
615
4151
303
4307
3836
7285
956
4663
3759
7714
1844
7605
3472
7523
1846
7241
2122
4490
3667
4462
7298
8146
472
4568
1319
6980
4735
3600
7887
2485
6826
7218
4340
623
5855
1616
8102
4751
270
7181
929
5793
2278
2122
1555
5106
5736
610
1623
5749
730
1735
1365
7637
1532
2405
3541
3482
3680
4922
613
5031
6252
5024
2489
450
6687
6850
3603
5550
6107
7343
5353
7879
5641
528
7510
5251
4021
5842
3388
25
2393
5587
3338
5570
5812
3154
7223
6414
2541
3036
5186
8049
8170
3918
8097
330
3580
3858
1027
2239
4184
6922
8100
2910
3343
5011
5496
1951
6614
626
3900
7233
5132
3303
4516
7759
1162
3477
5798
5135
1773
5024
3101
5186
1141
2278
3493
4512
6237
6897
2038
6554
2201
7410
4396
3093
7801
5135
1492
823
7245
3604
5389
1555
1352
6391
5506
7254
4088
2916
6124
5340
3076
5149
2271
6581
2436
3896
7865
1314
7569
7843
7343
256
2430
7637
3384
5829
1652
856
956
6399
3371
4967
6132
5915
2122
3030
8084
4289
4848
5168
5024
5913
272
422
1856
1767
1720
3652
5306
6131
4107
3879
2342
3883
6109
6370
3125
7117
2463
7547
930
7097
7097
5986
1232
520
1220
3638
617
1711
2007
348
4011
434
208
7631
731
3358
3614
3484
8191
4355
1472
3060
1187
6467
1288
4536
4690
7091
762
6162
245
1797
1186
2368
2809
4602
3601
2434
3958
7818
2373
7506
1539
7877
4291
3736
7493
1709
389
4486
3101
2613
4692
7442
1501
4328
1093
3371
4051
1947
7782
4006
7983
1492
2157
3441
2090
4539
846
3958
2836
5717
2161
2428
570
5785
1137
1534
597
1243
7497
5757
193
956
957
8057
1127
2859
7686
4385
3298
7585
1799
7686
2207
5885
1085
566
2731
6555
7855
2764
7369
7828
3292
1501
958
2175
1048
3167
1224
6164
6482
4275
7510
5277
1656
7129
6759
1019
3351
6836
1617
1599
4877
3082
3609
93
5832
5307
3953
8139
5276
7851
8187
879
3736
7656
3119
2285
811
6510
4202
3056
7879
44
7369
8186
6634
5952
4866
2225
3404
1801
1449
3410
2347
2731
83
1799
7106
2859
570
1254
2022
633
5876
6675
8142
4503
3363
3252
6708
7583
568
7706
5307
2625
7818
3609
6472
8187
3560
2252
2175
325
1711
3410
7843
3637
4877
6681
6651
407
6374
7473
5228
5736
565
4124
6415
3220
4522
7205
4155
5476
5627
2626
3472
6846
3953
4125
3960
3093
967
2463
6824
684
4062
6134
6932
4325
3236
6714
1613
6000
5601
1947
7667
3443
5489
1931
6818
559
5661
1062
1024
2264
1011
1331
5786
3264
8043
3761
5131
7803
521
4824
6216
1350
5514
7882
1613
5736
3740
2015
7207
4987
722
2832
6475
3535
4538
7246
1631
1170
4224
5701
4853
6915
4342
5982
6689
2259
940
516
956
4960
7733
4154
4995
1601
6145
6149
936
1686
3740
681
5086
36
2850
8135
4751
915
2393
957
4594
263
3947
4346
3095
538
7598
6460
7613
5064
5463
3060
2932
1286
1235
4309
3119
244
6163
4215
3392
896
6852
4593
5255
5374
3666
2425
1260
1732
915
2536
4003
4950
1824
3695
4202
2285
2285
447
1835
6737
7874
3154
3148
7934
573
156
7658
3554
4963
1084
5998
5288
4200
2259
4807
7507
4688
6558
4740
4374
5198
197
6695
3734
3741
4830
900
3893
8160
486
4703
7110
7777
6850
4580
2343
2402
2577
4751
6955
1277
8173
7405
2279
1944
7568
7574
1704
5293
4595
367
521
1272
2790
5994
6719
7214
7217
248
7798
7123
6973
4207
6450
5997
3052
3631
7664
432
744
6361
4410
7265
7461
5066
4701
4892
3254
2929
4436
2101
6819
834
7283
3036
4814
6425
1081
1847
4011
1458
1949
7087
5013
5450
914
5344
5079
5735
4008
2676
2257
8023
5540
3507
4707
7491
5517
2958
1331
1762
843
474
5603
6453
4503
3132
1021
89
825
5412
263
1003
137
3504
4920
3585
1531
5393
6152
4578
1243
6259
7246
7187
2948
1160
4707
2558
4472
7745
1680
1238
7060
4598
1083
466
4202
5798
568
348
2958
7484
