0
0
0
11
9
0
0
2
11
1
4
2
0
0
0
0
2
4
0
0
0
0
7
0
0
0
4
0
0
0
0
2
0
0
0
1
0
0
0
0
0
0
0
0
0
0
0
0
0
0
0
0
0
1
0
2
0
3
0
0
0
0
0
0
2
0
0
0
0
1
0
0
0
0
0
0
1
0
0
1
0
0
3
0
0
0
1
0
0
0
0
0
5
0
0
0
12
0
0
0
0
0
0
0
28
2
0
7
5
5
0
0
0
0
0
0
5
0
0
2
3
0
2
0
0
2
1
0
2
2
1
0
3
1
2
0
0
0
1
1
0
1
0
0
0
0
0
0
0
0
1
0
0
0
0
0
1
0
0
2
0
1
4
2
1
1
0
0
0
2
0
1
0
0
0
0
0
0
0
0
0
1
0
0
0
0
0
0
0
2
0
8
0
0
0
0
0
0
0
1
0
0
0
0
11
4
10
6
6
2
35
2
1
6
2
3
1
28
2
2
3
10
1
0
0
6
0
0
0
1
0
2
0
0
0
0
0
0
0
0
0
0
0
0
0
0
0
0
0
0
0
0
0
10
0
0
2554
7872
568
5255
4214
5432
2285
5013
4934
4367
5332
4892
5720
6764
5113
4792
5100
1514
2405
2548
3245
280
3517
747
1928
5921
7816
2905
2902
6031
4622
900
6020
7598
5826
3061
6817
7440
7956
5839
4383
5000
1425
94
3132
5055
6847
5494
3955
333
4425
4613
8075
3061
2829
5890
3413
5422
2024
6203
3153
508
684
7018
3647
738
5975
6492
3404
4734
6521
3714
7239
2327
1540
3347
7778
6920
5489
1224
6219
4643
2195
4700
491
4036
4692
6924
7679
663
3347
7156
3772
7061
361
6465
4325
7935
320
4343
7138
253
6356
5292
1281
7439
3812
6749
4011
2119
932
3055
1690
4574
1550
4779
7294
1709
621
6139
7408
3699
8187
6863
7143
5537
3066
4698
8105
2164
1048
4521
7393
2705
6603
6594
5115
6882
2224
3121
541
2207
3212
7373
4069
5417
1776
2146
7207
7590
1750
5057
3287
649
5127
6059
7902
1539
1799
2465
1088
7722
6355
1776
169
2481
5101
1702
2462
7289
2166
3416
4861
1690
5144
3971
2431
1844
4720
3282
7153
2402
7640
7908
8128
4352
7011
980
2358
2665
749
2377
1107
552
1880
1830
3988
1155
1697
1854
1769
884
5324
907
7395
3141
7906
4021
2712
1973
6044
2879
6762
671
5156
2979
1279
6818
1452
5636
2133
3584
2092
7269
2133
811
3492
3049
5671
5102
4056
986
5051
1524
316
1545
5234
2435
1628
5952
7136
4743
7885
3557
3692
961
3497
6066
921
5874
6421
7210
5947
5902
6724
6571
2459
5887
5576
1470
8133
3193
5566
6053
8176
7687
7567
6143
5519
470
1667
3452
219
6962
3669
201
4866
551
2266
6811
803
7072
2635
3440
2137
2057
4093
3699
5070
3194
7227
5306
1403
702
6657
5507
4388
4135
6572
6567
6682
627
627
1061
4044
5566
5416
7318
6659
2565
7572
5359
6809
7687
3405
5933
4849
2915
4839
6396
3585
7492
340
6943
7625
570
4708
3223
2997
6143
3891
4738
7608
6388
7020
7885
5473
3434
37
7386
6292
6114
6364
439
3141
464
7687
3701
7160
146
2929
7649
3420
215
4383
5945
7587
1809
3610
1841
1461
3024
589
6883
6476
2272
7008
4258
5072
1259
7349
1327
8110
1989
6096
7924
6143
4527
4073
2080
7941
4716
1024
6393
2123
3449
3959
4858
763
2496
1523
6123
7783
3277
1267
5118
4096
1462
413
4278
3728
5284
4520
7996
7247
2518
2595
958
7313
7529
4495
1450
4472
3958
5210
8025
528
2728
1713
3161
7910
5542
4478
4011
3221
4913
3108
123
2840
6911
118
7055
2145
7758
3756
1401
1061
3709
7303
747
3452
5692
6387
1415
3036
4809
914
1425
3046
1158
4690
4035
1849
3061
2986
4472
3677
2877
4659
6544
4469
2585
6710
4076
2481
5302
433
4768
4811
1433
7299
1699
6642
4260
4423
744
2826
7915
4644
907
8103
937
356
7851
5858
432
2266
2650
5427
1328
7493
2172
4495
294
1239
4001
2872
5633
1783
4432
2820
458
5762
415
2585
6387
4073
5677
5292
5288
2586
2343
5647
3778
2130
7938
6756
1069
6364
586
1353
5831
1068
747
5830
5761
3991
2535
632
4346
6868
1617
1981
2475
6152
98
7355
4423
4000
3989
7784
3095
1949
7218
6041
5272
772
1949
3132
3037
3971
3198
5036
898
1950
7302
1740
1682
1357
6974
7142
4199
5114
2431
7709
7953
6720
2793
2526
4258
5537
4478
295
3391
5489
2502
808
2766
4751
1970
1746
5041
3317
3971
1827
3915
3070
1628
2532
1350
1435
904
11
8111
7272
4096
6952
5344
1934
439
6765
1819
5751
1890
6465
5778
7063
684
1871
7941
740
2392
4874
186
8030
5104
5
5940
7404
7103
7541
1374
4130
3531
964
1435
1366
711
1366
5784
6094
5188
1060
5909
2884
5710
3561
6089
6332
5129
614
5066
1597
746
4027
3038
3413
2441
390
488
3149
7697
4893
6325
3538
3153
458
1844
5341
2238
6937
6167
4339
3320
1262
5693
5382
835
4784
5447
5272
3542
4341
4858
5057
1821
7909
547
1871
3834
2558
4007
6393
7570
1224
2358
6065
5862
4887
5627
7059
5421
7829
5836
5780
6560
7747
6788
769
8074
2603
2029
29
8106
200
2286
64
8189
4933
4965
4694
8041
3304
2960
7854
3969
2283
749
98
6449
7089
2277
2999
48
4088
7414
7559
5722
3792
7784
5933
3022
4892
5892
4955
6060
6549
6983
692
4074
6679
4241
3808
1825
4340
5484
3722
4420
7398
6414
5343
3600
384
568
5320
1791
2285
210
6380
4667
5489
1839
2064
477
5745
2915
472
3585
2015
5560
6106
992
4741
3224
2015
5118
6475
5632
1361
6109
5896
6310
6448
4316
7356
4643
3038
7056
7559
4448
2948
25
6915
7871
1230
1219
6983
338
6346
7545
5470
5452
3212
4067
7654
3146
932
3584
2586
6860
5101
3664
5649
3470
3943
1637
2059
3445
7093
3084
1833
2137
1217
2130
925
4644
2835
3542
979
1277
5440
5833
6899
5276
2679
4845
5172
2784
4698
1003
3674
5198
5921
2119
7706
1752
5527
6876
8174
1598
4481
7094
5594
3814
7061
4290
5494
3188
6395
471
1550
1893
1576
7453
6520
1600
292
8011
2699
4236
2182
4237
2810
7205
3190
93
8047
5385
5764
201
2861
3386
3176
5622
6761
26
565
6480
7143
959
5456
6112
6849
1181
5801
671
651
7024
3143
411
393
1051
4575
1593
5547
7049
4718
3612
1296
1971
7208
7913
5010
5601
7031
6768
1548
5739
7039
1717
494
5444
7980
7049
114
2553
1157
3144
7582
5263
169
5275
763
7289
1740
1879
5264
290
1836
2771
4016
61
3599
2196
3624
5013
715
3528
3842
7231
2207
7171
3995
3058
2520
6303
1032
4718
3631
4701
2676
5654
6947
3092
649
3584
7682
2370
2591
2584
6667
5223
7575
7475
1353
4964
5591
6968
1661
4820
946
5892
4412
3453
4689
4318
2548
6903
4392
4835
7413
772
7148
4644
7843
4270
3052
114
6332
450
7160
7171
5165
6240
5999
4214
6749
5928
4722
7437
2577
8134
1534
4952
35
6543
4081
7845
1150
3392
149
3732
3403
5334
