0
0
0
9
0
0
0
2
9
2
1
4
3
0
0
3
2
5
0
0
0
0
11
0
0
0
1
0
0
0
1
3
0
0
0
0
0
0
0
0
0
0
0
0
0
0
0
0
0
0
0
0
0
0
1
0
1
1
1
0
0
0
0
0
0
0
0
0
0
1
0
0
0
0
0
0
0
0
0
2
1
0
3
0
0
0
0
0
0
0
0
0
1
0
0
0
6
1
0
0
0
0
0
0
23
1
0
7
5
3
0
0
0
0
0
0
2
1
1
1
5
0
3
1
0
1
0
0
0
0
1
0
2
2
4
0
0
1
0
0
0
0
1
0
0
0
0
0
0
0
0
0
0
0
0
0
4
1
0
0
0
0
0
0
0
0
0
1
0
1
0
0
0
0
0
0
0
1
0
0
0
0
0
0
0
0
0
0
0
2
0
10
0
0
0
0
0
0
0
0
0
0
0
0
10
9
8
7
4
0
26
1
1
4
2
3
2
19
0
6
4
11
0
0
1
4
0
0
0
1
0
0
0
0
0
0
0
0
0
0
0
0
0
0
0
0
0
0
0
0
0
0
0
10
0
0
5801
7860
7109
6672
5272
5112
744
4207
5173
4475
5412
1075
6588
631
4594
6677
3861
2620
900
3741
6417
215
1565
7492
5477
7871
1565
5079
6417
5594
4478
4812
932
7332
1942
5716
3851
7148
6303
2034
1595
591
3600
411
6135
418
7235
7876
962
7581
5246
1035
5013
3732
4478
7872
5507
3240
2676
3588
4294
5166
1997
5594
2137
6252
7369
5647
7380
1534
7344
729
4067
7408
3240
6384
2136
6956
3107
1945
1251
5655
603
3957
5918
988
777
684
1583
4194
2817
6756
87
87
5332
3225
4708
5997
3358
7785
4796
4361
5801
6417
3600
6053
1774
340
7293
287
6412
7480
2847
6242
3388
888
7386
4653
1956
4852
1522
1289
1203
4187
7155
1157
6183
8080
2500
845
2459
2489
7570
6677
6384
916
3437
1516
5949
5251
7212
553
7743
2682
5655
3193
3193
7743
1326
4083
2117
4718
3741
7484
1732
7543
1409
6022
2915
1740
4077
1565
6002
2405
7570
2080
5129
4767
2852
6209
2682
2012
940
5464
6096
961
551
1623
2342
4999
3388
3990
5011
2709
696
6973
959
5654
295
3936
4689
4475
2192
1523
5013
2907
7346
927
1531
2505
3646
5421
3279
1193
5834
5407
4890
7142
3356
6019
7305
6516
3657
1294
265
6965
4186
575
5048
2986
1232
2805
4694
3584
4008
5173
1776
4904
6586
6080
4277
6825
7043
496
6911
6948
4601
1719
871
3921
3214
6589
2711
6171
6646
2882
6734
7960
2803
5717
7536
196
2747
425
2080
6677
390
5579
7153
3600
1652
3426
4083
4086
7770
2660
5588
8111
4724
363
2540
6167
7770
6044
6804
7200
5298
6573
8183
6666
953
3097
4244
4434
7043
5191
960
6384
390
3600
6271
3959
7068
5641
2050
7377
7768
755
7264
4666
2526
4149
3125
3050
1474
3198
3659
303
8070
2250
7438
2908
1149
7899
768
4423
4983
2197
8143
2465
649
2285
1523
3542
238
6126
4676
3771
5952
5246
7381
5144
7697
7017
6627
5452
277
3714
4933
7064
8070
3283
4755
771
4676
8096
2812
5151
1545
4360
1523
6089
1295
7734
117
419
4504
7907
4137
5590
5250
6633
1844
4104
1981
7744
1527
386
3977
2519
1429
1913
6134
3363
5260
1058
3543
7278
7111
4810
3133
7847
7408
4214
2499
4158
5539
755
971
7117
467
3622
5866
1957
770
3283
5834
6044
872
5584
1180
5284
945
2366
7356
7963
1545
1571
5259
5323
551
5919
7386
5359
4312
3212
764
7190
6170
945
3397
5274
6924
2240
4890
5769
7821
101
7163
6963
3624
6095
6232
6299
3718
6091
7111
1654
768
6809
3650
3786
4277
6352
7970
3331
6346
361
7872
6447
5594
7405
2410
3654
6427
2553
3858
1816
4401
1846
6580
3283
2235
7037
3249
6107
3567
3446
6352
7318
4527
1827
1396
2824
7929
5144
4589
7038
7275
428
1105
96
6053
4448
5997
1678
7312
7666
1942
4580
129
4282
1659
5101
7319
307
7732
732
1578
2712
5261
6809
5246
150
3441
1668
6345
3063
6523
4926
3584
2374
5896
649
3851
2285
5664
7596
2439
6448
6301
5453
1539
8020
4490
4515
6825
8136
4810
6865
4967
5655
7697
8033
4720
5512
3141
1604
8134
3578
483
7871
6059
2677
6031
4155
4641
4103
4644
390
2735
6085
7929
2878
686
5997
7264
7766
427
4840
3404
6540
2342
350
1555
3718
3030
1110
1471
2259
2959
5348
7416
4857
423
6760
657
740
1155
2629
2773
1082
5195
2928
2976
7353
325
5139
3449
6485
2043
3672
3749
2206
7306
5604
4118
2792
7557
2187
8072
5337
8045
7064
1040
6600
7398
486
2343
96
6818
4689
6355
2465
2709
4306
2349
4095
626
3230
7166
5282
6915
3426
3522
3221
7896
1335
1777
6257
5940
6399
8129
5274
5092
3320
4150
5694
6724
2764
2773
114
3637
5170
1210
1821
6913
7356
5260
383
7
3598
715
2341
5454
3230
6020
6557
7600
7529
6798
2581
593
940
7306
6304
6068
3485
1550
5024
2558
4842
4103
7645
3716
5337
6036
2136
1690
13
2029
8091
3257
3711
7852
614
2994
7934
6301
2967
142
2020
6612
523
7931
3749
3784
5222
532
5492
7491
3386
369
7583
5720
4800
1204
5172
3166
6089
4061
7052
2519
6873
1262
6636
3289
2150
7367
5572
6301
6948
2939
4990
2349
6927
5695
7166
1449
2714
1319
2418
6906
4033
7056
1769
1978
5477
1356
425
5489
121
6447
5356
5936
6642
6963
6640
793
3977
5986
256
4396
2878
1180
1079
3060
6224
1527
98
6999
5514
5382
4708
2558
4732
486
6041
3557
4293
6973
2829
4049
7229
1155
6078
2313
872
6640
8091
3721
4345
886
664
7805
7973
3221
6301
6657
7057
4722
3832
297
3668
2127
3773
96
740
2764
4718
6395
3861
1565
2570
3363
4841
7391
1523
4153
4840
4285
1404
3149
7057
83
1201
2519
6107
4052
5160
3078
5701
5365
1319
4027
4272
1289
3959
783
721
5654
1075
4478
8011
3483
2764
3291
1523
6053
1550
2887
747
4310
6405
7141
7648
7895
1662
6478
256
6824
7059
7563
6925
255
6000
2915
5802
6849
7613
1709
744
2130
7591
215
6770
6749
3440
5476
2031
5507
1596
1998
3200
1989
3153
7816
6667
1790
3102
6478
3452
7304
8092
3989
568
5918
2514
4635
6724
3843
1981
137
4950
6510
3897
7570
6447
5254
2402
7615
2136
4222
3812
3663
4548
4292
8048
6720
2868
7093
3854
6979
7405
8021
4194
2057
9
6453
6646
6918
735
4793
3449
7777
6830
783
4708
1746
657
2661
3959
4716
2576
519
3663
5333
1713
5918
722
479
3277
4984
2042
7575
1395
2265
6141
966
1675
405
1200
2491
1272
575
4442
6271
210
2679
1057
6315
5909
1301
1601
3280
5219
1651
5739
750
5180
6849
156
1063
7601
3752
7112
5936
3526
4821
1129
1870
2393
6351
5219
1057
2285
1672
1425
1105
7040
7887
1067
1821
4820
3651
4621
3740
1304
2646
5265
4280
4482
4703
7086
5185
4766
2418
3986
5292
209
1736
1479
3061
6922
3449
3490
1105
2825
2579
1402
2713
5493
4319
212
