0
0
0
9
0
0
0
1
8
0
0
2
1
0
0
0
1
3
0
1
0
0
10
2
0
0
2
0
0
0
1
2
0
0
0
1
0
0
0
0
0
0
0
0
0
0
0
0
0
0
0
0
0
1
1
0
0
0
1
0
0
0
0
0
3
1
0
1
0
0
0
2
0
1
0
0
0
0
2
2
1
0
0
0
0
0
0
0
0
0
0
5
0
0
0
0
7
0
0
0
0
0
0
0
20
0
0
10
5
1
0
0
0
0
0
0
3
0
0
2
2
0
3
1
0
2
1
5
0
0
1
0
1
1
3
0
0
0
3
2
0
1
0
0
0
0
0
0
4
0
1
1
0
0
0
0
2
1
0
2
0
0
2
0
1
0
1
0
0
1
1
2
0
0
1
0
0
2
1
0
0
0
2
0
0
0
0
2
0
6
0
6
0
0
0
0
0
0
0
0
0
0
0
0
14
7
6
4
3
6
28
5
2
4
5
3
1
22
2
1
2
11
0
0
0
5
0
2
0
1
0
0
0
0
0
0
0
0
0
0
0
0
0
0
0
0
0
0
0
0
0
0
0
10
0
0
6355
4202
7
3614
3667
4735
4448
6303
4002
5339
499
6306
4759
2671
6271
3638
3814
1988
5614
4268
7246
7452
728
8143
7389
729
1414
3067
5214
7901
4499
4291
7506
5997
4361
1775
568
5173
3134
5385
6967
4109
98
2540
2736
5739
6165
5418
3244
2252
4892
1849
2244
6203
3790
5594
6253
631
6321
4160
1423
2405
1275
2672
5608
35
4703
3469
7615
4274
4713
261
657
5870
4475
783
1931
6053
5874
2925
7437
4880
4813
925
3773
2483
4667
3651
783
47
2884
2925
4236
4600
2483
208
3348
2773
5690
5682
7028
6852
5781
4406
6677
6000
5874
3438
671
973
7045
5817
3268
1206
2121
5150
2916
4274
6645
35
973
2252
5390
5472
1031
1236
3464
2280
5653
557
2184
4950
4975
4735
1774
536
7246
6186
7782
171
2291
4104
549
6399
5634
6352
4678
2291
7430
135
3839
4472
5024
340
1673
5235
2515
3043
2303
7087
7636
3377
5048
702
1281
1664
215
7922
7604
6757
6399
6010
751
5572
4599
6738
6738
6816
4333
6738
6443
6443
7650
1931
1588
171
5110
5223
4016
2478
1035
5112
3298
4822
4543
5579
1593
6399
7697
6399
7743
6485
5256
4369
2448
2353
3466
7748
6897
6709
1186
5291
1707
4205
1292
6010
3446
5634
326
5834
4058
3731
3043
3123
5805
4837
7711
6332
8100
1894
5466
5042
3612
7800
3489
1442
3792
2992
488
6738
5011
3998
500
6463
7800
972
7857
3940
5972
1184
404
2785
7743
6972
2593
5687
4412
7188
6706
3776
3985
7748
302
237
3966
968
2978
2064
6170
1238
6960
680
395
2353
7041
5497
3183
6705
6485
4599
1259
5944
5064
2198
1184
4323
35
2453
5985
4695
4143
4655
7430
6632
7294
3940
2098
2330
46
4465
2889
2631
6159
7476
6352
8073
610
4238
7476
1608
4435
6816
1894
6580
488
751
1831
168
5801
7779
7905
4792
2165
751
7429
5104
2295
5366
549
5284
5104
1771
8062
7225
4120
3851
5323
3774
2260
6463
116
1608
7800
4599
6816
6378
3993
7430
3466
5284
7154
2622
897
4317
2139
1788
6738
1360
6399
8057
5284
2260
2021
3977
1059
1988
5706
7306
1846
698
6510
5565
6284
2574
4658
6485
1673
8057
8122
5614
2994
3678
763
4120
7491
3004
4398
5634
674
5831
3466
3567
2511
6305
2507
4319
5011
6692
7146
5662
5655
6389
7787
2750
450
3125
3012
5182
5967
6305
3688
789
846
8
542
7484
848
4729
3403
7430
7800
5937
461
972
5972
838
1803
116
4680
1858
4962
2834
488
2076
610
2893
3291
1338
3998
4658
5967
74
2809
4752
6745
2411
5214
2410
6346
4812
3890
5144
1208
6884
7697
5104
3519
6683
4735
8055
7748
1360
6048
3413
1182
5353
5284
7748
4443
6631
1360
427
549
7332
2574
1707
2582
5249
6011
1014
6041
5048
4242
206
5286
5614
7822
5552
4119
2051
107
3979
3526
7664
7916
6631
7804
2756
5409
5976
1073
1858
5258
4955
6960
4655
122
5366
7477
4841
3067
1857
3414
7344
5537
7901
4794
5655
5075
5003
1089
4955
7223
786
1831
2098
2139
762
1730
2735
5967
7973
3378
3446
89
343
3966
5572
4680
4655
6411
7408
3006
6973
255
3835
671
7688
2007
5843
2529
3551
1083
6928
5168
2901
939
6616
549
1377
5634
6485
5284
968
972
6348
5353
1390
6181
5182
5291
67
4841
2665
4689
3732
7301
3700
459
549
3446
2978
219
6790
2562
2811
5124
7257
6335
2732
4979
5064
5572
7800
810
3585
3390
5634
3879
7046
6790
7430
3090
377
1879
2260
6741
2328
5019
3755
5353
751
1208
1688
6348
2978
5843
1678
6746
2225
2991
610
4143
606
968
1038
3188
1468
3836
7903
680
7015
4446
4655
7919
787
4600
280
1021
5844
5661
920
6557
1831
7159
6557
2584
2529
7496
2225
2076
3291
2773
4794
5124
1846
7453
7978
3717
7743
7158
6884
810
5972
7430
5353
3776
6571
5024
6243
7205
2385
5537
1443
4678
5614
4599
2198
972
3783
5634
168
6557
4863
4323
7430
2198
1858
2427
1569
7822
5453
643
2574
1688
7158
4993
4401
4594
763
3229
5857
2166
5945
3942
4372
4052
6398
6605
4891
1719
3390
3901
7863
3567
6048
1898
1208
7429
7713
4205
8058
4053
5037
6119
5972
7841
4979
5655
853
980
5579
5921
2283
158
1046
2855
2657
1488
706
3567
3317
4446
2978
2064
2296
6306
3886
5574
3526
6672
2330
7131
4658
4949
3001
2529
5498
6580
7954
7476
4689
3666
4326
3240
5779
7424
4876
5536
3196
7160
7301
2870
1707
3985
4680
2529
5972
1744
1296
2529
7748
3567
695
1855
549
2584
1442
5614
5843
5505
3572
1279
7887
1890
4914
4914
6258
3512
1819
1620
6243
1596
2520
1004
7697
751
5409
3985
1707
5614
4655
751
6399
2791
3477
3463
5251
4655
5972
2994
371
4819
2817
5715
2610
1009
415
2896
3123
7090
3694
6346
5779
2856
631
3477
1917
8136
4655
1788
3985
7430
7430
2427
5786
2938
5220
5507
7311
1474
603
7375
1226
4568
5051
7722
5376
3292
4146
6587
3548
7373
1287
685
1621
6587
727
6761
2016
1620
2303
6181
7702
1858
6159
449
1845
973
4594
4491
472
6002
7784
4321
3347
8016
4256
1031
7722
4022
5268
966
3696
2654
6276
763
7094
820
7022
6346
526
1857
4341
249
3572
374
2901
4448
2916
973
2938
5272
2916
744
3851
2135
5920
2218
3751
1450
369
1598
5887
2520
4478
1248
4239
4237
7788
1032
3504
2515
525
4950
5364
3490
1917
5112
4236
1821
5412
1473
6761
4707
3477
3682
1836
702
3974
695
174
7187
6921
5805
721
1739
6346
6132
6203
5661
2686
4533
3541
1787
389
2001
1362
4651
4578
4493
1032
7961
2374
3930
5428
5322
4716
5650
7956
4367
2815
3454
4707
7781
2423
5428
1550
5494
5417
3184
1849
5079
4237
5517
2843
7237
3084
2354
450
3993
4340
5267
4002
5272
332
3253
450
4341
6818
7418
7301
7582
1613
6417
4120
170
6060
139
6208
2484
1031
1070
5436
