0
0
0
10
4
0
0
1
9
0
7
3
0
0
0
0
1
0
0
0
0
0
0
0
0
0
3
1
0
0
1
2
0
0
0
1
0
0
2
0
0
0
0
0
0
0
0
0
0
0
0
0
0
0
0
1
0
2
1
0
0
0
0
0
1
4
0
0
0
0
0
0
0
0
1
0
2
0
0
0
0
0
1
0
0
0
0
0
0
1
0
1
0
0
0
0
6
0
0
0
0
0
0
0
21
1
0
4
5
2
0
0
0
0
0
0
4
0
0
0
3
0
6
1
0
0
2
0
1
1
0
0
1
2
3
0
0
0
2
0
0
3
0
0
0
0
0
0
1
0
0
1
1
0
1
2
2
1
0
0
0
0
5
0
0
1
0
0
0
2
1
0
0
0
0
0
0
2
0
0
0
0
0
0
0
0
0
1
0
3
0
9
0
0
0
0
0
0
0
0
0
0
0
0
12
9
7
7
7
4
27
5
0
5
8
2
3
22
1
2
3
11
0
0
0
3
0
0
0
1
0
0
0
0
0
0
0
0
0
0
0
0
0
0
0
0
0
0
0
0
0
0
0
10
0
0
6384
5013
2066
348
7940
7940
6384
3220
3220
3220
3220
3220
6384
3220
3207
6796
3454
2676
4569
3220
7872
6384
1774
5798
3225
7872
348
7940
45
3240
7451
3220
2343
2441
7716
4644
437
2676
6384
4569
960
4569
4569
2676
2676
960
960
7419
4442
6553
4053
5079
2676
2676
5801
2676
2676
5928
2773
2465
1776
4575
3542
7940
1664
414
631
2835
7419
764
3542
6384
2676
960
960
2676
960
960
960
960
6384
6384
7940
2343
4644
7419
2066
2676
5129
2773
7419
4569
2676
5013
7872
45
2629
5412
4594
8055
5650
8025
2080
4475
3240
3004
7419
5129
8025
960
960
4712
3004
2343
2773
5279
1209
1532
5557
2533
5279
7615
3004
5129
4569
2676
4569
6553
631
5874
450
896
138
4202
2676
2465
3741
5428
6677
2343
960
2465
5279
7419
2343
5279
2465
2861
3336
5695
6497
5544
143
3483
418
4475
6384
3123
4233
5436
46
4609
7246
5013
1209
979
6384
2676
2676
6384
8143
3599
566
5811
1094
6929
5450
763
8129
2426
5913
6636
6073
2349
4059
5431
7598
4569
5428
6818
4878
6384
4146
3477
5997
3225
7615
7451
5279
1209
960
6386
2904
325
6427
7226
967
6448
2349
6728
4353
2164
5913
7166
3192
7192
1385
1056
2724
7287
5428
4569
960
3220
6053
6818
215
4609
2777
4644
202
7583
2765
1476
7585
245
2030
386
886
7929
2124
2878
1459
2902
4424
5454
8111
4523
7880
5913
6733
4186
3238
5013
5928
4670
7901
1550
7484
5874
3225
8143
7749
6614
298
5000
3557
6636
2973
4965
5695
725
6941
4524
6073
4310
7312
1199
1131
7378
1357
4743
540
3336
7784
6677
6053
1550
2441
5013
5874
5874
5623
593
6843
6733
209
4836
6948
999
6501
6668
5672
584
7378
904
4916
3300
2253
3444
8053
6948
8089
3209
4524
3277
176
5507
5798
7246
6791
3600
1736
4341
4598
614
8091
5913
7057
939
5433
4310
6941
1193
7378
6941
4866
7493
3143
1527
7643
5433
4571
3576
8089
4496
92
5233
1981
1550
1550
7419
783
5272
425
1273
2132
6234
6941
2112
7071
7895
6572
4295
1435
1662
4916
7024
7694
6407
6251
6024
4931
906
2778
7598
1790
1784
5200
4783
1394
3001
7871
721
4448
5079
4475
4211
886
5109
4866
7482
7776
2041
2076
8089
7776
7894
4466
1366
2082
5924
5952
8177
8114
7009
5145
7598
904
2715
7880
863
3164
6732
7419
5857
6393
4955
4551
6405
6810
6851
4866
8106
7197
6667
626
7563
2030
180
7880
3538
3350
7577
6092
2878
3076
2589
6274
7192
6667
6073
7990
8177
1905
4298
1550
5999
4224
2136
3960
366
2041
3664
3557
2304
7192
2793
7593
722
95
6403
3536
3232
6167
5591
6868
273
7756
2589
140
7349
7086
6580
37
5637
7142
3921
7998
1664
5324
764
212
126
4526
7031
1076
3557
3538
4525
4308
6251
5804
6987
3743
2000
6365
2305
4619
2569
1296
5811
2246
3514
2429
2076
1327
1366
235
5962
2611
2343
5436
3290
7872
2161
1170
3664
5736
1527
6948
6959
6035
6331
2751
1131
1266
3008
6970
597
7807
2720
5433
2225
2337
871
3096
3102
3191
2535
2812
2194
4513
3528
591
1740
3600
2610
2729
1170
4524
939
1753
2823
1357
4659
3486
4197
4675
6264
4446
8038
6368
1437
2578
7639
2970
979
486
8093
6580
2433
2144
785
7133
2050
2777
2285
1620
7901
418
303
5942
2253
5706
5133
4524
584
656
540
2889
4326
470
711
627
4135
904
4258
1435
5545
2465
6868
1436
1298
871
2136
497
3830
1356
1739
6053
5874
7790
7451
3134
1389
7466
5071
497
2128
507
75
7831
3185
3049
5420
8107
1486
2179
2518
6547
7639
5250
2340
7295
4978
6868
3594
6136
3741
6552
4207
7451
3351
3289
6216
5507
1579
5455
7762
6217
2587
4459
1327
4639
5952
118
4455
5728
4276
7469
4276
4316
2011
5148
3810
4511
6252
4672
7467
3669
7451
6227
1565
6830
7666
615
7330
5139
1508
2851
5547
2992
5586
5924
4439
2618
7486
3380
7953
7685
2409
565
7247
4481
6898
7518
4377
7563
7192
3066
6784
7615
2343
4207
2343
1770
7756
4295
4524
6851
6793
4295
3892
6526
3911
6744
4096
3996
7081
2556
6072
6728
4377
1204
1308
5126
1584
3654
3792
5282
4197
5319
3947
2343
3240
4442
7695
386
5109
4526
8156
7500
7501
7516
7486
4513
497
7992
3801
21
1637
5263
2029
5225
6659
4070
6085
4107
3858
3212
3551
5821
481
4878
3207
3542
7940
4651
366
8184
4899
796
8186
365
5058
2965
5845
4135
6444
301
4978
6110
1970
227
3232
7563
394
602
3695
8106
1565
1469
6170
715
3690
1948
6384
6384
6384
6458
4035
6301
1061
4295
6885
814
223
3579
3340
1668
3340
6560
1970
7292
7593
968
7192
6044
5140
7162
5019
4784
3526
4739
6385
4213
6135
3168
3123
960
3240
764
1796
120
37
1626
985
8188
4769
5328
3723
3275
7313
7461
7563
8065
2976
6633
2258
6370
2856
7492
514
2499
5477
8083
7716
4519
5428
3350
3207
7419
7665
6677
395
394
5356
4052
1442
3207
3004
2676
6009
7816
4080
217
7136
3316
4791
810
7941
2303
4920
1565
6002
6053
1523
6393
7235
1331
4664
5048
3901
5129
4293
7190
6677
2411
3503
7484
4644
2676
631
5013
5507
5858
4165
4442
7049
2136
4920
5477
4239
3290
2629
2465
6677
3541
921
4809
4641
3352
4120
4839
7699
6384
6384
6417
5579
1550
6677
2066
1863
2343
631
2796
4008
6117
2242
3171
1209
2136
2496
1821
2629
5874
4718
1550
7901
96
8030
5288
8025
4522
7451
5594
3959
2343
1739
3600
4341
7673
6417
4809
7451
3542
6973
5100
2136
3290
757
992
2676
4341
5687
6385
6571
4291
5874
4892
2405
2513
4575
7940
7451
960
4207
960
4712
1787
2136
5173
4164
4207
5619
7153
3220
2465
3600
5272
5997
6395
425
960
215
4739
3625
3220
6937
4878
2309
3959
1425
4670
7940
3240
6553
4712
202
3071
592
2896
3240
