0
0
0
10
0
0
0
3
9
0
0
2
1
0
0
0
2
3
0
0
0
0
10
1
0
0
4
0
0
0
1
1
0
0
0
1
0
0
0
0
0
0
0
0
0
0
0
0
0
0
0
0
0
2
1
1
1
4
1
0
0
0
0
0
4
1
0
0
0
0
0
1
0
0
0
0
1
0
0
1
1
0
2
0
0
0
0
0
0
0
0
0
1
0
0
0
4
0
0
0
0
0
0
0
26
2
0
4
7
5
0
0
0
0
0
0
3
0
0
2
5
0
6
0
0
0
1
0
0
0
4
0
5
1
2
0
0
0
1
1
0
1
0
0
1
1
0
1
3
3
0
1
0
0
1
1
0
1
0
0
0
1
1
1
0
0
0
1
0
1
1
1
0
1
0
0
0
1
0
1
1
0
0
0
0
0
0
0
0
4
0
9
0
0
0
0
0
0
0
0
0
1
0
0
11
5
9
7
6
2
33
5
3
4
3
2
1
17
2
0
1
11
0
1
0
5
1
0
0
1
0
3
0
0
0
1
1
0
0
0
1
0
0
0
0
0
0
0
0
0
0
0
0
10
0
0
5982
1075
2228
254
1680
5896
3762
4139
3541
389
1941
1584
2868
5778
5877
1671
7234
466
3585
7615
7910
5948
7491
423
2099
4018
2131
6058
4108
3510
4273
3712
7953
1971
933
5514
4809
7415
7530
727
2868
6228
6610
4990
631
4175
1680
7953
795
4809
4339
6983
4590
1671
4542
8103
5772
5829
2950
5706
2062
6668
6040
4639
6327
1397
4476
6911
7154
3158
5482
2271
6020
3176
1929
4818
1733
4911
5536
4329
1201
6035
879
5374
3167
3167
531
2513
5373
6613
5143
857
372
3167
1534
7679
1415
6303
4575
899
5739
3651
6796
7868
5013
1620
4217
4695
7686
4565
5288
4421
2464
169
5402
2015
1818
2868
5232
3487
1067
4453
2062
145
109
4573
3651
1164
6608
1046
3167
744
3888
4290
2777
5778
591
2066
7785
5113
5514
6749
1890
7226
802
6152
6124
1613
48
1935
6956
6135
3443
4255
2121
7997
4273
61
4027
4426
3060
2778
421
7435
5998
1742
2464
5412
5998
5998
5627
8023
5739
5762
4361
5687
4542
3167
7093
7029
4615
1147
1900
5902
2907
4519
6583
3542
7997
6761
6076
1241
4399
2513
5143
1584
2662
2071
6082
7613
4514
98
2868
1824
4129
3173
3972
649
568
5890
1345
2405
5567
5149
4670
5874
7725
939
3213
2271
2421
8186
4018
4202
1699
1217
618
567
3557
6208
1241
2066
646
2250
8148
2568
5958
4663
3248
6984
7249
2393
2189
7407
5350
3599
6656
1534
2979
4729
7869
5077
584
2778
1313
2684
389
224
6547
2907
1988
6366
5292
1285
953
2955
7147
7356
7758
505
7264
4373
6805
6763
4456
5198
390
4735
2586
6827
5896
8025
7180
1970
5102
1835
6104
3747
1900
170
2066
783
4975
1241
4290
143
4231
6151
2291
2039
8122
379
7043
3394
1079
5416
2955
6101
3564
5408
6128
6042
6553
3225
2483
11
1147
6089
1029
165
2358
8025
3188
6082
3911
932
4018
3604
5642
6348
3784
7988
7762
1070
2448
2311
5050
2360
8100
7433
4966
5407
6965
5927
170
4651
2777
3991
5977
7491
3847
3455
324
5113
7491
8021
832
7625
4242
6277
755
1710
3104
7317
7562
1326
1528
107
8035
3169
8020
6890
7855
1914
648
176
4017
4027
2137
6950
6956
4644
5798
1155
6969
7924
5870
8133
3636
4545
4885
4332
6601
1487
5940
5834
1186
5465
7523
6129
1079
2382
379
7043
5353
7602
3881
6649
3541
7596
7160
2076
2288
6296
3682
1308
471
6983
5434
2211
3418
5392
7974
498
8111
551
1844
8009
7805
7648
4369
6867
7293
8093
2867
6753
3865
2893
2897
1765
508
4630
3238
7950
3751
5531
2597
7910
7070
1564
8159
2964
1945
5809
2722
7073
1884
6048
4678
1608
6850
4984
431
3283
3910
3351
3331
5
7306
2621
2893
6243
5066
4541
8150
6270
3538
1346
6483
5874
6135
186
7739
8168
2168
6692
1753
7265
1332
962
962
1530
4398
2559
6125
2448
6601
596
3998
5986
1110
3718
442
6417
7160
4471
4859
2239
54
109
2629
1824
2500
5778
7380
3604
5927
7367
1957
4369
2637
1578
5617
3622
2250
6811
6348
1276
4515
1208
4119
8186
4446
1083
3135
1833
1075
6752
5514
3667
3300
3542
2252
5143
3513
5442
6648
6975
2142
1711
8136
6547
1719
4810
1578
3836
7181
3107
5069
1744
2615
3363
2150
3595
4132
6494
4974
4158
5605
3510
5143
1988
1750
1672
4892
3504
1982
7953
1584
2219
4594
466
4984
1081
4245
2157
4035
2448
1623
1112
3857
7664
3148
5284
4423
5641
4360
3881
3881
1604
1374
7975
464
7461
4707
7029
795
4735
1042
8105
7757
6677
7419
3561
5561
4611
1114
6521
7396
1590
4672
4857
2583
5261
5564
6971
7249
2076
3597
265
6755
6400
4628
5146
6950
5982
3443
6031
5833
4492
2418
7064
3936
1118
1600
288
3242
7186
1262
170
896
7198
7146
4021
940
1968
4983
71
7043
4649
7901
3919
3595
66
531
3909
6405
6069
6796
3196
795
2916
5689
7911
3666
1475
3768
5337
3911
649
3389
3477
5778
2021
2142
5011
107
2655
5556
2291
4691
6789
6320
2986
1073
4708
297
1826
4174
3560
2066
4718
919
2558
5099
6536
691
843
932
2464
1550
1319
6262
4475
5325
7602
3135
5151
6494
3657
2619
449
1180
6969
5923
4251
3158
5118
5118
2366
1964
7216
4898
6366
7545
5168
1774
5470
5099
2494
4341
491
5798
2354
1453
2182
2564
2197
516
3776
3657
2259
5144
4488
7982
4723
7844
7188
7817
2458
6152
4900
5627
5738
5574
2441
6980
4064
4017
7029
2513
7070
8023
1425
4569
4568
2489
5778
1209
5834
5815
1773
5523
7388
8091
2986
4169
3506
3974
981
4608
7909
4366
5335
145
1671
3321
2649
501
1824
1424
3402
2741
504
4255
3986
2851
2868
1664
6831
6791
1849
6284
297
4146
3682
2916
5668
4998
304
1838
1048
4291
7520
4812
566
944
2231
4639
7488
7691
3358
3777
2654
4604
7827
947
1319
6635
6384
7596
5661
2244
4294
5750
6405
5687
3085
1105
1760
5581
7587
6321
1584
4349
3433
2244
7642
2540
815
8025
973
3229
7543
3386
3487
5405
7575
4525
1776
5112
7679
421
7845
1900
919
4399
1185
2119
3732
3642
3299
5422
7398
8139
189
460
959
6124
3455
14
7003
6649
1971
1535
4623
4878
1360
566
3482
4522
2031
2635
4270
3386
7913
5689
508
1838
2956
1046
1649
4444
4172
5906
4085
3229
1157
7079
3457
297
4390
5472
5874
6851
4824
6183
4294
1621
744
4689
7028
1852
4339
7491
7246
979
3305
5904
5077
1864
765
7779
7577
4255
7312
2494
5493
7155
7227
1928
6645
7827
947
3486
3136
5093
2002
7854
4623
7882
4491
6735
5332
683
7823
6262
2345
832
3415
288
421
2130
7978
7997
2483
7882
3207
5874
1155
4192
5904
2347
7953
684
7121
4578
2411
536
2464
2977
7426
421
4847
2419
1105
5731
7121
2442
6756
665
7563
1774
3477
5654
5113
2956
2826
5749
6717
4422
4492
568
7595
4751
7210
4291
3487
1425
6089
7710
3148
5077
7548
