0
0
0
10
1
0
0
2
10
0
8
3
1
0
0
0
1
0
0
0
0
0
0
1
0
0
2
0
0
0
0
2
0
0
0
0
0
0
0
0
0
0
0
0
0
0
0
0
0
0
0
0
0
0
0
1
0
1
1
0
0
0
0
0
0
1
0
0
0
1
0
0
0
0
0
0
0
0
0
2
0
0
2
0
0
0
0
0
0
0
0
0
1
0
0
0
4
0
0
0
0
0
0
0
27
0
0
9
5
6
0
0
0
0
0
1
3
0
0
1
3
0
2
0
0
0
0
0
0
1
0
1
0
0
3
0
0
1
0
0
0
1
0
0
1
1
0
1
0
1
0
0
0
1
1
0
2
0
1
1
1
0
3
0
0
1
0
0
0
2
0
0
0
0
0
0
0
3
0
0
0
0
0
0
0
0
0
0
0
1
0
6
0
0
0
0
0
0
0
0
0
0
0
0
13
6
6
6
4
1
28
4
0
4
0
2
0
25
1
2
2
11
0
0
0
4
0
0
0
1
0
0
0
0
0
0
0
0
0
0
0
0
0
0
0
0
0
0
0
0
0
0
0
10
0
0
6165
4570
4441
8128
1020
1607
1534
7382
2876
1935
5246
1288
7241
7530
2921
2711
4561
4729
4643
2843
1944
5739
1535
7418
5193
255
2610
1535
5681
1256
1067
3876
545
8094
5654
2009
4533
6172
6645
5921
486
5887
2743
4680
4397
7636
5456
7867
3782
8176
4667
4271
714
7670
93
3802
3292
3642
1270
2830
5811
4627
7911
2464
1768
233
8028
4343
7613
2121
2548
6215
30
4150
3682
1852
2811
5652
6069
6708
63
4080
7956
5890
6996
6440
1857
4489
1029
7888
5780
4243
261
7275
7415
2861
1139
3515
6403
7694
205
7144
4971
3299
6228
1220
740
4315
7680
3559
6876
5024
2119
7389
4261
1253
63
8069
179
7039
7816
6791
2825
7621
3482
1046
7913
1019
3991
6510
1715
1689
5419
7008
2380
5254
2369
4412
1748
3890
2825
4255
3464
1989
7077
654
482
3936
3051
5035
7850
2336
7806
6440
7
6458
5791
2654
738
5285
7915
92
4214
5780
1028
3047
719
3668
1427
6021
7077
4174
4595
471
5982
2408
5611
1481
3440
4085
7010
5061
2526
6493
1405
7621
3719
4690
1997
3969
2022
817
5332
5146
8060
1155
2576
1479
3654
3226
1962
6165
1767
6740
4017
7820
2999
1600
2525
5536
4261
489
895
7581
5759
456
1888
694
1063
6044
5066
722
4489
2705
7491
6659
3895
6377
4112
1453
6304
457
2155
5272
170
4809
1062
6307
2115
7977
7680
3154
4137
1645
7990
6630
6987
2050
5529
4894
1123
6737
1931
832
3876
1353
331
24
5977
2197
2008
7230
4634
3055
3676
2178
6357
4845
3057
1042
2876
7557
1266
5096
971
1728
6298
2662
3505
6275
7912
2340
6551
4412
919
5523
4314
2459
5035
5232
6996
2000
7634
1177
4703
6578
7811
7363
393
6243
2233
5066
4771
7820
5169
7486
6449
6121
2251
7266
5545
1341
3325
2919
2367
3968
7575
1200
2654
1245
2248
7910
7059
7795
1965
5
254
5402
457
2544
4553
2328
4578
3902
6645
6558
4917
6501
5138
5465
201
5978
3745
4924
6457
3105
4501
1534
3229
4604
7275
4700
2248
951
7393
5326
2560
5410
2560
169
7518
191
6666
3564
7210
6346
6120
7569
2962
4935
2587
6614
6970
7282
7709
4212
5836
3946
50
4545
3358
2009
3391
4448
2780
7416
3911
5332
7256
7739
4958
2907
2006
6119
792
5734
884
2970
104
4168
5970
3370
8136
8114
4675
2706
7894
3749
223
7142
4083
3000
3682
6906
1029
1279
6201
7575
4830
6810
7093
3790
6605
7205
756
7236
6536
6630
1459
4645
1118
4810
4310
4924
378
1493
4637
3029
4282
3224
1394
7992
6065
6625
6926
4202
1819
980
6040
1595
4618
886
1821
6818
6509
3209
5020
115
3001
6630
5126
1358
4481
1563
6092
37
2142
294
7821
8060
5787
4746
4395
8090
7071
75
2812
5743
7301
566
708
1716
3541
5322
1043
5742
5398
5238
5756
7301
4202
2717
3434
913
7834
5327
2051
3444
3523
4659
3991
7975
1476
7185
3606
2647
6044
7885
223
6249
5791
4623
2771
8069
7592
374
7664
831
2586
6877
5530
5537
5051
331
95
7727
6536
3059
894
217
3564
527
826
494
2186
2116
7944
7281
739
7071
5991
7421
3666
6453
372
5183
170
1550
1032
4600
4027
727
4149
7640
5220
3274
7436
808
1520
4819
5416
3815
3699
1974
477
2082
3029
1344
6559
1637
886
5433
7852
7542
343
521
2934
4809
1672
2645
3445
2057
2567
3911
1809
1446
5292
4784
4120
397
6065
2041
6189
3624
6448
6851
456
3318
7089
1344
3721
220
8012
1168
1073
2560
4422
4754
2286
3266
1593
2028
1539
3293
6241
2791
1217
3156
1762
5605
870
7884
2823
7234
681
1285
872
2000
5125
2186
5952
11
6157
301
952
2481
3161
7625
2442
2418
4927
5309
5857
3184
2784
2182
7571
4926
1988
4482
6217
6396
2683
8105
328
3624
6419
6732
4998
2962
6948
3771
6198
3399
7163
2566
4260
4755
7621
3115
7757
7279
7153
4339
2531
7679
4718
4702
2429
5100
7592
5482
6659
504
5445
355
304
5126
3786
5144
992
3965
287
2865
1276
1228
1561
1047
2716
6495
10
61
7652
1773
2130
7968
3233
5918
7613
960
1584
5802
6438
2975
2948
5701
201
5620
4315
3642
775
3644
7154
6667
7333
2041
1527
8065
201
6073
6509
663
418
2533
5743
6361
7573
2483
3654
5434
1581
5710
8004
6435
1177
7119
1071
4856
8160
3888
731
6058
1830
4330
4722
1356
2612
5695
3557
5566
209
4457
1739
6053
7917
7279
2576
715
2024
5393
702
3220
7505
4734
3388
6863
2270
4385
1447
879
4169
3121
6510
5314
135
2772
906
5566
163
6234
1958
3783
2463
2869
8006
708
6740
727
4521
4812
7160
6249
1155
1209
3581
7445
6060
4900
488
1512
3272
4476
6743
832
7924
5290
6417
2803
7749
5000
4341
1244
7376
1506
8159
1466
1571
4153
2654
266
4194
3478
5282
5705
836
3609
215
2119
8191
6085
4885
4550
3811
5309
7757
7739
7739
4737
471
531
7874
3903
5735
115
1105
1398
5684
3241
2459
6078
4329
2244
1164
5890
3762
4365
958
7570
97
4192
1675
186
906
1520
7811
266
1928
4339
1129
1522
480
3623
3969
6104
2612
2972
5172
2474
3602
1302
7275
4007
457
6228
6179
2577
3358
7575
1672
2806
1168
1964
5402
7537
2912
2463
4295
6004
7755
5882
527
2690
5821
1748
4472
2558
4343
5162
4584
7688
5648
3376
5933
3350
6003
4095
3701
7798
6549
881
6860
6123
7214
2178
6895
6445
2960
5468
2512
6950
4194
5222
5761
2546
5232
5276
4011
4340
2130
7827
3512
3911
3714
5135
3364
3592
5687
2552
7666
4295
7767
2204
4074
3046
3587
1173
2379
3790
1699
7723
4017
3475
5560
3044
369
208
7700
7269
1883
5791
3469
4689
472
2015
3230
5143
1156
8160
3081
292
1217
6243
4892
7243
6332
5129
6139
1522
7893
4881
2283
7398
2283
4975
7143
7915
5277
2127
2279
4545
7645
3355
966
1931
4384
5385
7631
1435
396
4214
6877
3120
6041
5927
