0
0
0
9
10
0
0
2
8
2
3
2
2
0
0
0
0
1
0
0
0
0
3
1
0
0
2
0
0
0
0
0
0
0
0
0
0
0
0
0
0
0
0
0
0
0
0
0
0
0
0
0
0
0
0
0
0
1
0
0
0
0
0
0
4
0
0
0
0
0
0
0
0
0
0
0
0
0
0
3
0
0
2
0
0
0
0
0
0
1
0
0
2
0
0
0
10
0
0
0
0
0
0
0
28
0
0
7
4
4
0
0
0
0
0
1
2
0
1
1
4
1
7
0
0
1
0
0
0
3
1
1
2
1
2
0
0
1
0
0
0
1
0
0
0
0
0
0
1
0
0
0
0
0
4
1
2
0
0
2
1
0
2
2
1
1
0
0
0
0
0
0
0
0
0
0
0
0
0
0
1
0
0
0
0
0
0
0
0
1
0
10
0
0
0
0
0
0
0
0
0
0
0
0
11
5
10
3
4
2
29
0
0
3
1
1
0
19
1
2
2
14
0
2
0
6
0
2
0
1
0
1
0
0
0
0
0
0
0
0
0
0
0
0
0
0
0
0
0
0
0
0
0
10
0
0
1521
4927
7781
1639
1237
6243
6183
4822
2635
6756
1409
5521
8191
966
5886
8143
5115
331
1129
2483
4355
999
852
2957
2280
4934
6227
5120
501
7679
1699
7229
7527
6472
1430
7755
2922
5128
2167
4079
702
2429
919
4892
7781
5160
2421
1857
5086
1900
5185
1733
6183
30
8133
6253
795
384
6371
6583
1989
5731
4312
2411
5890
5739
4261
5627
3044
2693
2374
1082
7928
4561
4902
7834
35
1794
69
6972
2795
650
1535
2056
5762
4491
7182
5933
1610
1180
1548
3649
1164
2799
390
1595
5890
1453
6440
3320
2470
7570
4550
4070
7012
1267
4358
415
7956
5525
2350
3270
6368
684
4975
1595
369
1472
4911
5730
5625
1329
7998
5092
2552
4708
5537
4934
6441
1789
1362
740
6833
1324
4240
5953
5683
4240
2043
4783
2306
1632
8091
3277
7975
3993
4335
5115
3824
3849
5531
764
7443
4573
7598
2419
3186
2533
7582
8030
7235
6799
1055
1765
6946
161
1562
128
1486
3831
2154
4144
5642
1073
2751
6892
2243
6941
2411
5654
7470
6202
3805
8073
1366
6202
7613
2120
8156
2610
5024
7205
6401
6871
5131
2872
4725
1840
2456
3049
3831
6339
4244
4171
219
3489
6640
2685
1618
3524
777
6131
227
2867
1599
6365
4858
7039
5451
2430
3744
3415
4830
5364
6294
7123
5864
2033
6839
13
6362
1963
627
6755
707
5631
6040
1662
2360
4815
43
3980
6058
1105
4784
3730
7807
1823
1765
6583
1933
4012
1463
1535
8021
7995
330
2141
873
2618
6466
8107
7831
6130
4161
5464
5725
1327
2253
3102
5844
4330
6290
8075
3851
1554
5160
3753
6761
5911
355
3101
3945
5122
2240
109
5762
4017
2276
6655
619
7538
2521
1869
627
1891
2671
5492
4749
1170
796
8012
1560
21
2471
5715
410
2283
1406
5206
1684
1712
2366
935
8047
4339
7279
2635
1441
5531
8085
7289
4476
6737
7425
2521
3831
5844
5255
1479
128
6898
1239
5722
7931
1382
4528
5255
6243
6145
6220
2447
5389
2576
4461
1479
5689
5713
4017
2557
4640
193
7605
707
1933
6125
5627
7694
281
6106
602
3280
7324
6257
6614
1846
6918
1352
3559
6346
2799
3744
7980
1171
3684
7757
4087
4543
6691
852
1046
5896
5092
7398
4169
1169
2523
1814
4092
1671
406
2305
3841
7620
7136
6224
3136
6804
550
4548
502
3636
5853
4481
1631
7207
8176
1506
829
4503
7747
1287
5143
7299
4634
8048
4986
4026
7266
7359
4872
4273
7885
4024
3339
3294
126
6474
1494
1262
2194
240
3136
1610
5337
7827
1689
4431
6256
5203
7913
5544
6697
4749
7587
3213
60
1958
6918
3603
1006
6607
3355
4857
6527
7717
6560
2226
4815
4571
504
731
1459
5704
1025
2871
3452
2810
7601
64
2757
6903
763
2489
3762
2823
1395
2548
3047
2232
5315
6538
5306
6622
710
3351
5761
7811
394
3712
6331
6405
5913
2766
831
7234
6486
1998
1023
4727
5997
4087
4005
6973
6469
7090
2166
7871
3847
6142
6496
2341
654
8116
7686
7732
3301
1362
3098
5913
6839
1965
994
7639
7154
5176
102
6152
3681
4880
7401
5319
4020
2850
4224
5843
6593
7333
1709
2034
3047
1263
2877
5631
6544
5756
581
1356
3067
4921
2285
5321
2385
3191
857
3162
2544
102
6824
3443
4338
2799
3553
4350
1395
3085
325
5530
7015
139
3579
1554
7777
1919
5975
2608
651
6202
5024
591
4788
1576
7875
687
4794
5423
3350
574
6898
5821
6004
5170
1453
5283
1997
4004
2610
7464
4422
4847
2410
7243
4801
1527
6215
7613
2483
2741
7817
3772
4744
4174
7369
3613
3888
5982
1423
663
7755
6203
6060
549
833
6518
7207
4033
116
3326
3687
4604
3368
4392
3391
6737
1896
4007
3647
1414
1287
1062
5521
5334
8116
4691
2832
2008
5477
210
684
6418
843
2228
6289
7227
3061
8052
7775
33
7568
7049
1105
5553
109
2130
1857
8139
1702
1155
2483
1031
5066
3631
2843
5647
6122
6122
5115
4580
4103
5451
8061
814
7082
1035
7391
1997
5731
4700
3013
6810
8071
6469
7957
4290
2558
1238
835
7851
138
3851
4561
1157
6203
932
6202
4615
8118
8010
3695
1613
2410
4290
354
1479
3832
3439
6973
1009
7588
3541
3293
5356
6011
1021
8069
3904
4065
471
5684
7663
7188
6041
2850
1435
3292
2418
5135
2280
4918
654
3544
6308
1965
1534
3510
1544
1846
7106
6372
1156
7827
721
254
2875
7418
7467
7591
6228
7216
5694
1562
3490
6371
5977
7545
3911
1082
508
1220
7702
2621
5367
1765
1838
5012
2283
566
5385
3517
2597
4361
5654
4847
6164
4524
5095
6973
4093
7188
359
5402
5715
1163
1372
7121
4232
7640
4583
7180
6877
6785
2425
7265
5189
4396
2024
2999
2597
295
2041
2579
4412
7575
2152
7890
456
5470
6327
6907
5456
2935
3210
4349
6243
8021
5162
7176
7617
2548
6222
5227
7507
1842
1503
454
2728
6927
7592
30
7134
5780
4749
2772
2967
7051
4224
2361
6914
4183
1658
3209
2916
1591
6880
2123
5232
280
6877
3782
355
295
2880
2870
2843
2579
7120
7945
3598
644
3577
4065
6724
3676
4857
731
6911
2425
2832
6860
3259
3443
123
5066
829
5301
5708
7798
5173
3386
6330
5402
7275
5833
7496
3379
7466
7289
6555
1470
6095
5751
5166
3775
2782
1641
2278
7195
4464
1595
2654
2236
3405
6411
1702
6819
7455
2907
2661
2402
3358
7527
5150
1703
5290
5629
550
1660
4651
3853
44
2463
5109
2728
1020
3288
1289
3055
4595
5405
8075
8036
7176
5559
4807
7015
3849
3712
3584
5175
6823
2957
933
1765
676
1285
557
716
3245
2131
5272
1290
2591
2219
2772
2645
7908
6612
61
3460
6141
460
7583
4111
3561
3842
3324
5725
5176
7590
6691
4111
4020
3876
5198
4521
117
7587
1700
7749
6202
1836
3682
5102
5403
7045
7012
4600
3081
81
7843
3895
7156
5413
3936
148
5825
7625
3487
3686
1522
4957
6374
1402
4623
3893
2677
5835
777
823
7900
7945
2130
1046
3391
