0
0
0
8
0
0
0
2
10
1
0
1
1
0
0
0
1
1
0
0
0
0
11
2
0
0
0
0
0
0
0
1
0
0
0
0
0
0
1
0
0
0
0
0
0
0
0
0
0
0
0
0
0
0
0
1
0
0
3
0
0
0
0
0
0
3
0
0
0
0
0
0
0
0
0
0
2
0
0
0
0
0
0
0
0
0
0
0
0
1
0
2
5
0
0
0
10
1
0
0
0
0
0
0
24
2
0
8
7
8
0
0
0
0
0
0
0
1
2
3
2
2
3
0
0
0
1
2
0
0
2
0
1
0
6
0
0
0
1
0
0
1
1
0
0
2
0
1
1
0
0
0
0
0
0
0
0
0
0
1
0
0
1
0
0
2
0
0
0
0
0
0
0
0
0
0
0
2
0
0
0
0
0
0
0
0
0
0
0
2
1
3
0
0
0
0
0
0
0
0
0
0
0
0
11
4
5
4
1
5
26
6
1
2
0
1
0
17
1
0
1
11
0
1
0
2
1
0
0
1
0
0
0
0
0
0
0
0
0
0
0
0
0
0
0
0
0
0
0
0
0
0
0
10
0
0
7190
3959
7582
4880
2192
6677
4628
5064
7367
3063
2446
2165
306
6299
6639
6457
7901
6089
6089
2080
1944
6041
783
1664
1565
6770
4442
5594
215
4238
5821
6749
591
2496
3888
4004
4280
5077
3688
940
2231
7523
7523
6138
3272
4993
3232
549
5151
4143
2214
6233
2631
3002
3067
5730
1565
3993
2511
2402
5019
7615
7506
6338
5079
6868
5079
2080
306
7140
6468
6516
4890
5770
7896
1184
3657
8122
7430
6705
3446
5940
5478
8119
270
7306
5940
8082
4950
649
6884
6743
4784
46
6545
5412
1565
536
2935
2135
4599
2834
565
1489
2231
1855
427
1206
8035
7374
6485
2978
6631
306
537
1753
483
2353
3446
427
4651
7205
4074
3066
643
4955
7269
508
215
5291
4980
459
1858
1162
961
7460
2904
1801
7197
1555
1651
7367
1360
4104
7367
7387
6598
7106
3554
7713
3446
6010
2390
4004
7716
8160
486
4955
6818
3291
3614
7847
1688
4680
4855
22
3839
2038
6234
1560
3966
7158
7264
5353
2889
2145
2164
3503
3410
6964
222
7931
5042
6048
7306
7411
7013
3066
3551
1565
4326
1672
3171
3567
461
4326
421
3446
1707
3169
7527
277
6979
2992
505
4083
3634
3467
247
7919
74
3011
6754
1552
476
1719
4446
6181
2285
4718
1343
7716
6552
3959
4437
2910
7388
838
1004
2574
6692
7758
6738
7197
5588
3102
7512
5624
3819
5417
5972
1083
7404
4430
7697
8057
404
1608
6348
1276
5507
1765
3660
5805
1160
591
2434
3836
1258
5631
2232
7399
8057
5585
1694
6456
4119
4344
833
2365
1688
6662
8076
6696
476
4104
2904
6925
2448
2353
6862
168
7582
744
254
61
5292
5537
2960
7477
3489
1465
1734
395
1858
3780
107
3792
5772
112
4275
6088
5101
7921
488
2135
3012
7963
4060
4060
1560
1110
3135
5274
2030
390
2130
5731
5385
4600
191
4855
2448
2502
4018
656
1525
5240
6805
5005
2981
7381
2427
3883
1623
1855
3977
7158
5286
7931
427
7758
5284
8186
6304
5983
6352
945
4809
568
1414
1155
7667
3953
7748
3192
2507
7737
2353
107
6971
7367
6345
4313
755
3221
6107
3063
4570
6181
2900
648
2353
7490
2439
77
1212
610
168
3567
5246
6104
3402
6227
5807
2264
5144
4658
7086
2175
626
7306
5240
1358
1707
5407
2730
6045
7030
5737
7733
7367
6914
7536
3135
6966
770
7430
2893
8067
7429
6325
6091
1607
5537
390
3221
7814
6010
1110
225
2195
896
1560
7521
5848
4265
7399
5022
6348
5952
4510
4141
7456
768
890
1604
6299
810
395
5117
3125
7683
5783
5343
4698
1224
6271
1721
2251
1460
5182
5937
4686
7758
3253
206
4855
4382
1488
2145
2615
2122
4382
3867
4678
3171
2264
5144
79
1045
7855
5261
7370
5353
5465
7582
7028
4448
2796
2434
3678
6536
1331
6816
1858
7404
4119
2284
4993
516
3232
3977
6318
1104
1973
337
523
5029
277
4835
5624
4276
6463
5330
6486
5274
3011
7887
4851
4950
6552
2712
7650
6557
6272
6862
8013
2427
4693
12
5144
2792
5692
3910
6825
4696
2197
7523
2669
585
3669
4905
6151
551
7744
7523
107
6754
184
2825
5143
47
1550
3567
4680
858
5104
3183
6010
6662
709
5454
1855
2187
5585
3192
3858
6816
3567
6072
3819
2077
4328
3858
6963
2090
5353
505
27
961
1079
7642
1600
390
7716
3993
1184
129
7593
4446
3657
3251
4313
2904
3892
179
505
3865
6616
3010
4993
7697
8185
4611
3228
3673
2992
7932
7932
6601
8147
3135
1079
7301
1739
7872
2080
8030
2586
6960
7796
3443
4810
3717
1555
4149
6595
4655
2021
216
2431
2978
2553
2643
7400
4890
7657
27
6077
5910
276
3792
1045
6485
6843
4644
7872
1576
2796
4162
4492
4722
2263
1672
2615
1338
7146
3125
4527
3350
5498
3221
755
3838
7586
3272
6494
5246
5848
7988
1887
6662
27
2342
2498
4810
3567
5282
6677
1105
6332
2022
3368
357
4618
1219
8106
2947
4405
3125
7460
7460
6825
7533
6891
1552
1824
2494
6937
1986
3030
4680
842
3681
4855
7457
4663
7438
459
1571
7190
1709
7679
4020
3020
1186
4104
4810
3714
255
5960
6348
6966
1968
5617
1541
2142
5917
5699
5064
5465
3809
5326
8111
1186
1654
5104
1296
483
2897
6494
7683
7657
1348
2130
4065
4317
5005
1707
4767
4810
4993
5495
4735
1488
7841
7046
3966
404
6891
4735
1560
6352
2021
4929
8100
4680
5902
101
4197
3012
2448
4323
8100
2448
1488
5220
5214
764
4238
7683
1489
7308
4988
3446
5099
288
2496
939
3592
4836
4602
5547
7689
680
2994
2949
6344
4637
2024
5064
1560
3792
2943
3446
5940
536
1748
7570
5756
1819
1244
5112
1360
5246
8031
6010
3003
7098
7015
4992
5182
5124
7306
7460
3673
6937
6252
4701
421
2706
4611
7855
3446
7932
1693
5246
6733
1155
5451
6295
6002
4150
3098
5364
5714
7178
3836
1426
4803
2668
2146
1301
6123
5003
6687
2991
1305
6181
810
1493
1483
3221
1587
4495
1628
5286
731
674
6791
4880
702
1160
332
2271
727
2464
7468
8155
945
7111
2792
5799
3530
5516
2496
4509
129
421
6510
4611
6125
939
7593
3718
1525
2619
4767
270
5572
5928
2684
932
7575
6031
6315
5185
2894
1157
5385
1384
2133
2182
5772
2434
7903
3567
6580
80
288
4165
672
5940
6010
7111
5037
4138
5370
1233
162
7736
1525
2516
1090
3405
2057
4340
7505
2533
6089
1565
6544
4007
2483
5507
3232
6468
1115
4030
27
3363
101
4399
2353
377
603
5497
488
5037
1688
1608
3672
1037
5470
4291
4103
4880
5715
7229
7827
7223
138
4406
4329
4950
14
2130
4651
785
7496
6172
2427
2978
2368
2934
2489
6634
6638
7919
6010
4810
560
6667
6041
2339
1333
3290
3389
486
3959
6089
2130
4594
1050
7389
4340
4708
7910
2513
729
7408
2184
6580
4496
757
3308
2329
386
2629
6950
3714
3136
942
1075
2861
3416
1709
951
6571
5275
825
8030
1944
