0
0
0
9
0
0
0
2
9
0
0
3
1
0
0
1
0
0
0
0
0
0
10
0
0
0
3
1
0
0
1
2
0
0
0
1
0
0
0
0
0
0
0
0
0
0
0
0
0
0
0
0
0
0
0
1
1
0
3
0
0
0
0
0
4
2
0
0
0
0
0
0
0
2
0
0
0
1
0
3
0
0
2
0
0
0
0
0
0
0
0
3
0
0
0
0
5
0
0
0
0
0
0
0
23
1
0
6
5
5
0
0
0
0
0
1
6
0
0
2
3
0
4
1
0
0
1
2
0
0
2
0
1
1
2
0
0
0
1
0
0
0
0
0
0
0
0
0
0
1
0
0
0
0
1
1
3
0
0
0
0
1
3
0
3
0
0
3
0
1
0
0
1
0
0
0
0
3
0
0
0
0
0
0
0
0
0
1
0
2
0
7
0
0
0
0
0
0
0
0
0
0
0
0
11
7
7
8
7
4
28
4
2
6
5
3
2
16
0
2
2
12
0
0
0
5
0
0
0
1
0
1
0
0
0
0
0
0
0
0
0
0
0
0
0
0
0
0
0
0
0
0
0
10
0
0
508
6829
2762
1675
4413
7854
4441
4822
6823
4561
5166
7415
3364
3265
7296
4688
1778
7869
4640
1705
6319
7854
2137
5412
6737
7470
4521
7642
1842
978
1919
1023
6623
3424
2999
6480
2247
6367
6651
2654
4858
6822
2654
4798
5339
3044
1825
3478
6554
4556
2369
7587
4311
3802
2591
7176
959
5339
3229
3092
1513
1620
7613
7475
5406
1123
2476
4744
7077
6804
6011
1680
2671
836
834
691
4347
7360
1481
5259
6583
4270
4609
684
6237
533
1697
356
3037
5684
4703
1947
8174
5973
1105
7231
4275
2195
1876
2060
7798
4499
6656
1029
228
5888
8118
5689
6307
8135
2249
1046
170
1620
7205
2954
2276
2192
7914
4987
947
7561
7557
7571
5689
5198
2907
6820
247
1232
5681
6249
5112
4926
1308
2613
394
4441
2015
5948
1308
4339
1506
3911
2271
1114
4421
7030
7744
2570
5543
4340
5187
587
6919
2206
596
8133
1595
7732
3298
1951
2981
1970
1319
3443
5385
9
1581
1576
486
4340
3055
6648
6648
6075
5766
2414
5730
5867
3777
7851
6448
4955
6706
670
1810
371
160
7122
1163
7881
7111
1169
5417
5057
6583
7711
1362
2031
2513
6332
3154
138
1717
7351
1633
124
5275
559
6708
5810
4361
7851
1385
7613
5175
4127
1773
6158
2876
6533
763
6345
7156
5601
6273
1046
5403
4489
2704
1024
5537
2916
4222
8084
2187
6091
7374
8054
3114
5662
4983
1666
5393
3609
5160
2843
7497
4814
1297
2910
1189
6919
3821
5680
5020
4932
5405
783
4017
6141
3159
2483
4812
1179
4919
6352
2615
7062
1477
3283
7404
1844
4104
7212
379
1030
1660
2411
1931
6977
905
179
3333
6064
5332
4580
3196
2028
5020
4348
1453
8086
2684
1452
6571
7095
8100
326
7062
5683
3048
1491
4780
5624
3397
7429
4676
5683
1206
4617
4492
2410
7722
7488
6811
3636
4578
2217
1023
6776
1164
1164
2672
1819
4242
5805
3563
107
3178
1710
6999
7306
7476
379
1477
961
3657
1378
8057
6930
4752
7847
5001
170
5385
3385
628
7592
2166
7887
1804
1048
3391
7854
7470
2278
1057
1706
1528
7521
3866
7370
6264
1378
6809
7103
6976
1353
4485
7542
118
6957
431
1184
7612
5809
3979
7777
6469
7408
4604
4596
6146
4533
426
5718
2929
7957
6393
1145
6754
6662
1387
3759
5785
709
2251
3178
4338
7934
790
7546
3283
6091
6747
1922
4678
5519
1467
334
264
900
6413
5696
3463
6003
7244
6889
6997
7967
3979
379
1515
6591
6928
4379
1977
7974
7382
2738
585
6591
6780
7162
1013
6960
2320
4000
4515
7317
5358
1945
1528
6744
2914
7383
6875
8095
1090
1852
7301
4983
3865
3866
5421
6591
505
4119
7658
7761
107
5556
3327
1604
5026
6704
5052
988
3866
7800
476
7932
4446
8037
2291
2633
130
6200
7248
6690
2558
5875
71
7683
5634
5614
5699
6201
2990
4382
5334
6809
3678
7140
277
5578
5981
3397
5246
5952
6663
5535
7411
2978
3136
6352
755
6483
5066
3959
2469
6235
4236
3104
7317
8037
4624
2443
4460
7567
5910
6151
2502
5289
8037
118
427
1687
2847
5274
7895
2324
5496
3678
6705
2994
4369
2098
1600
3609
959
1836
3614
740
2237
505
961
3169
7907
431
745
2792
5256
4720
5453
1110
3508
498
961
2145
4680
6106
6547
6596
5011
5353
4658
7895
6687
1555
4112
5537
6144
3775
6656
5537
2001
962
3508
476
7306
3082
1681
2770
3627
4212
3198
3559
2655
7264
2380
1429
1707
4993
5184
6528
3243
1707
6960
732
4780
3836
4286
400
2419
4880
3224
6549
749
1287
7974
52
1560
8147
6348
4907
3176
484
7062
7903
1894
67
6352
3940
4205
7822
5586
4893
5793
1329
4696
1694
5291
2197
6662
2448
8185
2624
2467
6075
2903
2741
4892
6203
5935
6601
2994
1477
7046
5816
1469
225
6705
3966
8186
1070
5075
2157
2978
7332
5291
3503
4693
1360
5353
4767
4333
5572
6485
6754
4533
3445
2802
7143
4150
210
5292
8122
6873
3282
6146
596
4791
4515
2978
5254
5944
1079
1184
2994
7140
4197
5276
7217
5631
6557
4680
1922
3966
5972
8057
2291
3821
6511
166
3073
5873
369
6571
881
5303
404
3527
2172
1403
4863
2198
6557
7800
6709
858
3232
5714
4788
7800
7841
7158
5124
2427
3940
5820
7306
3221
3629
7587
6627
5564
5391
752
6521
4754
5694
5166
4932
1519
6335
8106
7411
7648
1282
3634
5037
2553
444
2600
22
976
8057
6805
7974
6010
92
6010
6233
8138
355
1643
2383
4421
2925
3487
2967
7957
4409
2993
5465
6580
3446
7111
2511
4065
2553
2354
5124
5231
5585
2094
2427
2427
7875
6744
4609
4472
1042
1195
3292
7040
5272
4450
4230
2234
930
2570
46
4007
3608
3678
2574
5071
6485
1560
972
972
1566
2353
3805
5099
7258
6176
6593
4350
1576
5292
4291
5013
1765
5531
6307
2679
5778
2708
4535
3061
2905
846
3960
4150
1950
3678
4680
4509
1070
5256
74
972
5182
5353
1338
3394
5705
1314
959
260
7723
6179
7415
2777
3682
3477
390
7028
7086
3851
4329
4907
1488
382
197
7123
3839
2847
5425
1184
3998
3698
3612
6709
4993
3183
2291
4238
6321
6508
2467
7691
3414
3155
6441
3682
2002
5997
4698
390
3660
139
915
5275
1791
5024
5489
3402
3508
5366
2847
8084
8057
5535
1608
2251
5366
2427
3761
5874
5224
6243
2442
6650
1314
3684
411
1600
7491
3469
6761
7190
6784
665
6511
4493
7462
5014
177
6273
7374
222
7430
7899
6909
505
4890
2094
1968
562
4187
8160
7415
6549
7040
1661
7135
1776
764
6000
6438
2558
5412
795
1857
877
4988
1055
6425
6713
4516
4140
7438
5417
22
5448
162
5103
6078
1688
1050
708
8017
4788
6756
3936
849
4607
6294
4475
96
8143
4383
5874
4150
3455
7575
7815
4078
1791
5334
1342
3385
96
6746
1488
3235
7919
2546
2425
5778
2217
5477
1765
2813
5547
1163
951
520
4877
26
7294
7497
6737
6791
2811
1656
7913
4329
