0
0
0
9
1
1
0
2
10
2
4
4
0
1
0
1
0
4
0
0
0
1
8
0
0
0
1
0
0
0
0
0
0
0
0
0
0
0
0
0
0
0
0
0
0
0
0
0
0
0
0
0
0
2
0
0
0
5
2
0
0
0
0
0
5
2
0
0
0
2
0
0
0
1
1
0
0
0
0
1
0
0
1
0
0
0
1
0
0
0
0
2
0
0
0
0
7
2
0
0
0
0
0
0
20
0
0
5
4
4
0
0
0
0
0
3
4
0
0
0
1
0
3
1
0
0
0
1
2
4
0
1
6
3
4
0
1
0
0
0
0
0
0
0
0
1
1
1
1
1
0
1
0
0
1
0
1
0
2
1
2
0
1
1
1
0
1
0
1
1
0
0
0
0
0
0
0
0
0
0
1
0
0
0
0
0
0
1
0
4
0
9
0
0
0
0
0
0
0
0
0
0
0
0
9
7
8
8
6
2
28
4
0
2
1
1
1
16
2
1
1
11
0
2
0
2
1
0
0
1
1
0
0
0
0
0
0
0
0
0
0
0
0
0
0
0
0
0
0
0
0
0
0
10
0
0
3741
2986
3291
8055
466
1672
7545
3901
698
1821
2629
825
1279
1748
4812
4700
61
5890
4431
693
7692
1224
1765
2328
4004
2217
3682
2136
4011
6021
1213
6791
4214
7332
5893
5191
2496
6868
4346
6356
3144
4615
2999
3835
1452
210
5715
3510
2557
1485
6171
5337
3853
5957
3413
137
4412
7196
5891
7788
6967
6515
7721
2182
5173
1893
6686
5427
6761
4270
7823
3386
6015
2811
763
4274
6031
1452
4478
4011
5066
7736
4397
581
5275
3449
5647
7048
7861
3666
3364
681
5482
1740
591
369
3098
2672
2679
4491
1824
2271
7028
4472
1443
3371
3678
7768
3384
1160
2916
7670
3212
643
835
5720
4809
255
1105
5283
369
6934
7234
5403
4881
740
959
4087
5249
2825
4361
6552
3389
3389
390
1595
1833
8057
1707
2198
7485
6676
3631
6002
3594
2304
1881
5427
7679
744
749
5696
4579
3153
4525
715
919
1289
7601
3736
2002
5896
4735
5475
425
6386
6151
5359
6468
5655
3717
8129
1623
5144
377
2080
4955
5720
2157
4708
4851
369
4492
683
4194
7545
2285
2529
4693
7740
2915
156
6082
4491
4594
1011
709
1552
6862
5820
168
4810
7490
1796
5358
6146
5144
7300
5831
3290
3544
4525
1217
432
5364
7012
4339
5322
4921
1180
1606
4214
7874
6937
5057
4150
2031
4644
3698
3466
7919
3388
8059
1974
6557
730
4332
7037
5040
2142
2706
4863
3052
4082
3686
4809
390
744
7887
5048
7148
37
6575
3066
2304
7006
1333
1513
4813
7716
6414
1515
4624
6966
8129
4997
5577
7536
888
1435
6732
1905
2904
5151
5634
7404
1398
5742
2750
7847
1917
4007
7570
7006
3390
4442
2378
4062
4734
6599
3439
3861
7429
3717
8059
4488
2582
6292
5299
1258
540
6732
1185
2506
5154
1773
4791
326
3879
6971
7735
3998
7431
5107
5066
1242
4239
7871
2481
7417
5215
7193
1508
941
5
5011
944
7109
3664
2765
6984
5940
6460
1281
4313
5785
2018
1350
7683
253
237
7730
1477
3283
787
6508
797
590
3148
3166
644
7347
6864
2001
1524
6545
2655
755
5170
3721
6198
6205
6984
4606
98
2879
4928
6376
1494
6927
7992
2981
3865
7062
2427
1442
7431
35
5997
2986
1296
7333
6308
1493
193
4492
3095
876
7697
703
4704
709
5274
1761
1185
184
7349
7501
2823
6376
868
2601
8062
323
5416
5552
4946
5425
7396
2022
3682
2441
7921
227
7313
5037
2075
7188
2957
2159
3567
961
2893
1110
8117
1974
8057
3251
4983
3279
3126
2863
6072
6517
4890
3510
7783
7834
5240
1957
3726
7823
7258
8011
2227
1546
4866
1465
2005
1583
1343
1259
6580
806
4665
5565
3538
4260
3388
2099
5834
5018
549
3446
6485
5358
3704
8093
5930
7005
3508
5578
6415
7915
4835
1155
7823
7913
4866
6636
146
4742
1786
924
7429
2939
976
4221
2904
5811
6387
6209
2224
5074
2353
4104
1492
3612
3865
731
4678
6699
52
1004
5531
1965
4312
1664
2405
4329
6427
7648
1343
2645
6295
2645
326
3136
7548
5085
4999
4079
598
2824
2722
7721
6865
7906
5529
7720
6092
1234
3838
7095
3169
1784
7887
1767
2410
575
2411
2645
1132
8184
3600
1343
4630
8016
5217
8
7907
4554
942
540
908
7021
6802
7638
7383
1827
4661
892
3008
2164
4855
1229
4401
6215
744
4291
4796
6831
393
572
1513
90
2136
575
1051
7113
7563
6181
4155
809
7292
2238
423
3808
7103
4488
7638
4424
6775
7509
6449
4976
7875
1229
243
7582
6791
2405
2764
4018
2136
4502
4067
3637
1944
7777
1082
2040
4109
4010
680
1284
4678
5111
906
1973
1110
3307
6922
6898
120
2911
1231
3135
4704
2220
3368
744
2464
684
5730
4835
1075
4502
2374
683
2192
4813
6371
7652
324
7024
3025
5104
4446
8009
584
908
4036
1724
6351
7752
602
7461
4446
5968
1788
6058
4618
7613
7679
48
1600
1769
4472
7492
3577
1954
1160
6833
6757
7329
2093
7924
7801
1999
4196
1305
6557
7785
1413
1071
4037
5913
6851
6066
4919
7396
158
5419
2303
2654
4067
3322
1163
3969
4472
5292
568
255
7153
820
5870
3566
5870
3849
6732
2007
7013
3183
7430
2251
325
341
5672
967
7041
4678
7319
7357
492
2252
8011
1639
5582
1890
7064
7911
959
7408
5048
4950
4383
629
5815
3061
4051
3061
7934
4672
2778
5618
1112
5182
285
5867
3318
4925
7367
4035
5762
36
297
3572
5290
2597
3061
8135
4405
7839
4294
6031
2130
4809
390
2063
5047
929
2582
7714
1039
2496
6547
1281
2660
6048
3717
8046
201
7041
4295
7299
3885
7234
6973
5107
684
702
5810
6199
2561
6919
6829
4294
8191
5576
215
1950
1699
2699
1035
1105
6031
3702
2576
4835
5450
7748
2643
5883
5113
4079
7950
24
5853
491
3402
2002
7435
2182
2152
2915
4744
6435
8066
2881
1409
3121
6677
3477
1576
4618
4224
6307
1029
825
6764
882
6743
2925
4680
5182
4570
7948
5681
1356
4813
1090
3481
1046
3158
6053
7135
5273
3047
7176
6199
2152
4608
3959
6552
4707
1944
7582
4361
951
4007
4763
239
5824
5495
5324
4979
1957
354
8118
5175
6129
5988
4150
4708
6824
6824
575
7956
7415
7227
933
6469
1776
4651
7545
4291
1988
1319
2464
4291
6000
238
2629
3050
5440
558
3129
4789
819
5278
6003
3636
2582
3368
6973
7570
2894
5143
8080
1160
7484
2405
3077
4708
6818
4950
4291
8160
5403
5833
4881
5048
2031
3861
1053
3193
6369
4229
905
2128
7176
6208
2905
4729
6034
492
2285
3443
3642
1076
1765
8016
7798
2629
3121
7613
255
5385
3490
4008
1893
5857
4847
3084
6041
7596
5241
4696
1620
4887
815
6953
7781
6224
6001
8044
5687
6824
1765
5833
4340
2182
4007
30
7028
3741
5477
7716
4788
6824
3741
96
3022
7505
200
1583
3861
4685
1571
591
4788
6306
2999
5024
2796
7097
2573
3504
1534
3037
5514
109
1224
4214
5886
820
4533
3823
1672
7468
7910
740
138
