0
0
0
10
11
0
0
2
10
0
0
3
1
0
0
1
1
1
0
0
0
7
0
1
0
0
3
0
0
0
0
1
0
0
0
0
0
0
3
0
0
0
0
0
0
0
0
0
0
0
0
0
0
0
0
0
0
1
2
0
0
0
0
0
1
0
0
0
0
0
0
0
0
1
0
0
0
1
1
2
0
0
2
0
0
0
0
0
0
0
0
0
1
0
0
0
11
0
0
0
0
0
0
0
25
1
0
8
6
2
0
0
0
0
0
0
5
0
0
2
3
0
4
0
0
0
0
0
0
1
0
0
1
0
3
0
1
2
1
0
0
1
0
0
0
0
0
0
1
0
0
1
0
0
0
0
2
0
0
0
0
0
1
1
1
1
0
0
0
2
1
0
0
0
0
0
0
1
0
0
0
0
0
0
1
0
0
0
0
1
0
8
0
0
0
0
0
0
0
0
0
0
0
0
13
3
8
7
4
1
29
4
3
3
0
1
1
26
0
2
2
11
1
1
0
3
0
0
0
1
0
2
0
0
0
0
0
0
0
0
0
0
0
0
0
0
0
0
0
0
0
0
0
10
0
0
1776
6677
26
3085
2597
8190
5332
5248
5226
471
1084
1928
5255
2500
3660
155
4988
2149
1838
7547
5115
837
6770
5477
5427
590
614
8080
7464
4347
992
3144
3290
6770
4694
4640
7739
254
1090
7389
2442
673
7207
5915
7798
2024
6469
2497
6442
3797
4318
7966
4224
1839
2499
4784
2443
384
6902
3402
3660
7262
2728
6705
4442
914
6396
6353
5183
3405
959
966
3968
6370
5843
2402
2296
1237
7556
2867
5671
1343
7957
7401
1602
4077
6868
7871
1508
3897
5909
4666
7094
5010
157
5911
7492
2059
6770
5226
966
673
1415
6469
7015
1158
5174
5987
5720
3544
4077
4535
639
5242
5417
6312
6385
5267
5254
538
591
7075
4923
1225
657
5171
588
5893
5092
4353
3166
3993
1470
7369
3290
486
683
5376
4422
6760
7732
6955
4771
1158
6926
6427
7002
1082
1595
5248
3950
6203
4394
4996
5159
5943
2382
1997
614
3861
7196
2120
2832
7031
7006
1697
7852
4339
4521
727
4521
7034
5413
7064
7882
698
6860
657
1464
2942
7668
3290
5531
1676
1495
7865
6078
1656
4941
1352
5456
635
4596
6445
4441
4605
227
4339
4634
61
3589
369
7121
4290
4290
795
7028
1248
5915
4920
5995
2711
1495
7653
7728
2438
50
2927
6934
1372
5852
375
5314
5427
5892
4632
1478
4294
2713
5802
5802
1675
6724
1220
617
4858
1003
1087
921
600
7720
3103
5539
8152
8152
3345
7791
2714
1225
524
6800
4831
4781
1016
847
4103
7716
2737
1746
7239
2905
2903
2576
7617
8159
7592
7115
5901
2326
1676
5961
329
3340
6622
1667
4786
2305
5800
2635
7944
5391
854
4902
1317
7708
3156
2095
1224
1219
2737
2500
1242
7086
2525
1559
5208
3290
648
7655
2158
776
4402
7008
7721
3590
4005
6275
6029
2348
1562
5529
710
1216
1507
5356
5177
2239
6194
2700
4319
2916
1362
5226
7921
5099
2570
2484
1242
6805
71
6096
7184
6538
3517
775
3089
4699
1172
2018
4459
2589
2618
5924
3649
6794
7125
5023
6171
6410
1310
7817
2605
4385
1235
492
3144
841
2227
835
1767
3737
5568
5685
5764
4209
2067
5633
3181
1640
4516
2729
3349
3295
4300
1454
4135
6755
1327
6403
6935
240
7481
983
57
3637
179
7262
4597
7786
6396
4350
4312
8070
1225
7848
6682
6027
1553
5683
1346
6463
2592
2618
4518
7054
2409
7302
7996
2598
5862
6448
1428
2996
3502
4281
4052
2803
5752
4589
7839
4744
6871
651
6681
1841
2604
805
5719
3590
7949
6518
3421
7195
4135
1216
598
128
217
5218
6961
4466
3760
3191
5861
594
5745
5434
7115
5208
4926
8139
1147
218
1684
3637
7786
7699
4642
5630
3143
7856
3181
4589
2154
2504
294
2023
7461
2681
6630
6962
1149
7295
6974
4287
660
3484
3717
901
19
4502
2500
2832
3267
247
4241
4457
2290
174
6985
5678
5922
7008
6815
4781
5845
1401
2564
1462
1792
3937
5796
4388
6024
5233
6559
5218
5832
694
383
5023
5557
4641
1789
4574
3478
2633
7073
7007
3703
5992
7694
2190
5061
5509
3801
1945
6859
1185
6883
2594
2171
6529
2116
252
4300
760
5711
6920
6788
4895
675
4059
1210
8058
1478
7547
2449
8039
4387
7182
5049
56
7138
2766
3822
1400
1263
2154
2186
6782
2863
319
2014
7960
5179
2060
6448
7848
6277
6615
2091
3162
2979
5422
4855
4641
3993
6370
757
6208
5751
550
8033
2010
1916
3834
3224
231
6275
6030
7814
624
8185
648
6502
1549
3313
194
65
6367
1352
7462
4542
6907
4037
2813
3302
3682
921
5282
488
7592
2130
3373
1908
4653
2079
2046
1317
4273
598
1167
5431
1798
7132
746
126
6114
5761
2936
233
7785
4807
796
3162
4583
2161
775
5522
744
5975
6868
1252
1129
6756
6645
3864
1235
6304
311
5638
1400
5734
2006
7885
8177
679
3760
4925
1816
2655
1479
194
2956
6092
5332
4911
4005
6003
5897
1147
7887
6228
2922
7948
3775
4758
2558
3763
5119
7347
5020
2134
5866
984
7107
3878
7819
7885
6649
1692
4577
1970
4925
4542
5767
788
3073
936
1066
3752
805
6665
2248
2654
3229
3245
6391
7034
6243
7514
2693
7908
6863
5807
967
6262
4126
4706
3231
519
5197
4606
913
457
6589
3227
4272
7983
8070
5512
1040
2224
1016
7667
6508
5689
3732
10
6391
7061
297
3155
1299
1144
2693
3224
6892
457
6940
1515
620
6080
667
5827
3151
5380
3689
794
7906
7785
2922
7135
4169
7876
7129
2462
1333
6465
3291
4213
650
7051
6469
3559
4520
4052
7886
5023
6560
2927
2766
320
3762
7935
4549
4408
7655
1000
6594
5376
4482
7256
2698
712
6313
7489
1210
7274
749
6735
5066
7689
3453
5192
3592
3449
3483
6190
7601
3853
1853
1809
2103
1428
5259
2780
6657
3692
5206
2496
4273
1350
3964
3073
1147
986
3802
6531
5196
7938
5576
5977
1076
6827
4082
5242
5242
1709
57
4782
3736
6646
944
2190
305
7881
5177
773
7048
4482
1989
2905
4272
5718
2577
2366
879
4409
5832
986
6903
3177
2343
4784
514
6208
732
1951
5322
6790
6659
3119
1853
3920
5096
7616
3990
2536
3073
2224
6413
1485
3884
6352
6138
956
2427
4033
4020
6598
5604
2446
4295
6188
5594
3166
486
3553
2430
1951
5254
7391
1697
2405
6753
4314
6413
6819
6397
1342
3772
5464
6124
7415
5332
5160
681
4791
2811
7866
3022
5292
4507
6271
3615
6820
3290
4605
4788
7369
4215
4318
2115
7391
5191
1232
1024
2410
7921
7167
500
1021
6450
4830
6829
7285
3532
5708
568
7872
6335
6385
5275
383
600
3581
2192
7718
600
2662
4605
7395
2933
1512
4346
2572
2525
6216
2764
6469
4397
757
7391
6447
4197
5104
4033
2065
7146
8075
1177
4735
6357
7716
6144
5909
4920
7871
6031
600
5067
5107
5893
5155
7156
5063
4605
3950
2553
3862
4335
5275
7736
1702
835
5892
6306
600
6447
921
6799
7872
4570
899
5874
4623
1971
4008
2136
2773
5427
1821
