0
0
0
9
0
1
0
2
10
2
0
0
1
0
0
1
1
3
0
0
0
5
11
0
0
0
0
0
0
0
1
1
0
0
0
3
0
0
0
0
0
0
0
0
0
0
0
0
0
0
0
0
0
1
0
2
1
6
1
0
0
0
0
0
4
0
1
0
0
1
0
0
0
0
0
0
0
0
0
0
0
0
0
0
0
0
0
0
0
0
0
0
1
0
0
0
9
0
0
0
0
0
0
0
22
1
0
5
6
5
0
0
0
0
0
1
0
0
2
0
1
2
3
1
0
2
0
0
0
2
1
0
5
0
2
0
0
0
1
0
0
2
0
0
0
0
0
0
1
0
0
1
0
0
0
0
2
0
0
0
0
1
2
2
0
1
0
2
0
1
0
0
0
0
0
0
0
0
0
0
0
0
0
0
0
0
0
0
0
1
0
9
0
0
0
0
0
0
0
0
0
0
0
0
12
7
10
5
4
1
27
1
1
4
2
1
3
23
0
1
1
11
0
0
0
1
0
0
0
1
0
0
0
0
0
0
0
0
0
0
0
0
0
0
0
0
0
0
0
0
0
0
0
10
0
0
5650
8021
2470
7484
3220
3260
3308
1488
4007
2464
4207
825
4242
727
4242
6135
4707
3741
4670
7246
783
1607
5997
1155
7405
7180
5998
4578
48
7180
2777
4647
7012
5975
3795
4399
5650
4914
7451
7940
5102
83
2629
4651
3134
7180
30
2015
795
1776
4202
411
5715
5664
3260
7673
3600
3391
7484
7823
5536
783
4202
4670
7584
6869
2130
4647
2773
5945
45
7673
7380
2629
960
5687
491
2679
6818
5019
7613
5833
4448
5100
5364
6307
7592
671
1824
1776
3888
5715
6009
45
4290
536
5048
4407
1459
418
4708
6571
448
4350
568
4605
5779
3240
4522
4644
6553
4867
3930
1945
4341
2792
5094
3271
2339
6997
719
671
6587
2610
3348
3682
4651
5283
123
3405
1289
5531
4847
1767
5121
2487
7063
5547
6245
8055
5779
7190
2533
2851
3248
6010
1338
5796
152
7352
2238
993
7065
7766
4630
1852
7497
3490
1787
4835
1748
1880
6307
5115
4809
5129
3322
2855
7413
6547
7451
2533
202
5756
7033
6494
1676
1695
68
5728
4360
4180
1628
6352
4946
6688
2898
1534
2679
1620
7497
631
5507
3391
7869
834
3584
600
4383
5285
3416
1672
6635
820
755
7743
27
8037
7771
5159
3971
6638
8115
701
4446
1696
1766
3040
365
4340
2229
61
4478
4017
1965
6346
3572
2544
448
1870
4326
7909
5625
6128
5129
6287
2427
7430
1569
1458
1537
3451
2712
1086
7804
1229
6673
5256
8185
8115
2256
4759
6737
6864
6041
2777
5048
1964
5077
1209
7827
4273
783
5928
212
755
5151
3317
2320
4696
2224
4923
7181
5065
4752
6325
3583
7687
1079
6463
2756
5428
5902
2459
4175
5077
2736
3585
4309
6022
2975
5226
3379
63
3483
6089
5940
67
1695
1104
3069
5231
7225
3090
2156
1732
735
4288
2776
5617
7919
972
3053
6384
4293
1675
2632
1453
1836
568
3722
1105
693
24
2119
3740
825
2943
6138
603
993
1259
6201
5535
7367
3232
8009
1626
220
198
7073
6964
687
4515
4915
3034
418
3594
2489
6824
3541
2489
1871
6635
1438
1713
2918
5517
4401
6138
6757
1933
391
6468
7855
7697
5572
2198
4104
4922
5956
661
2058
2722
5940
4515
875
3065
7659
960
5279
6089
3483
283
1046
4867
3017
4983
287
5289
2353
51
3023
6745
6738
1797
2658
449
7945
5251
2448
6184
6559
6719
4875
6745
1694
2412
4417
6952
7249
878
6553
7063
4792
531
5537
6541
5571
6443
1788
2750
5358
5042
4401
1525
3910
793
3369
5820
4515
7367
3604
498
5615
7512
5074
3958
2820
956
1092
4180
4855
6269
812
2939
5220
5143
925
2679
7799
4999
1968
7556
2304
3401
5256
972
3953
7760
6966
6651
8117
1329
2455
3496
5518
7560
8008
5655
7650
4423
3836
7392
3463
7697
377
6500
4475
5129
170
6320
8025
559
6745
2785
3620
7875
837
3003
5834
6767
4347
7702
2446
216
4980
3979
6428
4192
4275
7440
1070
6410
4772
5262
2007
1694
481
1488
979
3240
2958
2464
7246
3820
2991
1502
7650
5383
2380
1797
3688
5339
4655
1744
1396
3428
399
5582
7815
474
3338
6555
7784
3442
4943
3133
7803
7806
7872
4892
4214
202
7910
3454
517
71
5770
5772
6128
133
1730
3535
1937
7658
5622
542
4468
1802
440
6338
4280
6287
7062
5401
3272
2665
7261
4486
3642
5928
4569
6011
3148
3240
7205
6553
6677
2692
4691
1942
6163
4418
2859
2460
2933
5614
4519
7374
2291
5786
6559
3025
1923
2366
1730
1935
6882
8030
1239
4679
631
2271
6417
591
740
4594
5650
2773
6443
3441
2502
2837
3894
6464
1235
5325
2836
4112
6616
5843
3451
2251
8044
7738
4602
7702
6695
7611
5937
7408
4992
5038
2016
3158
5874
1787
4950
2773
2339
6638
7556
1688
5972
1284
4664
533
5291
3364
3645
3185
1219
6868
4205
107
6850
1219
6010
1725
2683
4051
1949
764
1289
4039
4229
2959
390
3561
2483
4723
962
7897
4960
1352
7781
2939
2855
5104
2131
1567
5622
1019
119
6442
3594
8100
6138
269
6208
4450
5888
308
3485
3129
6817
4970
8141
369
2016
3868
4815
7708
1460
4696
3331
5774
2197
7430
2135
5520
4888
3317
2357
6784
2837
3359
4853
6770
4000
7500
590
5843
3253
729
6885
3719
6720
6913
3697
2110
3497
4934
4187
2693
1623
1678
751
449
980
1024
643
2939
4912
5706
5714
2947
5631
4873
7695
3420
1051
186
4819
4475
5748
421
4607
2138
1159
4745
5238
5840
3226
2421
2479
3711
2658
260
2572
5291
5417
2637
7656
1947
7193
3351
572
2215
5999
2225
2934
5520
3671
5412
1155
3683
4245
8025
853
6386
7454
1253
2884
6525
1391
2276
81
6791
4863
5284
606
6170
4515
3122
2735
780
1336
6631
4993
6704
427
6750
3477
2918
6796
5661
5662
2041
1516
6449
1155
2243
7706
2255
1878
843
5573
6567
6811
5496
2889
6705
7738
4178
538
968
6170
2785
2978
277
674
2296
7907
7165
4853
2238
7841
7086
2713
4706
2920
3522
2676
4885
2393
1564
7676
961
8057
1708
8027
4576
3526
2529
4435
215
4618
2596
4443
4317
623
3656
6818
2533
1776
2182
3225
7012
1952
3207
5248
7182
7421
1516
3656
4077
1264
1820
2508
1652
6596
3428
2790
7066
6746
5075
569
1685
6850
5260
2583
596
1656
6603
5605
3352
3389
5798
8121
7594
5044
5787
2958
5434
1713
4241
1642
960
7172
935
3681
4104
449
3762
6256
1211
4551
1208
7658
563
8132
3467
4907
2357
1077
6419
1113
7035
1167
1372
7011
2798
7064
3111
1204
6053
7305
5222
305
8025
2124
7241
2308
2809
4744
4807
336
5007
6673
1151
3238
5479
2511
483
1151
4904
1567
2462
7085
3219
6361
3863
6041
778
7658
5666
6719
1698
6200
1513
2022
4229
6053
7873
1799
932
459
2158
1306
5301
4820
4920
6271
2732
3551
5599
8002
3797
514
3413
7246
6740
4266
6202
5430
8176
6508
1246
7256
724
8025
6885
7038
3472
8025
4858
4046
2930
7624
7325
2544
3609
