0
0
0
10
0
0
0
2
10
1
2
3
0
0
0
0
1
0
0
0
0
0
9
1
0
0
1
1
0
0
0
5
0
0
0
1
0
0
0
0
0
0
0
0
0
0
0
0
0
0
0
0
0
0
0
0
0
0
3
0
0
0
0
0
1
1
0
0
0
2
0
0
0
0
0
0
0
0
0
2
1
0
1
0
0
0
0
0
0
0
0
1
1
0
0
0
7
0
0
0
0
0
0
0
27
2
0
9
6
6
0
0
0
0
0
2
3
0
0
1
1
0
4
0
0
0
1
0
0
1
1
1
0
1
1
0
0
0
1
0
0
1
0
0
1
0
0
0
0
2
0
0
0
0
1
0
3
0
1
0
1
1
2
0
0
1
0
0
0
2
0
0
1
0
0
0
0
3
0
0
0
0
0
0
0
0
0
0
0
2
0
5
0
0
0
0
0
0
0
0
0
0
0
0
11
4
5
13
7
2
27
3
1
4
2
3
1
23
0
3
2
11
0
0
0
3
0
0
0
1
0
0
0
0
0
0
0
0
0
0
0
0
0
0
0
0
0
0
0
0
0
0
0
10
0
0
121
4065
7866
876
5775
4096
3022
7745
3916
6436
5751
2941
35
1839
837
1024
2115
2737
5176
6770
5408
3854
7012
24
2266
6587
2303
4445
6737
4340
4340
5027
4718
5893
3439
6002
5427
5064
3823
2404
4346
3390
7012
7598
1938
514
7527
1151
4796
4217
3020
2377
3908
6941
5710
5232
90
6393
3541
2684
1281
3106
3561
4575
6002
5553
5773
2419
3038
657
7995
6973
6483
3238
1249
4831
7329
5033
2366
3423
420
7569
7028
2271
2843
7859
369
4667
4765
4735
2285
3610
2217
3469
7156
722
3720
1740
459
7798
7015
2115
7971
2338
2605
3529
5740
3839
3404
1591
2427
6125
1193
5330
2490
6415
7146
5494
7055
1439
7373
5520
2071
6988
2868
1308
5715
1446
3901
4065
657
4502
1233
3343
809
377
4258
6107
884
3580
5844
2643
5642
1180
3230
5816
6092
968
3467
2490
5855
3704
4717
861
3446
2434
6791
255
6422
1620
4853
729
2650
3836
1728
8099
1208
5979
1992
2902
7650
904
2132
2030
1487
3543
5807
1356
3010
4524
7053
1302
837
2449
6994
4967
3784
6862
7018
4578
990
6761
1602
6599
1123
6106
3171
7420
7038
7666
1007
62
359
7177
3162
3771
4059
377
4791
4344
3544
7109
3838
5454
1435
5075
4554
5807
3230
7483
732
5113
6761
4707
2361
5917
4967
4817
6731
4637
7963
477
6109
4676
5261
2824
6940
4507
6659
5926
3054
987
6181
6480
1545
2893
6836
8156
4554
6940
797
3149
1262
4479
6389
4387
2217
2291
6862
7018
6963
4286
7306
7629
4766
5617
5151
3063
4036
3176
7416
2600
3634
4048
3971
3467
4870
3226
6318
7851
7197
2785
4836
4978
4562
5209
7767
1452
1101
3279
168
3488
5737
971
6662
6620
5001
1924
8082
1358
4282
3664
5762
6811
7356
3921
5039
4306
2050
762
5005
6449
3557
4593
3634
4905
6580
7945
4707
1620
7562
4919
4855
4052
8171
5240
5935
3282
1094
6867
3749
6348
4495
6572
747
4062
3198
2556
1036
309
7963
4957
894
7178
7343
4000
2894
1079
3553
4427
6299
6548
2977
5341
826
6232
69
6092
7541
2490
3286
176
7381
6941
3879
7643
7461
4662
1954
4285
5433
7417
4322
5536
8093
5807
6163
7242
6595
1744
3441
3410
1019
3910
1659
5772
6850
5464
3076
5302
7330
2711
5515
2850
3158
8177
3265
2019
8065
1281
4701
1978
5684
3388
2770
3230
5074
5358
1613
6449
7689
217
6003
4688
5634
237
5094
3971
4688
5458
5140
6114
2601
3283
6469
7867
5566
7071
7461
6995
1949
6937
3847
2342
6408
1336
4696
7480
1552
845
2193
4342
5772
5196
2749
222
6654
3369
4750
3226
3226
4598
1252
2273
7171
2172
5101
3903
5142
201
1465
1698
4384
5464
1796
1235
7060
8147
6561
194
7490
6092
1308
5005
823
7714
2446
7262
6350
244
4401
5327
4323
5328
6107
8139
4080
5231
2174
7557
5274
5482
6758
6825
2077
1923
2427
1696
6720
725
150
2012
904
5093
1591
5135
5188
1708
7572
706
1726
7702
6109
7264
6755
5151
1654
5383
6257
1954
7650
4276
584
1435
1282
1476
1110
6352
1449
5631
2535
5395
4036
7041
6649
1626
7919
1797
6229
1785
5847
2682
1773
1725
1458
3184
7761
2730
3295
2561
8027
7370
894
358
1923
1500
7529
7529
1487
2213
2213
4268
2675
1045
2892
5224
3718
3503
1411
6915
4035
1881
1180
132
6925
1258
3289
5238
3149
3171
427
3209
5913
4310
7880
8177
1792
5670
4455
1374
4258
3900
3008
998
731
4421
809
3010
6164
3017
8089
3538
7585
4369
4511
3519
3488
371
2904
4611
7212
5188
614
614
5139
7356
7021
4191
2911
4662
1344
7093
606
7424
3444
7157
2342
809
6164
2358
3664
3404
1300
7736
7985
658
5286
270
2735
2809
6350
5957
4922
4226
5139
560
6785
69
6589
7906
6077
7394
7643
7996
6376
184
2775
1654
2021
5927
998
894
4199
6107
6107
2439
7804
3681
6523
459
3985
5440
2264
5702
7404
4258
3149
4397
2824
1773
2342
1110
887
2928
2611
7880
1792
2578
5797
3488
4919
6547
5433
2878
5844
8096
5522
5702
6345
4401
5383
2168
3659
6555
6971
5261
6109
5844
2730
6408
2997
6825
6785
2030
2535
6257
7610
5433
1341
5957
1123
7521
1835
7312
5395
7661
4965
7370
2994
6107
5510
3776
3227
6138
6896
945
2056
5638
617
7666
1571
3126
1276
731
5584
1493
8065
11
8089
2019
7461
6272
363
6303
2997
7394
8129
3910
3700
7602
6424
3978
5011
5940
7145
7374
191
5820
390
7158
4490
4346
2030
2164
6234
5957
229
7162
3671
7098
2049
808
2611
5433
7154
6526
2242
5458
5820
277
7602
3295
655
2969
6045
7657
7412
2409
780
7060
635
2661
7713
5539
3974
2233
596
7534
2195
6356
6294
6469
1237
6825
6589
5863
2793
6370
3176
5284
124
1623
4413
6940
5911
5808
6627
8067
7077
8099
8120
5745
4785
6001
2175
7903
3794
6905
2991
5330
3717
27
3543
7843
3553
6117
1117
1458
7851
1469
6201
7221
3718
532
7855
7323
6232
7859
7818
5512
944
6443
7649
306
7777
5066
937
4478
5716
2291
2908
313
5848
7260
1986
7381
5144
1338
3612
2443
1638
3371
3595
2231
1804
5323
513
2021
3114
5740
2893
5311
2804
2197
1525
4609
3492
3402
486
5914
1732
2034
588
3030
5311
4665
4360
3757
7181
1628
4423
2311
6151
7988
505
5017
8020
5240
498
2908
4983
1123
8125
7499
4680
1678
3513
7229
395
7148
2631
6132
2850
488
3457
5254
554
1208
3819
1688
7110
1160
7578
4983
3718
7974
2435
7386
1378
2893
3014
7444
4354
985
951
5715
3589
2737
2449
6066
472
5835
6472
3056
692
3244
5553
2415
7945
6681
5319
1584
3058
3513
3821
961
4064
4724
6133
7873
483
7416
5236
1534
7901
832
6013
2244
815
4339
1862
7527
4630
7645
5440
6295
651
90
2214
3805
3988
6222
520
3144
6864
6740
5115
4448
6346
4347
2499
3096
4175
5445
2390
3463
4022
3414
3589
2783
702
4251
6005
5456
