0
0
0
10
9
0
0
1
10
0
2
2
2
0
0
0
1
2
0
0
0
0
0
1
0
0
2
1
0
0
0
3
0
0
0
1
0
0
2
0
0
0
0
0
0
0
0
0
0
0
0
0
0
0
0
0
0
0
3
0
0
0
0
0
1
1
0
0
0
0
0
0
0
0
0
0
0
1
0
1
0
0
1
0
0
0
0
0
0
0
0
2
2
0
0
0
6
0
0
0
0
0
0
0
24
3
0
7
7
6
0
0
0
0
0
0
3
0
1
2
4
1
1
0
0
0
0
3
1
1
1
0
1
0
2
1
0
0
1
0
0
1
0
0
0
0
1
0
0
0
0
0
1
0
0
0
2
0
0
0
0
0
4
0
1
1
0
1
0
1
0
0
1
0
0
0
0
2
0
0
1
0
0
0
0
0
0
0
0
3
0
5
0
0
0
0
0
0
0
0
0
0
0
0
9
4
5
11
4
3
25
6
1
6
2
2
1
19
1
1
1
13
0
0
0
4
0
0
0
1
0
1
0
0
0
0
0
0
0
0
0
0
0
0
0
0
0
0
0
0
0
0
0
10
0
0
6150
1293
4702
7071
3528
3728
6886
2956
2076
5924
2421
3835
1160
2773
4569
4074
83
6436
7575
1565
4341
4017
6059
858
1971
4976
7764
6104
3220
2071
4820
649
432
3844
2578
1435
7932
3272
457
4011
1131
6119
416
46
3480
6599
4340
1789
6827
5157
127
2454
3081
1620
6833
7934
3561
1917
7418
5902
5275
4340
4598
4830
1620
5024
61
747
4571
3272
1978
3153
5787
728
3627
6635
6393
3307
6281
5772
4450
5045
7592
3581
1569
2916
2577
3950
3635
6319
7459
5890
2004
1340
245
4546
7233
5608
6552
1835
2252
1228
3002
5602
1346
1847
1917
7505
1053
7012
4009
435
5982
1534
421
3621
632
4628
5102
1420
512
7909
5315
2887
434
1055
3927
1090
7086
7867
2733
227
4857
3012
2340
6990
4749
3452
2056
1186
7380
4976
4975
1740
531
7258
7582
7332
318
7763
1462
280
1308
4050
3491
1532
7806
5921
8092
1607
5384
2458
7595
4997
1576
305
3841
4749
6405
6904
3001
3642
1408
1925
2877
7939
7008
4723
3561
5803
1366
456
6421
4660
785
7851
2285
6331
1566
5471
1023
1157
5537
2472
736
2274
5747
3579
1346
2504
6786
240
8022
4172
5845
380
3421
2116
3024
6990
2775
2849
2006
2563
3145
474
4875
6315
5735
47
6339
5461
4049
4340
2483
2023
4067
5608
367
8107
7819
394
1667
6114
4736
679
7819
3008
5927
8166
1551
7004
3170
1783
3164
6103
2424
2911
8125
6959
6375
2987
7369
6058
4478
631
8113
6130
3393
1047
4538
7831
6527
743
586
6970
6858
6990
7515
4789
3708
2729
4752
4135
5804
871
7996
1061
3996
5787
2194
815
5922
3921
759
1613
559
5288
6752
4811
309
7021
3170
1682
7880
153
5759
8126
6883
7990
7821
1316
7493
857
1385
2006
3143
3523
6217
6782
7623
380
4153
6839
3536
4081
410
4689
613
3267
5344
7831
4358
4097
1584
6883
4675
4916
5201
769
3300
3164
4469
5675
4273
2727
6114
6883
3026
4218
1212
5118
6527
1486
2194
1025
4815
1239
4951
5735
5254
5254
2368
1346
3841
433
2041
3318
7880
5952
4659
3000
2023
904
5473
5058
4249
1585
4659
3170
2432
3834
4229
7142
5142
1266
1366
5420
7185
5931
908
838
5710
1689
4114
1585
5804
5764
5800
1241
4454
656
6630
1989
5380
6501
180
4135
3444
7819
5800
95
8048
4482
3394
1266
1800
5584
3318
4736
6444
4172
1011
5479
6276
4659
2328
4029
3257
679
4970
6839
886
656
6630
7303
1989
2506
3008
3380
679
3099
97
1971
3257
507
1757
1073
3452
6234
7303
7831
5800
6064
1845
7039
877
7344
6299
1354
4029
7234
679
1939
3191
1296
586
6114
6405
6065
363
6030
3099
4887
1048
2082
2956
1459
2116
7776
4879
8177
4310
6579
815
5936
7595
2499
2661
6186
8138
3661
4406
4834
102
7185
6290
5145
8089
4454
6114
7880
1817
5583
5350
857
3126
7378
7234
4815
2082
7776
3209
209
1327
5938
7125
4571
7694
2567
1849
980
930
7188
7799
5608
1677
8107
3810
3579
6040
7192
4659
519
3579
705
4899
5433
8089
5109
373
3536
1437
2076
6798
5785
7819
7620
8068
5970
5314
4474
757
2901
4975
5647
7494
5237
3369
5785
747
460
2389
5952
7378
7834
4426
1061
904
2878
5109
194
4526
7493
5142
1615
7639
5811
1346
3932
6490
284
402
5097
1445
3124
1620
8016
4355
2007
2516
572
7303
6065
3153
1433
1494
5637
4310
7990
7639
194
4840
4526
5913
6892
1790
3728
7880
3421
4840
1204
2630
1385
1486
6883
6331
7295
7389
1105
980
4020
6821
3389
5133
7303
6405
383
7081
1385
4675
7639
366
4080
1204
4911
7303
760
6264
7197
3708
5938
3810
7057
7143
7785
2956
7303
4749
1346
2397
7844
6989
2803
1765
4892
7716
1327
7303
7996
1972
4524
7192
7166
7171
4944
3257
807
37
6448
232
5461
1366
5126
7313
5909
5545
2426
2426
6065
994
6990
921
7195
7133
2729
1036
6642
2279
3010
2258
2994
6296
6490
6547
2778
8089
6731
2253
1435
6798
6960
7916
2082
1327
1934
921
5566
6308
5584
4524
6114
5637
2685
5973
4134
7467
5078
3932
6839
5583
3913
2511
277
1472
3492
7428
217
1010
7577
386
7171
1131
704
4454
3962
632
6452
1954
6667
5433
872
1401
380
6311
6451
2939
4202
7237
6882
1667
5942
2243
7085
3862
2358
747
6303
5128
2592
1668
433
7008
286
6853
3579
6853
3574
2685
4699
1456
2023
1204
3318
1357
4944
1972
999
3720
3773
2881
2001
5356
3784
1577
7373
6417
3557
6810
5584
7154
5000
4172
3143
6839
4736
6451
6839
6886
3197
1850
5804
4602
37
5762
4426
1091
6613
484
6465
7246
304
8058
5748
4879
7431
2868
5412
7887
1653
7445
6649
4080
1048
2463
7509
2979
1479
4005
457
2544
1459
7867
5430
8064
906
1366
5764
3639
4931
3878
6069
6708
1765
7153
3134
6449
3401
985
4939
2934
5364
3936
3293
3988
3585
500
725
626
1010
3740
3162
1010
5282
3642
3191
2956
7303
3536
4749
5931
494
309
8002
96
3572
4207
684
7079
7989
5489
2328
4614
4340
1200
1890
2406
5013
2867
6668
3209
373
1971
8046
7934
7929
5433
1435
4840
3810
4249
470
126
3708
4097
5348
2662
1452
6417
6590
4095
2637
6615
6289
4628
5272
369
4744
5135
46
4792
1879
53
2019
2082
6990
3209
796
2911
8081
6518
4677
4636
4601
5359
7343
2395
7963
2973
1513
255
7235
4499
5715
1150
4421
1272
3589
2907
7470
7704
46
4551
6396
729
6329
4202
1037
6336
4535
7901
46
1462
6633
3542
3223
3835
559
2328
4089
5725
2066
249
4533
1634
1075
4266
1136
6654
3933
4478
7012
2439
6395
4570
6243
7344
5317
7615
1748
5209
4710
5731
6227
4880
4340
3123
5643
6508
5292
5724
4442
3413
7301
8160
3585
2354
4881
3835
6147
7909
514
469
8135
1762
5079
3305
820
7823
5048
340
2080
1256
10
8153
4533
4349
5531
6820
5343
5531
7598
3004
6384
