0
0
0
10
0
1
0
2
10
0
0
4
1
0
0
0
1
3
0
0
0
1
7
1
0
0
2
0
0
0
1
1
0
0
0
0
0
0
1
0
0
0
0
0
0
0
0
0
0
0
0
0
0
1
0
0
0
2
1
0
0
0
0
0
1
0
0
0
0
0
0
0
0
0
0
0
0
0
1
1
1
1
1
0
0
0
0
0
0
0
0
0
0
0
0
1
4
0
0
0
0
0
0
0
23
0
0
7
4
3
0
0
0
0
0
2
4
0
0
1
5
0
3
1
0
1
0
0
2
0
0
0
2
1
2
0
0
0
0
0
0
0
0
0
0
0
0
0
1
0
0
0
0
0
0
1
1
3
1
0
0
1
4
0
0
0
0
0
0
1
0
0
0
0
1
0
0
1
0
0
0
0
0
0
0
0
0
1
0
3
0
9
0
0
1
0
0
0
0
0
0
0
0
0
13
8
5
5
5
0
27
5
2
5
3
2
3
20
1
4
3
10
0
0
1
3
1
0
1
1
0
0
0
0
0
0
0
0
0
0
0
0
0
0
0
0
0
0
0
0
0
0
0
10
0
0
4341
7453
702
2916
1105
541
8159
1415
3358
5403
2922
4194
5332
3433
2558
7011
2558
1105
4881
508
7887
4472
6571
4093
5494
5439
1857
6058
1009
5857
3773
1309
702
5292
2271
1105
3405
5376
4211
1009
4353
7823
4881
5332
2015
1217
1046
1029
4361
1395
5232
684
7028
959
30
959
1046
5232
5332
2916
254
3391
2248
5975
2459
2271
1917
2558
4852
7090
1767
5247
1600
7823
2679
2002
5975
48
5272
7781
2210
7233
1224
6422
6176
4007
1029
1029
254
7415
2002
916
6321
3642
2271
1395
2002
1029
2907
7011
959
137
2410
3416
2558
531
1680
1105
4708
210
6835
71
6666
86
1766
1604
6965
3867
3558
6592
2661
1217
2248
5249
2817
932
7887
6645
5272
1029
4812
3386
6571
4478
369
4340
5077
744
7798
8030
7357
4982
953
7772
927
3940
4527
3956
6269
2852
3247
5311
3423
6864
2558
980
7012
369
1057
6058
6082
5292
4361
1600
7642
2483
744
4491
2130
3600
7259
1489
7646
253
4676
5358
6269
4681
646
8057
498
2197
2900
7043
2275
4966
2993
4412
3368
7028
795
3773
4007
6031
4150
3876
7575
3469
8030
1767
5272
6174
6840
6905
7523
2311
5197
646
313
4221
1528
5392
1292
107
2439
498
107
7068
2955
3623
6508
7887
7012
2166
7301
2244
3322
5975
6735
959
5232
2558
337
3107
379
3104
4180
3356
8137
3865
5387
8185
7735
7340
7646
2007
6805
551
1766
7465
7977
143
210
3773
5232
4343
1620
1680
722
5915
702
30
3969
5275
6090
7392
4682
5940
2020
1551
2960
7525
6036
5261
7465
2342
648
7814
377
107
7761
5910
4231
4661
7798
2002
7755
2410
211
5220
2907
1275
4788
5024
1024
2442
6854
5597
7875
6387
4767
4676
5612
4827
6195
4755
7768
2519
1374
1461
2862
3692
2427
961
1687
5641
1216
7437
3968
7788
5220
3541
2907
249
3318
3154
916
1432
7249
4682
2197
6873
258
5358
7306
5124
2049
3104
6723
3390
1394
2431
1115
1623
755
5597
5462
962
3973
361
1141
1272
1680
4491
531
2405
5351
7333
7336
365
1887
4682
4855
3977
7375
7404
7932
6819
6763
1525
6400
5585
4396
5005
5815
4323
1451
379
7412
670
6346
6760
8135
6015
4340
3541
6135
418
2143
7248
6653
536
6418
6763
3595
6119
4446
516
6585
3107
7411
3998
2187
6080
1130
581
4487
3463
7212
4676
2319
3282
5653
5904
5810
3645
5536
1824
5661
4237
6925
3329
1326
3226
156
3985
5069
6174
6840
6269
4323
2994
7306
8057
3678
2291
5392
1312
1654
1753
5556
6269
7970
4975
4744
2414
193
3060
4027
8006
7344
4237
7049
1443
287
7095
3478
7591
135
863
1777
444
5834
4678
326
4527
8100
709
5617
6663
6966
1571
5379
6996
2771
7686
710
6419
7574
2363
4707
3167
6668
422
3252
3121
7352
4682
7412
3934
1905
68
4450
2187
4180
953
6840
5610
7728
3423
3215
5865
3060
6523
4676
663
3161
4349
1520
1623
3410
4131
3835
5220
5112
5536
87
6480
6716
6763
4180
6890
4282
6631
5090
5417
5075
6749
2448
6673
3363
5944
826
995
2905
3521
568
6335
1522
7106
4457
3492
3695
6076
4812
1824
1319
1049
5165
1280
4217
2251
7433
1332
2984
5260
3317
7805
2448
67
377
949
4993
1957
5188
8073
4323
7258
4628
1236
4561
6989
4702
5629
7151
1094
5102
4491
2271
7243
1094
7399
6865
2548
1046
1124
7103
1229
4323
3489
3283
2291
2792
6638
8057
3977
7696
2571
1457
419
1658
2973
2112
7551
1769
2013
4506
5717
2520
1046
7995
5102
4361
2076
7318
1971
1364
5232
332
4262
2366
2792
7521
3283
6598
2366
3467
1799
7877
4934
3162
6789
6281
420
2312
568
2022
6199
7275
462
4585
2419
210
4340
820
5690
7004
8023
288
5220
5249
6215
184
4658
7318
7934
8093
2076
1751
1182
1312
3835
5689
3668
3824
1838
4472
6243
8010
492
2418
5119
7188
35
4340
5048
729
210
8030
1043
3747
8187
7582
170
7935
7747
7396
2499
7415
3233
7324
3530
4340
4898
1362
3647
1415
2884
3598
3386
2283
6549
3161
2795
2817
4067
4340
4707
2464
4478
4880
2832
3697
7592
1852
3836
7220
1872
4628
4448
3744
156
4425
5878
5247
7188
1893
1309
1136
665
1581
3292
2022
5236
1200
1136
6203
959
7028
5982
411
783
7405
4600
1554
7877
6194
5235
2774
4007
2907
4609
3196
52
7987
6319
7877
6645
795
8047
566
5272
7663
3706
6249
1768
4570
5468
729
5292
2271
4237
6135
5982
7028
4718
3847
6367
5786
139
948
1535
7497
3481
6139
6581
824
487
4958
6243
4751
7732
4975
2723
3301
6243
4842
2152
6147
7262
6571
744
5220
7506
4578
4716
5272
2754
2893
852
5010
5222
4056
4847
1287
1941
1699
331
5004
3815
3384
4294
8047
4796
4020
6889
2013
1535
6571
3322
1009
2283
6031
5220
7679
1067
702
390
5733
4916
2650
7393
5785
5220
5292
7389
7155
3190
2868
4361
4248
5331
4645
6660
2907
1160
7389
2009
1084
7039
959
4858
1009
5227
4242
5715
508
702
1287
4194
92
3154
6227
5403
4542
5288
5220
5220
6320
3144
1835
7767
2022
6008
4517
1620
5537
210
4478
2419
5166
3702
1163
2283
1536
5468
6215
7642
5654
4340
3636
2508
7911
7908
1173
3348
6824
3305
1535
4343
2771
1244
7093
432
718
7382
932
3610
1769
3386
35
702
3969
2975
295
4533
4847
512
4651
2217
5654
4841
8148
3492
2127
1521
6889
3233
2868
3642
123
5688
4640
7928
4809
1818
1244
3644
5255
5351
7389
2672
4847
6645
1309
5166
4009
2419
6321
1009
1620
7408
4472
3682
4958
6440
1453
2009
7196
4798
4482
531
7048
4067
7995
7012
3762
3651
2076
4283
1395
4892
1794
1009
7415
3821
4630
4689
5236
4445
5873
382
7901
2411
5288
5733
2629
4689
3849
2166
4847
5339
7463
5290
1127
6654
7786
2684
2826
1680
7087
3611
5923
2796
5171
137
4441
2283
1864
6295
1524
5531
2150
777
