0
0
0
10
0
0
0
3
11
2
0
2
3
0
0
0
2
3
0
0
0
0
9
1
0
0
3
1
0
0
0
2
0
0
0
0
0
0
0
0
0
0
0
0
0
0
0
0
0
1
0
0
0
0
0
3
0
0
3
0
0
0
0
0
1
1
0
1
0
1
0
0
0
0
0
0
0
1
1
1
1
0
1
0
1
0
1
0
0
0
0
2
4
0
0
0
6
0
0
0
0
0
0
0
24
1
0
13
6
6
0
0
0
0
0
0
6
0
0
1
4
0
7
0
0
3
1
2
0
1
1
0
0
0
2
0
0
0
2
0
0
0
0
0
0
1
1
1
0
0
0
1
0
0
0
0
1
0
0
0
0
0
1
0
0
0
0
0
0
1
0
1
0
0
0
0
0
2
1
0
0
0
0
0
0
0
0
0
0
5
0
6
0
0
0
0
0
0
0
0
0
0
0
0
9
3
7
6
5
3
25
4
1
2
2
3
1
27
0
3
2
11
0
0
0
5
0
0
0
1
0
4
0
0
0
0
0
0
0
0
0
0
1
0
1
0
0
0
0
0
0
0
0
10
0
0
3481
47
4329
7995
5272
4361
6009
951
5057
1024
1600
4194
4796
4708
1023
684
1046
7887
4478
2448
6673
2686
4472
4478
2916
4361
4329
3720
6784
2832
5163
5067
5272
254
1767
5332
4329
2410
4796
4017
4194
4934
3391
1009
6321
5403
6000
1046
7491
5292
1354
4104
1465
7607
2634
5933
7582
4340
2483
820
2672
7591
2696
5041
5364
4361
5385
7153
5470
7923
6214
6645
4150
1009
8103
30
4881
254
1029
568
920
6107
6325
6399
3489
1305
3673
1461
2798
7229
5364
4478
2684
7995
2374
1559
7408
2483
2279
3178
7697
810
6712
5353
6664
4600
2558
684
5385
7582
5470
5260
4527
5274
74
7523
6673
1688
6048
5182
5284
5897
4478
7028
1029
1105
48
2415
3021
3610
414
656
1552
4979
2574
6601
1694
7167
3022
5911
2856
4539
5261
5692
505
6754
6468
4104
7420
74
4333
6638
1347
2021
4702
702
2130
4689
6997
6009
4104
7936
5104
6750
2994
7841
3714
2908
4963
5555
4052
5783
5261
2655
6754
4720
7370
2142
7730
593
7919
7758
5972
3283
6138
3467
1449
4472
7679
1029
30
4813
6557
6704
2947
4010
1305
7163
74
7404
1945
7146
2366
2020
551
2655
551
4527
3759
652
7274
3125
6129
1259
3489
6485
4038
4138
1258
6761
30
3358
48
5107
6299
4946
5565
2353
1569
5820
7804
7286
5927
3275
107
7683
6616
674
2291
7970
3865
5325
5479
4810
3226
7919
6129
4515
537
5940
1130
7028
1534
3969
2922
698
2712
6862
6494
944
6862
7607
4696
7212
551
326
3612
2933
404
3010
6181
6318
1545
7409
6662
5139
1515
1968
5284
6468
5042
6631
1429
7582
2679
1105
1709
1595
3446
3678
3169
4676
4810
3714
755
669
6631
6705
1561
326
4993
6957
7349
6673
461
5240
6744
596
132
2647
1013
2448
6485
118
942
4340
727
5364
369
1595
1801
6862
2305
7847
5863
549
971
3971
6897
4965
2990
7477
656
7936
107
1943
1431
6138
7841
6229
5797
7480
1561
6352
4993
5064
584
2130
1046
7028
2558
4007
2628
8099
7257
5261
2064
5487
5968
4000
1694
2770
7525
2982
3774
3524
926
6334
3505
107
4346
858
3169
5042
7400
2291
5522
2448
7982
7910
30
4011
369
3572
4693
6352
4980
1258
3977
2225
6045
5144
3998
5005
8166
2086
7041
4000
1892
3032
5536
153
5816
7140
6601
2519
5007
2427
4323
8072
2516
2130
7592
4708
3443
2405
5614
150
2893
4810
7973
4197
7411
2174
326
3965
3175
6494
5455
1986
3283
7364
7452
2431
1356
7648
1957
6151
1541
734
3489
5064
5482
2130
7230
47
5024
249
3363
5578
2291
2792
2615
8166
4722
6968
5935
6636
1988
5387
7988
1259
7841
1045
7855
5655
1356
7805
7367
3646
5940
3446
3567
1276
1830
7497
2002
951
7497
1595
116
4863
8100
7367
1569
8136
4722
8117
3567
7964
5071
5465
2187
5289
31
74
7586
6605
3017
2793
31
118
1552
4863
8147
5834
5120
2771
4340
4340
369
744
3702
326
74
7429
1525
1968
4980
7329
7257
5617
6909
7460
8084
1628
3030
4611
7146
826
6224
6369
6999
4527
7177
7907
5353
5453
116
6601
7367
5535
7028
5288
6215
3646
7697
5291
7420
1599
7650
3232
2096
7469
4052
8076
6305
2820
2586
219
1080
107
3567
7381
107
6352
4678
7857
3466
6430
5246
461
4680
8147
3283
6181
4600
536
6532
129
6264
4658
315
4929
3784
1281
5714
427
930
1256
7895
1662
3232
5409
2427
596
4021
5056
5324
2064
4803
6762
7523
5624
4323
1569
3317
2615
1193
6229
7557
4980
461
4197
5240
5937
7404
1461
5274
7292
6164
4979
7895
5284
5064
6181
995
3175
3175
8106
2519
377
2991
2197
6957
5940
5465
4658
6399
2353
4446
8057
5834
1773
7988
7103
7776
3454
6601
3466
8057
6957
5274
3977
2553
80
5104
7140
7461
5113
7577
2145
7367
2448
2366
5188
4997
326
7919
476
1560
5447
3404
7648
6304
8100
6463
3488
5375
6038
4216
2077
4890
1013
5634
6352
3063
5064
3350
5099
2051
4788
7577
5631
1599
3430
7367
27
7174
3063
6557
6348
6305
7841
5746
5786
4939
1898
858
2939
8111
6640
5093
3551
6304
6709
3612
7748
1858
5634
5455
5274
4432
1846
1617
6433
3331
5306
6687
7058
3125
4527
4678
6704
1694
5465
5282
5714
5744
1917
5578
2939
5447
4060
1934
1493
4701
3002
972
2156
1707
3183
549
4455
3183
7404
830
4047
7557
3646
709
1608
3977
3192
5453
7895
7841
450
2353
1184
7661
6948
5144
4401
2939
7140
6242
3538
2778
4507
5022
8100
4997
549
5284
461
6862
1305
5786
1332
7460
687
7469
6596
3657
476
3998
5240
1830
1620
7146
5572
2007
7661
2614
4323
2007
1608
129
6214
4979
6264
2494
4164
1650
2939
7737
5498
985
1717
5852
4323
3178
3282
5555
7146
5634
3183
1186
5552
1620
2464
1623
3446
2448
985
7424
4166
3567
4863
4979
7748
5972
5064
3792
3175
5572
8136
4515
2643
6557
6468
5967
6010
7800
2643
6485
7158
2420
6485
1561
4093
2166
7910
3585
5960
4678
1537
3232
4442
3183
6631
2427
118
4446
4446
6960
2855
4120
1892
7697
6557
6738
6532
6601
3528
4979
129
810
3363
6960
3673
1638
6346
750
925
3168
4965
7593
2939
897
54
6272
5353
7743
3192
7429
5042
98
2634
3136
4701
2764
6348
4379
2978
1281
7563
3503
3350
3538
92
4622
6112
5652
4009
1452
7408
5051
3152
2949
1462
4190
7039
3721
2675
1608
5937
7981
7714
4767
7914
6580
4701
3432
3769
5384
3168
819
7811
7592
6677
6371
2080
7901
5412
1944
4350
7887
5650
5292
4020
5102
5715
729
4667
1886
250
5430
6057
7018
6159
2448
1560
2615
2051
5224
7039
7039
2028
2843
1944
4950
3389
5220
4475
4568
5778
3625
783
5232
1279
6791
5024
5715
5292
7344
4491
1824
2217
1879
4667
4094
896
4369
3272
5972
2076
1
1160
1600
6735
2066
2066
2459
4950
2271
6737
2907
5928
6677
631
215
2764
