0
0
0
9
11
0
0
1
10
2
0
2
1
0
0
0
1
3
0
0
0
2
0
0
0
0
2
0
0
0
0
1
0
0
0
0
0
0
0
0
0
0
0
0
0
0
0
0
0
0
0
0
0
1
1
1
0
4
1
0
0
0
0
0
3
1
0
0
0
0
0
0
0
0
0
0
1
2
0
2
2
0
3
0
0
0
0
0
0
1
0
2
0
0
0
0
8
0
0
0
0
0
0
0
28
0
0
7
8
7
0
0
0
0
0
1
6
0
0
3
2
0
4
0
0
1
0
0
0
0
1
1
2
3
3
0
1
0
0
1
0
0
0
0
0
0
0
0
3
1
0
0
1
0
0
1
2
0
0
0
1
0
0
1
0
0
0
1
0
2
1
1
0
0
1
0
0
1
0
0
0
0
0
0
0
0
0
0
0
3
0
6
0
0
0
0
0
0
0
0
0
0
0
0
9
4
6
6
5
2
30
10
1
3
4
1
1
22
1
2
2
12
0
0
0
4
0
0
0
1
0
0
0
0
0
0
0
0
0
0
0
0
0
0
0
0
0
0
0
0
0
0
0
10
0
0
3851
5886
3806
5171
6188
5275
2661
2764
1464
5275
3806
486
1765
5275
5275
1464
2661
921
7777
5171
5275
5171
5805
5275
5171
1765
698
5272
5272
2402
4502
1154
7745
5751
2374
5751
7591
1524
5063
925
778
90
951
4350
7591
6441
5730
3320
5751
5248
1124
5451
5057
8080
3320
2415
8080
2999
5751
4608
7745
778
1478
5886
4224
8080
3687
2832
6562
3687
3687
7890
1132
6295
6926
7591
3687
639
3439
6441
6483
7369
7591
7890
2374
7135
7860
932
2415
1559
137
7591
4632
280
3320
5730
6188
7135
2999
3320
7227
4049
7722
1660
5057
1050
2415
541
2850
2415
1524
1464
5751
2374
1132
4732
4729
1248
4350
6396
4350
2967
3687
6058
1660
3732
4329
4224
4689
4876
3732
48
4729
2558
5248
4350
6441
4852
1786
5886
1786
4150
332
6852
6281
5427
4103
6483
3439
1820
137
6997
4852
4350
925
3687
6295
4632
7699
26
1786
4350
7135
1478
5319
6307
6307
7591
2410
393
521
4444
2483
4449
6927
1768
3055
6248
1532
657
6997
6997
1864
4729
4049
6141
6141
3732
304
1395
1733
3588
2410
2374
1794
5451
1524
90
2832
1464
5102
368
7034
1129
7111
5140
5232
4574
5175
6923
6313
7527
4106
4632
2850
951
90
7591
2415
4350
7227
5248
5915
4103
7051
5751
778
6660
2415
6295
4785
4880
788
4309
7755
4377
693
522
2578
1254
5278
7040
7463
7747
2031
1248
3687
304
6441
8080
4350
1478
6483
3687
1508
1248
921
7995
3358
7591
2764
2941
6770
7870
4033
6907
7755
7256
6934
1810
5449
7256
1413
4389
4131
5582
5365
3861
2999
1786
1464
4876
5914
4852
137
2415
1864
2832
7051
1132
5501
2999
2150
3472
6479
8095
9
7755
24
4749
1671
2110
1479
6920
1929
5023
963
5003
307
2713
2764
1580
1743
3481
1478
2227
23
4732
4950
3389
2661
5248
7699
3797
5173
2799
4737
8162
1168
1760
3136
5118
4268
3722
2979
6990
4426
1546
2929
6263
675
788
3802
594
7132
1940
3901
304
5682
4609
7405
6320
7235
4876
6295
1595
1713
123
4424
7196
4887
217
619
4925
1185
132
2112
7496
6668
4526
6253
6451
2327
9
1289
915
3609
2810
532
5805
7405
744
7882
5077
4630
2843
5805
623
3834
7915
574
3050
3834
6668
4149
7078
5509
4079
4481
1354
4944
6139
6405
4916
6983
4737
731
7699
7957
2576
5303
1244
5048
1836
5629
4735
2764
7699
5886
2748
6560
1430
3162
6518
4273
2601
6249
5766
367
6977
5938
1554
4005
7461
7885
5397
3047
1426
3572
778
6372
1554
6615
7022
411
7497
5077
3682
5107
5914
7699
3851
4154
3385
4232
7752
1671
7821
565
2671
4350
6070
3339
4815
5938
1344
1856
3276
537
7745
7
3158
7337
8133
3674
7154
4809
6000
2271
7484
7235
7699
1082
4813
1291
7560
3385
87
3318
4526
1699
7110
747
5374
7098
2023
3617
6468
4205
7867
5423
2219
5739
7464
3492
1520
6564
7582
744
5364
3959
5115
4630
8080
4689
1464
7494
33
624
843
7785
201
7996
1671
5862
2238
2218
1854
6689
8176
7435
6876
3911
6303
8187
4719
3904
1874
6940
7160
744
1620
1270
7851
4630
6997
1786
6949
7530
6377
5975
3043
6511
6198
2956
128
7720
4742
492
5332
7591
1023
6348
5952
1483
8135
5369
4154
4807
1830
5507
4175
7679
1803
3647
3660
7591
3453
7699
289
2525
7798
5746
1607
6031
3752
5325
1617
4412
7520
7243
933
7785
6824
1988
5896
3510
239
184
3077
7901
2513
2271
6761
4735
6417
2922
7670
1082
2696
2408
5427
2626
7571
4990
5730
5418
8040
1217
2327
4211
8190
2922
4270
2219
1699
2601
7445
1740
4698
7582
5285
6320
3541
7827
5874
4594
2922
5322
568
5805
155
5208
2859
1810
3715
7755
999
7785
6824
5397
5206
7752
3834
1989
4542
4080
4507
845
1236
138
4312
5048
6830
7408
5120
3326
450
3096
5024
531
568
5272
3439
5045
3471
1597
7064
6450
7253
743
725
845
201
7461
1341
2186
6449
421
2459
1046
3050
6980
783
7582
3098
7160
3647
960
7235
3443
5048
568
450
5066
6332
5115
3554
6340
7656
6425
4305
3458
1940
263
423
2219
123
2558
7453
6308
4424
1661
87
2798
7777
4594
7670
763
215
1787
5403
1620
845
575
3959
1055
531
3439
1857
6651
2547
587
1039
1050
2749
5301
3674
7189
1979
6474
1409
7861
4595
2207
5054
5334
1895
258
5542
2136
1550
2560
1988
7405
5272
6082
1075
1200
97
2271
6132
885
4474
8016
5664
7326
1272
3036
7311
2286
7464
1094
3914
1041
5523
6021
8066
5193
7784
3711
8000
4341
5403
740
5272
5385
2513
5112
7484
7258
4372
2464
361
44
692
7914
6417
5112
935
2462
5027
5369
3849
3674
6167
6384
3719
5442
7038
7304
7871
2182
1593
4070
390
7258
2907
1824
744
4609
6089
390
744
4892
6677
3002
5000
2345
2459
6791
5077
2892
675
7463
4111
7485
4317
7148
1209
2459
1155
7229
6041
6588
6831
2402
7093
783
4707
3682
5290
649
450
1620
2062
4707
5077
6060
1852
2513
4175
1620
4892
1739
1550
6791
418
3389
6737
469
3225
1155
5171
4242
2285
5730
4735
1824
1631
421
2405
8092
6818
7882
8030
5292
4340
5385
4716
811
7408
729
1279
1244
825
260
1823
1279
2285
1019
6203
5805
297
2958
4708
4568
5292
747
744
4255
1443
4651
3046
1023
783
1709
5220
4708
1769
2271
1620
5185
5412
6510
411
5112
4491
1538
5266
6104
896
7520
4796
575
6031
4120
1620
5997
4604
2271
1836
4242
7301
1160
2483
6306
6041
6320
1852
2513
4609
7882
4053
1824
6818
170
1733
2002
2002
4214
6041
5288
5798
3389
5902
7230
4242
7153
2958
4017
320
3154
3835
5288
6053
215
744
1155
2303
3414
7910
4735
7882
2303
1029
411
6761
4329
744
5715
4120
1576
7229
1620
4202
411
340
4202
3066
4329
14
1550
2358
5288
5928
1155
783
4383
2441
6089
5982
649
4202
