0
0
0
10
11
0
0
1
10
0
0
3
1
0
0
0
2
1
0
0
0
1
0
0
0
0
2
0
0
0
1
1
0
0
0
1
0
0
1
0
0
0
0
0
0
0
0
0
0
0
0
0
0
0
0
0
0
0
3
0
0
0
0
0
1
0
0
1
0
0
0
0
0
1
0
0
2
1
0
2
0
0
1
0
0
0
0
0
0
0
0
3
1
0
0
1
3
1
0
0
0
0
0
0
24
0
0
11
7
4
0
0
0
0
0
0
5
0
0
2
2
0
4
1
0
0
0
2
0
0
1
0
1
1
0
0
0
0
0
0
0
0
0
0
0
0
0
0
0
0
0
0
0
0
0
0
3
0
0
0
0
0
0
0
1
0
0
1
0
3
0
0
0
0
0
1
0
3
1
0
1
0
0
0
0
0
0
0
0
1
0
6
0
0
0
0
0
1
0
0
0
0
0
0
11
6
7
4
4
2
25
3
0
2
7
5
2
21
0
2
5
10
0
0
0
2
0
0
0
1
0
0
0
0
0
0
0
0
0
0
0
0
0
0
0
0
0
0
0
0
0
0
0
10
0
0
5173
4569
3454
215
7246
1787
425
1664
1331
4442
7872
1672
5079
6818
5798
2343
4475
7872
46
3542
3240
5643
6796
3004
4139
4202
45
1787
4670
3542
3741
7246
1620
5412
7872
7596
6818
6417
2285
2080
1698
5079
1672
466
2586
7294
631
7246
46
4018
4202
8143
372
6306
4849
4312
7380
4788
7380
1786
5048
5010
4372
3225
1944
7484
5874
4475
5013
418
6677
6393
7652
5147
1931
5324
3291
5594
138
6818
1803
6818
5476
5248
2130
702
4274
7153
3154
2002
4667
1155
5829
390
5751
3835
215
1550
7901
2285
4569
4651
1810
3853
6313
6392
5416
3959
6818
4569
4644
7246
5079
2408
916
2684
5364
2558
5024
1279
7011
1595
2830
2661
4698
4698
3835
7910
5489
5507
4214
2773
1600
6288
628
5264
8004
5300
3055
960
6737
5530
4146
5874
2830
5537
5364
2271
450
6761
8086
8030
4950
7051
2285
744
2907
7301
7910
5010
6417
4399
5324
536
1503
1430
1546
5023
5210
1189
7340
7196
7347
7450
8127
6357
5272
744
369
4478
5403
7258
215
7143
255
4950
2868
1550
4340
1824
7408
6002
46
466
4442
4409
831
3639
4931
7253
5684
712
747
1048
3051
6849
1334
6502
2875
2686
3806
5997
5024
2419
3212
4950
297
4735
210
5536
5024
7235
4568
649
1672
4442
8143
6467
3712
3434
3937
1724
5633
2247
5234
3299
6276
2977
3789
4308
6849
1033
1830
1024
1155
4340
5403
2411
1709
4017
3443
297
138
7798
2459
4698
3741
6553
33
4115
7303
6450
7171
39
6131
5372
1981
3169
7136
4226
3013
967
5803
1998
6515
5877
8160
3326
4093
1944
575
4596
5997
7153
14
5801
6722
2610
6553
206
2313
3834
5131
3590
1413
3007
2226
7752
39
1965
3263
3810
5780
1971
3143
7725
5696
7200
7582
4716
1160
288
7753
137
797
3022
2894
7484
3443
2856
3947
5518
165
169
2996
4037
3789
7441
4526
1401
3325
4081
6121
1989
933
1971
4815
5126
1485
5372
3162
6053
6552
6563
6659
4242
7527
7491
7788
3483
7570
600
1269
6936
681
7676
128
2300
6046
2082
5015
2292
3300
2006
3789
519
457
1020
2104
6710
831
8144
3163
2339
2836
2062
1896
3326
6041
1105
2907
3153
7753
702
3561
3716
7755
317
1714
3473
3197
4542
5719
7416
1962
235
584
1939
75
6839
7143
5739
7295
4840
5696
831
7582
921
3120
5220
6791
2986
3443
4004
4835
1103
1364
5372
2463
5804
747
3707
4944
3008
2576
2581
483
2544
679
7533
2720
1346
872
1581
3810
2720
1017
3937
2411
4698
2217
4491
7582
4361
8092
631
764
5801
5596
7694
3695
7303
7029
964
6659
4182
6137
6247
4737
6977
5633
3300
3813
6195
3318
7723
6076
7532
6247
1872
7284
5272
4950
6041
7548
6135
6227
2271
2679
575
7230
6199
5127
4944
3448
7184
5168
626
2154
625
6014
6853
7208
6883
6649
7814
3191
6895
6612
6110
6504
5672
4740
42
5024
568
916
4788
783
5220
951
4568
5227
3649
7134
1584
3448
1549
7429
4149
2277
4199
2977
6388
5938
5527
5337
7303
7953
5160
5993
5023
6190
8
418
1998
7582
4270
2922
7028
702
3577
4291
591
2219
95
2544
7059
201
1756
5993
1740
5433
2110
4194
802
1094
1485
4931
5913
2186
5149
1597
4097
1113
1784
2232
4722
7408
4029
7070
4399
1281
5701
1631
250
6448
7918
3197
4526
194
4998
3297
6405
7461
7996
5924
6533
95
5942
5162
5433
4743
681
1253
4005
4181
1686
522
7447
6104
2958
4568
4233
7092
6366
3947
7940
397
1671
3644
1585
1671
6252
1247
2606
4209
7089
1682
7234
6121
134
4096
7643
457
2429
4153
6920
7179
4209
228
5372
3163
990
4718
47
7235
5403
7143
8025
3276
6592
2633
3255
2454
4944
7816
5029
1505
1939
6405
6527
1413
1809
5804
1982
3900
6451
7520
1025
494
7234
248
3882
3597
2838
7441
825
4472
6737
2130
1672
614
3077
992
4855
275
4080
194
1523
4542
3275
5719
1025
6990
2729
1440
7819
1459
3249
4951
1780
5924
1241
6253
4230
518
2716
2890
7545
4950
6215
7887
1999
2860
1546
4273
2894
6538
6538
747
3777
6884
1982
1989
6247
2685
3197
8111
1589
6251
1760
4400
5637
2630
5867
3231
6560
1008
6247
2436
317
6041
4491
4340
6164
4293
8143
3631
4662
1714
6025
2455
2194
7029
1613
904
7936
217
1856
5322
4944
1327
3712
2585
169
1506
8017
901
1440
3654
3055
752
904
5412
568
6135
6510
7901
5874
764
2777
3173
5696
1605
3507
7185
5454
990
5983
5516
4048
4661
7120
50
5431
2555
6361
134
5046
1066
6253
4703
7785
3510
6501
2513
4735
1269
425
215
6041
916
1550
2080
6027
861
5589
7944
5372
4521
2308
857
1473
3504
1899
4996
84
2060
4531
7432
8081
524
1871
4037
4482
7785
983
4568
5874
3809
4569
1776
5013
5013
5874
6447
764
3899
1641
4859
7560
2996
165
2780
2379
5013
2271
7918
3297
3000
6892
1058
7530
996
5177
6235
1413
2613
1352
2411
7321
6510
1672
5687
1595
5171
1155
5013
2773
4569
5078
4263
1537
3000
2702
8073
6227
2533
4274
1775
2184
4766
3639
3786
4282
2277
1970
5800
165
4275
4916
390
6639
6553
960
5279
7223
390
4340
5292
702
4892
960
4568
6411
4939
1698
740
7823
4569
2835
6876
649
7451
1523
6962
5739
3465
2544
7543
6849
4942
2796
3647
7223
4442
3240
2922
820
4594
390
2411
6227
5288
4600
6393
4644
5928
3220
7497
6824
3207
2533
4478
7011
2918
5507
3741
979
112
2455
2117
7546
7901
4667
2732
6553
5619
7344
4011
3037
6020
2459
7484
1664
4809
1414
5112
4053
1593
1550
5537
899
6384
45
2777
109
568
4718
6818
568
3723
799
684
2918
6002
1803
4914
3477
6737
4291
740
5915
8011
6447
649
1488
288
288
1103
1076
1076
3577
649
2629
3266
4784
914
7679
3162
5428
4569
1502
1672
5013
899
2796
3188
1664
3401
4007
3682
7901
