0
0
0
8
0
0
0
2
11
1
0
1
0
0
0
1
0
0
0
0
0
11
0
1
0
0
2
1
0
0
0
1
0
0
0
0
0
0
3
0
0
0
0
0
0
0
0
0
0
0
0
0
0
1
0
2
1
0
1
0
0
0
0
0
3
7
0
1
0
0
0
0
0
1
0
0
2
0
0
1
1
0
0
0
0
0
0
0
0
0
1
1
0
0
0
0
7
0
0
1
0
0
0
0
22
1
0
6
6
4
0
0
0
0
0
2
5
0
1
2
1
0
4
0
0
0
1
0
0
0
2
5
2
3
8
0
1
0
1
1
0
0
0
0
1
2
0
2
1
0
0
1
1
0
0
0
0
0
1
0
2
0
1
2
1
0
0
1
0
1
0
0
0
0
0
0
0
1
0
0
0
0
0
0
0
0
0
0
0
3
0
5
0
0
1
0
0
1
0
0
0
0
0
0
10
3
6
8
9
5
28
8
1
4
3
2
4
28
1
0
2
10
0
1
0
2
0
0
0
1
0
3
0
0
0
0
0
0
0
0
0
0
0
0
0
0
0
0
0
0
0
0
0
10
0
0
4243
4499
685
2485
629
5622
4007
877
314
5581
2022
3194
6599
6599
6241
7928
3025
1841
6706
7144
4614
583
7144
4585
4585
3025
7663
7144
4585
7373
2608
7928
6433
2817
4267
3405
48
5997
4194
7732
3631
1765
2336
127
2054
3696
4585
578
4101
1351
6748
4673
7245
692
2075
1351
1351
7564
6317
3963
6383
5390
4476
7144
7097
3766
1287
460
3720
8016
2015
5290
1583
1876
1755
4756
4381
1583
5855
364
6994
7812
4002
1213
6351
3009
7972
4734
3194
2608
2314
2314
6599
7144
4537
7373
3769
6716
4852
3895
183
7388
1023
4318
7627
1747
3359
4243
119
6019
2148
2234
4417
623
5000
2092
6540
3256
5280
5439
2546
3194
3194
7401
6599
2314
7193
7144
3963
8132
7494
423
2295
2898
7321
4030
2374
1598
4261
1841
7227
1895
6982
7200
6064
7239
7463
2826
6122
947
6019
5645
6689
6781
7373
7108
2573
7144
5887
1176
2558
4950
4907
3096
7887
3908
2280
2270
6433
1347
1077
7954
5766
1260
4489
931
304
7262
3534
7568
6471
1587
5708
7262
339
236
6151
5026
6573
7972
3194
6568
3413
1765
4385
2658
5569
3096
5185
4065
5668
3705
1538
6660
6918
724
5688
3751
3920
3649
6131
7925
5974
5407
7176
4786
1639
1683
2852
522
3846
8150
290
4101
2374
6252
1799
1747
6112
1717
3079
469
2054
127
6433
48
956
303
7025
3177
6131
4741
3654
3849
7084
4516
6569
6064
4344
6863
5166
124
5376
199
4611
4530
4796
3909
5880
4058
3479
7389
404
6336
7373
5195
3101
3116
4366
4728
5055
3716
2209
6692
4901
5175
6952
6983
2171
313
2910
833
7824
1113
1977
5303
6163
5971
6276
6202
3782
5745
7258
2271
5035
6140
1914
5866
2936
7065
5395
1914
2471
5411
2468
4579
7060
659
3054
1044
3384
2037
4862
3313
4167
4184
1908
4360
833
3936
4614
545
2679
2402
1938
6766
2882
7412
6755
6910
3297
7450
5922
5163
2959
1661
7136
3060
931
3201
264
5539
6134
7322
8183
4986
3199
1955
7107
3111
2152
5410
1584
5168
6821
1595
6082
1594
4746
2039
2980
771
1741
752
7846
5587
9
2838
746
7327
7002
3609
4105
1655
2826
2720
287
3255
4970
8087
7532
6811
6122
701
320
5514
5326
257
1565
5153
5352
4746
7612
408
463
2432
4805
1057
8091
4327
7500
5057
8040
5192
6865
445
6080
7766
6298
5649
72
3517
5919
7179
4325
317
3901
6411
5214
1513
6571
8011
3733
4506
745
5568
195
5429
3984
6483
3346
2972
3972
4608
227
7740
1713
6652
7007
5170
578
6839
4172
6992
670
2091
1482
841
5220
6082
5322
1137
5272
46
3847
4271
1202
5211
971
6292
2812
999
320
5135
5479
4231
4300
5625
6903
3733
642
5771
6956
3310
6959
679
2725
2930
4726
3174
6519
6233
6411
4602
234
744
6568
5226
38
2779
6820
7890
6441
6020
5118
4692
4085
1361
7772
4566
4732
593
3334
95
2235
4724
6142
1733
7499
7289
3837
874
4372
3141
4495
3038
2285
6545
3904
3320
4803
1009
156
4211
3051
2429
1185
1613
3636
6047
5334
6400
2814
2261
7025
7363
6110
6887
6122
8031
1492
890
3537
6101
7405
7217
5991
5816
7596
2099
3807
3265
1786
2131
5521
4643
2967
3740
3911
2868
5225
3515
2280
3894
4740
8026
3476
5063
7059
886
5722
5228
5179
4938
1690
4374
8157
3207
6358
6790
2638
155
8187
5309
4077
4727
3751
1643
3177
4046
2635
6139
3642
6887
3793
5308
520
3662
4983
871
1733
815
5044
5362
2833
3410
1768
1300
3469
210
7445
2513
4539
4847
2922
335
1219
5155
2522
2365
5766
7948
4985
255
3542
3037
23
5688
7547
7488
918
2568
6017
806
7253
3312
2969
2619
2366
3101
534
7749
6902
2347
148
3588
1617
5560
3695
7695
1617
2525
7921
7995
2679
5185
649
5185
2426
6521
5122
7711
4570
5405
6300
6477
3569
5866
1891
2980
547
4033
5579
4061
1446
5653
469
6749
7051
4851
7209
2463
1971
5332
1733
5682
1581
2907
1404
123
1988
2868
6139
999
6847
7705
7675
1214
564
3521
4336
1998
3206
2875
2327
4491
5141
6754
7156
5829
3096
2560
1050
2283
7921
614
4079
1971
3577
3637
7239
3636
933
2252
5739
8190
7860
788
3116
2049
1614
1772
6854
5154
6328
6910
4771
5496
2198
6132
7289
2597
30
5057
1019
2671
3598
6681
8103
5403
4109
1376
4294
1536
5688
1842
882
6472
4392
1554
752
436
5476
6803
3794
3626
7412
76
3914
4750
2328
3988
186
3367
4493
6222
3453
5255
8040
23
1395
684
6202
4289
5405
1235
4529
1825
1434
4438
3227
3117
7262
3583
5035
2608
3933
654
5653
5987
8030
2491
2586
6215
4266
2691
1639
181
3440
3995
4703
3475
7227
6660
3326
2741
5914
5187
6615
7571
6372
6174
1389
244
6286
4288
7623
1624
6545
6656
4007
6836
4139
3911
7119
2889
6914
596
2691
1890
6312
23
4211
931
915
44
1156
212
3346
2843
7909
6291
617
3778
3531
240
1006
5568
1783
5102
5794
8132
4904
7666
2478
34
2089
3167
5111
7113
6784
2696
5501
4734
7199
155
3351
5987
6836
1721
534
2635
6967
613
6043
8101
3255
3062
3116
2307
891
4689
3910
7108
475
6315
7198
2502
1219
283
478
5736
3793
2040
5067
3298
2131
7188
2318
4906
5227
3483
3541
1778
6978
6209
6504
6496
5269
2874
5932
7215
1439
5726
6470
2643
6703
557
2066
4004
2199
1579
4146
1473
5536
1643
2404
4742
3783
3291
1948
4914
3658
6015
2257
796
471
5501
4159
2101
1005
2936
7215
5555
3326
5902
1235
1354
4775
7500
7258
7090
525
3175
4329
6861
7980
7582
6720
6210
6137
7625
2645
6571
2896
8153
4346
2690
5896
5352
5277
179
7473
2814
3828
8143
5576
3092
4312
7543
5035
2303
2884
169
3240
6148
4238
7625
5933
5998
4120
8103
7918
3240
2896
4914
34
4952
945
7187
7997
4139
1004
2832
5907
5866
4914
4029
4679
2837
5053
7613
1252
920
