0
0
0
9
4
0
0
2
9
0
0
0
2
0
0
0
3
4
0
0
0
11
0
0
0
0
0
1
0
0
0
0
0
0
0
0
0
0
1
0
0
0
0
0
0
0
0
0
0
0
0
0
0
0
1
0
0
0
0
0
0
0
0
0
1
1
0
0
0
0
0
0
0
1
0
0
1
0
0
0
0
0
0
0
0
0
0
0
0
0
0
0
0
0
0
1
6
0
1
0
0
0
0
0
23
0
0
6
5
7
0
0
0
0
0
1
1
0
1
0
3
1
5
1
0
1
1
0
0
2
0
1
0
0
2
0
0
0
0
0
0
0
0
0
1
0
0
0
0
0
1
1
0
0
2
0
1
0
0
0
1
0
0
1
1
0
0
0
0
0
0
0
2
0
0
0
0
0
1
0
0
0
0
0
1
0
0
0
0
1
0
6
0
0
0
0
0
0
0
0
0
0
0
0
12
5
8
1
3
0
25
1
1
2
1
0
1
25
1
0
0
12
0
1
0
1
1
2
0
1
0
0
0
0
0
0
0
0
0
0
0
0
0
0
0
0
0
0
0
0
0
0
0
10
0
0
6199
1342
7691
7910
170
5536
4950
5412
4600
1345
3028
8095
8010
7362
130
670
4983
2916
5715
7575
4950
6761
421
1029
2137
932
2006
7113
2283
6660
966
5166
4033
2607
5248
5536
1931
2105
4763
4950
1765
6157
640
7326
1033
3412
7409
7562
5558
6327
4578
744
7887
5709
5752
727
6735
97
2308
1009
5731
4504
673
3849
36
2616
5339
4892
2868
5731
1944
4644
6128
1609
691
5293
7559
5734
3734
5164
731
5385
5048
1057
1056
3231
7507
4635
676
5531
3196
4067
6346
1299
7587
7823
3674
6695
7283
2629
3477
4491
4011
7190
5644
7511
1406
6410
1916
6758
7136
6063
2239
1423
2152
6935
2927
7363
2693
6243
5236
3885
7012
921
4534
3650
6004
7290
7056
5293
299
6020
531
1836
6587
4618
6839
5812
7219
2927
4424
6983
3302
5103
3411
5644
263
908
507
2219
3897
3391
3443
2442
7784
1452
1434
2466
6319
1971
4272
2413
4392
4881
4479
432
2260
5983
1506
5481
1437
1584
4497
3925
4606
5169
5203
2571
3492
5057
2459
5220
2217
7625
47
4027
3911
1409
978
1395
557
2339
6687
8052
7405
7405
2271
744
1114
6251
9
6956
3448
3517
4486
5615
935
1081
4145
1203
2275
7408
7205
7582
30
2557
4809
5629
1706
5350
1944
3290
786
2500
3804
6895
2676
2859
1700
2240
2348
6700
6027
193
7252
7339
4272
6918
3719
2283
7326
4556
7594
7872
5779
2343
3358
5668
2464
5627
4426
7615
4718
5619
4718
5997
6860
4363
4824
3085
2406
3786
2178
7752
6759
4387
7025
2738
2616
7442
8010
1870
6726
7014
4257
4266
5092
6183
919
1675
7061
1003
1224
3240
283
2553
4224
2496
773
2217
5601
4150
3301
1327
7362
6518
6717
8191
4607
3953
5126
1724
7442
1810
6741
1342
2819
1859
3969
7061
2608
4340
7012
1522
3460
5129
2465
5977
1238
8011
6366
6413
7745
750
5804
54
7752
7260
4815
4273
1591
679
2379
1428
6528
3280
4431
7886
5995
5812
1600
1200
5777
2271
1989
948
6437
3483
6722
7640
3599
916
2002
2894
6421
3492
7518
3810
4249
7785
254
7012
2483
5105
5708
565
958
1780
6064
6726
7532
6504
7325
4765
7178
7497
1430
448
845
4270
1217
6438
5092
1217
7405
2861
6760
7234
4571
2727
3085
5035
5652
5652
4020
5035
5406
843
298
3597
2498
1299
5718
5550
7824
1100
2219
5975
1129
7279
3443
1164
4492
3443
61
4504
5283
2975
5938
5913
7524
4082
1588
1522
3676
7691
5890
3433
4679
2239
6719
1015
7985
4607
7014
7952
5381
6522
1105
2015
7196
3443
959
1046
1989
1473
3120
951
4800
3492
3834
7942
1333
6346
30
6321
2137
508
1105
3242
6328
1153
5293
927
4705
60
2508
310
7055
3322
5731
731
2411
7910
5715
6724
7497
6321
5762
6020
3503
6035
8160
1009
4261
959
7398
5092
4851
254
5833
1765
3005
4172
3472
3073
5976
3028
5733
4600
2002
2252
7584
6737
6553
210
3888
7573
3391
2799
5715
3455
5629
8138
7210
2057
1883
2654
5494
2665
2654
1600
5537
4472
6171
6359
8125
7869
387
5943
1612
6983
5537
5627
8046
2214
4753
5726
4867
6593
5339
1046
795
6005
4516
3287
3635
6749
2002
2560
5403
1124
3322
5102
2541
1520
3878
6110
4793
8004
387
958
1016
1499
6703
1534
3524
8160
3862
7910
2483
4233
7757
3391
7767
722
5077
4609
2066
4242
1824
6876
4491
6135
4361
7778
6416
691
4192
1919
7189
3644
2693
368
4407
4025
2413
7503
5079
6089
3402
3262
7491
6735
7613
5143
6735
4353
2629
3240
46
3741
8160
3386
4662
6659
4716
7698
2239
2239
5046
834
7590
3820
3407
4805
2576
7611
6418
6321
2533
8025
1941
659
1534
744
5048
5153
675
959
6824
6303
4027
5112
425
2999
1163
849
2646
7725
7129
2923
829
824
4437
4201
4862
793
2095
4706
3203
5292
6203
4703
5228
5691
709
1620
727
783
5012
3969
1824
3414
1319
5567
845
2999
4549
1832
6149
1661
3964
6083
2127
5709
1210
6158
3786
1472
36
2107
8173
8121
3962
7299
5725
6103
4032
3465
7497
421
6845
2467
3541
5731
6989
7028
1748
7462
4025
1016
1479
6235
2915
1299
1641
256
4887
1661
3047
6977
5293
6819
6397
3098
7493
5140
1775
2783
3834
2202
4651
5531
1049
5166
5537
2217
5102
5801
4441
4012
5570
7846
6035
3810
2911
6405
1473
34
738
4497
2038
1704
7710
6425
6118
1046
123
6137
1030
5340
6820
6973
5469
1123
4815
3416
1886
3418
5494
7463
1008
3151
829
756
3854
4426
4160
8118
5053
1924
532
1817
7366
1964
7311
240
2239
7064
2633
8078
721
7070
6141
7699
2731
4095
1286
4823
6248
6578
5263
2253
1027
8005
2625
4998
7867
328
4124
367
5368
6564
5718
7129
2161
84
637
3791
2102
5071
1774
7190
7722
5531
6831
6934
8034
3489
7048
4354
7077
3265
5398
1385
6023
1006
7407
5557
2578
6131
6876
7911
5293
6027
7560
4457
4489
6777
3392
2910
2571
5574
4202
3154
7559
857
6320
7667
4115
5911
5688
633
6124
3186
3257
6990
3834
282
4549
735
3475
2426
383
2576
1168
7466
8162
468
5147
5803
7747
2747
6623
535
3682
1287
1453
1954
799
3444
277
350
5482
1028
5739
5704
6955
1785
2374
6562
6760
2455
6740
4273
4005
7363
1871
6219
2155
640
1479
5871
286
368
1463
1712
1062
8023
158
825
7995
4926
1279
7196
3321
882
2608
1539
392
1185
7781
6165
5362
6719
7462
4424
2228
5630
5235
6253
1485
4087
7560
2317
1832
6525
1601
6719
2380
7350
5890
722
5259
8160
5013
337
1095
7722
3274
255
6810
7357
531
6243
103
6404
1153
5241
6193
4425
387
7326
3617
2920
738
6569
113
5859
5732
6328
3721
3477
4290
1157
7416
5489
8121
261
3651
6082
114
1971
1234
3515
3682
568
5198
5926
7708
6340
1605
843
1342
691
5369
1537
84
849
1016
70
6724
834
6818
1075
6735
5482
4498
4596
1584
7230
466
1849
