0
0
0
10
9
0
0
2
11
1
0
1
1
0
0
0
2
3
0
0
0
6
0
0
0
0
0
2
0
0
0
0
0
0
0
0
0
0
1
0
0
0
0
0
0
0
0
0
0
0
0
0
0
0
1
0
0
2
0
0
0
2
0
0
1
0
0
0
0
0
0
1
0
0
0
0
1
0
0
0
0
0
0
0
0
0
0
0
0
0
0
0
0
0
0
0
9
0
0
0
0
0
0
0
23
0
0
7
8
5
0
0
0
0
0
0
0
0
0
0
1
0
9
0
0
3
0
0
0
1
0
0
1
3
3
0
0
0
0
0
0
0
0
0
2
3
0
1
0
0
1
0
0
1
0
1
0
0
0
1
0
0
1
1
1
0
0
0
0
0
0
0
3
0
0
0
0
0
1
0
0
0
0
0
0
0
0
0
0
2
0
7
0
0
0
0
0
0
0
0
0
0
0
0
12
6
10
3
3
0
33
0
3
3
3
1
3
25
3
0
0
10
0
1
0
1
0
2
0
1
1
4
0
0
0
0
0
0
0
0
0
0
0
0
0
0
0
0
0
0
0
0
0
10
0
0
7613
7393
5402
4214
7160
6427
45
8021
797
783
3656
1946
6227
4120
3443
921
7940
7940
7451
2558
740
5272
411
5112
1105
684
4291
4291
5896
5701
7405
7134
8030
1932
7357
6198
1997
6082
5149
6152
6139
7405
4233
2726
5998
5874
1824
5332
7419
3207
2533
3835
7110
421
1824
4881
6321
3585
7781
7384
4011
6553
4492
5434
202
5290
7188
649
2986
450
4950
7304
6720
1581
6303
1937
7861
1664
4707
3651
740
2773
6553
3443
3790
7699
4361
8103
5998
3153
6152
4707
7484
3225
8021
2967
4471
15
4538
7101
7674
7396
1826
2995
2108
7796
5826
2015
8047
2483
1774
5113
740
3454
2130
3158
4312
1620
421
2002
5092
4950
5048
6002
411
2405
1595
7138
6190
275
2996
7566
6489
7511
1964
4490
4782
5872
4391
5376
5915
1055
5382
3913
5048
4007
1103
3861
7692
4255
61
6262
4609
4594
7545
255
6737
3732
4609
7527
2155
2167
2595
2962
3789
2058
3554
5644
6975
3853
6392
5872
446
7633
4159
654
6410
6411
3240
4670
4239
1234
3475
1075
3600
2130
6041
783
7419
5322
3433
7940
3428
3649
6592
1872
6951
3617
3393
3050
2527
3639
6775
2929
6627
7739
4971
3335
3061
7102
7868
2835
2610
6082
3541
3959
7243
2194
7543
764
202
4609
4491
2676
4851
8004
6121
1850
6403
1924
4607
983
2547
1089
2681
4911
7064
2426
978
1591
3839
1609
3059
575
3167
389
421
1776
448
1440
738
1794
1620
4796
4609
4735
5370
2501
2060
1494
2581
3244
1382
134
54
618
4783
5906
5133
2308
4800
4988
2733
3689
5035
5482
5214
6588
1776
5874
2124
4232
2415
1672
979
2629
1824
702
7457
487
2393
1327
7079
5413
8118
3340
2272
4295
7149
4583
4354
7441
5251
4429
2233
60
5738
1842
559
5536
1620
649
2343
2851
4067
1217
5620
5092
6124
7256
6615
1254
901
1382
2118
4352
7056
6251
1404
3668
50
4726
518
4666
3571
320
1660
1556
2151
4082
783
845
5077
3682
6553
7910
6262
2679
508
2252
3960
255
3920
5712
4486
2920
217
1800
3765
7493
1699
1670
189
7285
7443
684
1929
5128
179
4793
6538
456
2441
740
6332
7615
959
7110
3541
4716
5687
3301
2894
7910
2875
2235
2128
7542
456
6139
4153
5335
2299
4178
2805
6369
1254
2949
8013
4751
3353
1396
2607
4636
3240
1774
7940
1997
3051
1534
5364
7258
261
6731
4340
4707
5352
5372
6108
1939
1344
1671
3711
4700
2632
3543
3257
3263
156
3666
5133
2578
7299
4088
1253
2993
5928
7940
6384
8048
4255
7210
7258
7887
3555
4600
7913
4708
3812
303
6474
1760
4916
209
7028
2578
6065
6124
7723
4572
440
5898
6861
4487
4424
4489
4953
4313
4207
6417
4007
3911
2271
2483
324
4539
5024
5715
3790
7823
1081
4305
8017
1334
1171
4182
5332
6139
7243
217
4050
4389
7111
4571
7867
4634
2228
3812
7305
7215
5314
2285
4596
8023
5364
5338
1561
194
5292
2679
3443
7491
8143
1654
1778
5885
4305
5333
5300
7250
6261
785
1835
1699
1818
6535
6535
5663
859
1961
6613
7034
4481
7301
1129
1534
2137
2429
3168
7279
5183
7902
4521
1234
6227
35
7416
8151
983
2897
2865
4226
3472
5891
75
5126
128
7021
3812
6108
5078
8173
7531
1601
1488
2419
109
2512
109
5945
1944
7806
4053
4326
6041
1493
2831
6717
857
1357
6990
1091
6824
6453
4797
6490
7725
301
944
5293
5097
5449
2428
6726
6919
7733
5928
6445
7196
5682
3741
7258
255
255
2410
2948
202
2676
5236
7059
747
7303
5461
1301
6393
7962
2786
4805
2603
7727
4115
3652
1815
333
2277
5164
240
6151
8025
7874
5608
4670
4055
2459
450
783
2464
7915
1395
6590
6480
1048
999
715
6112
6588
5165
4950
5303
6459
4153
7754
5644
6622
5252
624
4779
5088
4486
5621
5542
1550
5428
3071
2811
4950
1279
6818
5077
255
4492
5999
5896
4858
4963
1836
3561
5531
2907
3600
7869
2414
7432
7631
7179
4308
3955
6994
406
5078
817
5912
5514
2907
2679
3240
5332
4017
7910
921
1576
4950
1824
3167
3790
5816
3625
7405
6974
5874
8025
2533
1514
3939
5936
5347
7136
788
4115
8003
7680
3772
7876
1494
6393
4491
4881
383
5120
6137
4017
4812
1620
845
6082
1319
1971
8187
6218
1550
1185
4594
7798
4293
2211
6253
3050
1990
3674
3716
3611
854
2881
235
2303
3541
8023
1699
4079
2678
4114
4339
2248
35
6824
5778
1319
5536
2887
1576
450
6041
169
568
450
5779
6417
4464
8152
2239
6288
3813
7172
738
1495
3980
2130
4525
4722
6989
7451
7940
6553
36
169
369
2558
4698
1824
4809
2610
4630
1739
255
5482
2835
4522
592
96
1279
8106
6703
3297
5012
197
2153
3659
979
4146
2329
7408
2378
4478
7451
3212
7777
6740
254
1441
7582
6321
491
2238
5382
3790
7491
480
6828
7615
575
2459
4707
1550
2796
845
3862
2578
3466
3220
6677
5129
3732
5715
5220
6053
7570
7491
3454
5035
6076
6895
5629
1319
7178
5536
5050
5350
6141
5975
1008
450
7613
2405
5077
3682
783
35
1473
3572
5048
4867
592
7451
702
255
1680
802
1105
5514
7915
7246
2219
3115
8092
5113
3747
7162
111
460
124
5334
1565
7582
4950
2271
4950
4718
7484
1279
3701
418
7997
536
2343
4732
1988
2799
1217
5993
1514
6346
6737
2271
7218
8030
783
3651
7484
8094
3677
4492
1902
4273
7451
4809
1550
783
6791
6031
1155
418
2896
7451
5801
421
1105
1988
6202
3257
1824
5332
6109
4099
7389
3577
5259
5761
2773
1734
3747
5896
999
2426
7725
3027
6510
5013
7484
1534
5403
6152
5403
3196
3057
508
568
1620
1319
1620
6791
8021
508
6307
3969
335
4700
6876
1029
899
686
3847
6824
5629
444
2710
7843
6731
5664
1105
5374
1395
508
4830
7243
4011
5896
7915
5079
7491
4291
5048
5412
3001
1929
6475
3051
3196
4830
7887
6031
4892
2066
6510
1279
