0
0
0
9
2
0
0
2
9
0
0
2
1
0
0
0
2
4
0
0
0
0
5
2
0
0
1
0
0
0
1
1
0
0
0
0
0
0
0
0
0
0
0
0
0
0
0
0
0
0
0
0
0
0
1
3
0
0
0
0
0
0
0
0
0
0
0
0
0
0
0
0
0
0
0
0
0
0
0
0
0
0
0
0
0
0
0
0
0
0
0
3
5
0
0
0
4
0
0
0
0
0
0
0
22
2
0
6
4
5
0
0
0
0
0
2
2
0
1
3
1
1
3
1
0
2
1
4
1
1
0
0
1
0
2
0
0
0
1
0
0
0
0
0
0
0
1
0
0
1
1
0
0
0
0
0
0
0
0
0
0
0
2
0
1
0
0
0
0
0
0
0
1
0
0
0
0
1
1
0
0
0
1
0
0
0
0
0
0
1
0
7
0
0
0
0
0
0
0
0
0
0
0
0
12
8
8
1
2
5
26
0
1
0
3
2
1
18
1
2
0
12
1
0
0
5
0
0
0
1
0
3
0
0
0
0
0
0
0
0
0
0
0
0
0
0
0
0
0
0
0
0
0
10
0
0
2553
591
5220
1062
5537
7004
4251
6552
6411
6258
3207
35
390
4036
1465
3966
1073
985
3771
1238
7292
5588
7431
863
7841
4276
4152
5454
4021
162
2777
3389
5436
4319
5050
4885
4630
6510
1576
1118
2962
6415
4575
2060
3934
3135
7895
3283
6181
3482
1698
3854
914
7796
6010
4119
995
80
7737
176
2947
6276
631
5997
2901
7665
1209
1581
3196
6227
4478
1160
3562
1253
2920
3111
717
4958
1719
6305
8100
3090
1266
4880
7816
4353
7192
8100
2457
3136
1719
1662
4397
444
6677
2958
3240
6587
998
6000
2977
3947
1076
1948
7910
4708
7590
5760
6436
3178
1552
4455
2187
1757
4810
825
5209
5368
3428
6325
1477
2847
3032
7381
2770
5412
6227
5874
7642
4926
3332
7546
7596
4867
3478
1664
5540
4582
702
5666
5649
2889
3390
968
5834
6662
7931
3198
505
5989
4322
1013
2990
6561
5029
6456
1932
4202
5412
575
1425
5619
261
1979
6089
3304
4812
205
6828
3993
5997
2112
5107
7304
2984
6598
4432
1037
2030
1569
6468
5289
1905
6894
4010
8147
5217
3538
5495
2193
6321
3959
4239
4867
7798
7642
4291
2639
2219
3882
5210
7240
5244
5288
1452
7673
5482
2231
6789
5324
2586
225
5960
5972
6146
3011
2019
8111
4554
2051
1458
6548
592
7592
118
6389
5874
4499
4939
2226
114
3702
5255
2907
4950
6210
2174
4798
916
5642
2184
5447
232
3792
6189
4018
4955
4446
1429
7318
680
5902
7177
4644
848
5514
7533
2766
7769
4462
4242
5850
4259
5129
3120
1752
5320
4426
2354
828
2942
4675
6976
1243
6520
7796
1934
1243
1076
1087
3634
4658
7166
6532
2411
3959
7070
90
1539
227
6369
6907
3014
2401
562
4050
3503
5461
3202
4173
5495
1620
3213
5687
4485
4317
4264
92
7445
6863
2061
4670
806
4903
7727
1049
592
3207
2773
3454
6384
1209
643
7162
7
5762
7629
5567
191
6256
4961
5920
5538
5840
3490
783
4499
2509
1155
7596
2835
3303
4350
6635
3483
2076
568
1765
3656
6481
7243
4065
1057
6590
1774
6384
1393
3639
7299
4153
2248
683
6263
4060
6089
8123
1514
6162
6508
4164
2339
4796
389
5363
7613
1550
4604
4007
2405
3682
7613
6203
740
4478
3682
450
2851
5302
3695
2999
4914
4522
514
7492
7700
372
390
7918
717
6851
3414
960
6791
4533
1425
3123
4232
5288
2377
4308
508
1155
414
2868
2405
740
3600
925
7419
4256
7582
7497
5385
8055
5220
255
1840
5545
6571
2008
1313
6818
6831
5584
4303
215
7451
5013
7171
4670
4647
6181
2011
5997
851
522
2271
684
1579
1859
2661
1824
4562
7990
4718
4670
3720
5024
4009
1148
311
7926
6384
6590
1364
1364
3981
6198
2773
4644
725
114
5272
6945
4207
3276
1159
5426
5474
6826
6104
7684
7110
3682
5715
3326
3290
1821
6571
575
5891
7710
1645
2992
8167
3789
2635
7816
6198
2459
4491
591
7827
2405
3594
5997
649
4747
6552
4668
6494
5517
2613
4155
4575
4353
4533
348
5129
2309
297
2442
5344
1931
1453
1238
785
729
6198
3348
30
3682
4735
6059
4858
5181
1824
5048
212
4880
4858
3167
8025
2134
3274
715
2513
6104
6320
3240
46
5129
1163
4224
5833
2419
4146
6818
6041
4735
6227
2513
1956
8070
3504
4837
7359
6137
4472
5547
1046
47
5112
6831
1776
702
3682
7177
830
4812
2654
5079
3240
4914
4147
1428
4003
4029
7063
778
531
811
2629
591
6674
2333
4855
358
6705
390
7021
3756
1769
421
3504
842
450
1863
5733
2762
1209
727
2907
5909
2560
6384
6914
2255
972
7223
7852
4361
5364
1620
6484
7212
5980
8082
1696
1545
4874
4484
2411
960
480
109
4796
4472
46
5778
1156
5561
5129
1672
1046
5840
1748
90
3741
2076
8025
6553
3006
2516
3959
6041
2655
6463
476
7687
3127
176
5454
350
666
7673
1037
1234
3085
288
1944
7570
3240
2465
1678
4146
2610
8092
744
5423
3240
3004
4202
3659
7572
6092
334
2750
7650
8147
7460
5453
6164
6580
4993
461
6805
390
5650
1620
1776
591
1029
2080
393
1776
5857
5779
1090
4340
1029
14
2325
1944
7933
3198
6662
458
803
7572
2847
8147
6673
450
6636
6195
4680
755
7264
4341
631
591
4399
215
3148
4806
5167
6430
6247
6354
4628
1534
959
4029
4146
5650
921
4130
2251
5124
7177
8062
2450
961
2225
1011
838
3993
1079
995
116
1823
591
3386
7615
1634
2458
1595
5351
7592
3600
2041
3561
2024
7424
5447
2368
3959
4256
6561
5042
4958
7563
118
7225
8076
2304
2569
3192
2992
1079
8147
2553
2649
8155
5874
5228
5979
3047
1422
5631
979
3747
7012
2729
764
4777
2357
5746
7806
100
5728
1696
3283
7932
6276
6705
3390
6601
2360
6595
5353
4527
5447
4322
6318
6595
1265
7466
3847
2015
6193
1672
6481
1976
6660
4955
3240
2121
7347
2359
7455
303
3283
8147
1449
3390
5326
3159
985
7117
326
2482
7460
7936
7934
1231
6937
118
2972
7911
6691
5691
6499
4569
4852
4290
3790
960
6553
1060
5516
5945
531
7300
2574
7903
1305
1131
6937
3322
3350
7281
5942
2098
6349
5022
1696
6498
6595
5455
450
1155
2647
8092
4134
635
8048
727
4784
7223
2799
2271
5288
2527
4272
532
6940
5231
4527
7841
235
4291
978
1299
1552
4030
326
2893
6704
7664
6941
858
4710
2907
4340
921
3973
2066
6124
1600
3175
5705
5514
744
1367
5434
1089
7140
5728
2574
3198
2457
6499
421
2538
7220
1930
7572
5624
1305
6709
7177
4863
4661
6060
3391
7995
7596
6791
2773
7162
5019
2465
722
7070
3812
7691
4666
4014
3090
363
5358
7964
3283
5935
2457
5782
4191
5555
7225
8147
1329
3629
31
5353
5145
6447
5692
7901
1969
6635
2676
4293
7013
3494
1856
2875
7210
4339
6369
770
6891
6732
838
3066
6704
7748
1986
5425
5231
4527
4823
6099
6378
118
7687
2656
3322
3242
2892
4242
1823
402
