0
0
0
10
1
2
0
2
8
1
0
0
2
0
0
0
0
2
0
0
0
0
11
0
0
0
1
2
0
0
1
0
0
0
0
0
0
0
0
0
0
0
0
0
0
0
0
0
0
0
0
0
0
0
0
0
0
2
0
0
0
1
0
0
1
0
1
0
0
0
0
0
0
0
0
0
0
5
0
0
0
1
1
0
0
0
0
0
0
0
0
0
1
0
0
0
7
0
0
0
0
0
0
0
22
1
0
3
9
6
0
0
0
0
0
1
4
0
0
0
2
0
8
1
0
3
0
0
1
2
1
0
1
0
1
0
0
0
2
0
0
1
0
0
1
1
0
0
0
1
1
0
0
0
0
0
0
0
0
1
0
0
0
3
0
0
0
0
0
0
0
0
3
0
0
0
0
1
1
0
0
0
0
1
0
0
0
0
0
2
0
8
0
0
0
0
0
1
0
0
0
0
0
0
14
4
11
2
4
1
31
5
2
3
1
1
1
13
1
0
0
10
0
1
0
0
0
0
0
1
0
1
0
0
0
0
0
0
0
0
1
0
0
0
0
0
0
0
0
0
0
0
0
10
0
0
4594
373
3701
1864
3466
3205
7684
3475
4818
356
8004
3759
6129
3675
674
5714
1238
3966
7737
5588
1280
4679
3003
6552
5205
8173
6023
1893
5099
7764
797
5013
941
7053
7012
7661
6189
7399
496
2059
6252
4272
4187
8134
7317
6631
53
122
3183
8057
4747
481
6485
6485
51
3159
4739
1733
3287
992
247
280
4396
6395
704
1231
1232
4771
6370
6921
1926
6248
3438
2462
2481
6392
7604
6738
3235
5940
6996
4618
2943
6825
4248
7743
6638
6031
7598
5161
4535
5915
3589
1090
7398
3449
6383
5647
2947
2421
6307
5423
7756
2067
5455
565
2107
4154
5956
3857
6177
2429
7915
558
583
4837
3284
2660
2114
3910
7911
2296
4007
7167
5128
1799
615
6547
1276
8023
7852
3151
5846
6926
3897
2240
568
915
4281
536
4859
4024
1946
1660
4856
7226
2884
1857
635
729
3650
4381
4813
7795
472
5739
3720
150
6967
5726
3093
1602
174
1038
7086
5715
7252
7299
1248
2520
4062
731
5575
2093
1307
4662
537
5765
1791
1232
5964
6141
3614
4975
5317
5479
1896
7695
1709
5254
1035
7086
6509
4835
3916
5230
4563
2083
6248
5430
1900
6926
640
3252
1668
463
4229
6824
2602
1367
6058
3920
6475
148
2410
2166
1090
5275
4077
914
6705
7788
5495
722
2002
5371
818
7016
962
4447
809
7043
6440
3657
6159
2219
594
2607
7256
6227
2642
2868
4349
1057
5973
2539
6109
6469
5071
657
7134
6583
3910
4125
6864
4727
7357
6494
7381
5392
605
4720
3659
4665
4592
7787
2090
1352
3271
3849
2937
5773
3421
764
973
396
5574
3515
6112
3390
7301
6002
3532
2920
2280
7391
5155
4492
6107
2785
67
2991
7835
6305
1930
962
6631
7650
4791
1951
4099
3186
5994
2760
6098
1824
97
1852
1232
5405
763
5487
2353
7427
7334
3882
1661
1497
2024
3544
7945
718
2351
216
461
1881
3247
1305
1360
6634
1069
404
7751
7680
1979
3677
1902
6307
201
7737
3687
355
826
7586
972
7000
8185
4282
650
4150
5104
2672
516
2039
3985
7907
8036
7445
1833
3165
3012
4465
921
1887
5564
3646
3120
574
1620
715
5470
3021
4194
3135
4138
652
972
5291
1326
5848
2427
6047
5423
5715
7855
3397
8147
1719
7006
272
6598
3503
3106
2993
929
5848
4676
339
8147
7497
508
5778
7135
3732
5361
5522
562
4205
6150
2994
4715
7905
8136
2139
1678
4788
4282
4962
1349
779
1280
5175
6544
2586
3283
2756
5124
6048
5935
7293
4485
3611
3167
450
3068
4537
5261
7158
7240
6225
6164
1360
4680
7131
2368
6010
289
4478
6666
505
505
709
7623
4708
6183
1654
6048
6557
2134
3836
523
3463
5710
5079
931
7491
1767
6400
1898
7903
1205
7805
6195
3363
2511
5104
7650
3958
1825
7229
4663
4902
2148
4576
5834
7177
1085
945
8037
1477
5612
68
3030
6736
7536
6411
2516
5419
4624
3125
7981
4248
5182
427
6950
6976
7796
3413
7800
5967
4264
5254
6004
5430
5535
4562
41
7748
118
1844
1696
129
3228
7974
7062
2582
6080
7081
5290
5928
740
1336
5535
5782
858
1467
899
5977
6201
1184
4613
3784
2887
5191
3849
3793
660
5052
5935
5240
1447
7429
7264
6557
7623
5243
2981
1528
6965
3901
3443
4478
4147
171
4443
4679
1465
1976
2793
7140
3317
1442
3247
4859
4170
121
4033
1196
3691
293
6159
6709
2295
789
1283
6928
1555
7895
4307
2456
6959
4716
1130
5836
7400
1730
7430
6485
5458
845
4319
4658
1284
2135
1292
84
7189
2916
4303
6139
5161
5580
7762
2024
6270
3759
3567
5312
186
2759
4619
3783
6510
1295
4160
6677
5880
1858
6745
6160
942
4979
5714
2986
4680
1284
7800
7339
1798
5456
7647
5123
4273
1193
5472
5569
4676
7602
1326
3107
2157
7588
3501
559
6135
2907
7171
2080
27
7873
1788
5099
5260
4018
2615
5714
2149
5373
5284
8134
4425
6836
1023
680
4182
7995
1917
5770
5069
5052
1558
7166
729
3066
6417
7258
5272
2684
6973
3589
8001
1466
2353
3140
7841
3212
858
6705
308
5286
3501
8047
5396
3265
7491
5292
6031
7528
7258
1944
899
6608
3671
8040
3636
5668
3180
3237
1252
3740
5735
3505
6095
1755
5286
404
1360
122
4333
4435
6709
7702
4359
5801
2838
2299
845
5744
208
4007
4444
1534
1534
5273
943
3487
6249
2337
2271
7823
3713
4892
3004
5892
744
4845
5655
5284
404
7932
122
2643
940
3671
1736
2303
2548
7312
7223
7820
441
2489
4099
3984
5793
286
5695
3851
1944
7816
4809
1555
894
1209
6164
3851
1978
2999
4897
6978
6106
6052
7430
6610
2448
7781
740
4920
575
4606
2419
1456
5133
4809
4866
704
5529
970
2433
6013
3886
2118
3541
6031
210
5436
7901
5019
6371
5977
3843
6296
7841
5572
5024
5756
7798
1415
886
7989
1744
7747
1096
7717
5264
7544
683
271
5276
7318
4472
1849
7570
2892
4835
5778
6417
7995
422
8160
6089
3386
7112
7853
3098
4950
2406
3230
6651
7505
4502
4194
5423
2479
1584
7205
3885
3068
5359
3480
3980
7039
2289
2610
3651
5450
1046
8076
7146
1924
505
1086
6514
5937
3893
1835
2361
5242
5892
4335
7464
2361
219
7956
1786
4472
7057
3469
3271
5288
1238
2657
5714
2922
6259
4042
1730
6727
52
1212
6433
4234
7921
2893
1229
474
121
7582
1158
2934
1941
2402
580
2889
3002
7800
2260
3685
7823
831
7205
6227
3253
3059
7187
5335
7534
7274
2291
3140
6010
8185
216
122
4535
3228
5256
3221
2984
4112
6989
6295
6544
3386
5373
1769
2146
261
7418
1586
679
2929
5896
6449
5489
3682
5997
2621
5291
2706
3622
1687
2569
4896
1628
968
6638
395
5940
2488
6532
4834
4359
1415
4340
5010
4011
5622
3056
541
3927
1962
6639
2190
3465
7710
7196
249
2104
7212
6909
74
8100
3183
6348
6266
5056
3212
2820
1100
3978
5377
1578
2238
8083
1732
1242
1789
2215
2499
2843
6686
5998
6495
