0
0
0
10
5
0
0
1
9
0
0
2
0
0
0
0
1
0
0
0
0
2
1
3
0
0
3
1
0
0
1
1
0
0
0
0
0
0
0
0
0
0
0
0
0
0
0
0
0
0
0
0
0
0
0
0
0
0
0
0
0
0
0
0
3
0
2
0
0
1
0
4
0
0
0
0
1
1
1
1
0
0
0
0
1
0
0
0
0
0
0
3
10
0
0
0
6
0
0
0
0
0
0
0
17
0
0
5
3
5
0
0
0
0
0
3
3
0
0
4
1
0
3
1
0
0
0
3
1
0
0
1
2
1
2
0
1
0
0
0
0
3
0
0
3
1
0
0
2
1
0
0
0
0
1
0
0
0
0
0
1
0
2
0
1
0
1
0
4
0
1
0
1
0
0
0
0
1
0
0
1
0
1
0
0
0
0
0
0
6
0
8
0
0
3
0
0
0
0
0
0
0
0
0
10
10
10
5
4
7
22
3
7
5
2
2
2
12
4
1
0
10
0
4
0
4
0
1
0
1
0
0
0
0
0
0
0
0
0
0
0
0
0
0
0
0
0
0
0
0
0
0
0
10
0
0
4453
2474
5282
6040
7398
1792
7186
5948
2676
7590
3212
2938
5279
1944
731
4911
906
1776
5112
1944
3153
6645
3600
4475
744
211
2015
4007
3542
6027
607
894
2540
4496
995
8
2118
1900
7376
4000
250
4835
3452
2560
7526
5781
3469
3969
2375
1236
6490
5542
3389
3847
4619
8025
1118
2496
4467
5762
4651
2854
5762
2105
1281
7273
789
5364
2538
1269
4931
1971
1870
1650
1302
2270
1363
6294
5482
3888
5997
3911
5708
2446
6227
7613
6320
7672
2080
7615
5874
7497
1550
95
7755
1940
3225
7199
102
925
4862
1236
680
5019
4482
3106
4580
2632
7755
109
5945
4361
444
5273
1836
6082
1244
7011
5023
1289
5220
3416
5672
3672
631
7196
1871
2062
3682
2835
5997
7887
5778
1846
3786
2362
6168
3010
6510
4232
7845
1965
1733
4807
6619
6545
2647
5382
6227
1556
5403
6753
3526
8151
1976
284
568
613
6983
6327
5999
3600
3517
909
4851
5579
6852
1396
7057
6284
4716
3262
1570
7923
4457
1030
257
5324
552
6091
1654
2808
1424
3183
1259
3221
1243
7584
3536
3909
3218
6227
7177
7451
4950
7015
255
4880
4007
1739
5489
6217
6758
2226
2713
6828
4809
6950
4827
278
3997
7411
1460
404
8009
1569
4780
7735
7456
4892
1281
7901
4372
7180
4147
4701
3959
758
1319
3600
4651
2062
7357
5430
6078
5821
565
2070
8136
4701
6746
17
3183
1788
67
1654
4323
2939
277
4637
1545
3003
4491
2513
568
1428
1318
2553
1592
916
2489
2203
1010
5594
6877
4491
536
343
5274
4693
7521
7271
7916
858
1552
326
7932
968
5622
2023
3504
6449
6601
7581
5756
2354
1803
4431
1979
4504
565
649
649
3792
2411
4809
3629
3432
1792
2904
3069
5022
1552
7370
5322
2553
4119
5546
118
985
4791
6998
6284
4155
3538
4369
983
7039
4830
1824
2750
3379
470
2411
3477
3541
5998
2489
6761
6109
3446
500
7404
7841
176
3524
4366
3095
7563
4993
3069
1539
2450
326
476
3524
2496
3102
1461
8060
5567
5801
4120
1450
4005
7872
3876
2271
5412
7598
3149
2778
8106
6220
4446
6894
6272
7963
5690
3011
7424
8036
6272
4655
7271
6673
6894
270
2773
858
7697
5741
502
4594
1672
5013
5290
421
4011
783
1769
2142
2225
4935
6595
7332
3468
5465
7932
5022
3446
2059
3176
7907
7894
8018
2019
1045
2978
1186
5455
4074
176
118
1609
5412
5608
3631
1836
6761
2464
899
270
2064
6119
3966
6995
6976
7399
585
770
476
6010
961
4060
4035
2569
4823
5561
6976
6164
5952
6862
2507
1957
476
3288
6677
1620
3682
5288
5520
1954
331
3283
7932
4265
5588
1957
6561
5957
4276
1193
5453
7521
176
396
6595
4322
6976
5588
5546
7714
2038
5324
3958
3112
5692
4339
4779
5998
698
6053
5165
2358
6818
5330
7367
3011
2076
3175
1957
6378
5
5690
5499
92
6376
4507
1693
7089
3283
7469
5991
5453
1934
7450
6769
1934
7399
5332
1459
4950
4644
5798
7806
201
5536
1209
7650
7456
6532
2540
3838
7683
7177
4939
2303
2303
5911
858
4507
4654
7399
8057
7923
3468
3903
250
1328
6532
2713
7886
6059
2219
6544
4568
2285
5629
5113
1588
1079
4905
2892
3729
3100
1305
8147
3129
795
137
7737
7687
6960
1892
7963
6891
6673
3721
5254
6107
924
2668
4793
7779
2737
631
3167
5608
1523
5928
3686
4720
3489
5377
1305
7593
4680
3183
5145
3255
6243
5608
3504
7482
7662
2076
3232
7593
3538
3503
7563
7787
4432
3001
4538
2790
4887
3389
4735
5945
591
4202
1669
3169
6348
6272
6979
3977
7932
6349
5050
6015
3159
2299
5127
6498
985
680
7776
6164
5744
3390
3711
7895
7964
7456
5997
4017
1940
6002
7570
2192
1988
6053
6203
5358
118
3136
5960
4265
7796
4993
3726
7381
5730
6399
176
3272
4935
1193
3634
2939
1424
5112
5736
6325
476
5353
7726
4109
5302
591
6447
6089
7905
783
764
6873
6750
6164
939
7337
5231
7041
1045
6408
3501
803
7177
4450
680
985
154
2402
7
11
8111
4680
3258
3130
3742
568
4146
3585
6069
2507
1425
3477
1209
7367
4979
2615
6352
6499
3090
7936
5588
3466
3865
934
2553
3169
6601
6649
4164
2019
770
7841
2175
5037
3141
3059
7631
1879
2533
4448
5579
7258
1607
3068
4609
7945
2612
3489
8073
4678
1073
4935
8147
2660
176
1913
3551
1552
7963
5829
4322
995
2855
4038
3528
7648
3602
5292
7739
1497
8152
3232
5892
4735
2421
1164
4809
3561
4432
7607
118
7895
5258
4119
7404
7903
3965
2448
6255
6547
2586
7702
6662
1442
770
3730
6119
3331
712
7584
7336
5567
4405
1836
827
5048
591
5113
3174
2676
1846
7988
7841
6750
7964
1079
7197
7490
5574
6937
7355
5850
6164
838
5274
2540
4981
6793
4021
396
7398
4280
7258
6522
1661
5997
5019
6677
5786
3504
2629
255
7884
6066
2939
3272
7521
3468
6266
7805
680
7796
3503
7041
101
5588
1957
6957
5458
4893
5112
2411
5301
4887
1592
6262
6983
1777
7491
5615
1049
1576
3561
3589
2603
1014
3470
4496
7460
7548
7687
1719
680
5588
3730
5
8
6704
3090
3178
5786
2066
3454
6417
4255
5543
2579
1409
8155
2103
1467
1757
606
3541
2008
2716
2780
4830
6531
2677
3669
7055
6960
7895
985
6119
5250
6940
363
5546
3283
6151
5499
3542
2773
3188
4033
2358
7590
849
8103
4532
7645
704
6321
6139
5713
4623
4060
6588
8021
5890
3480
7861
4962
1790
4979
3966
939
7841
2439
3839
7687
2660
568
2325
4233
4089
4919
6635
3916
854
7543
1040
4164
6411
36
7944
7689
5712
3571
559
1989
5138
7689
45
3288
678
510
5807
496
7177
8
7894
7408
3004
2411
3240
6384
5408
4542
4867
7596
3020
4251
1037
2470
2226
1345
4581
4505
1031
4606
3941
994
2411
1944
7451
98
7190
5322
8025
1944
2016
4735
8021
2271
2271
1075
471
7548
7679
7823
2358
46
5168
7624
