0
0
0
10
0
0
0
2
10
0
0
2
0
0
0
0
1
3
0
0
0
2
0
2
0
0
0
1
0
0
1
0
0
0
0
0
0
0
0
0
0
0
0
0
0
0
0
0
0
0
0
0
0
0
3
0
0
0
0
0
0
0
0
0
2
0
0
0
0
0
0
2
0
0
0
0
0
1
0
0
0
0
0
0
0
0
0
0
0
0
0
2
11
0
0
1
6
0
0
0
0
0
0
0
24
1
0
12
6
4
0
0
0
0
0
4
1
0
0
2
1
0
5
1
0
0
1
2
1
0
0
2
1
1
2
0
0
3
0
0
0
0
0
0
2
0
0
0
1
0
0
0
0
0
0
1
0
0
0
2
3
0
1
1
0
0
1
0
4
0
0
0
1
0
0
0
0
0
0
0
0
0
0
0
0
0
0
0
0
2
0
11
0
1
2
0
0
0
0
0
0
0
0
0
12
10
10
3
6
3
28
1
3
0
3
2
0
18
1
0
0
11
0
0
1
5
1
0
0
1
0
3
0
0
0
0
0
0
0
0
0
0
0
0
0
0
0
0
0
0
0
0
0
10
0
0
1971
5335
6085
2535
1040
5398
2513
1319
6124
480
7155
3510
5891
6756
7086
6450
6791
2379
266
335
5731
1836
6746
6517
428
6569
1988
1311
421
5149
6876
8048
7405
3561
4892
5566
7235
5871
6824
7180
1556
6583
508
2150
5662
6010
6452
2265
6668
3747
5185
3055
7739
2903
208
6053
3257
169
4232
8187
5867
788
4308
169
3207
6553
3551
1821
5024
3469
1680
8066
1011
5971
6281
101
8166
3192
5865
3680
3445
7642
4628
3184
5250
7524
795
3661
7405
1564
4526
1024
776
2890
1040
6882
46
2773
4233
4867
7781
2271
4625
5335
3232
6704
476
680
1957
4992
4979
7500
7075
1833
7140
7895
7057
4319
5991
3998
4702
2713
557
1453
2591
1668
4635
8065
1598
7256
591
3481
254
744
2165
3102
3602
2675
2939
7841
6181
7936
7954
7895
3002
5783
2947
5588
3730
7796
5042
5
3965
3602
2915
2557
215
2271
84
4017
8004
2194
6089
4150
1472
607
4637
118
5453
6595
7071
53
3283
74
6732
924
5899
3634
968
2019
4152
3232
3489
476
3011
6894
7253
3682
6417
6307
4426
1285
4940
7887
170
6293
3681
3141
3792
709
5940
4649
7664
8166
2992
7841
7367
8147
2489
3678
3192
4453
968
1045
4791
6334
8166
3857
6756
24
254
3716
7784
5933
3986
7063
5477
4354
6673
5952
7787
3998
6099
7367
3549
6572
2939
5022
3183
680
6663
6557
1719
4060
6164
6547
6662
2450
80
656
8014
1534
5023
6849
5020
5576
4575
450
4718
5940
2076
3232
5231
8166
894
3576
3279
5937
6098
6744
3678
4322
1898
3977
709
2992
4152
8100
7399
6976
5377
2992
7456
143
5566
36
1585
3347
7596
3322
4491
256
656
6164
8166
5714
4935
6456
6580
363
7931
6704
476
4976
789
1525
7225
1465
1608
3857
5658
3966
995
3489
5042
3838
1836
5833
2557
6296
5024
1308
3074
941
5695
3489
7593
838
5104
770
5037
3784
17
2193
118
7650
4993
770
1539
1079
4485
6264
4010
5782
3178
74
1073
6596
591
8021
1900
7279
649
1564
5870
2167
4092
5785
1623
7140
968
1112
4322
4060
1341
7171
6414
3678
3965
5093
3774
1589
6349
4010
6318
8147
3998
656
7805
2020
722
3572
1453
861
4478
6253
3530
7524
7006
1280
6456
2675
6299
459
5042
7225
4060
8
7737
6066
7399
2494
4152
2395
4119
7810
5240
7523
6485
74
3214
434
7887
1852
7679
7029
7820
1003
7648
2994
4496
2507
5453
8046
3966
6348
7697
2820
2738
1348
7887
4950
2684
5458
4866
4119
4265
5572
326
1688
14
1961
4446
2697
7463
5185
852
4491
4290
7675
118
8166
5574
6960
3489
6705
3169
3998
1026
819
3180
5347
6824
1778
7954
3136
7404
7787
6535
2496
2284
4496
2949
5458
5005
7714
2892
4716
1171
5118
4478
3178
5377
4265
2939
5377
1073
4780
74
6894
6649
4259
5775
248
30
7781
5690
3777
1073
7932
7895
5465
5353
1112
1465
5972
3966
461
3279
3326
7143
4830
6135
7523
7932
2574
7936
6456
4119
1045
7748
365
2939
7283
5128
6654
1571
3977
2421
6619
6960
2601
5736
3792
6580
5453
6272
1590
1608
4780
6399
5079
7451
4472
2650
476
5940
1013
2992
4453
5631
6257
1259
6595
2496
5578
6998
3410
674
7523
3977
552
6066
606
5181
6948
5217
3726
5972
154
129
4780
7687
1721
4049
2773
6498
3977
7841
1978
3176
3011
5231
3575
1913
656
5658
1608
1881
4939
1461
5634
3272
7737
5447
7525
2992
2464
5574
3232
8111
2615
1957
2992
7525
2498
7886
6227
1282
6092
5498
31
2178
6700
4993
4276
6995
1045
1552
5498
3865
3524
1282
3192
2448
7921
1465
6995
6164
2855
7932
5335
1280
5588
7292
968
6414
5128
7913
2118
8065
3557
8111
6099
3774
2601
7934
5231
5588
3283
4010
6048
3998
5453
2634
2939
4678
5522
488
7197
985
6092
7563
3792
3283
4766
2987
6099
7796
4464
5176
1748
7371
830
838
3771
2994
5274
4992
5145
3032
4696
680
2448
2615
1881
3576
232
5022
7477
1100
2662
3232
129
3106
894
1488
3102
6318
3466
235
8014
681
7463
559
27
7563
1045
3232
2660
8100
5042
5444
1957
6181
1112
2939
2030
6619
8166
8166
4992
7929
968
8065
1045
98
6195
1280
1552
1608
7931
2660
4478
93
7529
1550
5470
2019
785
1552
709
7664
7523
896
584
709
858
129
886
3549
1465
5446
4554
276
7664
1301
118
968
2461
1411
8166
3966
7847
8025
7344
4011
7827
4809
6677
3238
6318
6557
8166
5972
1694
2496
5455
4362
7936
6979
3272
4322
3771
7076
5588
296
709
1280
461
3489
4197
4935
838
7420
6639
7940
1845
2868
8048
7121
7582
4134
2647
709
3634
7648
3011
4572
7805
2939
7650
5217
6831
3090
6499
1465
6099
1026
1117
4399
8137
5940
656
80
7364
4322
2835
5805
6438
4950
5778
1129
1017
8133
6639
5786
5940
459
5945
3134
1881
7650
7525
6195
968
6979
4613
7758
3011
2064
7805
3282
523
666
4062
4836
6578
3405
1672
2192
3536
1699
1988
1590
7279
2081
831
5928
5024
2835
2271
7344
3198
4780
3998
680
3524
3178
7162
6349
3792
118
4253
176
6352
7573
6737
1155
727
5077
2896
6635
5272
5896
5833
6053
1836
2346
7493
7405
4522
7451
727
3589
176
3183
6378
6709
31
8014
7424
1515
7776
4780
1429
1957
377
4809
6227
2679
744
7845
2533
5428
5332
4950
6082
5798
3600
3326
4155
2916
4718
5185
4270
7067
4444
2820
3283
7521
1957
6844
2634
6463
1719
6099
2939
6318
5865
5778
783
4716
7497
6549
3212
4892
2533
4293
1546
3747
3504
1155
348
6635
797
727
411
7155
2491
6975
787
6732
2855
1130
3729
770
7776
3771
296
7500
2810
2825
4651
2796
7871
4007
531
3077
7205
2764
7798
1029
4017
3835
5997
7902
5629
6660
3162
7582
5636
5791
5434
673
1224
2634
2178
7214
3083
4497
1105
5928
7205
5821
7380
4155
721
2894
3167
7384
7670
3585
4670
