0
0
0
9
5
0
0
1
9
0
0
2
2
0
0
0
0
4
0
0
0
0
0
2
0
0
4
0
0
0
0
0
0
0
0
0
0
0
0
0
0
0
0
0
0
0
0
0
0
0
0
0
0
0
1
0
1
0
0
0
0
0
0
0
1
0
0
0
0
0
0
0
0
0
0
0
0
0
0
0
0
0
0
0
0
0
0
0
0
0
0
1
10
0
0
0
6
0
0
0
0
0
0
0
17
0
0
5
4
3
0
0
0
0
0
1
4
0
1
2
5
1
3
0
0
0
0
2
0
0
0
0
1
0
0
0
0
0
0
0
0
0
0
0
0
0
0
0
1
0
0
0
0
0
0
0
0
1
0
0
0
2
2
0
1
0
0
0
0
0
0
0
0
0
0
0
0
1
0
0
0
0
0
0
0
0
0
0
0
1
0
10
0
0
0
0
0
0
0
0
0
0
0
0
10
7
9
3
3
1
20
2
0
2
2
2
0
11
0
1
0
10
0
0
0
0
0
1
0
1
0
2
0
0
0
0
0
0
0
0
0
0
0
0
0
0
0
0
0
0
0
0
0
10
0
0
8001
4149
2309
5232
1209
7223
7491
3186
2283
2780
3120
684
1733
5129
4914
1971
5882
7121
6041
2210
4605
5517
532
999
4702
7978
4856
8048
2379
8040
4633
4828
4950
4139
698
3167
2949
5596
5176
1217
4426
6649
2966
7493
1803
6366
7995
7517
1281
389
2358
5730
7816
2256
4623
169
6775
852
2002
7178
7196
7823
544
1517
2679
5527
8151
123
423
597
5248
6571
7887
1607
4645
1395
1060
1129
2467
361
5773
1434
2558
3682
7672
1428
36
4906
6035
1965
5332
4521
3055
951
3631
4447
4350
4412
6735
1534
47
724
7442
6645
1009
6441
1433
288
5408
4561
749
924
4263
4601
3490
4058
403
6549
3460
2973
3407
4329
684
7034
5731
2887
4618
927
5595
3152
482
3589
137
6656
3755
4331
7788
6997
289
6553
1048
7591
811
990
523
4525
870
1816
3161
4747
1447
802
109
1023
7897
2591
4058
7915
859
6316
26
2290
6509
7767
4531
4812
30
6307
5975
4017
7252
5185
2960
2926
7213
5761
5514
3941
7337
753
460
2219
7591
1217
3433
1716
3224
7357
226
5911
3168
2488
1927
1084
5802
4019
325
2802
7398
785
5736
4820
2585
727
1395
1651
673
297
3186
3542
7966
1513
5833
4796
1856
3490
7995
2284
7576
6977
5751
7011
2907
3281
7519
684
2823
7869
1200
684
6649
239
2676
6040
5927
4155
5326
2676
5975
3504
5143
1488
4937
3153
778
574
7004
2017
5785
3119
8190
3572
3386
5403
4796
272
5972
7223
2271
7798
6198
531
5403
3692
2948
3688
7141
7218
7178
5594
6593
3980
6824
7094
6321
6389
5961
3806
7613
2208
7699
1094
3667
278
675
6735
4934
5936
1740
4575
3158
3686
1863
3158
5326
2465
3740
7491
450
5143
4525
4575
6571
2070
2770
5817
4812
7587
770
4481
2002
1534
4630
5147
2349
3695
5232
5725
6168
455
5526
2358
2679
1049
3747
8023
5112
6565
7746
7980
7258
7013
3470
1953
2070
6318
5377
346
4769
6440
2629
7405
3051
8080
1532
2920
1940
3813
1289
4851
7613
470
95
3969
536
14
1680
4492
6926
255
1129
2283
3391
4406
961
4432
3178
4265
74
6891
476
4056
258
1182
7588
437
811
5138
1114
7902
4700
2972
3253
7570
6802
7908
7720
7380
1938
8021
4923
783
1917
3391
5654
7317
1305
8147
89
3232
4780
3032
505
2540
4823
1552
5001
5379
4569
5542
5574
764
649
2244
6828
7613
820
501
2491
5472
1062
1683
3913
280
2405
4112
7903
7404
1026
2395
2808
1329
4979
5425
1305
3223
5453
6704
6894
6348
5250
6371
7785
848
2507
5701
2973
3448
6436
5149
4412
2060
6783
7182
3617
5613
1358
5670
6305
5258
6414
2778
6548
4903
4148
27
1073
3503
709
7521
129
3032
7664
5718
5997
34
4619
3469
255
4467
7347
5805
5998
3649
1171
6479
5620
4347
1026
4893
789
7429
7650
6092
924
7964
3771
6378
3886
8147
1831
5377
2574
1986
5728
8031
6436
7622
3320
1733
1949
4938
3455
2459
2907
6735
5015
5589
6983
4092
3032
7225
7931
7623
1719
6499
3524
4322
8147
1934
6704
4678
3792
1659
1831
5740
6894
2457
1561
4491
2483
1965
544
5861
3047
5183
4492
1269
6111
5219
2989
176
6378
7936
5250
3002
3272
5692
2260
3998
7317
2844
709
7936
396
1073
2574
5670
5453
7683
5364
1534
3562
5079
6556
1239
1039
4524
6513
2389
5885
1430
3214
1552
3112
6334
7563
8
1664
626
5714
256
6378
7857
5588
1957
6894
7857
6485
3112
847
723
614
3594
2464
7614
5283
7460
4950
2057
4832
4173
1619
3153
1600
4935
1664
6181
680
6937
1613
3483
2868
5484
6520
6937
22
3466
74
6378
7271
5693
7822
749
631
1944
5706
2774
2470
1565
1798
6638
756
1683
7509
3120
1965
2675
2675
3466
3976
1305
6349
6948
729
3497
1289
7735
6979
2668
4776
6557
6305
1305
1783
4009
6053
372
4718
3236
7769
3959
1021
109
506
7601
4181
4017
2922
5989
961
1013
5085
3678
7076
118
4352
2628
6744
6979
6532
4613
6979
5782
5258
5728
3394
7469
4474
6053
7692
1620
8143
557
6721
5086
3617
1946
7613
6303
2741
1037
5498
1528
4322
3032
1011
6099
1493
3774
5972
74
6305
1831
3112
2450
5585
3549
2457
921
1746
7190
4955
2229
5018
943
3497
586
190
4095
1105
7011
6820
3305
3730
968
3528
4442
4823
4432
4620
6272
8147
6891
4893
2670
5258
5453
4789
338
7389
208
5596
2854
6104
6124
4441
560
5171
7548
5898
6167
7094
4852
7090
740
4753
2855
7041
4442
4912
5960
2529
3551
4823
1431
3090
1696
5258
7776
1532
959
7507
28
7625
3364
4869
4389
7488
5068
8019
5883
916
1989
35
3949
5250
7093
4950
7942
1638
5115
3232
7932
5591
1462
4217
4796
7263
5228
5910
6749
3475
3777
3664
2280
7661
4830
54
1062
1713
680
615
7576
4007
6583
2408
1591
7093
7918
1048
7585
5403
1023
7414
4478
2999
5158
7162
4399
3433
1535
960
1075
764
5363
5739
4934
5715
1011
2411
7063
1341
2474
7371
5805
7722
369
7908
5295
7022
5248
5020
744
4491
7823
2957
1105
6645
6346
1245
5620
7615
1589
4354
5232
7833
4778
1217
7861
4229
418
7716
3401
5588
5960
2520
4491
255
3414
6104
439
2410
5765
210
4545
3589
6864
6777
3847
5595
3533
3694
2009
1435
5514
5403
5514
1494
6810
6437
48
6889
1631
626
5428
3192
4265
5242
55
6202
484
4312
4232
51
3211
254
1631
4703
7028
2483
7575
4533
4561
924
5840
5272
297
5403
5290
1631
1660
3358
6307
7121
1590
5079
5802
2064
5104
4953
6587
6234
3074
4345
3572
3561
2280
551
2907
4329
7823
4067
5531
2203
1038
6698
519
957
1535
1786
4796
672
492
5232
30
1415
3572
6047
754
4322
5037
3214
36
5800
2774
4729
6436
5715
6822
1642
5332
7377
4533
3847
6950
1139
4270
785
6538
7441
78
3263
4065
704
1430
2022
5232
3433
1306
7991
3968
3736
258
