0
0
0
10
0
8
0
2
10
6
0
0
0
1
0
2
0
3
0
0
0
3
6
1
0
0
0
1
0
0
0
3
0
0
0
0
0
0
0
0
0
0
0
0
0
0
0
0
0
0
0
0
0
0
0
0
0
1
0
0
0
0
0
0
0
0
1
0
0
0
0
1
0
0
0
0
1
2
0
0
1
0
0
0
1
0
0
0
0
0
0
0
0
0
0
0
5
0
0
0
0
0
0
0
20
1
0
6
3
6
0
0
0
0
0
2
1
0
0
1
2
0
6
1
0
3
0
0
0
0
0
0
2
0
2
1
1
0
0
0
0
1
0
0
1
0
0
1
0
0
0
1
0
0
1
0
0
0
0
0
0
1
2
0
0
0
1
0
1
0
0
0
0
0
0
0
0
1
0
0
0
0
0
0
0
0
0
0
0
6
0
7
0
0
1
0
0
0
0
0
0
0
0
0
11
4
6
2
2
1
29
3
0
1
3
0
0
23
0
1
0
10
1
0
1
2
0
0
0
1
0
0
0
0
0
0
0
0
0
0
0
0
0
0
0
0
0
0
0
0
0
0
0
10
0
0
2211
5596
5224
4623
827
6452
7941
6409
5272
4950
4109
5707
6617
357
432
3620
508
2538
4020
5954
1743
2975
4596
2002
1075
3165
4581
3668
557
4861
5434
4309
4022
3909
5187
1084
1768
392
3748
3986
1716
5886
6307
6002
4223
2062
7187
635
3666
7941
6227
249
1070
4517
1535
7887
3120
5626
3271
4881
36
5295
7897
7533
5198
2013
30
61
933
702
256
4762
1040
4162
2238
797
6437
6950
163
2509
1049
1731
5042
1957
1208
6769
2339
5715
7788
4361
3936
5273
6473
4740
2516
4562
6409
2406
881
4261
1365
2223
2255
448
1181
7494
5130
1048
4472
5531
2705
2790
5572
3466
5740
7907
6608
2847
7429
3998
1062
1581
4971
7436
4561
7437
4988
6660
3051
3255
2648
1021
4129
1195
6640
6973
1532
3427
7640
7344
2022
7045
6160
3401
6557
2947
1831
6704
2750
238
5409
6305
4730
331
3386
947
6703
7497
3565
5835
5272
4881
4339
6600
735
4623
2684
7011
5390
6415
6593
4927
6160
1112
3985
7271
7905
5353
7737
3503
2750
5667
4730
6305
3489
7240
63
6861
5020
3384
5569
1248
6179
6820
1873
6812
3725
2112
5181
4525
5066
7187
7314
5183
216
1442
6891
222
1205
3165
3771
2811
2448
4060
6891
6744
7607
6498
3128
4039
1014
3045
3924
7144
3190
532
61
5020
2380
5805
1050
7213
214
1452
6724
6532
2198
6692
7127
1831
7263
2030
7910
6001
2225
3886
4844
4333
1083
4111
2916
5332
5620
4274
2038
3189
2511
4963
3589
2031
1345
6906
3083
3376
6488
1932
3358
6010
502
5910
5546
3998
6580
7916
472
3254
3378
7240
4979
1429
6591
428
4604
3433
87
8139
5452
2476
1980
6574
1040
48
3370
2255
5773
5198
6554
6210
6332
5608
1186
6414
3165
3860
3886
2215
7522
2295
7062
2134
3012
6709
203
2697
5445
1873
5712
6203
3266
4702
5088
1008
1535
749
3863
3111
7733
5898
2260
2645
6475
1600
4094
7167
74
1112
2992
7447
6215
4435
6485
3629
4333
55
5620
1870
4389
7442
829
2027
2274
2639
3006
902
5790
7854
87
2459
2737
3077
5107
8048
919
1163
4365
5497
2943
7650
2187
4622
4861
6532
3576
7650
7271
3335
4441
7148
6307
7196
5790
619
7209
304
7636
4229
5308
5890
5236
4740
2303
2489
4340
1090
2419
3322
4689
4565
2047
3675
1442
5099
1347
5497
4333
6181
2574
7367
2799
676
4431
8176
2265
3899
6749
1951
4413
5704
1408
4831
6724
3292
3353
6031
1709
2558
5102
6989
7652
4730
5498
308
2387
313
6080
5071
3886
5618
7932
2165
676
5266
3305
6877
6679
3874
4845
5580
4837
6183
7121
2557
4798
5791
405
2496
725
2942
3024
471
5293
1831
7907
7263
8115
4983
2818
2083
1766
646
927
6509
1864
1873
8176
1899
921
282
200
2837
1661
3515
3352
6070
7869
821
5506
1076
6393
3559
4037
2339
7040
6160
3466
8
7875
6723
4983
7066
1894
4576
287
646
55
934
1539
554
835
7705
6034
5682
6761
2280
2578
729
749
3478
4556
7191
5010
4338
1050
4017
7389
3445
481
3466
1766
7159
6905
162
4617
3327
4000
381
1766
5662
1395
4450
5752
3686
6146
7843
4292
3391
5802
6414
5115
7463
649
2203
7779
5274
5102
3462
3391
7575
3571
4301
7412
1259
6557
6747
1652
7907
3948
216
4983
5585
2999
7860
3146
1838
6293
2546
3363
2920
811
215
5024
2737
1565
4971
6932
4361
4533
3475
5309
61
3732
623
6755
222
5972
5366
6305
6532
3678
1652
4576
313
5724
6915
4106
4625
3821
3714
2901
2723
5333
3120
183
5833
4347
64
7782
164
6980
5102
4315
7415
5378
5967
1477
6909
3503
4680
2939
8009
4983
1378
929
6045
6577
6371
3100
7359
3958
6005
5785
4784
4940
1506
1040
3824
5045
3046
831
4143
5125
2799
6997
3613
962
4576
3979
2251
2393
256
2925
4401
6305
5549
6715
379
313
7257
4361
7053
619
468
6679
7820
8094
2375
8191
469
4869
2421
3334
7767
1019
4291
2762
3866
6269
3104
7974
5578
4147
506
5383
4205
929
2568
7766
5989
379
1766
4861
290
6827
2865
4162
2489
3754
2772
1109
6450
2339
1019
4939
2635
2130
1808
3722
7412
4983
1695
1831
5588
5146
6267
2498
6580
5498
5546
3759
703
41
4982
7187
1791
4264
4785
3092
5434
7675
1514
5955
3337
4881
1408
881
36
6724
1362
3168
4231
3508
3090
1099
2847
8014
3759
523
8076
2847
7271
2199
438
222
7249
2803
5831
2931
2415
7918
4621
7078
4304
4353
8172
490
3367
6906
2527
208
2679
2483
8026
196
1528
7249
7264
3104
6998
4509
222
5462
4617
4212
7066
7412
291
33
1076
239
3353
1023
1852
1509
978
5580
7097
7450
2098
8109
1631
5838
5792
4700
5115
7249
1484
8183
5597
3426
3104
3489
2134
2738
6160
5848
962
4982
2730
2932
3981
6243
5440
3276
1262
7781
4563
8006
6653
5260
7005
7617
5332
5371
788
3732
2406
4545
962
4966
5617
3104
4212
3998
5366
3034
6928
6930
1292
2765
6651
3264
7510
6821
5277
4609
1057
4412
5219
4800
152
6048
5620
522
1114
1010
7405
1302
24
4091
3635
5022
4353
6723
1326
6747
3659
2852
3104
381
167
6312
8047
619
5248
718
5444
7484
7829
4740
6361
7570
7723
5626
7028
1236
6249
7061
4812
2573
5149
1631
6654
33
2762
2412
7352
5981
1687
7352
7412
1766
5191
2357
1003
2240
4533
2848
7024
7190
2130
7911
1333
4689
4758
6975
2013
6295
3849
3676
2690
980
2407
3666
2597
3839
8009
1576
1894
4360
3738
6080
1528
5495
468
471
8133
4019
2622
5708
25
4914
4428
738
1173
1042
7926
182
3568
1703
877
7503
5183
2005
2620
7196
367
2442
3936
1021
4765
206
6430
2385
1448
5317
5103
4561
1778
2090
2705
6199
6978
3483
1821
2164
6395
6845
3771
876
3068
6649
6829
4489
919
7782
7779
4623
5293
3667
6759
2560
3896
3900
4853
959
449
972
5468
6391
6769
6257
6681
4169
4740
