0
0
0
10
0
8
0
2
10
2
0
2
1
0
0
0
1
1
0
0
0
2
1
1
0
0
0
0
0
0
0
0
0
0
0
0
0
0
1
0
0
0
0
0
0
0
0
0
0
0
0
0
0
0
2
1
0
1
0
0
0
0
0
0
3
0
0
0
0
0
0
1
0
0
0
0
1
6
0
1
0
0
0
0
0
0
0
0
0
0
0
0
0
0
0
0
8
0
0
0
0
0
0
0
29
0
0
7
7
7
0
0
0
0
0
0
5
1
0
1
2
0
11
2
0
1
1
0
1
0
2
0
3
1
2
0
0
0
0
1
0
1
1
0
0
0
0
0
0
0
2
0
0
0
0
1
2
1
0
1
0
0
1
1
0
1
0
0
1
0
0
1
6
0
0
0
0
1
0
0
0
0
0
0
0
0
0
0
1
5
0
11
0
0
0
0
0
0
0
0
0
0
0
0
11
4
10
4
2
0
32
7
0
3
4
1
5
16
1
1
3
11
0
3
0
3
0
0
0
1
1
1
0
0
0
0
0
0
0
0
0
0
0
0
0
0
0
0
0
0
0
0
0
10
0
0
4352
7090
3969
4700
2710
6775
4202
5295
2887
686
5209
7362
1453
5224
5749
7921
7859
6386
2772
2137
47
1607
7101
7815
6756
1023
8160
1275
1158
1808
3851
1395
1907
4150
1067
5265
2516
4080
3060
5175
6167
778
765
7788
1247
1871
2941
6708
778
5897
3510
5322
2516
7634
4681
6964
1328
92
416
6625
6159
6646
8003
152
5045
7591
749
361
4294
5131
7398
2009
735
145
5093
7584
597
7692
3563
6500
5532
6300
1349
391
1619
956
839
41
6846
3488
2039
3776
3327
610
6964
6653
3196
4526
4412
7700
1293
2922
61
7253
7188
2772
5128
6203
7745
6653
6159
4946
4244
4868
1628
5151
742
216
6745
7611
1802
7075
2268
2083
1633
8005
8014
2058
5338
6721
5264
8013
7811
832
7767
7507
1965
827
6128
6582
5949
2058
5597
5323
2818
1992
4947
1451
953
7875
2750
4679
3428
6928
2434
264
2083
3228
7045
3327
1520
4015
1564
2009
5898
6583
7587
1864
866
4437
5017
701
6159
4868
4683
7005
2085
3228
3604
4576
2874
3879
5170
806
4196
8122
4248
868
2331
5146
216
6086
7398
434
3224
675
5327
2391
557
6715
6523
5323
4868
4231
3776
7981
7325
2993
1516
2569
7476
4862
6443
5017
839
4730
5124
7905
5458
6010
2511
7804
3979
5956
2248
5762
2803
210
4338
6498
2887
1922
2094
3948
6676
2818
5040
6172
5937
6581
7101
5146
3183
1652
7220
5065
3866
6716
2900
3140
5614
7844
5982
826
5806
8122
3775
919
7910
1594
4295
5730
6862
7728
4576
291
3235
516
3869
6322
391
2641
258
7213
7829
4212
889
5670
4541
7733
549
7271
2434
2520
1010
5724
923
1802
4856
6179
2173
4049
1895
6972
1658
2625
2301
2020
6676
1182
7158
666
6638
7005
98
5351
6928
1788
2935
2412
703
1104
3382
5331
7297
7884
3959
2737
3629
5409
3666
2072
7304
4824
7104
1415
2165
6296
6398
844
258
7735
1347
2867
2051
3077
7258
3068
1872
7903
7300
2036
2134
1104
4868
3446
6998
5957
7647
1489
7062
1802
6869
7365
2057
1239
7244
2419
6745
4437
3879
4767
7091
7101
4962
4666
4904
7389
6795
899
121
237
4613
4333
5146
1307
5110
152
152
1833
6010
6010
646
2468
4708
797
2057
7221
4858
7362
2907
5124
7480
2468
1710
8014
6010
8122
225
2004
4354
7695
923
2134
7271
4767
7733
196
2021
1695
498
3235
2688
2641
5094
953
4856
5537
4294
1598
6989
3353
6071
4208
1619
3620
4245
976
1145
1719
4248
6653
6172
941
6010
4212
1197
4730
4666
352
6854
4946
3254
3759
7345
6928
3659
7068
7412
2960
4602
7442
4489
4835
953
1960
7276
7542
4166
7005
5972
7903
2641
7733
1307
8184
733
4961
5662
3366
2445
1922
2998
701
4553
1930
5662
6090
6665
563
5017
646
1879
1129
393
1600
4868
313
1695
7974
2311
7165
4961
5612
4947
3331
4961
3567
5667
216
7850
1722
4576
4868
7412
6086
4957
5090
3331
7055
6854
3135
3131
4360
1216
7244
2203
57
6047
1622
4108
762
2569
4961
3247
2400
4435
4971
5486
2083
942
2641
5989
6777
5358
7293
7412
3680
5490
5346
4208
7713
5052
5031
5949
1145
3114
3567
8185
4212
3776
2058
5011
6214
2295
6687
866
3479
2568
8014
4683
8150
1833
353
7903
7146
1685
1250
4478
4289
2168
4876
7376
1872
132
4718
216
5094
6305
5786
1307
7974
5946
1079
3988
5286
2897
6723
152
1704
352
7082
4983
1652
1377
2569
6716
6814
6897
2586
35
6968
6509
6237
304
4392
1252
4291
7903
6010
2984
1151
6443
6998
2052
7308
7684
594
5003
5366
7733
6381
3397
2658
7733
6653
2393
5799
6160
2897
2251
4088
4517
204
5165
4608
6804
5027
1155
3512
5497
2947
5536
1620
3432
3183
7650
6557
2728
1620
1269
6416
3606
7671
5963
3853
5251
4946
7804
1708
6808
3742
6583
2298
1667
1881
1545
2316
482
744
4545
4835
7005
6411
1291
1429
4735
4873
5899
6443
7733
4296
795
2104
163
6002
951
2166
553
6418
5430
6869
1919
3959
3712
2401
5023
1450
1951
5423
5746
3710
286
7725
5353
7158
3890
5647
937
100
7334
7101
6715
6780
6399
8011
6222
2285
2629
1602
3561
3909
1662
5945
4785
8016
1074
3962
7726
3679
2829
3432
7573
5896
3305
726
3698
4846
1911
1145
4333
6557
4248
216
4868
1802
381
343
4346
7520
4015
7236
5176
6198
5428
6019
8116
5521
6664
3901
5520
6864
532
2844
504
5950
6569
2823
111
7650
6443
3698
1913
5937
3030
4962
4730
4212
8149
839
2279
1097
4911
4422
3120
6639
1643
3441
4767
5897
4077
1299
4314
6563
5293
428
2916
3710
4273
5475
3979
4730
7903
5989
2083
6532
2134
1802
2251
1747
603
5382
921
2854
219
4517
5248
5567
6599
6312
2800
7119
1845
4390
983
5938
3765
5380
7514
852
978
6164
6010
5007
5667
186
4730
216
5479
2353
1342
476
5572
6252
6724
7531
6215
6578
1430
7886
7593
8055
7736
8055
4867
1522
4431
2747
2916
6015
845
1103
1705
7583
7840
171
5243
5251
1063
8099
1578
8067
2851
1706
7755
2207
7269
3834
3407
5664
8175
1989
6055
4484
6406
2780
6226
1795
5356
3786
406
219
3123
4242
4348
8093
3717
196
2165
5852
1483
4216
3657
5275
3274
5419
5097
5890
6937
4758
6904
7441
3318
5791
2060
5524
731
6027
6256
5694
2881
507
6346
6587
1312
6141
3577
2799
3327
6905
8055
3469
7061
4150
6553
1565
2548
1965
933
4604
3650
482
1716
4022
7207
8190
7219
1366
2060
128
6141
5092
7180
4475
5403
263
7012
4039
191
4018
374
979
5661
2429
2825
1288
2905
4906
4294
3358
2679
1318
1040
6082
6252
5567
6363
7533
389
1485
515
2308
7706
5714
960
4291
372
256
2671
5095
437
5165
7135
5013
3849
726
5558
6474
4134
6868
1672
5448
1972
7357
842
736
49
4662
4565
5118
7463
2128
415
5165
404
5126
5035
8127
7633
4296
1136
8047
4967
1107
