0
0
0
11
5
0
0
2
8
1
0
0
0
0
0
0
0
4
0
3
0
8
0
1
0
0
3
1
0
0
1
0
0
0
0
0
0
0
1
0
0
0
0
0
0
0
0
0
0
0
0
0
0
0
1
1
0
2
0
0
0
1
0
0
2
0
0
0
0
0
0
0
0
1
0
0
0
0
0
0
0
0
0
0
1
0
0
0
0
0
0
0
0
1
0
0
8
1
0
0
0
0
0
0
26
1
0
7
5
6
0
0
0
0
0
3
1
0
0
1
2
0
11
1
0
4
2
0
0
0
0
0
5
1
2
0
0
1
0
0
0
1
0
0
3
2
1
1
1
0
0
0
0
0
0
0
1
0
1
1
0
1
2
0
1
0
0
0
1
0
0
1
3
0
0
0
0
2
0
0
0
0
0
0
0
0
0
3
0
5
0
9
0
0
0
0
0
0
0
0
0
0
0
0
13
7
11
6
6
0
35
3
2
5
1
1
2
26
1
0
0
14
0
1
1
1
0
0
0
1
0
1
0
0
0
0
0
0
0
0
1
0
0
0
0
0
0
0
0
0
0
0
0
10
0
0
5290
1631
1085
4174
4389
3442
3530
7149
5815
3960
2458
3120
3888
7779
7873
5175
1647
1713
4640
7924
4999
450
390
4202
7910
2922
6089
3541
1584
7258
390
591
3492
4017
6083
6033
2653
2924
2765
2127
8133
1643
2092
1691
1633
6935
7106
298
7216
4516
3793
7346
5203
5455
1075
3196
2894
7110
1308
6303
5915
2558
5403
5403
3959
6950
2679
3051
7363
2607
1743
2099
7948
1597
1136
935
7284
512
5810
2280
426
4211
3460
7120
752
7537
4209
1680
1989
857
6262
4291
2405
3572
4851
7995
960
7570
5412
1539
7077
1556
833
5122
6020
6521
2167
1342
5156
5306
5128
5096
5582
5133
3000
1578
7617
6889
267
2303
3888
1839
4194
5576
3443
5275
4788
332
2182
4569
7258
6041
1683
2914
2228
7172
8174
6602
1548
5891
7911
2280
3608
4410
1094
4726
3964
428
3608
4529
4032
6501
390
6552
3358
5833
6307
6824
5364
4291
6818
1595
7451
4718
347
4263
6027
3245
1094
1961
7568
426
7347
1084
5413
5708
8048
5298
5252
2733
503
880
4744
710
568
5514
5173
7613
1234
3186
3153
740
7039
50
5322
46
1787
7498
2371
4703
4413
4024
5693
5780
266
2444
7897
6448
354
5582
4087
10
4363
6956
4941
4666
5507
5998
5998
7940
8083
3096
2229
1029
7638
4503
4786
7995
1084
5513
7803
2060
3969
1768
6068
7176
4400
7923
3407
3158
6589
861
2862
6724
6268
2990
3678
10
5524
5097
1765
4718
8025
7871
7148
320
752
7867
7823
2761
3330
8095
3059
4280
1584
7256
3519
7176
2527
7432
6927
2109
7241
2677
6923
1342
2190
4734
5012
5976
7283
5562
658
1105
4569
425
7419
2661
4830
2248
2358
7644
2163
2724
5717
1768
5811
3969
6752
2798
5732
6131
4070
1117
1466
5780
7191
5538
234
6694
6476
4556
3203
4797
8019
8030
297
7451
2629
3911
5430
1319
3651
3513
6319
5166
836
4486
7463
6377
507
7918
2774
507
6369
6263
3060
8122
7182
4087
7619
5708
4489
6435
3925
3554
4597
5922
2916
4442
916
1319
5515
7356
4425
2895
2161
2741
298
6889
2506
6069
4426
7752
383
1699
2557
3717
5708
2805
4692
7861
5681
806
4805
3914
673
5717
2212
5105
3353
3490
1620
2868
3676
1588
4366
5468
7686
7132
7279
5374
6144
6752
5761
4944
6139
227
184
7441
3759
7079
2772
901
7503
1561
2389
2510
3155
8125
3617
6158
5014
5385
7806
6000
8040
1878
6683
5175
1136
3925
738
4998
7176
4481
5397
11
2358
3712
263
5350
7934
1241
7436
487
4839
1704
3035
5885
7960
7594
1523
4074
377
5403
4926
1204
2801
936
6808
7542
2826
4124
2313
6717
681
1818
3642
5875
4081
3320
4482
6281
4517
5894
1601
7730
5362
5412
3264
2323
7130
6898
5874
3240
202
951
5896
3096
8069
7995
3010
7894
6646
4814
4141
2362
7222
4663
2352
2655
1988
1958
6764
6623
4024
2607
7315
240
6413
8089
6041
2354
744
3481
2361
6590
7868
4419
2459
390
1940
2347
4797
4475
5113
547
4870
227
1832
1506
2930
3530
6458
5023
159
7366
1964
861
3734
474
6033
3536
7258
7029
109
1929
5975
4771
8190
4312
5272
6824
6145
4503
7727
7823
740
1029
1023
1082
4492
2608
5203
3324
4706
7426
2895
6489
1853
70
5047
7975
6622
8160
4950
3433
7910
7777
6447
7230
6720
684
2894
2130
4353
7561
3806
1822
2252
541
1105
2791
7093
5171
2308
1788
2526
239
587
7176
1817
3302
5696
1114
2411
1988
1824
6645
369
7545
1155
574
3196
6660
6824
4270
4422
6419
4269
8006
2464
5514
7038
2238
7029
4124
6383
1818
2271
783
2771
8052
1691
305
4797
7364
6510
5896
6761
4478
3732
215
2002
1989
978
2558
5024
7592
156
5876
6176
845
255
5112
3710
5627
4291
5807
7314
5046
2894
7029
4950
2928
1422
6404
528
2527
845
7798
8160
2405
1776
6791
3806
4482
7613
5896
1765
7781
5092
6589
7231
5943
1076
20
507
7816
7012
2780
5628
4405
5521
4824
1954
2464
1944
5557
6724
724
1155
450
1944
6824
4007
6612
1698
2934
4542
7059
5171
5921
531
4814
537
4352
7209
2460
6104
491
925
3584
7187
3073
5810
6391
4923
5295
5196
5766
6435
5279
425
4329
3167
1118
5403
4340
2308
3586
3980
1285
3391
4700
6343
6538
5577
48
6303
5514
1319
8160
5013
2907
7110
6824
6531
7113
8189
3385
7740
6015
1385
7995
6761
4644
6082
740
109
5998
6295
2956
575
320
2499
6510
6862
2727
3405
1204
4312
4361
5739
5629
3017
123
5118
2868
2248
1512
5730
2042
6929
868
5867
3541
3153
8030
3240
1279
1048
4708
3541
5487
2255
8034
5300
4569
5175
7207
3017
5048
7823
8048
3433
7781
1164
2252
320
747
5833
1071
7613
2690
5523
6237
5149
6926
421
2379
4152
3909
5629
5275
4610
457
6035
1327
6040
501
1970
5997
5801
8048
5482
5975
3457
1200
3740
722
2137
7154
6137
4615
3358
7707
1150
5119
6253
2999
3196
4950
2252
1522
6824
208
3012
396
2252
1902
7461
263
2459
5171
3443
6198
5739
1581
6262
4700
5118
684
4858
1581
1928
932
3927
986
2467
5688
5398
3642
3433
2464
7910
6824
7679
5350
425
2918
7967
4583
3682
2405
1830
255
2470
8048
2630
3196
4011
2515
4038
297
5332
6124
3060
6265
332
5359
2870
2009
5128
5255
1597
7090
6041
899
5118
2629
7887
1613
5290
1709
3922
7640
6060
6510
7269
1989
6824
740
7910
1046
6139
3358
6139
6076
5566
255
7269
7530
2757
7786
3410
978
507
4516
4570
3237
6053
5514
8092
255
4339
747
795
5547
5507
947
6023
3186
2764
1965
4851
5975
1581
6307
3077
3804
1600
8048
3120
2662
8078
336
2547
651
266
34
2557
1017
5896
4796
2248
650
5993
298
6668
4950
740
8118
4238
4702
1989
541
683
2002
3740
1395
4294
6919
836
4355
2042
5332
3490
6654
1342
5430
3577
5101
2030
6660
7689
4478
4722
4613
1103
1620
2558
7798
