0
0
0
10
4
0
0
3
8
1
0
0
0
1
0
0
0
3
0
0
0
10
0
1
0
0
0
2
0
0
0
0
0
0
0
0
0
0
0
0
0
0
0
0
0
0
0
0
0
0
0
0
0
0
1
1
0
2
0
0
0
0
0
0
0
0
0
0
0
0
0
0
0
0
0
0
0
0
0
0
0
0
0
0
0
0
0
0
0
0
0
0
0
0
0
0
4
0
0
0
0
0
0
0
23
0
0
6
5
7
0
0
0
0
0
3
0
0
1
1
1
1
9
0
0
2
0
0
0
1
0
2
2
1
3
0
0
0
0
0
0
1
0
0
0
1
1
1
0
0
0
1
0
0
1
0
1
0
0
0
2
0
0
0
0
0
0
0
0
0
0
1
1
0
1
0
0
1
0
0
0
0
0
0
0
0
0
0
0
2
0
7
0
0
0
0
0
0
0
0
0
0
0
0
12
8
6
2
2
0
28
4
1
1
4
0
1
24
1
2
0
11
0
1
0
1
0
0
0
1
0
1
0
0
0
0
0
0
0
0
0
0
0
0
0
0
0
0
0
0
0
0
0
10
0
0
7013
1224
4103
6831
249
7764
4851
1075
558
3482
3585
6041
2497
496
4830
3441
7312
4099
5623
3740
3986
3115
2533
538
764
6384
283
5911
163
973
7437
3911
3616
1786
7545
4535
2843
7420
1550
6589
1232
4214
3720
508
3351
3356
657
6733
4192
6903
6651
5398
5339
8093
3415
6417
900
810
1017
7384
4224
229
1347
3747
914
263
7299
1926
2453
6417
1107
729
702
8078
728
979
7647
1497
3240
1244
3439
2317
1601
2421
4399
2343
4080
6925
6089
5418
747
7784
1965
6082
5736
6884
3701
155
3886
7455
531
5319
7921
3950
2907
5889
4038
3351
4236
2484
4367
7384
2254
6820
2341
2178
3686
6590
7078
5102
2634
8025
3631
6013
7613
1849
7524
4900
3515
4812
4007
5192
4771
7776
4713
5314
1132
6306
2146
5343
4616
1024
1220
999
8023
4516
5629
5731
1767
5428
686
6176
5242
2217
7688
2916
1231
8174
3391
1105
2558
2708
1740
6879
2041
6967
2227
1151
1453
197
1958
7812
2507
2597
7207
675
1078
418
3635
3051
6829
5259
2248
1164
6218
2507
7040
3158
4229
1117
3210
7776
783
7217
5835
5902
8075
4289
1472
6355
3392
39
7915
2780
4598
3676
5596
7648
7492
1565
2325
865
2110
6932
1073
3790
1989
3980
3189
4114
4788
3276
3911
1852
5846
740
5535
1311
2124
3651
8040
5037
3773
5402
4521
331
5332
109
5160
4375
1522
5129
1736
2465
2867
2248
5272
6650
5335
1076
4722
1076
7926
1004
3686
1485
6031
7801
2679
2713
5911
2836
8083
3052
5282
7688
675
7507
7827
3577
332
3472
7837
7102
7380
4139
4712
4716
5620
6198
255
4851
2501
7205
3816
4640
143
3977
1453
4858
5276
4849
1356
5129
7670
4858
6241
657
1661
263
1290
5998
7562
2393
3945
5509
2119
1845
6002
5229
3528
7441
5434
2967
7823
2995
1494
1890
1672
3220
1559
6355
3249
2129
4950
6508
6370
7051
3685
6976
4873
3047
1057
5915
7426
7383
2069
618
6307
7752
2851
450
5706
4712
1678
5567
2778
4573
176
3968
1544
6677
7806
2951
2304
290
7098
2022
992
94
920
5701
5477
4029
6438
4869
84
5263
5989
5272
8048
5092
729
7297
4568
416
2968
3911
7590
3452
1944
2109
2613
1050
5843
7582
3194
6960
7756
7777
396
3983
618
2377
2381
4081
6582
6435
1684
60
4911
6967
7461
8151
639
1863
6271
3553
7584
6660
6720
5292
3004
2907
7918
1479
5840
2497
4175
1602
1272
588
1261
752
5950
5770
3532
7543
2506
1027
7221
6521
6862
4321
6535
2679
3265
7882
8129
6648
675
4729
3933
5147
4670
4232
3682
1360
123
1801
649
7389
1820
6144
7602
1964
5732
3047
1661
4990
6889
6602
7176
6035
5097
3990
3248
6761
5514
1944
7011
6319
1129
1129
7056
7882
6864
7827
1997
1969
6271
3510
2684
3259
2449
5104
7467
1840
1251
3396
6309
5255
906
5780
923
6927
1732
7561
1481
2491
594
1329
3480
1856
6578
7722
2601
2661
6199
4211
6199
5688
3056
1105
5217
1502
3561
6709
4812
271
1331
1953
3964
3903
169
731
507
6740
1671
7867
1334
5177
3904
1895
1212
5943
7598
2824
6724
1520
1561
6820
2713
3968
332
3440
469
3712
4742
7995
7350
2374
480
4405
6033
868
1506
4643
1048
1185
7885
896
1021
2491
2993
3411
4158
4388
7613
3443
744
7411
2547
3814
1494
7872
7745
6472
1031
5282
392
4107
1469
4492
7030
3385
8031
5149
3367
8133
8190
1204
3159
5574
3786
4423
3421
3274
7205
2629
7138
3391
7138
2491
5066
4007
5013
5143
2484
6593
7148
3067
1124
1852
6162
1714
1712
5983
5713
7803
501
6810
6778
5434
5440
4158
429
4303
7745
3740
539
4712
7798
6636
1046
2080
4867
4813
2303
2202
1151
1040
1634
786
2024
4150
1440
4143
1433
3554
5337
7176
3379
52
2311
7176
7466
7569
3528
214
1965
3055
6906
4783
2856
1595
2474
4498
5779
2099
5482
811
791
6484
7240
6887
6508
4335
7598
6053
1042
2929
1798
8031
3539
4223
2384
2905
1506
4783
5292
5530
1129
4800
4207
2309
7258
4952
1836
5623
6635
7777
1469
7408
5041
4457
2017
1055
4418
227
7704
4056
6849
1135
7079
5077
4701
3746
6392
1027
4511
6551
729
7577
5986
5129
6041
2406
2533
4771
12
418
3449
5469
396
951
1395
4836
7467
1276
5232
2854
1697
3751
1955
7919
1835
14
2271
704
6971
4087
6027
7359
1607
2137
7670
7670
7013
5181
5116
5701
1748
8011
3588
5013
3494
7059
7274
5113
212
6442
1550
4880
2459
2484
4844
1617
1132
5283
5143
7926
5660
3535
6665
1010
6791
3600
4766
1217
4753
7205
5171
7786
2533
1037
7582
6976
4150
3661
744
5530
763
6847
4253
3901
2137
651
2727
5595
5288
835
4489
3326
590
112
4269
1225
6188
4053
4448
5290
5174
3580
763
3494
6495
6989
1441
2762
1838
2111
2939
3391
3189
4346
7967
338
8148
939
3676
4932
1224
3910
7886
5514
4707
2726
883
743
4609
2553
7216
4419
7838
7691
6119
2663
62
4716
6295
3123
7796
7405
6208
1055
482
5057
4985
5066
4905
7205
3433
5375
5242
6356
3378
4662
3679
1680
2398
2986
2497
1118
7301
4644
671
2584
1672
7072
5375
4274
6950
4920
3684
3857
7689
4658
243
5454
3098
3922
295
4061
6123
6186
5893
5364
149
5535
5629
1469
643
5982
4165
5173
7640
1765
5720
4207
4478
2732
5842
1581
4389
8106
3100
5073
7784
7072
5035
1539
7235
8080
5063
5857
6125
3057
6836
6222
7192
635
44
3401
7015
3851
3851
1291
2104
1849
5914
6465
568
7039
876
1488
200
4143
2408
1464
6737
5726
4926
3165
4729
3686
3364
7229
363
254
4516
4519
1105
2182
8080
6831
5921
3824
4317
2152
1353
6222
3851
4491
6356
3927
2986
5551
4377
6709
5436
6509
4509
7788
2850
5161
1713
3490
4876
6450
6598
572
7258
1055
3933
3413
94
6020
3185
3148
1896
7661
1567
4007
3095
157
5545
2999
3401
3095
2584
1319
764
2064
