0
0
0
10
6
0
0
1
9
0
0
2
0
0
0
0
1
3
0
0
0
11
0
3
0
0
2
2
0
0
2
1
0
0
0
0
0
0
0
0
0
0
0
0
0
0
0
0
0
0
0
0
0
0
1
1
0
0
0
0
0
0
0
0
1
0
0
0
0
0
0
0
0
1
0
0
0
0
0
0
0
0
0
0
0
0
0
0
0
0
0
0
0
0
0
1
8
0
0
0
0
0
0
0
22
0
0
3
3
7
0
0
0
0
0
2
2
0
0
4
3
0
6
3
0
1
1
0
1
2
0
2
0
0
0
0
0
0
0
0
0
0
0
0
0
0
1
0
0
0
0
1
0
0
1
0
0
0
0
2
1
0
0
0
1
0
0
0
0
0
0
0
2
0
0
0
0
1
0
0
0
0
0
0
1
0
0
0
0
2
0
11
0
0
0
0
0
0
0
0
0
0
0
0
8
11
9
4
5
2
24
1
1
2
3
0
0
25
0
2
0
11
1
0
1
1
0
0
0
1
0
0
0
0
0
0
0
0
0
0
0
0
0
0
0
0
0
0
0
0
0
0
0
10
0
0
2464
1988
6735
4194
1023
3443
7699
4329
450
4375
7995
1824
5536
143
5343
5579
3477
6417
3959
4851
2489
5489
2325
3207
7246
2325
3577
4609
7986
2851
2271
7798
432
1965
4935
466
1929
4340
3732
44
4796
5099
229
2922
5629
2464
6449
2483
3945
3893
6104
6799
1581
5048
8160
1787
1664
5279
2459
7143
591
631
6469
1672
2676
8064
5066
1774
1538
3096
5332
1732
3623
4880
1752
1767
5403
899
3242
1837
1609
2579
2067
5307
4319
2464
2066
783
6677
5687
3443
1581
6031
7882
6417
5112
390
1523
743
6035
4317
7894
2354
3051
3609
3085
4852
2500
3806
974
2398
7343
3111
1643
2616
6637
4201
2916
4735
390
390
7256
4291
7178
7887
2907
5514
631
783
5778
825
1523
7029
2464
3414
3196
4545
4085
7777
4824
5007
2046
2352
1047
7747
7279
3529
5022
649
7592
4950
6791
4207
2080
3686
5689
5915
2922
7910
3490
4809
1634
5577
6189
7849
7827
3911
255
2907
2558
3918
3689
1743
650
6147
1935
1639
6812
792
2538
3213
6417
2629
4017
5874
2465
5322
7692
7887
4007
5403
1944
3432
6530
2438
3680
6977
936
2890
1065
1680
7139
6418
944
3238
2576
2798
2384
7234
278
7463
6249
6819
5079
1774
5507
2405
5428
6761
2663
2410
255
7823
5998
5484
7129
1923
7048
5277
1136
5306
5047
7383
2765
3411
7998
5882
3904
6078
8133
6422
2190
4107
4410
3073
765
3741
7872
7419
5408
2219
3085
2271
3790
5024
3358
197
6145
1804
1492
4422
5745
298
1027
1653
4570
6459
7214
4294
6685
159
4800
1336
689
2790
7865
4184
4663
2796
2080
6737
389
4011
7178
1105
5057
3358
7235
4611
909
6240
594
7861
6983
7571
4754
7189
4111
1027
5131
4563
7496
539
2118
4980
1597
1322
7326
3472
1164
5489
7871
2459
1997
2558
6012
4478
2894
4441
1464
1620
3212
7443
654
752
4390
2228
1512
6131
3047
2539
5177
7861
2127
999
4740
7134
3210
6758
387
1647
4328
5079
138
845
2679
7227
6997
5537
7592
4729
1415
2907
959
2927
3609
218
4314
2104
6078
1899
7210
675
7058
1742
1428
2229
5993
3953
406
7960
1840
3437
2394
2545
1565
7545
1319
5403
6761
1105
2922
7002
3911
4011
5925
2117
179
5732
7766
5694
4338
5684
4777
4905
60
3676
2949
2418
1635
5044
6171
5047
7215
69
2741
8069
6528
522
5778
3790
7230
4194
7233
5163
109
4329
7995
694
4305
5159
6605
1815
3061
3284
5767
6679
7710
2544
1613
2949
3608
2753
2448
1290
2242
5236
5810
5493
462
1503
240
2684
4858
7570
1560
8025
1965
5332
7699
3635
2171
735
7531
191
6540
6035
5128
4310
457
6303
8048
6299
1396
2538
4635
5688
3515
5704
4719
4640
3761
5307
7734
1118
7915
5594
4383
4718
4521
3389
1532
6645
441
1114
6986
4661
1643
788
1473
1682
998
3162
2671
4517
4560
2579
5202
1930
7720
7442
1071
8162
996
3739
737
5660
2737
4647
7419
1103
6321
999
6303
7926
2579
1426
4482
5247
2576
3658
4481
7304
2894
4482
4079
1584
2027
2030
507
6907
4344
4081
4645
1815
3471
7132
6764
6804
3812
1579
255
2358
6141
3475
1989
3949
7638
7537
6903
8174
462
2881
4149
7548
7271
1613
5762
859
1345
2547
1956
5203
3882
7710
3303
479
3180
159
2276
5713
834
6668
6031
4202
5129
3389
783
2177
2607
2167
5904
7542
5238
1815
5250
6201
5567
665
4292
5708
6679
4869
5333
640
3820
322
38
1033
5431
730
2046
7960
1043
3861
5113
1087
6258
783
4735
2209
817
5205
2352
3334
5694
6594
1671
6082
8190
2915
6087
5722
7619
3361
3471
6691
8087
4936
1136
5943
5372
2561
1810
7088
2649
2327
3120
4155
4609
5412
5590
7132
4174
7463
7311
6359
2426
1522
4516
712
3899
3051
507
826
4201
5297
1601
805
2065
8046
258
4942
1113
6063
754
2308
2645
7823
156
7435
914
261
7601
8116
197
1530
2693
5920
849
2103
6994
5589
7649
6359
7622
1713
2838
7824
7629
5303
3532
5046
7901
4007
3741
4712
2922
932
6824
7135
932
3793
1584
8190
4814
8095
6819
1726
3748
3424
1609
7732
923
3000
6267
2539
8052
2972
4268
6111
5177
1874
1251
5105
649
6831
684
418
5374
4194
1003
1748
227
7995
7722
1320
3768
5943
6136
5621
1573
1153
6171
1935
3802
784
955
2838
4740
7619
7221
2677
7944
38
6216
4950
6053
45
7545
3490
1234
5531
4361
3686
2679
5933
7592
5045
311
8172
6594
695
1824
4818
2230
1342
4862
754
6461
3133
407
5228
1406
6559
957
3218
3004
8025
897
635
5185
7615
8094
6441
7913
423
1607
4608
5682
5536
6958
7130
6451
1944
1988
6926
5863
7649
5529
6459
5859
1554
5904
1556
1063
7631
1433
1409
6605
1667
6358
6791
1279
2358
4217
6307
1217
7645
5363
3515
5531
6737
3740
557
2820
4229
2041
4793
4202
1836
5687
6712
7196
3355
4807
2833
829
6622
6551
4764
1556
4556
7103
2684
7294
486
7196
3037
3490
1414
3120
3121
297
4777
2464
6562
1067
5833
5290
2868
1589
2948
507
2916
3835
7611
7035
3206
4714
3768
784
7107
4269
7952
5048
6776
3585
7596
1275
1971
7230
2628
3968
2271
5275
6720
3120
7593
686
6824
1299
332
2973
5688
802
169
1129
369
6414
5926
6247
5489
3964
4941
8045
1483
6053
6824
907
5778
7767
48
4361
7230
820
8103
4264
389
3196
5066
5166
1441
2892
2024
3933
6983
675
34
4835
5536
5338
411
6384
6677
559
4622
1765
1155
4647
6677
4950
1820
6070
999
2002
3732
7094
1241
8040
4491
1584
6459
7154
1607
4979
686
5344
1863
5489
2529
7861
2137
4340
5127
6271
5945
7673
5798
1103
5185
6868
3220
3405
5403
4007
4062
6307
6262
3577
5748
4934
2836
4215
5688
4950
8023
1319
149
3503
255
7011
5332
6590
1607
7209
3238
5661
6384
649
6791
3747
7575
4139
7453
2429
7910
5997
5492
4361
3196
1055
1185
421
