0
0
0
9
6
0
0
1
9
2
0
1
2
1
0
0
0
4
0
1
0
10
0
0
0
0
0
2
0
0
0
0
0
0
0
0
0
0
0
0
0
0
0
0
0
0
0
0
0
0
0
0
0
0
0
1
0
0
0
0
0
0
0
0
1
0
0
0
0
0
0
1
0
0
0
0
0
0
0
0
0
0
0
0
0
0
0
0
0
0
0
0
0
0
0
0
8
0
0
0
0
0
0
0
21
1
0
7
4
7
0
0
0
0
0
0
0
1
0
0
3
0
6
0
0
1
1
0
0
0
1
0
1
1
2
1
1
1
0
0
0
0
0
0
1
0
0
0
0
0
1
0
0
0
1
0
1
0
1
0
0
0
1
0
0
0
0
0
0
1
0
1
2
0
0
0
0
1
1
0
0
0
0
0
0
0
0
0
0
6
0
5
0
0
0
0
0
0
0
0
0
0
0
0
6
8
7
3
4
0
19
1
0
3
2
0
1
29
2
2
0
12
0
2
0
3
0
2
0
1
0
3
0
0
0
0
0
0
0
0
0
0
0
0
0
0
0
0
0
0
0
0
0
10
0
0
6417
1302
5308
7617
2196
7176
7177
6384
4579
5780
568
6195
1917
109
5024
5322
4809
4233
5573
7527
26
1786
3469
5886
1260
6863
6826
138
7240
1870
3862
492
7246
6975
5810
3795
4489
5694
150
7872
7160
1281
6590
3220
3360
4813
4312
5998
7798
7011
7928
5220
6259
320
6940
3843
7247
631
1020
3274
1742
7156
5918
7886
5579
6203
4115
1078
7207
7560
4379
3625
8011
3790
7239
7714
7561
836
492
3821
3481
4094
4518
5333
7482
6031
4568
6104
5024
3851
4152
1585
4104
3600
7929
6668
7229
8160
4086
5708
3119
2190
1155
631
7582
8190
7389
4796
6359
990
3623
5159
3695
2383
396
6696
5361
6469
297
4312
7686
4783
2066
7642
6183
931
8030
6677
5514
5322
3682
5868
7103
5779
4164
7199
6361
109
2922
7592
471
2053
4670
6973
1550
1025
2256
5796
6642
4466
3481
4689
2810
3536
3290
4424
675
3096
6903
6249
6945
2248
3433
4812
3225
1759
5436
635
2418
47
8048
5915
7196
1964
3232
3001
3156
457
463
2902
6058
1452
4561
2724
3435
5187
6110
1768
6321
6877
2892
1602
592
914
1971
5447
25
1217
581
1864
758
2415
7823
4312
1094
829
3538
7613
5484
1682
5351
6810
1272
2534
5365
7064
492
1082
2935
2311
4037
2751
7274
8018
682
4733
5248
6135
7520
2408
1287
6976
202
5762
1513
4842
2905
1299
1425
6708
2558
5035
4273
2459
5915
1043
4874
5048
4079
400
3752
2622
4543
2576
5890
2826
3899
4317
297
7223
7966
1287
1466
3911
3953
678
6602
7577
7002
3911
7235
3230
4914
4146
4081
1048
7626
5711
356
400
615
4660
1639
8176
6023
2753
4800
5000
2464
4150
5964
2418
1593
4035
1313
6316
3882
7056
2579
1015
2665
775
6171
2328
5079
1023
4667
3209
3214
8125
7710
7983
3669
7852
5649
6829
8191
2501
3259
5063
4340
4729
1333
7135
7940
4522
7230
4737
1018
4719
2810
5148
758
6983
4503
6673
7453
5627
568
1254
6359
5717
5228
7449
1607
2894
7640
6758
5012
3060
4751
6563
4609
227
5547
1209
5695
4867
6824
8138
6904
3763
1740
5873
2813
7811
7740
328
4867
3010
4152
2621
2833
7221
1094
1033
7499
1033
2192
5275
5549
4047
5241
4807
4817
5514
61
6167
6845
6985
7079
6810
3504
6945
1620
1168
5095
8022
3945
229
2303
7986
2333
1902
1342
1314
681
2838
1314
5241
1555
6689
2903
2209
743
4835
5619
1488
3196
1025
4911
6476
6655
1094
6862
4456
458
1420
7220
4714
7985
6679
2151
5806
673
6515
84
1299
133
6975
7203
7630
4885
8156
7689
5536
1824
740
4578
6384
6346
6827
1539
7987
954
1057
5006
3250
1939
7132
2156
3295
7601
738
6829
6316
5681
1093
8173
1426
5023
6176
5836
5763
5983
343
1254
5130
5290
698
1900
8025
6384
3443
3472
7911
1245
3348
6435
828
443
7609
959
1293
5177
1853
3280
2576
3870
6534
1027
292
1027
6065
6518
3202
7707
3772
670
7200
2413
74
6259
7940
2329
3537
6453
1503
8133
6892
2239
7251
6690
2014
3367
2735
2253
2893
5435
3117
3492
947
1535
3721
1713
4310
2272
5337
50
6788
905
3507
3833
6108
1196
3022
5833
1123
7102
2247
2616
4330
3179
3611
6920
4374
7839
1691
242
3953
8034
3732
4079
2023
3093
298
1094
731
1453
3853
7329
307
5241
5179
859
6705
1742
6205
3258
1911
2943
2890
1063
4887
4986
4953
7722
477
2795
824
6096
6990
8136
2311
428
6391
4518
990
6131
3795
6139
494
3994
2225
832
6950
421
6104
6235
3989
3255
1820
6320
7600
3789
7811
2996
5180
5881
5729
4936
519
2850
978
4987
206
5991
5787
2436
8019
6065
7423
1453
2789
7644
5283
5430
1048
3732
811
1105
2247
5543
3706
1965
6287
738
2979
707
5601
8109
7644
675
933
2780
6249
2805
3348
1639
492
2591
2349
7560
7938
4968
1614
1492
2934
6722
1672
7664
3538
802
5749
5189
7988
4791
4856
6992
24
1562
930
5780
2278
4199
2654
4377
4170
6887
1304
6996
5739
4413
244
1643
3267
2169
4353
5128
2030
1534
2773
3240
6089
214
1954
6438
7178
4905
3398
397
3244
1882
2747
2247
507
4452
194
1030
7175
4212
7111
5352
7440
4337
125
3264
6612
5149
6907
457
2979
4361
6119
6481
5149
6128
5176
2728
5375
6614
5544
5053
3367
3101
1008
4840
1395
4830
1732
6660
1581
506
5389
7383
64
7569
3532
2454
1954
4426
7867
1061
457
3263
811
3186
1424
6498
7850
3278
5390
6064
2107
618
3883
5347
386
4962
6841
913
44
2046
7957
5164
3424
7489
5836
2375
3697
4475
7753
390
725
8190
457
1479
2907
731
138
6720
1759
2379
1957
7282
805
3346
5780
6146
568
6009
5455
7070
7056
4570
7106
7995
2381
1878
2455
5330
985
2684
2597
7941
4609
4609
7162
3257
5627
3777
5168
4353
7260
288
2777
7075
4931
5350
3143
684
1823
3851
4950
1824
2076
156
1733
3051
932
3839
7983
1955
1173
3144
5599
5732
7548
5982
3432
1062
7915
2552
5871
1581
1234
3120
1550
7107
4249
1924
932
5536
3475
6384
1546
3068
3414
5088
8076
5985
510
6553
2441
6082
1114
6548
7231
7462
7610
797
4426
5714
1158
92
3159
5376
2868
7279
298
7103
4741
872
2629
3790
8023
4151
676
5181
7984
5141
6139
3548
3942
4867
7246
215
5129
4670
3732
1286
7462
8030
6082
7190
4880
1415
2533
1863
1317
2130
1732
7234
1201
2995
4342
4643
3517
6977
3882
1040
960
1414
1989
1527
2343
4155
6833
1087
4867
4237
3004
2867
37
1830
1029
1488
450
2015
1988
421
920
747
5385
2949
4796
2516
673
808
756
590
3240
5756
7563
5120
7384
2538
163
3095
6451
4614
2041
4590
3740
5746
4361
2544
1464
7673
5461
8048
2934
215
4478
807
6307
7518
2347
2041
4346
3004
6384
1672
5385
8103
4881
4022
1506
1350
5979
7093
566
3191
5627
5629
5629
7816
5762
2487
1672
1393
217
7503
2303
