0
0
0
10
8
0
0
1
8
1
0
0
0
0
0
0
0
7
0
1
0
10
1
0
0
0
1
1
0
0
0
0
0
0
0
0
1
0
1
0
0
0
0
0
0
0
0
0
0
0
0
0
0
2
2
2
0
2
0
0
0
0
0
0
2
3
0
0
0
1
2
0
0
0
0
0
1
0
0
0
1
0
0
0
0
1
0
0
0
1
0
1
0
0
0
0
5
1
0
0
0
0
0
0
23
0
0
4
7
9
0
0
0
0
0
4
1
0
1
1
3
0
6
0
0
1
1
1
0
0
1
1
2
1
3
0
0
1
0
0
0
0
0
0
0
0
0
0
1
0
0
0
0
0
0
1
0
0
1
1
1
1
0
1
1
0
0
0
0
1
0
0
5
0
0
1
0
0
0
0
1
0
0
0
0
0
0
0
0
4
0
7
0
0
0
0
0
0
0
0
0
0
0
0
11
9
8
6
4
3
29
2
3
4
7
3
3
23
3
1
1
12
2
1
0
6
0
0
0
1
0
3
1
0
0
0
0
0
0
0
1
0
0
0
0
0
0
0
0
0
0
0
0
10
0
0
4880
4361
5279
4569
390
7223
1787
4912
7269
5255
6020
6660
6508
1009
7613
1513
4074
6958
1733
802
6588
1776
1550
1550
3071
3220
6818
3077
1620
5536
4644
1550
4361
6583
5744
3004
5998
4651
7940
7628
1872
7279
5402
5095
3249
7913
5332
4264
4353
3740
7691
7304
5507
4718
5874
649
4065
7419
3402
5492
1124
3443
7615
7613
4491
7230
492
1748
575
2219
5514
1944
6481
4809
5048
7503
6889
7207
6372
7692
5560
4634
3966
3188
5579
2777
4861
5517
7986
6481
2948
6069
2244
7205
5430
783
4851
5975
1395
5000
7816
5077
5364
1944
4291
3911
297
3741
538
7029
7279
5145
1280
1664
2343
7940
8143
460
4950
3888
8160
797
3890
1350
1217
5403
3068
1823
5495
4120
4202
6791
1155
649
740
4950
3326
7926
1620
1620
5997
591
5412
4569
2777
4880
4280
6848
4441
6089
1550
4155
7484
5594
4236
7495
137
1680
783
3077
6053
783
568
740
7615
3909
7482
3600
5412
4007
7143
7294
783
4651
450
3682
255
4626
5523
2752
6911
7227
3455
4840
1234
1607
7205
2538
5402
4796
7029
421
4670
1209
4809
2080
7844
3055
255
215
3600
414
5664
7064
1315
2002
1488
1319
6166
982
4124
3338
5605
4361
8190
2374
1473
2252
2894
4238
471
3037
845
7093
3320
30
3631
3145
5739
5224
5594
5222
282
6800
613
6671
2363
173
7311
2126
6459
4051
3849
2317
4875
2279
4485
163
7995
6824
6761
7798
6089
2791
3740
3077
4630
7913
1971
109
2922
332
1593
1455
5311
1189
7475
7537
3245
4159
2455
547
4754
4751
1042
1153
6844
5113
7180
4482
7755
4812
2464
740
2441
3483
3947
1823
4689
7304
4950
3051
4835
7497
4888
458
7842
3428
724
3471
4595
2597
2875
2924
8004
3263
5263
1260
1093
7482
3224
4312
2418
1971
7205
1595
7570
5107
1969
290
4441
7497
7029
7527
3271
4710
5902
783
7350
6671
2455
4505
4268
6717
3407
1479
7509
2677
1796
4640
6875
626
7591
7061
1856
320
3443
7029
4291
6997
3240
7518
3475
6824
2219
2600
6002
2679
8046
4950
2369
453
2757
1805
2366
675
3263
6139
389
5168
3812
197
2247
4536
1765
2868
137
1954
1965
1581
1217
5730
7940
7966
202
2358
4242
328
250
3790
6303
4708
1456
5016
2095
6319
5812
3335
681
7785
1613
924
7829
7530
1189
6246
4814
6535
6082
2459
1040
6139
3740
4914
2483
3649
3386
3051
8103
5185
5185
1830
1759
5290
4140
4706
1612
5406
2531
4572
1466
3534
6903
6139
6720
2208
3676
2539
539
637
6950
1105
7415
722
7230
2325
5229
3175
1284
6198
2663
568
5077
7162
4155
4862
1363
4493
4313
6741
7432
1114
5819
7216
1661
1584
4583
3051
92
8010
8162
5068
480
3166
1469
3625
3326
210
7967
5650
6954
2405
7110
255
6000
897
2398
776
4918
7172
1078
556
1422
2439
6861
189
4352
3847
2103
6162
5092
1234
6657
3904
4006
779
4867
5756
208
5627
797
2629
1856
2229
4950
5627
7154
7451
6409
528
2910
2753
6975
5372
2029
6615
5855
3155
4524
7189
3530
3155
1768
3920
5732
5106
3652
1908
5013
5364
5482
7613
5997
5652
6393
5584
4448
3642
3443
1765
6786
5770
1633
784
6351
1235
561
7824
1422
7426
217
773
2364
2247
650
4570
2531
7605
473
3311
7207
1581
8023
7995
845
906
1751
2601
3600
3888
1620
976
6404
1093
3918
1549
426
4107
2625
4577
6551
738
7688
1117
1006
670
5523
6923
3960
3973
7477
6195
7723
4112
2459
4707
2854
7059
1856
2979
7393
2411
8055
1244
2238
7400
721
1499
6564
2393
4490
594
5337
7400
7757
5263
3403
3062
103
2917
7630
5220
3443
5730
7304
202
5746
5343
1029
5619
4036
1200
845
5998
4233
1971
7823
5077
3220
7613
396
7012
3270
5300
2239
679
5557
2167
197
1700
2175
4265
2252
1965
3510
7997
2679
1965
5977
631
1253
2938
421
5567
2080
1224
4800
1040
4194
423
8025
907
7613
1164
4950
5599
4714
3658
6392
1530
6392
6775
5798
2421
7518
3722
2002
3051
3077
5482
2459
217
4426
6520
5608
6082
2957
5516
1415
8187
320
254
606
7451
7591
6437
6824
1195
7200
2616
1626
7955
6801
5874
1234
705
7915
3358
6795
5682
48
3196
6932
6035
1621
649
3051
7785
7243
3533
1522
6583
1241
3120
2892
123
5896
1565
1988
4166
4512
7616
7252
764
5874
6417
7533
1004
3037
2280
1415
5688
4830
4618
8025
4396
8157
8092
169
263
1584
169
123
5576
4217
5945
4291
3740
4796
7028
4207
1029
2792
5250
5801
649
6384
4143
2671
206
3642
1732
3435
3623
7755
2279
7940
698
1937
1856
536
4836
4374
7299
3288
8048
7689
5024
3326
7913
6864
4008
5576
2303
2248
472
1023
5701
7070
4526
6036
3325
2597
208
5255
1009
722
3730
960
1971
5183
7
6677
5013
4008
5701
283
7011
7798
619
1046
2478
5576
1234
2062
5514
450
5998
3433
531
4170
4339
8187
6249
1522
4858
4482
3196
4856
3240
7956
4482
1275
7755
783
4809
568
4718
3051
169
7592
6307
1003
5682
1287
2728
6827
4312
2459
3253
4340
6775
5128
1597
3654
2753
2152
6583
227
6176
3188
3123
6124
4703
5272
1234
4950
3600
4950
3600
217
5350
335
6396
3686
5494
1733
8138
3439
4729
1534
7844
3682
702
8025
5928
2076
2934
4400
1494
3159
3188
916
1989
208
5682
3433
1576
1944
5911
6741
4007
1863
857
109
3732
2219
7153
4975
7995
4389
6303
7234
2751
6799
3433
7545
2464
4361
6818
4522
7584
7180
1672
3263
1105
1105
1856
4361
568
4053
4741
3504
4718
45
6495
574
1544
2459
6735
2219
1177
2894
845
4007
7064
4777
1029
3120
418
5514
1118
1776
851
3664
8073
3257
5248
1275
7143
5403
7570
1581
5891
7806
421
7437
5236
4852
5998
201
3490
6735
2894
1944
3443
6281
2826
1118
4568
1090
4881
5514
4835
418
6354
4070
2663
5403
6465
1395
6009
3358
1821
