0
0
0
10
3
0
0
1
10
0
0
0
1
1
0
0
0
4
0
0
0
9
0
1
0
0
1
5
0
0
2
0
0
0
0
0
0
0
0
0
0
0
0
0
0
0
0
0
0
0
0
0
0
0
0
1
1
2
0
0
0
2
0
0
4
0
2
0
0
1
0
3
0
0
0
0
1
0
1
0
0
1
0
0
0
0
0
0
0
0
0
1
1
0
0
1
8
0
0
0
0
0
0
0
26
1
0
8
4
8
0
0
0
0
0
3
1
0
0
2
1
0
14
2
0
1
0
1
0
3
0
1
2
1
4
0
0
0
0
0
0
4
1
0
0
4
2
2
0
1
0
0
0
1
2
0
0
0
0
0
2
0
1
0
1
1
0
0
0
0
0
0
3
0
0
1
0
2
0
0
1
0
0
1
0
0
1
1
0
7
1
5
0
0
0
0
0
0
0
0
0
0
0
0
8
5
5
8
5
2
26
5
4
9
3
1
3
33
0
0
1
14
0
2
0
2
0
0
0
1
2
1
0
0
0
0
0
0
0
0
0
0
0
0
0
0
0
0
0
0
0
0
0
10
0
0
2343
3600
8103
3581
5987
2484
1090
3581
7437
5282
1029
2887
937
1430
1356
1538
6648
5816
5643
7049
2986
45
980
4273
5687
5627
8166
7013
12
722
5403
1241
4341
1103
5398
999
643
7577
6937
5079
5375
7785
3055
1430
4036
1871
5326
4546
3096
4310
7790
3124
3762
914
2629
6843
4731
7584
4874
7077
4355
3320
1972
5867
5290
8048
6307
1900
5997
1217
3326
2796
7178
6000
5403
2915
4805
5584
3584
607
6124
2252
2791
174
5629
8118
1472
1613
7926
1415
3878
3363
6082
5874
1760
3712
8103
1204
7227
6253
8048
2175
7451
7574
4840
2907
2894
3358
4725
5048
4735
4934
1597
266
731
7155
847
6824
208
5877
1699
3977
5767
5475
1769
2796
3600
715
1834
6253
978
5767
7582
72
5601
3716
7584
5514
1965
1048
7093
5537
255
4055
7953
7910
4099
248
1948
3732
4851
4702
5012
5750
7684
2774
8086
7910
7910
5095
460
3037
4192
5037
5412
7138
5290
2905
5403
5545
1733
5118
7061
255
14
3806
3599
8118
8004
4852
1464
1989
4851
4482
7026
5855
4264
5874
5778
6069
4707
3223
3475
6262
263
255
2629
1584
5102
6114
4290
4097
7679
255
1204
4379
6041
3974
4925
1118
7292
3173
7418
5560
1140
3922
3784
6929
5975
3876
5118
2907
255
255
6000
7997
5185
3475
7563
4740
1672
5161
6922
896
2541
3724
534
2076
574
4542
3790
3443
4482
6266
1733
6720
4017
1962
3612
1837
1177
1459
7680
7872
5874
7011
4482
5149
3712
2780
7148
1600
7989
7134
1003
4427
7594
7690
4270
7798
2916
7591
6124
1285
6053
2041
7913
3055
1181
5113
7828
7911
5133
3055
449
2107
980
486
4621
2835
7258
8160
4140
5761
6824
4017
7908
255
4486
784
6027
6906
61
3869
3150
390
1767
4011
2290
7292
3492
4683
7179
1362
3186
6000
4017
4017
999
5168
3942
6447
1821
174
7078
1581
6827
4741
6520
4735
1209
784
2498
9
2231
1093
3424
8066
7960
1655
6354
6649
567
1319
2579
5039
3656
7234
4017
7592
5743
169
3986
1137
2513
328
4852
109
2753
1428
1971
5928
1534
3662
4003
1566
6600
7261
3724
2249
2375
5066
212
1970
4798
1994
4478
3862
4792
1896
7915
1965
6082
7491
2907
4326
5223
5920
7154
978
3962
3834
5975
4712
3330
2067
3652
4505
3162
5557
3763
7067
1552
5874
1331
6276
5896
2041
1836
5772
8186
1402
397
2496
3504
2219
2868
169
2211
2630
722
7299
6065
7527
7915
3196
622
6240
4489
1536
3740
2663
7509
3499
4492
6571
7773
5710
2573
727
5185
6303
1734
808
2622
2710
997
566
5161
2006
5050
6193
7337
2530
8190
1767
7851
3663
5348
4086
4858
7811
1713
4643
1217
2671
76
3321
7024
2169
2902
4330
1346
6152
5715
2538
5689
695
5833
5998
6824
4339
7378
5079
5077
3712
335
4851
1822
6231
1314
1272
7287
239
1956
7134
5761
7110
1159
3795
6023
24
226
3699
2662
5385
6785
8083
559
1319
5701
5335
1680
1965
1882
538
5778
2960
6740
1430
4294
6875
6675
6538
403
54
2578
1699
6535
6076
5506
4005
1168
341
4985
2364
1660
1021
1269
5706
600
2868
2464
5095
2850
914
1430
1672
369
4796
5780
1613
2347
1080
7744
1304
6120
1895
69
2277
8191
2349
7257
34
3795
4708
2405
2671
7415
3468
202
1049
47
7980
591
853
3225
3220
5439
421
8188
4482
3077
6922
4080
6310
3938
1549
7727
4269
4311
5395
2557
3847
113
6536
960
4594
389
2374
7061
6737
5736
2358
1395
1040
3740
4878
2496
186
632
6997
5149
87
3158
5332
6020
8061
443
3036
5718
7406
3391
4740
7623
97
6313
5016
6708
2671
6262
1473
5514
6252
6879
4339
1413
4700
6454
592
3716
1185
3631
5514
3515
1508
2753
3186
2487
1698
5387
7058
4294
4347
7136
5970
5325
7629
4005
5757
2379
6724
675
466
2345
999
2676
3968
2459
740
7816
1076
5596
1835
1105
4950
3196
7827
6657
4809
684
1067
3908
6919
156
5128
199
3460
6589
547
5871
6244
2586
3986
1620
2133
5217
469
4399
2219
4017
1971
2916
5997
1631
6720
1103
1057
2766
1929
731
4022
5000
6659
4648
8189
5468
4192
5201
4184
7873
1647
2095
624
39
3851
6974
1768
3082
1244
3542
4426
3740
3911
4011
4809
7059
3541
5982
6357
2308
4623
4426
7901
8025
7654
5737
5241
788
3555
1930
5307
336
4802
6190
1798
6801
690
1824
1765
3123
3494
7615
1631
3167
1048
2629
6202
6095
7484
2358
3584
6761
7011
6798
4419
5608
1773
5566
1576
4829
2881
6111
1336
1712
7835
2124
7511
5994
2956
5896
6152
5185
686
3916
2182
2358
1105
1402
5832
3287
3167
4017
1839
7405
5092
8046
5986
1726
2459
8048
4475
6434
7305
1664
729
6082
6587
797
5385
684
681
1581
7011
5514
2118
2024
4988
4726
1797
7697
2850
7492
857
7093
3986
1539
1989
8046
6635
3266
4542
109
4542
5892
2865
6271
46
3096
2214
2358
2956
6615
6831
2560
5350
2557
5374
6307
371
4957
6393
4712
698
3443
4735
1488
7583
204
2771
7031
643
5079
1453
1988
3186
3893
2737
7872
2854
5479
1760
7097
8023
4935
2465
1672
5928
5326
4094
4232
4950
5514
5739
8167
1856
138
5762
5664
5361
5920
434
6417
2423
6053
6590
4152
3572
2753
4925
820
1994
3167
2137
1664
3589
7227
1476
6733
6864
3225
3512
1118
5332
1048
5403
5149
4788
2934
2164
123
8075
7882
4571
7670
2024
6868
2533
2071
4049
4580
852
6735
2042
6198
1607
2242
1048
5896
2922
1453
109
5761
2948
5185
2894
2410
2951
169
7011
2369
158
6273
4353
7745
3077
28
4934
3304
5543
7333
2676
5112
802
3167
7180
4491
5051
228
5248
4881
744
5191
5290
5403
255
998
4492
522
8000
7031
7029
3224
328
906
6898
1476
7110
1350
1581
3153
6060
4065
3284
1076
7997
3636
5324
2679
698
5346
5375
3433
3642
3732
715
4708
568
920
1835
2252
6831
2002
3481
