0
0
0
11
4
0
0
0
9
0
0
1
1
1
0
0
0
5
0
0
0
9
0
4
0
0
2
0
0
0
0
0
0
0
0
0
0
0
0
0
0
0
0
0
0
0
0
0
0
0
0
0
0
1
0
1
0
0
0
0
0
0
0
0
2
0
2
0
0
0
0
0
0
0
0
0
0
0
1
0
0
1
0
1
0
0
0
0
0
0
0
0
0
0
0
0
4
1
0
0
0
0
0
0
22
0
0
3
3
6
0
0
0
0
0
1
2
1
0
4
2
0
5
0
0
2
1
1
1
1
1
0
1
0
4
0
0
0
0
0
0
3
0
0
1
0
0
0
0
0
0
0
0
0
1
0
0
0
0
1
0
0
1
0
0
2
0
0
0
0
0
1
4
0
0
0
0
1
0
0
0
0
0
0
0
0
0
0
0
3
0
9
0
0
0
0
0
0
0
0
0
0
0
0
13
10
6
1
5
4
27
1
3
4
3
2
1
22
0
3
1
11
0
2
1
5
0
0
0
2
0
1
0
0
0
0
0
0
0
0
2
0
0
0
0
0
1
0
0
0
0
0
0
11
0
0
4530
263
174
7207
6005
1057
6649
566
199
1130
6237
165
2167
6436
7911
7207
3405
6677
1776
3146
1613
4735
5704
1523
3386
1554
4830
915
2303
4569
2470
916
96
5078
6975
5205
710
295
3252
691
2500
4009
2713
5897
6068
2107
7489
2915
1556
2973
1803
7187
4990
4329
1288
3687
212
4786
650
2265
2494
5315
2161
4363
2038
5798
8160
7894
5834
5461
6492
1020
7371
1597
2280
3609
3092
580
6526
7846
6922
7143
4372
4932
5628
2951
2501
951
4017
4340
5326
6417
4813
1798
5766
8187
2597
593
5129
3004
7463
5671
3577
4214
2648
4493
4791
6083
7805
8025
3861
5494
2271
2916
4708
6977
5187
1042
1801
4852
2922
124
3980
4093
4950
2800
7590
3245
5012
6449
3586
4138
3933
795
3236
5951
7957
2152
4361
2411
5801
591
591
227
4630
3732
1824
3993
4310
7764
4355
5551
820
7706
6109
5419
3715
4224
4049
3060
6066
2942
3037
5226
6554
2092
712
1466
5405
8085
4788
4082
5862
4475
1291
6361
3847
7913
7389
4708
2121
6587
7090
4934
617
2346
1570
4812
4533
7171
960
541
1941
1677
3457
7243
7135
3233
1982
2464
1556
3557
2343
3576
4482
5363
2768
3167
2219
5373
1019
2415
1856
2122
3958
5100
5459
3604
6088
6806
4039
46
2676
1150
6089
3890
2103
6075
8094
1094
740
7110
7954
5794
6659
736
4856
3764
918
6136
6906
1924
8049
2493
6283
1549
6622
6689
528
3810
2375
6353
3036
5899
512
2015
1600
2358
1633
1947
3535
3167
1118
3196
3515
4214
8025
916
1989
3083
1000
3471
3385
474
5300
888
3933
7172
913
1521
7053
2621
6504
2576
8004
6765
3390
1469
6720
3186
7613
5042
4088
4950
4291
3158
5821
4089
23
5171
2308
8106
3396
1114
3597
7172
6435
6140
2826
2240
5264
366
3616
3565
3786
3184
6231
4771
2483
7149
3443
6810
7753
297
5482
2464
6761
4851
5970
1588
6645
7647
906
8023
2371
6035
735
3093
2336
7644
7723
3597
6536
844
1735
3061
426
2791
2826
3576
7209
5308
48
899
137
2576
4017
7816
4700
3795
1479
5118
109
4474
3007
3430
775
3554
6068
3710
522
7732
7207
8091
3124
4894
262
2095
3151
8171
1639
4033
4746
4858
7613
1830
123
6078
4017
5185
6276
5364
4957
7680
1631
4396
2635
4011
5696
752
8073
978
3392
165
2973
7149
72
3736
6171
7457
4936
7631
3405
7048
5666
4355
5896
1581
297
6020
7827
899
5567
1989
6484
194
7416
5517
7570
7803
4744
8133
7432
5350
7312
6198
1584
6642
7214
5159
2683
901
2180
1437
3457
1409
5558
3092
2405
2894
1989
4727
3911
2464
4672
8155
3901
7176
1319
998
4070
3463
8070
1008
3318
7304
7093
5627
2313
2917
1352
1623
2039
5712
6209
1444
6183
2070
7028
4103
7915
705
4700
3860
2634
201
4053
7289
3203
7577
3592
109
2047
5431
4420
1365
4783
1003
7785
7785
7727
7216
2735
6531
3936
6309
1521
793
7340
1680
1312
486
5514
1087
2562
2336
534
5629
6864
5970
4112
1320
5873
3078
6176
2053
7944
6434
3668
3159
5560
217
5335
7313
4273
2557
3093
1047
947
2286
3061
2021
332
7292
1691
7087
7255
5627
5896
2489
7882
2557
4295
2766
2024
1315
8001
4541
7383
8118
3433
7948
539
1479
2717
1382
367
1345
217
4688
1670
3617
5177
4111
3813
1819
7216
2095
1217
4375
4339
6253
2979
5868
4628
1857
2648
5111
1199
1940
5986
87
4005
6377
6035
6679
278
1254
6800
3812
5438
3163
2095
1817
7503
2161
4905
6660
4754
6353
7079
3271
8091
2418
7699
5173
2732
2793
718
4222
8017
4352
690
5589
913
2681
335
2401
5989
3206
3334
843
2733
5333
6622
1656
918
4764
7519
4236
2189
3879
2604
4594
7871
2365
4602
2244
5826
5077
7307
7052
1570
5105
640
3597
1940
6342
2724
2238
1809
6994
4486
173
550
3503
5203
776
4306
2989
458
3260
3634
6412
5057
215
1425
7820
4530
5510
3765
3196
3607
4127
4714
2389
2190
3203
3210
3424
309
8094
3460
5438
1382
1998
547
2579
912
1965
7292
6797
2987
7673
4619
6545
54
7872
450
366
61
5376
343
6741
6935
8004
4875
3358
6638
7601
1712
6413
1885
1141
7064
4764
42
4032
4024
4275
2057
3684
189
2004
657
7582
3883
4588
5468
4378
6363
4961
394
6843
7079
987
5264
618
7304
334
8039
4796
7482
440
672
2375
6219
4283
905
7261
6486
4724
820
6304
3911
3722
3308
6602
298
7207
527
2051
5738
6253
1732
7178
4395
6788
4154
3481
3165
870
2137
7598
7989
1029
2916
1790
604
5356
3373
1342
8001
4934
581
5731
7013
3148
1638
1550
4339
8094
1081
2177
7663
957
5620
7244
3085
2981
3196
2679
5672
1254
651
3457
3196
2374
5682
2560
6384
6906
6758
3768
6143
2405
1029
3433
5458
2249
633
4551
1200
775
5402
8191
5119
1656
3715
1127
3954
1015
5682
3002
3947
3347
5054
1564
6353
327
1248
4350
5750
7873
3597
5538
4580
2907
2421
731
4700
522
2013
123
5210
6583
5167
3096
8047
6533
5839
5012
6257
4150
298
5364
5290
4094
4979
3240
4774
7559
350
3755
2333
7441
7005
2972
2381
8056
5730
3487
2280
133
4325
4975
2557
936
958
4581
7056
1289
7559
1601
5263
5173
4294
4849
5422
3668
2402
6322
5970
492
8187
5343
5965
2543
1057
6020
3849
587
77
527
2932
7416
4027
3004
1639
6489
5717
1027
2597
6131
746
3652
5902
591
3778
7527
5682
4613
811
861
5368
4623
4732
5050
3878
5376
4984
2805
1733
3186
2127
1081
6692
5161
886
7039
3051
7329
5653
4497
6141
5402
689
1260
8127
7854
4311
7935
2461
4011
1913
8125
7854
3849
1453
5760
4385
5780
1520
7048
8094
91
3795
6372
6013
499
9
2271
7852
5780
4960
7977
3230
5810
3849
3385
2510
1932
7648
4225
5244
851
2892
7822
1028
1941
4136
4967
3666
3608
3995
3117
3055
4822
3044
4489
3503
4788
7645
7702
