0
0
0
6
8
0
0
1
11
0
0
1
1
0
0
0
1
3
0
0
0
10
0
0
0
0
2
4
0
0
2
0
0
0
0
0
0
0
0
0
0
0
0
0
0
0
0
0
0
0
0
0
0
0
0
2
0
0
0
0
0
0
0
0
2
0
2
0
0
1
0
0
0
1
0
0
0
0
0
0
1
0
0
0
0
0
0
0
0
0
0
0
0
0
0
1
6
1
0
0
0
0
0
0
23
0
0
4
2
5
0
0
0
0
0
3
2
2
0
1
3
0
6
2
0
1
3
0
1
0
2
1
0
1
1
1
0
0
0
0
0
0
0
0
1
1
0
2
0
0
1
0
0
0
1
0
0
0
0
0
1
0
2
0
1
0
0
0
0
0
0
0
2
0
0
0
0
0
0
0
0
0
0
0
1
0
2
0
0
4
0
9
0
0
0
0
0
0
0
0
0
0
0
0
12
7
8
8
8
0
28
1
0
1
6
2
3
27
0
1
1
12
1
2
1
1
0
0
0
1
0
0
0
1
0
0
0
0
0
0
2
0
0
0
0
0
0
0
0
0
0
0
0
10
0
0
3490
2854
2916
4202
5596
5077
1242
6069
7716
4732
5915
7699
421
4011
5073
6417
3660
348
6980
5682
5608
6380
6924
2762
6915
2984
7577
48
2530
5614
8173
6827
8103
4921
4017
5160
5398
5779
5324
2525
3078
4103
3858
3481
3916
1770
606
5456
6851
649
7418
2780
1395
657
3565
2994
7326
7085
496
3241
985
4579
6164
2916
2793
5743
925
2285
3046
1759
6902
8160
5566
1565
6553
2801
4580
3594
6737
1021
5547
6082
1466
5402
320
3589
7753
7887
566
2303
5157
2186
4293
2303
3058
5077
8006
5655
2533
778
2583
934
227
5024
280
90
6089
3050
2204
5343
3487
325
4119
1075
421
4896
7942
7665
1589
7207
1362
2459
2489
2016
4027
1048
1954
3686
7006
4011
994
963
3585
5928
4596
4820
1949
6714
6469
5749
6478
6884
4718
3390
3071
4735
1852
3927
7177
7592
1767
2254
2280
4329
4950
3106
3728
4887
1049
209
3682
8011
2463
7752
4521
411
2106
1234
2464
5226
5964
6442
2024
614
6626
4317
5664
3571
6847
2252
6925
1767
3153
649
1415
978
3682
6038
1533
2358
3607
1822
531
1579
2214
4017
797
7149
3295
3135
3614
4707
1483
1856
3989
3432
2118
6262
460
3551
5398
6827
778
3096
492
320
7816
3047
1917
3153
4293
5433
5705
2358
7823
3886
4542
5896
5403
205
4922
4187
2349
2269
2255
4880
8092
2679
542
8160
255
1550
7269
4643
5232
6141
4211
3162
534
6078
143
1217
6548
4293
4914
4004
7011
6635
5664
683
2489
8078
1614
8061
7475
6219
2224
5984
330
2558
1281
5532
6166
7796
3469
5688
3240
332
1241
1522
3390
4164
383
320
5350
747
6824
47
5682
1356
7011
6321
3742
1402
4272
4517
4410
7560
2810
1326
7329
2384
1246
2606
6694
7355
5020
3186
1020
484
4421
6978
2343
4718
263
7913
1979
6124
1453
1965
7223
5165
2219
3109
5269
7747
426
5678
753
6521
1474
3155
2697
6088
3813
849
5362
4336
1769
1566
369
1864
3047
536
1672
1866
8094
1173
4491
857
5566
6818
6124
6544
5459
516
6783
3566
784
2178
1823
1319
5545
1030
6450
3960
3597
6923
3543
5430
1733
1971
3732
3346
1473
2934
1155
1024
3534
1038
2784
3433
2483
6271
4950
2405
4127
7107
1700
197
504
229
4170
2219
6253
1512
5708
5273
4169
4051
3216
2130
4778
722
5332
6882
3986
2777
4139
1353
4017
753
6405
4329
5242
4718
4053
3443
6936
6555
3710
6121
2379
1466
539
1350
7997
2127
806
2536
3535
5047
6261
7389
5092
1220
8187
1245
4639
3851
5143
6000
2358
4950
2464
3443
575
5594
5589
6172
1661
7869
1422
1895
5162
7149
4990
550
3536
7227
5790
206
4096
7308
896
5744
1748
3664
797
8048
5175
3291
5706
5873
7078
7823
4482
3167
747
372
4807
5203
4875
4859
2300
6551
4606
4634
4047
6397
1810
2972
5308
5337
5825
99
8035
1849
5629
2558
2124
680
7
1311
960
4887
2308
5821
4119
48
7384
2728
7325
2432
7499
6219
784
7058
2155
3899
2693
1482
7208
3674
6613
7966
735
5757
4313
1965
7844
6990
4340
3117
4594
2309
7294
857
6438
1698
8148
3492
4955
3240
4202
4807
1848
267
1499
4366
4048
2081
3407
8162
2890
4347
1503
4538
7732
4131
584
1057
7613
1613
531
5871
6465
1593
725
3358
5079
5279
4239
7868
5623
3542
7258
1944
2030
2311
1815
1848
303
3869
5812
1785
5368
5044
2561
5570
406
2619
463
5013
3834
1944
3847
4887
5118
6503
3444
2661
6552
7823
7613
5303
4722
920
5778
5403
7995
4151
6516
6694
2313
387
4145
1470
927
3062
4405
453
7298
7528
4253
1593
109
3153
2405
5176
460
600
24
2995
7915
5332
39
6983
1978
369
6510
1769
7867
5754
246
8005
1324
5303
4610
3324
5028
2153
6033
7934
5662
180
4207
1472
5682
138
3741
3901
2916
411
1768
3654
4074
960
3755
1760
2464
5514
3120
6989
4729
5248
1103
697
7362
4230
6274
8134
7689
8030
2252
4491
7011
3551
763
4153
1331
7665
4937
1613
1024
1076
5494
2006
2663
7497
227
3174
2080
4950
7209
3740
1613
1971
5220
2833
860
6256
7028
7592
6276
6000
4482
5975
4482
5619
6635
8040
7190
4055
5920
1472
1075
3712
255
6253
2622
4197
369
2459
4521
2092
3623
1842
3577
5896
1954
811
3458
6649
1430
5993
899
2608
5398
4926
4700
6329
3240
4293
3816
1997
2544
1217
3741
2560
6124
4150
310
900
615
4851
1584
4580
7012
913
8105
254
4375
3121
1048
5129
1414
1835
764
2633
7539
4851
2429
6308
6395
4703
3600
5477
8191
2679
2080
764
5013
899
1213
5516
5545
2303
7882
5116
1824
1017
6237
2813
6075
6438
2002
3153
845
382
912
2296
5762
2421
2907
5403
3443
7234
4216
7234
531
3240
1736
6923
3098
8092
1620
5743
3320
6131
4482
2868
3350
1739
1409
2327
1672
4605
1989
4735
6447
5512
1234
1698
5276
7584
7491
255
7582
7882
6454
7613
3504
2541
4545
1951
7059
8092
4017
3257
7781
98
1473
2907
7665
5279
3290
2905
3571
3732
797
7827
1129
1217
4017
4312
1434
6583
7639
3741
3240
5921
5734
5398
4448
156
5653
7401
2137
2496
3006
1253
2934
3158
2478
320
3740
3186
297
1852
6259
288
5748
4571
7755
5160
6438
764
5191
3740
227
2898
1046
30
7755
39
8092
2676
5427
4574
2131
841
3909
7141
6447
7056
7292
4089
5332
1971
1075
4482
6124
2285
6830
5176
6307
6976
109
5514
2907
7389
5248
460
4220
2418
3346
48
6475
2525
3326
4007
1842
5390
7595
1621
2405
7692
4095
592
7722
2741
4921
6438
1020
2280
2737
7269
705
6004
2260
5129
6950
109
5896
1003
4345
6850
2271
7013
3230
2283
6571
2405
5390
5096
778
5447
7582
3347
4878
4867
7915
1057
5326
4140
7755
2967
5682
2894
7995
6926
4866
2648
2654
6818
1048
1830
2854
4651
1672
6258
7451
1944
6562
899
7753
999
6222
7700
3610
4216
1413
4441
