0
0
0
9
4
0
0
2
11
0
0
0
0
1
0
0
1
5
0
0
0
11
0
2
0
0
2
2
0
0
0
0
0
0
0
0
0
0
0
0
0
0
0
0
0
0
0
0
0
0
0
0
0
0
0
2
0
2
0
0
0
0
0
0
4
0
0
0
0
0
0
0
0
0
0
0
1
0
3
0
0
0
1
0
1
0
0
0
0
0
0
0
0
0
0
3
10
0
0
0
0
0
0
0
30
0
0
10
8
8
0
0
0
0
0
4
1
0
1
4
0
1
7
0
0
4
0
0
0
0
0
0
3
0
2
0
0
0
0
0
0
0
0
0
1
0
0
0
1
1
0
0
0
0
0
0
0
0
0
0
0
1
2
0
0
0
0
0
0
0
0
0
1
0
1
0
0
0
0
0
0
0
0
1
0
0
1
0
0
2
0
5
0
0
0
0
0
0
0
0
0
0
0
0
10
2
7
3
2
0
35
5
3
1
3
1
0
35
0
1
0
10
0
2
0
2
1
0
0
1
1
2
0
0
0
0
0
0
0
0
0
0
0
0
0
0
0
0
0
0
0
0
0
10
0
0
1105
6828
2927
6923
211
3455
1331
960
3586
6053
7872
4341
1892
4894
7689
90
1990
2949
5779
481
4916
1576
6818
1595
6227
5594
4233
2465
4950
2483
2193
7570
2137
4934
7166
5276
6000
6065
4207
4718
4857
6598
4475
7911
1231
6384
5428
2080
1280
568
4475
418
4644
3326
3051
740
46
5475
6104
1523
4618
8160
3464
1253
4628
2671
4291
3186
7524
4651
3402
6215
7207
5833
1025
122
5517
6553
96
6447
109
5536
215
6417
7582
2736
1631
2219
3322
411
1664
2986
4763
2533
825
4735
5623
705
4851
4152
2988
3810
4858
217
5272
3162
3263
2825
1934
6417
6271
2678
4712
631
390
2736
559
2773
5292
3888
2229
1204
7806
4609
4718
7484
1576
414
3741
6892
3224
4569
3542
4293
2340
4770
587
503
2806
536
2938
480
4291
5921
5436
3068
46
3747
4341
3225
2499
297
96
7299
4442
916
5403
1129
3765
4867
1523
117
6393
2796
3071
7506
305
6679
2278
3151
5311
7075
3919
3590
1946
6530
217
2907
4950
4920
5778
2676
6417
1
1863
4412
3911
7384
3010
2856
4522
4892
6384
8135
5079
7419
5599
587
2795
4805
1042
5694
7569
806
2498
6479
3870
5065
4636
411
7011
7872
3542
7872
6053
3240
6828
7178
5322
201
2411
410
1774
2080
450
4259
1234
4295
2002
3919
2366
3233
8073
7795
6297
3666
5210
373
4280
3532
1078
2464
740
8030
3702
3322
7887
1600
3716
1584
6075
7134
6804
2228
7881
491
2164
7482
1971
7384
491
539
405
3177
910
6000
501
2836
2892
5644
2607
6063
1207
255
1988
4399
2586
4835
4835
1037
2649
7722
6411
3699
3992
6078
1768
6934
4851
5909
6310
5576
7849
7115
7804
3849
6016
421
998
4017
2127
2327
5732
6159
694
4237
4361
6104
2676
5288
1948
4670
1774
8025
6253
3947
3851
4362
7721
3347
2938
8040
6469
3352
905
1088
6179
4036
2112
444
2868
999
3678
1352
3003
5325
2948
2907
3504
778
390
5113
6186
7451
1774
2851
3676
7029
2796
6791
797
5259
1241
109
3153
901
4990
882
229
1164
4796
7543
3132
432
2591
1289
7311
996
1614
5185
255
4532
5903
671
1948
5282
6384
6635
6788
591
3600
5077
1776
6020
6415
1581
7415
3578
4391
6120
7744
6983
2082
34
1367
1635
102
1589
5688
2810
4
3421
1976
76
6564
4958
6089
5643
7453
421
2678
1821
1836
472
7615
425
2411
1453
4856
7602
4677
38
6149
6812
4805
3980
6560
5047
2277
1851
5984
5255
3177
4987
7898
5976
4033
6235
402
8127
1550
1822
45
4580
6827
4594
5997
5279
921
3232
4361
1774
1042
5442
4409
3839
1426
5344
2838
2549
3411
2789
8125
6392
1692
8091
799
1885
2177
2813
3302
7848
406
3682
3777
7867
39
811
491
811
6258
7301
6035
6635
559
189
2439
3807
7560
5722
957
1685
4696
2375
879
6691
598
2229
2801
1876
6403
2805
7499
2561
2065
5034
7101
684
7995
7755
7518
531
4379
7451
5447
7451
4955
7940
45
8125
4131
1428
1463
6806
8047
395
1872
5998
3741
860
547
2384
738
1514
3132
130
131
8162
7881
7291
434
1621
3044
7086
6089
7940
2343
5801
390
7391
4609
2772
6267
6083
3676
2923
8060
3682
3851
4700
2229
4593
4019
8118
7811
5833
8118
5824
1130
1136
7656
7499
836
4797
4936
2934
825
6384
4233
825
2441
568
5521
7577
5343
7295
7219
4079
361
5751
1677
2363
2286
1623
5983
1213
5000
6262
7207
3933
4793
8003
4497
665
7738
4019
7010
3258
1440
5314
1559
2832
6427
4442
2285
4207
6384
1678
6210
716
8187
3085
936
6022
7702
1714
7767
7803
2110
8092
5821
746
4858
7585
2015
3244
6453
4032
2667
2000
5375
5739
5430
6926
921
1746
7006
7666
384
649
5677
7285
2545
2929
3506
4051
5708
6732
4199
7319
998
811
5750
5896
1584
2161
3179
8017
7542
2637
2532
98
4426
1620
5739
1615
5629
7180
6997
2415
5720
450
4233
7463
4967
5201
6758
479
367
60
963
4310
747
1011
5672
109
6594
7426
1924
8052
5105
691
5427
4255
3084
4005
5687
4099
2578
6066
6472
591
4670
1021
3712
1010
5827
5926
1656
5696
1495
1495
6918
7221
2429
4174
6419
2252
1597
2336
7747
537
1229
3253
4796
6417
5998
7638
8010
1343
486
4224
2533
3220
361
7868
2856
7816
6457
2892
3324
5362
7030
1555
3428
5732
3980
2110
1463
310
978
2753
6968
2299
7108
2934
7269
1048
5945
7289
6560
2579
2533
5129
6258
7049
1544
6020
4689
5279
5173
1319
6831
4722
4251
6955
6600
1396
4467
2235
3736
3472
2178
738
4489
7966
4719
7312
6761
1830
390
4340
7631
1684
574
2482
7967
600
4521
7827
698
7294
1105
4830
372
7570
6966
7537
7176
5344
8152
5708
2508
1382
5310
6415
4607
5303
3172
3428
1452
2030
2271
649
8122
4345
5000
678
6868
4038
4809
1308
4628
6781
7221
5737
8160
6070
5771
2476
4990
7897
7629
7702
3507
1964
1810
3000
5472
2117
5059
1615
4143
2066
3389
1789
4729
3695
3510
1935
7529
5756
421
1680
6427
606
1550
5874
7011
1331
7538
5557
3055
3000
3597
6144
6270
5047
547
4953
5154
4030
6211
2008
4270
6089
4190
126
4056
2675
6262
5684
7491
6384
2894
2459
2860
1896
4651
5403
7384
2377
7221
4159
7710
7107
7881
5603
4111
1418
6459
6665
6219
1871
4624
1962
1550
3096
2916
778
6973
389
2907
5629
5701
7190
2464
4017
283
7420
5482
4634
2494
5209
2819
6256
7655
270
99
7375
568
5054
7375
1824
7649
1342
2383
783
1965
6831
899
7468
1356
6737
1989
7785
2679
5801
4089
4011
6393
4644
3196
783
4707
5778
2962
6623
926
8092
2260
4634
2825
4914
215
2679
5430
5644
3121
7670
6824
7063
6384
559
7788
1595
5778
6041
7143
98
7445
4155
7235
1075
1217
5514
5482
568
5997
2041
1620
4491
5876
6935
3493
522
6384
1105
4152
2745
4035
3188
5469
747
