0
0
0
10
1
0
0
2
10
2
0
1
1
0
0
0
0
6
0
0
0
11
0
1
0
0
0
2
0
0
0
0
0
0
0
0
0
0
0
0
0
0
0
0
0
0
0
0
0
0
0
0
0
0
2
0
1
1
0
0
0
0
0
0
3
0
0
0
0
0
0
1
0
0
0
0
1
0
1
0
1
0
0
0
0
0
0
0
0
1
0
0
0
0
0
1
8
1
0
0
0
0
0
0
24
1
0
8
8
4
0
0
0
0
0
2
0
0
2
3
1
2
7
0
0
5
0
0
0
1
0
0
3
1
0
0
1
0
1
0
0
0
0
0
0
0
0
0
0
1
0
1
0
0
0
1
0
0
0
0
0
1
0
1
0
0
1
0
0
1
0
0
3
0
0
3
0
0
0
0
2
0
0
1
0
0
0
0
0
1
0
7
0
0
0
0
0
0
0
0
0
0
0
0
9
8
11
8
5
1
30
2
4
6
2
0
3
31
0
2
0
11
0
1
0
3
0
0
0
1
0
0
0
0
0
0
0
0
0
0
1
0
0
0
0
0
0
0
0
0
0
0
0
10
0
0
740
3572
7570
1105
2137
46
2325
1576
3326
4892
6827
3687
2553
5171
7570
4238
414
7901
6553
4237
5112
6510
4094
7209
5247
1395
331
7956
1709
783
2676
5048
4491
2410
2002
3740
1949
7413
1333
1544
1989
8135
4877
3060
2303
1970
1331
1595
4291
2796
4578
307
5896
5077
4202
7119
7507
3096
6307
4194
8073
2202
5403
1048
4482
1733
951
4881
4596
5177
2051
3386
1281
4933
2224
6122
7777
5808
4647
2796
7461
5542
2629
3184
852
5376
2410
6422
1964
6281
1494
2679
2441
3352
4322
960
1129
5739
5531
1740
7806
3542
2676
7468
2202
6818
8132
5433
1941
7419
2676
2558
783
4644
6447
7049
568
2662
7784
6553
5343
45
109
3153
7592
6548
7940
4522
361
7256
4375
1425
8187
3740
960
591
7451
2405
7258
6915
2489
7940
2285
7389
2405
2080
2411
4712
3477
1824
2465
4207
3240
5537
1544
2907
8135
5619
6384
5214
4236
5376
4809
5432
1989
7415
4214
1550
2916
48
3077
5040
7583
2974
2916
1105
1776
3121
1237
3741
2285
6082
5536
4478
682
5020
3158
7592
3477
202
5129
1787
1118
2136
4955
1789
3668
3732
6544
2411
255
646
4859
7489
6184
694
1642
2285
6227
2242
615
5874
7596
6053
3600
4478
5714
4290
3911
2463
3240
202
202
4341
4609
2339
1417
3005
3776
5313
1211
6838
3974
1457
2095
4108
6205
1203
4128
7733
2629
4708
8065
4007
4017
1824
1824
6306
5324
4575
4413
4146
7940
202
2533
6481
1129
297
1613
2392
1018
5570
7935
1691
817
3150
4409
7944
367
6413
4208
3833
6212
7443
4053
4867
3291
109
2271
1595
1944
3207
1776
2796
1787
5279
7673
1620
280
7940
6820
2907
7195
971
5054
4807
2930
2418
6246
2833
1506
4610
2236
506
7257
1712
2609
6789
2376
3389
4914
2080
1664
4207
1821
5024
6510
4312
1425
2773
5579
425
6041
797
1576
5121
4147
2412
1459
843
5164
2681
4389
8010
5460
7734
4347
5346
5885
2053
1712
4423
283
5013
5412
4312
2464
1576
1155
5997
575
4651
649
6735
7722
1452
982
3151
7130
823
5684
1416
4928
2247
3445
7203
3497
2169
5012
4486
570
3828
3945
4394
597
390
6761
5077
1620
6041
390
5997
1824
3959
727
5398
3490
7876
6564
5047
5303
6643
5971
7886
7766
4895
7279
6758
6268
2235
735
1805
6235
6199
2747
1724
5326
6588
6791
591
4202
2938
4878
5874
5778
7673
6307
2558
3791
7035
8049
7107
1203
4425
7717
7244
1911
7623
522
1597
240
6518
2977
7137
2014
3627
1039
7466
1848
5950
5120
7511
5926
420
5891
1776
4202
6053
4427
1474
2667
2417
3956
4724
240
1422
1324
2277
7496
3191
7861
5210
4692
3460
1191
5009
4999
2493
5596
4574
5368
6538
5713
5696
5757
7067
6145
843
6447
215
3230
3433
6489
3457
6294
3966
710
5621
7739
8118
133
6076
1430
7234
7210
8133
218
3233
1136
1656
4936
2923
5832
1095
6353
5709
5943
2498
2653
6394
3888
7419
5127
2986
4146
1550
1241
2554
7995
1390
6300
5570
141
4374
3299
4758
5396
7409
3791
6848
78
2850
3983
7457
4154
887
4366
4272
5356
4570
6605
719
2940
3120
531
4735
7451
2533
4340
6791
791
3636
4401
4855
7161
2571
5105
5246
2671
2881
7815
5771
8118
3161
7436
4875
1114
6136
7067
515
1479
5376
8135
7305
7410
6209
531
6053
6508
2130
1029
1824
7666
5706
5608
7861
5095
6925
7214
2219
6565
1593
6931
6780
6719
2777
3834
2738
7814
5487
1924
72
6932
2993
5870
4220
6691
3566
4950
7615
6681
1020
5896
2916
3240
2343
472
4095
6474
7493
4387
2429
2741
5998
3291
854
5274
3888
3266
5993
5265
4085
7414
6076
1430
4497
4486
10
3233
4621
744
5902
5073
1087
255
783
825
959
5654
4615
994
747
1428
5248
320
4160
7823
7012
7545
1593
2252
3271
4377
2957
5405
7426
1210
3848
3719
6688
1310
4735
109
5975
1522
1217
744
1155
5119
4037
4489
5608
6035
5419
4285
2483
3667
4955
3600
5129
2325
2257
746
2558
1760
2042
7827
6841
4279
3790
4207
2934
3004
5290
1129
6553
5576
7393
201
2354
5993
5077
395
4888
3487
7442
4359
4017
7167
5279
960
5594
7967
3098
1285
5514
7048
7432
4621
3819
702
1129
1565
4644
7901
2219
1672
3004
1279
1765
6989
7497
6265
3051
2002
2284
832
5259
1062
2076
7064
2533
2217
7493
6303
1488
4202
4600
507
5365
6648
5495
2464
2252
3741
2441
592
1821
2676
6117
5171
2686
3716
2860
556
6450
8064
5945
7570
5000
2519
845
3445
4477
2907
1988
4950
7151
2907
1523
3191
2753
1798
2558
4242
2995
2316
138
2676
4293
1550
2271
5024
1917
7048
421
921
4900
1076
3300
1075
2679
6380
255
3682
680
568
2464
6089
635
1798
2405
6361
5419
4062
4140
3078
4232
36
1483
460
5902
109
4944
7110
7070
1028
320
1748
4926
6116
1686
333
6829
2358
255
2080
2465
6677
46
2405
5997
2470
55
1926
1989
6437
1118
4129
4796
48
6164
5165
7868
5332
4011
2489
184
758
8047
2271
1057
4849
2665
227
3769
4242
2405
6656
4274
5129
7229
3196
8023
7143
7855
2647
6824
7995
5048
7650
1217
5567
2308
591
4291
4578
7011
916
123
3274
6253
1584
4600
3120
4881
4729
5766
6265
7011
7093
3196
7781
7143
4800
6937
7190
2062
684
109
3433
434
4294
169
672
4609
4735
7942
6761
8160
6437
1319
7795
7227
6583
4372
3386
3320
5248
2501
5250
5997
4232
2459
1217
5982
2343
8025
2377
4526
7520
5398
744
7921
5739
5276
3847
568
1988
2613
7122
785
1320
5829
7303
2916
6735
6932
1767
2951
2663
1124
7918
4685
5266
1767
1988
7011
2629
1787
7752
61
5998
1494
1917
7180
3245
7059
1613
5403
5833
5843
1956
7886
3676
5185
4570
7571
2377
6980
3224
2464
1841
3966
4934
2907
508
614
6210
4361
2051
6503
5350
933
3475
1155
3924
1660
1234
1009
2894
1965
4934
5129
