0
0
0
9
4
0
0
2
10
2
0
0
0
0
0
0
1
5
0
1
0
13
0
3
0
0
3
1
0
0
0
2
0
0
0
0
0
0
0
0
0
0
0
0
0
0
0
0
0
0
0
0
0
0
1
2
0
1
0
0
0
0
0
0
2
0
2
1
0
0
0
3
0
0
0
0
0
0
0
0
0
0
1
0
0
1
0
0
0
0
0
0
0
0
0
0
12
1
0
0
0
0
0
0
19
1
0
6
4
4
0
0
0
0
0
1
4
0
0
4
0
0
7
1
0
1
1
0
0
0
0
0
0
0
3
0
0
0
1
0
0
0
0
0
1
2
0
2
0
1
0
0
0
1
0
0
0
0
0
0
0
0
1
1
0
0
0
0
2
0
0
0
2
0
0
0
0
0
0
0
0
0
0
0
0
0
1
0
0
4
0
9
0
0
2
0
0
1
0
0
0
0
0
0
10
7
10
3
2
0
27
3
0
2
2
3
1
30
0
2
2
10
1
1
0
1
0
0
0
1
1
2
0
0
0
0
0
0
0
0
0
0
0
0
0
0
0
0
0
0
0
0
0
10
0
0
4504
6279
3783
1672
5928
960
7673
2465
3260
6954
4950
4256
4542
2679
4950
2522
7059
1739
5779
5576
4670
2325
2252
2343
783
4225
1255
6515
3385
2283
643
4340
4613
1308
3290
7940
4920
6828
2418
4950
4082
5343
3220
7223
83
4580
3806
6989
4526
4264
5077
7380
4878
3589
1075
5536
4619
4994
4797
2183
3481
3959
6656
6827
6320
5171
5129
7967
4858
2894
3167
4491
3358
4214
6245
4341
4074
4644
8058
2015
5398
4830
979
797
6441
2225
170
604
1656
2276
954
7692
5689
8186
2164
7828
7679
2303
3862
1308
5403
4478
3153
335
7545
3741
7940
4175
1411
4712
7391
1200
5403
3358
4914
1049
3702
1453
5272
5224
6788
2482
7910
2372
1071
3346
5688
5487
5332
3897
4950
4796
7997
1593
5232
466
3220
7229
5779
5470
3095
2285
2343
3252
7357
6041
4018
5680
3942
425
5326
7484
3631
2080
5066
886
6753
4333
2710
3634
4139
5470
7190
5282
1424
3001
2533
8143
5594
5129
6639
3389
7851
1821
4739
4326
7755
418
3443
39
575
348
4018
5660
1809
1776
14
2260
5223
6386
2583
4125
7488
5209
4955
2657
425
6384
1565
4718
7063
7569
375
7371
649
5254
1023
3888
7777
3196
2650
6831
327
7151
2995
2394
4754
87
421
1824
1613
5972
7654
8059
6788
2658
6907
7605
4797
1593
7849
2531
7967
5947
4640
6027
472
2136
1565
6437
7716
5906
3200
3430
4171
4940
453
1850
2653
1085
7127
4303
2610
5482
5986
1449
7897
628
512
7462
537
738
1127
1235
9
7811
1210
4680
6089
6386
1433
38
4758
7305
5976
1637
3330
4124
8162
758
788
1656
1633
5063
5107
1488
4079
3392
4660
4037
4292
8066
1810
3700
2795
1173
933
7966
4385
978
6552
5272
5458
2300
7169
7747
1260
3367
2460
6569
5168
8010
3028
4839
1726
3773
6997
4708
1944
3729
125
7466
471
6110
3608
6369
1768
3153
2597
7244
7732
8066
4442
2507
5113
2604
1817
7524
7138
689
2238
2112
3805
6183
7232
4431
1159
5028
7957
3320
7258
568
1314
8069
6076
1661
5704
3162
5403
3793
4926
3706
4581
5620
5661
6635
7647
1334
6551
7466
2868
4129
899
7011
4400
6802
7918
420
6788
5872
3896
1732
6660
7258
710
2929
1076
4735
8092
5833
573
5012
6795
2925
7252
2439
1279
1425
5703
5757
487
843
3515
3249
6303
2868
6948
5762
3245
4339
4719
5589
3968
3601
4694
47
3611
4283
5599
1344
5113
1954
4543
4124
3044
3969
2799
2430
2766
425
3378
648
7760
3191
2538
7058
297
3795
1003
6327
5707
4268
4511
4516
7710
5829
8187
5277
7206
263
1485
7995
4232
109
4011
3510
2379
5766
5839
5468
2384
5798
1530
7311
6623
5176
7543
550
5168
5576
4280
2327
773
3768
240
8017
5583
7451
6677
626
6035
335
1300
6810
6863
2103
6768
7902
6437
3265
2795
6249
4349
2898
3005
547
5589
4147
4560
1426
6065
5975
1980
4588
2425
1321
2536
5203
3192
1425
3741
6481
5717
292
1200
7976
7584
7038
6087
7723
7638
2161
726
4984
5709
6935
3101
784
87
5372
8162
6999
6144
7418
2613
4289
1406
7315
1109
4317
3542
6791
2855
4644
689
587
4387
7811
1234
1365
5133
2240
1220
5709
752
3410
3233
1050
5301
4209
1810
7611
4145
2169
6063
2308
4019
4457
2924
3392
3394
5288
5619
340
6510
2736
7489
1556
4347
2607
5492
2127
7499
4476
8174
2371
5016
3264
4385
4796
2381
6453
3000
1299
3060
5718
5300
328
6889
2536
6603
6791
45
1075
4647
5537
4207
4575
1418
4598
7241
3925
2766
7176
5708
4215
2428
3663
2746
3888
7739
6437
1585
2612
4996
1700
1247
762
6025
5803
3849
1322
4512
4914
3068
472
4326
1794
5874
3816
5732
4178
5298
4409
3765
1935
5303
1848
2905
1523
3625
4233
6977
7617
1581
1051
5553
3435
7592
3597
4549
1033
1200
1322
8048
5113
3687
2678
7389
5608
4644
591
3469
6828
6392
547
4805
7119
6190
5016
5619
1739
6677
3635
5950
2379
1871
5915
6458
3229
8116
4852
6195
7351
7219
3538
4239
7484
4480
897
1312
1281
591
4569
7717
2796
5926
4409
6171
8047
7473
2973
825
5701
4670
5198
5241
1372
7893
3598
7188
7307
4079
6553
6945
393
1579
3402
5744
6058
7967
6818
7615
7527
2192
2066
1790
6447
96
680
6719
4595
3717
3504
4841
4233
2799
2207
936
4187
7134
3096
3645
2207
1942
4214
6799
3188
4341
6818
5019
4554
1050
4609
5542
5104
6384
7670
6869
3585
5874
5599
4714
2276
2934
6677
5664
7796
5655
4822
6919
7315
2235
7592
4987
6923
1593
5576
2080
6481
6472
2684
4664
1075
5477
5079
7670
348
1864
4103
2773
5099
6441
729
3816
5664
5272
4239
2359
6552
2066
177
4309
3061
4793
6366
6675
1157
6799
6104
277
4644
3166
5283
3572
5288
7596
4101
4784
4605
3741
390
7871
6743
1857
7828
6252
4641
7217
721
657
90
3959
4475
2834
1874
7283
6216
513
5037
2796
5805
825
8078
6038
202
7131
3686
3585
6588
3600
5756
7691
5283
2361
2835
5779
5232
1690
450
411
1075
900
3551
6730
4442
4809
4271
5886
5428
6659
7684
3291
411
1787
2513
8186
7013
7591
5731
772
4652
5433
1311
2630
1331
4009
7790
8159
403
450
4554
2676
7265
7148
1750
5314
1948
4572
5507
4319
6818
6799
3188
4892
5909
5650
778
3592
4202
6009
2499
4722
1270
255
340
2771
4569
2808
1070
5140
7285
3542
2679
1284
2525
6562
1565
4341
3153
6659
5120
428
5249
4270
2610
5326
4346
4788
6791
5794
7871
797
4236
348
2939
340
6709
2986
600
4146
2453
4355
1493
4652
757
2271
4698
340
1672
289
2573
6868
5631
835
2773
7505
4921
7592
2458
7391
6954
793
7405
121
4120
907
931
4475
7798
1736
1808
6002
7160
6935
3045
4112
7670
3526
4809
3806
5482
5801
7190
1864
4202
7198
4018
2938
921
3816
8
3823
45
7015
4317
896
5653
4835
4880
1978
4830
4297
7042
