0
0
0
10
4
0
0
2
9
0
0
0
2
0
0
0
0
5
0
1
0
9
0
1
0
0
3
2
0
0
1
0
0
0
0
0
0
0
0
0
0
0
0
0
0
0
0
0
0
0
0
0
0
0
0
1
0
1
0
0
0
1
0
0
1
0
0
0
0
0
0
0
0
0
0
0
0
0
0
0
0
0
1
0
0
0
0
0
0
0
0
0
0
0
0
0
7
0
0
0
0
0
0
0
26
0
0
5
7
8
0
0
0
0
0
2
3
0
0
4
3
0
9
1
0
2
2
0
0
1
0
0
1
0
1
0
0
0
0
0
0
0
0
0
1
2
0
1
2
1
0
0
0
0
1
0
0
0
0
1
0
1
0
0
0
0
0
0
0
0
0
0
3
0
0
0
0
1
0
0
0
0
0
0
0
0
0
0
0
2
0
10
0
0
0
0
0
0
0
0
0
0
0
0
12
7
12
3
3
0
29
2
1
3
3
2
0
25
0
0
0
11
1
1
0
0
0
0
0
1
0
0
0
0
0
0
0
0
0
0
0
0
0
0
0
0
0
0
0
0
0
0
0
10
0
0
3077
1607
5019
5504
3475
6259
1073
137
6393
3212
6116
2459
1733
6632
5899
7146
3443
8000
369
5077
7816
2650
1522
845
3320
6642
1073
7679
7642
6791
1087
3504
5629
1395
8047
1071
6791
3004
4533
7926
783
7070
3762
591
7913
3271
695
4835
5430
8092
3650
5403
4796
1094
3037
1473
6255
5724
2516
2051
7965
1919
2489
7453
3598
3953
6733
3686
4525
7995
7304
4609
5185
3721
390
4569
731
3651
2995
6831
255
5226
4352
6565
5513
7256
5398
3176
7028
1778
248
3995
4290
2854
3326
899
1740
3485
4984
3740
1466
6996
675
6262
7872
7190
2219
4194
6720
1833
3037
3862
2512
3732
6361
4578
507
3288
1569
3433
109
3631
1661
2635
2780
7048
675
5077
1830
1539
2006
2780
7913
5095
3186
2104
2261
7716
3483
6303
5896
249
3224
2271
5608
403
7491
4345
4545
4963
3358
5332
7154
4202
2184
3055
4634
7755
5092
639
4491
5232
4580
1472
3346
3085
683
3577
421
3716
6437
1988
740
6927
7723
6824
7596
2152
6498
3924
2238
4100
1589
6263
4291
5886
4867
4361
1954
3162
5282
4878
1083
6139
5874
5530
3765
7442
34
5975
8023
212
4482
3177
1561
3934
4264
6124
450
4264
3933
4623
256
6851
3710
4326
1075
7613
2861
4080
2690
5402
34
1057
7901
7591
46
4710
6824
3347
5762
2675
7
2671
3259
2309
7844
3428
6174
4194
7640
5911
7110
3077
491
4499
3959
6454
4670
348
4016
2137
209
248
5350
683
6053
7613
5220
392
2894
109
1733
2464
4880
7011
5405
7593
4293
6586
2065
3273
7051
5566
5363
6335
39
6195
5129
5275
3240
2339
4018
6170
3477
2405
2379
7625
202
7545
2629
7012
1979
7722
3121
7915
1217
1733
2501
2418
3561
7276
7307
1935
4420
6436
4100
5920
229
7113
643
4419
2361
7350
3123
7545
3358
5290
5024
2662
1011
7424
1830
4011
4858
237
3542
978
1217
1581
5050
7269
5180
2413
1597
3534
5096
2486
7617
6722
4342
3158
2489
5877
4223
5779
6997
4350
4482
7613
1965
8055
5514
6000
959
2379
7227
1863
2676
2419
248
320
6415
7029
3686
6538
5365
6823
3960
2278
2571
358
5430
7243
3974
7473
1837
8188
6553
6321
4526
1453
7915
411
722
7923
6095
3911
2459
6824
3240
7451
5149
1544
7852
1488
2374
7030
5309
2597
5255
2206
1874
7456
3851
744
895
2189
1457
704
1672
5777
5264
2252
6791
2459
4233
7419
7389
1430
857
3443
3389
5977
2907
4232
2470
2501
2201
3471
6752
5344
913
4116
6231
2498
4621
4280
1220
6144
4019
4399
4475
250
8089
2309
450
1103
3585
2343
2676
2157
2487
778
8143
5423
5019
4690
8045
2870
2247
1878
3504
2868
747
2973
7785
5531
2531
3367
3355
7881
4601
4340
2671
4017
5024
6945
6590
8030
2856
7279
1732
5687
6635
4641
2986
1331
6041
103
784
2616
6817
6668
174
227
3162
1430
753
7053
1071
4410
752
6841
7762
7415
5993
3263
4835
4146
5332
3263
2856
1217
3642
7518
1430
3449
1576
3463
343
3853
4421
4037
4209
3263
7189
1363
1544
1613
5374
1177
1762
428
3637
8168
6501
7736
411
1836
7598
2657
1171
5092
1331
4880
1989
7011
1453
6276
4408
8017
197
569
673
4039
4606
7247
1466
2693
5644
2272
1613
10
7415
5157
1651
3190
7588
2736
3861
3993
6384
2423
536
4835
2066
2066
978
6124
6810
7584
5177
5088
5577
7611
6136
4786
5812
1805
3448
4352
5103
957
406
3096
1382
1081
7854
3955
5556
46
1664
3585
4914
4214
340
5412
3584
575
6973
731
5143
6660
5406
5313
1630
8189
3904
1530
3005
6025
6121
6518
6955
3724
7560
5154
7210
6875
6351
375
5787
1845
4399
1272
5244
4870
1488
5779
6000
6450
3584
4609
5520
1969
17
5747
492
986
3233
7721
1382
3736
128
4489
199
1354
3247
5431
5154
4019
3061
5368
1623
5892
1940
4005
2228
8043
4139
4055
5019
14
2285
4703
1020
2968
6590
744
7285
1189
2239
2455
4506
6551
805
3875
4413
665
1703
6476
6025
2046
4366
1848
5787
3301
5411
3515
5301
6876
6306
6436
3600
8025
607
5627
5403
4796
163
7806
5015
7676
3178
3597
3772
5303
1885
4517
524
4593
2726
99
1495
2140
1433
4839
4810
4111
6193
8084
3307
7325
5877
999
5326
960
4800
6824
208
6139
3960
3542
4973
5103
48
880
375
7120
1840
128
7475
428
1362
4822
689
5689
4127
6867
5048
2565
7031
7725
5790
4497
5543
2464
1607
3433
3051
1453
2999
7059
491
5275
6186
4490
7493
6262
5049
2046
1191
640
1081
449
4037
4579
6107
5939
1439
4448
7013
979
568
7013
6847
4352
3473
7582
5928
7350
1671
1581
1988
2679
5343
7344
2190
3663
2082
2741
4353
7840
6219
4421
5847
4520
7692
1272
4719
2943
3888
2309
671
8083
5868
288
5173
7207
7358
683
4007
3741
335
8048
3196
194
1830
3160
1832
7935
5684
1415
373
5896
724
7252
4449
3115
1556
5401
4269
7093
5594
1776
960
1105
8190
6020
7613
2192
2635
3055
390
1917
1241
3834
5168
534
3816
4706
7329
5144
543
4277
3870
6683
522
6540
4526
1833
1683
70
2571
4214
7506
7592
6571
184
7056
2530
5326
4155
3077
6353
1565
2244
2907
4735
2957
802
7424
3679
4153
925
932
5627
5272
3918
8035
675
4292
1027
6875
3832
2676
5874
6464
6235
5923
6756
3286
5710
255
14
6460
588
4152
169
4291
6411
6720
1733
6660
320
276
1954
1048
3775
6826
5667
5009
4807
7129
2140
5307
4524
7872
2189
4314
2425
6020
2276
2560
6831
4202
1824
853
6976
372
2219
7344
3585
778
512
1597
7497
4777
5364
811
3589
1244
4809
5172
7602
1426
8017
4169
1245
1946
1521
6922
1193
4975
528
6791
568
4007
4484
2270
7411
5726
2972
920
82
6372
6201
2868
5896
4809
915
2934
2533
5079
7110
6009
208
3930
982
7876
6948
7615
1296
1660
1159
7892
3603
4800
4641
1667
2489
763
7895
