0
0
0
10
6
0
0
1
9
0
0
1
2
0
0
0
1
3
0
0
0
10
0
1
0
0
2
1
0
0
1
0
0
0
0
0
0
0
0
0
0
0
0
0
0
0
0
0
0
0
0
0
0
0
1
2
0
1
0
0
0
0
0
0
4
1
0
0
0
0
0
1
0
0
0
0
0
0
0
0
2
0
0
0
0
1
0
0
0
1
0
0
0
2
0
0
6
0
0
0
0
0
0
0
25
0
0
7
6
7
0
0
0
0
0
2
5
0
0
1
2
0
5
2
0
2
0
0
1
1
0
0
3
0
4
0
0
1
0
0
0
0
0
0
1
0
0
0
2
2
0
1
1
0
1
0
1
0
0
1
0
0
1
1
0
0
0
0
1
1
0
0
1
0
1
0
0
0
0
0
0
0
0
0
0
0
0
0
0
4
0
5
0
0
1
0
0
1
0
0
0
0
0
0
10
5
7
4
3
1
36
5
2
3
4
1
1
29
2
0
3
11
0
1
0
7
0
0
0
1
0
3
0
0
0
0
0
0
0
0
0
0
0
0
0
0
0
0
0
0
0
0
0
10
0
0
215
3449
6035
5560
4339
7941
3712
5419
7575
6997
5107
4152
7613
5375
5066
4343
5661
4202
3584
3712
2080
5896
5397
7582
7048
4809
7524
7823
7785
7922
4919
5753
1029
418
4372
7811
1871
4840
1023
6023
3560
3196
2459
4080
2076
1280
3894
3273
6262
6824
4202
6552
5906
2252
3576
2987
6435
1281
827
5095
1546
7901
2676
3708
3899
1124
4018
2470
3307
913
6861
5224
3793
1293
5743
2788
4150
3964
6109
3028
3224
5181
7901
5534
3227
5308
3120
5536
91
2389
1042
7924
5332
46
3188
4849
5975
7725
6980
5428
4940
411
4568
2892
1854
6019
4836
7918
7543
7473
2662
6411
3764
4207
1321
4980
2394
7563
3432
1733
3454
1039
2628
7442
4038
5514
5531
7691
2459
5739
7048
3158
2463
2586
3260
5915
5573
4319
5997
2999
5853
1184
6220
4708
7488
4174
2606
1961
1957
7872
4151
5853
2967
3741
6945
7064
423
5332
8040
7948
5495
6824
684
7143
1062
1092
1754
4060
4568
3287
6915
7613
3247
7801
3364
7429
5015
7566
861
1550
2339
5149
3153
298
4345
3367
6393
48
1330
6104
7911
802
2219
2137
6926
758
6494
1189
2915
8005
2972
2419
715
3177
932
6518
734
6257
1653
2305
591
4478
2006
7755
3229
5095
5403
1595
6641
6118
7177
4067
2006
6827
33
1181
7753
6625
275
6157
4271
2752
3539
1716
6827
797
6800
6581
4870
6515
2103
4525
4087
2349
740
1979
3096
3007
4800
5290
1929
982
735
2478
3186
753
4589
1376
3963
3041
99
7656
1928
305
4026
5562
5561
5427
3289
4537
6247
3441
8023
3899
753
2248
2512
8021
978
4232
1944
1824
6912
4468
3151
4871
1009
1544
7311
167
5321
7538
771
1815
2346
1202
7619
6157
4337
1005
6493
7051
7103
6515
7178
5322
24
208
7169
5736
6587
6950
4291
6487
984
4776
2163
691
2717
5314
179
5156
1614
828
4816
1704
990
8066
3060
3324
4314
8069
4006
944
279
2192
5643
4207
5921
5767
6441
6271
1550
1238
6585
826
1086
1570
887
1968
7065
8146
7775
3233
5666
5203
703
3005
4345
3407
1935
5897
5241
3836
7710
570
1781
2254
7910
4239
7563
785
1046
1293
1676
6516
4501
640
7457
367
1947
7426
5771
1605
745
7253
6257
7944
7184
752
7755
4489
7442
8118
2547
958
7381
6670
1547
3740
109
4491
4291
3995
7039
5693
6570
599
220
7876
906
7172
5577
3648
4115
4275
7955
8119
240
4217
1476
654
7059
6253
477
2538
5763
2323
3644
7798
2015
8080
1660
6000
947
1962
914
5403
1769
7000
7372
4725
2252
1459
6403
6578
7309
4370
6185
1618
7129
2348
7183
2557
7785
7093
457
828
6443
7821
7670
1520
3245
802
5172
2813
8144
7795
3586
7256
7053
6248
6424
4070
6139
1473
7691
5797
2010
6742
570
6747
3984
5044
738
5416
1003
1331
7560
5154
7475
3833
421
3196
6078
7723
6761
6876
2501
7113
4352
1965
1989
1591
3362
612
6020
7363
7476
6531
1652
1625
5016
3791
4953
5870
197
8007
7568
522
1798
958
6780
4766
7180
1767
8106
7721
4217
5975
7256
3117
4771
6041
3432
5731
3701
6260
7865
7622
4643
7601
7732
3264
5311
2231
1911
46
4202
2964
3041
2752
7526
4275
2053
557
229
4339
4670
6590
80
2533
25
5343
3585
5619
2066
1396
5514
331
2037
3393
8178
8094
286
130
1930
2471
1443
1281
2465
5801
5945
2784
2852
7390
8124
4528
5801
1672
3240
138
3589
4392
5945
1787
1774
4712
5756
1863
2938
2219
7983
1998
4083
5849
6975
3424
2066
3701
907
7246
5982
425
4878
3068
1129
7703
856
7593
4251
3494
4651
1293
109
6724
8160
2676
372
3004
5643
46
5599
328
5841
2473
5757
1390
3500
2158
7615
6089
7190
1156
5756
5874
5324
6708
960
53
740
1046
4652
964
7011
5143
7723
6547
5428
6417
5608
3207
4522
2465
2938
7755
1516
3583
1779
2238
331
604
7297
2235
2411
5107
643
7108
8030
7419
5643
3057
1241
6735
123
2233
959
1527
2707
139
138
1672
7871
591
5874
5129
1103
47
955
3428
3642
6818
3712
7269
3389
921
6977
508
138
1822
366
2533
7940
6273
2252
2916
5672
2951
4718
1209
7475
7503
6884
2777
4550
1550
1863
3207
2405
1644
655
7995
6053
3433
5161
249
4175
1049
2533
7485
7093
2418
1770
2092
5019
7527
254
1581
6082
2008
7123
6195
746
6480
5129
1163
2981
3068
3585
7419
2764
7543
2548
817
1270
2533
3439
3188
271
7013
6481
6075
7235
7330
229
3555
5282
2442
6983
6276
4521
237
1494
5889
6660
3816
4504
6876
3712
42
3742
3004
1565
1235
3732
5920
6458
5998
3240
848
5756
4475
5805
644
837
6253
2541
5444
5482
5537
746
2780
7497
3037
6508
3515
7825
902
747
1658
39
847
5574
3240
1849
4405
7591
7287
4201
7090
1962
7688
4155
4077
2230
2379
683
5079
7408
1863
3959
5079
4424
6307
4291
7913
1659
1962
5027
3245
6583
6411
5309
844
2343
1664
3806
996
6724
5403
4051
913
4153
3271
26
348
995
7031
5507
3449
4170
5998
4442
215
3168
7064
5332
1009
1331
1940
167
98
5225
6479
6590
2285
7673
6791
197
3457
615
7915
6929
1473
4361
808
721
7615
3154
5671
914
848
403
3715
2242
536
8055
36
3055
7911
4575
99
425
1163
1576
960
3835
46
5664
536
1322
177
7823
4580
7192
4862
4975
1144
3166
5857
884
5921
4018
1883
7529
2986
3004
6830
6002
7049
1299
5844
3483
3777
600
8030
7941
46
1209
7408
5113
3506
3903
4926
684
3347
7846
3245
7923
7064
3542
7854
5403
460
5482
7666
1209
1279
2182
7799
6203
6553
121
4718
5427
5010
1539
3438
3851
1464
1478
3413
2285
3154
3843
1814
6724
3676
5187
3196
5896
3598
5706
1024
5064
2889
6104
7651
4796
1606
1748
2130
6884
4716
5276
2773
5470
6651
3862
5248
4093
4708
5843
4008
1664
5594
4993
1566
6652
7707
1150
2415
7189
7909
