0
0
0
9
12
0
0
2
10
0
0
0
0
0
0
0
1
1
0
1
0
10
0
1
0
0
1
2
0
0
3
0
0
0
0
0
1
0
0
0
0
0
0
0
0
0
0
0
0
0
0
0
0
0
1
0
2
0
0
0
0
0
0
0
5
0
0
0
0
1
0
1
0
0
0
0
1
0
1
1
1
0
0
0
1
1
0
0
0
1
0
0
0
0
0
1
11
1
0
0
0
0
0
0
21
0
0
11
6
3
0
0
0
0
0
6
1
0
0
1
2
0
7
3
0
2
1
0
0
0
0
2
2
0
4
1
1
0
0
0
0
3
0
0
1
0
0
0
1
0
0
0
1
1
0
0
0
1
0
0
2
0
2
1
0
4
0
0
2
0
0
0
3
0
0
1
0
1
0
0
1
0
0
1
0
0
0
1
0
6
0
9
0
0
1
0
0
0
0
0
0
0
0
0
9
8
10
5
5
5
25
4
1
5
4
2
0
26
1
1
3
13
0
2
1
5
0
0
0
1
0
4
0
0
0
0
0
0
0
0
0
0
0
0
0
0
0
0
0
0
0
0
0
10
0
0
4207
6791
6041
3541
3816
3120
6820
1003
6389
2836
2901
4089
683
5730
4614
5334
4099
3159
7380
3960
2558
3120
4753
8160
1105
6544
5111
5840
96
3536
6227
7424
255
2979
3077
5403
5113
3494
1680
778
358
5272
6761
7512
1760
470
5277
7591
4835
3897
2679
5482
389
6659
3694
1544
1672
6258
5650
6123
5762
6222
6720
1944
1414
7745
5386
5306
2244
5013
635
4038
1011
3443
4300
3461
7183
1316
3851
1620
827
176
725
5364
2699
6389
2266
3594
1048
916
3741
6677
6306
465
7307
390
6590
2679
4796
2127
4107
5543
4703
1075
4027
1224
6294
7154
7441
6065
942
4107
2922
491
3066
3240
3548
1587
8046
7344
1680
4526
2229
26
5013
7468
1961
6602
4569
5427
1988
4551
9
4046
1838
2762
5168
1154
7401
3712
4881
26
2408
7527
5571
2143
536
7398
7029
6480
3478
4840
1733
5495
7582
8106
1411
4881
4022
2907
1732
3077
4099
783
2370
336
5187
967
3686
5166
7664
4998
2118
6750
5596
7698
2604
2700
3331
4152
4340
34
5997
1774
418
4809
3240
3512
383
1473
6824
3453
7408
6677
2796
4236
138
5714
5902
3598
460
1494
6784
2557
852
2474
1211
1968
2498
7426
3715
7865
4881
7884
3240
7940
7901
7615
1857
496
4796
683
7823
7154
2474
4949
6472
2856
835
7940
7405
2470
3523
3559
3848
6076
2252
831
6985
5431
7231
5906
3609
5442
364
7829
1698
3599
96
1787
3870
7418
1048
951
2975
5547
1244
7798
114
181
1550
3816
6796
604
46
6227
7229
4413
2509
1066
4842
6760
6903
3020
3535
4905
1006
5407
1160
7048
2855
5623
2894
2907
7093
1029
1293
3477
7391
3095
5092
1105
8055
3004
6447
2000
6440
5183
5801
7585
1092
6695
197
7786
8004
5224
1556
3788
4108
7485
7753
5898
3159
469
899
255
3433
7617
3980
276
1032
2280
4525
4326
6791
3166
6355
7493
3188
5282
3724
2910
4855
3752
1530
5709
7537
423
6047
1814
2204
6765
2834
3471
3133
7842
3651
6002
4851
5127
5594
5129
7059
1929
1944
2835
8030
96
2392
5892
4670
543
5885
3249
7199
5301
156
2299
7747
7934
7463
6372
1233
5449
2805
3392
1704
7283
7298
1406
4998
3542
960
3477
3571
6547
215
4641
1576
1746
3353
3485
3143
4960
1692
2577
6583
1184
4750
1937
915
2949
4634
5780
1140
2166
3506
2693
474
2607
5170
2607
7257
159
390
6587
4217
2252
8025
5736
6770
4708
2107
2038
5521
3807
5780
3736
2905
4700
2597
6531
6679
1929
5224
4115
4516
753
6361
1732
4125
2539
4389
826
553
6045
5756
46
1279
999
3207
7871
6833
6730
5235
1666
2712
7209
1713
8010
3752
6975
1591
4355
7176
3407
7234
6405
3000
1506
6199
4572
1617
3213
2923
6158
7532
7842
7892
45
6417
3196
5428
591
8106
1594
5763
3206
1609
6622
6256
736
5890
484
373
4800
5461
4524
1185
1185
5982
2710
7493
8135
7566
8041
6875
2026
1185
721
3888
3188
7413
5566
2066
5173
2856
6377
3101
1203
1006
7200
1641
2838
4978
5448
191
1040
4022
5118
1048
2934
7445
432
6560
6975
3392
3060
2236
6677
5129
5619
4609
4600
96
297
7790
3685
6560
5591
5272
6528
3918
6219
5044
784
3472
6392
368
1923
2977
5149
6308
684
2463
2538
4124
1742
2577
4802
3267
515
3068
4214
7582
3741
3483
7699
3916
4319
1188
3740
3158
568
7676
7708
242
1604
4370
5951
603
6199
5128
6415
4457
1314
5867
3968
3752
7252
4272
5523
7475
537
2499
2496
538
1576
596
7577
4318
6306
2707
7148
6450
2780
591
851
5772
361
7843
3608
6717
1289
8060
3460
1715
2577
1544
7897
6450
1337
1495
3324
6394
4270
591
3052
4608
1948
7028
210
3367
3909
1486
2784
7378
4236
1978
6956
2930
4751
3407
3224
958
7923
4280
4577
6966
2579
3765
1937
8119
382
6106
3356
5482
418
7143
4442
23
5275
5285
5113
2934
3517
3544
4569
4008
4067
8060
336
2697
738
4389
1641
128
6256
498
3522
301
1570
6758
3515
5088
7129
6889
7900
7400
1593
5945
6289
3686
4920
3572
5194
1733
5079
4585
1786
6651
4920
1698
1647
462
1853
4996
5800
2923
640
7470
5771
6623
5228
1171
4998
262
5989
7560
4408
2715
1311
4202
6031
331
3661
1075
3989
643
7941
4689
5619
600
3572
7049
2738
4724
1874
5800
6623
38
5732
2910
7935
4995
6528
7342
2979
1605
2733
6350
1418
96
3660
7673
7235
6850
1803
4632
5057
7015
4818
6186
3672
5890
3402
8160
6852
4719
1063
7710
1712
7817
1530
3613
1832
7952
6219
1202
5649
7283
5303
6943
3271
4016
2136
7160
5326
6165
6902
263
3816
2826
2441
4698
4818
4987
858
939
4420
2239
515
2389
4846
2394
2496
7872
377
1824
4781
5947
7994
944
1251
242
3741
5731
1709
2684
5290
2796
3732
5920
6705
4718
3162
1729
6411
4312
1739
4809
4937
1553
4108
7340
472
7235
6571
46
4029
5268
4796
1457
4782
60
2352
6835
559
2513
1525
5064
2136
3123
4317
254
5390
2630
4673
6450
6636
3290
5013
1150
6241
715
6679
3538
1786
4876
3403
1748
3592
3694
4963
5627
6623
570
7179
2182
2357
5079
2798
2192
785
5831
2184
6791
304
3050
6396
4791
6791
1249
6005
2317
462
2884
3173
5933
6877
7463
5339
4927
6088
4046
2425
2851
7592
5785
7613
7389
7583
2449
3475
6731
7570
2278
639
5191
4609
2525
4965
6116
227
7380
1281
3438
7077
3920
7736
407
7244
5027
8040
5914
1220
7564
5263
283
4120
5208
7031
5664
5664
835
5456
7615
5127
3413
6934
6389
4095
6613
2520
5778
6554
1029
914
4568
2411
4399
3464
125
4197
6472
7275
1035
1938
3674
1017
4202
5334
1550
1698
5275
5779
6228
3986
7615
7391
7230
2465
2663
7827
1497
7989
3482
3046
7303
2378
2572
4835
8030
8106
1523
1824
5112
3614
4359
3358
3435
6791
5242
2995
4340
82
4568
210
6110
1565
3051
6089
4907
7
