0
0
0
10
4
0
0
2
7
1
0
0
1
0
0
0
1
6
0
1
0
10
0
2
0
0
0
2
0
0
0
1
0
0
0
0
0
0
0
0
0
0
0
0
0
0
0
0
0
0
0
0
0
0
0
1
0
2
0
0
0
0
0
0
2
0
0
0
0
0
0
1
0
1
0
0
0
0
0
0
0
0
0
1
0
0
0
0
0
0
0
0
0
0
0
0
11
0
0
0
0
0
0
0
23
0
0
5
6
7
0
0
0
0
0
2
0
1
0
2
4
0
10
0
0
3
3
0
0
2
2
1
2
0
2
0
0
0
0
0
0
0
0
0
1
0
0
0
0
0
1
1
0
0
2
1
0
0
0
1
1
0
1
0
1
0
0
0
0
1
0
0
3
0
0
0
0
1
2
0
0
0
0
0
0
0
0
0
0
3
0
7
0
0
0
0
0
0
0
0
0
0
0
0
9
9
9
3
6
0
23
2
0
4
3
0
0
26
1
1
0
13
1
1
1
2
0
0
0
1
0
0
0
0
0
0
0
0
0
0
0
0
0
0
0
0
0
0
0
0
0
0
0
10
0
0
2478
4950
2112
3690
6731
902
1105
5290
5708
4329
1395
3159
3915
5327
2255
7520
7029
5206
4426
1506
1895
6019
7120
6262
4426
390
2244
4732
396
389
7110
5629
8190
2894
6000
4888
215
4609
3810
3490
2336
2429
7845
14
5526
5076
3297
502
1139
6137
8053
2481
5511
2514
1651
7380
2038
5713
4124
4479
6082
731
6189
4319
5308
6069
4017
5127
210
5514
4926
1434
3358
6752
568
5412
3211
7152
7136
7299
8006
5761
7312
60
8095
252
1441
7913
3272
7816
5364
1372
675
297
675
5335
5232
2557
727
4265
5608
7253
5470
4266
4712
1141
4312
3504
1533
5646
7030
7979
2681
7865
1816
1485
805
7031
3433
4950
1944
6677
5408
6064
4345
6450
2957
7048
7190
7442
174
525
937
7721
4830
3077
1833
7190
6247
5019
6093
999
7602
6206
7474
4592
5141
1815
2506
1062
3577
1699
7110
4707
4164
8103
3307
3396
3899
6144
425
5482
5695
3636
2429
3847
6997
7827
7874
6450
4200
5647
973
6195
2343
2489
6674
4323
2506
2585
5723
925
2987
568
6499
2892
6827
250
6152
963
6286
4822
5129
3326
3196
109
7011
7121
3346
2679
8073
4502
7303
2547
2830
825
6761
6824
1709
2764
1301
7995
6075
3697
5812
2309
2182
5701
1035
6798
783
475
1340
2244
5520
4390
4796
3490
744
4578
2060
3196
2727
1864
6208
1708
2008
4312
4796
3120
4011
683
109
568
5778
740
3470
2271
5239
2118
2870
5259
3903
6600
7078
7787
6454
6415
4766
5000
6164
3741
6027
297
6499
202
5079
3842
3078
5143
7885
2907
5118
7011
1017
3037
4475
6510
2063
3577
689
1871
263
7950
7625
4192
7094
4017
5374
4441
5095
7823
5608
335
174
1979
4510
2411
740
7223
4543
536
4273
6262
4482
1415
931
7426
2336
255
3577
1810
2915
1289
2369
3995
1241
7240
6162
6209
4355
2929
1008
5159
2105
7587
4809
8064
4610
877
3732
6228
3647
7617
6818
3265
1430
3186
2780
1365
1463
6276
988
403
7436
1785
6437
5332
2464
254
2675
7902
2676
6456
1217
3162
3980
7799
2429
1023
3651
1989
59
3230
5896
2092
3600
3207
619
5891
5805
4950
5762
6406
5380
6594
163
4830
1020
1473
7432
1164
3524
1209
960
5248
7913
1988
1060
1664
5715
1118
845
5761
5034
139
1931
1485
5308
7812
8004
6884
3162
6831
3494
303
6137
6626
6876
1658
2316
7420
2868
2015
531
35
478
1459
3159
1137
5909
1520
2454
2679
7997
3197
2540
3656
1774
5780
6237
1658
1288
6417
3851
6000
3969
6650
227
1462
466
3969
1546
5896
6152
6472
7143
2410
4857
4759
4852
6469
4143
387
3793
2023
1234
2751
7940
2411
1550
1709
5128
3267
4152
3098
5918
5374
2577
3186
4543
583
5816
4049
5840
7593
797
4950
2635
3307
2152
6533
109
3161
7324
3721
5906
3469
137
7451
2645
5514
3686
1601
1017
4292
5447
5620
3280
2628
7844
3598
6128
6351
2766
6321
5129
6440
1989
2868
4017
1395
5225
5250
1680
2944
6533
1929
4517
5071
6553
5489
5403
2881
1585
3754
7203
7747
374
2996
7056
1929
7064
7482
4644
3763
5375
6438
4835
6497
3847
5833
4085
6818
4718
595
4433
869
2444
6303
673
8143
3240
4788
3061
6253
1522
3693
7017
6479
6104
7363
1321
6560
2662
6417
2015
3882
1989
3186
7773
1241
7527
5534
6904
7545
7596
2941
7765
5736
255
4426
4374
3449
960
7747
2716
5128
6759
3389
7755
2119
4858
8159
5024
1155
3741
6660
1367
4786
4700
7779
6265
2868
3121
7631
4022
925
7570
5778
4907
4735
649
3153
8135
5619
4292
4741
7244
3051
6405
7699
1956
5874
6827
5374
1103
3625
6227
7189
4534
6987
3051
731
1750
3541
177
1850
1010
146
6189
5560
2470
4124
2009
133
4812
4093
6560
947
2780
7782
4152
2110
3264
5038
408
4563
411
1852
3862
746
2364
2544
1564
1656
5438
7138
3783
7755
2459
7371
7810
3849
482
3676
2850
7571
6098
5301
3263
4729
4521
3991
5997
4847
6934
5748
7703
1310
6827
1103
428
3789
5790
5495
2533
3517
6188
373
4361
3167
5627
4526
1907
5535
297
4851
2512
123
1620
967
2558
1473
7323
4303
6945
7926
2013
4062
6905
6111
2641
6082
5160
945
3159
4491
1988
4660
3469
1048
3644
3795
7796
2541
5135
4390
5654
62
1760
7911
5109
5778
5514
7539
3585
4973
1434
4053
3482
1100
7944
6933
5616
1793
4027
1620
7910
5276
1395
3096
7865
3386
507
7785
5445
1970
3184
7303
4442
5066
2374
7185
1430
7135
1413
7426
715
2986
3167
3153
7672
8029
5391
3239
7983
7703
4770
2998
5584
5896
7148
6756
4263
2795
3480
5942
7048
7844
7110
6321
7424
3207
1774
1638
4145
3280
6752
2244
2639
2766
2459
4017
6126
515
5396
1400
7504
5333
70
893
7248
5290
7384
1590
2830
8081
4635
4451
6141
568
8190
3732
8064
1774
2684
4194
2308
2196
3598
3480
1
2127
460
4042
3456
6691
5372
4115
3349
5169
6256
2188
395
1129
1020
5272
4475
4608
626
7209
6074
7256
7034
4703
7067
7901
1117
4208
7506
2124
2868
7909
6660
1820
1445
7115
6247
593
7493
226
1113
2126
2752
5895
2557
7948
4830
7785
5489
6131
2419
7294
6249
5248
4061
6648
4350
6473
1554
6304
1076
959
1094
5938
3197
7247
599
7016
675
6612
2581
95
474
735
7120
1903
5100
5092
4623
6668
4735
6983
1095
8190
6973
5259
1774
4155
7518
8047
2597
7389
5374
933
6121
1972
1850
4345
5294
7339
7569
2196
1372
1140
4059
7474
5959
3791
1871
7755
1675
783
6831
3676
2127
6889
797
3405
6321
150
6384
1485
7209
6411
2006
7893
2610
4295
6592
6560
6351
5049
3836
4633
6531
4805
4724
1815
6813
7770
1409
5689
6252
6227
1979
4424
7860
2489
7902
6728
2530
7256
2995
1241
3589
389
2516
7415
5514
7213
5376
8106
5167
628
2853
3683
2979
7324
4714
2046
2571
7462
3990
3490
6818
5724
3790
4080
6004
204
7012
5923
