0
0
0
11
2
0
0
1
10
1
0
1
0
0
0
0
0
4
0
1
0
0
2
2
0
0
0
1
0
0
0
0
0
0
0
0
0
0
0
0
0
0
0
0
0
0
0
0
0
0
0
0
0
0
1
1
0
2
0
0
0
0
0
0
0
1
0
0
0
0
0
2
0
0
0
0
0
0
0
0
0
0
0
0
0
0
0
0
0
0
0
1
7
0
0
0
7
0
0
0
0
0
0
0
20
1
0
7
4
6
0
0
0
0
0
3
0
0
0
3
0
0
4
0
0
4
1
1
1
0
0
1
1
0
4
0
0
0
0
0
0
0
0
0
0
0
0
0
0
0
0
0
0
0
1
0
0
1
0
1
2
1
2
0
0
1
0
0
2
0
0
0
1
0
0
0
0
2
1
0
0
0
0
0
0
0
0
0
0
4
0
8
0
0
2
0
0
0
0
0
0
0
0
0
10
7
9
2
5
2
23
1
1
2
4
3
0
22
0
2
1
11
0
0
2
3
0
0
0
1
0
0
0
0
0
0
0
0
0
0
0
0
0
0
0
0
0
0
0
0
0
0
0
10
0
0
5643
2916
1595
5516
1620
2684
6414
4214
3888
4202
4796
6791
5997
7872
5902
3775
2466
1925
5077
631
1114
4505
8103
2958
5997
1821
7205
2541
4472
1103
1621
2489
5129
7507
4291
1023
4147
6735
8092
4867
4788
1075
2489
14
4707
4492
3682
4065
6044
3991
47
3959
3684
6111
7312
144
2442
1767
4718
5020
5290
631
372
6791
4914
6889
3617
3055
1409
5652
5129
2999
4011
4291
2679
1830
5066
649
4718
5537
6852
2333
7657
1911
4291
6294
6791
740
2424
4490
4390
3790
783
4735
1281
7399
7940
758
248
1430
738
5079
8143
7415
7575
5185
5514
4950
2777
3254
4663
1461
5980
3279
1013
8009
3578
7190
8025
649
4202
4698
1464
5322
6824
5514
568
1550
1664
5477
5293
7963
8025
3240
4641
2304
7910
5292
4340
4007
6321
4720
4000
7787
2450
4104
4485
4496
5358
1552
3136
2238
1155
897
7868
1254
5531
4708
7389
4708
5915
3741
3494
3888
8025
7615
4644
135
2968
6417
1075
4609
5330
7542
8036
2450
476
4432
1349
2064
2193
3993
6066
3595
3258
6552
4089
5547
4082
8023
2421
631
5999
4569
3225
559
7451
973
1461
4748
5797
531
8000
467
1552
74
3183
3998
1461
3468
1231
4992
5957
3998
995
176
6523
3682
3240
2361
783
7596
2777
3212
2202
7246
559
5275
4291
551
523
31
7411
3468
5416
7687
7387
523
2574
961
7895
5048
7776
1193
129
1707
1608
5240
1628
7408
649
4207
2464
5322
215
845
411
4647
1550
4735
4726
7501
6744
6596
1662
2675
2330
1696
1305
3567
8147
6318
5714
4342
6844
1493
4053
7932
2794
7438
3602
7451
2271
5650
2629
6831
2796
7871
3291
2309
4867
4007
4011
7540
422
3948
216
1324
3671
6325
1696
5786
1461
7841
3066
285
3192
5181
6709
3238
6305
5690
4976
3427
3600
4835
534
4702
1787
7344
3862
6482
595
4399
1849
4527
6181
7381
8014
1243
6979
7317
7460
6746
7847
7737
7197
1013
838
6499
1957
6891
5455
674
3986
4979
1011
7582
3682
1856
6168
6528
3494
6993
5343
5945
4058
7525
6891
74
2011
6334
8065
1957
5217
7430
1552
3363
5495
5728
6485
5037
1799
3178
2990
7941
6704
6561
5811
5998
1425
2931
7752
5232
4904
3585
4341
7545
3659
3032
2450
709
326
3183
6532
1800
6705
8111
1442
427
4452
1471
8166
5174
523
5455
656
7424
8009
3965
3178
7013
6577
3789
3492
5344
8040
7661
3804
3922
523
7964
7477
4893
6334
2615
1527
3993
8065
5056
5099
1079
4354
4678
5267
3183
6692
7525
5326
847
2808
6259
5453
5499
1367
8176
87
3974
7640
722
5576
2762
1431
1079
6119
7005
2366
5005
5720
2494
7258
8036
7445
7964
6999
7411
5260
2893
31
6456
442
1777
7162
1344
995
5
4888
3897
8176
7191
8075
3585
8143
5668
2660
6557
6334
5353
3998
3966
6979
6348
8155
6602
5482
2532
3819
5337
4430
461
787
3032
3069
396
4079
5145
2574
1229
2303
5288
450
7192
5428
7180
1422
4272
5007
2892
2139
7264
5353
1719
4000
7117
7816
7852
4413
3249
7449
6673
6498
4323
74
2660
7687
129
4791
5957
3792
7964
7820
1830
2271
568
4444
6569
2120
4280
461
523
5056
7841
5358
5114
2540
5753
7613
1029
5492
2081
6858
3923
2320
6325
787
1528
4780
4509
8065
3183
7931
7364
2796
5290
1029
4796
2379
919
2688
7364
7650
5377
3112
3069
8147
1058
7525
6979
6189
6060
2681
1482
2792
4306
1112
8147
4282
4992
7841
2448
1696
674
5042
6736
1944
266
1057
3291
4217
3953
4258
162
7076
995
118
961
2070
656
7521
2011
5005
7076
6979
847
7923
7240
7525
1045
8037
5952
3432
3032
3965
1694
1080
7784
1550
2893
3991
5650
3186
5786
5421
6119
2982
3069
4126
3090
3390
326
3130
8057
7460
523
4780
3678
4919
6959
1013
1112
1305
7477
4752
3678
7923
2165
6321
1155
390
3274
7872
7223
4700
2576
4446
3283
1045
3261
3069
2939
6099
3489
1112
176
8057
7843
8037
3283
1112
5358
216
8166
3283
6378
6378
709
8037
4512
3915
6700
3301
223
4628
2762
4604
7908
4678
5588
5425
7364
674
2601
6595
6099
4791
3100
5344
1942
89
1957
5782
2994
5
5124
1957
7572
7650
4780
2792
107
2934
3244
4995
1733
255
568
3263
5918
8046
709
1790
5242
985
5972
3728
8166
4197
1659
118
6510
5144
6132
680
1045
1112
7117
3524
810
6325
7835
5353
3692
1029
5994
7110
254
8046
6089
1046
3492
4822
6167
4197
5744
5720
2446
5455
2446
1073
4384
7400
4018
5797
3848
1694
6705
5844
7841
440
5453
4010
6181
5064
2675
1029
4703
1620
4005
248
5748
169
733
335
4793
5891
5701
6598
5246
5624
296
1801
4021
1628
2854
4079
5865
6106
6897
1110
5538
6960
6119
7420
4379
8034
3480
4099
2868
7093
3326
2838
7466
5608
4542
3666
5128
988
3179
5106
6673
4863
3792
6960
6066
17
1944
3959
1073
7171
8072
3939
2064
5455
552
6673
4562
4643
4866
3280
4245
2358
7679
7182
1521
217
967
2316
3271
4486
2607
7727
3571
6680
4553
2662
6532
5874
4735
2464
566
764
2662
6976
3667
2747
7963
2806
2792
5778
2442
2920
3143
960
709
7400
1259
28
2862
1479
6137
5398
2105
3391
5629
2379
5803
3154
1971
3212
3120
3247
1544
2835
4644
4651
45
5283
1776
5050
2516
1046
5290
134
4486
595
2736
6498
863
2327
7680
3452
758
3179
3132
2118
2717
7886
3642
4475
5057
5406
1193
5812
3121
2838
3374
2325
6031
2956
5874
6880
2226
5380
7250
5333
5024
384
2601
5714
4326
2783
7811
2726
1049
500
731
3263
7710
2186
1620
2002
2736
7414
3213
1850
845
6791
7244
2675
393
5896
4609
390
6403
4011
2630
7171
4291
575
250
6948
2474
7913
1661
5347
1342
3240
7063
2271
6041
7063
2137
5364
1029
4507
6511
1415
255
4707
5687
4263
1544
390
649
7229
1944
2303
6761
3449
899
3572
4718
1374
4686
