0
0
0
10
7
0
0
1
9
1
4
1
0
1
0
0
0
0
0
0
0
0
0
5
0
0
1
1
0
0
2
1
0
0
0
0
0
0
0
0
0
0
0
0
0
0
0
0
0
0
0
0
0
1
3
0
0
0
1
0
0
0
0
0
2
0
0
0
0
0
1
0
0
0
0
0
0
0
0
0
0
0
0
0
0
0
0
0
0
0
0
1
12
0
0
1
12
1
0
0
0
0
0
0
21
1
0
8
6
5
0
0
0
0
0
1
2
0
1
5
0
0
5
2
0
1
0
1
1
1
2
1
0
0
1
0
0
2
0
0
0
1
0
0
0
0
0
0
2
0
0
0
1
0
1
0
0
1
0
0
1
0
0
1
0
0
0
0
0
0
0
0
1
0
0
0
0
2
1
0
0
0
0
1
0
0
0
0
0
3
0
8
0
0
0
0
0
0
0
0
0
0
0
0
9
2
9
3
5
3
29
0
3
1
2
3
0
18
0
0
0
10
1
0
1
4
1
1
0
1
0
1
0
0
0
0
0
0
0
0
0
0
0
0
0
0
0
0
0
0
0
0
0
10
0
0
3661
2270
2215
4387
4120
5324
7246
5579
3548
5439
1583
8117
5619
4812
6588
5220
7156
2339
1886
4822
5453
12
1037
3684
5209
3586
7118
7246
1213
6116
5654
2573
2943
6005
4120
6761
1774
7582
5292
2285
4510
5464
6925
5798
324
3875
7246
1593
2347
6355
1160
7415
2016
1791
2494
3173
3440
6776
2741
1778
5652
4479
2496
5092
6417
4094
6141
5285
6724
4878
2851
7855
6224
3977
7501
1800
4214
7872
5113
5982
1980
1588
1767
558
1513
7321
4379
5432
6895
3173
7436
749
5248
7113
1415
5579
5933
7978
2960
3229
2628
6737
1067
4236
6614
6478
2660
7586
5207
1295
2159
6712
5207
3976
7490
7662
35
2005
7491
5798
6615
1610
174
6366
3173
1818
2672
5020
5370
665
5214
521
5708
2684
6735
7928
5056
5064
5465
4295
4933
3692
4693
4396
3178
7919
3283
1193
439
2960
6053
1803
7387
1157
1893
7187
632
6243
937
1690
348
2597
1362
7587
7093
4522
554
2338
7490
1654
6044
5497
2448
3749
101
8147
1237
664
2457
6201
5952
323
5873
5999
1774
1523
1009
7467
7213
4570
1883
4346
6289
6722
3666
1709
1579
3480
5468
1713
2997
5377
4692
6633
7400
7586
5222
7378
3997
306
6561
5064
6844
2030
7499
2717
1313
1836
4333
1857
1279
604
5986
2645
7867
5247
1463
2022
5975
1577
4504
5207
2939
2778
6738
3557
8129
7411
5722
5064
6844
298
415
837
6843
2947
1458
5655
3146
4111
5434
7244
484
3586
897
3585
8025
966
541
466
1550
3614
6814
1226
6301
6940
3363
415
6125
3711
7420
3347
1957
3819
6252
8093
3538
1855
5692
6642
5693
2150
5654
5559
143
5187
1078
5661
5715
7613
1348
54
3627
557
3238
1262
101
3078
7490
1468
6105
1329
6467
6598
6229
1437
6276
6948
6467
6793
652
1429
3771
1859
1177
2527
3790
6203
5107
7452
3477
1425
3629
2879
7500
2258
4680
7270
1429
4992
6940
1262
3620
3106
6414
6073
7103
3401
4628
5737
4693
4021
2308
1686
6229
6292
5236
4245
7405
932
5236
7910
1672
1027
5041
6057
3279
1276
7756
5498
1773
6057
3538
3858
5604
182
6921
910
1452
3022
2156
3078
461
1073
3486
6960
5056
1734
7255
4634
5973
966
5559
7796
7246
2868
3188
5412
206
7735
3692
5923
5909
5042
3644
6224
3263
6244
889
7342
1090
6708
8060
6092
1954
4333
7143
2342
4823
6608
1950
6383
811
2773
1971
5220
4202
1209
7882
3548
18
6066
5977
838
2395
288
1010
1971
2835
3729
3460
5495
1265
8143
1527
6547
819
4060
6712
7400
5977
2793
5207
5604
7675
215
4701
2560
4478
2001
6396
4093
522
510
8156
6427
2525
6323
6478
7514
5786
1642
1423
7093
2181
6174
2578
6614
6105
6175
6463
7926
3017
4397
1429
2145
8072
4928
260
1774
3824
4478
2861
2001
7963
6318
2994
4021
3784
3965
7563
6659
386
7091
2949
2734
7829
942
3690
4452
5246
464
3120
1237
5465
2519
1458
2342
3063
3721
554
4698
1600
1748
2290
7657
5
1282
652
7217
2892
5902
6598
2878
3977
2118
2080
5650
229
5139
7404
7018
2978
5101
6224
6467
1608
4637
4432
415
288
5566
2972
5393
139
7606
1846
552
458
101
5099
461
8126
6338
4933
476
7484
4979
721
3806
1561
8089
6234
4933
6572
2889
1237
4693
7141
3504
8092
2601
3777
7577
5863
7432
1886
2049
3329
5957
2951
3997
724
3833
4678
2893
4485
1551
1059
2256
4628
1041
1391
5935
6692
1030
2508
5123
2199
3728
4034
7356
8065
6659
7577
6580
296
4933
2397
5344
1790
3329
7932
6712
3820
2372
4046
1962
704
3086
3183
2962
7286
7971
5738
733
2720
6010
2993
723
6692
4509
101
6714
1525
2553
8156
2448
4693
7411
1926
3317
2030
6547
7720
5359
6998
8166
6486
8177
1118
1356
4877
552
3093
6770
7942
5093
4672
6478
4021
2489
6667
6843
7158
3141
4688
458
6598
7420
6873
6924
45
6351
4717
62
7906
2994
5547
6252
1118
4672
4396
5957
7662
476
350
2182
150
7292
1344
4722
2793
1237
2030
245
2984
5317
1193
6636
120
7610
3714
695
7776
5650
2541
2750
6598
6667
1978
8111
1978
6308
3977
3003
8147
1330
3672
7872
6825
2793
3977
4481
6547
8089
4693
7801
7586
7756
2612
847
606
5778
4061
5664
2823
6941
6821
1635
7639
7639
2662
1527
1180
4688
3759
1694
6408
1458
7648
7872
2072
306
3777
6659
3729
4722
5093
1662
6636
1527
8111
3973
4609
4651
4753
5664
985
6417
2411
2238
6668
1281
6753
7586
3977
6692
2446
945
1571
6924
6077
6677
724
2258
5260
1954
3777
3183
1076
1118
7926
5566
2987
5928
6089
4651
7277
4820
3690
5338
139
5209
5051
621
6478
949
5624
277
8091
2994
7420
1330
4199
5798
3930
2342
4903
6181
5547
6915
7804
1608
101
7666
7018
6053
4202
7484
5714
374
1976
2788
4224
3006
1634
1588
6167
5377
652
1494
101
184
7586
3989
4199
2777
2402
7103
6125
415
5452
7057
2030
6214
5138
101
325
5736
5220
2182
5343
7453
1932
2177
7180
182
6273
8122
584
858
3672
6825
5552
5101
3141
6478
7041
3572
3959
4622
3076
6850
3141
6831
2878
5070
590
787
1797
5412
2136
5507
3100
4651
2958
7615
4594
2903
2650
904
4933
2793
6229
6580
5458
1131
7586
7541
3378
7816
5687
6677
3672
3404
1131
2675
6709
386
4397
7586
7195
6135
2777
1523
5520
7901
7246
7246
631
3001
1443
872
674
5452
5452
2904
5672
3265
8093
211
4049
280
725
4809
1944
3672
664
1130
894
837
6873
1881
1180
5111
1043
418
7205
2796
1042
1236
2240
5104
1083
6873
1579
3329
101
1193
4965
4979
1774
4114
4644
2887
7187
4568
5220
1279
5516
3093
7666
2778
552
7420
4717
215
12
16
1776
5874
186
317
3848
7166
4866
5133
6548
2836
8089
7192
5547
3321
5746
4202
559
3504
7798
7679
4341
1224
7190
4317
3634
8093
3557
8156
664
6417
4475
3068
6535
5013
