0
0
0
9
3
2
0
2
10
3
0
1
0
0
0
0
1
3
0
0
0
3
1
3
0
0
2
0
0
0
1
2
0
0
0
0
0
0
0
0
0
0
0
0
0
0
0
0
0
0
0
0
0
0
1
0
0
0
0
0
0
0
0
0
0
0
1
0
0
0
0
0
0
0
1
0
0
2
0
0
0
0
0
0
0
0
0
0
0
0
0
1
7
0
0
3
3
0
0
0
0
0
0
0
27
2
0
6
5
8
0
0
0
0
0
2
4
0
0
3
1
0
8
2
0
1
0
2
1
0
0
1
0
0
3
0
0
0
0
0
0
0
0
0
0
0
0
0
0
1
0
0
0
1
0
0
0
0
0
1
1
0
1
0
0
0
0
0
0
0
0
0
1
0
0
0
0
1
1
0
0
0
0
0
0
0
0
0
0
0
0
6
0
0
0
0
0
0
0
0
0
0
0
0
10
7
5
2
7
2
26
2
1
0
4
1
0
23
0
2
0
10
0
0
0
1
0
0
0
1
0
0
0
0
0
0
0
0
0
0
0
0
0
0
0
0
0
0
0
0
0
0
0
10
0
0
6025
8017
3763
8125
6025
754
6788
754
7601
754
305
99
1712
3030
5458
3751
560
3592
7658
5562
4305
240
7601
754
4272
4272
305
305
6788
7601
7601
6025
7489
3925
5177
5177
453
3925
3736
834
5047
7983
6476
926
304
155
2631
2519
7387
2341
7388
1923
1712
3945
5047
6404
6033
99
483
1406
2375
834
7129
7129
7462
4272
4087
4087
7560
4272
6328
2833
3659
7773
6784
1070
7111
4866
6336
277
6325
2198
2030
2341
1140
4370
4583
1923
745
7841
698
1232
179
1840
99
305
754
754
4087
4087
4272
7107
6162
6005
5820
7607
560
3363
3489
6663
6348
186
6201
8072
1403
5634
970
1512
2146
3441
261
5091
803
4679
7440
2146
6070
2180
754
4272
5241
4087
4272
4953
2923
1492
5284
2434
1569
6201
3012
326
3351
74
8009
2030
6242
5055
7607
7658
2341
5622
1458
1560
1855
6601
1462
1707
2149
53
7129
7129
4087
4272
305
637
103
4626
2069
8013
5522
2366
2156
4509
6709
1599
6844
7367
7158
2232
717
5444
2600
6125
6498
2448
7805
819
5634
427
4963
3184
7129
7129
4272
8017
5044
1572
7929
2529
2962
3594
481
5144
1088
2368
1360
3489
6348
6468
3997
3410
8117
5572
4988
1193
1608
7973
5444
7367
972
98
7718
1707
4272
305
3918
7842
1445
391
4129
7916
6242
7841
2064
6548
53
1005
4384
6750
3784
4119
1336
5614
2076
6608
1186
6816
3672
2076
1338
2785
176
5291
4021
2615
2789
7200
237
1232
186
2696
6170
1301
6980
5028
7241
2077
6348
2489
1831
6370
53
5112
4613
1662
7905
1208
1083
1608
4992
3688
427
5458
4253
7805
4979
5479
2153
2318
2149
8184
2030
945
2519
2939
4599
4277
4967
3718
2352
4021
1856
4198
7825
3511
5820
549
1429
4976
116
4658
3136
7140
2420
3711
6229
7737
4658
5458
6925
7097
7387
2198
5286
560
5972
1881
1898
7923
6242
7085
5284
826
3003
2211
3832
7776
2992
2663
5706
4265
810
4265
6738
6580
6704
2353
858
1707
6348
4554
7945
2519
7919
1599
3317
5465
3192
6336
560
1725
2220
4369
5644
7718
7805
1442
924
1280
2809
6747
6914
3415
819
2175
4119
3466
5588
7140
502
2446
3966
6631
3621
219
3363
5465
4382
5104
2076
449
520
3136
2994
1352
2785
5042
1280
2232
4997
5156
2735
5652
652
1258
27
168
7818
4857
395
3159
5732
6456
5022
3977
427
1338
4602
5104
2030
3839
5634
5260
1336
6850
3136
2304
3283
3067
122
4680
5634
6966
3275
2860
483
6299
7456
7998
5383
6468
3410
6638
3403
2960
2076
680
7704
1070
2992
440
2722
3699
5659
2712
3136
1305
7427
4658
2303
4655
2038
130
4696
3816
1238
5324
1892
826
6299
3317
847
449
7323
8136
8136
6631
5286
4602
2157
3192
2251
2352
4967
7650
7098
6335
1942
3614
2351
1892
6738
377
7942
6687
5168
7548
7689
2855
5706
7905
1005
1569
245
7146
3634
8137
7931
6714
6601
1208
7197
6638
833
4197
3625
2483
2434
6664
6399
1079
2064
3363
3762
3733
2439
4611
5540
5770
7162
2678
4119
6976
6510
7735
7855
6214
2341
5725
6608
3466
6862
7440
4967
2746
6680
6944
4518
759
1372
1208
1083
3489
7857
3883
7702
2259
5588
5997
6195
1944
3247
3701
4866
5744
4018
1425
7950
6296
3446
7775
7146
2446
674
2712
8129
973
4067
4315
14
6299
1560
1305
1259
5018
6558
4506
5144
2175
7548
4018
7673
14
7563
624
4594
2175
1999
1045
2474
7907
1342
5546
4465
6296
4872
3989
3927
2654
6452
6259
3175
2943
5496
5725
4264
1208
7817
5578
7294
5447
5217
3350
3223
2266
2529
1291
7294
2459
5423
4976
5465
5104
4992
5326
2474
5324
1208
4506
295
3576
8106
2855
5714
2233
4435
7292
5286
2262
2601
5113
2202
2844
5750
7380
8067
3466
4572
3232
4342
1224
7277
1579
7905
5104
1360
3232
4148
4992
6150
5258
2808
5282
4654
5070
1331
4696
1458
4234
7714
1238
2494
985
5353
1678
6639
3998
2420
1569
5498
7645
3497
7332
5453
7895
2994
74
4863
4680
6580
3011
7323
2232
6826
3232
3524
4238
6164
5353
3146
176
2184
7800
3232
4139
1707
1949
945
404
5022
6532
7388
1183
7431
6761
4099
5553
7033
2054
469
5622
2004
3012
2960
1801
7796
6259
5447
6750
2529
3883
5022
3526
6709
4599
3272
1341
2978
7702
6709
2076
7388
5772
4680
3576
6672
4148
4708
243
1442
4253
6960
7197
7895
6738
4205
972
4939
4939
6348
5614
5090
22
3121
4693
2947
5578
5139
680
4618
7973
5466
7111
7420
3136
4734
4863
7982
672
5322
7483
6348
1186
6738
323
3415
6259
5099
4515
6282
7311
1773
53
7375
5279
3661
5129
1038
6843
1969
3004
4747
8009
2139
1719
5444
4691
1608
2420
4487
2135
2135
3559
674
1608
1801
4993
1608
5572
6272
3714
988
1467
3389
1852
1357
4892
45
5540
4952
5279
5620
934
6258
6862
7440
4435
27
7607
3317
7896
5572
4349
3010
2114
2232
2215
942
5498
1429
6709
4369
5099
5730
5048
7484
211
5746
214
832
5285
7872
1041
396
7431
3661
5717
3714
1569
4655
8117
6129
6738
6335
2904
2290
4747
7364
1180
2643
1186
981
1360
6750
3467
5385
7180
5112
3576
5596
7070
3661
606
3668
1699
5650
5542
7269
5754
3282
6968
715
7367
4515
718
3149
7445
7998
4673
6001
5889
5972
3977
2449
3446
803
6790
3504
5403
4070
7753
3541
5112
2254
795
4178
5165
12
2062
2470
6588
7714
1186
6738
1686
7916
4369
4979
1403
2385
5479
3993
6960
5064
5135
2175
4509
1070
3272
5232
4261
6320
450
6460
480
1852
402
6135
432
1452
1836
1295
4935
3730
3282
3082
3503
7158
4993
7445
1398
3979
5989
5592
6680
5532
7005
3759
3685
5228
5600
6355
4546
1830
3443
6737
6135
4624
4707
6203
6332
7087
7230
3274
6595
7796
2732
2139
4369
619
7197
3592
1608
6732
3003
5786
6891
1429
6662
338
6979
6595
89
