0
0
0
11
0
0
0
2
8
1
0
1
0
4
0
0
0
2
0
0
0
0
0
1
0
0
0
0
0
0
1
0
0
0
0
0
0
0
0
0
0
0
0
0
0
0
0
0
0
0
0
0
0
0
2
0
0
0
0
0
0
0
0
0
0
0
0
0
0
0
0
0
0
0
0
0
0
1
0
0
0
0
0
0
0
0
0
1
0
1
0
0
10
0
0
1
4
0
0
0
0
0
0
0
20
0
0
12
8
4
0
0
0
0
0
0
0
0
0
1
0
0
5
1
0
1
0
0
2
0
0
0
0
1
3
0
0
2
0
1
0
0
0
0
1
0
0
0
1
0
0
0
0
0
0
0
1
0
0
0
0
0
0
2
1
0
0
0
0
0
0
0
0
0
0
0
0
2
2
0
0
0
0
0
0
0
0
0
0
4
1
7
0
0
0
0
0
0
0
0
0
0
0
0
11
6
9
2
5
1
28
1
2
3
6
4
1
19
1
0
1
10
0
0
0
4
0
0
0
1
0
1
0
0
0
0
0
0
0
0
0
0
0
0
0
0
0
0
0
0
0
0
0
10
0
0
2988
6924
306
421
5077
3576
1026
2066
2835
2265
5750
4297
1808
5423
4522
4475
6358
6925
5960
5643
5214
1787
1787
1830
3389
3188
7665
7673
8000
211
7484
3625
6232
5783
7548
6722
897
5779
6826
3427
2420
5485
3864
2578
1049
2892
3847
7948
61
8138
2120
2958
4146
215
4406
2750
5512
46
897
5643
5798
4517
4293
1686
3726
3352
2229
3541
848
4306
8167
389
5116
2254
5661
7780
4350
657
1769
5654
2690
3455
3229
8155
4342
350
8126
461
1107
5146
3161
1269
5183
6980
5412
8036
6828
3077
1539
4116
5314
4879
2960
1125
6460
5227
214
1234
1538
2266
1396
395
1424
7587
4857
4693
7103
1688
7835
5064
6106
7829
4710
2418
5445
1114
5129
3542
4516
3220
348
259
2343
4225
5147
3253
2918
6864
786
4369
6229
4693
1608
6825
7940
3223
2159
3860
7367
7912
5022
5465
5188
6415
631
1803
6929
3092
8153
593
4259
3468
3798
7618
6414
3161
2987
3585
4810
277
1458
6850
4680
5834
6844
2142
1774
1834
4104
7142
6460
7429
6201
3838
1913
2422
7533
525
3542
4136
6320
6677
7706
5891
7692
4758
2736
7188
1200
7452
6825
6201
6495
1515
1079
6325
2519
7855
5643
569
3011
3692
447
5952
1186
3388
4594
5928
5408
7596
6481
7673
1787
5579
3352
6776
1937
310
1852
3115
3541
2397
5578
3467
2785
3001
3183
7963
6633
1301
1571
6266
5455
4791
3192
6408
3718
2516
3004
1672
1672
1173
4341
4216
6595
4670
7844
1162
421
559
3445
2654
411
4598
4810
4432
4432
1107
6784
3998
160
2901
4021
7240
4205
6873
306
2139
4207
4120
2678
434
5979
4387
2904
2448
8132
5385
4146
5517
3860
5643
4858
5595
1571
5458
4253
6825
283
1774
6998
4777
5124
6510
150
8014
7541
326
6877
5013
5798
3262
350
2904
4622
5466
1117
732
3870
4427
897
5778
6384
3443
2943
7525
2904
74
3524
949
3819
5048
2541
8129
6104
8025
1039
4888
6378
7917
2851
5214
6639
2420
3672
7074
6216
7748
5960
5960
4654
3614
1209
3240
2284
5246
4979
5274
3165
5692
7399
7720
7411
6596
1579
6733
709
5579
2221
3432
3165
6948
5643
6789
2750
1571
4993
1079
8072
461
45
2533
6227
6631
2995
2366
5
3282
5783
2353
464
3749
7117
7496
7318
7103
5455
4233
6996
1406
4342
887
2682
2777
2150
5328
7963
3977
6738
6098
6106
995
3188
3212
606
5039
942
8136
5614
5377
5578
6705
4010
6348
3178
5572
3478
2836
4716
8060
899
7371
2675
3466
3585
957
7356
7805
1184
5182
7353
7404
4199
1338
4082
3585
2629
4712
3004
5960
3848
6299
4046
225
2199
6554
7285
7800
2532
214
4178
678
7921
1280
2054
6898
45
2303
4306
6408
7158
5952
3069
7098
4599
2628
1110
3178
2835
3454
1787
5715
431
5945
985
132
5588
1803
7246
7419
5220
5798
1438
2284
3192
5588
1561
4678
4018
934
6836
1693
7529
6467
4680
1590
2007
1403
7800
2366
4651
5594
7940
1209
7070
5643
1576
6384
5779
7246
2958
418
3004
5048
2634
3830
1753
7140
6214
3488
1672
5048
1560
4739
7467
7399
3749
2904
2994
2351
847
5515
3651
3138
2646
3959
6677
5412
414
4651
1550
4522
4794
6384
5798
2958
2106
810
129
7411
7748
7111
2678
5535
7018
2260
3317
885
2560
5578
6825
5359
4680
1881
3430
3976
7816
3240
5998
480
2016
4497
5582
4297
6380
7704
3681
3415
7163
243
6430
2304
7787
4691
5536
6091
3441
1291
4979
3672
2149
6873
7905
6266
2195
101
1787
1245
631
3947
1774
985
2173
3969
7654
2984
4693
5064
7356
5328
6743
3809
7197
2992
1654
6924
3930
3141
709
4680
5614
7355
1569
4369
1938
7131
4602
6553
4442
6380
131
3991
2057
819
7872
1852
7610
7367
4680
6580
552
7367
2232
3671
6632
5104
4021
4148
4598
6146
7906
1797
1360
5785
4333
6242
6348
5005
5940
2304
4914
6553
3792
3741
3827
5778
5798
1569
2615
118
6712
1329
1282
2135
3489
7874
4496
995
5260
7548
6639
1425
3942
3671
5139
6651
4688
3441
7963
3749
7444
6264
4955
4164
7901
1664
5474
2676
4651
6712
972
7799
6709
6224
17
6001
2342
3067
3010
1617
8060
2876
3389
8028
5833
4315
3754
6979
4654
4182
3136
7357
853
3398
5746
7223
215
405
3859
3207
7967
306
7420
3011
3977
1429
2135
5986
2007
5056
5104
2615
6605
2413
1792
1522
3259
1675
5382
7178
2016
4522
3020
1886
7545
5798
7246
4647
1425
3631
6875
2066
619
7945
5578
326
4680
3892
7547
1208
4976
1276
5631
674
1683
4154
6899
3077
2120
2009
5579
5798
2655
2677
2343
5536
348
7246
7246
2958
3180
8071
3551
4341
295
229
7954
5458
7411
3988
1797
2519
1552
2448
6414
7982
7382
6038
4575
6488
1567
2958
5798
631
2244
7176
6710
2016
6069
7940
5798
348
5285
1017
45
4559
7257
2525
7954
7787
2631
1403
972
5834
552
7117
139
7180
2022
6649
2938
2393
4241
6700
450
5643
534
1117
1802
4389
7656
5567
2071
1631
3485
845
1395
4839
5544
5444
7456
2820
5417
2978
1070
2145
7662
2737
5715
7491
1716
7064
1536
7431
3958
3894
3463
6548
5193
2050
343
4030
2975
2933
7903
3669
5146
904
1799
3432
4334
3977
7932
3612
1183
6181
7006
277
357
5781
5537
4255
2972
1716
557
8030
7609
6562
6372
2041
5595
2049
2156
3608
6672
343
534
928
5724
2152
3307
2081
2675
6601
6750
427
1881
6580
7587
3268
7625
1439
5998
3173
1561
3320
7497
6761
5396
7578
3857
5279
7609
3570
7962
2569
2552
1302
4819
3486
7625
1415
6366
1436
5283
1942
3592
6201
5111
2150
7859
6639
902
3263
2263
2211
6023
4613
1532
4491
2943
8123
6276
8143
1569
6172
3728
4256
1049
6281
4111
2199
1978
4141
2634
3934
2811
3128
2284
1673
79
411
7622
471
6980
2981
5743
4342
5767
1929
4700
1709
49
1791
2678
4522
5000
6877
7400
2754
3510
4334
4131
209
