0
0
0
10
0
0
0
2
10
2
0
0
0
0
0
3
1
2
0
0
0
8
10
2
0
0
1
1
0
0
0
0
0
0
0
0
0
0
0
0
0
0
0
0
0
0
0
0
0
0
0
0
0
0
0
0
0
0
2
0
0
0
0
0
4
0
1
0
0
0
0
0
0
0
0
0
0
0
0
0
1
0
0
1
0
0
0
0
0
0
0
0
0
0
0
1
10
0
0
0
0
0
0
0
22
0
0
8
4
8
0
0
0
0
0
2
3
0
0
2
0
0
6
0
0
1
0
0
0
3
1
1
1
0
3
0
1
0
0
0
0
2
0
0
1
0
0
1
1
0
0
0
0
1
1
0
0
0
0
0
1
0
0
3
0
1
1
0
0
0
0
0
2
0
0
0
0
0
0
0
0
0
0
0
0
0
0
0
0
4
0
6
0
0
0
0
0
0
0
0
0
0
0
0
9
3
6
2
2
2
27
0
0
2
0
0
1
20
2
0
1
10
1
0
1
1
0
1
0
1
0
1
0
0
0
0
0
0
0
0
0
0
0
0
0
0
0
0
0
0
0
0
0
10
0
0
1096
642
1227
4615
3050
7601
2980
7095
4468
6531
1641
5169
4743
7068
7815
7979
612
4653
6493
1124
5012
8120
7152
6486
3749
5872
5953
7084
730
5072
2895
670
2510
6340
6742
4531
5402
3786
3334
7157
7836
7068
577
5344
5788
7824
292
1647
1872
3828
2882
7653
1162
7518
4001
5665
3972
5510
6372
5133
4425
1605
2549
4313
8012
4598
3532
5313
6361
259
984
5624
7080
5870
1856
3802
278
3543
7658
6657
5251
7610
278
5061
2919
163
3162
6670
955
489
7014
3955
6121
3197
7549
6751
4588
1216
1640
873
618
6563
605
4302
7532
2717
6846
29
954
7296
7801
1855
2549
6683
691
7183
4995
8087
7682
3428
1878
6319
1627
3053
4001
4033
5080
5331
8063
1986
4505
70
6461
8052
6038
1704
5258
7030
3802
724
7001
6985
7698
5179
6862
3366
5917
5164
3000
4342
6780
2275
7561
3335
5196
5330
5787
1724
6091
2957
999
2013
996
7881
2504
8127
2064
6761
4655
4643
4633
1652
1352
794
1498
1695
4032
60
3521
2488
6393
1892
1507
4586
3606
4405
7381
4363
1411
847
1642
536
7327
4497
1520
2527
1597
7103
5612
4618
317
7438
5741
1563
4288
6856
6313
2969
4764
6111
275
4609
3494
7665
4237
4106
5612
1558
4982
6155
2456
7792
7833
3183
5780
3132
5761
4052
7381
4047
4759
4576
8134
1029
4793
8112
7602
2919
2521
7594
7200
5099
5650
5579
3220
7905
783
3542
4569
3542
5091
5138
7755
700
1494
4885
2077
3854
4297
6910
2755
626
4237
6662
872
156
6232
4427
4409
1779
1433
7787
5214
6384
7907
1803
374
96
1209
5778
5579
8025
1683
7186
3964
8047
1094
6501
7827
1224
4809
5138
8177
951
50
1057
784
4966
4313
1801
5688
196
7549
4341
5948
7665
6203
167
3220
2736
4448
2285
7901
4644
1467
6628
198
8102
669
6319
896
480
7132
7740
2090
6090
6849
5301
5562
8179
2706
4983
6631
336
4360
6227
4422
5623
4888
5842
3564
914
606
6746
8
3783
3947
3269
5327
3564
4158
3652
997
1798
5557
6413
2116
7361
6219
6975
3990
6986
2568
7181
4360
1324
4941
4628
2374
189
8167
143
7690
7698
821
2377
2676
3225
4952
4178
6742
2804
1400
2779
7740
1426
1805
6494
7082
4871
4831
4413
2881
7985
7566
5799
1874
3904
3472
6649
980
896
4522
535
4831
4802
5570
3103
3734
4343
3834
7613
463
6260
6471
4983
4503
4548
5017
4919
1302
5478
2085
7944
2922
2654
12
5066
4253
3214
1924
4518
4932
3389
1787
1255
4890
4464
301
179
7473
134
7230
5877
684
1885
3521
2769
5333
5612
3048
7514
1089
4562
5088
3500
3036
6752
5409
5783
4509
3441
5279
4600
2975
1787
4146
6513
7690
1691
5496
3788
1586
3206
2727
3943
908
2800
5950
7287
5402
3960
3388
3658
2067
6986
3202
487
2394
7720
3350
6891
1881
8162
894
2796
6660
7070
5244
2754
5568
4814
7343
270
2427
7811
7182
6775
1078
1050
5328
4361
5918
4556
2103
6719
769
5054
1618
5429
2234
2663
5085
1103
3466
5377
7514
2545
3310
6931
4490
3789
6461
4179
262
6229
5793
1058
1712
1314
62
1569
1290
978
3565
3710
2766
2738
6461
4995
5589
1344
4796
4680
3711
4509
2844
5022
44
1885
1884
4184
6788
1554
7710
364
301
4429
3857
2407
2656
5417
5655
7343
734
7214
4033
4923
7803
8004
1113
7929
4605
7630
395
7662
3594
5085
6129
2960
4838
3247
6723
7489
4313
1088
5057
1956
724
3231
7278
1466
3597
7477
6313
7605
7064
5263
3793
4548
4995
301
845
675
5808
710
787
83
4939
1186
7675
2098
496
6129
4803
2352
3060
5156
5367
1003
2396
2728
2462
5760
4895
2396
4946
943
6977
506
4034
5043
1437
3433
4608
5487
2148
4556
1243
5579
7962
5070
2064
5104
1694
5834
3317
4923
3802
6081
2701
7833
4212
6559
1902
5145
6557
6989
3816
3882
4607
982
7817
566
4211
3791
2389
3973
2032
2014
2942
8188
308
4199
2712
5324
3102
5572
1957
7427
822
6621
1400
2021
4388
3973
658
3350
8143
928
5311
3521
2838
569
996
543
1162
3730
1949
2856
5746
7546
536
2279
1608
6662
6619
3588
4777
1259
1608
3538
7541
3366
929
5117
7512
5790
4536
76
2139
5022
3937
5375
1172
2050
2094
1243
4747
972
8136
7306
2939
2019
1226
3816
4735
6616
1259
5940
6352
7367
7145
5943
7983
3817
5866
345
4288
2776
1547
5960
274
2004
2993
719
2524
2344
6353
5198
107
8067
6048
6224
2973
7804
5289
6673
7800
2559
3125
5008
7304
2851
2649
4777
1862
7906
6662
5741
3156
6073
5514
4270
408
700
4228
2794
1498
5069
7326
2511
5572
6614
8186
500
6619
7060
107
4678
5453
1892
7702
1131
4335
2773
7451
3220
2851
2958
1448
4377
8187
2903
4036
4990
7739
4752
86
3221
6905
6180
5903
3883
2836
3886
4672
3287
6125
850
6862
5358
6662
1515
7460
2796
7838
1724
4867
5220
566
4065
305
5300
6184
1903
1981
5538
2093
5092
6078
5069
6910
4455
5161
7895
4780
838
1293
7306
4693
3463
3851
5425
5617
5967
896
3544
7801
3718
5661
2802
143
7784
821
1628
1445
4395
7855
5741
7991
6788
5053
8013
2495
999
1117
6651
4155
7704
1525
3567
972
4622
6323
4788
1688
1905
393
1396
4696
1537
876
8103
3599
4317
4365
5379
724
1968
809
7807
4373
1712
3191
4094
2247
4314
674
810
2366
5274
4369
4680
2519
245
724
4688
3482
534
1252
3446
2893
4128
5489
7582
5013
7901
5701
1189
2204
8067
2331
8027
7630
7107
5279
7419
7916
7359
3351
6010
7748
2341
4855
6087
4220
5619
7280
4037
6214
6005
1753
5655
570
1038
6980
332
6791
5385
2686
5043
2394
239
2824
4437
7690
3585
7986
4914
7615
4341
3090
1259
3351
7981
3090
5324
5746
348
7419
3752
199
6003
3883
2508
4935
4670
5285
2737
920
250
332
7596
4003
3828
1691
2993
5013
4914
6954
4867
3148
6791
