0
0
0
9
0
0
0
2
9
0
0
0
0
1
0
0
0
2
0
0
0
0
2
1
0
0
1
0
0
0
1
0
0
0
0
1
0
0
0
0
0
0
0
0
0
0
0
0
0
0
0
0
0
1
1
0
0
0
1
0
0
0
0
0
1
0
0
0
0
0
0
0
0
0
0
0
0
0
0
1
0
0
1
1
0
0
0
0
0
2
1
0
9
0
0
4
5
0
0
0
0
0
0
0
26
0
0
10
9
5
0
0
0
0
0
3
4
0
2
1
0
2
7
1
0
1
0
0
0
1
0
2
2
0
5
0
0
0
0
0
0
1
0
0
0
0
0
0
2
0
0
0
0
0
0
0
1
1
0
0
2
0
0
0
0
1
1
0
0
0
0
0
1
0
0
0
0
0
0
0
0
0
0
0
0
0
0
0
0
1
1
7
0
0
1
0
0
1
0
0
0
0
0
0
12
6
8
3
6
2
27
0
1
1
5
3
2
20
0
0
2
10
0
0
1
1
0
0
0
1
0
0
0
0
0
0
0
0
0
0
0
0
0
0
0
0
0
0
0
0
0
0
0
10
0
0
7596
5798
5874
6677
5798
3076
5064
7963
7942
5428
7673
5661
2958
5798
1488
7246
64
5897
1548
6613
7216
5458
296
6873
3435
1180
5177
5785
5465
1004
4396
5395
3188
2270
1402
5911
2066
866
7364
5056
5783
3704
5335
671
7246
6384
7451
5012
2506
8012
7501
5692
1115
7323
6704
2559
6673
483
6476
4766
2585
7932
6299
3171
5874
744
5024
5798
3432
6540
5
1881
4693
1079
1654
8138
2676
1856
2835
8145
4021
7662
2943
7800
7086
6712
1957
8091
6673
1019
7569
3373
773
4272
5409
323
1787
4569
3178
2223
5542
1608
461
129
4903
6873
3965
2904
4091
350
2924
5372
5582
5353
7661
6575
5535
7356
7420
5821
5465
7018
4000
5556
5022
414
8138
2320
3785
7377
6384
4446
6387
4810
5383
4099
395
2778
5952
5446
168
1990
8092
5619
7399
4791
5783
770
1338
2389
3178
5572
7931
1515
8091
2835
2121
7490
2876
1352
6677
5997
4520
5078
4323
2994
1282
6229
972
4598
949
656
8093
434
4472
6332
4967
5005
2145
3232
3838
4993
1288
4680
8177
6601
6408
8139
365
7895
1367
3913
7596
5579
2499
1811
4827
5783
8100
2792
7098
7323
1525
3238
2981
2076
7408
3835
540
6224
4823
6868
1548
1797
7098
89
7021
8072
949
7963
1083
2145
7093
4372
2066
3004
7901
7277
6572
6010
3279
4791
6091
8136
5101
3283
6106
3578
6058
2579
8171
7163
5785
883
5618
7163
3659
5957
7404
7420
8100
552
1719
4396
2431
6924
7871
7237
5601
5542
5165
7306
6072
1552
7306
4323
7387
2145
4823
5188
4084
934
7370
7429
476
7963
303
6596
6170
3489
306
5465
2585
652
3771
31
3171
3602
6700
2650
2424
3266
1725
3076
6999
6349
7406
4976
1005
7367
770
7103
129
4082
184
4323
1844
4686
3325
6255
4742
5572
5970
8072
6673
4197
1713
4423
961
3698
7501
3971
7141
6146
2928
2156
8037
863
1259
2731
4637
7521
6478
2431
8136
5927
5188
3973
3075
3965
5074
214
6105
1183
2668
847
1957
7683
4430
7523
5793
1978
2145
5834
1259
6523
4021
8147
3971
1573
1353
4104
459
4510
972
5785
5927
6485
7758
8035
5377
3672
4432
7448
5499
6580
1352
7501
7662
4014
1515
7988
5444
6979
2076
540
1259
1282
3198
306
2000
7623
6485
2715
7404
6151
5289
7855
1757
6561
4260
3966
1112
1525
1943
245
1487
7177
6057
4654
7381
5200
5642
3325
2947
1270
1180
6750
2585
2145
6891
2000
7662
4678
5446
7521
6642
6091
1659
5005
5005
7469
415
1117
6825
6523
4780
7586
4021
8120
170
6289
6959
3135
464
5540
5535
6467
3650
4104
7197
3141
5302
5240
306
8002
7400
2139
863
3183
1259
863
7037
1615
5807
3714
7931
971
4029
7292
3690
644
7187
618
1571
232
6389
3488
8126
2984
6873
945
4104
4060
5377
1783
1694
7456
7822
4447
4228
7525
4432
7021
6334
5572
118
1515
3309
6255
5027
6408
427
5498
8073
1767
7527
5153
1811
459
326
7648
350
7232
882
5465
5056
3503
3198
7847
2490
2968
6557
2990
5039
6334
5572
863
3939
7460
6619
7820
975
6572
5200
6924
6802
6548
3196
5181
139
365
464
6873
6417
7936
3141
2460
7963
5359
5725
5231
2510
6911
8059
3270
5453
5182
3808
6536
4048
3427
4499
1932
5436
5661
1950
5672
500
8073
422
5070
5099
7756
6119
3011
3275
3884
2663
5982
8006
7884
1774
5066
1238
8071
4678
8167
7286
5455
2844
1259
7598
7399
6598
3652
7803
3588
7727
6229
6616
1855
2450
4496
4369
7477
7440
4693
6911
7367
5783
4228
6129
5927
7503
2918
6085
2772
5731
5670
3519
7524
6963
1282
4993
6229
2519
7166
7975
4303
5693
4693
2149
4747
6091
2710
3977
5145
4973
7052
3149
176
6712
7919
1694
3282
944
7910
7844
4160
3771
5317
6732
273
5334
4095
7496
2450
6284
3251
358
2457
391
5797
7919
6181
8136
4322
1207
2165
5531
2061
7748
2997
27
7318
13
5425
3184
6632
4175
6284
170
7892
5465
3032
5258
4276
1823
176
6091
257
7306
3282
1374
3178
8136
3489
2519
1797
3858
787
7121
5092
7501
8134
7037
5231
2540
7166
2395
1239
5991
1467
5314
2016
2997
1881
4104
5064
2132
4916
3501
5614
176
6349
2559
8035
6463
6709
7787
3819
6999
7527
1965
5143
6105
5022
6284
945
6254
6960
107
4432
6319
5050
5019
3627
2305
6107
2585
1694
1753
5834
3192
7500
2746
2439
2077
3644
4686
3356
7232
3704
6164
6879
1584
7755
2444
4976
1079
6095
2947
4855
4228
323
5585
1083
540
4387
1425
3178
6962
253
3752
833
4997
2982
7076
7926
5594
7246
3432
6135
4495
1664
7582
7063
2918
34
945
3183
7140
4979
1753
7847
2519
7386
6979
6181
6614
1694
4978
5314
418
4935
7936
6520
5892
7391
2942
6980
2676
7405
5517
5748
2461
5220
3401
4818
5494
835
7963
176
3966
3467
2305
3659
5231
1590
5453
6095
461
5455
2434
6596
1229
4143
7967
1236
354
7657
306
3014
7469
3090
7056
3650
7484
3711
2710
4192
7350
2777
3692
4268
3971
1777
8064
1039
1183
461
6595
5952
5578
6589
4789
3441
3819
7404
7469
8035
6129
2682
326
1049
1759
541
5833
722
2937
920
6571
1217
4505
5428
3356
4935
5079
1664
559
7087
4260
2072
3726
4649
5834
983
5715
332
1329
4637
1525
6825
1461
2254
5921
7765
3358
1631
7230
6437
2741
1401
6645
369
1965
1584
5750
2777
3262
925
2228
5113
6558
5957
1073
709
1654
7687
7497
675
7452
5292
8137
5125
1029
3051
2137
331
6535
4492
4700
61
7230
7918
2232
3433
8048
1057
1631
7755
2663
3460
6735
6735
4183
5200
4446
7404
2486
5945
4521
254
3275
5145
4329
369
5833
3642
3667
3732
6000
4485
8006
6660
8048
4353
257
7177
2214
4881
7592
2002
7371
2137
7230
1600
411
4823
184
7103
4654
1443
5232
4830
3971
4260
6189
2015
7827
1613
5730
297
4858
5531
5998
7982
1534
5531
4229
4654
4639
7051
