0
0
0
10
3
0
0
2
8
3
0
0
0
3
0
1
0
2
0
0
0
0
5
4
0
0
2
1
0
0
0
5
0
0
0
0
0
0
0
0
0
0
0
0
0
0
0
0
0
0
0
0
0
0
3
0
0
0
0
0
0
0
0
0
0
0
0
0
0
1
1
0
0
0
0
0
0
1
1
0
1
0
0
0
0
0
0
0
0
0
0
1
6
0
0
2
8
0
0
0
0
0
0
0
25
4
0
11
8
5
0
0
0
0
0
0
2
0
2
4
0
1
10
0
0
2
1
1
0
1
2
0
1
1
5
1
0
0
1
0
0
0
1
0
0
0
0
0
1
0
0
0
1
0
0
0
1
0
1
1
0
0
2
1
0
0
0
0
0
1
0
0
0
1
1
0
1
0
0
0
0
0
0
1
0
0
0
0
0
5
0
6
0
0
0
0
0
0
0
0
0
0
0
0
8
7
8
5
7
5
25
4
3
1
2
3
4
27
0
0
1
12
0
0
1
2
1
0
0
1
0
1
0
0
0
0
0
0
0
0
0
0
0
0
0
0
0
0
0
0
0
0
0
10
0
0
6958
7039
3482
566
6243
340
534
6568
5904
562
7650
7687
6378
7847
4264
91
6972
7872
5982
3389
662
4389
6929
1049
1620
411
3542
4058
3988
702
4708
4609
3025
2539
4609
411
4727
5748
5440
5301
1011
6052
353
2670
176
4843
5092
6391
3742
4813
3922
5688
1434
3254
4537
6088
1584
5079
1621
2228
5466
4361
7753
7784
6458
1463
2860
1488
1488
2004
1870
1473
6128
7727
1462
3185
2513
6000
1716
7207
1452
4190
5376
3577
349
33
1826
7230
2975
1017
7583
2696
4742
795
1173
7598
5798
7745
3747
5730
1856
1479
4851
4217
6701
2164
4056
1182
1497
7584
1009
4727
2957
33
753
3122
1353
777
6068
6737
7527
3455
535
4614
3173
2884
5184
4847
3959
7269
1769
4852
6452
2603
2199
7294
4094
6680
4822
7849
8135
5385
2004
3183
6957
2213
7438
2952
5091
1475
2163
2740
3658
3092
5115
5195
3638
7961
3811
7113
2080
1917
3610
2022
2573
3806
1620
5092
1705
8135
2608
6330
1819
1352
523
4637
118
7317
8036
7450
2354
2393
2707
5534
4961
1815
2299
1769
1577
2261
5430
7246
3455
7236
4174
1483
174
331
1538
7512
1540
7782
3694
542
3169
6662
4401
5462
5578
222
1628
4485
772
419
3268
6336
2421
4067
3811
4147
5997
6041
1523
411
6494
6411
3844
7497
6645
3809
33
4489
2709
6660
1269
7657
889
5
3850
2341
4993
3283
6400
5351
3125
1058
7460
5848
6322
1511
130
738
4521
3443
2661
7704
6107
5138
1452
6162
266
4594
2925
6759
3864
5124
7375
2020
7430
3759
733
5935
1696
6754
7964
41
3283
7683
3090
2712
2305
5848
2980
1588
4109
2772
7922
2951
697
6744
4264
209
765
5928
8064
8100
961
1552
2670
7264
4221
924
4747
889
551
7521
2330
4752
7317
7525
2139
3940
5552
8057
1229
803
7113
3455
726
7749
6048
7522
6680
4207
5489
1780
2213
4212
4282
709
7117
7650
4323
6017
2526
3192
6891
3413
7420
7212
1112
3998
1986
22
326
2770
926
3356
7447
3666
6706
6335
7404
6809
4686
4021
6653
755
162
162
4676
3827
5366
6957
2656
8137
6561
4829
3235
262
6414
5980
7400
7212
5425
1013
7469
505
3169
2318
2684
3405
4194
3988
6349
8037
6010
4401
6596
216
2070
2688
5834
4323
523
5753
217
5077
1277
7539
2401
3993
3930
3145
7317
523
4637
961
5782
731
5868
1336
144
7229
4472
5986
2508
6044
395
3915
3178
6349
6894
2446
4637
5940
7835
6151
5120
7229
4651
432
763
5020
3708
851
6911
7197
8093
3011
2837
709
2366
7060
1619
2390
912
2836
8
920
2608
687
216
6692
3627
6325
6349
6704
6378
4823
8082
2540
7859
7985
1999
2253
5662
1483
5883
4432
5240
395
806
7704
8060
3698
2582
7480
7702
2811
1545
4202
2411
487
4212
6692
4523
7521
7683
4678
7177
5552
7177
7404
8
7664
6460
1968
6233
3477
7981
5848
505
5366
1628
3752
7158
1039
3680
7604
7478
2628
709
847
1550
5267
2475
7477
41
8036
1719
4430
4052
6662
7875
1572
5033
3909
1461
1844
551
1070
261
5455
6957
1515
8057
1986
498
970
1511
4896
5725
946
523
5358
5874
4600
1833
3075
523
523
3819
3792
1179
7875
2427
1694
3394
8084
7521
3090
4678
1604
4379
709
5692
8037
8147
6010
7264
7768
7236
2648
526
407
3283
6352
4809
4109
2114
143
2360
1329
5454
1833
4286
22
1329
4205
505
5366
5940
6596
2943
523
7400
2918
6643
476
4678
1986
6662
4993
2021
7255
7039
558
476
2457
1931
1769
980
261
7470
6706
7456
2291
4776
2457
7841
5585
2295
7356
3466
216
2148
4637
3879
4011
5963
378
176
5865
6957
4958
4323
6486
1819
2318
6825
4265
2377
683
4009
5833
2654
6608
1058
2847
7264
4993
3125
3178
6999
5240
2585
1650
6264
5377
6305
4890
1620
1489
4611
475
8147
4678
1329
2427
5897
2560
7663
5945
559
1434
1287
5227
1600
1177
7697
5917
3489
5124
7404
27
755
7399
7743
3780
3678
6318
4637
7438
5288
2150
5049
4212
1911
3020
7905
523
3488
4578
4004
6202
2146
2244
5906
2119
1361
1727
5980
1305
3965
7521
3069
789
4776
2187
4401
222
5834
961
6662
5261
6973
5507
2526
6928
1913
5991
5240
2675
8062
5530
7160
7938
1097
2156
1452
5314
2726
1608
505
1986
8147
5455
3965
1773
2311
7697
3634
5353
3489
5358
1491
1913
4569
7872
3652
3678
4752
3327
2353
5240
4118
6195
1024
1780
5620
6735
6273
5412
5144
7964
3998
7404
4432
6105
4939
498
1694
5022
5289
5377
7523
1696
3881
7784
4892
6135
1834
1545
3678
3183
2943
6557
4872
568
1565
1163
7811
5265
3301
3631
755
1551
1696
7735
4976
4688
3077
1924
7687
363
8072
4455
8057
7469
6077
8011
1733
4605
631
500
5261
1569
1858
1608
4021
418
3052
5497
2260
2109
2582
5928
2893
7476
1905
2893
3830
6243
4472
7135
2982
5274
6744
2982
2457
6957
5224
4082
4788
5412
3947
1852
4504
1560
7378
7031
7031
250
3136
6836
2232
3651
7984
5408
3183
3183
3169
237
7321
2573
966
3835
4430
476
6463
5972
8035
5935
1926
5874
5494
1021
1117
3623
1941
7188
671
1538
3816
7602
98
2777
1650
3002
1488
2004
4792
4109
5193
4317
3001
2522
4561
1794
4178
3283
5512
2157
7039
4524
6271
3025
5332
7942
4392
7437
6889
3254
3676
6599
6383
1727
5797
4884
6271
1932
5620
7757
2608
4266
5376
753
6004
5013
5715
5222
4317
6387
6663
6656
4175
6104
3666
4112
3140
3571
343
6210
4200
335
6972
7788
6010
3508
4527
500
2796
6677
4215
3194
3386
7782
2054
3533
4343
407
4478
390
851
484
7398
672
7598
420
2832
3930
5891
33
444
7196
2418
1854
5581
3140
1844
5670
1525
770
1620
765
5732
3140
7614
4614
4504
2631
1502
4266
7546
5107
649
6371
3292
508
7180
4046
7235
6304
3092
6068
2261
7113
6554
6168
7749
2887
7140
7404
