0
0
0
8
1
0
0
2
9
1
0
0
0
1
0
0
0
7
0
0
0
0
3
7
0
0
0
0
0
0
0
0
0
0
0
0
0
0
0
0
0
0
0
0
0
0
0
0
0
0
0
0
0
0
1
0
0
1
0
0
0
0
0
0
0
0
0
0
0
0
0
0
0
0
0
0
0
1
0
0
0
0
1
0
0
0
0
0
0
0
0
0
9
0
0
1
6
0
0
0
0
0
0
0
22
1
0
8
4
3
0
0
0
0
0
1
2
0
1
8
2
1
3
1
0
3
0
0
0
1
0
0
2
1
2
0
0
0
1
0
0
0
0
0
0
0
0
0
0
0
0
2
0
0
0
0
1
0
0
0
0
0
1
0
0
0
0
0
0
0
0
0
2
0
0
0
0
0
0
0
1
0
0
0
0
0
0
0
0
1
0
9
0
0
0
0
0
1
0
0
0
0
0
0
10
5
9
1
1
0
25
1
1
2
2
1
3
21
1
1
0
10
0
0
0
1
0
0
0
1
0
0
0
0
0
0
0
0
0
0
0
0
0
0
0
0
0
0
0
0
0
0
0
10
0
0
4830
3159
4753
7997
2957
4649
3287
7997
7997
7416
7997
7527
4496
277
8072
5785
7887
2248
1958
1907
4824
5694
4505
7279
5767
3047
4292
1833
3858
6598
7176
2915
6636
7456
6636
1396
3320
7400
709
2139
4268
6983
1289
4791
461
2820
6561
1276
4993
7846
6935
4487
7157
3076
7103
6785
4191
3699
7923
1183
118
4993
69
6926
5160
6733
2454
2446
2023
5569
5783
7318
6224
1713
4099
6478
2950
7964
5452
5578
1458
7923
2698
1919
4800
3676
266
7279
4290
369
2712
5274
7932
1079
7306
5725
4722
5482
1965
6276
1811
8082
6485
5972
830
5797
2156
5911
8
1790
5972
6793
6561
6601
7121
7913
7755
7059
2273
7416
1076
1635
7318
5834
3011
8091
6129
5064
4011
5545
1613
1965
5099
5510
118
5274
7841
6091
1525
8136
22
3351
3010
1552
3192
7364
440
2698
1228
1262
4766
3321
3728
7356
476
7444
3977
2994
8091
4369
5547
5545
2219
5079
1347
3819
1130
6714
3989
1262
3865
3958
5
1525
3410
4554
2145
6894
3159
3171
5444
217
4457
3321
2420
6129
1515
3838
6098
4993
461
3238
1011
4319
1740
7371
1515
7619
1130
2984
1976
3592
1905
5042
2434
5
306
2352
7477
3363
2820
5133
2070
2979
1544
3010
3971
6485
7931
7367
176
3580
3283
2145
830
3634
3359
2342
1110
1352
4118
837
371
4000
7388
4168
1552
5042
4432
3136
882
709
3646
7572
7156
6895
6636
6044
1654
4104
5695
5834
6119
510
3238
4680
560
8100
1773
4511
8147
5289
1130
581
4637
2982
2024
7687
5519
1467
5317
4658
6596
6596
7648
4344
6266
272
2585
6119
4993
7485
2994
459
3501
476
6911
6125
176
270
3733
3283
7847
4601
7411
2583
1471
3198
5671
1449
1266
3441
4791
847
687
296
1872
7246
1639
2159
7480
3468
3733
6430
3149
793
2675
4678
118
5070
6636
2070
1525
8171
4680
4432
464
674
306
687
6540
2569
4515
7835
6229
4430
3136
3883
4935
7281
1694
1080
350
5421
6016
1560
7098
1525
273
1079
1186
6229
6526
6744
1288
1515
7572
4661
3011
7938
995
2424
768
6348
5793
1130
5927
7841
652
415
5236
7318
1183
3673
3678
8096
111
6793
5572
2460
7396
2997
3489
7931
2675
6040
940
7429
1259
7931
995
4976
459
3971
2076
7163
5125
1911
2076
786
6627
154
731
7662
7469
8009
3011
707
7041
7420
1525
2156
8014
6825
1186
4903
7177
4277
7429
5359
7318
697
5865
7973
6044
74
1403
1471
3973
2076
5972
7758
6045
421
3447
5631
1259
7477
3489
7111
3704
4196
2341
3149
2139
2585
461
7895
6105
1693
2159
945
1694
4981
3451
6143
5286
1073
6633
3973
2076
1183
1525
7438
6255
3762
3857
3692
2570
7242
1259
5070
4306
3279
1004
3011
1561
5200
5446
5844
7610
5207
5124
3692
3971
2526
3809
6399
4455
2712
3921
2112
674
3238
7174
7689
979
5850
5945
323
2950
6619
2675
565
3446
4277
285
7805
6825
2717
1608
4720
4609
4010
2601
6305
6108
5274
8082
5986
7349
5039
985
1403
7444
5114
5129
214
3090
442
5062
4369
1403
1525
3785
3838
1494
27
3704
2540
5549
6255
6523
3279
7103
5261
5536
4428
4164
4452
6642
6557
4342
5588
1180
7748
1659
5033
2624
4148
3389
7250
3100
995
6825
6978
3230
6532
5555
652
7305
2041
2791
2784
4014
1569
4791
1276
3646
3077
1784
5370
5193
2450
1089
7306
5572
5897
4049
5330
5200
3561
17
4120
6384
3207
3562
6894
3749
7914
6532
4903
1262
6861
5527
1449
7657
5692
7512
4863
6865
4789
5785
7726
2789
585
1335
7281
3714
6456
3575
176
13
2750
7722
1287
7823
7370
7356
1110
6639
3112
6575
5375
1468
5998
3969
1584
3174
3225
5952
4993
773
5230
5168
684
3809
156
1957
6826
8030
6229
3283
3183
358
3775
3252
6958
4504
2526
2299
1184
7500
652
8157
4484
3352
4810
1550
7420
5038
2817
7525
4523
2134
7222
7546
4546
1560
1823
139
6242
1790
652
2149
7477
7687
4779
3909
26
706
13
1608
4678
3519
972
7111
5783
5786
7501
5200
7784
4165
4857
5261
4455
5527
1823
5783
6105
5465
2145
6478
2076
7607
277
5578
3283
3149
6996
2753
6262
3578
6463
1305
4872
1608
2774
6709
1734
889
118
6348
5005
7501
6963
3650
4790
6979
6830
4228
5125
476
4993
1183
7855
1773
7514
6865
3580
3692
4260
6154
320
6322
2997
3446
7923
5702
4148
7954
5464
5328
5865
2615
2519
1461
6969
3678
3468
2149
7880
2988
344
4226
8041
4680
7225
3771
5326
4888
5746
2303
5078
2409
3391
3625
7103
1797
1458
4060
4450
1458
4446
2540
2199
3501
6485
5536
3225
7841
2064
6467
5591
3220
5279
2225
1238
4950
6417
5619
4270
1425
7258
418
5608
6450
727
1988
1447
3063
6580
4369
6642
6146
6291
6125
5465
5930
4432
1774
932
2157
3634
6209
392
2105
5798
5744
3625
5079
2525
3883
253
4447
4475
7136
2105
4175
5092
7135
337
5930
270
3063
1872
3198
6334
1678
7707
326
4892
5742
5906
296
5261
5588
6321
3684
2973
2161
2668
5416
132
1567
6978
7523
3620
6135
3832
2732
6449
7976
1844
2175
979
3188
1425
215
8025
2958
1664
1075
3590
1021
2105
253
3232
5798
3051
6473
4011
5261
7919
5125
5125
303
7799
2449
983
3620
5285
6327
3702
3936
1238
2343
2987
450
2629
531
7933
2552
5048
7232
368
1105
4689
5952
8025
947
7592
4856
7153
2145
5353
27
422
6326
4993
3519
225
5797
2049
1794
4851
1285
4251
7740
3155
960
7157
3793
3684
2110
2349
1796
3752
3575
1965
3220
7723
6735
2244
6535
210
7934
4021
847
1226
27
5865
22
476
4572
940
3393
6912
8060
2780
7061
6756
8127
6768
332
6450
5128
5344
7714
363
5324
4634
5531
1965
369
3074
3443
6645
3635
4893
847
25
7456
3692
5497
6642
8136
5022
3942
1049
261
2002
3589
6660
5708
1252
6864
2766
3795
8091
4997
7882
4609
1550
