0
0
0
9
2
0
0
2
6
2
0
1
0
3
0
0
0
3
0
0
0
10
0
2
0
0
1
0
0
0
0
0
0
0
0
0
0
0
0
0
0
0
0
0
0
0
0
0
0
0
0
0
0
1
1
0
1
0
0
0
0
0
0
0
2
0
0
0
0
0
1
0
0
0
0
0
0
0
0
0
0
0
0
0
0
0
0
0
0
1
0
1
0
0
0
3
7
1
1
0
0
0
0
0
21
3
0
12
7
7
0
0
0
0
0
1
1
0
1
2
1
1
7
0
0
4
0
1
2
0
0
0
1
1
6
0
0
0
0
0
0
2
0
0
0
0
0
0
0
0
1
0
0
0
0
2
1
1
1
0
0
0
0
0
0
1
1
1
1
0
0
1
2
0
0
0
0
0
0
0
1
0
0
0
0
0
0
0
0
3
1
7
0
0
1
0
0
0
0
0
0
0
0
0
10
7
8
3
6
3
30
2
3
4
5
4
2
34
3
0
2
11
1
1
0
5
0
1
0
1
0
0
0
0
0
0
0
0
0
0
0
0
0
0
0
0
0
0
0
0
0
0
0
10
0
0
6361
7561
2206
3775
2628
1220
827
692
5006
2280
2591
3541
1202
2163
1144
5812
1760
2378
5135
8135
6871
845
6310
400
3264
986
7601
5940
2393
2860
2499
600
2884
4963
3786
1338
6956
2012
2090
5301
133
7998
1856
402
5311
8134
6410
513
6525
4840
6458
6836
5745
4577
8003
6885
5348
7200
1645
4751
3657
121
2986
3148
2238
2119
4688
7638
2895
2261
1760
7457
3666
8067
793
4025
6646
350
463
3772
4006
7631
4223
6500
5337
6434
6555
6559
6486
2787
3305
278
1545
1550
1441
7498
7818
3174
6362
3918
2517
5577
3371
256
7644
7067
8018
4850
5170
4859
4645
610
371
5307
5673
3156
3050
4347
7270
3387
5741
5128
4405
1033
2431
1812
5263
8059
3958
7313
6022
7985
3815
6603
6367
5406
1028
5812
7706
5968
7410
4226
6054
944
4051
6274
3319
6682
6179
6088
2752
317
5455
3772
5310
7649
7503
3073
1548
4410
3719
7561
3092
1500
4464
3537
3828
6665
6866
6023
6034
7952
6486
3089
3568
1773
2153
4970
3789
6603
5644
5765
923
7195
5855
2234
7873
4305
4291
4268
5303
3763
3853
1008
3700
2262
2300
2717
1804
4746
1063
2876
3024
1489
3990
6919
4517
5565
2812
2095
4337
6476
8041
624
4281
2981
3704
7261
2247
861
3682
744
744
819
4425
4610
6488
6687
1656
2508
1778
6246
1633
1586
2875
5040
4230
1840
2381
7184
2996
3340
6792
513
1503
872
5330
6806
6819
2752
6033
2791
4175
3572
2405
6271
5034
356
7260
5493
6425
6516
409
4352
826
944
50
4219
4425
7970
5207
893
1171
6991
7975
2819
7020
7873
4230
3772
6862
4859
150
1576
7582
2552
4444
3652
2513
2436
2881
7622
7523
4855
3387
409
7617
2161
738
3724
7814
6919
1367
1993
7200
7831
6502
166
6650
3555
4487
350
8084
6397
7582
7180
826
4764
7721
1127
1155
851
3179
1382
7760
1328
7129
5696
4645
7894
4024
8010
8126
879
3879
3565
8125
5132
2606
8145
307
4872
983
1113
5763
7136
2439
4584
4885
6286
5653
7480
3835
4202
2688
2438
1816
1851
4186
2455
7952
4750
323
6882
6027
1223
6401
5406
5935
7952
5017
4805
901
7601
7850
2656
7593
7173
2196
307
2233
7828
5622
1843
1367
5292
5739
7923
1798
206
7191
4032
655
3181
7750
7629
824
5129
7805
5812
7850
8185
1870
1551
31
2641
1817
7898
7901
5162
6249
2530
7056
4431
359
5011
3839
1952
4167
7325
3150
4666
4897
8181
1990
689
5234
6742
1063
3454
6635
5913
2062
474
3657
7582
4644
4913
3132
8129
2647
4885
3384
7107
4373
2293
1968
7221
3343
2876
2606
4037
5126
4967
130
2281
6800
2277
2693
6930
2144
422
4297
6668
4413
6004
125
7262
795
5126
1570
4201
982
5741
1318
7594
6560
113
7261
6087
7865
5557
6286
3050
4751
7913
5374
7846
3360
1396
4174
3335
6789
4160
4295
5485
5394
2276
1674
2917
311
2656
4477
3335
3765
3517
6319
5007
8125
4560
5709
539
4598
1094
383
6904
2710
150
5413
4505
4538
8074
660
6979
3585
2854
679
1979
5998
5111
2876
5657
1367
4984
2991
5992
6742
3417
4971
2103
5812
6286
1302
5367
3428
7342
406
7450
2148
3723
5917
4750
1390
3295
2151
5201
4476
4061
3942
5176
4111
4582
3332
3089
7208
2724
1939
5621
1489
3005
233
1628
6003
341
773
197
2060
5386
7601
5234
784
5589
2486
4115
1645
1123
3833
355
7816
4173
4006
191
7721
6736
7293
2046
3710
5630
5298
309
1299
1586
1809
3019
5741
7886
5241
6996
2127
2381
833
1316
2555
1171
4075
1683
4917
3764
519
915
7674
3529
6025
7519
4737
2915
3101
3484
3277
4543
4171
5241
3537
5836
178
6461
4576
7430
8030
6005
3558
5347
5637
6277
2871
2102
2714
2775
7286
3711
7292
4395
745
1726
3752
7248
4674
1056
1197
2492
3626
4357
6996
8171
2757
1261
7386
2058
2871
2702
7123
149
2050
1806
7569
3099
4592
3199
648
7043
8134
6205
2471
7428
771
734
983
3105
1888
4518
1865
4001
5431
6368
7681
3759
1396
7566
1853
2893
1990
5105
1714
6764
6807
640
755
4978
6326
5979
4344
963
589
4083
4550
7133
2174
2700
4645
7728
5400
7008
7526
8020
3502
955
1063
5564
5327
6162
6634
1810
4943
6620
4890
4506
6425
2556
3275
2688
5413
719
6045
5399
6765
7178
2625
5438
5657
2722
5188
7605
6570
7750
8175
7603
3509
1741
2190
2021
4360
3622
1735
4858
3045
4626
4258
4593
3460
703
578
1326
3670
755
5105
1080
2859
1241
7681
3709
1908
513
8191
6090
4943
5953
2037
1191
4983
7659
3617
3652
291
6801
4917
6045
367
1353
4528
2631
5917
6964
6786
696
7824
1261
5078
4885
7191
6649
5234
2872
5729
6765
5007
7988
6962
4127
4316
1628
6416
3417
2091
4606
7815
6494
2158
1537
5803
1489
3875
1463
6426
2714
956
7511
286
7623
6353
7129
7649
4521
6645
4447
1761
2607
7055
6142
3868
6757
818
4022
8109
6236
3005
5303
5603
594
1063
3334
518
610
4275
3073
4826
7970
4917
3424
4147
6256
5333
440
5619
4625
460
5593
4176
5026
7145
5866
1202
7778
6655
2887
3240
4687
7858
1202
3233
2722
1556
6351
5053
6318
5690
3740
3019
7266
5327
625
3765
3394
7593
4867
2896
179
4390
7720
7671
4344
5621
5311
4127
2991
2236
8075
3686
6423
8092
458
975
4446
4916
6674
1501
6587
3512
3460
4769
2787
2234
1651
5825
691
1589
4146
4867
1071
6021
5896
1939
1570
3337
1310
889
1409
3132
7301
4242
7980
3073
7911
30
1287
3958
8155
4542
3077
4497
5497
7099
72
7952
7542
305
1776
825
4452
8030
189
1150
229
7526
4087
6909
7803
5680
5241
1748
7980
5748
7613
4517
823
1290
3554
1642
896
6066
5475
4946
3229
5435
2619
2700
1324
2777
635
4874
1443
8151
6304
2229
1171
7104
5372
7617
3903
587
1607
1160
1035
4880
4291
5667
5919
3788
1923
1776
6548
5995
7743
4694
3471
