0
0
0
9
1
0
0
2
10
2
0
1
0
0
0
0
2
8
0
0
0
0
8
4
0
0
0
1
0
0
1
1
0
0
0
0
0
0
0
0
0
0
0
0
0
0
0
0
0
0
0
0
0
0
0
0
0
2
0
0
0
0
0
0
0
0
1
0
0
0
0
0
0
0
0
0
0
0
0
0
0
0
0
1
0
0
0
0
0
0
0
0
2
0
0
2
7
0
0
0
0
0
0
0
20
1
0
8
6
4
0
0
0
0
0
1
0
0
1
4
0
1
5
2
0
3
0
0
1
0
0
1
1
0
5
0
0
1
0
0
0
0
0
0
0
0
0
0
1
0
0
0
0
1
0
0
0
0
0
0
1
0
0
0
0
0
0
0
0
0
0
0
0
0
1
0
0
0
0
0
0
0
0
0
0
0
0
0
0
1
0
7
0
0
0
0
0
0
0
0
0
0
0
0
9
6
8
1
5
0
22
2
0
0
1
1
0
19
0
1
0
10
0
0
0
0
0
0
0
1
0
2
0
0
0
0
0
0
0
0
0
0
0
0
0
0
0
0
0
0
0
0
0
10
0
0
683
5168
3492
6144
6259
4522
3207
5714
4878
6354
4237
4475
5403
7940
2465
852
1836
5382
1344
6104
6104
825
6436
8002
3883
8067
753
6214
8136
173
783
6791
6303
7256
908
3231
3892
8025
4712
1944
2676
6384
3947
1207
6966
7420
5013
3038
4415
2017
5710
6320
6791
4207
7620
2560
5783
4817
1561
8136
4021
5702
4129
2066
3145
3225
1010
4580
3240
4146
7223
214
4609
4578
516
4036
6296
8002
7864
4912
5596
1049
3785
4899
6154
6454
2948
7882
3460
6948
1131
3218
3650
4817
1804
500
5989
4293
6384
960
2465
3494
3494
45
6437
3685
7610
4124
3718
1846
3404
4870
5129
1584
5833
1818
5629
5403
3541
7827
7304
4872
4303
536
2103
3060
7296
2647
1280
1067
8025
3542
5129
960
3240
1769
3414
8173
8059
317
1396
4688
2434
7480
5129
973
4017
531
5024
450
4651
4628
1748
7901
311
6535
4317
3282
2977
7337
6720
5489
1803
1004
1415
5735
4341
2080
4056
3710
4517
8067
184
1515
7756
4514
4328
1939
28
6168
5387
4606
5507
4575
5874
3542
6422
4181
8118
7154
7923
3728
97
671
6553
7940
4017
4007
1488
7682
2928
4810
6800
7085
1566
5868
4855
2724
7260
7260
4978
2342
368
1144
132
4980
3643
5847
8000
1382
5557
5290
1971
1107
5176
6499
4293
7087
4962
7375
1548
298
2622
2139
2647
7846
2157
2981
6800
7387
5054
1485
2774
3848
5797
1189
1266
4084
2682
6865
7801
1458
7569
3214
1979
593
3047
2434
459
2895
5957
2341
4487
1050
995
2710
6125
6326
5762
6885
3580
5125
1608
5386
7037
3171
7367
4272
6284
3577
3076
5770
7111
422
940
7994
5682
1989
6795
5573
6047
6616
6242
3958
6557
4676
6865
8096
5919
3045
738
1724
5144
1404
1262
84
2253
552
1094
6146
4583
5547
7420
1578
4957
2299
2647
3404
2717
6761
5840
4228
2984
2578
1226
4511
757
2448
6408
4037
6478
3467
733
8041
132
461
6733
5125
2272
1330
1193
7739
2127
1525
3165
7795
1396
1117
8137
6252
1662
4229
7234
5557
2189
3238
5125
3946
7347
4319
3404
4104
6642
1130
4924
6602
7037
1725
5695
6044
5693
4095
940
2389
5169
4362
5803
2007
7736
7362
3953
3657
1352
8041
6677
7241
459
2299
5515
4872
565
2698
7418
3261
1262
3752
3460
3644
8137
7787
3830
2973
6536
1330
7163
2223
1189
2732
5448
1254
3226
4277
2439
7610
4997
6935
96
3401
3611
1855
7367
4021
6146
6918
2164
2712
120
2228
7232
4192
459
6608
3404
7929
3627
664
8002
7232
6551
2825
945
1168
4598
1724
256
5772
5591
4571
5288
4139
5157
2140
2637
4905
306
3289
3404
899
6105
4817
7631
1561
6129
3977
2793
7662
3899
614
2717
5333
456
4985
1028
2785
5005
5353
4583
6292
2578
6714
5288
6259
7940
3892
709
1590
5231
8100
1491
3900
2887
3939
2735
6010
6733
427
6073
4262
2547
6924
7657
4755
7613
6252
4397
4277
7539
3857
4523
3353
5074
4095
390
6548
6384
2748
683
5647
4213
47
2683
5034
1307
2947
7546
2165
6073
4583
7270
5365
2531
6110
7060
5778
6405
797
998
1954
2351
990
4967
199
7367
1647
6271
6548
8025
5201
7818
2976
6209
6232
7921
4036
5655
1749
5129
1584
6311
472
3661
5650
2773
3214
2426
6558
6145
3575
3576
4080
3631
2104
3075
4488
887
7817
1739
6619
5129
1336
7319
168
6897
72
7894
7748
7281
6229
1401
3352
2715
679
6501
5220
976
1339
1336
2824
7610
4275
6018
4053
681
7304
6023
2140
5042
6198
138
3942
3081
7744
2519
978
8137
4758
4344
8173
6057
135
1095
4944
300
1823
2631
5062
5078
806
2612
6398
1258
3238
1187
7879
6234
5317
1823
2582
1019
5466
3460
3494
7940
1619
2895
6175
1095
7496
6802
5101
1079
7179
6865
3834
8103
2062
5630
184
2824
5453
4228
4021
6299
120
6010
6088
1651
7613
944
350
837
1117
1680
1613
3668
6354
2647
2027
6334
2150
3404
5189
2439
6563
150
5291
5449
6589
6589
1569
1827
1162
6705
6044
2077
2434
7714
69
1730
98
3050
1855
949
1694
811
7070
8103
3115
7371
2624
1726
2895
7109
5144
6151
5
540
3914
2126
2951
2228
6085
5834
6151
4571
132
7270
954
2519
1338
7775
7514
1354
5772
712
787
4255
7064
6309
985
2676
6384
6969
325
4722
1246
2824
2351
189
4277
315
6224
2353
2345
5464
1107
2029
470
5527
593
22
22
1654
2264
3958
6800
7480
1110
4759
5029
2676
425
6553
1672
182
2606
1872
2710
2259
3225
2290
833
2824
7748
3184
253
5702
7306
247
4511
3795
4000
256
5899
2072
712
3428
7748
3602
5054
8073
6553
7872
1739
5129
960
7872
1892
6038
7472
1672
8025
960
3646
4810
2072
639
5578
1909
1247
945
306
4858
1437
7696
7406
2903
1823
2676
2676
7901
3726
5010
5324
6796
1576
3207
1672
3741
8025
6519
6510
2066
960
5279
4988
2231
5334
1201
1855
1226
6675
2299
1079
865
1476
6288
2487
5634
5412
3682
3477
7405
3225
4478
5746
2796
3542
3959
3004
2465
7615
6384
6587
3352
1944
2708
4622
833
159
4562
1569
1352
8143
3130
4621
7480
710
1642
7427
3118
5928
2279
7679
7753
1948
1709
5619
2411
4139
825
2676
418
2465
5129
2851
799
4641
4766
606
7343
2735
945
901
723
3207
2938
819
1572
1280
6677
2343
3004
7440
7163
6796
7063
7716
1709
6588
4644
4233
5079
4644
1672
7753
6384
7940
1688
6752
3559
7013
447
3093
3441
5366
7872
4800
5761
1217
8143
215
7506
559
972
6119
3136
7197
3620
2987
2419
1425
5594
5013
7806
2676
5129
3685
3575
4341
3106
6266
1073
1595
4644
4997
449
3524
3754
7393
8046
2634
5714
5285
7615
7431
1429
1360
6272
4303
5764
6137
5805
7223
4569
7419
323
7180
1787
4297
1733
4796
2184
5335
3631
1523
1279
6800
624
4265
5794
95
6976
8014
6186
559
5928
4079
5104
8
6377
3813
8151
109
