0
0
0
10
0
0
0
1
10
0
0
1
0
0
0
0
1
6
0
0
0
2
7
7
0
0
1
0
0
0
0
0
0
0
0
0
0
0
1
0
0
0
0
0
0
0
0
0
0
0
0
0
0
0
1
0
0
0
1
0
0
0
0
0
2
0
0
0
0
1
0
0
0
0
0
0
1
0
0
0
0
0
0
0
0
0
0
0
0
0
0
0
3
0
0
1
5
0
0
0
0
0
0
0
22
1
0
8
5
6
0
0
0
0
0
1
4
0
1
8
1
1
2
0
0
0
0
0
1
0
1
1
0
0
1
0
0
0
0
0
0
1
0
0
0
0
0
0
0
0
0
0
0
0
0
0
0
0
1
0
1
0
2
0
0
0
0
0
0
0
0
0
0
0
0
0
0
0
0
0
0
0
0
0
0
0
0
0
0
0
0
9
0
0
0
0
0
1
0
0
0
0
0
0
9
5
7
1
3
0
22
0
2
0
2
3
0
13
0
1
0
10
1
0
0
3
0
1
0
1
0
0
0
0
0
0
0
0
0
0
0
0
0
0
0
0
0
0
0
0
0
0
0
10
0
0
1913
5133
5558
4752
4021
3177
1825
6554
4257
5910
6989
2928
7329
7364
7838
4
2268
8061
7077
2646
5580
5534
4726
6582
7950
1097
7398
3589
390
7358
7386
4855
4950
6790
1331
2684
4807
3334
6676
7875
4859
6239
6011
5743
7085
573
191
2605
1106
4296
3875
7624
405
2579
7244
2270
3322
2546
5332
5951
7121
1849
1741
8005
278
4803
6286
589
189
2103
4147
2945
1140
6267
4916
6271
7408
4291
2389
3765
3565
958
866
6615
3983
6391
3766
7893
7255
2573
5292
7750
1675
3171
486
3998
6855
7068
7879
5550
953
2083
3939
5049
5151
4244
5591
4892
372
6002
5517
7827
8023
394
6625
1089
2690
1513
3623
6112
4109
3056
3811
2460
6486
1426
4450
6089
4937
2037
3606
1383
3757
2871
2488
1923
1924
4184
1266
96
6722
6989
4824
4415
2105
4716
4143
5566
6294
6470
1669
2028
8176
4762
5015
6850
722
5383
7485
2024
783
4242
5132
390
4916
6662
4871
3116
7858
622
3911
3702
254
3927
1029
3469
2825
3020
101
3003
1498
3293
3773
7913
2128
4855
1968
6205
520
1219
1721
839
215
1223
6198
3022
1917
7039
3647
2104
655
8178
7503
568
4108
1332
4490
7082
166
5139
6868
1638
2275
6080
86
6093
3348
2498
5366
5760
4226
7676
4512
6687
7122
4892
6879
6214
2557
6276
7613
7281
7453
5412
6068
5934
6350
303
3488
112
7177
4734
7177
1179
2020
6145
1887
7929
449
5054
2460
4990
1017
694
6194
4327
5790
2922
4628
7011
3826
1754
2757
2514
5034
6062
6763
5811
6296
6687
6242
5144
1728
3910
270
5548
2991
1063
3537
187
3311
7472
206
3144
7360
1063
4602
7973
686
3231
2552
2487
7311
7381
6497
5820
7107
1741
7329
8095
3714
6614
1973
6242
7960
6556
5772
4774
1332
2724
6232
4313
6712
3282
3531
323
4347
3441
4676
903
7259
5566
358
4280
2434
7098
2366
3910
3360
1258
3248
6387
1891
6056
4354
2951
1212
3082
1300
1229
6531
1474
3141
2614
4677
1692
6580
338
3484
3799
203
7542
1673
7133
1732
2554
1183
7648
7165
1662
296
560
8136
5062
7042
1547
6155
2951
7964
1158
2519
1487
3146
1590
3279
803
208
8136
5797
4517
2205
6010
2342
794
4070
5797
6993
5321
6108
4036
2560
5743
2419
4804
1881
5820
163
7352
8120
7762
3795
5375
6224
3316
3672
7644
4405
2213
5565
173
5492
7096
278
5286
3463
3516
5169
6300
1326
3343
4922
762
7107
7735
5392
2955
1528
4204
7650
603
4299
5376
3742
317
1547
4174
4344
5512
2020
4275
2893
4855
5902
1445
7095
578
3522
2682
2735
4905
7616
3659
4848
6994
4905
5417
1301
1328
7457
6825
3227
3947
5743
5951
1534
5721
2846
5343
2175
3232
2939
7675
2501
2643
8156
7096
1451
3039
8074
1008
4390
6998
5622
2921
4624
7511
7562
7438
5565
7230
6662
6727
8152
964
2376
3223
5527
4150
4657
33
2530
5028
513
4999
4663
7881
6614
4431
2197
4316
732
7088
1728
1015
724
6685
833
7467
5782
1654
7496
7370
270
22
5883
3886
7859
3112
4818
7917
2783
204
7749
1599
1778
8014
6750
2076
1944
6623
2733
7053
703
1212
1254
4715
4946
4724
7945
4965
5242
899
7033
1530
516
6077
2360
7305
731
5298
5985
1765
1243
3442
901
5522
7815
6854
6167
1252
7577
1481
5813
7145
4750
3491
8099
259
5604
5007
2543
4570
6075
1785
2877
5240
1080
2582
2224
4228
4782
4890
3883
4661
357
4388
431
6298
2096
1613
550
8139
1659
7879
1633
3101
4642
6090
902
4032
5548
1878
6726
2488
5935
8052
2833
5788
1261
2559
7376
6766
5728
6233
3488
3343
4306
2187
4723
7733
1530
3652
59
8129
3077
6496
6239
7370
2076
47
3295
52
3717
2440
2734
4663
1898
760
7452
1650
3223
7795
7345
2219
1396
6299
3282
5144
2921
5482
606
1262
2655
7460
2350
4336
5877
4432
2489
2227
2042
6106
2641
1474
3519
6410
6624
1955
8122
5079
1944
606
826
7232
6356
1637
3915
6047
6862
4855
2275
3903
5346
3244
3327
4437
4872
2508
3155
4215
3830
3519
7934
4487
1247
7282
1511
4512
3858
3950
393
6164
649
4326
5876
4323
7409
7569
3251
1104
1489
2291
8185
4847
935
2625
7410
1761
955
3595
3987
5328
4083
7409
6500
1247
7630
4347
5714
3635
2967
6659
4077
2448
144
496
2073
4980
1525
2305
3215
7822
498
5872
132
2682
1714
4031
8112
7519
2184
6971
282
7480
2020
5655
7370
7080
7356
5326
783
945
6980
2464
6348
5970
3922
332
1003
3472
6871
7282
523
5049
1741
7095
6549
4602
7122
1304
7139
1063
4065
4065
7163
2386
1065
113
483
516
4955
3002
5584
5664
5921
1589
5921
372
7584
4394
7846
7799
4199
6714
5940
5812
2291
6668
6919
3776
8109
5040
6500
5307
5952
4692
1872
1748
4353
5425
2213
5550
4514
1662
1620
3475
4348
3044
4759
3577
3604
7751
1451
51
5751
695
5177
7370
765
7692
1180
7367
3717
7315
936
5763
2253
5770
5945
3389
536
1220
6761
6980
3263
4498
6354
7484
3610
744
5107
2478
4202
6556
3101
8134
3657
4077
2135
6263
5939
726
7571
3236
2643
3864
4178
5203
2386
7872
215
4735
5579
4136
7029
4340
1709
7258
3631
825
1944
825
4651
5687
4237
6227
3882
6623
4421
3813
6760
1334
1326
3348
4084
5972
2072
2749
6171
719
6013
729
7882
8030
478
2777
4726
4272
914
16
3386
5660
137
5013
5746
3541
4975
1241
6905
5307
8185
7855
2682
6328
3239
7869
315
5458
6123
6608
6540
7560
7301
4628
250
7781
1105
1709
4762
7304
6321
1453
34
6549
7063
7484
14
372
5118
1721
6559
3904
1306
1853
6426
3957
1761
2390
6138
6557
5196
7539
7561
317
5412
7806
4818
432
7070
1767
2062
3207
508
4093
5031
832
5801
3809
1466
3755
48
4361
2734
3463
4990
3243
5550
1853
1627
923
2981
6345
7747
549
982
7784
1155
6737
4594
3835
7980
1709
7269
4491
