0
0
0
10
2
0
0
2
8
0
0
0
0
2
0
0
0
1
0
0
0
0
3
2
0
0
0
0
0
0
2
1
0
0
0
0
0
0
0
0
0
0
0
0
0
0
0
0
0
0
0
0
0
1
1
0
0
0
2
0
0
0
0
0
0
0
0
0
0
0
0
0
0
0
0
0
0
0
0
0
0
0
1
0
0
0
0
0
0
1
0
0
11
0
0
3
7
0
0
0
0
0
0
0
23
2
0
8
6
5
0
0
0
0
0
1
4
0
2
2
0
2
6
2
0
2
0
0
1
1
0
1
1
1
5
0
0
0
1
2
0
0
0
0
0
0
1
0
1
0
0
1
0
0
0
0
0
0
0
1
1
0
0
0
1
0
0
0
0
0
1
0
1
0
0
0
0
0
0
0
0
0
0
0
0
0
0
0
0
2
1
9
0
0
0
0
0
2
0
0
0
0
0
0
14
5
9
4
7
0
29
1
1
2
3
4
1
20
0
0
1
11
0
0
1
4
0
0
0
1
0
0
0
0
0
0
0
0
0
0
0
0
0
0
0
0
0
0
0
0
0
0
0
10
0
0
2343
764
2775
5138
2114
5102
2560
2139
2134
2627
1957
3792
1662
2615
3771
4148
1962
1131
6099
6456
4686
118
89
5618
118
7225
3977
505
4649
3965
4823
6318
5168
2427
5478
3610
3627
2787
3996
2518
7166
523
107
4088
3067
5786
5042
5005
2011
8147
3489
1296
8100
7906
4083
3531
6066
945
4010
7648
3965
1831
6979
461
4903
5865
3998
5366
2193
1262
7034
1299
5692
7964
7420
2559
6666
6744
5200
4382
2098
1728
7015
8184
3011
1026
5274
3225
7236
2165
6696
847
6704
3452
3032
4649
551
176
7521
6957
770
7814
3885
1514
365
1329
1552
6642
5274
3135
4679
4663
5274
638
1992
2508
3032
3969
894
5507
3835
1312
6767
2475
618
505
4467
5935
5868
6378
7460
8062
995
7424
2920
7415
1833
7318
461
6485
733
5604
658
1030
5883
3865
1695
3784
7142
7300
7484
2002
5541
2693
6756
8138
7398
2654
1009
2654
626
5343
3090
3726
7596
5330
7931
532
5934
1753
5080
2585
3977
7662
1000
4491
5309
5478
4823
1515
2788
2573
4467
7176
1675
5095
1717
5227
1925
2677
676
8191
889
1229
7714
3678
5980
7318
8100
1881
7317
5005
8046
3086
8009
7140
5797
7821
3161
431
3672
8147
4946
6700
1686
1854
988
3311
540
1431
310
6422
6983
7869
2660
431
949
847
3900
5274
7477
3977
4901
5101
995
7964
216
4823
6105
5612
6508
2751
7687
3576
1045
3279
7400
5699
7572
1792
5091
7767
4822
1675
1438
3486
1007
3718
6825
5797
7683
2770
6526
3678
3183
6844
5274
4119
1527
313
6673
7538
702
6105
6378
4119
3692
7349
8147
3771
7916
5184
3875
6578
4635
7524
1026
4701
3576
5231
431
7644
4323
4666
6638
4823
3711
5124
1934
2997
995
3966
5200
1458
686
7117
4939
7420
4510
968
4939
3463
7311
1833
5935
3470
2478
4338
8150
502
5114
5897
176
5588
6979
273
2251
1305
4336
1674
7512
1276
7364
7355
4465
423
2174
7979
4655
444
4238
703
5246
5783
3141
1827
7103
5144
1302
2939
3102
7364
7390
7743
4048
7895
7367
2457
664
6873
3272
6891
222
1710
2959
3011
4382
997
5347
2209
2540
6384
7306
464
7929
5952
4430
6891
1552
6633
5246
7974
8055
3730
7525
1552
6979
2897
253
6157
3169
7370
2751
8072
6862
3366
6499
6098
6499
3551
635
6414
1830
6077
7825
7932
6099
3965
154
3232
1282
7936
6092
5425
4452
972
6897
2019
6334
6940
6692
7400
4282
5353
6957
5793
6449
2076
2395
3965
863
4993
6522
6460
3614
6754
7465
1123
1329
1707
2649
3011
1777
2380
6092
3228
3692
7177
6098
3283
2019
4268
2431
118
7166
1527
3232
5714
1281
3865
5005
2450
7805
789
6456
7242
8162
3634
3388
2792
2291
7932
4496
4823
5883
3567
4286
6497
7166
5274
2559
431
1884
8057
7140
4823
1552
6704
1662
7053
7875
1262
3178
4060
2847
7142
1276
464
107
7249
4613
6633
184
6049
55
6998
7954
1608
6662
476
5980
6825
6633
3711
7588
6747
3183
6092
8147
995
5453
4501
7963
7787
5446
7523
7242
6099
5865
1608
7480
5017
3846
8091
2431
6181
7364
6754
4780
118
2559
1827
5049
2096
7251
4452
3891
5395
4752
2198
7300
6348
6499
2887
4620
3998
6105
5005
2070
4199
5692
6561
4993
891
2096
4060
1262
2660
4199
6793
464
5328
5289
4265
500
7388
5604
1631
5404
7600
837
458
1957
386
3749
6090
7460
6547
1378
162
5022
4857
3141
6642
4344
6676
955
7942
7352
7249
6692
7815
2303
2907
924
5744
4379
3704
4903
6780
273
6325
1659
2939
945
7687
5395
7836
7095
459
1846
4872
3489
6516
1551
6523
5144
2769
6595
5458
5327
2908
1477
5968
1243
1620
4939
4651
536
4888
6652
768
3673
1892
3862
709
4823
6129
3998
1628
4983
1528
1374
5151
4464
4922
41
7438
1728
3041
2450
296
1687
3509
1687
2094
7021
1023
8064
783
5731
2907
7460
1073
6750
440
3069
6091
789
3178
3678
8186
5151
2943
2993
3659
3563
3195
1761
4983
7215
5430
2380
4649
1070
3239
379
505
1323
5364
2208
7967
2892
1988
3390
7411
5042
7521
8147
5005
7264
6642
6143
5793
7460
7476
6270
7477
701
5910
3622
6854
7317
858
7683
7111
7095
1802
1149
1326
6766
6234
1760
1029
423
7371
1259
961
4823
5692
118
5200
4440
2743
7225
4297
7212
5991
3295
2052
2250
755
4576
1528
6198
3819
7404
3857
6854
505
3201
6909
7181
5743
6989
5168
5020
1775
6575
1329
5005
995
5145
1532
1522
3348
6876
7389
1728
1528
7683
7864
2794
599
4501
52
5756
3270
1859
4983
1710
4868
4767
5848
5407
6911
1706
1680
5833
5143
7418
3969
61
2975
39
7196
4489
3750
7609
2130
2039
1651
2070
4388
2094
1903
7318
3959
5744
973
6571
6766
379
655
5848
3866
7073
6143
4374
4255
6989
3589
3055
7625
5128
1900
7886
5577
5558
129
1693
1430
1633
7381
2052
2094
6755
7602
1075
6195
6954
1863
2118
5805
2050
1332
3104
3397
3622
4520
6864
80
1686
2654
1299
2209
4538
5577
523
5706
7645
1465
7563
597
5989
7460
6930
4501
7602
5874
5290
5050
7940
4628
825
6076
7887
7240
3529
1528
3104
1323
3934
5561
4453
1635
5430
5077
7405
3432
7192
4979
6129
5377
2076
4609
1218
5848
1557
5940
4710
4707
5998
4194
819
1824
4809
7596
8127
254
1023
2792
287
2769
4069
2064
1045
3792
3585
5024
2130
5252
7805
129
1827
744
4017
5833
1502
6890
1551
1944
7583
1962
1709
7230
5666
3068
5997
5982
2777
2516
5636
2916
1599
6890
6557
2175
176
6979
4867
7070
7827
3185
4780
6558
5793
5092
2538
4237
5747
1757
3835
7980
845
4530
332
5232
1870
6980
1836
4175
5896
5048
5112
7609
7887
6985
2598
5104
4780
326
896
4758
310
7522
3492
4401
749
5250
4484
6635
3176
1769
7070
6415
7012
5050
3980
208
6445
2461
825
396
842
4479
3120
2405
87
5531
5425
4554
6349
1790
