0
0
0
10
2
0
0
2
9
0
0
1
0
3
0
0
0
6
0
0
0
0
3
5
0
0
1
0
0
0
0
0
0
0
0
0
0
0
0
0
0
0
0
0
0
0
0
0
0
0
0
0
0
1
1
0
0
0
0
0
0
0
0
0
1
0
0
0
0
0
0
0
0
0
0
0
0
0
0
0
1
0
0
1
0
0
0
0
0
0
0
1
8
0
0
4
8
0
0
0
0
0
0
0
22
0
0
6
4
8
0
0
0
0
0
1
1
0
2
5
1
2
5
0
0
2
0
1
0
3
1
1
1
1
6
0
1
0
1
0
0
1
0
0
0
0
1
0
1
0
0
1
0
0
1
0
0
1
0
0
1
0
1
1
0
0
0
0
0
0
0
0
2
0
0
0
0
3
1
0
0
0
0
0
0
0
0
0
0
2
0
8
0
0
0
0
0
0
0
0
0
0
0
0
12
9
9
2
7
2
27
1
1
1
2
1
2
15
1
0
0
11
0
0
1
3
2
0
0
1
0
2
0
0
0
0
0
0
0
0
0
0
0
0
0
0
0
0
0
0
0
0
0
10
0
0
1276
3937
8162
3942
1742
6518
2513
4140
2072
4637
6911
6911
1719
5924
5797
4981
3899
830
3282
4913
3838
2225
1493
7563
7240
7546
4276
2076
4447
8035
7242
2791
350
7179
655
1986
1435
4354
3816
8035
1827
7514
5980
4510
5039
1650
889
1189
6562
1079
8147
500
8111
6497
6614
6497
120
1726
5520
4018
1442
4070
5902
706
1844
6349
725
8129
2389
5246
5207
5358
4678
6736
7875
7460
8027
2096
3196
1073
3198
4104
4870
5279
783
3212
4265
1026
5231
7687
8082
7929
4791
2019
3965
1131
3188
3487
2490
1590
4554
4766
2991
4552
1992
496
6129
5328
1467
5153
7586
5099
270
7242
5593
5519
2851
201
8046
1232
6743
5458
8136
1131
3076
945
7353
7895
1846
5952
7006
7313
1688
7225
2601
4018
5113
46
1709
562
7697
4686
4191
7404
7381
6493
3130
4872
6639
3770
2715
5737
5970
5495
2027
4955
3971
4424
8171
7929
602
496
1694
3672
1582
5224
3077
6520
2225
7687
4527
6467
1727
6057
4680
4052
4752
3792
3504
135
2187
1827
961
8106
1341
6649
7877
5935
5101
6662
4465
6643
4525
4819
3784
1773
1796
8184
2862
6304
7381
2706
5188
2098
2952
4855
3070
687
194
4578
3356
7906
1079
6805
4649
2062
201
1790
6044
6138
4130
5383
6639
5542
6532
1425
1688
3149
4384
3165
5231
4276
118
7460
7084
4228
7815
3915
56
8126
7294
8084
6825
5455
6494
3163
3178
6645
934
98
3910
7416
100
7085
4036
1280
3690
7994
334
3659
3659
8082
2792
7766
2887
6544
6831
1130
3646
2340
1628
945
5731
4014
3014
4983
4495
5478
5097
6536
4660
2754
7662
5655
209
1545
7768
4979
3207
6677
1429
828
2706
7875
2893
6805
4083
768
1324
6850
3924
5549
5764
4481
6191
3991
2330
2991
7381
8082
4903
7600
7697
2431
687
1872
7748
4038
7043
6596
3510
4569
2676
5428
6608
7356
2982
4083
1604
6747
2050
5125
3779
3222
2199
7432
37
7330
3850
2320
6232
1778
3221
6924
2460
1489
8082
3489
1047
2494
2360
8100
6924
8046
6545
4262
1973
664
4390
8187
4148
8
1608
2042
2041
5690
396
985
2494
5701
2610
7157
8100
5231
5056
1005
5026
5957
3284
7429
5359
3102
12
6254
5129
7419
5201
1742
7017
5940
3468
7563
626
5464
7657
3784
5056
3410
6588
2686
8160
1062
6844
6301
92
6499
1011
3711
2238
7388
5834
2030
2576
6937
7420
6224
1776
764
1973
3819
7623
3127
6950
7420
3634
8100
7687
2091
573
5797
142
5359
8033
7163
656
1305
8111
1266
6979
4958
6520
1079
7287
7305
995
5326
3470
1515
7615
2498
8045
1095
6891
590
847
8009
5940
303
6999
6736
5144
6099
7319
1561
833
7807
5172
8046
2139
3678
7232
5952
6129
4119
3678
4346
2167
523
7687
565
5245
7501
3819
3370
3986
847
1608
2668
6129
8035
4663
4649
6151
3997
3819
4052
7500
1212
6598
5454
277
584
6979
8065
11
5217
1353
8084
3141
1724
1187
1234
7934
6077
1207
8166
1186
2510
7306
4637
6999
5919
5935
6296
687
6850
5865
3733
3838
6352
1551
1429
565
1693
1162
3578
709
54
1207
6105
2693
7683
3646
606
3650
7490
5353
5334
3819
7306
6811
6010
5940
2014
1560
5797
680
5139
6897
4323
6712
6800
5164
6547
2574
4916
7456
1590
6891
4496
5217
1635
2342
4432
5074
1698
1753
1654
6255
8134
4780
6485
1859
459
2014
118
3169
31
5191
132
7758
6563
1460
7456
4636
184
7319
7748
5952
3819
6662
2668
904
3136
3251
8067
7855
4053
4268
995
288
3842
2792
8100
5578
6561
5935
2439
3251
297
4766
5957
2366
6736
92
7281
305
3743
1979
1650
2177
6216
8073
5430
3452
3232
4703
4985
3251
4720
4441
7304
3777
3910
4306
2434
7480
3867
1079
5330
5561
8143
6040
4052
7963
2030
6532
6077
3808
7381
1978
5
6894
7378
4432
2585
5274
7400
2778
2448
2457
4052
5497
1124
6073
3010
4676
7758
733
3279
707
2225
7872
4341
6712
4060
7330
5240
904
674
4598
4512
5572
4010
22
5028
1010
680
656
2778
7841
4928
4400
5572
3106
602
584
2059
5416
2893
7460
6736
896
215
1425
7350
4199
4984
5670
6468
674
2910
7906
3752
1329
6937
8065
656
6633
5274
5811
6164
1711
501
7429
1239
7198
2559
5977
2494
2792
2475
5042
1944
5778
536
1672
2342
2299
2305
858
584
2740
7895
5145
4277
8145
6864
6925
2663
896
7936
6164
1465
3580
6181
7399
7934
2519
6639
2530
6860
41
1476
6104
568
421
5945
7418
4081
7485
6414
4789
4777
6825
4523
7381
5783
1000
4060
1957
5503
1045
847
2972
3816
306
5049
7963
461
4119
215
3741
17
1615
2631
3610
5048
2907
783
4594
7596
3792
3076
4810
2457
3519
6811
3733
7675
3488
7834
2064
1515
6572
1281
3503
6255
7460
5883
3283
7306
7687
5343
2051
8106
5275
6195
3785
2558
702
2760
2629
2513
1425
6553
1724
2904
8100
4780
2308
1476
6695
8036
3809
1281
4654
6894
4766
2351
498
3183
3178
4686
886
7501
8036
2225
1702
1774
7419
4978
7570
2650
7269
4196
1576
3600
5013
8002
1458
695
2950
7683
118
3672
5423
6181
2342
3351
3045
4397
4104
2647
5458
2997
1079
6844
6752
1471
4238
3220
6746
5692
2679
3682
7258
3106
7229
1024
6791
5746
2976
3672
4819
5465
3714
5138
6304
5555
1324
4693
3933
5317
6596
4680
3780
3921
7337
6175
1112
3467
4524
2676
6677
6384
4094
4708
4478
2271
5024
139
2601
1949
3290
6862
1800
945
1784
2820
3141
7525
7404
3356
2502
732
5670
8036
5927
6252
1276
949
3519
1694
7242
1011
5129
1523
3126
5173
1886
5507
4618
6264
101
2157
5254
4748
4465
7031
3865
709
1590
7313
5188
5834
3976
7737
3865
7367
1905
2688
6532
3331
383
5492
5492
6094
6898
3238
4639
3228
942
390
6095
7292
5760
6968
83
5007
1254
6189
1458
5940
7242
5495
7919
7456
6911
8065
7240
7318
3279
3813
