0
0
0
10
0
0
0
2
9
3
0
0
0
0
0
1
2
8
0
0
0
0
3
3
0
0
1
1
0
0
1
0
0
0
0
0
0
0
0
0
0
0
0
0
0
0
0
0
0
0
0
0
0
1
0
0
0
0
0
0
0
0
0
0
1
0
1
0
0
0
0
0
0
1
1
0
1
0
0
0
0
1
0
0
0
0
0
0
0
0
0
1
7
0
0
2
2
1
0
0
0
0
0
0
21
0
0
11
3
8
0
0
0
0
0
2
4
0
0
3
0
0
8
2
0
0
0
2
0
0
1
2
1
0
6
0
0
0
0
0
0
0
0
0
0
0
0
0
0
0
0
1
2
0
0
0
0
0
0
0
3
0
0
0
1
1
0
0
0
0
0
0
1
1
1
0
0
1
0
0
0
0
0
0
0
0
0
0
0
2
0
6
0
0
0
0
0
0
0
0
0
0
0
0
8
6
6
4
6
2
24
2
1
0
4
4
1
19
1
1
0
10
1
0
0
4
0
0
0
1
0
1
0
0
0
0
0
0
0
0
0
0
0
0
0
0
0
0
0
0
0
0
0
10
0
0
6828
2950
6348
1429
2389
7868
960
6553
5129
4569
418
4644
2465
4644
4202
1155
4644
5928
402
1662
2675
1801
731
464
3646
450
7872
8025
1739
3947
7673
3682
3477
1727
6862
7420
3718
1590
7722
4251
695
7806
4297
2465
8083
6833
7670
2192
3589
6151
3672
1079
2149
7841
8109
5624
377
643
1776
6002
3861
7197
825
1830
1067
6825
1030
3966
7841
707
5077
6124
1234
5305
7061
4731
6828
4053
1631
377
7931
6052
5972
6408
4333
440
5578
3178
6758
4920
6011
5801
1845
3594
3586
7364
997
5064
7411
8109
6105
3939
6663
4628
4361
8103
2863
2017
2118
1775
7675
7166
4446
4680
847
4418
4524
6270
5088
1130
8126
7784
3790
4478
4008
2182
111
2395
2976
22
6299
1282
5572
5591
344
6761
434
2214
7070
8103
7827
811
5604
3441
7954
3011
142
803
3003
5
7954
4323
2612
2308
6218
4702
7753
437
427
5056
3010
626
1694
5346
3214
3671
3149
6164
7820
432
1830
4291
167
3279
5182
2660
7300
1162
3356
4276
4993
4104
3865
5865
2042
1973
5412
1620
531
214
519
1719
1571
5188
8067
3171
5572
4382
7577
1437
6183
7063
2922
7753
7714
4791
1347
3678
910
2878
6999
6119
5655
1572
8100
5911
4791
2342
859
6393
4492
3802
5274
1948
695
5240
6129
2585
2448
7978
5250
2342
1850
1944
3599
649
1079
1569
1329
6601
8009
5546
2526
3486
4259
1015
5440
2463
7973
7400
3634
5970
2559
5970
7781
3816
626
1608
3282
2870
3470
176
2145
3272
5330
536
7551
2217
3325
7367
6580
6407
1011
3356
5261
1943
8186
59
1707
7166
3839
3567
184
6066
2238
5188
5019
3816
6673
2992
6536
92
1662
5182
256
3350
2091
2540
4809
6677
3784
377
4000
227
8067
3258
7232
1552
4104
3482
6066
5029
7687
4958
297
6996
1428
1228
8143
4484
1011
3977
488
5940
6352
1571
3184
1282
6969
2997
323
1531
4957
4780
6633
842
1552
4345
6709
6557
7602
6825
98
5124
1276
377
2892
1753
1872
3035
8143
2061
5436
1062
552
914
709
2428
5042
7367
8093
1659
3965
7501
6969
257
4602
5642
3283
7932
6460
997
7217
344
5446
6129
2396
5151
8014
983
523
6580
3610
6389
832
6828
440
6709
1949
5022
2305
724
6242
243
4935
2574
3489
1742
7356
2457
8171
7895
3726
2976
7333
6667
3452
6095
7217
5772
7657
2304
2918
997
3819
6825
7353
1276
7650
2647
3466
2500
5982
129
7356
3771
6595
3998
6572
4073
4104
7963
7525
358
5455
118
3272
847
695
1276
6187
3183
6170
3427
6825
6843
5972
1662
8186
3272
2448
2139
1107
4874
6227
2938
3207
2508
4191
2615
5519
7260
2341
6414
2993
6204
6873
7305
5722
4443
1070
1986
1694
1488
7648
176
5785
243
560
2984
1659
6673
7954
7140
7648
496
1775
2271
3572
5507
787
1863
6614
7895
4050
4678
7242
306
1569
7648
1382
7835
7596
5127
5145
1753
1548
1338
476
7847
709
3238
6162
6016
3838
3503
2008
3673
3076
811
3271
2062
428
7882
4238
7954
31
3169
2223
3567
176
1238
6538
6167
6437
6954
1688
1266
5359
983
7438
3578
5328
483
4260
5358
2431
5151
6387
4686
5425
4560
2650
1823
731
3174
1650
6098
5783
6066
7650
2671
7932
979
4789
6436
4217
1929
1358
2076
2184
8025
3959
942
7399
89
7623
1079
6485
4199
6536
3857
6175
7964
4879
2395
2421
7967
4168
4769
7140
6463
3153
3998
7919
2746
1494
1030
2343
3813
8082
5416
6754
5811
3463
5595
5664
5928
8184
1846
5124
7559
5844
4010
6263
5883
894
7931
7964
2711
5340
4453
5954
7586
1571
1846
7242
7367
483
540
1401
3550
6143
1552
1239
7420
7103
1645
5834
5722
7607
2049
1468
1662
2540
6209
1374
6129
3232
7456
4322
4277
4823
7467
1276
5007
2050
7367
7349
3279
2448
5797
4268
1696
5927
2320
1130
5572
2668
7931
5991
3136
2973
4992
3486
6426
540
5328
377
2431
3993
7500
2011
6557
6257
4516
3183
442
6463
1013
6151
6844
74
7500
3307
3976
1913
3063
3780
7834
1789
1742
652
4649
2972
6463
4843
3971
1104
301
6891
1037
7111
687
5098
3788
3602
5578
2305
2366
7931
6662
7500
1757
3112
5112
4021
5246
3857
7896
7963
4686
6858
4680
5114
1801
6387
1833
168
540
4262
1693
6730
4228
256
326
6463
593
6334
4155
5631
4680
5124
5240
1724
2142
1613
1899
7318
6596
3692
4333
2050
8072
1654
5991
8036
7500
2668
4780
7232
1080
6639
5928
7480
7748
2446
5188
6044
1259
2937
14
458
7895
3001
14
3886
1243
277
3714
8009
6204
2981
4322
1999
7657
483
7232
3198
2647
2660
350
3275
450
2777
3403
4649
5572
4396
326
4021
2792
7424
5285
325
3958
3711
6181
5614
3093
422
1571
5242
1560
3356
4191
7213
227
3090
5258
4432
118
278
7318
4207
7582
8155
7541
5042
7177
5188
5359
6017
806
2918
6289
4819
6077
8100
4052
1329
2305
5991
4432
1571
1590
6632
1212
5928
4978
6107
7323
4342
7323
6844
5364
744
6761
7213
5148
5188
5797
7177
6010
3678
7260
3561
568
2605
3838
3394
3183
1833
8126
7523
1013
7404
303
1262
3958
7022
4892
1442
2305
2142
1773
5690
8159
7491
4291
1836
7405
5715
5246
1471
5291
2490
1780
5998
2119
2952
4855
2647
4766
3214
4000
1846
2427
5940
2366
4323
1551
3282
3468
466
3538
7046
271
5430
986
1750
556
1424
3809
1397
1079
1846
8111
6107
6591
5112
7610
6518
2389
4978
7305
5337
7931
2465
4442
3714
5797
1352
2235
2724
7480
7954
5447
2124
4293
1788
3634
8111
960
6553
6828
8082
3238
5042
949
1659
4827
560
4295
1852
1620
6227
7982
643
4912
2184
5960
4442
2161
6181
7453
250
129
6523
7177
904
7810
3066
4496
2997
8055
5423
1948
5797
7420
1226
4693
7411
6044
3183
985
1944
727
919
686
6264
6704
4979
8111
7895
4379
2193
1467
5899
4866
5037
89
6979
6844
