0
0
0
10
0
0
0
1
10
1
0
2
0
1
0
0
0
9
0
0
0
5
8
3
0
0
0
0
0
0
2
0
0
0
0
0
0
0
0
0
0
0
0
0
0
0
0
0
0
0
0
0
0
1
1
4
0
2
0
0
0
0
0
0
1
0
0
0
0
0
0
0
0
0
0
0
1
1
0
1
0
0
0
0
0
0
0
0
0
0
0
1
3
0
0
1
8
1
0
0
0
0
0
0
24
1
0
5
5
6
0
0
0
0
0
0
3
0
0
4
1
0
2
2
0
3
1
2
2
1
1
1
0
1
3
0
0
0
1
0
0
0
0
0
0
0
0
0
0
0
0
0
0
0
2
0
0
2
0
2
1
0
1
1
0
0
0
0
1
0
0
0
0
0
0
0
0
0
0
0
0
0
0
0
0
0
0
0
0
1
0
11
0
0
0
0
0
0
0
0
0
1
0
0
12
3
9
3
5
4
32
2
1
2
2
1
2
25
0
1
0
10
1
0
2
1
0
0
0
1
0
1
0
0
0
0
0
0
0
0
0
0
0
0
0
0
0
0
0
0
0
0
0
10
0
0
4053
6937
1465
3501
606
8106
1949
2856
226
5408
3993
7593
2202
7941
459
972
3441
7500
3289
8017
1259
7506
7592
7205
2486
1262
8136
5578
1468
6181
2389
6318
1483
8006
62
5569
1089
5071
6123
1038
8113
350
3657
2074
7092
269
1186
1259
4021
3956
523
3253
3123
6827
61
7154
6042
278
6662
4021
1551
549
6181
6862
4575
2104
98
7583
8129
306
4680
2385
3908
1637
791
6614
3657
1130
1561
199
3759
5181
7413
5171
1930
1548
5889
2954
4164
4611
1627
1694
4637
972
5940
4843
6810
4293
3656
763
1458
5487
2984
4933
5303
7931
5395
6348
407
799
277
4885
275
2897
6569
4361
2893
59
2431
933
5376
631
5549
2700
2091
5144
4446
8036
5619
4415
7319
6818
2156
1567
2448
6850
7074
6775
5458
803
1186
3965
6623
2656
2752
3555
2434
7438
7062
5634
1382
5102
3271
2408
170
6619
2770
3882
5049
2682
1360
7926
3561
8121
6532
1276
5191
2683
5282
1006
3307
8109
3159
7091
6594
3214
2612
270
7931
1571
1461
4637
3657
1954
5403
1767
393
6583
924
215
3466
6238
4600
2034
2808
2461
5821
2263
3530
3720
7805
3941
6807
2917
7060
5
27
3977
1905
1276
6352
2508
7103
6143
1058
1783
3732
4521
2459
6141
310
52
8033
7022
1748
2062
3369
5286
1425
3888
3175
552
2280
6510
211
3611
7232
306
3678
2526
789
4686
4780
3678
3183
1276
2519
4420
6255
8103
4851
5715
6016
2678
7964
1654
906
1719
2448
6850
3672
7211
372
5279
1209
3862
6600
6825
6129
442
7525
5125
1262
5317
7367
3183
6229
1489
995
1485
842
6081
3614
7613
699
6536
5982
411
7205
7246
1226
6616
5260
2027
1467
614
6404
2681
7281
1382
4456
5131
1303
6107
3752
6146
983
8134
4451
680
6281
4746
4333
2601
4139
4804
2803
8082
2457
1559
1029
2067
2284
1071
7070
7049
6329
3030
256
2427
1494
4242
5079
2474
4654
4766
5124
3090
5022
5960
5412
3788
2436
2158
343
5309
4205
5144
253
2979
2411
7028
1238
14
1550
1620
6677
4178
8134
5139
3672
7963
7318
2984
4104
4678
3554
1595
267
1019
2259
4599
3759
7538
1757
6733
6776
724
674
6825
6865
6551
4800
7408
5742
4348
389
414
6789
7532
2290
4268
7805
3283
3192
238
6129
5783
2342
6591
1080
5422
1335
5054
5760
6561
1924
3819
4342
3356
1846
2368
5334
2099
7093
896
3477
1576
4270
1609
2481
3446
4936
5556
7035
5497
6144
3387
5806
1471
3678
2148
5722
1259
4680
4919
8100
7355
7404
6657
1064
2265
4318
2233
4081
1324
2439
6842
3207
7344
6928
7281
4205
6257
179
523
4046
3919
5164
1768
2746
74
942
2707
3141
1079
7687
4447
2434
6349
3830
4460
6460
3134
301
1520
6551
7657
5746
5498
2016
112
1352
4450
4322
1258
1560
4199
6125
4903
6151
3848
6843
6232
6616
1096
7166
3672
7687
6349
1201
449
4465
2485
3063
6119
1637
8087
2601
2325
4667
4727
5337
8060
5367
3452
459
1070
1905
5515
1070
5865
6994
6909
1708
2259
7493
1686
731
3646
2969
51
7263
4229
7896
7963
861
3692
3083
6152
5735
2015
6009
7492
2149
3183
6348
6151
803
7355
6106
1693
5612
6010
847
847
5848
632
7491
3668
3969
1349
478
6921
459
1637
2058
5968
5289
6196
2855
6980
725
727
6997
4492
2341
7963
4446
786
5578
3977
5000
6201
6852
5991
7242
7420
1015
5326
765
1319
1532
2471
253
2195
523
5798
5661
4628
440
951
7753
7995
4472
5482
6137
486
7801
3489
6601
2525
4295
7441
2448
2368
2431
3404
3965
1283
4846
2333
3681
5891
7484
5091
3317
5
4810
2428
3449
2907
4175
6735
1395
6000
1607
690
4560
2021
1079
1692
1479
1016
2101
5487
2139
666
7367
3989
2625
459
5464
4423
6851
6601
3389
3125
2258
8082
4275
3424
240
2339
7613
5160
4290
5482
7687
1374
2070
2439
5292
1595
6744
1615
3332
849
793
2389
2978
7815
7103
6242
326
3277
5455
6631
2305
1429
8100
7367
7650
4166
4706
3501
3020
4160
1943
6060
170
7868
4683
1627
783
229
7398
2034
7194
3394
6255
535
4473
6825
459
6642
6979
3578
5197
7174
3733
6044
1831
5811
6733
461
1704
2046
7323
4228
2486
5219
6571
5416
498
3441
4202
6195
2958
2426
3684
1312
4765
7270
7963
326
6561
4455
461
5064
7083
7963
1742
6601
1957
5042
2660
5897
7404
5088
5770
2660
1130
1103
2508
1489
3251
552
1803
502
3260
1787
3542
3790
1080
624
2647
22
4810
995
1846
5865
686
2020
132
6536
5274
3977
7687
3466
1259
2291
6959
1776
6000
4759
696
2341
2305
6758
156
6215
3585
348
5798
6652
4048
839
4993
2751
7964
7973
4205
1905
7340
1307
4083
8136
550
6129
7934
1329
2526
6361
505
5436
45
1776
5517
7218
3477
2474
4506
7420
5048
2777
764
1637
8162
5793
1525
4780
1833
7318
7356
2342
6909
631
5368
1400
3149
7807
7367
1079
7404
2712
2070
2214
7207
3551
6553
6202
1690
7405
4418
3171
348
3682
6571
270
3620
1528
945
7367
1180
5510
6696
2582
1621
3284
2958
3184
4746
5797
5555
8072
560
7988
3998
5279
5730
3847
2937
6481
1270
3483
4241
1684
3207
7484
1163
6999
6865
6873
5064
5971
7406
1092
5078
3220
7882
4194
2137
5798
6393
1555
4633
6468
7758
3776
2770
5418
6198
1105
492
6517
4628
7901
2525
614
3207
7484
8121
4928
1753
3784
7834
66
240
1075
8025
6510
920
3391
30
1040
4146
5798
3886
724
3488
2824
5940
2271
932
4618
2922
2547
4207
5292
5267
3298
4578
5129
6183
7260
449
4456
2875
3966
3240
3220
6041
3212
2629
47
4152
5596
7499
2410
3477
5798
3148
8119
1080
6289
2907
1706
2002
1907
5798
825
3044
6005
8039
4700
8191
1846
5022
5997
6135
3661
2560
1469
1478
7315
1560
1270
3825
6187
7285
6219
819
2137
559
7223
2405
4350
437
4950
2260
7736
5738
4594
