0
0
0
9
0
0
0
2
10
1
0
1
0
2
0
0
0
6
0
0
0
4
5
1
0
0
1
0
0
0
2
0
0
0
0
0
0
0
0
0
0
0
0
0
0
0
0
0
0
0
0
0
0
1
0
3
0
0
0
0
0
0
0
0
1
0
1
0
0
0
0
0
0
0
0
0
0
0
0
0
0
1
0
0
0
0
0
0
0
0
0
0
4
0
0
2
9
0
0
0
0
0
0
0
24
3
0
12
8
6
0
0
0
0
0
1
1
0
1
1
0
1
8
2
0
0
0
1
2
0
0
1
1
1
3
0
0
0
1
0
0
1
0
0
1
0
0
0
2
2
0
1
0
1
0
0
1
0
1
2
1
0
0
0
0
0
0
0
0
0
0
0
1
0
0
0
0
0
0
0
0
0
0
0
0
0
0
0
0
5
0
10
0
0
0
0
0
0
0
0
0
0
0
0
11
6
9
1
5
2
27
0
2
3
3
2
1
27
2
0
0
11
1
0
0
5
1
1
0
1
0
0
0
0
0
0
0
0
0
0
0
0
0
0
0
0
0
0
0
0
0
0
0
10
0
0
3493
218
4863
6891
1943
243
2244
4504
2260
8184
6124
2219
460
2358
1733
5324
2851
8175
882
3012
5155
4295
6370
142
5957
757
4707
255
3747
1937
3623
1301
6320
5024
4464
3274
1733
4270
6937
7461
5762
695
8055
7420
1789
7942
8072
7306
4099
1255
7975
1403
2540
6414
1560
6844
6850
2448
972
69
7381
1872
7801
5957
6308
725
7318
4611
3273
709
2098
6205
4952
790
7006
7654
1071
6305
6242
2977
1635
3733
1702
7232
2157
6010
6793
6963
1515
837
2942
6733
1785
5515
6673
2341
3897
2330
7400
5317
6865
3278
2156
7666
1614
7443
1801
3289
7644
8076
4283
6663
1070
3458
1030
2484
1262
6863
6999
2346
7787
7192
976
2091
806
1608
6614
3489
5140
7186
1587
7662
461
7330
4780
5957
2212
8119
6244
7586
4780
1329
5737
6044
6463
6208
8117
7387
6458
8092
3585
5081
5165
2968
5225
8136
6370
5283
2947
4155
2464
3537
6088
5346
5395
5284
4515
7586
6862
1773
2341
1741
3809
789
2881
505
6873
2559
7400
6242
3519
7388
1243
3081
2155
4511
53
3090
4831
1071
1180
484
5224
7623
2352
4997
1212
132
3977
1753
1073
2038
3141
4598
4268
1801
3611
6873
1515
5465
1846
6911
5538
2984
5465
383
2156
6187
1258
5999
1774
7411
4483
1256
4530
4035
427
27
689
7935
3977
4993
1292
69
62
6318
6242
4872
1329
6963
923
325
3411
4714
2375
4362
4422
2300
515
6768
6242
6825
2345
1944
2676
4637
8078
1905
837
176
5957
1186
498
4295
5783
4993
4397
1696
7163
4855
178
5989
2601
1565
4935
6038
98
3602
5498
5042
4039
8145
459
5122
2803
6235
4295
3468
8092
4486
4598
945
2448
4680
3910
7523
8186
6378
5510
2258
4126
7562
4701
4120
3392
5407
3695
1506
7130
2980
1525
3847
6680
8145
7327
5614
8137
5820
2342
3378
531
4364
2046
4777
8184
7292
1282
2615
7242
5452
5042
664
3678
6059
7934
3283
5088
4199
5372
7130
4875
6229
3838
6575
3183
3672
5465
5284
2000
1608
5139
2317
5538
664
3118
732
6589
5578
7140
1741
935
2381
6040
1797
3549
7960
7456
796
6091
7840
2275
1846
7810
3519
7404
7140
8009
4877
6996
7963
6242
8186
4763
1049
3998
2149
1790
7449
5577
3848
373
4562
442
7931
4678
8020
940
1609
6580
7758
4620
2475
4268
6844
461
6636
4283
1324
4269
1816
8112
3650
3117
8156
2616
3326
3808
5064
5793
3719
2000
7440
3283
5307
133
1590
7500
1186
4922
2450
1846
6325
1968
7810
552
4780
1233
3030
3739
4128
5433
527
7970
4870
6033
7859
4465
7344
2284
8109
2284
1352
4610
6427
427
3470
5144
5612
1186
5005
365
162
62
1790
4929
4791
7514
8009
4199
2212
8145
4384
7586
27
6427
4489
2656
3030
4530
96
5829
4613
1132
7330
2824
2259
4933
8072
674
5465
4588
5808
5939
6744
3669
7377
3251
4678
961
7586
7963
7895
5188
949
4693
7805
3958
1489
3830
7226
5207
5951
6850
1468
3331
2615
7623
6657
6169
5174
7567
1846
6010
1943
4914
97
1522
795
5836
5492
6040
3012
8072
5672
7748
810
7367
6427
7430
1881
6580
3977
8186
427
6094
27
2785
3356
7954
8035
1377
8002
459
6348
8027
498
3262
4365
3167
5029
6588
2788
5328
7850
4730
377
4400
6069
2973
6557
2578
3673
1492
1707
3519
1226
7818
3238
5865
7367
2997
4562
37
1858
92
7425
510
5816
3900
2049
2063
7747
500
3909
4678
8091
8072
62
1832
2375
510
2585
1112
2559
5834
6091
8072
6825
8136
5578
1525
6638
4863
7140
6732
1892
7177
4893
7650
2413
8072
7586
3672
6094
8033
6304
6627
5064
3093
1515
2030
7934
2375
7281
7810
5182
4554
3830
5952
4933
7923
5103
2365
7226
5695
2525
239
2951
6468
3977
2543
1477
6146
4432
6601
5692
4960
162
904
4863
2187
461
3749
5461
944
4610
1608
5461
4693
6616
8017
6692
1664
5447
523
6758
6551
1027
7998
707
692
847
7804
6915
7586
8186
1608
1180
263
7496
7226
1070
120
6463
8147
6601
6323
142
4486
6066
5787
1832
1089
3060
4164
3585
514
6831
1073
1986
6476
6867
4241
6057
4996
6744
4649
6296
6146
4115
6255
542
3971
6478
6979
6224
8171
4104
1112
4997
1902
3736
7766
4914
202
59
5902
536
7926
2494
5736
3389
5579
538
3602
6662
3448
7121
3741
926
5848
1944
4178
1560
6557
7514
6732
5274
4903
7018
6229
7018
5109
5293
4651
601
5750
5440
4701
2177
4921
5744
3159
6510
1467
6384
4522
3220
1456
5263
6825
6818
5778
5524
6085
6348
7704
2360
4680
1571
4562
3192
2668
5182
1647
387
6040
6639
5364
805
1704
4323
496
6129
6057
7271
6441
2354
7575
5024
6788
8139
4143
1335
5201
7129
6922
858
5772
3819
2156
7140
5512
8173
7921
6229
4993
7919
2243
3154
3681
118
7098
6109
2448
847
4030
7493
4340
7679
6203
4580
1318
4688
6010
6224
5188
7300
7601
2582
5101
6105
1788
7801
4967
7306
2156
3489
62
7775
7985
3115
6588
6481
2227
6601
4021
4496
2750
1595
4361
8030
5730
4340
6268
3470
7963
6631
6560
301
7479
2656
2149
1704
1635
4693
6478
5555
245
3672
1429
3858
1605
5739
7910
2916
6580
4369
3238
1226
3946
7582
1595
4618
1452
536
110
1107
4226
4764
2569
4735
3188
1331
7825
1712
2140
199
6105
2413
142
8072
5353
1881
3282
1113
4818
4600
4118
4021
7963
6598
2261
3051
8030
5077
2854
5997
7250
7184
7399
5874
5798
4878
2540
6263
3542
6384
89
3891
1704
5884
2375
5201
2434
6296
5760
6108
483
5785
7714
2844
7657
6996
3575
1581
3402
2271
1830
951
1243
3207
2376
5643
5643
7202
1395
7091
4350
7418
559
1774
7246
4644
2066
896
1038
3178
7411
4522
2901
1748
2103
3106
937
5561
1320
906
4340
250
5272
4812
2339
931
6588
7753
7187
6262
7143
6154
7887
5102
3572
1050
3577
471
4092
6310
6320
3188
783
5710
5715
2684
