0
0
0
10
0
0
0
2
8
1
0
0
0
0
0
0
0
4
0
0
0
7
3
3
0
0
1
2
0
0
0
0
0
0
0
0
0
0
0
0
0
0
0
0
0
0
0
0
0
0
0
0
0
0
0
3
0
0
0
0
0
0
0
0
0
0
0
0
0
0
0
0
0
0
0
0
0
1
0
1
0
0
0
0
0
0
0
0
0
0
0
2
8
0
0
1
9
0
0
0
0
0
0
0
25
2
0
7
6
6
0
0
0
0
0
0
1
0
1
3
0
0
4
0
0
3
0
3
0
0
0
0
1
1
4
1
0
1
0
0
0
1
0
0
0
0
0
0
1
0
0
0
0
0
1
0
0
1
0
0
0
0
1
1
0
0
0
0
0
0
0
0
0
0
0
0
0
1
0
0
1
0
0
0
0
0
1
0
0
1
0
7
0
0
0
0
0
0
0
0
0
0
0
0
7
5
8
6
5
3
22
2
0
7
3
2
2
28
0
1
0
10
0
0
1
2
0
0
0
1
0
0
0
1
0
0
0
0
0
0
0
0
0
0
0
0
0
0
0
0
0
0
0
10
0
0
5513
1028
2163
1467
4651
4368
4340
779
3649
3893
7203
7226
7323
4418
703
5382
5536
3173
7103
7500
6578
4053
3572
763
542
2303
2593
5
5127
2785
6015
731
7687
4265
3389
4007
5494
6000
729
5292
3785
6172
4957
1753
2591
5991
1396
2053
696
3183
6873
6105
5286
4280
2420
2682
7306
2352
6639
847
2712
7500
4863
2446
6335
7695
4484
5120
2199
1426
7727
562
5811
5252
247
6175
4450
2427
6143
908
4437
3258
3278
2177
7836
2372
3076
4130
5138
1336
5782
7098
2434
7895
8136
1184
4295
4496
4369
6232
3816
1099
2142
3356
6378
789
1145
1097
1232
5156
1258
6924
1173
1914
4683
1571
3251
1186
118
4993
2266
4047
2070
3974
2824
1659
7726
2233
6634
3608
773
5303
4062
2439
3283
5578
7240
5125
7021
5359
1846
5055
2943
5868
206
7727
5284
6844
5337
7400
5274
4253
5572
5139
3334
2057
948
2284
3977
4384
6255
6284
2263
2474
2896
4178
3884
3627
3283
7477
5358
427
5197
878
2408
3003
4205
7356
350
7648
1844
8100
7787
5911
439
13
3509
5292
5710
3230
7098
4863
3914
6406
1338
987
4484
2016
73
4527
5783
3680
6704
1844
6557
4191
1498
1854
1276
6098
5080
4780
2976
5274
4863
5114
243
5582
8018
1931
4792
5099
2973
2628
2979
7787
947
1890
1740
1787
4130
2007
3178
5007
5844
4276
5005
7805
5052
5486
7367
3075
1790
7278
5940
942
172
7564
505
3998
8076
1859
4682
3169
7804
8155
6663
3146
6643
4374
7702
3661
1125
6121
8072
176
5883
5782
3627
5522
7353
1741
184
6485
2982
357
1881
6914
7356
8062
2815
3283
5927
4611
760
2655
7687
6704
7657
5261
1484
5
5049
1710
6158
1722
4316
5815
6750
1329
7515
6378
3446
8033
7923
7662
4276
2165
3711
5353
8035
176
1924
5980
4686
5806
5258
1467
5115
7431
7610
1905
1104
5604
7919
5465
6012
4649
5699
4262
6204
3470
1831
6501
1329
7477
3283
3978
6601
5991
4265
2011
2952
5783
1429
204
4794
8021
2009
2062
7098
4979
7306
27
5334
7242
7919
3032
7018
7318
7032
3255
6862
6348
1292
1026
7306
2585
6769
523
3726
4678
5455
5552
118
204
3948
4504
2597
515
1862
2152
1911
3910
3275
7714
5182
3279
7399
2342
7704
1276
6955
1986
5604
7429
7931
4384
6844
2428
2567
7356
858
3238
1846
4285
5662
7366
2013
6451
693
4338
1048
7188
272
6316
6825
8147
1282
118
3169
7111
27
7500
2840
7797
6467
4686
461
129
833
6972
5750
150
3136
666
2840
2177
7590
63
1091
2850
7753
2690
3364
4758
947
5146
1183
1913
4323
3486
3279
4649
4130
3971
7041
5850
1288
7140
5455
6292
3778
7437
6436
122
2547
7569
924
4951
6604
4634
1613
4009
6353
1009
7034
2493
6174
2265
3921
483
4993
1947
3317
7367
6616
1571
2518
1846
5735
4819
6068
4465
8046
1631
465
4528
6730
2328
6198
7674
6756
5918
5012
2903
6767
6537
2701
7576
4455
779
5797
5353
692
8035
7279
6704
1083
1305
6978
2984
5865
7846
6744
79
4617
990
2509
5335
3728
5082
1818
6164
1004
5309
1937
4280
3742
3668
1062
4857
3252
4492
4905
3363
1827
819
5797
2925
7251
6979
5465
2792
2142
2893
1863
7631
3141
6301
536
7844
435
4668
1320
7668
1326
1872
3943
761
3873
61
1048
5628
1163
7587
7500
7499
2457
6106
6378
7557
8147
8136
5793
3063
1741
3287
5536
4794
162
5064
89
945
3971
2700
5358
7091
3608
644
7247
851
5325
4027
4190
61
7061
1733
2833
944
306
1657
4199
56
1551
3971
2162
4395
3740
932
981
152
6567
3749
6318
986
2582
176
7440
4095
313
1780
3776
61
2229
2850
6437
4504
6196
6043
4428
6747
1503
4456
2981
5083
8164
5234
4184
30
1441
6508
4251
3195
3178
4354
6224
461
5771
6971
4432
3965
5395
7367
2488
35
3161
332
4934
6724
807
34
3347
7726
1774
2678
6305
3546
1925
7090
8014
6212
7039
6361
1320
257
6077
5980
4455
3136
586
5064
2076
6107
578
5299
6733
5298
1997
6380
30
1046
508
5662
4454
357
6244
7294
170
6060
156
6210
5654
4504
2104
3161
5965
6180
7460
1079
7356
7932
4702
5353
3678
5624
3327
6280
6924
6326
296
5537
5921
7443
4217
7568
7557
17
5075
6057
6976
6154
4543
676
4217
7584
4217
3510
7104
7394
4680
2235
6338
2353
709
523
3090
5425
6800
6494
3489
6010
5796
1099
6747
5026
7964
4226
652
6873
1846
5786
3542
2935
2120
7625
1870
4406
432
6203
5954
5372
6399
476
5722
5692
2675
6005
4872
3076
7021
1370
7297
4199
1707
964
7800
3011
6129
8113
163
6299
6175
8035
2601
7034
4779
1302
2229
3589
1794
2119
4707
7772
1642
7356
1431
6077
4780
5425
2096
3819
8057
6280
5146
3356
2559
5377
1659
5291
1957
1607
1203
1986
6994
5139
392
7911
765
6321
7587
6776
3702
4194
4294
7820
2996
4929
3282
7804
995
7426
5935
2457
2490
365
7104
1881
6160
395
461
3183
1131
7005
1931
3332
6924
415
419
6183
4561
2120
7933
2527
2597
2783
4596
4700
5152
6909
1694
5289
1276
4680
3489
7430
5819
4929
5735
1753
1881
7963
1934
6979
3503
7242
4223
3753
2641
7300
2678
3625
1698
896
6639
4912
1613
4789
1658
5662
3290
696
2233
8134
3839
674
8067
150
2846
143
7040
7194
6210
7514
3646
2980
4032
5090
5738
3331
12
7491
7028
921
1803
4740
7041
5215
4129
4010
92
2657
3505
2377
2174
7367
5952
7367
22
496
7088
5715
925
7220
3477
3785
1378
7263
2751
3363
1180
6408
866
6545
837
5772
8147
5680
3942
6272
1569
7162
763
3659
3590
4202
4846
1810
6107
5883
5820
4437
162
5715
6989
7575
1714
3848
8184
5064
6010
3838
4519
3544
6562
4877
1980
8111
4509
3503
4344
476
4640
2736
6060
2780
5749
1041
7484
3048
2291
3958
296
8059
4110
5715
4492
5921
6243
17
2304
1468
7756
6709
