0
0
0
10
1
0
0
2
8
1
0
0
0
2
0
2
0
3
0
0
0
6
7
0
0
0
0
1
0
0
1
0
0
0
0
0
0
0
0
0
0
0
0
0
0
0
0
0
0
0
0
0
0
0
0
2
0
0
0
0
0
0
0
0
1
0
0
0
0
0
1
0
0
1
0
0
1
0
0
1
0
0
0
0
0
0
0
0
0
0
0
0
3
0
0
1
13
0
0
0
0
0
0
0
20
1
0
11
7
6
0
0
0
0
0
1
1
1
1
0
0
1
3
1
0
2
0
0
0
3
1
1
0
1
4
0
0
1
0
0
0
1
0
0
0
0
1
0
1
0
0
0
0
0
0
0
1
0
0
0
1
0
0
1
1
0
0
0
0
0
1
0
0
0
0
0
0
1
0
0
0
1
0
1
0
0
0
0
0
6
0
6
0
0
0
0
0
0
0
0
0
0
0
0
11
8
8
3
4
0
24
1
0
3
2
3
4
25
0
0
0
11
3
1
0
2
0
1
0
1
0
4
0
0
0
0
0
0
0
0
1
0
0
0
0
0
0
0
0
0
0
0
0
10
0
0
5619
5778
45
5619
5324
2736
215
3542
6354
7872
7673
1774
6677
566
7704
5786
6977
1601
3410
5731
6481
7673
4867
7673
3909
5779
2325
5779
5129
7940
4647
1774
7868
985
5129
6761
4888
3225
5574
414
3403
724
33
2777
1144
2582
2649
229
184
5458
7312
8003
4997
3326
283
1589
3427
6828
973
6057
4280
1230
4515
2325
260
5113
3585
979
7596
4164
1049
7484
5745
1201
3858
957
2439
4810
7318
1623
6348
6712
5634
1608
3282
1397
7533
3848
6262
7716
4796
4796
5730
6963
732
6031
1607
960
260
5982
6980
2061
1238
1776
5819
3278
7749
2366
2770
6414
1707
3129
1525
6229
6858
6862
1654
5144
5815
7784
6660
4950
1917
1680
698
8072
732
5453
5579
7246
7424
5019
896
1209
2496
5579
2204
6179
7496
6510
7223
4575
4701
5079
176
2072
2165
2740
6010
2434
689
5078
531
4796
2339
2558
4361
3226
107
6258
414
4120
5588
1424
4139
7484
5945
4475
3240
3335
7414
2397
684
7945
7657
3226
1238
5412
5778
6520
5834
5022
7689
4563
2863
7887
1319
369
3452
45
4484
3816
5013
7984
8
6588
979
8021
3983
7443
4578
1079
7786
2341
1403
6348
7919
4562
3282
3226
926
7546
7258
4238
7307
682
4498
235
1029
7582
2150
7203
3446
6663
3504
8025
6553
4530
6151
150
5139
1338
6129
3553
5317
6352
6409
1282
2024
6231
4422
199
3566
882
5737
1187
3334
5921
5569
682
7452
3196
7376
7936
3998
861
2061
3242
2353
191
1438
174
1881
1796
3634
6743
3466
652
1608
4333
81
8145
1070
3838
6562
7844
678
7091
3183
5383
257
5937
2512
7697
7966
444
2777
6384
5256
5883
4791
245
4275
2231
6205
2615
7877
3562
6924
6911
7111
5591
2819
6181
6106
5056
6816
3356
3971
882
4021
5274
6687
3175
1396
6634
1797
1396
2299
2958
2751
3440
5444
5
3805
4637
3259
4936
5003
6326
4452
7103
6499
4437
808
945
8072
1571
2305
6557
1282
8082
3958
1307
896
3580
5778
1074
3958
1561
849
7437
2925
972
6378
3458
652
7932
3171
5458
6490
6122
350
5972
5981
4961
365
2284
7140
5478
4649
6467
7919
7787
2474
2410
7343
4946
725
6327
7532
262
4872
5430
7111
3011
1515
3003
5
5753
7111
1608
516
186
1470
5957
1353
5222
7166
6557
3356
498
5202
2569
6195
4491
1654
3971
7748
1725
1005
7916
3000
6636
5579
202
858
176
461
22
2950
5750
6499
945
6478
3125
7091
199
2284
3186
4789
1541
5231
1943
7980
1441
732
8002
2577
3761
3555
5782
1803
3480
574
5701
4390
1805
619
1732
6176
652
3082
5144
3864
3602
6066
7482
3973
7679
16
3167
7045
7882
7198
5732
1038
7936
5574
3466
4935
6520
61
2798
3207
3494
4867
4670
3851
3625
5337
7617
2750
652
7804
5807
4933
377
6769
5605
5889
704
98
1514
502
8065
427
6399
1846
1623
3353
2690
2531
7462
3179
2510
3899
7223
2657
2999
216
7810
2648
3522
1028
8136
7166
5960
1802
1461
3939
8136
6209
7521
1285
6561
6060
4763
6557
1561
4260
1647
4576
7944
5644
98
1823
6060
2062
5975
1709
2916
5542
3682
7640
2513
3477
7922
7149
3563
7356
5144
2341
6485
5005
442
1259
1426
2898
2982
7490
4678
3865
5940
5740
4204
5014
851
3481
1105
7679
4229
5690
5077
4291
2405
3220
4065
3392
3404
4810
3467
326
1973
7103
6673
2688
8082
1694
5770
6232
3714
1757
326
5516
6214
4516
5395
4145
7130
7827
2489
6517
5364
5092
4788
744
1155
7665
7014
7727
3059
2602
4967
2439
6608
74
245
4369
325
2634
3038
3611
3958
5497
7400
830
6325
7177
2161
3183
2792
6622
3930
7569
6535
4981
6811
7676
4152
7173
2481
4021
7181
1329
3090
510
326
1073
2434
6873
4196
4159
257
2851
7768
3441
3714
2668
6151
6229
6704
3627
1724
2991
861
1726
1656
2675
1183
6296
7829
2434
1846
6468
5613
4369
6143
7650
184
3063
7158
5117
3238
4826
3947
5661
212
2804
7254
6601
4649
6010
6463
3075
3192
4347
4322
5619
199
5506
7998
2978
1107
6304
4511
1474
4430
1515
5786
6601
4323
6825
3279
6106
2846
1280
4522
414
211
8160
5558
1726
1707
1905
3971
4678
5572
3900
2574
1311
6528
3371
5783
3351
7736
1107
6129
4827
1186
6224
1608
350
3933
1065
6726
2582
1698
5013
5601
4762
747
7223
2676
7240
3073
5417
3183
7098
2366
3226
1642
8112
6010
317
1608
4810
3528
7748
5807
5286
7629
2360
4868
1998
7374
6844
1774
3240
4475
4194
2232
3712
5128
8030
6553
7872
6089
4401
2183
5797
7404
8168
3918
2420
3467
1816
923
522
3960
996
1503
1753
3180
5693
4794
7615
6384
1774
7405
8157
5145
702
5801
4815
4852
2277
1971
2676
7872
2736
825
2139
3488
7529
3221
4578
3240
4569
1488
5005
2815
8055
4735
4644
6053
5013
7419
5412
1236
2574
1818
7187
6571
7699
5682
765
1709
7827
6281
6450
6791
3625
6677
2676
3741
6106
2486
3750
5403
5129
1664
5661
3220
5116
1774
3625
1425
7246
5579
3240
7940
2817
3969
1217
61
900
1043
2788
5403
684
3299
1048
2753
2464
6384
5579
3741
7223
2737
2868
568
6582
7241
3610
14
5726
2958
4120
6417
3188
5779
7673
4522
7673
2175
5343
7419
7451
5279
6245
3712
1464
5168
2558
2238
7
3962
6059
4202
5579
4340
1453
2825
6716
5538
3045
5007
4914
4522
2325
4522
5643
5579
7408
1577
3188
3260
5779
6258
6746
1577
4628
848
4796
1613
1129
3253
1320
2657
6980
1038
3785
5214
1579
6261
5144
866
6843
1347
45
559
4892
3572
1819
583
6222
841
1890
7820
1849
511
411
1483
7091
2309
8023
1029
4148
7468
5100
5168
6895
2030
7940
7868
5619
6481
45
3173
7586
2712
157
2404
4525
6664
6784
1024
1997
1997
2129
6132
1610
5319
7510
3123
7297
1823
7413
4099
1787
3205
5874
3631
1062
1029
2309
4647
5436
1550
4146
525
1458
2925
