0
0
0
10
6
0
0
2
9
0
0
0
0
1
0
0
0
3
0
0
0
0
2
5
0
0
0
1
0
0
1
1
0
0
0
0
0
0
0
0
0
0
0
0
0
0
0
0
0
0
0
0
0
0
1
0
0
0
1
0
0
0
0
0
0
0
0
0
0
0
0
0
0
0
0
0
0
0
0
0
0
0
0
0
0
0
0
0
0
0
0
2
8
0
0
2
7
0
0
0
0
0
0
0
22
1
0
8
5
7
0
0
0
0
0
0
1
0
0
5
0
0
4
1
0
3
0
2
1
0
0
0
1
0
4
0
0
1
1
0
0
0
0
0
0
0
0
0
1
0
0
1
0
0
0
0
0
0
0
1
1
0
1
0
0
0
0
0
0
0
0
0
1
0
0
0
0
0
0
0
0
0
0
0
0
0
0
0
0
3
0
9
0
0
0
0
0
0
0
0
0
0
0
0
12
4
9
1
4
2
28
0
1
0
2
2
0
17
0
0
0
10
0
0
0
0
0
0
0
1
0
0
0
0
0
0
0
0
0
0
0
0
0
0
0
0
0
0
0
0
0
0
0
10
0
0
5720
2896
2896
3959
4074
811
6590
4496
3272
3538
626
348
7167
2145
3489
6595
1193
7223
4867
3959
45
3071
3240
4354
810
7737
3232
5447
1934
2947
4496
939
2676
2896
3647
5324
2166
3260
4712
5042
3819
8147
7790
2896
5279
1892
3283
5446
5056
1787
4575
4348
4007
2343
6791
2007
3090
5425
7936
4410
1324
3232
243
3567
46
2896
4920
7827
5364
1467
4867
4449
1844
8143
3240
4888
2896
4647
3100
910
6595
5650
1836
4448
5517
5742
3792
4857
1694
1957
5971
7841
7374
5968
3410
721
143
2896
6481
5945
4651
4242
5019
607
536
7665
3240
481
592
2329
897
283
2987
4698
2938
8157
2662
2938
1787
3401
894
6659
1863
7986
4233
2773
4632
2182
2461
4569
6635
2325
2777
2679
7779
5623
5998
960
4365
1776
4867
4374
2513
2513
2066
2788
896
5165
1769
5220
7665
5877
6547
606
2854
751
631
283
7162
5704
35
7658
46
2896
5574
2648
8137
6258
3847
1534
4361
2896
1863
7299
4716
1620
4155
4735
4600
1160
5715
1824
1275
3225
1896
176
3771
4523
3673
7673
2285
4061
4354
6044
3291
425
6481
4670
6245
6635
6884
7059
7901
592
912
5896
5436
4498
6951
7897
479
4261
1155
7389
1467
4089
7212
326
2939
1608
5552
7673
6258
2896
3090
5421
709
5897
3916
6258
2896
592
5579
1361
3879
1425
2777
1348
5556
4495
1471
6318
4678
4663
6662
2353
4495
6754
7370
8036
4903
1352
6662
5928
592
2896
3892
7318
476
8057
2349
4419
7986
1664
7749
4720
5642
2540
82
5328
1096
6044
7240
2098
7787
118
4430
1846
1827
985
4780
4823
483
3183
4423
4790
3542
592
6851
5667
6305
7177
7254
7015
1774
258
7438
3567
3759
4423
7411
4323
3729
6744
3468
6318
498
6040
8100
3562
7644
7548
3325
1358
3032
2232
5980
1728
4239
592
2809
3260
3165
5820
1070
7399
690
7356
789
3973
7863
365
483
6957
2291
7305
733
7841
8093
1696
5223
565
4931
159
7064
3625
1424
5642
1604
1827
6495
6258
1182
3169
5358
5358
2908
3978
1186
4177
5071
4191
1569
3593
3011
2997
7367
3527
4730
3692
5231
5619
98
2863
159
2735
2732
4140
5469
2918
4878
606
5798
3260
830
3075
3282
2170
6673
4676
2070
3721
5536
2159
3130
122
3032
6348
1329
2351
7141
3150
1307
1762
2175
4333
3284
5335
3284
889
1374
1487
4130
27
258
4569
4223
7173
4893
4432
1374
5005
5980
4679
3198
6181
6744
7400
7429
7697
6091
1431
5358
5358
7356
13
2041
1231
7484
7063
1013
118
7697
3759
6325
1757
5980
3075
3011
2011
7242
7400
2968
3443
935
7438
7906
7430
5366
4686
3279
7046
5908
7748
5465
5812
1461
5714
1571
709
3307
6744
6736
54
4010
7318
1229
8067
523
7367
4654
5453
7158
4810
107
5759
2639
6305
5049
150
5834
7242
961
2431
6499
4769
7735
7593
2080
1329
666
2990
7111
3112
1678
6091
945
6456
3090
389
1039
3959
98
2175
7756
5498
1662
1131
7784
7806
1589
7582
7484
1060
2532
5785
3077
7411
2489
1664
5957
6662
8185
118
5952
2808
4833
395
5614
2030
2421
5617
1608
2225
6673
7932
450
1424
7445
1341
6066
2835
7424
1527
5079
3225
2835
2309
1969
211
4507
3232
7657
8119
6704
6557
687
6255
1530
551
8057
4962
129
4637
1323
129
4018
1026
7737
2356
135
4560
7071
6315
2193
3178
7098
2835
3071
7986
1736
427
8186
74
5612
1488
2678
1895
7805
3504
3046
3921
3283
4676
5240
3733
5022
4432
1803
3847
1489
2668
3998
5783
4354
7242
427
129
107
2522
6258
592
7476
7140
5634
3538
6619
288
4507
4453
7563
2671
5279
2984
3198
8147
3279
74
5991
4905
5829
709
1608
6754
7318
3602
3248
4000
4515
3192
459
5952
4089
2339
3046
4197
1833
4197
3888
8111
6937
6709
3865
4396
7673
4698
3784
523
8100
129
1551
1560
7697
4354
502
6348
5258
7370
6998
1657
1442
2939
4142
5877
6421
1607
626
5217
3432
4863
2750
363
53
222
3567
7098
7451
7986
7545
4872
5465
2448
695
4453
5151
1096
476
7964
27
6662
3978
5377
3090
1515
2740
3947
7926
215
4118
7456
606
7232
7640
4509
3214
1070
5144
4216
6770
3240
7451
138
1881
7140
6449
7650
2178
7116
5960
8137
6662
6272
5937
2987
3466
4313
1280
209
3102
4164
590
6673
2175
1844
4680
5377
6214
2305
2041
2934
7921
3993
960
7940
1944
6272
7639
1948
2157
7076
5960
7523
3331
3857
7163
606
586
1999
5019
3678
1694
536
789
4993
5744
768
118
3282
6971
6198
3363
1209
3585
8065
5276
5326
2610
3720
1615
338
5324
98
2712
4319
5940
27
3076
7872
3910
7796
5037
5972
5274
5536
7015
5578
5324
1623
7068
2187
7029
810
4207
4867
2896
5469
1429
237
6535
6791
6154
4348
2662
5085
6463
3730
2978
3282
2474
4319
5714
7776
3011
5284
1112
1488
5714
1112
5714
5035
4177
1581
606
7868
5229
5343
5690
4089
2483
5112
5226
4952
3058
5412
53
7225
4253
5737
7756
5037
8160
80
1231
5037
7907
3183
2675
6547
7593
2994
7563
7192
1083
1803
1311
1698
214
4867
8188
3942
4237
3702
2459
6369
437
1971
1790
7057
6181
5111
2676
8046
1465
5250
4197
3792
7737
5655
7468
6642
2507
7737
1881
4010
5650
7986
1976
7180
348
704
4207
4148
4207
7642
1631
6877
1467
5650
1280
2260
4207
3240
6481
3432
4979
4827
1707
939
945
396
6635
4242
5672
3489
2041
7790
2896
3656
2150
2066
2303
1824
2411
2532
6082
1856
4315
3684
4406
411
2896
2896
2896
592
45
4093
2820
500
7650
7232
4993
960
7092
6481
4207
6499
7313
4892
7868
6945
7482
7806
6227
6135
7642
6826
5245
1395
3196
170
1589
4818
6258
592
592
4867
6011
7063
464
2820
4836
1719
3004
2896
1311
4878
1787
2411
6996
5650
7872
4964
6245
6258
4670
1787
7884
3071
2896
2662
5567
4017
5048
1301
