0
0
0
9
1
0
0
1
7
2
2
1
0
1
0
0
0
1
0
0
0
8
0
3
0
0
1
3
0
0
1
0
0
0
0
0
0
0
1
0
0
0
0
0
0
0
0
0
0
0
0
0
0
1
0
0
0
0
0
0
0
0
0
0
4
0
1
0
0
0
0
0
0
0
0
0
0
0
0
0
0
1
0
1
0
0
0
0
0
0
0
0
1
0
0
0
7
0
0
0
0
0
0
0
19
1
0
6
4
7
0
0
0
0
0
4
1
0
2
4
1
1
7
1
0
1
0
0
2
3
0
4
0
1
5
0
0
0
0
0
0
0
0
0
1
0
1
0
0
0
0
0
1
1
1
2
0
2
0
0
3
0
2
0
0
0
0
0
0
1
0
0
2
0
0
1
0
2
0
0
1
0
0
2
0
0
0
0
0
4
0
10
0
1
0
0
0
0
0
0
0
0
0
0
8
15
8
1
3
1
18
0
2
3
4
2
3
19
3
3
0
12
0
0
2
7
1
0
2
1
0
4
0
0
0
0
0
0
0
0
0
0
0
0
0
0
0
0
0
0
0
0
0
10
0
0
4478
7497
2470
1452
1155
629
6531
3788
4107
2597
4990
2967
1639
2929
4916
3842
539
8116
7337
836
1704
7967
4834
4673
7606
6796
6227
3959
5428
5129
7673
7940
4578
4365
7497
1631
2626
3649
5681
8118
7911
5688
5644
3849
2425
4497
4950
5748
7176
60
6237
5092
1520
5046
6921
82
6902
3477
702
3098
2918
1523
96
1279
5364
4479
6227
5475
7569
2637
7463
4597
6070
1556
7209
4366
4593
1780
1988
1466
5263
7172
4754
1071
1084
4174
1874
4092
2676
4718
1852
2513
3068
5542
2411
4822
2854
4478
3599
1666
10
5119
3241
5493
7755
4793
986
777
2653
464
7304
3059
3580
6391
1485
1554
1217
5228
4280
4814
6393
3959
7294
1845
4053
1620
6203
2294
916
7344
4944
7221
130
1639
1661
2576
2280
654
2393
3245
2930
6941
2601
5413
3060
8187
4024
2280
7209
3259
2543
2993
7136
538
6393
5314
138
2483
3405
379
7371
2478
3241
4174
7950
1597
7176
5095
4422
6131
8047
716
197
6948
4507
6578
1643
3804
1570
7571
4643
2152
6643
133
6610
5756
4239
5507
4651
6795
2440
7073
4291
3651
278
4740
4754
4751
6863
1661
617
2693
5402
3849
4793
886
6276
5644
3554
5189
4389
996
492
3096
1935
5511
6569
1011
2796
8143
782
2744
2955
2098
5019
5876
712
3435
724
328
7056
6540
7726
788
1094
3367
3119
6132
837
6600
2805
1430
1956
3710
6776
2967
1114
3267
4885
3593
825
1313
3358
1594
6304
3788
6656
4405
3367
6200
3506
1213
5824
7543
6714
1406
6237
3958
2577
1799
2157
4793
5493
4581
4793
681
6249
3177
6605
7172
3620
4643
6392
4165
3781
3658
3834
675
3781
6235
2460
2780
6244
3117
1129
4344
5192
5534
6728
8047
3791
2803
4396
3055
3597
6372
1027
7134
5463
1114
5644
6020
2635
7732
6363
4621
6653
724
1964
1562
5847
2068
5472
1272
7040
1140
3410
5007
4111
3722
6121
7290
1924
2803
386
2905
7362
6887
3407
8159
978
2573
2905
1521
3245
3765
1842
5119
431
3218
1150
8187
2749
1964
587
5964
3765
5144
8040
3155
1520
2092
8105
2539
1924
6123
2671
2798
4174
7209
7034
5306
6887
2772
6138
7286
1290
5560
3376
5252
2884
4426
2252
820
3849
7113
8105
3849
738
2975
1463
8105
2277
2029
5405
6521
4344
4700
3263
1463
4283
2741
4230
1785
7209
4623
7913
716
1521
36
4751
4211
6359
1164
389
2726
3849
6486
4318
1449
6808
7739
1449
753
2563
2487
1362
5370
1426
1617
373
2498
4170
7244
7537
1290
6069
5513
1081
4047
3717
2577
2327
2276
6163
4939
3717
7018
3249
7919
7169
7216
3214
3825
8094
7825
1272
8144
5560
3722
5007
2663
2429
5374
4754
1289
2439
5434
5920
967
4543
5092
2741
5054
4905
4887
1150
7496
5975
2225
5434
5802
2028
3706
5440
6760
933
7823
7957
2927
5577
1951
7704
686
1613
7176
4013
1847
6650
3650
3995
673
4529
7327
2119
5704
5810
2280
665
4124
3386
1384
5766
1047
1162
793
1639
4124
1900
3981
8190
6372
1810
1780
2206
695
4702
1548
7436
2579
315
2957
6717
6865
3870
5255
7571
7176
8095
3752
2772
6459
2520
4002
3244
4366
5704
966
7913
4869
341
1027
2270
5445
3353
3532
5644
686
4702
4505
1992
2577
7773
3793
6756
4754
7543
1544
7048
3249
5867
6327
6889
2929
941
4825
764
3814
6889
2635
2795
4493
5993
6242
3251
3765
7274
6451
4366
3002
2591
5732
1895
6583
7828
1661
498
4124
5739
1643
7075
7216
142
2979
913
5096
3291
4641
6384
2004
1095
8118
3654
3153
3017
4725
6366
1864
1057
7617
5374
2553
1613
7234
7740
6776
1129
3968
2327
7584
4211
484
1352
2962
1081
3360
3933
1426
2398
5292
1774
4159
7571
7040
3804
4290
4489
2922
2248
1660
2591
3621
298
6276
389
7934
5078
5704
5867
7234
4427
7499
5904
2327
5975
7913
1094
3044
3676
156
8029
5229
6796
3925
6398
3264
4579
8156
2252
5975
7838
23
930
371
614
1397
3808
7464
4160
1226
248
5007
3712
237
7610
7287
2697
7034
3265
5577
2747
5159
395
6258
6845
8066
2476
2430
7688
5918
587
3870
8013
2658
179
7860
3769
5767
6927
1713
6003
732
7978
7517
4424
1661
7040
1081
7018
2967
5402
7415
4174
6326
6384
2896
4183
7557
4643
4593
1009
4396
7559
4145
7569
5139
1965
8159
2798
2905
7518
2238
6988
2726
8085
1843
2252
2532
1476
3051
4793
7861
5897
4081
7574
6181
1209
283
8167
5765
2531
1474
6124
4852
5531
3288
320
8080
2780
193
2622
7134
3530
1554
2169
7279
2826
4047
3775
7740
5350
673
4858
1056
5791
7241
1342
2192
4712
7868
3240
4990
3681
7739
4095
4505
5695
5308
6810
5688
2418
4124
3681
3047
1129
3224
1235
2261
2557
5713
1980
3676
4643
7543
69
6756
189
3676
1726
6590
6954
3220
6945
6146
7938
4192
2713
5722
4353
248
7155
3650
4918
2576
3533
6253
2557
4249
2327
6811
7942
2635
539
130
1661
4948
4486
5188
5128
1093
3001
6553
4293
2066
3607
5871
5653
1470
7714
6193
5832
5198
3674
4420
3335
5531
4703
8047
6533
7950
7256
8094
817
831
7122
7739
1110
4505
1009
2276
5241
6536
3240
8025
6590
3625
758
4087
6415
4489
4241
7852
5516
3717
8126
7330
7011
5975
1947
5198
7623
7911
1570
6724
5867
1028
1057
2276
3305
3621
4363
3719
5241
7405
3240
4712
6954
5579
580
2716
5975
5824
5493
1040
5810
1965
3732
1989
6020
3055
8174
2887
2749
6533
7064
3765
8190
6200
3712
1094
2698
5732
6683
1503
4317
1523
148
5623
6258
4670
4569
3472
36
7911
7373
2929
1924
4290
807
6249
6983
7617
6273
2127
3254
5694
1639
7755
7241
6724
2979
7723
7169
1153
3543
2777
897
1423
2562
1050
5112
2896
2851
1188
4052
4920
5393
2988
5259
244
6003
2439
6057
2137
2903
5096
5798
7737
3534
7337
6003
2805
7507
1643
7571
5960
7940
7419
1048
764
4340
6583
5964
4809
