0
0
0
9
8
0
0
2
10
1
0
1
0
1
0
0
0
1
0
0
0
2
0
2
0
0
0
0
0
0
4
0
0
0
0
0
0
0
0
0
0
0
0
0
0
0
0
0
0
0
0
0
0
0
0
0
0
0
0
0
0
0
0
0
1
0
0
0
0
0
0
0
0
0
0
0
0
0
0
0
0
0
0
0
0
0
0
0
0
0
0
0
10
0
0
1
8
0
0
0
0
0
0
0
17
0
0
8
2
4
0
0
0
0
0
2
0
0
2
2
1
1
4
6
0
0
0
0
0
1
0
1
0
0
3
0
0
0
0
0
0
0
0
0
0
0
0
0
0
0
0
1
0
0
0
0
0
0
0
0
0
0
4
0
0
0
0
0
0
0
0
0
0
0
0
1
0
0
0
0
1
0
0
0
1
0
0
0
0
0
0
10
0
0
0
0
0
0
0
0
0
0
0
0
13
9
8
0
0
1
19
0
0
0
8
7
0
18
0
1
0
10
0
0
1
7
0
0
0
1
0
5
0
0
0
0
0
0
0
0
0
0
0
0
0
0
0
0
0
0
0
0
0
10
0
0
1485
869
286
3937
1029
5998
1735
134
3812
4931
7559
3639
4181
7295
4340
2464
531
4950
958
140
3536
8175
5380
807
5372
5583
8175
1570
1683
2506
635
87
3885
5942
3984
5048
4017
3790
7336
2128
869
8043
1171
1618
7979
6274
4361
4900
744
6504
5281
5621
3681
679
6108
1754
3750
2128
589
5922
4971
3017
4675
7324
5380
2128
3644
1595
1164
3120
2975
6992
5347
5800
593
6668
7416
1433
6247
7405
2470
6217
6605
1138
6604
4548
7081
7696
2130
3412
4344
7584
6704
1283
3946
8175
95
1433
807
6104
1689
3158
7767
5281
6103
286
726
2684
531
1620
4862
948
7430
4182
615
988
7955
1840
5762
7153
542
602
5109
5578
2982
6959
7601
658
4940
5691
1318
1595
8006
3911
4189
530
3313
4931
3648
3222
2166
5232
6005
3126
7563
62
7084
4020
7841
4741
3469
2229
4675
1753
2585
6284
4903
656
2996
6040
43
3984
7837
2907
3651
2679
7607
6375
6992
2838
6111
2673
476
6478
6217
2175
7166
7501
8065
6633
7934
213
390
1029
1358
4030
3508
1992
2982
5585
4199
6349
5014
2649
2778
5545
2470
3085
5056
5070
5449
1742
3839
7057
7057
6264
2455
5586
5188
3965
797
1657
6572
5274
1603
3368
2232
7479
3191
1165
1859
180
7192
2973
3721
3721
7242
3283
2254
272
6501
1449
959
2975
3265
8065
3149
4507
3750
4951
373
4903
3557
1131
5692
1131
6468
4901
6227
6210
702
390
2887
7174
1598
263
4561
6531
4082
3232
1266
3681
3736
2491
2713
6448
1465
7586
1790
7031
4300
4357
5979
7225
4065
8012
5200
3921
8156
6918
715
475
1395
2405
2279
1207
1743
2684
3790
3158
36
4400
3728
7037
5344
7908
6263
3538
5056
62
5093
7577
7825
898
7227
296
2793
4228
656
4523
7041
3557
4471
5384
2459
3600
4009
3668
7071
4378
3682
531
2062
5403
5708
3597
7514
1030
6254
6252
2258
5
2553
7071
7559
3383
1494
8156
5957
5093
5737
4523
2511
1657
4035
1541
7570
5731
7034
3668
21
2868
3644
1748
5982
4479
6059
4343
597
4095
5217
4199
2612
6264
1020
4866
1850
3222
504
296
3986
6098
4688
8177
7225
2242
2041
7278
1287
1062
1017
2493
2464
568
5411
6253
4796
1988
3651
372
3643
2878
6292
1527
5957
656
4866
7577
4357
1134
4523
101
838
3265
6073
2751
7225
4516
2585
552
3900
3480
3722
8019
7093
3682
7051
8020
5613
169
1607
7980
5503
1180
8166
1527
3555
8111
3989
5454
1865
2451
5637
4197
7192
325
5359
3634
6272
4511
3394
3977
6024
3274
5053
1344
475
721
7980
1732
3130
3541
4361
6689
6873
3838
6252
7057
6673
1934
8093
6843
4456
140
4510
2662
4035
4199
2242
6220
8166
5207
6732
8111
3813
4478
7064
6164
8143
448
1049
6295
3972
2854
7540
2280
4662
837
1934
1266
4010
4036
858
5070
7985
2433
2594
2024
6129
7756
4766
6501
7086
5637
3486
5070
7919
7661
3134
3790
1025
4275
7582
1836
4280
472
4110
6036
6526
7496
1934
5433
1778
6370
363
440
3568
8152
2521
4194
2457
683
6098
3771
4817
3939
1615
1978
6825
8166
1750
2902
840
2177
1395
4609
1870
6454
382
3183
7318
7031
6257
6948
3218
666
2712
5037
7441
2436
5953
1812
4228
5454
7932
1252
1335
6572
8111
7586
1973
8166
7034
1453
1631
1488
1970
7861
3158
1010
5007
1193
2670
2647
560
5586
67
3238
1356
1266
7779
5015
7372
7736
4916
7932
3017
1974
6572
1719
5902
1796
5811
89
97
4634
3161
3208
7434
3158
8103
2411
944
3394
6858
6810
5977
1258
5762
101
2878
8089
7442
1334
3552
3589
1112
1658
2543
6598
5145
458
4637
6598
1262
6354
2603
1675
4732
7600
7657
795
850
2676
733
6911
4655
4501
1525
7874
5395
5728
6098
5452
8156
5589
1079
501
4608
7456
8089
8073
872
4384
5808
6851
5760
5273
2603
2119
7823
2398
6668
254
3159
3433
4095
7016
6598
5883
3937
5078
3448
3120
810
3804
2041
2238
6448
4672
6704
31
6673
288
4836
7906
7313
150
5272
7196
24
7135
3826
4677
7064
5077
4800
6320
1447
4021
6752
2934
2615
1139
6284
3468
1694
2612
785
1431
6793
7381
5171
6544
3278
3209
6575
5461
458
7810
3682
1866
4308
7827
6301
7162
7882
1188
403
2137
1009
7037
3777
6673
427
1465
4379
4390
3153
3711
7333
5001
257
590
3514
3688
4649
7577
6040
7936
7296
5728
4892
3893
7926
4578
1364
4422
1836
8030
746
7679
7755
1947
602
1131
11
1186
5328
6547
3404
7776
6844
863
5218
6547
3272
2000
8064
2574
5037
5844
2649
7629
1593
1872
7087
2635
1048
2137
2271
4202
6183
4099
7180
6828
6736
4388
3178
7041
208
5852
2793
6119
4957
8177
1827
2535
6950
2219
7461
1744
4344
6478
6526
8125
174
2987
3358
1067
3668
1253
1988
2254
1818
2123
1280
5377
5806
3118
4675
7841
7648
1076
945
7141
4620
442
2019
1955
7903
8072
3910
235
2630
5070
6224
367
6778
3259
6778
5403
2552
680
2272
7491
4242
3534
1642
2747
568
2684
7085
807
2457
6793
7303
5558
2377
7272
180
4038
1657
285
4322
1073
5957
7103
1234
2616
4389
2076
4916
5662
2676
5542
322
6444
335
1478
642
5998
1836
1733
5175
5048
3690
1130
4517
744
4150
5359
5008
7963
6940
7548
4958
1458
6951
3077
3022
7196
6558
1849
3210
1562
4628
3726
6131
1820
8190
873
4648
7901
3576
2547
959
39
4372
6082
1852
2421
649
6682
4894
655
1437
3937
2962
278
2907
5874
450
5288
2987
7384
2100
4481
6004
6009
1037
5629
1680
4472
2863
6165
4722
448
4484
5314
109
432
5928
5997
3213
5288
2518
7374
6979
1892
7882
7012
4609
2679
3038
3676
441
1989
1818
47
1962
721
4619
3483
332
3747
8023
5735
7689
4830
7582
2066
4646
1988
3607
1824
4009
5778
3577
7642
7424
6708
5970
5220
2679
1534
4809
2892
1836
7910
7615
1320
7926
1576
