0
0
0
8
0
0
0
2
8
2
0
0
2
0
0
0
1
3
0
2
0
0
11
0
0
0
1
2
0
0
0
0
0
0
0
0
0
0
0
0
0
0
0
0
0
0
0
0
0
0
0
0
0
1
0
0
0
0
0
0
0
0
0
0
3
0
0
0
0
0
0
1
0
0
1
0
0
0
0
1
0
0
0
0
0
0
0
0
0
0
0
0
0
0
0
0
6
0
0
0
0
0
0
0
17
1
0
8
4
4
0
0
0
0
0
7
0
0
5
0
3
5
3
1
0
0
1
0
1
0
0
2
0
0
6
0
0
0
0
0
0
1
0
0
0
0
0
0
2
1
0
0
0
0
1
0
0
2
1
0
1
1
9
0
0
0
0
0
0
1
0
0
0
0
1
0
0
0
0
0
0
0
0
0
0
0
0
0
0
5
0
6
0
4
0
0
0
0
0
0
0
0
0
0
14
11
6
2
3
1
20
3
0
6
7
3
1
13
0
0
1
10
0
0
2
8
0
0
0
1
0
3
0
0
0
0
0
0
0
0
0
0
0
0
0
0
0
0
0
0
0
0
0
10
0
0
7905
3208
1049
1164
2988
7982
2295
2478
3941
389
6503
5385
2333
6335
7087
3326
2004
238
4766
5320
4342
5404
238
1759
2709
2516
3173
5662
3174
3892
3174
3100
6071
4818
3675
3643
4140
2198
848
2263
4333
6969
2215
4256
2135
2935
4547
8000
4094
5184
4183
2631
1062
395
6457
4042
6322
2803
4435
1060
2208
2803
851
2638
5520
3629
6574
4685
7314
3614
4896
6921
5222
6698
4094
6322
3254
4015
1269
8009
6921
1060
5351
6221
6545
6980
7628
4818
7452
3895
2650
2576
6333
1927
7971
1719
111
1716
2867
1467
7070
4547
4655
183
5715
4092
5418
5736
2215
4196
4435
3941
7684
7556
4547
338
111
842
3081
4777
3173
6380
5007
5111
4042
2470
3432
1917
4198
979
7922
4710
2047
6730
942
6429
6154
7023
4882
5606
220
1451
4132
687
3198
5564
4402
5698
2398
3438
3415
8153
6541
740
4210
5715
4248
258
7903
4196
1834
127
3159
4183
4004
6112
6944
505
2526
7490
8139
5888
954
2682
6530
2093
5367
2369
1797
7856
2264
8150
7606
1917
1236
4333
5599
502
3006
5775
4498
832
17
2988
7479
3941
7836
2275
4230
4489
3392
2393
2195
7718
5334
2925
7337
5289
6102
6398
6523
1183
301
936
6727
3411
447
447
2211
1125
7482
4136
4406
7233
1759
3401
8034
2769
50
1525
3283
7805
245
5127
5274
2982
2910
1256
6672
4602
8009
8063
1661
707
2643
2299
2384
2414
577
2263
6011
4804
6148
3455
3134
2988
6482
1364
6209
6764
1282
4917
5286
7931
1229
3894
6651
6616
3650
7687
7817
6743
7998
3519
6647
3717
6601
1725
3045
449
6885
2168
438
5921
5667
5599
391
4092
3472
6903
6555
6766
6901
929
6126
4720
1973
5289
8027
4405
5317
8117
7496
8126
7123
5260
1608
2598
1458
1725
7163
2449
8027
8136
2158
4301
1277
7087
5157
5921
3097
5848
3251
4790
2714
1294
4231
4090
7412
6006
294
4096
6485
3238
757
1117
377
3189
1396
2168
5980
6242
4583
6208
2683
1515
2363
2391
5285
2709
481
3562
5967
6567
3900
8136
2570
1559
5139
496
2706
265
6763
8149
3248
6825
6642
2449
945
6077
4727
6296
3075
4138
4369
652
6736
7400
8067
6782
7373
7087
3173
5733
2650
5512
2320
7973
773
1361
7718
5334
7921
277
1981
3451
6763
8115
52
1461
2030
1801
92
6408
6647
4073
2511
3488
8082
5501
5702
3309
5363
4042
607
4428
3068
6317
6426
8063
5980
8129
7855
6793
2511
7122
4397
3910
6254
7975
4231
2970
6842
4836
5182
5834
6091
6673
7329
1374
2511
2682
4195
7760
447
6386
5875
6266
6698
2650
2140
5624
3356
5218
2171
2991
4831
2991
3979
1622
3979
4666
2833
2213
2833
5478
7098
5359
4978
1528
5114
5957
7619
6809
5440
6045
7962
558
4256
6656
2854
4498
1163
1958
3482
2064
2615
3272
7420
2751
7500
7657
4637
7657
5328
7381
4890
8185
6269
6496
1431
4981
2288
962
7768
1516
7535
1462
1729
3909
1490
5898
3223
4094
825
648
2018
3865
379
5548
5880
7097
6743
2957
7387
6743
3363
3363
1070
1801
7018
1859
6253
727
6078
2852
7027
1668
5419
6983
2952
6375
75
5126
2983
4256
4317
6482
794
2564
5464
6793
2670
2730
3195
6277
3737
1984
7266
4269
6534
3090
5495
4441
3549
5507
825
4641
4165
2215
5596
2356
447
4256
2942
3941
2047
5662
2370
7205
3044
7249
5841
3256
2256
664
3977
4693
7914
3102
1744
7031
3074
976
3278
6836
3678
7361
1761
182
979
4165
7905
3661
392
111
4301
5479
6556
4726
7173
7240
2513
7056
3595
3622
8185
1294
3881
1461
4993
2007
5634
7743
2011
1094
6125
2258
5338
2925
59
313
2220
7806
7545
4498
4575
5450
4053
1060
3100
7684
20
5937
6433
4484
3788
1643
6485
4637
5927
6736
7460
7768
7814
4649
6044
8184
2583
7586
7156
4866
5365
7485
6314
3693
1678
7297
5662
912
4256
5710
4242
182
1589
5484
5817
1273
4202
4967
4597
1256
142
4021
7232
2457
6257
5458
972
427
2020
7586
6616
7140
4289
7931
336
6744
6899
7371
441
53
4333
1467
8044
4301
7205
1688
6482
5340
558
3477
1801
1123
7619
4601
7572
6673
7166
4527
5565
7671
7572
2460
4993
6204
1183
3921
278
5624
8153
213
2954
1755
4092
7812
5746
4406
4449
214
6545
5618
5877
1886
450
6357
2264
4527
2237
2488
1891
8026
5299
6561
7103
7931
496
7084
7404
5935
4663
5146
7087
5667
3602
2954
4368
2121
8167
4809
3012
2639
2184
2121
4448
704
1523
2182
437
1684
7499
7496
5935
1654
259
306
1461
2250
3275
6485
5299
2655
7386
2988
2165
8000
6203
7479
6698
4092
258
4206
1060
407
1638
7164
7198
6746
392
4399
1273
5412
3770
77
2469
1264
5262
4776
1297
5289
6138
5651
7438
5059
7799
3100
5705
420
1106
1307
1580
5599
4547
5820
866
372
182
5662
447
5985
6921
2016
4238
2650
8143
4609
4142
4943
1992
5848
7324
1984
3107
794
6209
2215
332
4547
7013
2496
2639
3948
5354
7829
6969
3304
1950
7194
4449
2397
585
2534
447
5921
7583
2496
6902
2499
5664
5801
7799
5284
6325
2682
6738
1295
5450
5484
5146
2470
7892
3173
3208
3165
6968
1519
3223
122
6007
5363
2943
3134
1012
6281
5484
3296
6176
7628
5404
1060
2059
4399
7063
5687
5450
2133
7916
5285
6498
848
5520
2516
1833
2650
7104
1932
6565
7923
4198
3304
3526
4702
2089
5705
636
6541
7784
5817
4498
7022
5857
5954
2631
7205
1593
2867
5954
5450
3235
6969
1381
5314
5679
2596
7628
7371
4196
8014
3665
6060
5831
7922
6282
7806
2954
1976
827
4092
3890
2988
420
5050
6128
3607
7297
3586
2054
4568
392
260
6746
6787
851
5742
388
1083
5967
111
1062
167
3173
6266
238
182
842
7314
6519
6166
3930
5050
1502
3909
5479
7198
5484
129
1841
6411
1030
3208
3691
7210
2089
4613
167
8050
7196
88
3469
6452
1381
5033
1834
4679
