0
0
0
11
2
0
0
2
8
0
0
1
0
0
0
0
0
4
0
1
0
0
0
0
0
0
1
1
0
0
1
0
0
0
0
0
0
0
0
0
0
0
0
0
0
0
0
0
0
0
0
0
0
0
0
0
0
1
0
0
0
0
0
0
1
0
0
0
0
0
0
1
0
0
0
0
0
0
0
0
0
0
0
0
0
0
0
0
0
0
0
0
11
0
0
0
7
0
0
0
0
0
0
0
21
2
0
14
4
4
0
0
0
0
0
3
1
0
1
0
1
1
7
1
0
4
0
0
0
2
0
2
1
1
4
0
0
0
0
0
0
0
0
0
0
0
0
0
1
0
0
0
1
0
0
1
1
2
1
0
3
0
2
0
0
1
1
0
0
0
0
0
0
0
0
0
0
1
0
0
0
0
0
0
0
0
0
0
0
2
0
10
0
1
0
0
0
0
0
0
0
0
0
0
9
10
10
2
2
0
20
1
1
2
6
4
1
21
2
4
0
10
0
1
2
9
0
0
3
1
0
2
0
0
0
0
0
0
0
0
0
0
0
0
0
0
0
0
0
0
0
0
0
10
0
0
83
826
7717
2541
1961
7340
2938
7404
1311
4262
4223
5770
2119
6583
8023
7980
4707
123
6353
3667
5220
5374
2252
2070
4698
5567
1319
5998
802
6852
3405
541
718
6719
7929
255
7269
1683
238
938
7598
1076
5714
7171
6204
1227
1534
2118
4175
6307
7227
966
3106
4771
2509
7304
2219
7827
1048
320
5403
1978
1661
7028
6363
2478
5220
5112
1824
7676
5678
1949
288
5944
1045
4912
5588
6065
6318
7469
2193
3976
3508
6944
3695
4255
1139
1620
1607
5997
2907
389
5168
3632
48
254
5566
5982
6059
5112
740
744
1493
5099
2947
7596
5821
1619
2986
214
5902
680
6831
3950
3120
7420
3164
2261
531
928
4225
6721
4033
3177
5684
1040
1799
998
7882
3469
389
5514
421
5821
466
415
3011
682
5821
1238
2976
6150
606
7525
3165
6979
3112
5960
1905
4513
5601
5739
6824
1988
4525
5531
1631
5276
832
5982
2002
5220
4017
3068
1823
904
4453
5574
5591
8166
7593
7031
4973
6198
3394
2855
6449
3551
3993
4152
5714
4453
6630
4361
811
534
1157
7851
7980
8023
845
3747
5364
6517
7679
740
1823
2642
1696
5574
5340
7420
5326
8166
7162
2461
6995
4554
4238
618
6537
4149
2553
5447
5447
6572
2405
7722
8046
928
4857
5945
1836
4291
7110
48
6289
6041
1494
3232
5328
486
4152
2706
5850
80
6963
6937
6259
2258
1148
6892
1438
7486
481
4935
5258
8127
5244
6168
504
1308
4273
1473
1204
2754
5664
3414
3577
421
4618
7796
4346
518
1425
6745
5250
12
8082
1539
3482
5577
1544
4290
7923
2303
2629
6595
6499
4270
852
480
2483
450
6737
5066
7434
5714
4594
5385
1823
4491
1830
2824
1821
5940
8118
4735
7232
418
6318
6128
6710
5403
4700
6092
1746
2808
80
3277
4752
5475
1155
7997
5833
1882
1217
4950
7742
4698
1473
7868
568
7827
6041
3973
1780
4563
7421
1184
6383
2934
2980
6474
6000
1217
2389
6465
427
3575
235
4780
3523
365
2649
7582
4618
5762
2405
5045
3167
5731
6082
2118
2657
568
5520
2461
2019
6387
2050
8027
7814
2011
369
2279
1971
4204
5895
1294
6105
4157
2833
3848
466
7438
5327
568
6082
5363
369
3549
411
4348
5403
6320
211
4353
1011
6995
80
4238
7776
2855
6456
6437
5364
1217
3275
6101
6017
7319
593
4949
7687
8065
3857
6572
4665
3721
6262
1023
2070
7887
6980
7413
7980
6796
5153
3167
5217
6737
8074
1698
232
7623
3063
5447
1830
6204
2852
6912
1229
3315
5568
2878
116
5385
7317
7525
6536
8048
4007
3748
2464
5982
457
1865
6438
6060
999
4576
2232
2610
4982
4518
1928
7084
3863
277
22
68
6411
5465
2011
3472
1554
1603
2660
2452
8065
3575
1551
1245
2466
3911
744
5982
4251
3038
7063
332
3991
2172
2421
1672
740
5407
1780
7537
6426
5277
1991
7419
3178
266
2973
2874
4649
118
5957
7332
4588
6688
427
2238
243
4950
4578
3651
5709
896
3207
7313
4935
6378
7748
3551
5324
1789
3538
4572
5640
2030
5462
5282
1839
939
7657
2793
6892
7023
1652
3394
476
3238
3356
2518
7242
6013
3490
1706
6841
6452
4256
598
6092
3993
6639
5783
5744
7424
5446
6700
1484
7593
755
6092
5124
2855
7729
4649
5618
1167
7648
7859
7514
1493
8166
1026
5274
7469
2026
2748
298
3808
3809
3164
4992
3514
7023
1184
163
6746
7461
1069
3951
5923
3066
59
7432
3721
4379
847
4766
4359
322
4902
3551
5250
2200
2019
2178
7650
5952
845
5801
3843
475
1471
2237
3617
4843
7623
1606
7521
5000
6520
3201
1515
3321
8106
176
3394
5446
2208
7192
1773
6800
2507
6456
3774
7936
6092
6378
5326
6096
7860
262
5254
1944
6072
2984
985
7556
5725
4077
7543
4399
6092
5701
5692
6157
7071
6037
6836
3054
6374
7975
3753
7433
4152
894
7906
3544
1672
4527
31
1615
5540
4582
5571
1824
4857
5310
7735
7264
5932
1477
7079
3501
4804
7242
7
5726
5793
6040
3279
2258
5960
896
5255
3591
7282
2516
4955
360
7607
3686
8037
6499
2221
223
5636
6587
5412
4354
6428
7037
4979
3930
6621
904
1781
5608
536
2585
4654
5786
98
46
4979
8111
3505
3306
2200
7140
2808
914
7303
1698
3214
6098
7107
7584
4070
7063
1988
4202
3528
3452
4588
2435
3644
5328
3121
5292
1824
7805
4453
2992
5588
6499
1341
4148
154
2007
5952
5154
2304
1792
6119
1026
7648
3921
4781
5143
7491
2552
1836
4120
6708
5876
1569
6732
2225
421
5874
7882
3358
1607
5658
1494
4453
3759
3523
5351
2431
4955
4718
3176
3270
5447
5736
4442
4152
770
815
5567
465
6320
3158
2489
3532
7221
2790
7788
5627
5833
3959
1824
5168
7405
6164
6099
7936
7514
770
5608
2174
7593
5447
7424
7899
4633
6884
8166
4399
4774
3697
714
8023
2629
214
2209
886
7584
4822
4731
3475
811
1988
2629
7753
7679
5232
7796
7515
3067
2982
4152
7824
7666
53
968
3444
5552
31
5782
3991
2134
319
756
1971
2066
2831
6469
7503
6067
1781
4645
7858
5034
740
3542
392
1062
1823
2089
5114
4935
6984
6595
4599
1868
2662
7142
5326
5728
4783
7142
2184
7633
7754
322
4864
6104
6990
6082
3480
7779
1234
6922
7960
7876
1815
845
3134
2791
5224
1534
3541
5658
3136
5586
6995
995
5114
4935
6170
5343
5447
4119
2798
5072
319
4356
460
7177
4525
3504
1585
21
3780
3124
3058
2916
5997
1900
2050
2663
4763
1836
744
4618
6517
6164
2778
2051
4010
7469
7593
4195
3380
415
5500
632
16
7620
714
744
6824
2671
319
5178
3561
4950
7258
211
827
7416
123
2835
5077
4702
5982
4491
919
129
3022
3192
7432
7098
5492
7954
1064
7642
4687
7685
16
1689
7028
783
7575
2298
2513
7258
2041
7484
7917
507
5290
2629
1289
421
4788
2894
705
2464
6321
7070
4867
6635
5129
5129
5371
536
2736
1209
4514
4815
4806
7551
2679
