0
0
0
10
8
0
0
1
8
0
0
0
0
0
0
0
0
1
0
0
0
1
0
2
0
0
1
2
0
0
5
0
0
0
0
1
0
0
0
0
0
0
0
0
0
0
0
0
0
0
0
0
0
1
2
0
0
0
0
0
0
0
0
0
0
0
0
0
0
0
0
0
0
0
0
0
0
0
0
1
0
0
0
0
0
0
0
0
0
0
0
3
11
0
0
0
7
0
0
0
0
0
0
0
18
0
0
10
1
6
0
0
0
0
0
1
1
0
0
3
1
0
4
5
0
1
0
3
0
3
0
0
0
0
4
1
0
0
0
1
0
0
0
0
0
0
1
0
1
0
0
0
0
0
0
0
0
1
0
1
0
0
4
1
0
0
0
0
0
1
0
0
0
0
0
2
0
0
0
0
1
0
1
0
0
1
0
0
0
2
0
10
0
1
0
0
0
0
0
0
0
0
0
0
9
15
8
0
1
4
14
0
0
5
11
8
2
17
0
2
0
11
0
0
1
6
0
0
1
1
0
5
0
0
0
0
0
0
0
0
0
0
0
0
0
0
0
0
0
0
0
0
0
10
0
0
3508
432
5165
460
2586
7681
7200
3280
673
3492
2815
1430
7950
262
7020
411
1270
6428
7020
4606
5619
1680
5650
3892
6937
7816
5370
1238
6262
6703
2929
3849
1139
6058
7867
3427
45
1593
2255
4969
1304
1675
4504
7782
1716
6193
7519
4575
432
3239
2471
2734
4242
8030
4372
2405
4164
466
3722
6679
6563
1275
1618
1173
4942
4093
3480
8137
1970
5112
3748
947
4178
898
7594
266
159
503
4075
631
6322
3926
3170
317
7745
5517
4796
2557
4029
6328
1028
4117
928
5403
769
3161
5894
3667
2181
2173
915
1716
1308
6829
382
968
1551
2185
6975
2487
1816
3102
1991
5723
2277
3602
7160
1095
7887
2478
5020
6332
7640
5536
7491
3186
623
5975
4201
4407
2619
7330
3561
4424
5019
595
4209
5561
3175
5037
2487
749
7908
3283
3239
2216
957
6499
4599
541
7408
208
5738
8023
2061
3651
3682
226
6141
743
4922
2278
1497
4623
7757
3747
785
246
755
5454
5503
232
5714
2753
5273
4402
5841
2216
6064
5454
770
5145
1944
7679
7882
7827
7926
4478
2987
7149
6475
400
7253
5266
2119
33
3651
4777
2026
6414
178
661
962
3496
1276
5714
5377
2381
6142
5984
2929
6280
6692
1341
3380
1029
3541
832
5430
2938
5896
7180
1200
4758
6865
3747
3635
2265
3501
4485
4523
6591
3116
6138
5069
1687
7392
6873
4613
2445
6142
3639
3282
1753
3646
3489
1045
442
7910
1598
3790
3561
3747
5833
2881
1027
743
5715
254
6499
7563
7988
5144
5052
4228
6909
4562
2460
6352
5878
2792
5674
2595
3812
4639
288
656
3657
1696
2855
2193
6877
3158
6320
5220
2464
8017
1331
2340
744
1011
1493
1992
7232
7073
1928
612
4322
6664
4496
4859
4276
7769
8007
4951
4115
1465
6638
933
3759
5582
5848
232
2193
2663
7405
4348
4255
8074
825
5081
2339
6409
2461
871
3966
8183
5184
4929
1231
6378
4889
1045
4554
5809
6142
4357
1382
7563
5446
5217
129
1305
2457
7482
3774
1344
2271
744
2279
705
6195
2662
4255
1620
4195
6098
6449
2450
1544
7066
7661
5446
961
3106
5692
1984
7372
3639
1079
1231
1231
2973
3611
5317
1662
5578
5425
2461
6979
6000
7180
5143
731
8025
4568
1864
3836
6633
2559
3069
7776
2669
2124
5617
7197
858
3838
436
6030
262
6376
7936
1341
7225
6601
1083
6276
7983
6296
1465
232
3575
727
480
744
5579
3613
2677
531
7668
6119
7272
4507
1507
1021
962
6119
1397
781
3873
3303
5201
1467
6119
803
132
3251
1281
1569
1528
6667
5151
6034
6995
3790
2470
5982
725
8021
6989
1675
4294
2475
7240
3524
5991
1012
648
3284
5416
965
7519
4940
4481
8166
6894
1341
6276
4379
6038
1659
2449
956
5448
7735
1045
894
1836
3477
6215
5821
7584
2870
3364
3458
4897
8166
2585
8166
4231
5351
2814
7372
7125
712
5588
682
6272
2574
5940
6099
5561
1231
5782
4060
3050
5379
659
6976
2178
6332
770
6072
7071
1131
6414
5412
5618
3859
3771
4748
6077
159
436
5723
4940
3524
682
2585
5678
6817
6499
6259
7964
4654
2675
6436
7781
2291
5202
5935
7796
7723
3524
6891
153
3112
4276
4523
2601
3415
176
3771
7776
3944
660
6839
8067
204
4637
1112
4789
7746
4751
2139
2540
3711
11
3232
5782
7103
6399
313
3743
851
2521
3470
4432
8177
1045
6561
4958
7367
5407
8111
4864
436
409
4173
176
3965
5957
4693
3192
6704
2342
3192
1515
949
3283
1112
7355
491
1282
2366
377
985
5686
4902
6948
2751
6948
2000
5782
6561
8072
4836
842
965
4173
5497
2368
3620
4859
3366
2792
4872
3711
1493
7932
1305
1112
3671
3291
1694
2460
6801
1688
2751
2002
1337
2018
8003
6037
7593
6974
3011
3283
2107
1998
1282
1341
5326
2448
5555
1753
2457
2168
6045
1212
4750
259
6376
1073
5005
6673
1477
4060
27
7734
4018
7560
6827
7264
322
7761
696
1957
7643
1465
7374
2011
2535
1934
4823
7964
4780
7103
7805
6181
2145
6704
6044
6736
6754
5455
6478
7648
933
4000
377
1903
2172
1655
5773
3969
6998
6177
6734
2200
7822
6858
5454
5957
3434
7805
7367
8147
3394
7076
5001
8082
7404
7140
2939
6164
5588
5503
5200
107
4750
5311
4229
1396
3221
4033
5649
7200
2917
266
1352
3116
831
118
3771
4195
6119
998
6704
3629
1846
3692
273
7964
6894
6378
5425
2675
232
1231
6976
6038
5454
2612
4395
2991
4997
7625
5803
5920
4152
7642
1799
3504
890
3514
3728
6995
7762
4935
3524
7140
6263
2007
1569
5064
7931
4903
3232
5200
8177
5960
3032
4060
5250
6456
3010
1650
7714
7625
4255
6737
7437
2123
5982
6227
6227
6723
6596
6044
2809
4044
6334
894
1341
3283
4359
3003
6632
5125
4780
4680
6164
6284
5499
1243
2000
5465
2951
4554
4672
5482
4707
7093
3391
678
6761
3809
386
5482
2386
7998
1167
6494
1231
6407
1341
894
3468
5022
6119
5952
415
1344
6301
1753
3010
6979
6449
7041
6164
5447
5714
6668
1534
5611
4794
2395
7525
3283
1696
154
6119
1387
1525
3238
7469
7399
1266
154
1657
5920
2494
5561
6038
894
3232
6449
3792
7197
904
3232
3771
5085
1231
974
7334
6284
5114
1696
4678
5585
3394
3524
7515
4265
6017
1276
5274
1640
6272
1657
8035
1341
5289
5586
4453
6595
5714
6195
6098
3232
4119
2808
4119
1792
1465
5129
5798
5829
346
7404
1271
7612
4958
7804
5128
2632
7414
5114
5478
7683
6809
2855
498
6501
6595
770
6220
6376
6255
1266
2494
5455
2461
968
4935
2019
6119
5750
6791
5896
1163
3213
3364
2479
7393
3677
4634
5224
1705
7250
4755
7567
5952
3505
6098
2992
346
4119
656
3069
7037
7041
5960
3468
3523
3524
3505
1453
7405
6199
3561
5739
5434
4361
1039
6027
5748
7134
994
1514
3908
3259
3284
3610
1686
129
1045
8035
8074
6284
363
2461
5200
5409
7657
838
6164
7982
3969
2825
959
