0
0
0
8
8
0
0
2
9
0
0
2
0
0
0
0
0
1
0
0
0
4
0
2
0
0
1
3
0
0
3
0
0
0
0
0
0
0
0
0
0
0
0
0
0
0
0
0
0
0
0
0
0
0
0
0
1
0
0
0
0
0
0
0
1
0
1
0
0
0
0
1
0
1
0
0
0
0
0
0
0
1
0
0
0
0
0
0
0
0
0
0
8
0
0
0
9
0
0
0
0
0
0
0
15
0
0
12
4
4
0
0
0
0
0
3
1
0
1
3
0
1
4
2
0
1
0
0
0
1
0
1
0
0
3
0
0
0
0
0
0
0
0
0
0
0
0
1
1
0
0
0
0
0
0
0
1
1
0
0
1
1
6
0
0
0
0
0
0
2
0
0
0
0
0
1
0
1
1
0
1
0
0
1
0
0
0
0
0
3
0
7
0
2
0
0
0
0
0
0
0
0
0
0
8
14
7
2
0
0
15
1
1
2
10
8
1
21
0
2
1
11
0
0
0
4
0
0
1
1
0
4
0
0
0
0
0
0
0
0
0
0
0
0
0
0
0
0
0
0
0
0
0
10
0
0
3324
2917
7601
305
834
5431
6788
4953
6267
7983
6476
5331
5357
2323
6773
5203
5570
1897
5429
1504
4370
1410
2180
5154
103
1832
1303
1321
4556
7594
1322
3535
4362
7985
5621
3713
7594
7987
3633
7842
2789
6867
4556
3689
1504
6525
661
5787
543
1897
7987
7481
5800
3536
6184
5152
2680
190
2819
2095
6622
2923
387
1203
7322
6008
5570
2936
3035
637
776
3062
445
5849
5849
7602
386
2832
5243
364
5526
8029
5828
6490
1346
6810
2180
473
2010
1840
6008
6133
4269
99
1674
6394
7361
5635
7267
3306
798
2763
7238
2542
2865
5022
83
3557
4519
306
7921
4280
543
5083
3118
6839
227
7589
7130
5307
883
5621
7175
1625
4025
99
7339
4272
6063
6063
2514
3689
2362
3887
6573
195
7777
7445
4453
6995
4622
5250
6914
486
7800
3054
625
5140
1501
5337
5049
7842
190
8001
3633
6158
4127
5570
7102
5362
6404
8001
7955
6209
4269
7815
242
3673
3278
5453
7197
6995
3886
5535
2446
7841
1590
43
746
868
1829
7322
6543
7869
1964
1365
6149
5519
4577
5698
2923
834
6328
65
3310
7876
7987
4279
1352
5726
4624
1784
6894
1038
7593
4976
6356
590
1068
625
7098
932
3714
952
1214
6113
7504
553
6870
6881
4257
2185
821
4311
5763
2375
473
2673
242
952
1
5631
7226
5008
783
3838
6826
6978
7197
5787
7185
4805
3886
7364
939
5726
6672
5621
2456
436
1504
2970
7248
893
6314
1761
6267
2923
3324
8102
6342
2076
5395
2304
7167
1073
2511
3977
8018
7737
5693
1263
3814
8111
7387
6595
5631
3557
3805
1087
1145
4370
2789
5995
6061
7115
6211
603
7115
99
4706
5004
6291
785
488
3910
7534
7664
6456
6790
2485
5172
1263
8107
4649
5099
6960
3631
4322
2844
2134
858
7860
7387
3874
364
6867
5357
322
3757
5088
1212
7698
4602
3011
2778
5458
1799
5104
6449
1782
3468
1999
8146
677
2555
2225
1442
5260
944
2803
4205
118
1231
7841
3553
1634
6727
5331
7186
7115
7410
4113
4176
317
652
1957
7800
7776
656
7895
3232
6107
5104
5389
436
1456
6414
5987
590
7841
939
626
3017
7292
4916
7074
3612
2420
5254
5729
3913
1379
4127
7876
6328
2525
7432
2836
1941
3136
4509
3950
11
3557
990
2919
4627
3884
6784
1801
2994
934
2836
1045
4453
1184
4992
7816
3519
1003
6616
4726
2205
5203
1605
1902
1832
6808
7645
7399
4553
5321
2069
1504
6431
6514
7237
6917
6896
2860
6266
7884
4140
1255
4504
447
5085
7736
7756
2076
4276
6119
1799
3805
4631
1504
473
5065
6397
3918
5763
2205
6158
4706
5406
2323
745
3159
2059
2793
2947
4979
2987
5326
2615
1560
6850
6915
5726
4658
4863
1112
6109
6619
1711
6850
4953
6240
883
6328
1299
7560
7594
299
3820
8029
6328
1840
4605
5317
596
3363
896
1139
4789
1305
7907
4655
5752
5284
5377
7031
2463
2485
4465
4148
7593
1744
6856
1779
4145
99
7876
3016
6413
754
4305
2923
5570
1076
245
7323
6181
560
5690
995
1165
5920
6520
8073
6164
1184
7919
2809
596
5250
6519
3102
4539
1158
5691
3285
6126
6691
4719
69
2693
8008
589
5562
5787
2934
3467
7800
4935
8132
461
5714
5821
6264
2979
2728
1934
1280
3728
6430
522
1744
4958
7304
225
1560
3663
299
3791
7824
1392
4408
5559
4438
5860
2101
3452
98
8072
4992
415
3886
940
2939
6272
6538
7981
5834
691
6099
1038
1038
1659
2311
8064
7963
3232
4509
1712
5203
2757
834
2236
570
6576
7449
5642
612
2601
3136
1881
3714
6272
1357
5373
2195
680
939
4980
2735
5219
5999
3066
8065
2447
2043
5157
4981
3911
2572
4714
3689
7594
3028
7186
4953
7409
2704
2917
4257
5547
5458
3977
7998
6449
307
2675
5599
6242
4379
7563
886
5172
1045
3726
2615
2180
1642
2583
150
2184
3714
2413
7594
7649
6328
5203
1085
1815
3719
5300
1712
2791
6704
858
3317
7776
396
37
3291
4613
4253
8111
5714
4496
2449
3333
5139
2294
1491
6937
4322
2225
5933
3994
1246
1246
455
3736
4489
4347
1556
5241
570
7330
1130
1465
1799
2889
3991
4034
7697
2260
6123
3686
3729
1979
3236
3993
5238
7595
6280
5730
2266
1045
5307
4953
240
4111
4676
5380
5615
844
1008
5582
2523
1096
3503
5783
5944
3977
1494
2502
4295
3321
3478
3770
5725
5022
3351
652
3017
1335
7240
2939
2474
3039
3739
8001
7252
6313
7693
4072
3061
4598
5277
2038
7191
733
209
1180
5458
5291
5736
6995
6979
5850
8082
8078
1360
6651
6233
4963
1483
1999
3910
3262
5009
7649
3203
241
64
6205
8069
4087
4661
6849
3616
7250
5506
1620
7533
8186
3467
6663
6976
3314
502
2507
3078
2586
3221
135
5574
4119
500
5482
5893
2153
6328
5362
1810
2255
4648
7571
3264
4111
2286
4948
6249
524
1939
2513
6504
4580
6129
5584
3966
2502
2751
968
7420
4509
1280
4221
6117
4382
1957
5972
6427
6404
4556
7129
4781
7307
1008
1815
4111
4489
7034
6144
7463
1365
5896
2744
4305
6996
4519
1243
2030
7197
7313
3631
6911
7857
80
7381
3183
6164
4119
6884
6618
754
6397
6569
2790
4953
4420
2697
2286
1200
6249
7040
1556
7129
4609
1299
1081
2375
2177
7197
1899
6348
968
6520
6920
3458
5574
163
6782
5986
584
810
1504
1902
5694
2383
6615
7601
3719
3302
3457
1245
428
2286
7574
5853
6320
1334
1081
2704
5912
680
258
8185
3701
4197
7456
5586
4985
7411
949
129
5343
570
7191
1321
2185
5713
6077
3373
93
5493
3616
7544
4635
6107
1203
421
1265
5721
3119
5241
6404
4789
2976
2090
6468
2220
7689
7416
4599
4993
5714
914
3799
5203
7010
3499
3554
2619
2123
2278
7710
7676
3694
4593
350
7035
868
170
3597
6200
2865
3791
678
7594
799
5416
2341
4079
1881
6485
120
3066
2254
282
6564
1246
7747
2393
2579
3264
4033
4969
3079
2312
