0
0
0
9
1
0
0
0
9
1
2
1
0
1
0
0
1
0
0
0
0
0
8
1
0
0
0
1
0
0
4
0
0
0
0
0
0
0
0
0
0
0
0
0
0
0
0
0
0
0
0
0
0
3
1
0
0
0
0
0
0
0
0
0
3
0
0
0
0
0
0
1
0
0
0
0
1
0
0
1
0
0
0
1
0
0
1
0
0
0
0
0
3
0
0
1
8
0
0
0
0
0
0
0
23
1
0
3
5
8
0
0
0
0
0
4
1
0
3
2
0
3
2
4
0
0
0
0
0
0
0
1
0
1
4
0
0
0
0
0
0
0
1
0
0
0
0
1
0
0
0
0
1
0
2
0
2
4
0
3
1
0
3
0
1
1
0
0
1
1
0
0
0
1
0
1
0
2
0
0
1
0
0
0
0
0
0
0
0
2
0
7
0
0
0
0
0
0
0
0
0
0
0
0
12
21
7
1
3
3
18
0
0
5
3
2
3
12
1
2
3
11
0
0
5
4
0
0
0
1
0
2
0
0
0
0
0
0
0
0
0
0
0
0
0
0
0
0
0
0
0
0
0
10
0
0
1076
1514
7587
1839
6550
3659
457
2110
6076
2677
7892
7901
6227
4242
1769
503
7021
5636
693
2081
377
297
8018
1658
5185
7318
753
1964
8138
1177
6189
6737
4347
7617
7011
1148
1318
7620
815
4153
2289
1646
2685
4517
916
6422
7200
3560
988
7592
2464
5255
1767
108
6792
2001
998
1840
721
471
3480
3085
1466
1836
2780
3443
2320
2226
1357
4531
2313
2949
3191
5922
3536
1850
3841
7221
6396
1075
5288
7434
5193
7408
2626
5206
607
3821
2601
1940
1497
7497
5595
7459
8138
531
6677
3118
2194
3932
2504
1522
3358
1989
2753
383
87
6220
2216
4528
6310
7339
3472
1239
3487
7679
5168
7360
744
35
5118
2181
4095
7028
4290
7321
5925
5048
2039
2823
7079
310
3457
6121
3257
1025
4005
1453
7976
7618
3697
4096
7757
4708
4550
7892
6440
6680
7070
4194
5344
7344
4338
3504
6374
1067
7415
4349
7961
7424
3049
6013
2277
1768
7518
1253
128
7441
7195
217
5675
3841
3491
3980
1576
6457
2877
1357
3561
6517
4716
6571
3292
3561
5236
4707
3824
5385
3969
8021
7321
7989
3461
1859
2685
3885
4209
2471
2194
7976
102
1939
5281
3514
7532
2796
2134
2587
6732
157
5222
7408
2679
2825
3462
3469
4561
3504
2573
686
1046
369
1441
1538
4931
3628
1440
3789
2246
869
2603
6365
257
6301
5923
7530
3291
5106
7272
5005
4274
3074
7679
7910
727
3464
966
3575
4194
6649
4753
6281
1680
1733
2825
4093
8152
43
5804
5426
6403
7482
557
5172
5255
7362
7650
1550
4906
257
7242
7582
2130
5168
4472
8103
744
2679
915
5118
4340
5118
928
2957
5567
6020
959
702
1437
6139
5514
5731
4881
1818
3167
7418
7514
6393
2796
2364
5359
8129
2303
5024
7527
811
7491
7494
531
7798
5143
6000
7405
3487
1818
1686
2459
1029
5332
6436
1105
6535
217
574
8023
1473
39
1329
6703
4167
6496
4583
4397
7433
5900
3945
254
486
568
7788
434
2560
143
7418
215
3695
6152
6304
4479
5629
5232
8103
484
1105
7679
4542
3263
7723
1130
2676
429
2970
2042
4397
66
2495
5088
71
3395
7147
6864
3806
227
47
1017
7028
6722
6973
5118
2260
4100
3414
432
5077
4759
1048
2663
1010
2603
7366
5262
3214
3759
6728
7736
6909
7124
4997
3183
4128
7238
5387
3226
3989
3686
740
4881
3876
4448
615
3541
1483
1279
6059
389
450
1775
7093
1613
3812
37
3659
6151
2234
4901
6095
1216
6963
176
7687
755
5767
6010
8183
3472
1371
5226
740
7491
4698
4017
2271
1620
3153
7190
6320
5731
5457
575
7299
6444
4526
5127
6046
5152
6206
1905
8106
3183
3040
956
597
2615
971
4681
1479
4680
5959
6420
992
4835
6761
7258
1534
7484
4270
3383
6774
6142
1978
2471
1869
7620
857
366
7346
6762
4752
3914
3592
8106
1239
7257
2342
1992
501
6129
804
3593
1434
7249
5719
3660
6926
255
2464
811
3577
2011
4481
4651
1224
5457
8038
1401
2603
3712
976
7370
4510
1197
4450
7197
7411
7404
4637
3360
2814
1705
844
8169
7352
4440
2367
7681
7591
1534
4824
8046
5363
4399
82
3469
4628
6735
2727
7
1037
7503
1801
7931
1727
8119
5188
3317
7923
7810
6352
7735
6800
345
5
1781
3591
8191
5294
3273
272
2892
538
320
4892
7461
1611
2271
5364
7887
7880
507
7143
7884
7367
3136
5011
6616
7919
247
1283
4527
7657
2893
6504
6881
6113
6676
312
7065
6855
8033
283
740
8058
722
907
8048
5756
5057
1160
5364
6311
7493
3153
4354
1338
6580
168
5416
3897
2834
1121
4510
476
6463
724
4244
8182
1267
4436
7768
7066
4601
7806
1539
4293
7755
2465
1164
3212
4618
5173
3686
7620
7939
3461
7192
1753
8184
6651
4831
2258
1896
4863
3248
7525
5939
7521
6862
3125
8119
3093
1992
809
1827
4175
4920
6565
1010
3494
7405
4399
920
4327
5290
4931
380
1346
6746
4997
7420
1978
7306
5692
5964
6299
2149
5327
3519
2559
7242
6092
5144
4980
1569
5848
1827
1319
2773
1062
8106
5623
1103
1498
7985
3405
4881
4459
6839
3348
2411
4053
150
6478
4253
5260
5260
7818
7387
1237
1123
4537
2511
4791
8177
5670
13
8100
5692
5272
1523
795
14
2496
781
1900
1441
4190
7779
2926
5764
7445
6053
744
2459
256
37
4791
7098
5655
5634
3487
972
3567
4515
5519
7540
5944
4658
4369
2142
5756
1523
3158
82
2650
6987
4093
6203
2953
4649
1699
5722
3020
6327
7980
3153
5928
6750
586
1276
101
5064
1801
5634
6208
6999
4843
4680
7702
427
1662
2897
5687
4233
169
6417
4774
5398
250
3876
435
7685
2226
1949
96
8055
5335
7982
3571
7218
2676
1073
4879
150
6580
4863
7748
4993
6348
6242
1458
7480
5913
5510
914
2483
3686
5073
2400
5143
1029
4251
6993
3294
7559
5715
4873
202
1709
7613
2465
3326
48
3561
3068
3792
5114
2751
6040
464
37
4879
1609
4819
1892
1134
8025
3391
421
466
4846
1441
1103
7365
3844
7620
1934
4216
5013
5208
1029
896
5735
2377
4644
1944
5066
6135
6310
7459
3298
2192
6552
5801
2533
2835
649
88
2178
1965
5268
5477
790
3589
1043
7121
4101
4173
979
4317
3806
2364
4885
1492
2802
1449
7662
535
119
372
2489
5896
2339
1576
5801
7350
3585
4082
1836
7391
6973
3468
6902
2343
4301
1137
4731
1826
5857
5730
657
7898
1597
1046
919
4716
508
7034
5890
7679
3740
6514
4207
411
7110
7882
5288
4502
3304
5290
5470
2629
3402
538
5706
6384
271
7976
3414
5620
7902
6002
6877
2119
1062
5385
1308
2854
2062
1046
7587
5636
531
4491
5796
2499
1944
5536
3790
4112
2104
4146
4114
2854
1989
4834
2676
7419
764
4755
4763
6906
7706
5596
4830
744
4609
5112
5077
2483
4492
7827
4478
2558
5232
1043
4491
3748
2499
4834
5077
2464
2405
2465
5650
4290
1238
410
6818
2676
6553
3743
4255
1084
6989
