0
0
0
9
0
0
0
2
10
2
0
2
0
1
0
0
0
0
0
0
0
0
5
0
0
0
0
1
0
0
1
0
0
0
0
0
0
0
0
0
0
0
0
0
0
0
0
0
0
0
0
0
0
0
1
0
0
1
0
0
0
0
0
0
3
1
1
0
0
2
0
3
0
0
0
0
1
1
0
0
0
2
0
0
0
0
0
0
0
0
0
1
2
0
0
0
6
0
0
0
0
0
0
0
23
1
0
6
5
5
0
0
0
0
0
4
0
0
1
3
1
1
4
1
0
0
0
1
0
1
1
2
1
1
4
0
0
0
0
0
0
0
1
0
2
0
0
0
0
0
0
0
0
1
0
0
1
1
2
1
1
0
5
0
0
0
0
0
0
3
0
1
1
0
0
3
0
1
0
0
3
1
1
0
0
1
0
0
0
3
0
8
0
1
0
0
0
0
0
0
0
0
0
0
14
14
8
2
3
3
24
2
5
2
9
4
5
21
2
2
1
10
0
2
2
7
0
2
1
1
0
0
0
0
0
0
0
0
0
0
1
0
0
0
0
0
0
0
0
0
0
0
0
10
0
0
3989
7449
3790
6820
5099
2856
4238
3487
1137
4291
536
2260
3551
46
2070
1534
797
5608
3148
4914
6980
5343
6884
4525
4809
1049
3551
2512
3044
2825
5668
7908
4411
156
6346
1584
2459
4399
4914
2059
5232
8103
731
3326
4712
5507
285
684
5118
6796
3551
6954
4442
507
6818
5112
3854
8021
1303
64
1114
6023
2979
1522
6030
5684
515
5871
4735
7294
1331
4914
1698
491
4338
4914
4878
7011
6613
1514
6927
4914
4735
5540
6553
2856
1965
2979
6929
7260
4737
4737
5791
60
1940
7176
6611
2671
7560
3994
6234
1057
3263
2303
4372
7806
2773
1672
1076
2907
444
3229
5867
3453
3551
7013
4139
3494
1074
8109
508
2022
361
2466
7524
5214
1672
4701
5493
4950
3862
758
3386
6235
7915
1395
7908
7860
5066
4326
5171
1029
407
5815
2481
4895
4080
4340
5185
6777
6126
3269
2152
3445
7749
4643
7497
2464
4119
3477
7219
1430
1944
591
2597
6604
6253
2810
7725
4319
2663
5682
5930
4913
3215
5069
2490
8033
4692
5363
6369
3264
2556
301
1597
2662
418
6272
7861
3788
4945
1767
48
1459
591
3821
2462
1171
5374
7207
3594
5619
2496
7243
5386
3531
59
1974
101
4817
1319
6906
951
3652
3784
6387
6510
1425
1331
6449
4475
2279
130
3374
1664
2015
5241
3367
1732
4509
1672
5343
1698
536
3196
6796
1082
6273
3755
3389
3188
4609
4984
2654
1009
6999
1458
6077
575
1698
3690
8055
2901
1672
825
3612
1488
1021
4995
3910
3585
4712
3585
2808
5343
4934
448
2558
7887
4640
2119
1765
3504
3608
966
3809
7294
5328
4352
1229
1863
3038
1209
2499
8
1672
6259
2533
3188
6824
1048
845
606
1559
966
7886
628
4957
902
7231
2248
2558
7723
5187
7803
7279
4881
6454
4934
442
189
3164
6818
825
3656
3947
896
3585
1038
5619
7592
4361
740
1129
6691
2977
5166
5092
2799
1293
4914
4120
5948
2957
1466
262
7196
6708
5560
5514
4009
3356
2734
4958
4202
5746
7178
3716
6183
4390
1062
5945
2129
149
7400
4268
2713
1220
5099
3253
6082
2271
2737
7244
1272
6478
3352
886
2149
2260
1415
1155
981
442
3752
235
7545
98
4950
2442
2957
4635
1282
5833
3185
3414
2744
2207
8089
2379
8001
2273
4708
2731
1534
6895
7909
2164
5244
690
2792
489
5416
7761
7514
142
4344
3503
3959
825
2892
1680
7527
6654
6243
2501
7426
3335
6073
1672
1803
7781
1581
5249
2923
6290
3637
6380
4179
5564
59
6518
2481
7838
6673
6793
1724
6608
2460
3222
4718
1238
3494
7816
7387
1988
981
1057
4700
7143
3625
2678
48
3457
4009
3992
3636
5951
6909
4510
6463
2341
4680
6911
7140
31
6292
4062
4905
6940
7803
2612
4663
7013
4878
1698
7596
7205
5636
3161
3722
7011
5701
174
1042
4069
7207
5543
703
3070
2481
4588
1727
3971
7814
1608
7362
4717
5109
2820
7496
8060
3839
7192
1180
1572
2533
5324
2474
2653
4457
1234
4866
8092
501
7415
1492
1824
5226
364
1368
7317
6349
296
5844
8184
4035
2973
101
6704
6143
7629
2984
753
7623
6793
2030
1144
3001
5619
966
6247
7692
3188
4372
4190
919
2772
4319
5945
6530
7521
7313
2981
6497
5760
7367
2396
3644
6952
8033
4034
5566
7140
7814
444
2647
6054
2793
6036
7225
1550
1815
5115
6588
2732
1973
4017
5334
5019
5019
5866
7807
59
2559
7404
6349
5395
7141
245
1117
2647
1608
2096
3915
1199
5772
2887
5078
6559
7364
5352
3486
6315
1488
3741
5326
4326
3616
4274
1803
4442
7095
4451
709
5395
6247
3749
3672
6736
5865
3283
863
6349
4678
6712
5807
2030
5797
7954
7623
4451
6204
4817
2062
1924
730
2238
5619
5018
1483
6334
2678
3833
4064
1696
7117
6463
7696
2305
551
5188
3780
5298
6811
2510
333
5007
6034
2633
1462
2973
92
593
5939
1954
2878
2349
3076
2792
7716
6548
47
6553
2393
6971
5952
4997
5894
3030
4258
7457
7837
3309
4663
669
7657
3459
7318
6911
5274
5064
6673
8184
458
3218
4199
8132
3749
7420
4511
871
46
1698
1664
5276
2550
256
1553
431
6493
1323
5144
3495
6229
6911
365
5465
3141
2145
3838
496
550
5544
707
6633
373
2104
3249
107
6365
4965
2148
46
4326
3701
5275
5406
6904
5062
7814
8035
6911
6224
4095
7662
4859
2162
1096
2148
5330
5269
5617
4720
3075
1844
3325
2172
7687
7370
5465
256
3278
6885
6284
1238
2303
5326
899
4922
642
5386
7252
6975
4512
8146
287
4434
1727
7460
2982
4228
2526
6129
5980
7758
593
2582
1551
326
4730
664
3011
8184
5765
655
7615
5746
6259
4399
5781
3181
4653
7027
1229
5968
6077
3749
4872
2981
4021
496
464
7696
3669
6825
5455
3169
2997
5465
4791
5240
366
858
6427
5234
889
5874
2934
1301
2678
1830
1073
1618
7305
3275
4199
7500
3971
4637
7404
5865
2431
7805
3102
6673
176
2145
2559
4791
5138
4095
7420
5452
2793
3939
659
243
8058
1280
5999
2678
4707
7886
7013
2136
6747
3309
4052
150
464
5365
2172
1654
5207
830
2559
3178
5834
4791
2457
552
6526
5863
4035
2313
1149
1696
3416
4155
1539
4580
7013
5447
914
7816
14
4152
1550
2762
709
7734
3309
893
6507
7671
6461
7681
7681
7366
3639
2681
5649
2681
4633
5935
7771
6234
2684
783
2662
5561
5701
4011
4442
1698
1209
6818
5229
606
3947
5714
7615
979
4784
5104
3291
3538
6284
3721
4827
3726
7476
6744
7932
7015
6902
4214
3959
1238
5326
2737
1698
6553
4858
4722
7582
5714
1144
7278
3625
6553
606
238
2773
1698
4878
7041
4475
5997
764
6124
4533
3835
6770
2533
538
6553
4139
8
3291
437
466
5846
2184
3585
4074
5778
1765
331
4240
5723
6761
4399
4317
6818
7784
4878
46
4301
4007
6131
7995
1944
1965
6510
4568
7431
3401
4568
3291
1523
1158
3401
3068
1672
5019
676
5790
6530
5913
2377
2698
6085
