0
0
0
9
0
0
0
2
10
1
0
0
1
1
0
0
0
7
0
0
0
0
6
2
0
0
1
2
0
0
2
0
0
0
0
0
0
0
0
0
0
0
0
0
0
0
0
0
0
0
0
0
0
1
0
0
0
0
0
0
0
0
0
0
2
0
1
0
0
0
0
0
0
0
0
0
0
0
0
0
1
2
0
0
0
0
0
0
0
0
0
0
2
0
0
2
7
0
0
0
0
0
0
0
20
0
0
12
4
5
0
0
0
0
0
3
1
0
3
2
1
1
3
2
0
0
0
0
0
0
0
2
0
1
3
0
0
0
0
0
0
0
0
0
0
1
0
0
0
0
0
0
0
0
0
1
0
1
0
0
1
0
5
0
0
0
0
0
0
0
0
0
1
0
0
1
0
0
0
0
1
0
0
0
0
0
0
0
0
4
0
9
0
1
0
0
0
0
0
0
0
0
0
0
12
11
9
1
1
1
17
1
2
2
6
5
1
17
1
1
0
11
0
0
1
4
0
0
0
1
0
1
0
0
0
0
0
0
0
0
0
0
0
0
0
0
0
0
0
0
0
0
0
10
0
0
3210
6205
3035
5406
282
7130
8102
4936
2702
4996
7671
1840
2846
4671
4875
1433
7161
445
3984
2162
6236
8146
6783
6392
2804
4816
6665
7291
7381
1767
8040
670
4607
7035
5562
7438
4858
1986
7929
1572
3626
1908
2702
622
659
3829
7324
7611
6184
4167
433
5065
7481
6655
6231
3472
4483
1033
2667
2247
2684
3541
797
2880
6622
364
1226
8139
1107
6069
5957
3650
4413
2360
5312
451
6418
5141
2488
2148
6625
694
5518
2551
6854
7175
3913
305
4167
6158
7361
4785
7491
5112
421
3062
5307
746
5317
6598
5367
5284
3543
4021
8139
6047
3515
1569
1400
6773
3423
1499
166
4332
2319
5179
1756
1456
3366
3918
4631
6236
8190
48
1319
170
1009
2213
8049
90
4693
7432
6201
4170
7591
4118
731
7122
3958
3060
34
6209
3898
445
1903
3337
364
2667
3027
3565
3199
3833
3626
1637
7135
1830
4594
5998
2917
3833
4724
7178
2157
6427
1458
1183
5702
5587
7282
3077
4046
596
3093
7738
163
7438
984
445
1499
3337
6625
2921
5872
6158
4161
2850
4881
2459
1971
1733
5141
4797
7834
4602
2156
8040
5099
999
7934
5207
4615
6210
229
4036
5622
4095
5353
3249
5367
2673
6620
2886
4631
7952
1323
6381
1168
882
1613
3651
3121
4305
3779
5300
1329
5957
2342
7388
217
7736
7166
6733
2951
7455
3832
6749
5101
882
7483
3184
6925
1470
3763
2883
1676
4394
7291
6530
4926
7867
4525
2671
5149
4671
6367
7283
803
4199
1881
3688
7002
5188
1608
4021
5144
8059
7217
2532
4318
6132
2984
614
7319
5722
617
6125
2769
3539
6049
3265
1350
2463
4390
7455
6665
3779
3424
5955
803
5808
6301
229
1208
2801
1449
8091
3278
2030
2299
619
2540
7347
5284
2156
3612
386
1753
6608
882
646
3514
1232
5545
3153
320
1554
6625
5406
4127
3802
1462
4213
2064
5200
7018
4519
785
2299
6924
2630
5682
3830
6201
2973
5920
6634
4295
1050
6430
5772
596
4529
507
3051
1581
8151
1285
8102
7690
6410
3724
7611
3642
6562
6109
7661
6257
5440
7051
7851
2299
1881
7057
7743
6263
229
2951
7192
2793
1462
6842
2485
101
3176
1929
8048
2894
1613
3775
339
3417
6515
7649
50
5145
7135
90
2553
4965
7963
3884
1232
155
8072
7162
1140
4750
6299
1021
1237
7057
5232
5644
2374
3351
2949
3162
2219
1164
1613
4983
3539
7450
1495
5885
5955
597
460
3045
930
4729
4396
3510
404
933
4488
3278
7666
3883
2619
6897
6941
5495
2149
4980
6208
3978
1217
5335
3790
3196
1713
882
7604
3912
5044
6807
3036
789
7461
615
458
7018
4427
7440
7527
320
5317
3404
6705
2628
6999
3752
7720
6370
458
7307
155
1635
1048
7029
5629
1048
3282
247
837
1591
3103
5955
5046
423
1789
458
6308
2219
715
6467
1241
3503
3288
972
4397
4509
2582
6605
7512
945
6667
3403
6468
1699
7029
3790
3120
1030
2149
6109
1169
3320
7611
2413
38
5308
6469
2973
3950
5644
6926
1237
664
3650
4359
8168
5497
101
3082
923
2726
3335
1252
6201
6858
2894
2892
3120
3158
7500
1942
7666
1003
7921
6369
1261
7462
5899
7244
6638
2500
2024
7306
3884
155
7785
1590
4397
7242
3997
5957
7131
3519
5306
7801
237
857
5629
1607
1830
731
2984
6667
1003
5688
335
5057
3424
1418
8061
1740
5465
4836
7330
7592
4493
7746
5075
644
6749
6608
6262
626
4013
6651
4788
8129
8137
5118
2892
1830
3196
5995
2643
7090
1040
4099
932
3085
6607
8112
7636
4511
2261
1140
1740
201
3559
7855
1226
6469
1970
3714
4000
7482
1483
996
272
2525
456
1164
5629
5168
423
687
6926
5444
6370
8091
6234
174
7107
936
1395
496
280
1358
4877
626
6069
6667
237
2547
5018
6717
2092
8060
3854
1988
4979
4613
6263
3911
3120
8151
54
3806
1457
1623
2219
1581
5998
1677
4995
5694
2459
2658
2780
4359
886
5276
6264
194
2225
8036
7306
4700
5572
6536
7299
5398
5113
7941
1607
1137
5998
6066
6469
4410
6736
1799
6735
7011
3504
4269
1189
752
7753
3623
3704
3388
5286
5170
8173
837
3289
2731
4049
7
460
1607
6276
2601
2358
8117
1531
2901
7533
4060
6370
5107
6168
7950
6843
5322
2923
6622
518
5603
5982
3740
2172
7764
8129
4602
2682
4051
1799
7586
913
6366
6366
227
7880
194
7171
288
3283
1360
241
7987
3983
4553
7300
4553
4141
1261
3955
6063
6313
5557
2405
7110
130
87
3433
2799
7704
7732
278
7178
1105
3159
949
1107
5572
6201
6069
4232
3504
5223
2429
453
6516
7935
6515
5947
5885
5177
2910
3652
4292
6319
7432
374
3159
2259
7306
6667
4866
6950
5682
5689
3790
2076
5576
5242
2671
7483
3650
6649
6768
4084
7592
919
3151
2637
7893
7340
6453
3763
8010
4497
2810
1314
5035
3575
1824
298
5876
1937
2248
1118
2064
209
458
2868
3153
998
2112
7461
4491
1649
5127
2631
2922
87
615
6708
210
10
4087
368
1481
7530
3233
5694
2558
7524
374
2464
4084
986
7221
130
4700
1958
3259
5444
5172
6824
3475
1201
4080
5398
3350
4546
7902
3167
4472
7670
1124
1769
784
5196
10
628
7475
936
4007
4346
4481
6411
7205
3077
4487
5205
10
6695
2197
8041
2500
5576
2766
5398
574
6303
348
550
2112
3443
421
8138
7640
5024
2859
3050
8047
738
3802
3385
1070
6871
7545
53
6587
2650
3443
7258
373
6408
3652
7626
6363
5020
201
5168
698
525
3389
1532
744
531
531
5035
5998
4291
4412
1372
4754
4292
7221
1946
4708
2496
1043
6876
3575
4867
1382
4551
5143
170
4479
3589
3414
1680
3533
3894
1820
5596
45
8073
4478
2459
4796
2558
7011
7491
3682
1946
7106
7290
2810
1940
170
5363
8023
8023
7061
1787
4880
7061
7497
5536
6824
3732
421
7861
1150
6672
783
568
559
7093
2861
3686
1620
7980
1362
411
3682
6760
2577
665
1940
8047
