0
0
0
10
1
0
0
1
9
2
0
1
0
0
0
0
0
10
0
1
0
6
0
0
0
0
0
3
0
0
3
0
0
0
0
0
0
0
0
0
0
0
0
0
0
0
0
0
0
0
0
0
0
0
1
1
0
0
0
0
0
0
0
0
2
0
2
0
0
0
0
0
0
0
0
0
0
0
0
1
0
1
0
0
0
0
0
0
0
0
0
0
10
0
0
0
13
0
0
0
0
0
0
0
23
0
0
9
3
5
0
0
0
0
0
2
1
0
0
2
0
0
4
3
0
0
0
0
0
1
0
3
0
1
4
0
0
0
0
0
0
0
1
0
1
0
0
0
0
0
0
0
1
0
0
0
0
0
0
0
1
0
3
0
2
0
0
0
0
2
0
0
0
0
0
2
0
0
0
0
2
0
0
0
0
0
0
0
0
5
0
6
0
4
0
0
0
0
0
0
0
0
0
0
14
11
6
3
2
4
20
0
2
8
6
4
6
20
1
0
0
10
0
0
0
3
0
0
0
1
0
2
0
0
0
0
0
0
0
0
0
0
0
0
0
0
0
0
0
0
0
0
0
10
0
0
421
1719
14
4342
1133
5332
1522
110
6170
6354
5222
4751
2663
4223
7188
933
4630
6233
2791
4679
896
6761
7371
1345
6914
4836
7818
6818
2028
6040
3666
447
2938
5574
6784
6297
7929
3258
5820
3755
7452
6366
5923
4888
7159
1094
1733
320
6756
3096
183
7525
4869
182
6937
3701
3288
7576
4199
2164
1611
2569
422
1662
7748
2777
4119
518
2338
1043
2531
876
4634
6776
5168
6673
3551
5500
266
4561
1923
1755
361
4130
3038
432
2134
7861
4795
6205
5430
5960
2119
6076
5742
1621
6943
7277
2331
6276
2333
6744
1467
4507
7134
5403
5240
468
6169
5217
3785
1048
7675
1404
3433
1415
7111
7316
1886
4607
7905
3576
606
6701
4124
6000
2235
3378
6674
6437
4000
2198
6823
1654
2948
2135
4333
3571
7767
6154
372
1209
5732
2378
7079
7418
4017
254
5091
7852
3795
3348
4338
7945
4429
5251
3287
2122
6047
1289
466
2591
2552
3123
7327
343
4649
283
34
6760
4413
217
5971
5738
8127
7860
959
947
1009
7135
896
143
2221
6961
4864
2860
6768
1961
2062
6968
406
111
4977
7607
2164
3551
1589
7197
3847
6363
7196
4309
5732
2632
2753
5092
4338
4431
3391
6932
2597
2410
4058
5943
5241
2903
5374
3261
101
3352
5153
2243
482
2712
4369
6259
8113
2184
1834
4216
6369
3570
4543
4147
1342
5504
2766
1046
2698
258
2576
30
973
6551
738
5149
3244
2479
2177
109
4357
3860
3904
5118
1447
3989
7279
5722
1275
3857
5314
556
1129
5975
4349
7968
542
6999
3410
6370
7018
229
3173
423
6687
3793
7097
184
1398
7221
97
8191
6650
5078
5881
4819
2254
16
3085
1585
2074
1049
3066
7820
5273
1234
7978
299
1321
67
4554
7895
3390
1753
924
8153
6229
5284
4823
1707
7861
2903
3079
1871
4217
1081
3282
7330
449
3641
4708
4472
702
4396
7143
4368
7569
4147
2081
6057
6214
7488
5353
7776
4935
5139
5750
5535
427
6349
8
8136
1031
2591
4441
4255
7575
1347
5790
1579
2863
5260
6968
1595
692
2600
8157
5580
7523
4147
7622
25
5
3714
22
5806
2184
3011
1519
3008
3178
3072
4322
5937
3858
4703
1420
7011
1588
2238
1684
672
8138
7447
3835
1917
1062
1206
6163
5532
7129
5812
5308
2735
3549
4507
6377
6348
4119
4912
7585
415
6348
270
6010
5561
6937
7801
2101
3795
4017
508
6982
2464
98
7739
7882
6668
2684
1938
6273
6830
7326
7531
3132
4693
6010
2330
1262
3966
3538
2362
3183
2889
3711
902
942
3771
1980
5495
5653
7169
1453
8048
3879
6541
7861
1801
7165
649
4735
4880
7871
5430
2068
84
7934
803
4000
787
4935
3468
6414
3041
1551
6836
1957
3792
6284
8057
7146
4010
7666
5964
7393
1129
317
6060
3708
8
5922
8000
7980
4152
4634
2358
5748
1367
1801
6522
505
941
6119
4507
3824
4288
536
5446
1208
2675
2889
8009
4446
1280
2448
3848
1129
3616
6499
4196
4042
6004
182
5482
6884
5527
6824
2558
4804
7075
2530
2284
89
5011
680
6705
6434
4090
3468
2254
3363
7240
7563
1360
6460
6399
5785
1881
3055
4556
5384
1471
5065
7692
2441
6154
310
2894
269
4491
3200
6800
1566
4846
7748
995
7941
2978
5827
5932
5535
684
461
3963
1045
3966
2511
1449
3466
7896
1063
2118
5890
5146
7905
5440
1182
857
109
2398
731
4491
167
6765
4446
7776
7282
2574
2494
1281
4394
378
4697
7796
3549
2303
1569
4164
5446
5498
7855
6443
5492
1414
3307
2608
5385
4139
1473
2868
1769
6415
1029
14
5019
5806
7353
2675
5256
7648
6456
1360
6773
2360
3883
3809
7737
243
1707
6485
5317
2855
4789
1434
959
4521
1021
4962
7306
2257
7823
255
3698
686
1589
4150
7910
390
4810
2448
8084
53
695
3519
4288
3463
3627
3253
2461
6164
3528
2675
5447
7662
36
947
1823
272
4338
2059
3351
1345
372
4759
3427
186
5384
6967
2907
1105
211
7232
624
3332
6164
5704
8164
6335
7835
2808
2634
7796
6580
3792
2221
7034
3391
1021
6042
2688
1183
450
7676
6653
5997
79
5896
3995
6243
4491
1680
2855
7431
7956
4960
3567
4507
4789
2243
3504
5588
6164
680
7197
427
3953
5092
4339
297
6618
3223
1049
1841
2915
4119
5754
5326
803
261
7691
1308
6824
4339
1762
308
2022
5165
7163
8137
5591
3282
6164
4935
3363
4993
5497
7905
60
7911
2634
6263
5520
1010
4482
7934
7675
5019
5033
2405
906
332
845
5048
6864
1284
3467
5899
6549
3320
4475
549
8137
2434
89
4397
4993
5146
4210
1133
7452
1075
5738
4618
7416
2199
1354
6013
4874
5842
7318
4506
3186
2679
4796
6069
5475
5650
3483
45
169
3642
3403
3959
5623
6189
1133
4710
7151
5623
4379
3090
3586
202
6303
8176
8133
5950
4234
3682
5778
5168
4846
1613
6989
5514
1613
3947
6902
3524
202
2772
6776
4900
2170
4146
4979
928
2979
182
1272
3647
3470
5731
2184
943
2557
2747
6366
7113
3443
6320
5654
6863
30
5364
7393
8157
3223
4152
3106
8153
2254
2798
7039
7818
5579
870
5911
1771
3469
2118
7151
6514
4092
8073
36
5684
3722
4596
444
4452
1732
1638
1896
8105
722
1129
896
5085
6365
2001
3942
5181
308
1703
389
7600
276
7776
5057
7048
3825
4366
1808
1238
5971
8133
7803
2009
3453
7269
1997
777
5537
7262
5739
5326
5903
896
5157
5314
5650
2023
3551
1038
1395
3577
1448
2179
6259
3562
727
4948
6289
4338
2831
6448
2780
5890
753
3806
7956
1941
5265
5095
2825
1971
3460
3816
924
2184
6587
6996
2254
3958
3755
7922
3721
4622
6996
303
4779
145
4297
7118
597
8067
6263
4426
255
2130
533
2690
2232
5335
2316
4481
98
442
7116
3089
6565
414
6346
1717
1105
7788
7887
1245
7389
4618
4291
4812
3682
785
1193
4921
2843
7235
4329
3167
5896
466
3311
3352
7093
4175
6263
3038
6135
1742
1238
6168
2586
