0
0
0
7
4
0
0
0
8
0
0
3
1
2
0
0
0
4
0
0
0
5
0
4
0
0
0
1
0
0
2
1
0
0
0
0
0
0
0
0
0
0
0
0
0
0
0
0
0
0
0
0
0
2
0
0
0
0
0
0
0
0
0
0
3
0
1
0
0
0
0
1
0
0
0
0
1
1
0
0
0
1
0
0
0
0
0
0
0
0
0
1
10
0
0
0
6
1
0
0
0
0
0
0
18
2
0
5
4
6
0
0
0
0
0
7
0
0
6
5
1
6
3
3
0
1
0
2
3
2
1
2
2
1
8
0
0
0
0
0
0
1
0
0
1
0
0
0
2
1
2
0
0
0
1
0
0
1
0
0
2
0
0
0
0
1
0
0
0
0
0
0
0
0
3
1
0
0
0
0
0
0
1
0
0
1
0
0
0
6
0
6
0
0
0
1
0
0
0
0
0
0
0
0
3
13
6
3
4
3
17
7
2
1
2
2
2
22
0
1
0
11
0
0
1
8
0
1
1
1
0
4
0
0
0
0
0
0
0
0
0
0
0
0
0
0
0
0
0
0
0
0
0
10
0
0
3443
3077
1971
5332
7732
4400
2031
7823
2760
5354
3082
3321
7820
6429
5991
6598
458
2175
6580
1942
709
5797
3557
1158
5022
1590
2778
2507
5454
1569
4317
4293
4525
2219
1965
5762
3186
4036
6076
575
3119
5529
8145
101
7586
2254
5957
5695
7197
6705
6092
7737
3965
3650
733
6868
1112
7525
7098
3311
4831
2984
1519
1849
6646
5132
1173
7387
4800
1289
1017
1100
7355
4437
6098
22
101
3184
7356
5276
4729
7748
8129
3066
3066
1073
295
2260
4525
1638
5470
7417
7657
3977
235
3329
7730
7410
2224
5011
272
4340
7666
2439
7232
3672
1444
2019
7031
972
6844
1561
2427
4866
101
3141
5515
6252
6031
769
3783
3223
17
3526
2904
5064
3390
4382
1376
2511
4150
4100
5928
2835
6417
3717
697
256
7469
6836
2019
2836
6209
5535
6294
4197
11
7477
4382
2059
2586
3292
4619
4319
2184
5276
7941
4693
296
1296
4150
472
2214
8160
6587
3004
4475
6244
971
107
6636
458
46
7757
7177
6555
1079
6119
2939
3848
2303
5444
1411
5778
565
3535
7629
3441
718
1650
3559
1228
1075
5077
4880
5687
6417
631
3004
2777
4928
6963
7875
8147
1280
759
7420
7557
7932
4382
7364
2820
2285
3121
8111
1104
4262
5578
216
8145
2177
3612
2835
5408
1748
2784
2907
45
2066
631
7246
7973
837
1980
2976
459
2793
2553
3258
6138
4866
3771
560
826
1347
3993
3909
7402
2000
7323
7687
7260
4678
7195
6721
2423
6677
2285
6306
5748
2974
4915
4176
1829
4176
2318
8137
7521
2389
4965
4509
7623
7313
2104
7954
1801
1773
5226
4473
5246
2791
7142
6755
3032
6598
2070
1105
4568
5934
4176
3065
3605
2326
1888
2592
72
5509
5821
4863
5049
549
5556
386
4509
3993
4863
995
4613
2368
3308
3960
1657
74
4624
3008
3467
5037
2547
5730
48
7105
2060
6907
5099
1467
7217
972
1830
7548
2984
7514
4435
696
5250
7480
3331
740
6884
3348
6638
3284
3232
4602
5454
3771
2050
7367
1076
5906
2745
2997
7810
4609
1550
5013
2958
2870
7804
6234
7297
6667
7021
1013
4525
4142
6348
3316
444
1131
7787
5267
227
6937
7563
3997
6547
6077
3069
2671
606
2918
4900
4993
2258
5579
4237
2066
6317
3657
837
970
4866
5088
5956
221
6794
6260
6260
3116
3065
4773
3573
2842
7565
8101
4938
819
4967
5218
3848
3503
1423
3632
7676
4060
2662
8086
3481
7344
648
6925
674
3860
1377
1913
6759
6759
5133
2299
4352
2242
4060
2649
808
4725
964
711
2010
8181
5139
4823
6547
4406
2612
7577
1186
4675
3272
6571
7301
8137
5647
7875
3095
626
5952
4637
707
5927
3076
1957
5037
4718
3594
2586
5276
557
402
5903
6884
4554
325
1073
2412
2607
3977
377
4149
2584
415
7545
763
120
8100
3740
7595
5503
7480
3998
2076
5904
5104
914
8106
945
3331
1305
5578
3489
3125
1608
5242
1266
523
4907
4892
2548
150
5909
1338
5142
2574
5542
4171
4791
5824
6744
7835
8139
985
5272
6002
3600
2793
7929
7726
8106
785
5020
5535
3788
8057
933
3169
5375
2193
7333
3308
2062
2377
5276
2836
2064
7787
6816
5461
1778
6485
2351
872
6639
759
5452
3212
7480
4126
8057
7482
7758
6561
5298
6858
2994
1536
1374
1429
2431
1469
2728
2291
6613
6320
5082
7414
5535
7378
3176
5940
810
6757
975
7736
517
1947
6860
1491
655
3130
1957
3777
6299
983
3567
995
7931
6349
5971
7356
3993
2024
270
3335
4197
7192
1465
306
2019
98
1591
858
5366
2426
7006
1312
2328
6187
3672
7834
6414
1856
945
107
2559
1130
5535
1276
1800
6485
3130
2427
7015
5353
3672
5545
4979
6547
3467
7166
6891
626
7577
4993
3991
4509
744
2861
4478
3283
4052
4205
7934
1846
54
4384
1458
4903
2395
4562
1112
3669
4980
3401
4375
4903
7895
1076
5952
6348
11
8134
8147
1356
5172
3448
4882
2279
671
393
1509
1939
4678
6673
3900
487
5345
2141
1198
5336
2380
5172
6924
2559
5079
2856
1881
7420
7461
6561
1652
7572
6743
1219
961
7648
2048
6794
3473
2421
4472
6820
3857
5267
4004
3888
3993
98
2500
808
1505
339
6729
147
6471
7544
393
7716
3838
1551
1934
3730
5736
5812
2163
3950
8126
5902
4970
8191
702
1312
6230
4155
2022
1606
7178
6547
3390
458
6659
6276
7294
5071
4602
1372
5438
7552
1298
2326
4452
5037
4791
4344
6188
5977
5366
6349
2385
2939
4516
7153
5476
127
6846
4809
7202
6578
7885
521
6002
2496
6259
3947
5650
3004
225
6544
1360
4602
7138
2606
7355
3557
2341
2706
498
488
8106
7441
5267
990
1224
8116
3389
663
3250
4329
946
6932
1053
7778
4742
1244
3445
5542
3154
3610
7400
1296
6743
7333
7545
14
7327
5133
3290
3066
3940
507
1360
6816
1264
3283
4651
2749
5997
1765
5215
6117
472
566
4151
4825
7369
7426
1671
5476
575
1514
4985
2165
5101
2586
591
2712
5720
1727
6204
835
1565
1744
1527
7060
3325
5064
390
8116
5079
1538
1359
6906
7928
2691
5198
980
5501
6000
7492
3959
4475
5246
4396
2585
5816
3806
6976
4791
6547
5174
4149
5
7874
3449
4855
6094
1957
7577
6417
6634
2464
2133
3988
583
4596
4852
2024
2610
4707
4207
631
4475
7491
1670
6692
5888
6164
3681
2793
1483
4675
2136
3567
8091
7787
3333
6526
4379
2939
3192
6332
946
2930
7244
7002
1132
1765
2405
7596
7798
5945
4120
2736
411
1755
7370
7109
2615
1926
3032
7918
3631
1753
4979
591
6825
6964
1790
7031
8136
464
4197
4325
5198
1333
7380
1620
4594
6796
4120
6417
6417
5579
6677
1550
7615
7836
3878
3249
1539
4197
1628
3958
225
273
326
3594
5716
770
7031
3538
4060
949
7353
5456
6271
6417
5013
5214
3207
6227
4237
4735
1620
5470
5997
7967
393
2942
7103
5343
1449
7411
3507
8002
5037
5261
1661
7662
1130
1979
1777
1259
3030
346
6316
