0
0
0
10
4
0
0
1
8
3
1
0
0
0
0
1
0
3
0
0
0
5
2
0
0
0
0
2
0
0
4
0
0
0
0
0
0
0
0
0
0
0
0
0
0
0
0
0
0
0
0
0
0
1
1
0
0
0
0
0
0
0
0
0
3
0
0
0
0
0
0
0
0
0
0
0
0
0
0
0
0
1
0
0
0
0
0
0
0
2
0
1
9
0
0
0
6
1
0
0
0
0
0
0
22
2
0
5
4
5
0
0
0
0
0
3
0
1
2
2
2
2
4
4
0
0
0
2
0
1
3
1
0
0
8
1
0
0
1
0
0
0
0
0
0
1
0
0
0
1
0
1
1
0
0
0
0
1
0
0
2
0
5
0
1
1
0
0
0
1
0
2
0
0
1
1
0
1
0
0
1
0
0
0
0
0
0
0
0
2
0
10
0
0
0
0
0
0
0
0
0
0
0
0
14
12
8
4
3
2
23
3
2
6
8
3
2
17
7
1
2
10
0
1
2
7
0
0
0
1
0
5
0
0
0
0
0
0
0
0
0
0
0
0
0
0
0
0
0
0
0
0
0
10
0
0
390
5722
170
5629
421
5292
2358
5220
6677
7070
4225
4478
7012
7070
6975
7029
7211
5150
7784
4849
6215
744
1037
7405
6583
542
263
4415
4182
3021
3263
90
3299
1354
4491
3667
6038
6510
6059
4273
4541
458
6140
3740
5998
6089
7888
4178
7287
827
6759
2390
4628
783
6321
2903
7472
7908
4545
4009
3534
4530
5210
3115
2425
1182
7823
7187
4027
3876
7638
3699
3732
4651
1191
6559
3781
6694
4455
3198
7076
2396
488
7572
4014
1784
5868
5224
4067
1752
6735
1964
6353
8021
758
4211
3694
3503
7165
2690
2741
4462
7526
6176
3326
758
3384
3283
5658
1131
5706
5071
6119
8106
7538
3608
3792
1144
6251
481
8105
3056
4726
5560
722
7156
5715
4800
2781
7029
7517
3954
2917
6321
3434
3319
1990
464
3350
5497
4359
674
2264
6862
5054
27
6601
3466
7302
2947
755
2589
3066
4794
7704
382
7113
2279
7344
3259
7782
4065
5629
845
1046
6122
1275
394
1990
6849
7024
4453
5042
6809
5736
3032
1528
687
237
1404
4473
968
560
5981
3272
838
8046
6532
2705
4735
5537
7788
7950
1620
2868
5516
2954
1838
7306
232
8046
3789
4889
7133
3002
3830
7323
3003
5714
6151
6224
6696
6129
4495
5498
6850
5311
6378
488
3069
6520
6639
4472
7640
7934
6722
2464
734
5856
6181
1296
6750
1659
8060
7295
1263
5646
5188
1004
4649
674
643
2213
6485
4696
4601
5224
8060
2574
3279
5960
2984
5081
1662
2560
6346
1241
6009
1620
5265
3659
1208
6595
934
985
3629
4992
2618
4699
642
5812
107
7476
2395
7840
5151
5421
6930
5383
4509
5535
670
3642
7
516
3136
150
2771
4950
7093
2271
2130
6762
2051
6348
5807
6170
6485
1968
3369
301
1086
1764
5812
626
4118
942
7212
4611
4054
5572
1552
5258
7805
787
6348
5353
8166
4980
491
1769
5403
255
3744
8096
7932
7799
5728
5655
2887
5284
810
7932
1735
6236
1166
3163
2284
464
7174
5261
810
4152
1252
2951
720
5274
2420
122
648
6005
4496
389
5403
2405
6782
2939
5022
5574
209
6546
6561
5425
3519
3783
939
2510
893
6713
3913
5824
2670
5425
5124
7576
2175
4226
768
5960
4148
3965
3671
5352
1727
1319
8023
740
3356
7445
2984
1957
6348
4432
2410
8106
968
5231
7370
2008
4204
8146
4671
4052
3730
6960
7167
3989
8147
2550
6222
1825
932
945
6755
7857
7988
7753
5403
7408
7386
939
5834
2893
5574
3783
270
2021
2984
488
2507
3792
4010
1846
4512
1352
8184
31
3232
7197
3272
3363
8100
4993
5927
5968
1696
5124
3198
2130
7827
5537
1545
7964
6868
247
27
4509
1117
5042
7687
4929
8171
5704
4384
7022
5812
7098
1296
2992
1957
5455
1694
5282
8186
5104
1193
7841
5425
2011
3989
2130
7093
5272
4432
7146
5447
2448
1968
5968
5250
5495
7736
674
2670
8018
222
6501
3198
961
5151
6551
4124
7874
2994
4434
810
363
3886
2647
3711
2308
825
7491
3120
4809
697
1799
2982
5071
5070
6159
1305
5353
2792
2011
6325
3076
3159
6596
6151
6272
1891
6418
2990
7212
4079
6123
5299
4791
119
5801
6060
3561
297
6009
3358
7258
7488
838
245
1212
6214
1130
4784
5834
2792
7913
2945
1911
2990
3940
8096
3771
4863
1329
1827
7375
2519
3486
3054
560
3673
6031
212
3414
1048
5896
2271
744
4792
2431
4253
3881
2540
1301
4916
5124
3634
1957
2794
4676
404
2213
1461
4613
1545
3466
3921
7046
7974
4993
6494
4258
6663
1595
5715
3154
6198
2459
6824
2679
514
1332
6234
3010
6662
7076
6547
7031
2501
6591
1945
1545
1525
342
3711
7332
5958
5578
6985
5952
5409
294
5634
697
3490
531
3298
7057
1988
7389
3120
7887
4399
2900
7758
5549
5037
6731
7841
4720
7687
122
3283
2670
3230
1112
1258
3452
4967
6596
6995
5578
6959
2341
6017
5240
2271
3909
2916
7548
727
7230
6262
2244
3625
5489
1149
22
5927
5037
6976
7650
5736
7929
6356
7787
6151
3066
7404
313
440
5670
4509
2540
1784
2559
2427
2354
1181
5801
295
2008
4796
531
5629
4546
6384
6384
3548
1487
3183
523
1742
4354
4676
1431
5001
2195
1390
1892
7232
3819
7875
3141
3282
540
1096
7317
7187
1023
2229
5715
2497
2464
7408
4881
1965
722
4867
8025
215
7240
7581
5353
2540
7323
326
7760
656
4676
4258
680
1112
1073
1561
2962
8100
5430
7113
702
6409
1748
4478
1287
4365
6227
5403
1037
169
1285
3207
96
5013
684
635
6666
5328
2427
6941
8137
2076
7787
2142
2990
7855
2256
7046
3237
4561
3747
2152
5382
4312
4716
421
2843
5620
7484
2137
5048
3702
4955
764
4569
6549
8092
2343
2285
2712
6962
6766
6842
4258
5125
5197
2174
5124
3686
4020
5873
1290
2868
1021
2121
3732
5724
6593
6545
5250
5801
2916
7582
6730
5020
6590
3835
7785
5798
4718
2339
1576
2515
3886
3620
1788
6863
1559
7956
4008
3167
4563
7094
3497
2956
389
4493
4478
4880
3821
3292
6104
7344
7491
3826
1171
4813
4164
6925
5579
1550
3610
5801
2986
7828
2958
4216
5608
4214
5810
1739
6409
2894
4841
3301
4131
7755
7827
3435
1886
4448
2975
5037
4812
2684
7180
7216
4292
5942
4498
5185
5542
772
3851
5805
2285
4614
1620
1620
3989
4103
7040
2494
3136
6720
3020
7966
5373
672
3651
6743
7437
1857
6195
5778
1803
6549
3358
5402
1173
2693
3992
1739
5720
6243
916
7570
3835
6002
7614
3379
4194
1279
7344
5374
7790
5397
5742
7575
5652
7467
5397
1834
7301
2558
6016
14
7110
7167
7827
91
5918
1272
5368
6799
5288
5874
7063
2558
4480
3959
4568
1523
2064
6170
5619
2713
7419
201
5833
8044
7380
2513
7953
5998
5801
4932
255
14
1467
6082
249
1235
1027
5339
5149
5428
6227
802
3541
7941
384
472
4441
5013
8025
5928
6384
4794
6904
2540
4018
3589
1748
5288
39
6104
1931
7934
255
899
5112
5933
721
