0
0
0
9
0
0
0
2
10
1
0
1
1
1
0
0
1
7
0
0
0
0
0
2
0
0
0
2
0
0
3
0
0
0
0
0
0
0
0
0
0
0
0
0
0
0
0
0
0
0
0
0
0
0
1
0
0
0
0
0
0
0
0
0
1
0
0
0
0
0
0
0
0
0
0
0
0
0
0
0
0
0
0
0
0
0
0
0
0
0
0
0
10
0
0
0
5
0
0
0
0
0
0
0
19
0
0
5
2
5
0
0
0
0
0
3
0
1
0
2
2
0
8
3
0
0
0
1
1
4
1
1
0
1
3
0
1
0
1
1
0
0
0
0
0
0
1
0
0
0
0
1
0
0
0
0
0
2
0
0
1
0
5
1
0
0
0
0
0
0
0
0
0
0
0
0
0
1
0
0
0
0
0
0
0
0
0
0
0
2
0
11
0
0
0
0
0
0
0
0
0
0
0
0
9
12
9
0
0
0
18
1
0
0
6
3
1
15
3
1
0
11
0
1
2
7
0
0
0
1
0
1
0
0
0
0
0
0
0
0
0
0
0
0
0
0
0
0
0
0
0
0
0
10
0
0
2578
5530
5928
3783
1279
4651
7013
5364
7679
4578
450
5288
2541
3584
393
4812
588
3559
1830
6065
5649
5209
2968
6389
3668
4338
7033
765
3571
7636
7913
3124
3263
2565
7136
3571
3152
7380
5537
1620
2560
919
7153
3475
568
3402
4632
6868
2376
911
7857
6393
3999
5704
156
3562
5824
1954
7094
7520
5964
7852
5057
5829
3862
6411
4291
3862
7586
7586
4917
725
2411
7716
6753
2512
979
1852
435
3092
1062
4624
6950
3995
1217
4622
5742
1287
492
758
3288
208
4639
851
6735
2684
7146
6827
1789
3238
7814
1844
7406
1917
4628
7205
5507
7408
7961
617
6972
6608
2314
387
3732
6776
7255
3969
6850
3968
2378
795
919
3969
8128
2887
3806
5321
54
6765
346
2598
8147
6844
4295
4499
7767
3685
7570
6677
3614
8135
3629
4381
1289
3885
383
3635
6307
7893
3849
1941
5479
7437
6141
4049
4038
1157
6496
3216
56
6754
672
3533
3728
683
6909
5991
8068
1541
4258
5949
7454
6580
2370
4377
6076
6569
7835
2761
1309
683
7187
6895
7592
7143
2610
7583
7091
2711
4770
3361
3457
1458
1040
8046
4295
3644
4339
5007
5519
7465
1790
2565
7572
8082
7477
1207
1759
7056
5672
64
515
3560
6479
3379
3840
2867
1213
4427
6515
6665
4850
6806
5259
3536
273
803
3567
913
4800
6107
2990
54
1844
3069
7378
7496
4776
1167
13
8179
2381
49
8103
724
1259
4455
612
7081
2115
3420
2914
339
2921
3815
540
1467
5292
7408
1408
1546
882
2728
5302
3452
3976
365
7697
8037
728
5297
7850
505
2433
1859
7319
1543
2485
2662
6928
5086
6415
6330
1235
1342
6742
2275
2214
5705
2015
744
234
1459
2134
2943
277
552
2535
8037
3191
7542
4336
7306
5042
2475
3030
2990
2965
8057
4696
5139
1453
2185
6586
4842
4539
7966
670
5872
6227
534
6600
6906
1638
3812
7723
6057
2070
7705
5772
3991
7521
5670
1096
446
8036
8084
5425
5806
1431
6407
3780
1688
7599
6496
7876
3465
6967
6005
2189
8146
4569
1602
5596
7013
2080
6493
2700
2436
520
3176
5200
4345
6727
2792
7668
7602
3169
2668
54
7378
1881
770
2611
2663
1722
6404
7842
5407
6563
5501
1649
4305
45
2465
5477
2256
5530
4569
7524
1485
3424
8068
6217
4885
2068
1515
1790
6598
7378
1790
2019
5302
7572
1015
6844
7355
823
7457
4818
7642
1535
4984
5041
6554
3095
1415
4628
1863
1133
432
1883
5232
3432
3870
2013
3969
4331
496
5556
2094
6091
3819
1986
7140
5797
8037
5940
5865
7906
4291
5024
1709
5112
3358
7547
7002
2995
5874
121
538
6310
3501
5482
6228
7720
7214
731
7567
3859
5200
540
1193
6911
3672
5310
3819
2145
1335
7500
847
5980
7037
777
7887
8030
1849
3733
3751
5380
5898
4569
2483
4703
7484
3934
7913
1864
7529
3390
1508
3977
2559
6092
4879
3141
1193
6732
3178
7880
5952
7273
92
7456
1394
4165
1463
7467
7497
1400
6967
2209
3676
2272
4880
7887
4881
4498
1078
4836
3733
7333
1569
5225
1560
4823
89
5022
6572
2395
7648
5972
5
1329
2187
2521
7657
6348
4818
4830
2071
4671
6925
5741
3874
2100
3748
744
740
4293
2379
5591
7644
3363
2253
3519
4649
5804
5114
4527
7370
2208
1073
3991
4080
4323
2774
6239
4073
4958
729
4242
468
6111
275
7788
3813
3710
6756
4050
1769
1090
5824
7240
3363
8089
3011
1471
1079
7932
975
37
4879
4260
3865
1956
6930
1781
6559
7743
2386
498
4651
4609
7955
7191
473
1600
4387
3563
7976
6183
3575
7716
2973
5601
5614
1282
3270
8177
6349
847
3711
6348
1073
176
6105
6596
3178
217
5246
4919
2559
4769
5079
6675
3507
3633
7797
736
3492
5525
3364
4194
3083
1209
5063
7387
5783
3634
6105
4692
796
7355
4195
5503
3976
6091
6092
4678
7931
3283
2243
1905
4879
6633
7624
7340
2183
4855
7328
2205
226
2903
4940
676
6438
6210
635
6843
2424
5678
7404
787
3839
2251
3678
6204
6892
3176
3669
3743
6952
4831
3169
237
393
6358
4500
3151
4918
5168
5696
6085
2927
4173
7056
1473
1907
3161
3350
1623
7936
8188
4162
4565
4162
6163
1425
3025
5222
129
4893
7804
835
7497
4651
7153
211
4069
2131
6419
2275
18
5468
3616
7121
4640
1472
7887
7180
727
6009
2272
4293
418
3483
323
6898
5077
2699
1556
981
2130
3240
8148
7956
3443
727
3124
8056
4155
3044
355
5168
8070
3284
7617
7649
2172
7362
5796
6218
6989
30
1631
7431
7806
1160
1931
5445
6498
4208
3291
2796
2345
5450
4937
1965
6380
3319
1409
1422
2313
6227
606
1032
6689
1969
4145
6783
1870
1722
3305
8176
143
2632
28
5050
3533
7408
1765
6895
1506
7982
635
3623
1565
560
4594
4217
7887
7745
1318
184
861
7424
1245
6983
34
261
2360
2881
3405
3814
1367
3338
6438
1534
6450
2229
6535
7636
7426
4504
3535
859
2586
8004
3576
6656
2219
2225
5911
4651
1247
1036
7355
560
6474
6753
24
2557
1584
6380
6778
7961
2819
4913
1597
6438
5731
7823
758
6104
7543
1132
1535
8133
6437
284
729
4712
2803
1049
8
7806
7405
828
6762
709
1608
6253
7178
4097
1304
727
7811
1472
1100
1897
7960
3161
7299
1345
2105
7441
1834
7143
5476
7691
3322
500
421
332
6123
3610
7236
1160
7582
5267
7460
342
5464
2030
2997
6861
3405
2032
262
3753
889
5636
1897
4781
6361
5385
1997
2106
7650
2892
1105
6015
2248
704
2146
6183
3732
6041
7453
2130
7582
2513
5715
3714
1882
5566
4283
434
6016
144
144
6460
7546
7411
4708
2339
35
1767
7527
4847
4353
5077
3702
1733
5653
5840
8000
2916
2271
5220
1224
4491
2448
3477
266
2952
1639
4755
7070
5292
138
4472
1944
6215
5288
1012
472
3631
4618
8078
1195
3995
4570
1021
7827
3589
4478
4103
4183
5998
7679
3326
450
8076
2465
749
2753
4329
458
5120
4830
3159
