0
0
0
9
1
0
0
2
9
2
0
0
0
0
0
0
0
1
0
1
0
8
4
0
0
0
2
1
0
0
3
0
0
0
0
0
0
0
0
0
0
0
0
0
0
0
0
0
0
0
0
0
0
0
0
0
0
0
0
0
0
0
0
0
3
0
0
0
0
0
0
0
0
0
0
0
0
0
0
0
0
0
0
0
0
0
0
0
0
0
0
0
6
0
0
0
11
0
0
0
0
0
0
0
22
0
0
8
1
4
0
0
0
0
0
4
2
0
1
0
0
1
8
3
0
1
0
0
0
1
1
2
0
1
6
0
0
1
0
0
0
0
1
0
1
0
0
0
0
0
0
0
0
0
0
1
0
5
0
0
2
0
6
1
1
0
0
0
0
0
0
0
0
1
0
1
0
0
0
1
0
0
1
0
0
0
0
0
0
4
0
9
0
1
0
0
0
0
0
0
0
0
0
0
11
11
9
4
3
2
16
0
0
7
6
5
2
25
1
2
0
11
0
1
5
6
1
0
0
1
1
0
0
0
0
0
0
0
0
0
0
0
0
0
0
0
0
0
0
0
0
0
0
10
0
0
5650
3389
5517
1808
5220
7413
2553
2878
7563
6276
4021
1281
7776
652
7292
680
2076
1442
3977
4680
7805
358
6973
2130
4491
35
6227
619
534
1824
2868
3477
1948
7596
2854
7980
4952
5140
3538
1493
6195
1949
3966
2778
1662
1525
1801
972
6891
7399
6106
476
2712
461
4306
2410
4796
332
1532
5730
765
899
5945
450
211
1750
1062
7506
6198
1978
2778
3524
4119
5326
7057
6164
2225
5844
2448
4119
1281
4164
488
5478
2943
6352
1560
6077
4812
4491
6141
331
3847
1620
7205
4164
4578
4763
4952
1830
5109
101
4453
6164
6264
7861
7563
1662
288
2820
5782
3966
6673
6164
5714
5383
5478
6010
6687
1608
3356
992
5514
6058
7371
1010
2426
5319
211
1621
4578
6405
6119
288
7563
5588
2076
2297
8123
3212
4507
1465
176
232
7841
4060
5561
4379
7697
1753
6557
4446
5144
2506
1312
978
4646
7887
1488
208
4479
170
2266
1590
2461
7796
6960
6449
2076
5273
8146
7086
7796
949
5572
1790
942
5588
4507
288
7998
3646
1336
7197
7787
1186
6528
1839
5168
3959
3186
4491
5517
7405
833
7666
7796
7192
5999
5446
2076
2379
2340
7295
4018
7736
5274
3446
7664
3965
288
6164
2064
1045
7650
4322
3212
5556
5260
7195
2817
4053
3480
450
389
6165
270
7607
6164
8111
7563
7585
5064
4881
5630
8181
2586
4722
8100
1403
810
3977
6520
5561
3711
4118
4976
461
4018
3879
7895
3441
4639
4491
1241
4238
4237
6228
6463
2519
396
652
3538
3002
5064
5743
1459
8123
598
4018
1846
2353
6561
785
838
6038
5972
5246
6664
5042
7593
2583
8147
5736
8120
4689
4578
4038
5436
3571
6463
326
1076
7306
5440
288
7306
4979
3051
4928
3309
4018
4118
5124
6601
7387
1465
4119
5242
6325
6750
7306
6937
5317
476
2225
2904
4345
4353
5482
5165
4160
3232
7697
5037
1226
5772
6252
3331
4369
3077
6920
3345
2193
3475
3678
6638
3171
3232
2855
3171
5011
1659
3567
4152
4624
176
5447
7197
1728
2907
3145
6135
5971
3991
1439
2395
7240
7981
2973
3701
3283
1659
3224
1541
8181
536
5001
4791
6010
3538
6038
5495
5980
6336
5274
4379
7843
118
2175
3272
3441
6040
1769
5093
6663
1073
5820
5001
4562
461
6478
7563
1525
5064
3793
6811
7361
4935
7521
4446
306
7440
2855
6214
2366
5743
8147
2507
6399
810
5588
3701
7932
2752
3835
2358
6468
6979
7420
1390
6580
5144
3308
2341
3783
7404
1295
7480
2275
4686
4655
6325
6352
1590
2855
6399
1525
243
6044
4379
5834
5284
5037
6214
461
5338
3468
1103
7896
3011
3192
5286
961
3446
1079
1608
6937
7919
7841
2749
1489
1891
4679
7521
7683
4658
288
3221
7932
4562
5957
2662
6352
1590
5037
4551
1957
6868
3331
2772
5246
5458
3363
7895
7743
5007
5144
7907
7420
3993
5114
6273
7329
5483
5624
2450
6048
6976
3010
7988
3557
5578
458
2336
5783
2889
1465
6709
2175
80
6638
5232
7743
502
6979
4446
7098
216
4678
5005
5834
3232
4446
4998
1726
2812
6905
5782
5549
6995
5655
7306
3629
4060
288
1258
3862
1243
6960
1957
3993
296
3503
1021
5927
5970
4446
1465
296
2351
1780
3657
3090
3489
968
6301
1684
6410
6609
2574
176
5714
7988
7411
3011
5250
2836
1276
1801
3363
1130
4379
3351
1957
2446
1971
4455
813
7449
4967
5037
5578
6485
7460
4855
7932
118
3551
913
1080
7578
2982
7932
1799
5358
1799
5217
7424
3063
2662
7031
6732
1465
4065
3711
1560
3390
7816
459
4086
7387
3283
1489
939
3966
3714
6352
3488
1788
894
48
5348
3874
5641
2855
7743
6348
6995
1281
2142
7748
835
6181
3192
3730
3351
6214
5005
7332
5998
4035
2187
3881
6975
3612
1604
209
3966
3519
1560
5
7855
3184
1314
4128
3898
1719
5446
5217
3501
1471
6557
5972
7098
7648
3730
5063
3011
3446
4509
4933
3786
5622
2778
440
2675
6673
2519
7697
7179
6705
5139
2507
7411
4935
3060
5855
7578
1657
5458
3678
3288
3998
3433
4703
3965
6544
7086
2978
6850
1552
2889
2284
4611
1642
7879
2951
6463
3721
1465
2992
2142
6400
7060
3519
5816
163
4747
2486
3337
2997
2553
5574
6038
7737
31
7563
3212
1070
3503
7648
4104
7369
4379
2443
5113
288
1201
4724
5713
7875
7521
7117
2225
4979
6129
7306
4680
6105
5547
396
2585
471
2427
133
1942
2855
2586
858
4993
6601
5465
476
2662
5902
2951
3857
6520
5037
1331
3404
1229
6194
7217
7140
4676
4052
1140
7334
4967
5064
1226
3504
4140
5005
4890
4397
129
6662
4052
7117
3011
1112
129
6831
7445
4369
6129
5340
5902
2934
5997
7013
8118
7480
4724
3519
8184
2994
2431
3032
4984
1390
5125
464
7005
7687
7367
2792
6580
939
1237
4379
5066
4835
7736
5816
2448
4993
2331
390
7258
5290
6089
4319
3888
129
3815
2655
7317
3387
2943
3221
6809
1494
2908
7333
3761
3467
3003
1608
4104
1329
277
5465
3977
1112
427
6299
3998
3288
4070
210
2630
649
3526
5037
7639
896
5778
3466
2428
5440
7514
1183
1030
5358
990
3003
4618
2682
6601
6151
2984
2519
1305
3090
3698
3011
3466
1552
1169
4827
30
1830
7563
5037
7895
7639
990
6828
1823
7926
2494
787
500
7076
3356
3522
2291
4017
1087
826
540
5908
858
3183
5138
626
2145
3363
7018
4810
5492
2817
1824
3862
4888
1344
3350
1011
2648
7118
1836
5385
6997
3012
3432
5579
5720
5093
7013
1276
5855
4962
2893
2730
4560
1746
939
656
3900
1358
3183
6660
3959
3291
5536
5283
5436
478
6320
4237
478
6059
465
7070
8056
1281
2041
1698
5594
7643
80
7424
2478
5011
4201
6638
2156
7919
4836
7919
8078
4533
6193
5682
5748
845
5911
4399
170
4348
4348
4348
7882
7070
1443
4858
7882
2736
6948
896
2676
3166
1238
2678
7796
14
2374
6352
270
2021
3580
8059
1532
5102
8061
747
4478
7258
4504
7484
