0
0
0
11
1
0
0
2
9
0
0
1
1
0
0
0
0
2
0
0
0
0
6
2
0
0
0
1
0
0
0
0
0
0
0
0
0
0
0
0
0
0
0
0
0
0
0
0
0
0
0
0
0
0
0
0
0
0
0
0
0
0
0
0
0
0
0
0
0
0
0
0
0
0
0
0
0
0
0
0
0
0
0
0
0
0
0
0
0
0
0
0
2
0
0
0
4
0
0
0
0
0
0
0
21
0
0
10
2
7
0
0
0
0
0
4
0
0
3
3
2
3
2
0
0
1
0
0
1
0
0
4
0
1
1
0
0
0
0
1
0
0
0
0
1
0
0
0
0
0
0
0
0
0
0
1
1
2
0
0
3
0
6
0
0
0
0
0
0
1
0
0
0
0
0
1
0
1
0
0
1
0
0
0
0
0
0
0
0
1
0
9
0
0
0
0
0
0
0
0
0
0
0
0
10
8
8
1
1
1
17
0
0
3
8
5
4
18
1
2
1
10
0
0
1
3
0
0
0
1
0
4
0
0
0
0
0
0
0
0
0
0
0
0
0
0
0
0
0
0
0
0
0
10
0
0
3464
2741
7377
636
4879
6593
5290
7264
1235
5687
7156
4377
1650
7190
4884
4387
2030
7642
5563
2402
2502
6955
5781
3561
495
1410
2131
3402
2906
1767
3012
8035
2279
2218
7821
5754
1976
200
5762
5745
7154
870
6997
1952
2402
2650
7160
4753
6800
5477
3381
1490
5281
617
2534
5997
4755
1719
5158
2553
1850
7798
4291
2467
663
5452
6211
1967
6700
2146
2122
771
1765
111
4054
1722
5574
825
8143
2421
603
3148
3341
2863
1476
3687
2788
6272
755
7609
7719
5978
5834
698
6100
1498
7437
6338
144
967
4341
1403
4348
2643
1562
508
7494
7162
6005
3383
8000
2709
4389
500
6139
2548
7362
992
6066
1319
3712
8187
3897
3081
4193
2463
5164
7761
5267
6311
3744
2328
4530
7860
3446
61
3564
671
3140
5811
3379
2457
5568
5983
4392
1094
3817
5670
6887
8128
6312
2233
7939
1337
7057
3851
1721
1507
2597
2115
4274
5480
655
3777
3960
2999
2941
6988
1696
542
3584
7926
2133
3775
4565
7287
5628
7623
2051
7229
5625
3691
599
4016
3201
1970
729
1572
5814
6660
6761
110
714
3320
5923
1205
3403
6465
8074
716
2467
1290
5805
7116
4644
5724
6131
1010
1932
1247
3867
7604
5124
5029
5266
6416
5265
1801
1700
1395
2402
6082
5448
7183
3691
8014
1384
7733
1755
3732
3714
7677
4590
7995
2830
5869
7360
3958
4142
4341
3415
5196
1329
1797
4369
6187
2785
8098
4658
209
2326
6303
7887
3760
2883
3729
7391
787
3420
156
7584
7736
6968
4906
764
5542
918
5074
7389
4011
4730
5465
4717
2412
2070
5631
7787
2511
7496
3503
6505
7180
530
6632
1177
4190
4411
7967
3959
817
2560
7188
4198
6469
5816
7049
3441
3417
3303
3001
5540
2910
4872
4562
7240
1569
3839
4142
5146
1130
1282
6089
2639
7894
1989
2558
5224
3334
4283
2192
660
4025
5048
1217
2500
1237
7569
1589
1848
787
6645
899
4683
3883
7748
5353
3614
5465
1189
5820
7804
8057
4792
2521
3416
3604
2631
6507
3549
4845
992
4873
4022
3527
2456
4481
1106
7333
7742
1861
5629
4309
7241
4033
4566
6897
6759
6850
1403
6408
5839
5337
1276
245
1693
1327
5189
4716
3298
5204
8177
1097
1667
4578
472
4688
4198
1741
7300
6868
3303
1308
2144
6279
5363
4804
4286
6840
2052
4021
2380
4767
835
4624
2420
5492
2509
7379
653
590
142
7316
3054
7533
2737
1950
2470
4766
3839
706
6461
3660
1124
4042
2374
876
7387
1270
2815
1816
3426
603
5545
7918
2023
6414
1559
5077
1917
7969
3859
1709
4438
612
2144
1361
1404
6373
8023
3621
4150
2922
1633
1282
7989
7573
2597
4907
1420
1740
2558
3804
2562
5594
4079
5245
7972
4768
6188
3276
1767
3835
1435
5915
5793
7258
7153
1287
1898
3310
7628
7200
4578
2354
1176
4693
1179
6350
6705
3533
3439
3897
1513
4374
5998
374
882
3020
7548
3003
5434
4723
2888
4300
5187
4003
583
5843
6557
6681
726
2171
5971
930
5048
1285
3085
3650
4667
5123
486
7407
5373
3554
5796
5652
1598
5701
6073
4804
6056
3610
6202
3486
6662
2287
2136
7264
7421
3743
1650
4261
7562
6632
6436
6238
4304
5364
4346
7727
5361
5769
7202
4482
4874
4815
7810
3934
6160
4856
3265
7675
4261
4194
5107
2693
1739
7332
2830
4348
4015
7411
2528
5384
554
2525
7467
6709
7025
2414
5055
394
3599
1398
728
7494
1344
1258
8048
2907
7049
7472
615
4467
1371
5392
6495
7135
2557
5403
4284
341
6085
4014
2386
7670
4374
3526
3214
4011
1121
1536
2365
7503
4845
3602
257
7040
4067
4553
1513
1035
1041
6229
683
5045
4033
2532
1821
4479
5134
7349
690
493
6648
3712
5626
5613
5986
4530
8178
3415
62
4241
7211
676
3095
415
6149
1312
4903
5233
7210
5537
2183
3526
5682
7852
672
1746
2002
182
5802
770
1547
778
3197
2487
391
3318
3934
568
3686
6670
4349
2149
4099
4486
6465
789
6191
1252
4011
8175
7679
1704
514
6848
3721
2219
3531
833
6156
6405
250
6639
86
96
5347
6594
4291
3453
3367
2755
4876
2608
3129
686
5292
2027
5843
7101
4545
604
2175
6376
3948
6469
4697
1123
995
3490
1930
6999
5162
4211
8151
8103
5993
3775
88
226
1013
284
1690
2704
6309
7226
4082
6689
4325
3358
5127
1041
6462
5338
55
868
7145
2021
2981
5353
6143
2661
7595
8120
4123
6198
6012
5102
1170
1494
6808
4279
4722
1686
4763
4150
5769
6002
304
124
3553
722
5363
1224
3850
7480
3014
1397
5813
562
1226
7058
7276
3326
1087
5732
6468
7512
3926
3959
6005
6232
6957
2779
580
6012
2007
6705
5409
1134
2750
5628
2374
3271
6722
6910
3238
4993
2099
2444
22
377
1089
4962
3956
5499
2661
1697
6138
1474
3429
4683
8171
6229
6003
440
2735
2284
2462
90
5984
7480
8179
2830
4294
1595
2148
889
7099
22
858
2615
7640
7661
7773
3441
5572
6486
8155
4399
7857
7801
3189
4079
7704
5011
173
6411
2461
4689
4970
1769
6227
3846
898
2442
491
3806
4400
5568
6066
2318
2007
4142
5284
1560
3183
5634
2038
596
1881
1158
4030
819
1892
2568
7174
3135
8031
531
4312
351
4303
426
5886
4510
4601
1945
3322
7559
3826
878
7907
440
3998
7805
6608
1104
5634
4369
5282
6968
3612
7756
2368
4212
2320
6855
8026
6493
3426
6541
7764
3055
8155
6654
1765
4088
1309
1765
5392
816
2401
2710
6174
8137
6860
6960
2027
7440
7921
6335
5317
1193
7507
3334
5049
2381
6557
5971
4800
2541
1527
4011
401
1285
3851
3129
704
79
5198
4694
5208
1640
6236
5475
5922
1788
5201
1810
8067
3396
4660
1352
4860
1897
5240
3559
3258
6100
2464
7133
3461
3969
514
757
7801
7745
877
5063
464
3497
590
2699
4502
2907
5769
7890
2684
4876
2661
4029
7316
2496
7583
393
2291
5216
731
2441
909
2016
3381
5199
5380
1046
5892
5628
2830
3095
433
7995
