0
0
0
10
0
0
0
0
9
0
2
1
0
0
0
0
0
0
0
0
0
2
2
2
0
0
0
2
0
0
4
0
0
0
0
0
0
0
0
0
0
0
0
0
0
0
0
0
0
0
0
0
0
0
0
0
0
0
0
0
0
0
0
0
0
0
1
0
0
0
0
0
0
0
0
0
0
0
0
0
0
1
0
0
0
0
0
0
0
0
0
2
10
0
0
0
5
0
0
0
0
0
0
0
26
0
0
9
3
9
0
0
0
0
0
4
0
0
5
2
0
5
3
4
0
1
0
2
0
0
0
2
0
0
3
0
0
0
0
0
0
0
0
0
0
0
0
0
0
1
0
0
1
0
0
0
0
1
0
1
1
0
1
0
0
0
0
0
0
0
0
0
1
0
0
0
0
0
0
0
0
0
0
0
0
0
0
0
0
1
0
7
0
2
0
0
0
0
0
0
0
0
0
0
12
16
7
2
2
2
19
0
1
2
4
3
0
17
0
0
0
10
0
0
1
3
0
0
0
1
0
2
0
0
0
0
0
0
0
0
0
0
0
0
0
0
0
0
0
0
0
0
0
10
0
0
3071
6258
2896
5579
721
390
4475
4712
2896
6258
4628
592
3071
2325
2896
5542
7223
4484
2896
2325
825
3260
7673
559
4594
3207
4237
4492
6258
592
559
7901
2896
6258
6258
4708
5220
6548
525
6258
7940
6258
4061
592
4522
7940
6258
5874
3528
2309
2896
4867
6509
211
1576
7596
3464
7673
4217
1544
3071
2851
1824
5982
2896
2896
4293
4609
1852
1852
4914
2896
4522
2325
8055
7986
7940
2325
6258
6635
2678
7092
4712
6258
7615
5436
8023
211
5165
2464
2603
2533
2896
4233
5077
7506
3004
6258
4710
5364
4759
3477
3071
7940
2325
6635
2202
4055
2497
3240
7986
592
2896
2851
897
3454
5279
4475
1621
5077
3661
5993
3121
3240
6635
783
531
2938
2309
6635
4707
1043
7405
4175
4670
4522
6635
4920
7497
3718
2050
2812
6600
340
4522
1523
2704
5389
3681
7781
5579
6320
7902
8023
3240
3071
202
1620
5517
6059
6954
3071
8030
4763
170
7223
6258
4522
6635
4220
967
2164
5037
3538
7353
687
3875
3030
5865
4430
7317
5593
2774
2130
3414
3586
202
2896
425
5077
4348
3167
3477
6258
1824
1836
1620
4914
592
6635
4112
3537
7420
2225
1083
4322
3350
288
5744
6978
4177
6010
5695
709
4686
2956
2470
3741
3071
2896
478
727
1775
4017
5664
3071
5077
1849
3068
2896
4522
7451
5035
5872
8129
4369
3350
5446
6976
682
5743
4372
118
5421
2669
6924
3819
687
7545
2896
592
2896
6590
2663
1091
852
1863
4089
2679
1062
1425
2896
4522
7986
2522
1741
3070
496
31
7841
4432
6334
396
1026
4119
4481
7411
6704
7847
5416
4780
1776
2896
5436
437
6258
525
6495
4809
4146
3541
5364
4670
6245
4522
4522
4326
6496
4928
2990
3976
8137
2526
7515
5782
2457
2157
6044
3279
5834
1465
3198
5753
960
592
1672
2474
2896
4670
7451
5364
1774
1067
6761
2896
3240
3240
4522
7986
2146
3779
5021
498
4130
1790
7525
6858
6894
4654
4935
459
3273
5114
5042
3275
1776
2325
2325
6258
2835
7940
6258
4255
2736
5469
3959
3071
3240
7451
3220
4522
4670
8188
7264
3394
4021
1231
6091
4748
5020
2981
4060
4152
3680
3198
7525
3646
7596
592
3220
4522
1672
5101
2405
832
1824
3389
4670
3071
7451
4522
2325
592
592
4644
2835
5165
2923
2944
92
7895
3859
4919
5663
6924
1331
3272
5114
5478
3594
2325
3220
3220
592
3240
5324
1787
5350
7190
6258
3071
6258
592
2465
1273
5532
3832
1790
1955
5061
2655
1374
4639
4119
2461
3112
7076
892
5843
6572
3780
8055
592
3220
7451
6258
3389
7940
2896
5013
5168
2896
4647
2465
1634
2993
5114
7643
896
7843
4495
5556
4894
4119
8100
1461
745
7356
6547
5326
6999
5706
2556
4992
592
3220
7451
4522
1787
2374
4575
4670
5540
6258
6635
3243
2585
6976
896
3012
1245
439
6292
7847
5144
5594
1238
1344
6596
1477
7404
180
2051
2574
4019
53
2896
3220
7451
7451
2325
7940
5427
6245
592
6481
2404
6224
2260
6750
7890
4018
4040
2872
6640
2368
2496
3741
386
4442
4507
7456
6204
5217
3459
5561
5430
6348
3454
592
1774
3240
4522
6258
5324
1672
6768
4867
2856
6825
5824
5196
5217
5843
2446
3008
3482
6456
5588
4018
3730
5098
6259
5714
6704
4258
3141
5200
6164
689
138
4233
592
3220
7940
4867
6481
6796
3263
2896
7986
2862
5935
6234
1696
2342
2145
1913
7929
4177
4958
2225
606
896
5142
7225
1792
4935
3971
5328
6995
7726
4390
960
2896
6258
2896
2896
14
7595
1672
3071
6635
6949
6794
3749
5927
1604
830
5022
8062
770
4382
1487
1913
7548
3678
6894
6378
7142
6195
5455
257
4142
587
3188
348
3947
2861
3058
6547
3585
2896
7940
6635
4086
794
6984
4166
191
1461
5809
1276
2475
7240
5642
7140
6017
4265
7349
1978
7404
6575
232
830
7650
792
6876
248
3728
2041
4270
4238
5229
6258
4522
6635
5079
5218
6910
1000
4693
1332
216
6378
5980
7163
707
6732
7404
7936
176
176
1276
13
2585
232
7225
3163
1979
2080
4698
2533
5779
3777
1076
2896
4522
4522
6635
7799
4032
4388
8035
4283
7572
5883
8089
2955
6673
7404
7456
4903
1957
709
1186
7988
4527
2585
6619
443
683
2678
3454
3661
7013
6976
3494
4670
4522
4522
6258
7451
5343
5644
6085
4286
6567
5054
7525
1973
2535
1079
3283
3966
3976
2157
863
2145
6561
5692
6099
8102
3806
7258
6927
7851
4867
6417
2896
4522
4522
45
3123
2896
6635
3741
6104
1680
4268
7318
5981
6151
6762
118
7356
464
3784
4104
7687
3141
863
682
1967
1079
7349
7413
4152
5736
2252
6826
2325
1774
3220
4670
6660
6357
2896
46
7506
702
3240
3291
1650
2082
1545
5416
5940
2193
5231
6463
1727
4455
3524
3976
2499
7664
274
2918
6481
2678
4605
592
4522
7451
1774
4522
4647
4830
4712
5048
374
6481
2896
5998
7886
3600
1613
3452
7355
8082
540
2585
346
5142
5980
7258
3600
2835
4094
4152
3240
2671
1581
4522
4522
6384
1774
1774
4522
4867
3071
6258
6258
6635
4712
4489
24
215
5434
7029
425
7816
1999
6649
3771
5276
1664
2558
4202
797
6135
4491
4698
2586
4372
3240
3220
6384
5129
6384
5129
1774
7451
4522
7940
4867
331
7219
3068
2896
5273
7304
2217
3188
4233
1821
6227
1965
3986
2630
7613
7110
2405
5731
7148
601
721
3240
4522
6384
5129
5129
6384
7451
7451
6258
6258
1863
7886
675
4867
3291
1520
7563
2736
5326
6553
6544
507
1954
211
5726
3051
5629
4644
1519
897
3260
592
6258
2325
4522
4522
4522
4522
4647
6258
4114
1863
7592
3276
437
6258
1822
4940
5454
4089
2145
3656
5079
3051
6824
4575
7673
6262
2002
3414
2736
3260
6258
2896
3260
592
7986
7665
6635
7986
592
7986
5706
5324
3617
7915
4146
2896
797
60
4197
4867
3240
4712
2354
5584
785
6135
2835
6737
5436
260
3260
592
592
6635
