0
0
0
10
3
0
0
2
8
0
1
0
0
0
0
0
0
1
0
1
0
5
0
0
0
0
0
0
0
0
2
0
0
0
0
0
0
0
0
0
0
0
0
0
0
0
0
0
0
0
0
0
0
0
0
0
0
0
0
0
0
0
0
0
5
0
0
0
0
0
0
0
0
1
0
0
0
1
0
0
0
0
0
0
0
0
1
0
0
0
0
0
8
0
0
0
12
0
0
0
0
0
0
0
14
0
0
7
2
4
0
0
0
0
0
4
1
0
2
1
0
2
3
2
0
2
0
2
1
0
1
3
0
0
7
0
0
1
0
0
0
1
0
0
0
0
1
0
1
0
0
0
0
0
0
1
0
0
0
0
3
0
6
1
1
2
1
0
0
1
0
0
0
0
0
1
0
2
2
0
1
0
0
0
0
0
0
0
0
2
0
10
0
1
0
0
0
0
0
0
0
0
0
0
8
11
10
0
0
3
18
2
2
2
6
4
1
17
2
0
0
10
0
1
0
5
0
0
0
1
0
2
0
0
0
0
0
0
0
0
0
0
0
0
0
0
0
0
0
0
0
0
0
10
0
0
744
4390
165
6476
5185
5112
3443
531
421
7424
3207
6791
1620
5997
3443
2034
5364
1534
320
7556
2984
7369
2459
2654
194
591
531
4934
2541
471
3642
6660
5364
3245
240
4950
2271
1473
1319
1824
1824
1971
5650
5220
7882
3120
5731
6000
5627
3074
6276
5466
3171
5412
7187
3504
6720
1836
7384
7070
5997
61
3642
2512
951
240
1664
7484
1775
3167
6041
7180
1319
6510
1620
6332
1824
372
7012
7415
1062
4147
7304
4880
3747
6320
1620
4925
7384
4291
4017
7679
744
1163
5403
7967
7447
2544
6818
7484
4027
1988
8023
5514
389
3959
1620
3469
4472
6031
6068
6744
3538
7593
4265
6499
1062
4716
744
4374
4017
7885
6735
1164
5896
6321
248
4329
3486
2646
7577
4609
6262
5654
2464
2339
1319
783
1931
4274
20
7644
8065
2474
5324
5498
2934
273
5561
89
959
158
1185
7816
6735
432
727
992
60
1441
8092
4461
5737
7453
4255
7093
4291
5731
7205
7190
4067
2625
6963
606
896
5447
7718
1552
1238
3792
1331
1465
2254
6571
5423
2464
2248
3120
7405
2130
4590
904
4950
7543
7279
5165
2062
2464
811
1775
411
330
5274
643
2732
1957
7787
3993
2683
4119
5902
6099
6170
326
5037
167
6549
4542
1308
5220
2541
7583
1835
2512
4491
7171
2825
1550
531
3682
5627
4796
4058
2612
4878
7593
6659
5744
5113
896
5079
4509
7921
3730
7292
4399
461
6154
2672
5118
783
4796
4609
1989
4479
7491
1534
6911
5292
7926
531
8023
2459
8013
2992
5079
500
5960
4164
6948
2855
2939
6449
6532
5104
5324
2615
5242
3971
6980
4600
2478
5840
1671
5867
1453
7845
2248
3480
1036
5290
4310
2648
1164
1638
4197
7905
6976
7304
5343
2586
2860
1599
5944
3003
4791
14
3551
5546
469
3718
4916
5292
5870
6124
4533
3469
7887
6756
7520
3480
906
4735
1060
3120
5731
6468
7796
4018
5324
225
549
6891
6937
1599
6010
7213
270
4955
3701
1186
5353
3657
6473
6724
4978
1413
4431
7782
3732
541
7910
5130
5913
7148
3188
4070
8153
1465
466
155
7932
4018
5113
5019
5744
1038
1659
6181
2149
6195
5282
3183
2439
8014
1588
1424
4857
7767
508
7256
906
3992
7706
5130
3186
2459
3959
2686
6010
3656
7718
3860
2494
4722
1296
3363
6709
2164
14
4935
7756
896
3998
4000
7441
5706
1803
5744
2494
4152
2772
5531
3469
1415
1050
3668
61
933
7190
5048
3102
2059
2474
4507
6195
4992
172
3613
2943
3403
4131
4515
560
5786
8014
5252
4399
4701
5561
7593
6195
232
6259
5791
7584
7827
6141
4467
4634
5322
418
6541
1296
4912
5093
5093
407
6761
5588
1719
5574
6979
4253
2428
4750
7694
1011
3188
1331
6259
6520
396
176
4554
4935
6068
1200
254
210
4389
7207
6385
4202
7604
2901
6976
5447
1560
5574
4326
4326
4018
5343
4372
3465
6991
586
6035
6449
6677
4465
2529
440
2284
1942
3503
6456
5091
6521
4634
7061
6027
3490
2773
4852
3759
1488
3771
3468
6510
5181
5447
4197
5820
7973
2043
2144
2506
507
5172
7615
5574
5944
6189
2184
1694
1184
2353
5999
4379
226
4348
5739
6650
2868
4293
6740
8100
5574
896
5093
896
2304
4679
6555
5245
578
7580
6342
6602
2939
1425
4907
3468
5113
4903
7841
4319
2368
6632
1957
5079
7158
2434
3571
1564
2252
3389
24
176
5181
6449
4399
643
3714
2937
4406
6090
436
5008
665
5911
6976
1238
5714
1070
7593
5181
1213
3238
3783
3714
4148
4077
2263
6082
5756
4489
1585
6262
7823
8147
4018
2732
4784
4618
3403
7074
6443
5568
52
4497
4525
1578
5619
4904
5447
1734
2712
3730
308
7730
5608
1999
5124
7776
6176
1824
2958
7067
1585
5385
450
5786
5714
2059
4509
1758
1799
1823
3703
771
6500
5726
7704
2939
1664
5987
2341
2303
6738
6272
1539
7704
3258
2529
4780
396
4027
631
4594
6256
4310
7413
7110
1463
6510
3542
4018
225
3188
1400
2599
5372
6759
6653
3857
3585
1949
7000
217
3711
5019
1688
4509
4220
4979
3043
1465
7753
3651
4735
4319
6958
4925
6791
2716
335
5604
1698
5104
1238
3848
6260
2162
6521
3700
7158
2678
3287
789
7300
4399
5000
4077
5346
2939
2354
2574
1045
2788
1009
7887
14
4867
4639
8176
3835
5143
2166
5114
2678
5714
466
3898
5327
7873
2675
3792
4472
5358
1425
6159
6259
4435
7556
1250
2007
2586
7525
4164
4297
7823
149
1700
3166
4089
6827
5413
1535
4290
3979
2678
5326
5619
1449
3065
5337
5422
2678
4701
3612
5556
4326
2051
3236
5040
1465
5217
5945
7548
271
8048
7405
7679
200
197
4735
3561
4834
852
61
7588
2601
1597
3847
4372
6840
4902
3193
2586
5104
6456
4835
4979
5343
1301
7607
2855
5945
1589
5870
4120
2512
5220
7887
7782
7827
1173
6384
2459
8083
1023
6013
3575
6915
4623
852
7436
1371
1495
1942
2678
5714
1579
2732
4912
6619
4888
5520
7732
169
2679
6720
3006
3747
1824
3541
6000
4492
7666
6481
6548
7229
3600
2830
5790
109
2339
1546
7549
3345
5156
5220
606
4492
6263
5385
3443
5351
7363
4017
6438
5721
4390
7980
3504
4207
3747
3747
3167
5627
215
7451
5412
716
2189
4673
1104
3712
4867
6047
2477
3300
3055
5654
2252
4175
1319
3541
4255
7415
2890
1600
727
7216
2671
46
4293
744
2483
3253
7435
7592
8025
7868
2676
539
4691
692
1032
7901
2958
2441
6630
4489
7785
6590
1944
6139
5077
6059
1989
2062
3740
4830
5731
1046
4793
7872
170
4628
1836
8151
484
4216
3095
3835
215
2653
1136
130
7763
7956
7223
4670
215
3560
6002
3438
1717
3747
2271
8023
411
1062
5896
1849
39
5636
1168
4594
170
170
3651
1129
6553
7790
96
3158
4491
665
7839
5346
3298
3696
3098
5928
2411
7798
7871
5858
3712
5412
1308
3541
1824
5629
2591
4533
802
5128
999
5279
5214
1836
1971
7223
4055
4442
3207
170
2560
