0
0
0
9
9
0
0
2
9
0
0
0
0
0
0
0
0
1
0
2
0
0
0
4
0
0
0
1
0
0
2
0
0
0
0
0
0
0
0
0
0
0
0
0
0
0
0
0
0
0
0
0
0
0
0
0
0
0
0
0
0
0
0
0
1
0
0
0
0
0
0
0
0
0
0
0
0
0
0
0
0
0
0
0
0
0
0
0
0
0
0
0
10
0
0
1
7
0
0
0
0
0
0
0
17
0
0
10
3
5
0
0
0
0
0
2
0
1
4
5
0
4
4
2
0
1
0
0
1
3
0
0
0
0
5
0
0
0
1
0
0
0
0
0
0
0
1
0
0
0
0
1
0
0
1
0
0
1
0
1
1
0
3
0
0
0
0
0
0
0
0
0
0
1
0
0
0
0
0
0
0
0
0
0
0
0
0
0
0
2
0
9
0
3
0
0
0
0
0
0
0
0
0
0
12
12
10
0
2
2
17
0
0
3
5
4
0
16
1
2
0
12
0
0
1
6
0
0
2
1
0
3
0
0
0
0
0
0
0
0
0
0
0
0
0
0
0
0
0
0
0
0
0
10
0
0
5220
6761
845
6925
5376
3047
7872
3959
4492
3010
3311
6937
4993
2254
4274
6791
5129
3504
6002
7384
3541
2002
2410
1620
3571
7090
7455
3575
4340
3636
978
1043
1621
4348
7070
2405
2544
5402
5048
2353
2655
5692
2947
4748
4512
1662
6318
2360
5275
4525
4878
574
5024
5007
4129
6498
6660
5551
7011
4806
5048
2227
5567
1941
3642
4491
2791
7827
5687
1217
1262
4890
6925
3698
2450
8127
4253
6378
4265
5692
3969
5726
6791
411
8030
2395
5001
5612
6099
7861
6777
3414
5376
4763
6271
8023
4348
1037
4955
6510
6510
5033
7834
7936
6726
3334
1937
2507
7076
1777
232
5125
4346
1928
7230
2773
5274
2574
903
4553
118
4819
7613
6004
5171
1970
4634
1576
6289
2854
7806
5048
1576
5865
5510
1271
2889
5261
652
5358
8060
4010
3112
1073
3077
4242
7941
3614
6378
4980
3678
7386
1045
5690
1023
3974
4623
6828
1057
3196
3572
1010
3196
5290
5354
6894
5960
6809
3169
2934
8073
6377
5591
7076
4265
232
7825
7051
3600
1704
1045
5658
3528
5447
2574
4453
1003
3909
8190
7520
744
2558
5077
6354
2513
5214
3363
4903
6704
4702
5404
2921
1891
4277
7895
4527
6561
7225
1719
2892
4140
154
7177
7370
246
2094
4199
3792
415
1634
2429
4340
6000
5019
5475
2175
7689
649
3965
4265
4010
5782
709
6296
2939
7593
6377
5934
3251
6099
3356
7184
3711
3130
5586
968
3792
4265
4010
498
7776
7781
2152
7028
684
7796
3432
109
4255
1550
5446
1026
7936
995
53
6164
5555
2882
1728
4678
7273
4322
1495
490
5917
1305
6894
107
8027
5282
5231
5001
8111
6639
3851
6002
5403
3117
7596
1824
5833
3358
5377
6378
7593
7548
949
7076
594
4021
6068
7076
3575
3432
7266
7009
6962
3332
500
6499
1688
1777
4794
28
8074
6092
5731
7435
5837
1794
6307
5382
5412
297
787
3112
8009
379
4823
5115
2730
5902
3112
4767
4276
5829
7295
7008
7572
7776
7317
500
6501
1730
5586
7648
1827
7381
5430
6000
4737
3642
5112
3623
1907
1997
4322
1734
5328
4347
2051
1112
326
1693
1483
5001
6532
1234
7295
1963
2091
5744
3486
3973
3730
3549
3833
7445
6744
1986
4958
6203
7913
7061
1607
3541
3044
8159
2688
3390
7055
5894
80
2540
6912
4935
3815
83
1341
5095
5602
677
1398
7140
3528
1491
2976
395
7841
6105
985
1184
6999
475
5127
4635
744
1105
6361
5185
4183
7841
59
326
7776
2700
6727
2502
1332
7358
5447
3492
7008
627
3833
1489
6195
3729
6854
7563
4645
1491
80
5499
8036
8014
4737
5627
7415
7911
6937
5013
1579
2193
6863
7936
3410
8112
4496
229
5699
5952
7015
2313
5646
4738
7733
2305
7648
3730
3206
7306
7941
1628
4983
3730
6754
2027
2868
7753
2317
1988
2496
704
783
4306
5011
4265
1957
107
2507
6159
2488
886
6272
6064
4801
5036
5655
4872
1347
4935
6536
696
7593
7177
3489
6976
3282
7648
7389
7740
5185
6227
8160
747
3490
3685
8141
5588
3232
3428
1296
7367
2043
1502
7748
4425
5646
318
4359
336
216
3792
2284
6348
8111
7844
6298
968
4831
5811
1009
2830
1576
1824
4735
7028
1539
7910
6463
8166
5250
7212
5447
732
2145
1587
3557
397
2872
1165
500
6318
4993
656
3136
4501
2064
680
3537
5081
3155
8136
2130
4291
631
421
5778
1424
6553
3959
2508
7225
4446
8009
2507
3032
3363
5522
4326
7208
5646
7278
6456
7936
5960
2395
5447
6242
4453
1073
2234
6960
100
4213
369
7418
896
4568
4955
1613
6553
8075
6203
2431
2957
5299
5574
232
326
2800
939
7052
4076
7278
6259
6704
6995
6195
4453
6595
5591
129
5261
7477
1096
5403
3475
7304
7915
4372
4914
4613
5756
1048
2679
3752
2939
5585
80
7841
6224
2047
4326
6710
2872
6143
3730
1045
4496
7895
7776
4265
5425
5690
6493
190
6119
4426
7024
1965
7070
484
386
3007
5853
5209
2271
4472
5865
3792
7841
5972
4501
3685
5658
6064
2872
3937
680
5446
2502
1844
4679
3149
2820
1734
1110
5699
1029
1808
3847
4400
6276
7784
250
2560
649
14
1010
7258
7533
7936
7936
2076
5379
4790
3067
6027
4240
318
1296
7225
1296
4633
2959
2240
3800
8084
552
4217
1534
5385
2464
7784
6320
705
7679
3686
6649
1620
5077
5272
390
8111
4903
80
7903
5544
757
7559
2337
1783
4955
4265
838
3978
144
6557
1991
1493
1686
2137
8151
1488
1650
6116
2459
5627
7570
845
8151
4763
5707
4492
5731
5687
5510
5005
2621
2266
7031
2753
2872
318
1296
6378
5706
3537
4402
7934
6119
2642
7902
4618
1774
2195
2565
6105
1620
2489
480
4270
832
7915
3790
1046
5066
2405
3551
3273
4752
1083
5079
7210
2872
4471
5447
3726
7650
2187
8111
838
89
1607
6414
7872
2149
5737
6201
3440
4707
1917
2464
1534
8151
2178
1769
2271
7615
4065
2516
260
5114
806
1331
3284
2872
8022
3413
789
4322
1999
6995
2220
5701
6791
6553
692
7103
6996
7828
4570
3642
432
973
3541
6041
8092
3682
649
3120
1957
5579
7790
6937
7476
7895
4350
2872
7008
2051
118
968
3774
8073
8176
5276
4399
7013
5026
1483
7679
1062
5364
1824
2459
7294
8030
5290
4074
7205
4800
6668
4319
4326
764
7178
5181
7364
3993
1298
7791
2732
1045
3774
4939
727
3461
731
2533
2851
5461
254
3642
3651
531
4609
3504
1836
1319
3806
8103
6405
4291
686
4707
5019
2773
3487
283
7563
785
1389
3709
80
4823
4618
1534
5048
5143
5951
8025
1443
6438
1775
2552
990
5332
6831
5048
7258
3572
5344
6517
1620
7887
2494
5831
7029
899
5975
1467
5428
1465
2432
3915
1721
4934
2558
3271
1546
7592
98
4569
1662
7424
2922
169
5385
6796
2507
5999
3350
8064
896
7408
6000
6198
643
5726
5344
686
6053
1040
1209
238
5093
3519
4812
4796
7679
7454
1195
14
1281
6911
7318
7318
4666
1497
6417
5520
