0
0
0
9
0
3
0
1
8
2
0
0
1
0
0
0
0
7
0
0
0
0
3
2
0
0
1
1
0
0
3
0
0
0
0
0
0
0
0
0
0
0
0
0
0
0
0
0
0
0
0
0
0
0
2
0
0
0
0
0
0
0
0
0
2
0
0
0
0
0
0
0
0
1
0
0
0
0
0
1
0
0
0
0
0
1
0
0
0
0
0
0
4
0
0
0
9
0
0
0
0
0
0
0
19
1
0
12
3
2
0
0
0
0
0
4
1
0
1
2
1
0
5
3
0
3
0
0
1
1
1
2
0
0
4
0
0
0
0
0
0
1
0
0
0
0
0
0
1
0
0
0
0
0
0
0
2
0
2
2
2
1
4
0
0
0
0
0
0
1
0
0
0
0
1
1
0
1
1
0
0
0
0
0
1
2
0
0
0
1
0
7
0
1
0
0
0
0
0
0
0
0
0
0
9
16
10
8
5
0
18
3
2
8
8
5
0
23
1
4
1
10
0
0
0
8
0
0
3
1
0
0
0
0
0
0
0
0
0
0
1
0
0
0
0
0
0
0
0
0
0
0
0
10
0
0
4663
2259
833
4566
6819
5337
2428
4929
5391
1586
1640
5940
7286
1005
1400
7412
7769
3362
7659
2237
8119
2897
6909
5932
6184
2655
6581
3371
6742
4855
301
6801
2101
5234
6811
6298
2050
6345
3273
4980
7858
5956
5298
1640
6808
603
1484
6046
7850
2897
1528
5683
2655
246
6418
7791
4696
3231
1761
646
6209
4814
4929
7566
2682
5917
51
3509
2235
4262
6410
6410
2213
7761
8090
2656
6762
2350
6855
240
5330
498
8179
7668
1586
7075
5396
4230
1851
3692
7068
1063
7208
4186
7030
4597
8005
1489
5156
7974
2616
4983
4180
7602
5389
8119
8029
6783
2789
5641
2789
7386
7008
2508
3295
7423
3575
261
7147
5699
884
6319
1761
6869
1695
4676
3075
3554
648
3763
4677
5597
3836
6589
5164
7837
4890
5898
7420
118
5806
7251
216
498
7066
3424
3195
1167
5731
6975
1735
7068
6909
7697
2094
1684
8043
1964
1626
7948
834
6090
6019
2888
3143
4037
7184
2171
329
6225
6283
74
3003
3372
626
6299
1695
5719
4219
2948
24
7068
6269
694
3882
1081
839
6682
7346
51
2498
940
4220
4750
7311
2818
833
4032
3800
3523
5967
7220
5496
7292
1447
6715
781
8100
1021
6261
6971
3589
6451
6727
3799
218
6727
7283
7390
2231
4610
7523
7485
6350
1805
7480
4487
1897
1633
3156
2700
2047
6601
3866
2030
6664
6757
1545
7968
5552
1186
868
7885
87
3201
8178
7975
6754
2875
691
4576
3135
1317
2249
2637
44
5557
7457
498
3817
1372
7988
1891
4317
7964
7409
987
1179
1212
5090
844
4730
8084
3351
5232
2504
3898
4663
3800
7983
1990
5512
4566
6319
2375
5078
4829
7216
2148
3833
7743
3327
6090
5052
6416
5714
7533
6398
1474
3582
7702
4862
6269
7141
1256
7482
1345
8067
3446
1528
3919
5827
3256
6300
5331
5052
6819
7873
1260
6350
1500
5132
6801
3606
2874
4212
2079
1783
7358
4697
1758
4248
7566
5366
5301
5967
5458
2248
5577
2583
569
2600
6759
7002
7942
4767
1590
4572
3030
3772
6350
3958
5543
2927
1225
1321
8054
3177
6525
2804
5226
7146
4248
5016
1101
7834
5460
5868
4916
1907
1079
1797
7440
5535
3441
4602
4993
1184
7323
4791
5903
2039
1114
3117
1264
6691
375
6676
1058
4917
3334
3005
3181
7165
547
357
5440
3659
2368
2499
1048
719
6399
219
4877
5807
2448
7742
2975
3171
3858
1183
3977
4624
6149
7711
7480
5930
836
5164
1727
5017
860
530
7181
7949
2756
27
1361
4655
691
5224
1907
8018
2447
196
4997
8067
51
3776
4104
476
6172
4042
3043
2030
6149
3060
7815
2428
769
4486
4566
1761
275
2724
5533
7858
6316
112
264
823
3963
680
2972
2991
3828
6715
4760
3840
4906
7447
4697
5634
6363
4282
3948
1846
5592
7495
3193
1626
1894
8074
4576
7765
487
745
1641
2213
2833
3295
3163
3779
6155
500
7593
3478
2206
3940
6106
2847
6663
5284
7430
1914
6836
1658
2083
7429
840
573
5565
5044
5790
8141
4395
4607
1728
6236
7370
51
4481
2212
544
6006
1491
2572
481
7746
2712
449
7263
972
7658
3681
6132
2266
1115
3311
2220
4359
5844
1711
7383
7231
6627
1637
6581
537
220
7370
6395
1275
5687
1534
3527
3764
5952
7296
1617
639
7804
4142
617
2127
968
5516
2583
6216
3446
3351
1347
7875
7954
3621
1548
189
964
5522
7035
2231
2464
4641
914
7015
276
6436
6189
5307
7750
7556
3580
6750
2615
7277
5004
7576
3124
7096
1183
7440
6616
7650
7323
1702
1494
1742
6918
6765
7839
2752
4128
5450
1932
6289
2675
6661
7294
5048
5903
7840
6015
4069
1483
5064
1467
6211
3014
528
2816
6783
7305
1633
2086
2170
4553
929
4624
5587
5666
4978
6841
5550
2889
5430
7905
4011
4150
4515
827
896
6329
7676
4540
6823
7160
5012
7843
6290
670
1692
4577
5311
3786
1691
6319
6862
944
3267
8047
2248
986
5702
7137
2982
2376
3010
5792
2978
3686
744
4334
7598
432
7098
5115
2354
7344
6176
1669
5249
2740
112
7561
3820
4691
4746
1947
2317
1094
4570
3346
4551
2161
1548
1874
6112
1062
5987
3862
5614
6978
6562
7188
3562
1206
7905
811
934
2459
6770
5906
4596
5537
2354
8052
7409
6811
563
1670
931
2092
1713
5463
3358
6802
197
2235
7905
3159
2356
2511
2803
1182
7127
5907
3326
8057
3864
5599
896
7916
80
6550
1177
6508
5874
7675
2060
6685
880
239
7281
2099
1017
1140
6978
3060
70
4396
3420
1673
3420
1679
7271
7556
7083
7828
3052
1539
171
6447
3790
1678
827
7282
33
2663
3021
5288
6528
5086
8003
7571
3761
206
2697
5689
6664
426
6500
5033
4965
2402
549
2621
1782
471
2984
4784
2139
3290
4921
5977
4594
7978
5077
7000
4093
2217
4329
3252
4854
901
2021
5434
2183
3460
7210
930
1353
5704
826
3537
7158
4971
5838
2133
5371
6652
171
2584
7015
2166
4326
941
2541
285
2773
7711
5120
5283
7012
2679
6422
5836
5770
8132
4457
3367
6299
5284
8080
3360
3623
5370
6943
1693
6911
2448
5188
3826
5909
3806
5460
3614
6128
5561
89
2808
3893
820
2684
4707
7143
2296
2211
4275
4138
6021
2798
3688
2578
2825
2421
923
4159
3953
8095
2920
4819
3353
152
33
2482
4946
5754
536
5820
4594
5343
3742
2572
1593
5020
4331
2095
4606
593
5839
7855
6383
239
1150
5075
4318
90
2577
156
4169
3472
829
3990
4050
3839
3117
2691
2867
6371
7758
2465
5099
3205
6989
7382
1123
7107
5164
3879
5983
7630
4436
4696
1039
1039
1396
5820
4613
1678
6256
7499
5785
1497
7545
1244
5798
2773
3002
3540
4485
2642
5781
7747
670
2279
5721
5630
3715
8116
6425
3666
1213
5709
6021
1935
2283
3457
7244
335
7745
740
404
2217
3610
4765
7972
4194
7408
6791
5798
3203
6159
6145
996
6918
299
8
2028
2693
1449
6605
179
6352
7279
5135
5192
1980
4450
6531
6475
3284
619
5909
