0
0
0
9
5
0
0
1
8
0
0
1
0
1
0
0
0
1
0
1
0
6
0
3
0
0
1
2
0
0
3
0
0
0
0
0
0
0
0
0
0
0
0
0
0
0
0
0
0
0
0
0
0
2
0
0
0
0
0
0
0
0
0
0
4
0
2
0
0
0
0
0
0
2
0
0
0
0
0
0
0
2
0
1
0
0
0
0
0
0
0
1
11
0
0
0
11
0
0
0
0
0
0
0
17
0
0
7
1
5
0
0
0
0
0
4
1
0
4
3
0
3
9
3
0
1
0
1
1
5
0
4
1
1
6
0
0
1
0
1
0
0
0
0
1
0
0
0
3
0
0
0
0
0
0
0
0
1
0
1
3
0
3
0
0
0
0
0
0
0
0
0
1
0
0
1
0
0
0
0
0
0
0
0
1
1
0
0
0
4
0
9
0
2
0
0
0
0
0
0
0
0
0
0
10
13
9
2
1
2
17
3
2
3
4
5
1
18
1
0
0
10
0
0
3
8
0
0
0
1
0
4
0
0
0
0
0
0
0
0
0
0
0
0
0
0
0
0
0
0
0
0
0
10
0
0
4152
1228
3585
5748
3562
6474
6243
1769
1309
2916
749
5654
5654
4590
6731
3585
568
6089
418
2080
3835
8034
5735
5507
8083
1944
2066
783
1550
3741
6677
1944
1740
6303
2271
2483
4578
7211
811
6198
658
3527
7424
3809
750
6116
6448
3600
3481
1279
7101
7662
8156
5168
1003
7629
2677
4502
575
6417
4274
2907
7967
1776
3942
5155
1550
2265
1245
1823
4866
2435
942
4118
6334
4322
3069
850
7916
2533
4934
6064
1105
3561
7956
4618
6989
1029
4885
8139
6884
5801
1748
390
3660
7874
5450
2266
0
6172
2697
1539
4916
5182
4031
2990
199
4827
434
4979
3215
850
3369
5385
4618
3747
811
7229
2271
5731
1880
6843
2989
7229
568
5272
5537
980
8065
6252
6259
3505
2460
98
1439
7225
7973
7037
7445
2494
7178
6557
6305
5797
6450
1748
744
2470
7652
164
6721
7491
795
5751
6001
1733
5102
3061
4224
2136
2251
7062
4119
3291
6449
7814
3066
5138
4836
5447
2862
7400
8057
7452
2962
2540
3366
1067
2880
6436
2740
3775
1048
5731
3642
6492
841
6799
2541
5236
369
3561
5423
1552
6891
5762
5714
7411
7318
7445
4701
7593
2428
5612
680
1096
5520
5672
5535
789
7859
2752
795
1765
7781
2894
2479
754
5300
5745
5226
5224
3628
2164
2223
5831
926
3686
6099
4018
923
2675
3975
7770
6116
3730
4507
5446
5971
6662
6662
6909
671
3572
4242
4698
6082
61
6070
5399
1756
6474
5335
3986
1626
6131
3272
350
2156
4720
5717
6705
1949
296
3282
5920
6995
1488
7313
785
1341
4333
7041
666
7623
3427
1287
5168
4716
7692
3469
4703
87
7699
7670
393
1733
3925
858
421
7926
584
6259
7317
1650
3993
1281
2947
4152
6017
7650
1058
1555
5168
5050
7496
2070
3976
2254
795
727
815
7894
6437
6232
3453
5909
8075
4876
5493
4747
4890
1548
2439
6676
1348
3363
1650
5534
5495
6673
8183
7551
2662
7521
4939
1494
5425
6595
728
4468
1600
1958
4881
2453
3665
2363
3925
84
7823
4852
2558
2991
7648
5145
542
3792
80
7796
89
6620
2673
5373
2516
6547
6704
842
4048
1283
3169
5555
5123
4446
434
2057
6082
4229
3368
2361
2374
8087
2607
1478
5171
7588
5960
5744
7689
7178
3524
2772
6995
3739
2528
3870
2540
6662
2148
1740
4935
5670
6595
1010
4333
6962
5753
4533
2470
7874
2484
3584
1023
157
2795
5374
2146
7816
1821
2254
3476
2750
3010
5299
1230
5985
3852
2116
4766
819
6411
4455
1465
4415
395
6952
5430
6591
2962
6000
5112
2041
8103
6104
3861
393
5987
2979
8162
1623
995
6457
1727
3551
806
5093
6078
2303
2936
3064
1539
1326
850
3997
632
6631
7746
1688
7411
4748
6037
5687
4478
5292
5436
4478
5254
4502
5120
4588
8071
5546
1467
41
7434
3384
3930
7563
2984
7689
2700
2936
6299
6276
7634
1280
4282
6858
5409
1465
1358
7178
3850
3004
5079
6227
4796
6218
4147
5419
2235
6321
5024
740
1799
4507
7936
3888
3976
1356
2706
6495
5904
5360
5549
80
5458
5262
500
2083
3176
4645
5146
3178
2688
8121
4779
1520
6851
3790
2684
7321
3597
5040
6141
7931
4229
2187
3504
2675
6272
285
7864
6272
1050
6713
658
1243
6981
7950
8177
3986
7936
6414
3538
1352
5612
4224
4478
7049
2645
5412
631
4594
4115
4962
4349
118
4777
973
1635
2427
7835
1555
1029
3394
7645
3041
7797
2112
7429
6981
733
5714
2714
7785
4794
7306
3978
3240
1607
1067
721
2676
414
4245
2892
369
1415
2303
5797
1638
4395
6649
1011
4462
7593
1688
2419
6848
2779
1999
5005
7533
5989
153
1708
939
1349
2014
5785
3490
3747
5290
1796
4160
1188
5309
7897
4698
3571
7733
4979
4819
8100
5811
5050
8057
8166
7174
3100
191
7065
4018
926
761
3978
2762
3214
5782
850
5389
1620
2654
5290
1621
6462
3814
1958
2420
990
7573
845
1024
5747
5806
4110
1139
5736
4110
2200
7167
7841
6145
281
6085
5614
3549
5327
1613
4730
2000
288
961
4667
4405
6320
3013
4570
1594
7640
5413
1452
5666
959
899
5650
7084
4794
3857
2187
1635
1552
899
861
1659
78
7612
550
8036
5736
6376
4248
6941
98
2601
1836
1224
6703
6121
915
4178
558
2930
226
4249
1057
7246
4341
4007
317
5806
923
500
803
656
3059
1608
806
6119
7664
4946
4265
2668
624
5658
1802
4609
2166
4836
650
6075
3570
4534
2654
6294
2155
1216
4680
631
4759
6009
1224
4338
4776
4130
4333
6272
850
5608
2172
7240
6548
2000
285
7664
5453
7997
3792
3541
1680
4906
696
947
7691
3631
1534
4491
6908
2226
2071
3326
5290
4207
6417
4475
3449
7807
6986
2641
1719
6976
4453
3169
755
5786
2213
1552
7461
803
5428
4628
389
3909
3103
4534
3651
5385
384
4822
4222
4881
3082
5579
4644
4651
5715
5143
7679
3561
1709
7476
1973
7242
3086
7689
5578
1231
1493
6044
7650
5542
3861
6552
4164
7180
3028
254
3085
1534
1692
1706
167
6575
702
4237
683
5608
7613
2374
6001
6442
7013
6447
1513
3755
3631
6348
396
5145
6595
229
162
2525
5100
1620
6791
5094
457
6215
3453
4541
4771
6503
7897
2787
870
1821
5168
6481
7461
7453
2285
5279
138
7573
5566
5595
6332
3835
45
631
7301
390
527
5165
2483
7716
3212
4846
5143
7592
8044
4847
1680
5090
1561
3180
2483
7673
3158
4892
1932
2257
3220
1576
4623
4326
7871
7336
1824
4491
3454
559
2248
7570
2938
6218
5594
3460
7725
1570
2229
5385
1661
2244
7887
1482
5375
6604
3229
254
2654
5507
3741
7223
2679
4396
7506
8028
4441
7269
2868
744
5579
721
5101
4178
4097
8173
7526
675
5534
5791
2613
2150
2635
5403
1482
5686
7011
2466
5099
7940
2080
1566
2137
7301
7739
5029
894
1824
6002
8058
3492
5292
4120
729
5048
7503
1361
5951
1200
4374
383
2741
87
7902
7827
6321
1742
7768
7153
2442
6139
