0
0
0
9
0
0
0
2
10
1
0
0
0
4
0
0
0
2
0
0
0
13
0
3
0
0
0
2
0
0
0
0
0
0
0
0
0
0
0
0
0
0
0
0
0
0
0
0
0
0
0
0
0
0
1
1
0
0
0
0
0
0
0
0
0
0
0
0
0
0
0
0
0
0
0
0
0
0
0
0
1
0
0
0
0
0
0
0
0
0
0
0
0
0
0
0
7
0
0
0
0
0
0
0
27
0
0
9
8
6
0
0
0
0
0
2
0
0
1
4
2
1
6
0
0
2
2
0
0
2
0
1
0
2
2
1
0
0
0
0
0
0
0
0
0
1
0
1
0
0
0
0
0
0
2
0
0
0
0
0
1
0
0
0
0
0
0
0
0
0
0
0
0
0
0
0
0
0
0
0
0
0
0
0
0
0
0
0
0
2
0
7
0
0
0
0
0
0
0
0
0
0
0
0
11
5
8
2
3
0
27
1
1
4
0
0
3
33
0
0
0
12
1
0
0
2
0
0
0
1
0
1
0
0
0
0
0
0
0
0
0
0
0
0
0
0
0
0
0
0
0
0
0
10
0
0
2736
6481
3625
3661
6635
7940
3656
4878
4399
979
2405
3483
721
6332
283
4594
2061
5948
5107
7665
3188
3542
1787
7596
4089
3454
4914
3432
4670
1238
5779
3240
6384
8025
3741
764
4914
960
2343
7940
4233
3207
348
7419
3240
1863
7246
4575
7236
4155
5071
4233
472
5537
1576
3861
3861
8083
7665
827
7468
2066
3223
7451
6954
3389
2676
2676
3942
7451
3240
2736
3741
3741
7223
6384
2835
5536
14
1155
6954
5809
4568
7997
1776
6002
4502
2496
14
1062
6635
5113
138
1739
14
4207
5013
979
7940
1852
2402
1523
1550
7596
5279
2676
960
3220
7816
1576
437
897
7940
7042
1672
3260
5118
4089
968
2657
4950
1049
167
3225
4094
1154
4383
6552
418
7223
4207
6417
5594
2080
6796
7615
3959
7670
897
4641
2796
764
6980
1255
5295
1908
7013
4568
3352
6548
6826
4712
3123
4735
5214
1944
536
6954
3166
1279
960
6002
6053
6271
7570
418
3816
6791
6677
6271
5279
2676
8143
6814
2488
6194
2886
5303
3763
3835
6510
5599
202
4522
4876
5687
5048
1620
1678
3454
2325
2325
1948
3207
215
2411
2080
211
5077
5874
7582
6189
5530
7334
6665
2819
4715
3133
2517
6797
7566
7701
33
348
1011
7940
6954
6824
4007
3835
5744
6357
7588
5436
7223
2136
3068
1238
283
2934
5594
920
3757
7903
2413
8008
3411
4024
2924
1189
4607
3301
1005
622
7007
3347
1576
2489
7092
4465
3391
5654
7665
5290
6203
825
5279
764
96
7868
7868
5279
6828
5170
7991
6231
3895
3387
7560
2235
3994
4942
2313
2829
6434
4923
622
5550
332
390
4291
6271
6215
3071
5623
797
1620
421
4569
7596
1672
6395
2773
7716
8170
7055
944
5976
1661
1153
5885
3724
6528
4051
133
1597
6172
4610
944
1727
2158
6259
1238
5687
3225
3542
4647
698
7229
4202
5738
5428
3260
7419
960
5505
2819
6758
6199
6966
2432
1463
4305
7970
487
6163
7281
5468
7261
2881
6343
4639
2881
5116
1209
3004
5129
3067
4670
7984
4011
6677
1863
6305
6309
2773
4042
5763
6090
3231
1322
5721
474
3820
7571
516
8010
7075
1253
7854
547
6780
6806
7502
4078
3343
8122
2533
2192
6447
702
2325
2061
1620
6384
6384
914
6867
6087
4589
1626
6615
2249
1191
2375
2621
3295
829
2313
7566
1874
3969
2700
8052
7106
1115
3898
1720
8149
2757
5507
6677
2285
3581
7868
1787
5129
7596
2343
4433
3833
6767
915
5367
8133
5717
2439
2746
4725
3047
7119
6145
2140
3271
60
4230
4030
7865
594
7935
5122
7817
4220
1275
6431
7046
4827
4342
1774
3585
3585
6745
6090
2247
3590
5994
6600
3715
3155
7250
6929
706
7817
4389
3555
7315
4623
8144
2641
7499
1127
3288
4758
3371
4032
1499
6868
6590
4216
3220
5129
2676
7872
1446
7562
1260
849
10
8144
4181
5380
6149
2805
2280
5092
1864
7757
7537
2531
1958
3448
7803
1286
628
4895
1481
691
1933
4112
3942
3004
1672
6384
3585
3741
2499
2239
2536
7129
1810
1481
3119
6551
996
2805
1285
8018
61
5255
3060
4204
2053
2249
3853
7960
5767
8132
3361
4923
2804
4950
7230
5129
1672
4670
5428
2676
2533
1460
6694
2621
4128
5131
831
4978
5315
3493
3658
214
6613
990
1245
2924
239
3392
305
6780
880
5839
5147
6158
5727
2916
3732
1011
3240
5161
7872
3542
5594
3371
5827
2468
4805
7732
4805
275
3555
5832
356
4192
5601
4268
4719
4751
5878
1645
3779
2383
4862
5177
2583
6461
1887
390
4809
2419
6548
4491
5798
6553
6384
6832
2065
2833
2801
2810
7876
1221
1871
336
3945
689
6560
6330
7568
2359
4503
356
8004
462
3725
2902
3663
3133
6494
6828
450
3541
5272
5272
1664
5928
7615
5530
2038
7077
7793
7457
1189
6528
3302
7191
6788
6087
1418
2740
5684
4486
3896
64
2910
1141
4107
2073
4456
4012
6209
2410
1680
5412
4809
3684
7749
3656
1550
7511
371
537
3507
7733
691
8004
4272
3833
8162
7747
754
5812
4226
5943
7064
4051
7824
3724
367
173
1992
7215
1491
1931
361
5833
3477
1803
6384
8025
5428
152
1093
2455
834
173
3241
6648
3424
3710
1027
4358
5583
3315
2923
5718
1503
2548
2752
321
5325
364
7091
5410
5608
7405
491
7491
5608
6384
7872
4568
4569
4641
8005
6328
3206
1289
6131
2517
5871
1141
3101
3786
7480
8052
553
336
3000
6679
2749
4490
3956
730
4500
1780
4667
4340
3577
331
4600
8025
8025
3741
6417
418
762
5311
7182
130
419
3227
5717
1063
3035
6231
8085
7436
1780
7725
3273
2371
343
3719
2014
4838
4642
4216
4701
2855
4580
4148
1301
8025
4569
6384
3741
2080
907
7864
7343
2772
7120
5813
7287
6819
2517
2819
6865
7107
3603
2752
5047
4308
2261
3249
7075
1720
5011
283
2648
5432
3454
5650
7940
7419
4569
6384
2285
2676
7872
4227
1878
1609
4960
7873
4624
3407
6190
2714
7221
1861
7944
6695
1367
2621
6615
4764
6676
1107
4233
4569
3542
2586
6147
1863
6276
6384
4569
3207
7615
6677
3220
699
476
5926
1516
4490
1299
7656
2412
4306
267
5653
7865
637
1324
8052
6775
3371
7649
7468
1565
6818
3741
4569
3207
4442
6954
3959
5129
3941
6791
6553
7139
5547
960
4207
6790
3717
7660
5976
6919
135
4943
4506
218
4220
5505
4999
5362
6719
907
46
6553
7615
5594
4053
7872
2796
45
2533
7940
1823
4851
1539
3538
202
6796
215
2343
960
2285
7799
6605
196
6665
7656
1933
1457
1555
3629
3291
3629
456
8025
4569
2061
5778
3068
2676
418
7940
3207
4644
7049
4892
5436
3240
7223
5779
2080
3542
1425
5013
5013
6384
5667
5945
8155
7013
538
4233
7872
418
6384
79
5507
2513
3207
2736
2676
3741
5874
7872
2773
6135
4146
3600
5477
4319
7871
4892
45
6384
7451
1774
1566
2843
4340
2684
4152
7940
215
2676
7872
4569
7419
6128
6553
4920
5751
478
7419
4202
2676
2676
