0
0
0
10
4
0
0
1
9
1
0
0
1
0
0
0
1
1
0
0
0
11
1
4
0
0
0
2
0
0
0
1
0
0
0
0
0
0
0
0
0
0
0
0
0
0
0
0
0
0
0
0
0
0
1
0
0
0
0
0
0
0
0
0
0
0
1
0
0
0
0
2
0
0
0
0
0
0
1
0
0
1
0
1
1
0
0
0
0
0
0
0
0
0
0
2
4
0
0
0
0
0
0
0
20
0
0
9
5
5
0
0
0
0
0
2
0
0
1
5
6
1
3
0
0
0
1
0
0
0
0
2
0
1
0
0
0
0
0
0
0
0
0
0
0
0
0
0
0
0
0
0
0
0
0
1
0
1
0
1
2
0
2
0
0
0
0
0
2
1
0
0
0
0
0
1
0
0
0
0
1
0
0
0
0
0
0
0
0
3
0
12
0
0
2
0
0
0
0
0
0
0
0
0
9
6
8
3
3
1
21
2
2
1
5
4
1
26
1
2
0
11
0
0
1
0
1
0
0
1
0
0
0
0
0
0
0
0
0
0
1
0
0
0
0
0
1
0
0
0
0
0
0
10
0
0
8080
155
1158
5631
4585
7585
6465
6012
6562
1786
6784
6430
2728
5595
4112
7874
5191
5625
2031
2361
5892
5031
1150
2485
7584
6552
575
870
3722
5275
3687
2764
919
296
619
5375
3807
652
142
3969
1843
5726
2419
7499
2414
471
1896
5701
1565
6437
5985
8116
2809
970
6116
7844
2442
2999
5987
4338
5875
6226
6967
7592
2497
2960
1796
5334
5531
25
5689
48
5463
304
3930
354
5501
3733
588
531
710
5012
6445
2935
7230
2448
779
1971
4340
7609
139
98
557
6562
1753
1688
698
5476
6238
7688
3969
3910
5595
331
1702
5451
271
1232
3950
2836
7799
3602
4856
174
2408
369
1542
6075
946
4842
7258
7437
6949
5173
2951
841
6188
5165
5127
4442
7327
6654
2378
5839
4975
5730
304
1524
5605
7387
7153
5682
8138
7663
4847
777
6015
5608
4478
5812
1406
7314
5158
3321
2448
5892
3762
1794
4291
6355
3824
6012
3044
471
1040
4597
6464
6465
6356
5275
1636
7659
3847
8117
7188
355
6877
7803
6761
5715
1595
1464
7595
5612
6068
4094
533
7391
4289
3161
5198
749
5680
7718
4574
5868
4975
2124
3733
639
5843
1379
5262
1202
1605
920
2548
2276
6955
47
4112
7661
1219
6860
2654
6724
1709
2405
619
1821
1395
5687
3322
6243
2002
510
5338
7894
5384
6926
2951
3893
6043
1202
7311
2810
735
64
5989
7492
1103
1770
5267
6201
5104
4847
6983
4099
5066
4103
5667
1103
2560
8011
575
7467
1055
1462
7269
7617
3533
486
2354
3912
1203
5273
2905
2579
6707
3306
373
6117
4788
6914
6472
3503
948
7056
4329
2832
3166
5208
384
7918
1765
635
384
698
2922
1003
2104
5376
3287
2524
6767
3233
1785
4318
5691
2719
7267
6101
3898
635
6009
3002
488
3589
7067
4796
2570
6562
3901
1917
1248
657
4345
6799
384
4264
5248
6940
7167
1896
7772
3064
6521
5766
4488
3298
2058
661
6043
6300
4025
5115
7235
7736
5172
738
5403
7380
2157
6681
2986
3826
5730
5977
4785
6498
8011
1295
26
6632
1532
3800
3820
2498
7327
1713
4421
1785
7407
6819
3868
3597
5570
3862
4106
4632
6380
442
3635
5720
6465
8075
3291
1195
4783
1746
575
757
921
7380
4011
3805
5843
2364
4754
6200
1591
566
1396
7725
6179
1463
1159
7224
7238
8131
5545
4264
5872
5322
2560
7545
5877
1950
4410
1441
1114
2136
7675
4478
2338
6698
1581
1232
5726
661
197
3236
5655
5807
1713
3055
1153
7392
1868
2891
843
7117
7716
4923
2728
3844
7854
6071
5515
1820
3293
4700
2120
4155
4604
4810
3807
177
7
4346
7587
2126
4421
6802
3637
1376
619
5986
5550
860
321
6236
7473
7827
6767
3050
1075
5145
1039
5493
4116
7188
7144
1163
7384
1258
722
5791
7972
1082
6632
280
4534
4942
7151
3117
8174
1591
3261
5971
7649
3843
8141
1299
1601
2428
189
208
4245
5569
7893
5551
2290
7436
6361
2150
1129
3492
1581
959
948
2406
7736
47
3614
4316
1445
474
4942
3765
1800
3288
7285
4352
569
829
1597
4026
6792
629
7188
6996
852
2338
2817
4747
36
7989
6124
7176
7230
6000
4037
1594
1789
5997
6431
3040
6834
282
474
4967
4318
6369
1485
1351
930
1855
6540
1562
689
8022
2714
1817
3158
6612
7067
3252
3185
6554
420
8085
5149
1105
2576
1819
5751
2754
8172
1914
834
3719
3379
3061
7209
6834
4047
3553
2731
5055
6047
7507
6724
8040
3288
2360
4840
4851
6612
1334
4856
3526
1497
1224
2573
5332
1675
3696
3544
1530
3385
3216
1135
1390
5203
2923
6008
2102
7035
5235
5187
7938
2299
2499
1821
5470
4819
5805
1443
7357
5531
5332
5023
134
6233
8055
6969
123
947
1449
2558
4997
2280
7991
8124
3583
6773
1902
267
60
5273
487
5919
1342
6399
55
6385
1280
2631
7332
3413
5614
4993
6021
3301
4934
7466
4643
7922
123
6307
1871
3185
2655
3863
487
1211
178
7589
4948
628
7747
6078
2622
5832
2389
2031
1602
1949
3290
6262
7626
3686
5077
26
2182
6411
6350
2261
6932
1522
297
4788
7187
280
6559
4596
2038
7442
7778
5912
7172
5334
5888
5417
879
7420
4224
7086
3667
2240
2211
2363
5057
4880
7350
2645
250
3449
5997
2867
2252
332
2975
8151
1155
992
3671
5184
4597
2633
5380
3608
6108
2131
155
218
2984
7716
1539
1717
1842
1362
8187
7398
4847
7722
7788
7887
3773
3809
1273
1080
1937
919
8047
4311
3077
143
4065
5024
2712
7711
7480
7543
4141
1141
1814
6010
5275
6884
2398
5824
4667
729
1295
2022
6475
4551
6480
6327
3732
2933
3927
5077
6634
1715
7426
8116
1785
7640
2124
4155
6472
7799
2363
3807
405
2876
5722
5427
1965
7533
5050
4533
4109
3457
4926
174
5601
4392
4969
3265
4374
6330
5695
1595
7967
4950
4082
8085
5104
331
7122
2080
2686
7777
6380
4724
7374
3195
5173
7436
3642
6041
5686
492
1163
8138
7788
7788
6721
5601
6563
7094
1220
881
143
1857
4029
7467
783
5487
2907
639
1462
2478
2330
4876
1219
6509
5805
2248
2354
7995
4880
6321
1430
6440
4213
6660
1182
3870
5531
5166
2152
4162
1639
2999
3322
2002
1173
4340
5288
2645
289
7866
2368
8030
5189
7143
8111
1896
4753
1029
4472
7389
6761
7732
1864
3085
7933
8136
1864
5531
6498
3631
2336
7918
6228
5376
6827
260
8010
6475
1105
7389
4975
3100
6430
2361
4346
3022
6598
5236
4491
5537
1424
5902
4266
492
7788
4082
208
4412
7520
3988
1513
3969
2830
919
6276
2629
4519
2513
1838
4056
4343
2166
1090
5726
6344
1821
692
5363
4857
2135
1105
186
3166
5756
7543
6202
3457
6202
7928
3842
7463
3161
4858
3391
3988
785
5507
5408
1949
3963
1717
6781
6202
6571
1333
7598
1333
1740
157
5351
1447
6571
2850
5671
3993
2054
1864
1287
2817
2502
3414
272
5343
5999
7613
5077
2441
835
1926
5608
6884
7097
2134
1613
5786
2949
4342
