0
0
0
9
2
0
0
2
10
2
0
0
0
2
0
0
0
2
0
0
0
14
0
3
0
0
0
3
0
0
1
1
0
0
0
0
0
0
0
0
0
0
0
0
0
0
0
0
0
0
0
0
0
0
2
0
0
0
0
0
0
0
0
0
2
0
2
0
0
1
0
2
0
0
0
0
0
1
2
0
1
0
0
0
0
0
0
0
0
1
0
0
0
0
0
3
6
0
1
0
0
0
0
0
18
1
0
7
4
4
0
0
0
0
0
2
0
0
0
4
1
0
4
1
0
0
0
1
0
1
0
0
0
1
1
2
0
0
1
0
0
0
0
0
1
0
0
0
1
0
0
0
0
0
0
0
0
2
0
1
2
0
7
0
0
0
0
0
2
0
0
1
1
0
0
0
0
0
0
0
1
1
0
0
0
1
4
0
0
7
0
8
0
0
2
0
0
0
0
0
0
0
0
0
11
9
9
4
2
0
20
3
2
5
6
6
4
37
2
0
0
10
0
0
0
4
0
0
0
1
0
1
0
0
0
0
0
0
0
0
0
0
0
0
0
0
0
0
0
0
0
0
0
10
0
0
2916
6321
2119
536
825
4207
4202
603
1639
2905
6074
7327
7854
7287
5389
1426
7119
6966
6412
6397
3652
5681
3244
2150
3586
4609
3581
4007
8157
4609
45
1971
5232
255
7615
6271
7391
1523
7446
5696
836
7282
1071
6555
2577
6875
8067
4905
3761
732
4923
8170
6603
5968
7960
1191
2621
4923
888
4500
2752
536
5314
96
3322
5594
5019
2405
1550
5048
901
6419
7290
7948
6200
3736
734
3652
2393
3367
2189
7409
3957
5771
944
6964
2621
826
6600
5745
860
4487
3250
4038
5338
6289
6677
5874
6053
390
6089
1708
5096
6531
4719
239
7692
712
6219
5917
735
7537
1947
8012
518
817
6875
3843
3883
4929
160
3603
3227
777
8133
5883
7294
3432
2443
2062
3890
7304
3304
1372
3385
4597
3652
2317
5352
1639
7172
6010
3061
3410
3267
156
38
2498
5210
3904
5481
1140
1530
6219
6475
6829
7119
3463
6549
2405
5748
7235
6031
2560
6145
3193
4929
5396
2621
3652
4154
3367
5493
4131
5028
3321
1639
6925
228
3241
5159
3567
6521
8133
6231
4493
2930
2363
6919
2278
6263
2686
1395
2118
491
435
2065
5333
4610
7311
3652
2910
944
2914
4241
6521
2583
7209
3229
758
6802
4967
4967
2189
2189
3828
3715
1407
1548
4918
3334
2230
2523
1550
4067
4274
5232
4314
1726
3371
788
6555
6459
6419
2430
4539
3346
4125
4410
665
6249
988
6907
7172
1548
5422
7409
6078
7817
7035
594
6801
3334
4929
8112
4350
2443
7858
2455
2352
4990
7561
7262
5273
7512
197
6122
3146
7262
5198
6555
5263
5374
5339
4352
7543
5166
4541
963
5159
6928
2910
5788
336
3836
10
8142
731
6321
6031
6412
730
4032
7617
4581
3920
7507
7773
1245
6199
2930
8159
125
5722
1713
7034
6823
133
4421
963
4405
7542
986
1935
6268
1365
7817
986
5122
3671
5024
2538
7698
6515
4814
5059
2757
5824
5647
6249
802
2092
7056
4377
2123
4583
2156
3920
5339
4589
5810
7409
2726
5582
1213
4241
9
5702
2805
2826
6015
1019
575
4154
8005
7287
784
5522
2724
173
4758
3487
7189
4623
130
5210
2167
2196
7189
4516
665
7207
6087
1272
3367
4602
2240
4344
7537
3132
156
7547
2462
6600
2405
1503
4362
4145
6558
4409
2053
1895
4967
633
6075
5422
5684
3535
6022
8004
1200
4377
1643
7119
6935
6291
1743
292
2092
2359
6199
4431
7091
5311
3343
788
1255
5401
7055
7362
2099
5164
6268
7478
6918
5620
2826
2905
4366
1485
7543
1430
3144
4294
5468
2903
7426
6919
7285
5766
4420
6646
112
3565
5330
7450
3836
1418
3811
5557
7537
2683
4960
1005
7950
6145
5007
6801
4409
2430
3132
263
2576
1217
2783
7135
7207
184
5891
844
2053
5386
4661
516
7531
3761
7287
6687
594
1704
400
4292
8059
4807
7305
986
1810
2393
2561
7232
6768
6829
5680
3391
7304
5991
5719
807
4441
1272
5448
6741
4039
4058
3203
5478
7638
2566
1691
4275
5170
513
7978
4597
6425
4610
1457
7307
836
3933
7155
7782
6863
8047
2905
5255
3389
2947
3753
4700
5810
6829
8059
7707
3193
6345
6435
4275
5251
1474
4275
8003
179
5096
5888
3955
7107
6138
120
1778
7231
449
6865
7531
4506
986
7176
7755
7823
4340
2558
4441
6237
8010
1081
1365
2312
6209
7649
956
7817
2735
624
3904
1127
7231
4696
949
951
5247
7510
2183
160
2230
1418
4220
2183
2576
2235
5732
7196
5688
8187
3722
6359
3061
7537
1909
2262
691
4039
2897
2789
8142
6350
4598
1626
1141
4533
8039
6147
1169
788
691
70
3061
2393
4051
6925
2384
3047
1503
2167
6903
4124
5448
7559
4275
2190
2363
5582
1438
6525
1804
2183
7343
2231
6623
537
7030
7595
5950
4506
3385
547
1495
689
2101
1314
2276
7950
6122
4275
6083
1501
7132
3119
817
4721
1254
2438
4003
2637
2163
2231
1530
1426
1596
7507
7285
8185
1251
7408
542
3955
8189
4980
901
2393
1300
587
3870
7337
3392
1549
60
5919
1500
1141
6896
7221
7329
1930
2438
6999
6531
4405
3334
4855
3652
2414
2884
6147
7262
6321
2907
2150
2095
354
4905
3193
5510
4539
3666
7463
2046
4929
2517
4875
7329
2207
528
1191
2498
5538
2020
1191
4606
1027
5813
7472
3827
6159
4410
2577
7656
7823
5654
7012
4398
7326
4169
1810
5713
732
8094
696
4943
7850
3802
720
3247
4033
5855
7030
1310
84
4128
697
5696
2579
4033
3371
4746
594
3371
5016
3014
444
2892
6053
1672
1439
2607
3825
7134
3623
6194
7865
5310
2621
1093
8099
173
5681
6313
375
5771
7730
5177
3465
2038
539
2726
1587
1778
1725
5389
5348
4892
411
7468
4594
2520
811
7213
2278
1245
113
528
5044
4746
4051
7569
733
1418
4744
6494
2897
1704
2363
6319
3411
7561
4294
6850
25
130
570
5078
2796
6411
8111
947
1119
2230
7784
6677
3960
1322
2053
6231
2053
1704
3193
4362
6003
5522
3385
1066
3836
7058
4807
3050
936
6288
6398
2167
1342
2819
2671
96
7967
7827
7141
6503
2496
1331
7468
2773
4690
6999
5044
455
7329
8162
3761
44
2577
2619
1726
3392
179
6163
1647
453
1853
218
3307
2462
1805
5272
5801
7570
6380
3433
5618
348
2676
764
6384
2783
995
2676
3458
7450
7499
4905
1272
5122
5074
5788
8002
130
5131
6919
5732
4344
4597
179
5369
1365
1739
4007
6031
2405
3847
951
4216
3542
4139
2938
3647
2916
1733
7230
6384
3317
1006
5046
4807
5346
5170
7200
5440
665
6966
7221
5156
2637
5721
4905
845
1223
3077
5801
1160
3326
5762
744
3220
7980
4350
5057
1620
1029
5385
1057
3947
5279
2907
3472
8049
1310
1005
7708
3288
846
1081
3493
6564
5940
2679
6548
3835
4698
3832
4600
6761
4361
5276
6346
4029
1733
4291
5801
2560
2219
8030
3433
4525
1447
951
6227
3001
8173
173
834
5492
4593
5303
4323
4340
5288
5724
3352
297
7235
3835
4340
7781
3893
2679
6895
