0
0
0
9
2
0
0
2
9
0
0
1
0
0
0
0
0
0
0
0
0
13
0
4
0
0
0
1
0
0
0
1
0
0
0
1
0
0
0
0
0
0
0
0
0
0
0
0
0
0
0
0
0
0
1
2
0
0
0
0
0
0
0
0
4
0
0
0
0
0
1
1
0
0
0
0
0
0
1
0
0
0
0
0
0
0
0
0
0
0
0
0
0
0
0
0
5
0
0
0
0
0
0
0
26
1
0
7
7
8
0
0
0
0
0
3
0
0
1
7
1
1
4
0
0
0
1
0
0
3
0
3
0
0
2
0
0
0
0
0
0
1
0
0
0
0
2
0
0
0
0
0
2
0
1
1
0
1
0
0
2
0
1
1
0
0
0
1
1
1
0
0
0
0
0
2
0
3
0
0
1
0
0
1
0
0
0
0
0
3
0
6
0
0
1
0
0
0
0
0
0
0
0
0
11
6
7
2
2
2
25
1
1
3
1
0
1
28
1
0
0
11
1
1
0
1
0
0
0
1
0
0
0
0
0
0
0
0
0
0
0
0
0
0
0
0
0
0
0
0
0
0
0
10
0
0
2329
1270
592
7673
3485
3145
3002
508
6371
6060
4484
7986
7371
6509
4651
5750
4952
981
3469
2066
7413
2356
7371
7160
4406
6227
5623
4251
920
1931
2860
2257
4670
8155
1588
4107
8002
5102
3145
6166
4100
4353
3667
1021
4175
4964
5193
4651
3690
6452
7063
4291
1070
4818
6981
5031
1313
7780
7479
1765
5507
4341
6060
4498
2106
5210
367
1111
5805
8121
5292
6535
2217
3541
4069
2056
4190
1917
4628
7187
4648
2504
1006
6155
6428
4999
6663
2499
1638
163
4264
5157
7829
4824
4225
4237
6889
1275
7408
395
2783
2411
2784
5185
4293
5484
1082
554
4565
6380
7859
1586
6126
2078
2807
1371
7536
7035
1676
735
1244
3909
2784
1931
3667
5542
6243
7595
450
2854
558
7371
4685
7682
6817
4871
7175
496
2114
3284
3621
156
1210
2326
1878
6773
1371
231
3707
4902
7536
4626
6271
1244
3134
4114
1452
4251
4892
5470
4114
721
5432
1879
2650
521
7578
3295
7969
7794
3040
2779
1840
3689
6177
1371
5776
7703
609
7873
51
3873
5635
7988
2333
1849
5489
4628
8167
4600
4478
5826
1576
6358
5985
676
6082
5866
1421
1371
2962
1086
4544
7513
7703
4252
3569
4930
7826
3103
1959
6022
4913
2250
6965
2455
1410
5917
6244
5542
4236
7434
4685
2224
7971
7908
6914
1244
7042
2264
6867
6101
7715
6351
4913
5700
6368
3319
1500
8001
7681
2833
1705
3499
5154
3877
4720
6486
8026
659
2455
4869
348
6190
6033
7117
7221
6473
2478
7598
6783
2673
755
4966
8007
2010
8141
6500
2714
5691
944
7091
2606
4181
5681
3384
4627
3065
4275
2923
2161
7351
3101
2224
2910
7658
834
2737
3625
5129
6384
3240
2231
6260
4633
2722
3065
3877
1850
7985
735
7175
3309
3036
6719
6775
4047
21
3877
4592
5442
6534
6103
7035
7375
1212
648
3150
7342
5432
6289
4867
6635
3585
1233
5635
1663
221
3768
4684
2883
5090
5760
3062
3101
4307
3163
2979
5088
286
700
809
4064
3396
3247
7869
7329
8052
7249
2250
4155
1244
3072
7187
3240
2397
3674
3506
7017
700
7659
3622
2821
2555
4862
6453
7208
809
6345
4862
6811
5818
6690
7326
1556
1114
474
4168
7549
7703
6277
3998
2657
3477
5155
2336
208
3957
7703
1663
4161
5691
4130
3474
2162
4332
1115
3644
2816
72
5053
6765
2162
3951
5380
3050
6604
5261
397
609
7703
5076
2921
132
5489
6215
1787
5116
5623
4999
3605
7565
345
8007
7794
6628
3703
2037
1170
6205
3355
3471
3649
7629
455
1505
2928
1704
4081
6780
965
6729
5755
5345
5926
7269
4628
3154
3260
3947
3188
2875
1903
7565
1421
2287
3546
1781
874
2326
8119
2476
2221
7499
6797
2824
2621
7638
3463
2289
7320
5635
7659
4193
6573
4653
4960
4237
2063
1244
1550
348
4644
2625
755
2599
7794
1436
1783
8022
7208
231
3670
5053
1642
2127
1445
335
7203
5306
3565
2048
4193
3970
7770
5341
1891
1400
6572
5596
4472
7187
45
4448
6481
7843
6158
1375
5069
3579
1507
6859
5787
7270
7896
1066
5472
3530
3810
6398
6249
3626
1912
7248
3944
7715
700
3545
2058
7701
6089
6004
3154
721
7872
4484
5165
2626
2955
4829
2599
436
3852
3362
3737
2087
5841
6792
2378
5308
4926
3288
7222
4684
1507
6113
8165
7826
2141
755
7460
7615
631
3006
1269
7301
4888
6791
3004
4449
1683
4576
6067
5342
3217
2617
1518
1518
7659
2141
700
5901
632
4883
4263
828
8179
8007
7267
6126
8063
4500
8155
4892
3004
3480
3773
2478
6473
2066
7451
7382
404
6625
8063
5932
5635
6504
8033
7659
7826
8079
4193
7715
3877
5491
4240
7856
2340
2964
1194
2456
1499
1968
4568
4484
7901
7917
4716
5165
6590
1979
1852
760
4089
5831
670
7536
6530
7107
5849
2416
1549
2724
3366
2078
3703
7969
6751
2599
1804
7386
4876
1672
283
414
4291
3389
5292
2956
1634
4600
5982
1269
5599
1425
6548
4712
2066
8003
6837
3065
6647
2174
7107
3097
5327
4332
86
1400
3951
19
5852
5743
5279
414
4140
4089
7070
5928
7213
2411
8121
1716
2552
7420
1615
2458
1589
7665
3454
559
1892
3159
1104
6342
375
3737
293
7649
2256
2021
4848
3172
2819
5657
2676
3317
3625
45
5161
6722
3180
923
163
698
4735
1852
45
7901
1560
4475
5542
5393
1774
3240
6384
7013
1833
7655
5550
5300
5526
6780
1694
6348
6164
5505
5760
5279
4712
6989
4280
5566
7405
5735
5661
4670
4134
1593
3483
4568
2066
3173
7344
441
3220
3188
5129
2343
1672
6332
2856
1590
7575
3004
6945
5779
4480
2958
7456
4651
846
5290
7451
1311
5882
7218
4190
6060
1576
4055
2657
3942
5925
6510
425
695
1345
6384
5129
960
7451
3571
3661
7642
4387
5129
271
1311
5997
1823
1533
5041
5643
6553
5999
4253
6009
1032
1634
3254
202
3477
2657
6128
7013
8025
5279
425
2773
4740
6384
897
6195
2074
6004
5654
4639
1774
3427
6921
4341
8148
5619
7940
6553
5129
5779
2835
662
6061
3942
2732
2958
5798
2513
1434
2329
5161
6590
4139
2736
3625
7292
6587
2854
3123
5172
795
4496
3071
2470
1620
5220
7344
4139
7223
6553
3240
7872
278
174
4290
1934
6791
2732
5326
238
7223
6417
2343
5418
6245
5779
4237
3208
5608
3682
4818
3123
1852
920
5279
3350
7160
6310
635
6377
7940
3240
7223
4198
6989
7753
1249
2678
6945
592
6320
998
4952
6746
3585
7484
5650
7806
4319
4698
2938
4341
7049
1834
2854
7301
2686
2516
7901
4293
7689
3934
4475
7063
4315
3259
4365
1849
1043
2089
232
4237
5623
5798
3220
4867
6635
3477
1587
7344
3123
5489
114
851
5031
2918
6484
6830
7790
434
2513
5165
1943
2654
4089
3389
137
7820
2405
2631
4647
4952
7092
764
4888
3886
5850
6041
5013
6203
5489
721
2499
1062
1423
1244
1834
3480
2423
7779
7872
1062
7063
7419
6436
5479
7720
404
7497
1774
2835
250
5963
6227
4600
