0
0
0
11
0
0
0
1
9
2
0
1
1
2
0
0
2
6
0
0
0
14
0
1
0
0
0
2
0
0
0
4
0
0
0
0
0
0
0
0
0
0
0
0
0
0
0
0
0
0
0
0
0
1
0
0
0
2
0
0
0
1
0
0
2
1
7
0
0
0
0
1
0
1
0
0
0
0
0
0
1
0
1
0
0
0
0
0
0
0
0
1
0
0
0
1
6
0
0
0
0
0
0
0
26
4
0
8
3
9
0
0
0
0
0
2
0
0
1
1
1
1
5
6
0
1
1
1
0
0
0
0
3
2
2
0
0
0
0
0
0
1
0
0
1
2
0
1
0
1
0
0
0
6
0
0
0
0
0
0
1
2
1
0
1
0
0
0
0
0
0
1
1
1
0
0
1
1
0
0
0
0
0
0
0
0
0
0
0
4
0
7
0
0
0
0
0
0
0
0
0
0
0
0
9
9
8
6
8
1
28
1
1
4
3
3
1
33
2
0
0
10
0
1
1
2
1
0
0
1
1
5
0
0
0
0
0
0
0
0
0
0
0
0
0
0
0
0
0
0
0
0
0
10
0
0
2034
2916
607
684
2662
478
722
1205
5957
4093
5730
7527
6967
1450
6743
4338
3405
7051
7585
7546
6335
5222
3656
3763
4349
6828
5175
7113
5973
5181
2989
6820
1124
5191
2661
2443
3668
4581
117
3106
4710
5363
4294
6760
2677
7607
4194
1538
4685
1362
3079
777
1588
6074
204
2831
7420
3577
2369
4354
6195
4218
258
3171
4007
1148
6982
7380
7063
3687
6009
3343
74
1009
4475
2601
2835
7940
4867
4139
4310
4794
631
4446
2958
5816
2513
594
897
6988
3464
3747
3085
3629
6233
478
4947
5156
5717
5679
324
7706
2643
2859
3509
5494
7420
1672
6263
2889
3304
4873
1218
4448
2631
7915
2520
3044
4348
4976
2501
256
5317
6689
3732
3677
2308
3797
7281
6716
5976
6021
270
2914
299
1451
755
2784
34
5715
4065
2851
6195
2855
7530
6141
6976
3432
4589
7398
4562
1932
7173
7942
5714
5857
5551
4343
6201
6058
3930
6459
1960
7290
3177
1848
1628
5815
834
3684
5163
4099
3287
1607
2941
4297
2019
3823
1621
3435
6330
484
4849
7966
5772
1320
4925
4597
1890
978
7396
3773
6163
1708
311
4425
1136
328
5603
3302
3470
7237
3405
6760
6732
2027
2844
2869
6753
214
3694
6147
7749
7012
5531
1030
5805
7070
6510
2960
3360
1333
743
7389
371
5337
6758
2980
1293
3896
1656
5315
5754
7051
146
4342
7854
5998
7673
3953
6967
4732
3006
2365
4812
4975
542
4291
361
411
1415
3585
3849
777
542
2830
1902
3020
3669
7207
7810
1365
8026
5047
682
2860
1057
1150
6456
913
5153
841
1333
8138
1759
1733
4856
2501
1309
83
4630
2507
6730
7852
2777
7172
6116
1424
5522
3353
632
1353
4349
879
7478
196
1321
4752
3454
3999
3711
1391
3732
2166
1594
2346
7479
3774
504
6015
400
1274
3583
2964
7149
5236
5945
395
7732
2708
7274
7839
1339
5672
3190
7346
4983
2393
6357
740
837
3754
1979
3993
4493
1245
852
6709
1584
6245
3447
718
5778
2331
2307
4946
1328
2973
7893
4120
4140
2308
3324
27
5376
4534
2233
7307
1707
5096
1871
139
7942
6753
7201
1049
5520
5743
3308
6454
5687
1971
139
757
3610
6268
3203
7276
2058
1347
3416
8105
4667
5647
7210
5659
3023
776
4360
6462
987
1127
773
6740
2736
6141
4679
4861
7893
1312
4270
7954
4934
1864
6989
3472
8084
793
3566
2517
4221
5943
3067
4708
2418
1082
6340
4875
5286
7499
5745
3256
4010
2299
7861
3047
3536
2520
3504
3044
4785
3381
7645
6377
6330
2856
699
3925
2310
5505
7728
3817
4180
5895
7869
4112
916
4852
7308
4221
7840
2505
1713
2854
3004
7940
4763
4758
675
6612
5361
1051
2887
7187
5208
6202
1941
4053
420
220
8115
6269
7043
2874
2455
1149
2403
6607
2150
4502
1197
4681
646
6077
7505
304
6036
858
1774
3100
1506
7739
7064
5224
4837
3916
1163
1223
860
794
6840
6576
3000
3151
4328
7410
7873
3340
6837
236
6118
1011
2300
2574
709
5351
3252
4700
3230
4142
7230
1209
897
258
3676
3346
6199
1976
962
3836
3603
3738
3518
7848
1433
712
5979
4046
8162
60
3990
4681
953
1418
580
2478
355
5482
5553
5332
3413
434
3249
4034
389
3220
1892
1564
1103
5703
4728
3399
299
762
7249
371
5330
5372
6179
1272
6903
5192
6169
610
781
546
6189
8080
5282
79
5226
7675
2922
3415
4343
4747
3482
6556
1048
3690
1103
5060
8126
689
1474
6930
5597
4960
1016
2924
6403
2734
3197
3244
2207
7605
7412
6855
987
8077
514
4236
2954
6082
5174
6784
157
5688
7861
5351
7711
1248
2343
2540
5428
537
8162
1960
3817
7637
2438
2249
5238
7443
3810
2189
4751
2607
267
3040
8111
3858
87
361
4793
5214
7253
3927
4056
508
3702
4294
5319
369
1115
2024
4202
580
1418
701
293
7370
5796
1314
1289
3642
4524
7691
7122
628
311
2391
6438
478
1090
716
6383
4957
6308
2608
3821
3236
6070
924
7113
3168
651
1200
5077
8167
4024
274
312
2701
7457
5411
3132
4050
4050
4413
474
4983
345
77
5596
4170
8016
6759
3168
4498
7002
3576
8060
4679
1361
5224
5777
5521
6176
6222
1055
4718
1777
7616
3622
1202
196
1832
8098
1597
6614
4169
5307
1197
4417
4159
6356
4876
7373
2975
7269
737
2284
6135
1948
6730
618
3240
1621
6361
2539
34
4387
4361
1736
3836
7168
7392
7772
5505
7611
6351
1838
2514
381
345
7352
1548
5277
8138
3733
1559
200
1796
6189
4791
6403
4342
458
2612
1808
4117
3858
1465
3352
3468
7213
3133
1197
7412
6933
2874
701
2921
50
381
6086
5910
2876
4384
3352
6334
1055
4874
1784
3358
5444
7217
2584
4074
6082
4545
4596
6237
4857
4297
1925
484
4943
6676
5307
824
1063
381
7352
816
3306
8149
668
2769
2073
2762
225
5732
5555
5071
4876
1177
1588
507
1235
7748
1320
1842
3751
5198
6994
1467
1281
1391
6585
4983
5346
3879
3119
1418
4220
6806
1805
2101
6080
4576
5745
4145
343
3407
481
6835
5267
7094
4842
560
2525
5093
3677
6993
7398
6210
6781
3778
6810
7956
1644
147
2818
7370
3886
3291
6691
5336
5949
338
6603
7728
6723
2382
1349
3623
6141
7389
3685
6452
5835
4022
5537
5536
5226
2817
3857
7094
3671
947
915
4934
7872
3001
7412
984
4695
261
5999
1672
1593
7615
8138
3217
1518
2124
3980
4164
1039
5390
1857
6109
3666
915
1769
1593
3636
172
2654
4570
2051
2954
382
6540
3188
1698
4578
4847
1140
4385
3510
7424
8174
5647
5428
1686
4150
4849
3824
6252
4594
197
4842
471
2005
6353
7573
8157
1732
7857
5111
2967
921
1279
1871
1042
811
7483
7173
1147
683
5911
1333
3363
2713
7002
174
7957
7214
7799
3416
4377
2777
2639
3771
4092
2586
3272
1532
2938
396
3121
3988
3439
5653
5874
7595
1213
2406
5334
1759
1838
3847
6656
5163
1281
1588
4729
5654
1717
5308
2336
