0
0
0
10
0
0
0
1
10
0
0
1
0
0
0
0
0
1
0
1
0
14
0
7
0
0
0
3
0
0
1
1
0
0
0
0
0
0
0
0
0
0
0
0
0
0
0
0
0
0
0
0
0
1
3
0
0
0
0
0
0
1
0
0
2
0
0
0
0
2
0
1
0
0
1
0
0
0
0
0
2
0
0
0
0
0
0
0
0
0
0
0
0
0
0
0
6
0
0
0
0
0
0
0
20
2
0
5
5
6
0
0
0
0
0
2
1
0
1
7
1
0
2
1
0
2
0
0
2
2
0
0
1
1
4
0
3
0
0
0
0
0
0
0
0
1
1
0
1
1
0
1
0
0
1
1
0
0
0
0
0
0
0
0
0
0
0
0
1
0
0
0
1
0
0
0
0
0
0
0
2
0
0
0
0
0
0
0
0
7
0
9
0
0
1
0
0
0
0
0
0
0
0
0
9
9
9
7
6
1
24
1
3
7
2
1
1
26
2
1
0
11
0
1
0
4
0
0
0
1
0
1
0
0
0
0
0
0
0
0
0
0
0
0
0
0
0
0
0
0
0
0
0
10
0
0
6677
4475
6677
2760
3900
2276
7178
3004
7901
4718
3785
8121
1514
6005
5427
1787
897
897
2446
5701
4069
2958
7884
5791
825
284
7986
3260
2831
1224
96
6677
5798
372
5129
3389
4937
3790
5591
5798
7246
450
5743
2361
4038
7901
4092
6215
3220
3480
5623
3253
4718
414
6203
6259
5746
6449
5279
2533
4867
921
6791
5798
2182
4628
4143
1565
2066
2329
1266
7901
6135
1852
2676
3389
7901
4399
6245
1060
2999
6761
5743
562
5715
4670
4794
1185
3223
7072
3747
8025
7796
3876
5248
3389
7680
2277
5092
2286
5107
3188
5343
1155
4053
4139
4475
3959
7408
7484
2229
5254
7445
6082
1593
1425
7673
421
7236
96
3682
3851
1787
6587
6245
437
7143
7901
7887
5128
7732
7209
1839
1035
411
7901
5536
8167
5874
1550
6447
46
6698
1075
1948
5850
7013
3004
7941
7570
7901
5220
3835
5172
7665
1948
3454
7673
392
744
212
4457
2929
2057
6590
6937
2831
7229
7901
418
1281
5120
164
563
1543
4201
224
1725
1333
5209
5288
4569
374
1944
1279
5326
7468
45
4618
202
897
5540
3947
3851
7722
4771
5914
7665
5520
7871
5756
3068
1364
3870
5855
4814
3534
5855
1159
3772
7193
1141
2722
542
2561
2796
4472
414
14
3494
7673
3661
3494
2325
5477
1774
2066
2932
896
4712
414
4333
3611
7282
1055
1077
2571
3306
6153
6205
7557
2095
483
6319
4960
2264
6293
367
3610
1948
3225
5701
897
5746
4475
595
2136
5220
7892
896
6454
8091
4233
6545
6525
4549
720
1005
2469
6734
3103
4218
4226
4541
1246
6074
3439
3506
5315
7690
1551
5013
3188
4628
1238
1787
202
5165
2777
5405
6889
393
215
96
568
7281
1342
2962
6804
5671
1717
5757
5983
1964
7366
1487
7836
5523
879
5330
242
2079
7690
8122
1414
4202
7901
5643
3477
2736
4339
6202
2843
4788
8143
2080
5662
6021
5370
7135
6241
7206
7113
6074
4079
6353
7681
4360
5327
4860
3362
7147
6855
6507
4184
3912
3012
5928
1863
5661
414
3389
4457
4533
6395
4475
4644
392
5027
2522
4241
4347
6133
7630
7283
7938
6458
2150
6217
6867
7530
5262
7291
4724
696
3247
3604
5386
4295
7674
3291
3148
7582
2059
2762
4202
7901
4812
4053
6568
5306
7315
5825
5059
6205
2726
5696
7111
902
7135
5375
8010
5825
6504
2536
5401
150
3374
1968
7172
3738
3806
7294
1045
2257
6346
1021
4412
1522
2346
5099
4234
3824
7284
3779
8003
4625
1653
1230
2932
2607
7740
1768
6216
2207
4978
7828
2466
6523
4411
6570
6046
3764
4645
3741
1244
4120
2529
8135
7722
7781
358
4395
5204
6889
1692
3070
2072
5492
2374
7911
5210
3210
6199
3716
3530
7747
652
699
3211
1370
8165
7949
1489
6219
2319
5507
2772
2192
2958
2283
2166
959
4533
5321
7536
6229
732
66
6742
2538
1462
3055
3870
524
6134
5063
5175
746
7611
7612
7791
7794
3009
2819
690
58
5828
2684
4718
3225
5643
7923
3055
3995
1356
5094
50
3782
5581
4883
3815
8131
4336
3229
1520
1554
7675
5072
820
2327
3517
4974
5697
3856
2488
262
6862
7340
620
5338
3225
3599
7820
3886
1830
7418
7806
6828
4960
637
4990
2286
719
5841
7266
5797
3407
1554
5997
5138
450
6829
4370
3874
3757
3362
1203
710
4208
2317
8049
7411
4876
4011
6371
2645
7398
3358
4007
600
1324
364
6169
4597
4138
5885
6675
58
7362
133
2415
2777
2684
2656
696
5562
1214
312
2275
6261
1323
578
5204
2493
1948
2650
1094
4758
1522
5248
1160
951
6457
1829
2456
4615
2004
7490
3267
3210
1078
3330
3579
8070
5621
1965
761
3314
5059
5318
6043
5389
3233
2876
7065
6754
5275
6089
1588
665
3554
3571
4011
3588
6034
3104
2681
6419
6063
7002
2705
1548
7897
5210
65
6867
7291
7266
4003
3436
4901
7837
659
6003
610
6101
5931
472
7806
2533
170
6820
7757
931
6761
2398
4352
1636
6890
4516
5681
4988
7775
5770
5169
2048
7065
2250
6101
5253
2043
5787
2078
965
6328
1687
3231
5697
5477
7570
3600
729
3477
5242
7617
1309
1024
919
4248
3065
7007
8139
2005
298
7436
5126
5697
2769
2722
5164
5017
7653
6751
771
5621
7538
7284
5644
5828
3495
3402
5173
6552
1944
1550
5906
2884
1057
2152
1842
3457
5829
6367
3534
678
5950
6672
4683
2816
4691
6022
1418
1203
5262
4983
6866
4548
2300
4387
6494
429
434
3572
4880
6722
5220
4242
3405
4990
569
7494
6437
4194
1535
3161
6190
4041
7690
3795
2280
3298
5196
2789
6496
6627
3424
3280
7381
152
8125
179
5389
6844
8011
5877
2175
2405
698
2441
5430
2238
6756
2425
2152
6438
3847
5608
4622
2921
2159
362
775
1639
4131
240
594
3251
6538
3836
4805
443
7605
3101
7264
6514
96
3835
4053
1523
1595
7781
820
4472
684
7682
8116
915
5012
2238
5921
6759
2095
1829
7007
1418
7462
3912
4966
1507
6511
7359
6101
984
4983
3631
2411
5458
1748
7806
6799
5102
6921
7673
4876
4353
30
332
5365
7918
6164
698
4594
6135
5094
1307
7212
6753
6738
4171
1109
3757
3419
3456
1551
2130
4239
7910
5997
6271
4383
7956
2419
6449
7451
411
3184
1937
4441
932
2948
5650
1776
4152
2918
2768
5556
3790
2558
8143
6393
6271
5112
5158
4776
114
1769
2361
5272
8143
250
1090
6202
3576
4120
6635
4139
6553
5319
7135
6925
7299
6997
5831
7118
205
6077
5128
7596
6565
6064
7061
7229
1155
876
4175
2662
7670
2737
7022
7570
8030
3253
3892
6038
3477
5288
5661
4164
2541
1173
2975
508
7699
2118
2756
760
4017
6820
4049
5169
15
4610
1809
5147
1424
695
2574
3729
2405
1155
4641
5982
5477
2631
8025
897
5661
6135
6796
2831
3959
2374
7640
2229
1635
3492
5829
4472
727
2265
8100
3261
7872
7117
7916
4651
4532
5013
4644
3207
209
5173
1550
3483
2856
4020
414
3123
5594
5661
249
390
4207
