0
0
0
8
0
0
0
2
10
0
0
0
1
2
0
0
0
1
0
0
0
13
0
4
0
0
0
2
0
0
1
0
0
0
0
0
0
0
0
0
0
0
0
0
0
0
0
0
0
0
0
0
0
1
1
3
0
0
0
0
0
0
0
0
0
1
0
0
0
0
1
1
0
0
0
0
0
0
0
0
0
0
0
0
0
0
0
0
0
0
0
0
0
0
0
0
5
0
0
0
0
0
0
0
25
0
0
11
4
5
0
0
0
0
0
2
0
0
2
6
2
2
3
2
0
0
1
0
0
0
0
0
0
0
0
0
0
0
1
0
0
0
0
0
0
0
0
0
1
2
0
2
0
0
0
0
0
0
0
1
0
0
3
0
0
0
0
1
0
0
0
0
1
0
0
0
0
0
0
0
0
0
0
0
0
0
0
0
0
4
0
8
0
0
0
0
0
0
0
0
0
0
0
0
13
4
6
8
3
0
28
0
0
3
4
2
0
36
0
1
0
10
1
0
0
2
0
0
0
1
1
2
0
0
0
0
0
0
0
0
0
0
0
0
0
0
0
0
0
0
0
0
0
10
0
0
1024
7153
1769
2411
5921
5057
4984
7319
7844
2166
729
5272
2712
14
3389
1786
2686
4846
5514
6355
4329
4142
5273
5710
6593
4211
566
8135
5777
3599
6799
5801
7852
6058
4112
1023
4568
7415
959
1794
2558
8075
47
1295
2690
4251
4698
1024
4685
7915
4150
2597
1050
5412
6746
1409
6003
6759
966
2418
7209
4570
6249
6958
5751
2830
2558
4618
2661
916
288
1595
7454
1445
3488
8010
7283
7215
4923
212
8160
6203
7592
4798
4018
1075
4412
7028
1688
7682
3571
4457
7911
6116
6369
3367
2354
4716
8011
7910
6321
1035
3127
1698
2777
2735
7574
7765
7274
3101
8172
7200
6484
5276
3773
186
2411
3455
2851
3777
6587
3469
7931
5351
7034
2929
3271
2217
5537
5115
4492
5288
5756
26
5279
5418
6441
4478
2613
3688
1229
826
3327
5947
8102
6217
2699
3585
5664
3551
8167
2464
3682
6227
1962
7301
6041
5470
1623
5020
6117
5805
4340
6789
7980
6354
4858
6735
1023
3762
3895
3407
6982
6443
691
7030
5885
648
7102
4112
960
2483
6307
210
832
2031
5385
3358
6820
219
3741
5172
6361
243
83
5801
6791
4546
2166
4224
4862
6604
3259
7466
7427
1418
2757
4305
4064
5170
6515
1887
3105
5886
4329
4689
1179
4639
1896
4812
5166
7178
437
3572
2104
7012
2520
3600
5115
8048
3835
6172
112
4490
6865
2150
3658
6322
8052
7983
5942
5947
3133
2158
5313
7952
2806
1709
3150
3658
2410
7788
6997
3515
8023
4546
3457
3259
1653
3161
5166
4853
672
50
2561
1605
218
6369
5820
7169
7855
7840
2527
7203
6665
3273
3990
6511
454
3752
8119
1115
143
4329
5472
3710
4792
2635
4596
2283
7527
3153
393
5412
2910
2757
7169
1705
2414
6005
3144
5825
8002
2330
2546
2462
3061
4078
5105
775
419
5565
1336
2607
717
2916
4140
3666
1009
3609
3585
1765
4350
7492
472
2364
1554
2637
5577
4418
2167
2653
7199
3385
6540
5492
5451
6312
5159
3371
3990
6476
670
6418
7815
2517
2205
2631
7591
5882
6663
7188
5229
756
3039
4960
3764
4936
794
4864
3236
3055
7262
2117
665
1940
7893
7507
3245
5628
6291
7172
6551
806
7137
6696
5379
2625
3662
174
5175
8135
1395
2408
1041
4490
336
7935
1968
6603
2153
3101
3231
206
738
4124
6110
3609
7852
683
8094
156
7788
1923
5770
5053
3243
1633
7850
5346
6453
2214
4521
34
3298
1269
3135
5068
6319
6087
4145
5983
691
5311
240
2352
957
6313
3666
4778
5975
335
3598
1272
5587
8039
2795
650
1396
3566
4344
1260
6303
4812
4056
4858
7587
8067
3471
4541
7499
3410
6078
1847
5510
8112
6261
4781
4347
8133
4084
4457
3964
2432
4583
4581
3715
4441
5551
3896
5402
5119
244
7601
2356
5402
978
4229
4266
2286
7649
5582
4124
569
1571
7164
4410
6359
218
808
633
3637
6756
1784
1582
1350
1990
4703
5810
6012
1353
5238
2414
1556
528
4752
7162
4217
5077
6005
7670
2541
787
1245
2817
1009
2747
7231
6919
1390
6367
905
4169
6372
5914
6263
2251
16
3120
4643
6372
4418
6151
8119
2769
2786
4032
4789
1035
920
2327
3504
5890
3599
418
6914
3922
6003
944
4128
6434
6231
5855
6622
1692
4754
492
7209
715
3790
7371
5006
5339
4869
3734
3761
3151
7935
5763
1130
7051
1600
2229
6203
1040
6122
2410
3682
1272
5277
2280
3554
5177
7308
305
6426
8087
463
7738
2597
6372
1020
2327
7757
2092
6615
60
1145
3763
1586
2819
3159
3773
5339
8064
2717
5813
7151
508
533
2215
7948
7966
5622
843
5144
1735
4127
2126
2126
5788
1299
7436
931
177
5059
7324
5681
7775
7241
2095
594
1832
932
6123
170
4723
5475
1989
4232
5682
1057
3481
1039
1838
7686
1599
3460
5852
3309
5757
5788
50
2816
6622
2714
165
7077
6108
1005
5170
5325
4325
1147
4960
3835
4950
5542
6810
5514
4881
1600
4207
2686
7415
2684
7210
124
5232
6246
1426
2020
1968
2886
38
267
6665
4130
1500
2620
5235
7708
2275
6665
3736
7489
7623
6141
1200
744
6777
1631
4820
3544
1748
1155
4609
5736
1497
2372
5681
4721
3061
4781
7478
4220
2352
1495
5341
3514
2123
5376
3649
6256
4983
5855
6671
7690
3178
2737
3044
1453
4689
1765
6895
8128
568
744
3682
6332
2648
7053
2235
806
5147
3879
6022
5367
7702
4362
4875
2069
2005
2418
7539
5205
1063
1321
734
5885
6525
5467
1635
2538
5308
4880
6593
5198
1748
3835
3322
2741
7798
388
7865
3568
1730
8162
4051
1407
4019
7287
2924
5995
3664
4615
2633
4123
6966
4032
8008
7375
5926
344
6571
7336
3645
1181
1082
2252
5288
6818
729
2421
7689
3134
4169
5770
1591
1144
5346
2408
1762
1923
6319
4033
4186
4785
6475
3688
3788
5770
2231
3833
6523
7888
7135
4546
4345
2374
1857
4175
3378
4448
7028
6380
4519
4368
1235
4610
532
4108
7619
5671
1019
5587
6871
6555
4421
7243
3687
4574
2809
6687
5827
1063
7545
2663
5172
4618
2766
1287
4849
704
2410
4361
1550
4007
361
250
7366
2834
4905
3392
2188
2371
966
1150
2930
2924
1081
8085
3609
7587
6273
7676
4637
5477
3572
3682
35
5839
7978
6330
7243
6980
250
7235
7745
1917
1312
649
5754
3101
4556
5943
7805
6041
7545
1581
819
2104
272
740
2688
1090
1589
249
916
3969
2408
1415
2741
7852
3847
6820
4377
1600
4474
491
3481
6441
4492
390
2016
297
1247
3041
3304
1576
5874
4067
3506
2817
5322
3416
3876
7210
5730
4689
2500
3084
2150
6926
7188
7256
758
5537
1287
5332
1124
7279
6358
2410
6222
3835
5928
4294
1312
4112
504
5077
418
4004
501
1163
3851
1926
204
3347
7389
8187
4229
7039
5149
3835
4329
7571
3252
1075
3161
1042
7094
4493
7153
5226
3470
2960
3413
4155
3695
7788
26
729
6227
6188
7575
3196
2661
4365
7333
4792
2558
1312
7034
2104
332
6656
6781
5521
8021
7070
7464
5914
