0
0
0
9
0
4
0
3
9
1
0
0
1
1
0
0
1
2
0
0
0
14
0
5
0
0
1
3
0
0
0
1
0
0
0
0
0
0
0
0
0
0
0
0
0
0
0
0
0
0
0
0
0
0
0
3
0
1
0
0
0
1
0
0
1
1
1
0
0
0
0
0
0
0
0
0
1
0
1
0
0
0
0
0
0
0
0
0
0
0
0
0
0
0
0
0
8
0
1
0
0
0
0
0
23
1
0
6
5
6
0
0
0
0
0
0
2
0
2
5
3
2
6
2
0
0
0
0
0
0
1
0
1
0
2
2
0
0
0
0
0
0
0
0
0
1
0
0
0
0
0
1
0
1
0
0
2
0
0
0
0
0
0
1
0
0
0
0
1
0
0
0
0
0
0
0
0
0
0
0
0
0
0
0
0
0
0
0
0
2
0
8
0
0
0
0
0
0
0
0
0
0
0
0
13
4
6
0
1
1
28
1
2
2
1
0
1
31
1
1
0
10
0
1
0
1
0
0
0
1
0
1
0
0
0
0
0
0
0
0
0
0
0
0
0
0
1
0
0
0
0
0
0
10
0
0
5225
4753
3001
4867
6495
4292
7692
5964
2118
3123
2634
3673
4331
3082
8078
1896
5807
894
5165
7053
2119
5535
522
1006
5440
368
2309
6498
3667
1281
2657
5779
3427
8133
7117
3086
7141
2851
1713
5882
4294
2826
8105
5475
6266
967
613
3977
1062
736
3352
7452
7530
5066
4313
3393
3499
5952
559
4979
7381
2581
6687
7037
4484
3207
3260
3691
1805
1311
5561
7940
6480
3184
397
6487
8076
6638
913
6060
7725
7159
2601
7475
4701
5874
6677
3947
1973
7673
2988
5130
8162
4727
4570
4507
3634
4498
618
1776
1224
7868
4443
2753
1662
1288
5945
1209
4011
6791
3790
7347
1935
1900
2444
6224
7418
4415
1584
3348
4082
4479
3627
3085
2922
5654
5376
7194
4710
2808
4453
3477
3240
14
278
4858
6548
7868
466
348
7820
5945
5116
738
5736
4381
4779
6928
6063
3117
653
1733
7188
8135
7090
3631
1177
3475
7135
6745
2898
7725
1447
7034
1976
1238
1838
2972
7665
6195
8103
6405
7271
6583
176
1932
1481
2427
6555
7181
2301
513
7480
2817
7304
6321
2546
1177
2552
4950
4992
3701
6004
1287
3487
541
3515
6829
304
3896
4296
2313
1584
7852
4792
6760
585
4960
7478
2733
520
3062
2910
4506
6777
3378
2346
4926
5248
3445
1344
6588
6804
811
4397
4858
6075
8044
7894
6820
8040
4349
7700
1531
2830
2597
7319
2198
4999
4006
512
724
7113
7102
4425
2805
2136
4267
3899
1273
1453
1631
1055
8000
3225
4295
2491
3288
211
6619
6386
5906
7155
7319
2259
6415
3348
5709
6060
824
270
1359
539
1587
1961
2757
7106
5066
6574
775
7446
2165
3416
1362
1200
1140
3788
4934
4492
686
4290
5899
1675
4424
4229
2284
1364
2461
6154
101
6060
1887
1123
1530
7282
2150
715
996
2522
6168
2492
7287
4898
5976
5035
7989
4342
3585
7038
122
7592
7426
3329
2467
7094
298
5722
3245
4353
1509
1406
7424
7502
3603
2700
8144
4103
1361
3056
3224
7357
1614
5926
4024
786
7778
7181
6076
7940
6737
5690
6689
954
7196
6955
1354
3020
560
1012
6522
5666
5077
2290
7158
8008
6719
5431
5369
7591
8105
7663
6498
3913
4724
1810
7188
1564
1651
846
2590
2184
5738
4896
7416
5128
5650
1787
5279
825
7063
6826
6548
4878
5220
1792
5475
8099
7660
8001
1500
5265
1768
4270
1832
5331
387
6237
1210
4026
5943
4751
610
4262
5063
4140
4342
2732
3778
1064
4984
3389
1238
6635
7673
8025
216
3892
111
1968
5943
112
6088
3732
1307
3748
768
1212
2414
6985
776
5337
2230
3472
2834
7276
5167
7964
4108
1204
6980
6951
5888
6228
868
6945
450
402
3654
5829
7784
2893
5876
3000
8139
3320
5248
5082
5812
6536
3101
4797
387
3828
5074
3752
7325
4145
1483
3037
4851
6588
1929
1864
7573
788
5079
7357
7176
3892
5070
1534
1481
3190
6172
5399
7757
7527
1884
7121
4758
354
292
5513
7537
5131
2209
7531
5353
3880
8025
2513
3205
2485
2903
133
7976
559
8025
5031
4615
7844
3492
4601
7462
4855
2508
5827
7489
1468
1478
4441
1436
7994
1572
893
6274
42
7993
8095
1077
678
7046
1818
338
6248
6301
5874
6945
4888
450
7053
6626
1970
7618
1171
1555
3567
6814
3739
2486
8040
5933
1073
4331
3303
6434
3340
7530
3652
1006
594
7824
3382
4888
4256
7803
7194
478
4952
4146
5465
4885
1548
7739
4723
3118
3891
4123
7604
762
4923
1683
239
7887
5445
6488
2768
7107
2517
5852
2155
5976
2093
2536
2224
540
3930
2662
1112
3352
3010
2605
4366
4516
492
217
8006
728
4777
502
5230
603
6219
1202
5177
4103
5868
7359
1495
7865
4362
483
99
6136
359
5644
7276
2601
5660
133
4362
1026
7325
3132
4339
6249
3510
5215
7680
4824
5870
4737
137
5812
1758
1726
3568
2276
4623
1541
6274
4923
10
7426
5468
5515
6819
6426
7083
2465
4710
5246
7950
1157
7119
2597
156
4344
932
4878
5798
96
4698
7229
979
1729
5011
2412
6261
2752
177
6823
3367
2506
1629
8003
1503
7106
1169
4308
7650
5579
5530
4984
1588
733
487
8047
2973
4342
4878
7484
6514
4341
5748
916
2901
4880
6665
381
5052
6741
6353
2631
4305
2049
1930
5621
5943
3763
1940
3826
4303
1075
1381
7648
4507
848
6885
714
7484
4654
4789
4143
6417
5754
7515
7940
7118
7264
1698
7605
5170
6511
5493
6437
2067
710
802
8017
2093
4814
2363
1416
2080
3220
4115
6415
8010
48
7976
7203
7174
859
3562
1038
5874
6258
6384
7673
2284
348
3610
2376
5313
336
6985
2449
8087
4154
2315
7213
4999
6486
5745
6998
4644
5112
6095
5842
2118
6800
7063
2547
820
6556
3307
5026
3383
4225
8188
4478
3200
4624
3288
1597
6422
2658
2090
4515
6695
7611
1810
882
868
5727
1858
2629
3223
1680
2327
2248
2676
4569
3927
1820
7210
4009
6914
7585
2127
343
6047
3620
5772
5704
7795
2762
4979
1171
6716
3251
1386
1960
4999
6956
1718
288
2066
5107
2777
6060
6443
3749
1075
4164
7210
4771
6243
7595
3407
7418
2089
5453
5111
261
1842
123
2553
6252
1955
3667
4338
4342
7111
118
3446
4722
5599
7379
6639
4293
897
6281
2030
3398
726
6615
6154
3968
290
8103
30
7675
298
4888
3175
1471
5433
2242
6073
2901
5520
1582
1465
2121
2836
7070
138
1425
1576
215
4819
3888
4664
4934
569
5222
3557
7246
6635
6595
423
6483
2672
7230
7692
1947
1049
3355
449
229
1010
6245
1591
1463
1462
3793
731
2902
8151
4089
1224
3625
2736
3134
7394
6291
3444
535
7810
1391
232
7479
6460
4384
1441
6660
5242
6940
5374
1188
3742
173
1246
434
4280
5458
6336
2414
7424
4391
1402
7252
764
7806
8153
7869
6563
5495
5807
167
1589
4594
6934
229
2376
1637
1259
3781
8176
672
951
8187
6189
3415
1531
2165
4907
1595
2816
2027
3098
8147
7462
1489
2647
510
7207
6580
1494
2999
7867
851
