0
0
0
10
8
0
0
2
6
1
0
0
2
2
0
0
2
4
0
2
0
10
0
5
0
0
1
2
0
0
0
3
0
0
0
0
0
0
0
0
0
0
0
0
0
0
0
0
0
0
0
0
0
1
0
0
0
1
0
0
0
2
0
0
0
1
0
0
0
0
0
0
0
0
0
0
1
0
0
0
0
0
0
0
0
0
0
0
0
0
0
0
0
0
0
0
6
0
0
0
0
0
0
0
24
3
0
4
5
7
0
0
0
0
0
2
1
0
0
5
2
0
4
0
0
0
0
0
0
0
2
1
4
2
1
0
0
0
0
0
0
0
0
0
1
2
0
0
0
0
0
0
0
0
0
0
1
0
0
1
1
0
1
0
0
0
0
0
0
0
0
0
1
0
0
1
0
0
0
1
1
1
0
0
0
0
0
0
0
5
0
8
0
0
0
0
0
0
0
0
0
0
0
0
8
10
7
1
2
3
19
0
4
3
2
2
2
23
0
0
0
10
0
0
0
2
0
0
0
1
0
4
0
0
0
0
0
0
0
0
0
0
0
0
0
0
0
0
0
0
0
0
0
10
0
0
6135
7180
3854
6384
6761
4867
6743
5767
4017
250
7092
2635
4155
5214
5292
5579
6777
6976
6481
4139
6826
783
4578
3485
845
437
5682
5579
6948
6165
2712
4120
348
7624
575
7596
2285
3184
6510
4341
7593
5604
2938
2892
7673
6262
297
2957
1435
7665
5229
5129
3004
2459
924
7205
7258
3454
5019
4492
6826
1698
7451
3153
5902
5803
7484
1319
4092
7722
1787
5161
4867
3240
2861
5129
2856
5735
2223
589
1976
7452
4356
8056
7031
441
1621
4500
8157
5874
14
6321
4216
202
7827
3909
5165
5509
2938
4290
1048
4698
8121
6588
3494
7673
2494
8122
6962
3133
4626
4402
612
6486
4500
6080
5872
2488
7433
2609
2288
128
6053
1030
4237
1284
4139
4089
7624
4912
6588
1698
5285
2958
4442
4399
3175
1200
764
7196
2755
1310
3987
190
1933
5847
1121
2539
3023
6398
4347
2158
4360
1109
391
6303
3656
4867
5428
6548
3227
5279
4453
7419
6796
6002
1621
5890
8187
2483
42
3019
839
953
5090
5745
368
462
8094
2167
1169
5198
4275
2571
646
1297
5633
2784
4233
1849
199
1621
6668
4335
6258
2788
3260
271
248
280
6735
2786
1412
762
3953
6118
5950
5882
5078
6758
6531
7176
7740
3870
4032
6428
839
57
4137
4291
4270
7011
907
7796
4475
6276
7941
1803
5517
6587
1478
7149
1323
2590
5638
7653
3868
3117
6515
2189
194
406
4344
4033
7056
4221
818
4772
429
543
5052
2792
6275
2811
592
2896
1029
6937
1866
2933
4294
4312
6062
4078
4108
1310
7215
4026
7653
3827
5243
7817
5149
2949
2103
7285
5401
5550
6300
7412
2288
4832
1029
5650
2736
4255
1362
3656
4055
5279
4789
2634
1029
5999
5360
1968
193
4960
2609
3217
1629
7552
854
2038
203
8178
5849
2964
3970
2352
5745
6118
4485
7956
3888
2889
5511
2657
2548
3205
2202
5181
2410
1105
5831
3724
8185
7849
2183
3828
7772
1370
2148
282
4402
8115
7181
3881
5362
6780
3757
6794
2859
5172
214
2112
6481
2896
2896
5540
5181
686
4092
6144
7679
7484
3225
4649
4169
6665
518
1537
3472
5852
5550
1860
474
4629
5490
6021
2561
6695
1135
2094
6278
2987
7901
819
6186
4914
6565
2988
2184
6259
243
7079
272
4120
5736
4340
3240
348
3458
5331
4108
955
5895
6585
5389
7032
7161
734
7778
5852
2973
2817
1539
6048
4578
5682
5413
5552
1424
7484
565
501
4796
7868
7092
4303
4365
7451
5214
7753
5571
6970
4341
3115
7617
819
6842
3306
2288
1887
5201
6479
1139
1301
5540
2346
4755
1238
7860
5300
1589
6541
5181
5181
2202
425
3260
1467
3575
5268
6510
3686
6926
2329
2494
4094
5695
3240
421
5611
4388
2805
2765
7710
1905
2009
2513
8
3477
5475
5520
5374
3000
3577
5605
334
4651
2119
1049
5332
4290
7484
6000
5385
2124
4701
5314
2405
3947
6761
4449
1296
2405
5210
6775
5202
1651
88
150
6409
3612
3071
5111
1732
587
7004
4194
202
2901
746
4796
444
6761
348
4568
7221
3690
273
2463
3102
450
2901
202
510
1774
87
524
7825
4782
2736
3755
4641
4333
4747
5982
7011
3047
7710
6677
985
897
3785
5993
4609
4670
214
845
2242
3661
450
7869
227
1787
5540
3783
731
4651
3477
7138
3047
7324
1588
4303
5733
142
1956
4666
425
908
6105
390
4950
3656
6481
758
7665
6954
182
6141
2145
3071
1488
5354
5999
5993
5798
7146
6969
53
3772
382
4840
4201
3631
858
4986
5672
5185
4672
6444
4449
6437
4361
5185
825
2507
1155
4867
2901
1003
6123
5005
45
6344
4670
4914
4498
5748
1917
686
5898
213
2139
7234
5347
819
663
5520
3414
4441
1331
46
4178
2351
1581
7922
7011
7861
116
5746
1546
4441
5608
487
2115
6258
2329
5860
5264
2487
3617
756
1733
3577
3959
5833
5350
5924
8151
3673
4641
4426
1285
5112
5315
1181
4628
2653
4670
3326
5596
4718
1193
1654
3389
2080
5621
2851
4265
6588
5540
4702
2266
7110
2650
2023
3004
4233
6535
5394
4521
7179
5439
4651
7829
6635
6875
6031
2640
4215
3260
6258
1442
7723
7596
8121
1579
6587
3526
4477
2257
466
5268
649
631
5997
6831
7297
4000
1803
2441
4022
2471
1878
1333
3056
7012
2732
3492
421
7434
3267
2896
4089
2835
3785
2987
359
7452
6292
2029
568
4512
7116
2894
5113
1488
2051
225
1037
4251
1313
1917
7827
1584
6193
1511
2374
5775
1621
6921
2464
7506
2903
7451
1678
2740
3541
7640
6937
8
2284
211
2533
3691
2868
4809
2405
5482
4207
3610
7629
4428
6538
4275
4007
2894
1989
6951
4742
4628
2547
3233
3674
5772
1767
4858
2049
7784
5275
5801
5999
1311
396
3512
3427
5743
3600
4017
3993
3326
4194
5377
995
2976
2285
2198
2892
7915
5397
5951
7582
6517
1511
3333
920
932
4734
1671
6253
3528
7940
7451
601
682
2309
4301
2657
1231
7527
2611
5730
4375
2232
2540
3220
3291
1103
4809
5482
1164
1671
24
3076
2983
4347
4934
2483
272
1890
250
1253
3253
560
2242
4431
7868
7986
7477
437
255
6276
1581
6124
7785
4525
7452
1969
525
3790
5997
7380
946
5222
7416
7286
271
4572
8085
374
827
5654
3686
2791
4618
1137
5118
422
1038
960
2308
2464
4708
39
1532
169
2426
6139
4496
7092
2800
4700
7962
355
244
4271
2788
4614
973
1281
3954
7585
5145
7078
4892
6247
6776
7798
4575
3223
787
5735
6450
2557
1659
6980
6202
1121
289
7235
672
7995
1452
7663
7034
7803
382
8176
5973
331
2178
214
4341
457
7012
5779
2855
7127
7203
6889
2672
4340
255
1664
7753
6015
2150
4256
4150
7928
7121
7371
1105
4765
7692
3364
1042
6317
3676
3685
5057
1680
7230
4429
3755
8092
5168
4293
3432
6945
740
5232
2418
4858
5168
4551
5501
4056
2406
4926
7575
6571
3621
6645
4546
4217
2152
3548
3267
6906
7587
4759
7692
6378
7923
5385
8002
5494
6976
6681
