0
0
0
9
0
2
0
2
7
1
0
0
0
0
0
0
0
1
0
0
0
11
0
1
0
0
1
2
0
0
0
0
0
0
0
0
0
0
0
0
0
0
0
0
0
0
0
0
0
0
0
0
0
0
0
3
0
0
0
0
0
0
0
0
0
0
0
0
0
0
1
1
0
0
0
0
0
1
0
1
0
0
0
0
0
0
0
0
0
1
0
0
0
0
0
0
6
0
0
0
0
0
0
0
24
1
0
7
6
7
0
0
0
0
0
2
1
0
3
2
1
3
6
0
0
3
0
0
0
0
0
2
0
1
4
0
0
0
0
0
0
0
0
0
0
0
1
0
1
1
1
0
0
0
1
0
1
0
1
0
1
0
0
0
0
0
0
0
0
1
0
0
1
0
1
1
0
0
0
0
1
0
0
0
0
0
0
0
0
4
0
7
0
0
0
0
0
0
0
0
0
0
0
0
10
7
9
5
4
2
25
3
0
3
4
0
1
27
2
0
0
12
0
0
0
2
0
0
0
1
1
0
0
0
0
0
0
0
0
0
0
0
0
0
0
0
0
0
0
0
0
0
0
10
0
0
1917
8046
5428
870
6937
2066
3577
4507
6135
1988
4120
6737
3106
3747
1932
2464
671
1029
7570
3541
3747
3947
1621
1988
4207
331
2166
5748
3740
1595
1155
332
5326
4233
2516
2419
5536
5403
5485
4274
2479
6675
3371
2133
6457
2538
5757
1144
1481
1924
4159
1177
1106
845
5896
7304
5643
6141
6483
2942
1309
1607
1067
1767
4835
7592
211
6004
4881
6548
5664
2393
6426
6159
1511
2583
314
5144
5745
780
7206
2058
936
834
7457
2232
7517
2199
7978
7121
158
30
5232
4618
6440
1090
7167
4134
2271
4017
845
5185
6322
5659
2658
2101
7375
2090
4697
5251
4024
8003
7206
2352
2834
3836
1005
7279
5279
4007
5536
3651
5035
6141
1360
4150
4979
8176
3669
3743
6000
7413
7551
5967
193
1537
6964
6486
4473
483
4145
7569
7730
1537
1684
4125
2352
3820
4318
3382
6498
45
7689
3530
484
1163
2803
5982
5579
1593
2699
331
5214
942
3973
4187
3987
6516
5943
4405
5241
2893
4305
7630
2093
724
5103
4740
7462
7017
563
315
7760
1721
2405
4249
243
1801
3631
1803
8092
7304
7391
5242
5066
6737
3190
3827
5771
834
754
1814
4948
1095
7407
6875
3442
5333
8003
4754
4953
2117
8168
6764
846
1935
2834
142
2513
5492
389
3541
5629
3661
3851
7781
2076
218
7730
752
983
691
8134
5702
6634
5560
7311
5709
4928
3836
2805
4124
7649
38
7311
5103
3645
2910
7206
1616
5736
1279
4478
2684
3274
5551
6722
3577
4697
3987
7760
4405
2875
6159
515
4420
4387
3440
6369
5644
8142
6459
6435
6394
1113
958
4003
2167
4449
4437
6964
7315
6171
2411
5292
6168
3773
1988
1160
1083
4848
3371
720
4305
4797
1299
1780
492
6291
753
3044
1785
2752
4111
5273
7457
2993
7530
6256
4292
1714
3680
4437
2206
5659
1275
2139
4472
3809
3911
914
5364
7730
734
3101
5044
4314
1372
2637
5434
1968
7914
7957
5653
7463
8094
1416
2107
2798
2798
3875
23
6602
7705
8163
2357
3252
1608
4600
1689
7304
4120
534
3066
5195
7815
1189
3050
4420
60
6822
1842
4581
7262
752
5339
5752
7738
1713
594
4421
1940
3440
5580
1909
1947
885
187
780
5492
2182
896
450
6980
5998
1821
4061
1656
4145
1715
6007
6210
5451
8067
5166
6889
1136
6802
3924
263
7915
896
5780
966
1548
2895
5694
1148
6443
8099
1115
3382
7753
4600
2916
4698
7236
1595
5471
5592
4810
4598
2280
6273
4325
6925
2884
5704
3960
3515
7520
2780
2358
3747
2935
454
4885
570
6671
7340
6145
4697
6555
1260
7514
7344
6358
5731
7670
993
7375
2058
4663
8066
7216
8174
6955
181
1785
3960
5309
1566
4615
7852
3676
2727
7753
6209
5337
7649
4145
5732
3870
1407
6689
7604
4814
3806
4708
5801
2441
6806
3371
824
1321
5203
7326
1810
7561
3953
7241
930
1639
6626
6618
4115
4268
3732
4858
3000
3334
7511
3493
2283
4842
197
4988
7446
809
832
2483
2854
7497
4006
7702
6515
5621
1212
3568
2155
6582
1056
4325
7244
857
1061
996
3847
7090
8040
5175
1641
3791
603
1314
651
7216
3554
4169
7206
459
4004
6535
2136
2515
3193
2561
3472
5362
573
846
5812
7388
4493
7002
710
4355
986
2772
1554
7262
7911
2693
4410
4280
518
2561
2628
1407
2523
1336
2637
2984
7582
2661
7976
4718
1980
371
7058
6966
2753
315
2029
1220
936
2653
471
3772
1928
6531
8085
333
4621
1189
1334
1365
8066
4751
1232
1354
1626
7938
930
7604
7070
3572
5385
4788
258
3338
103
1027
3597
6819
1342
4024
8010
1293
2004
2228
3674
4905
2505
1314
22
4405
2065
5570
6919
5717
7571
539
1322
6716
7760
2266
7049
4472
4190
5226
400
5251
7644
7543
5955
4996
710
2167
7914
6297
7617
2910
7630
2280
2259
6468
7707
3616
2462
487
1878
6875
1814
3061
4598
7697
3334
5526
2254
7408
7408
5850
2047
7784
6394
4437
1342
5047
5177
8163
3152
3699
1005
3101
7559
2805
3210
587
1334
5381
587
1705
1247
7590
2993
931
5653
4409
375
2728
7258
6060
1279
272
5542
3989
4159
6159
1924
7326
6435
6144
7296
3566
1735
3472
817
453
4272
6246
7014
901
3340
5766
4807
7362
3570
2925
930
1495
6066
4061
1048
704
6974
8039
5726
1021
2260
7498
4108
7702
4606
3611
5301
5524
7462
1321
2930
4269
594
4051
3914
3517
8168
2924
7282
3849
2232
2314
4848
6408
4498
3171
6969
271
389
3577
652
4365
7777
6186
1725
2101
993
5515
1202
6694
4305
2616
7537
8052
5718
7326
7176
6605
4405
5510
6687
5472
6947
2722
1933
6167
7218
6827
4038
896
5143
2632
5784
4646
1234
4876
1765
7297
3714
3351
3471
2393
784
633
1724
3233
299
1605
2834
3953
6627
7950
545
4515
6299
6600
2135
4708
5288
7022
899
6012
2553
672
1050
332
7527
5915
4340
7533
8075
6447
1223
4271
239
7485
2345
665
5573
2566
5732
2385
5472
4344
1176
941
3068
1029
2339
5537
4723
8103
7882
5220
615
657
7866
3903
3359
280
3783
1023
2760
4861
880
6687
4138
4311
7077
6903
5390
2726
566
3359
1115
1951
6007
8155
3911
2130
6645
6215
7110
5430
978
3363
4034
2024
2709
2178
590
1512
992
5730
4667
2196
1595
2140
7137
8008
6806
1191
2548
6919
7778
3987
2310
2834
744
210
7877
35
5385
765
6164
7304
4710
5066
4478
6170
2235
7304
8065
6202
6356
1011
4182
3650
8058
1595
3140
3489
7287
7616
1569
172
2293
5011
2904
811
4600
1105
28
4329
3145
5176
7827
5048
5285
255
1075
372
4900
14
1940
4949
7123
1595
3267
3631
3347
2260
6651
2830
3851
7905
2231
6332
4020
4739
7563
3432
5077
1997
1441
5024
7064
1962
8046
7953
6104
1621
1029
5107
3686
392
1230
34
3599
7106
5149
5288
5267
1600
3230
5308
6189
6645
7389
2737
4613
1896
619
2041
5430
6203
6508
4200
7192
835
3642
2411
6520
6361
1124
