0
0
0
9
1
0
0
1
9
1
0
0
0
0
0
0
3
7
0
0
0
10
0
3
0
0
0
0
0
0
2
2
0
0
0
0
0
0
0
0
0
0
0
0
0
0
0
0
0
0
0
0
0
1
4
1
0
0
0
0
0
0
0
0
1
0
1
0
0
1
0
2
0
0
0
0
0
0
0
1
0
0
0
0
0
0
0
0
0
0
0
0
1
0
0
0
9
0
0
0
0
0
0
0
20
2
0
5
5
7
0
0
0
0
0
1
1
0
1
4
0
1
1
3
0
1
1
0
0
1
1
4
0
0
0
0
0
0
0
0
0
0
0
0
0
0
1
0
1
1
0
0
0
1
0
0
1
0
1
1
1
0
0
0
1
0
0
0
2
0
0
0
0
0
0
0
0
2
0
0
1
0
0
0
0
0
0
0
0
2
0
6
0
0
2
0
0
0
0
0
0
0
0
0
10
7
6
2
3
2
22
0
2
1
2
3
0
23
1
1
0
11
1
0
0
2
0
0
0
1
0
3
0
0
0
0
0
0
0
0
0
0
0
0
0
0
0
0
0
0
0
0
0
10
0
0
1607
3389
4507
5623
3686
5495
5382
7078
5531
3051
4881
531
6411
7887
4881
217
6073
1071
3404
3850
7828
1770
2341
882
4817
7245
6275
6714
6348
727
4716
6667
7424
3414
5168
3533
1896
5829
2478
3870
2512
227
6321
6104
5312
6972
390
3577
5430
243
4413
3621
755
6472
6105
8186
3263
5099
1928
2766
34
5423
7437
1204
2513
4406
4741
3405
7243
7592
2560
7467
3762
5998
3402
4617
7220
1489
3509
7544
7389
2843
4038
1306
5852
6719
7616
3105
4031
4796
7910
7493
4482
5118
2894
393
4792
5701
7982
7739
7924
1057
4224
4880
167
5881
4327
4107
2440
443
7747
2319
1192
409
3330
667
6328
6163
5362
7220
6646
6319
1917
5608
2586
1824
6656
4774
591
4856
6001
5798
3077
7234
5534
5311
3881
833
1521
6453
6033
4161
7605
6404
3092
7289
5521
512
4220
3083
4220
3820
7637
1153
173
6835
4937
5470
1319
2271
6380
8166
7596
55
2465
5965
6742
1365
3036
570
76
1246
6359
1629
4626
2621
7655
805
7176
3367
7132
4230
2224
3101
7991
4012
4087
547
7751
3563
7180
7942
5682
6417
4007
3675
8115
57
5943
4576
4307
7960
51
3083
7537
1085
6428
696
2962
8066
6319
547
4087
4263
1946
2067
3035
7088
7649
2058
6086
2219
6089
8095
1581
5790
5077
3074
4512
7702
1303
854
4576
6240
8010
2910
2280
6623
6461
5570
734
4272
7854
2523
2789
5204
2126
60
3768
275
7649
4799
5262
3848
959
7907
1883
6252
7344
4943
8085
3385
1591
2205
7528
2486
424
1406
4997
817
2093
6525
3179
5368
6617
4807
5621
3626
7091
6351
958
4999
1504
4871
3945
2428
973
7876
6517
4329
3599
4220
1848
7730
7566
7216
5406
2010
2517
2858
3763
1935
6351
5014
7624
240
7478
1334
2514
5483
5684
3914
7107
6184
6837
2117
267
1261
1188
6671
7844
1544
7871
6270
2932
2323
1545
7244
4292
4483
99
1712
4314
678
8162
7026
1171
2393
7708
1998
7175
4631
2310
1251
6111
2609
240
738
311
6428
1081
528
5536
8030
2219
1387
5887
7068
2223
5238
6988
1556
4996
5884
1455
1457
2790
1299
8087
4556
6328
4942
7977
1676
4001
1410
5083
3757
5732
1299
1741
2871
2969
7462
5536
6310
5209
1668
5749
4816
4744
5799
7740
7002
2278
7200
8029
6342
5526
7876
4167
5014
7824
1314
8131
463
7339
3539
3064
8070
537
4184
788
311
6090
6436
4525
3504
2306
1512
2697
6476
2757
7438
7571
8013
1140
3904
275
7842
4184
3946
6643
7997
6767
689
5947
3424
1625
7955
242
7983
6655
6511
1521
2700
4549
936
6656
2830
659
7077
5718
5047
1085
2789
4601
7221
4751
7464
5709
6231
4394
2602
1288
484
6081
5044
2903
7014
3087
6783
4706
5381
4097
6351
5732
4500
3912
7035
7398
7068
5286
1685
487
1367
387
5270
7824
4124
5339
7537
179
1299
5604
2153
7075
6046
5526
6231
3761
6600
4490
4995
4607
1878
2920
2929
1455
6840
7450
1005
1581
2455
843
1203
7067
179
4633
6773
1261
6923
2826
4706
3689
6841
1196
5035
3215
3956
6841
4336
3206
7775
2616
60
6404
6274
3648
7175
1781
1233
6699
7472
5579
6819
6261
311
2297
1810
2517
730
6977
5681
7786
4347
1612
6800
1121
4833
7994
5649
1322
3206
7362
1314
7466
3507
609
1392
4176
4176
2609
1390
809
710
6053
6271
5406
5009
2102
4269
8112
1810
2616
1923
1935
2300
7275
4493
6237
5523
1008
5228
2265
1028
4147
1504
667
5885
4808
6381
8102
646
3028
2924
8066
3355
5077
6053
1834
4402
2205
1063
84
2805
1876
4870
1848
2530
4318
4039
4489
3786
1170
5853
320
6027
364
4179
7102
7322
8115
3957
7191
2506
6063
2607
2929
6172
411
783
2390
891
1995
2401
7537
5122
3765
949
7189
844
4631
6559
8174
371
8144
5730
1817
7009
3918
3945
2234
6773
3424
1641
1203
6319
7530
6172
331
2860
4635
4521
4041
6080
4807
315
4543
7747
1289
6342
3107
6278
4556
1342
3221
7897
7290
4800
5849
3064
5905
7955
6854
4724
2709
387
2733
3802
7172
5736
5998
4203
5730
7258
4136
794
2167
6848
7343
322
5564
6518
6837
5159
6391
659
4410
8174
2653
4764
5360
451
7876
2247
784
6171
5684
3050
5044
462
426
1926
3449
7941
2868
440
1718
5333
1766
7287
3608
4799
8175
638
3179
298
4799
445
5876
3676
4305
3031
5841
7562
2153
7305
4869
2117
6896
3666
3371
4751
6875
6332
2686
6482
7884
1231
4127
6585
443
6304
4174
4370
3500
4802
399
4490
6755
3994
6780
6019
3530
6428
8007
544
3918
1463
6695
6083
5122
7566
7241
2161
6558
3610
531
333
7811
238
1185
5703
453
5717
6511
5270
311
6078
1633
2875
3724
883
7599
8084
188
2230
6901
7599
2881
5684
4220
8010
7426
4807
8149
667
4253
48
5410
1643
960
619
4216
491
2792
7088
6919
2886
719
3956
239
3945
4706
275
7560
2924
849
2813
6153
6043
8152
6133
2881
7537
6319
4105
7107
1550
7160
369
3151
7201
3347
1699
1424
1105
5886
4442
2738
6683
5976
4895
5339
4078
4980
399
5544
5523
3582
884
6525
1730
2752
4405
6199
5732
622
8119
4594
7882
1709
1381
7649
7658
3284
109
1620
3544
1060
6587
3196
3048
3311
4488
5198
3786
2455
3334
6246
5401
697
1946
2900
3471
8170
5196
1141
6033
6461
372
170
2002
4504
1873
6610
142
2459
1029
2560
3225
2494
1579
6789
3682
3268
3264
1150
3493
4556
2233
7954
2607
1336
2439
4625
784
3036
5582
834
6773
2496
2249
1709
261
6619
2604
537
6895
8160
2934
2062
5801
6535
4401
1680
7679
7405
2364
1130
3136
756
7118
7070
5398
87
2379
486
4120
2934
2700
5872
5782
7583
2881
3117
3586
7971
888
1852
6227
238
6469
1043
2585
7491
2104
4880
2892
3642
2916
3480
7546
3893
7591
1415
1583
1769
1046
2968
2737
3934
3134
6009
3021
7306
3120
7806
3637
6330
3120
1944
744
