0
0
0
10
0
0
0
3
8
2
0
1
0
0
0
0
0
2
0
1
0
13
0
2
0
0
0
4
0
0
0
1
0
0
0
0
0
0
1
0
0
0
0
0
0
0
0
0
0
0
0
0
0
0
0
1
0
1
0
0
0
1
0
0
1
0
0
0
0
1
0
2
0
0
0
0
1
0
0
0
0
0
0
0
0
0
0
0
0
0
0
0
0
0
0
0
8
0
0
0
0
0
0
0
24
0
0
9
7
4
0
0
0
0
0
2
0
0
0
2
3
0
8
1
0
0
1
0
0
0
0
2
1
0
3
2
0
0
0
0
0
1
0
0
1
1
0
0
0
1
1
1
0
1
1
0
2
0
0
0
2
0
1
1
1
0
0
0
1
0
1
0
0
0
0
0
0
0
1
0
0
0
0
0
0
0
0
0
0
4
0
6
0
0
1
0
0
0
0
0
0
0
0
0
14
8
8
7
2
0
29
1
2
6
4
3
1
33
2
1
1
12
0
2
0
2
0
0
0
1
0
1
0
0
0
0
0
0
0
0
1
0
0
0
0
0
0
0
0
0
0
0
0
10
0
0
5514
6124
4437
897
7575
1733
4604
1856
960
960
6895
835
4609
6796
4670
6980
1488
5735
7138
1784
2648
3481
5577
1929
3454
960
7011
432
7670
4484
4089
7997
3077
169
5223
7746
7301
1204
98
4867
7673
4293
1224
8191
1852
591
4670
6058
568
133
5175
2693
129
396
5143
1057
8133
4937
683
1534
3959
5594
4079
4383
7592
722
7468
2448
4030
5549
7290
421
825
6245
3207
4055
7269
4689
6289
7613
20
4211
5891
1521
2023
7190
260
6996
6411
4453
7121
7784
2676
1011
7153
5364
6650
2986
4667
5165
7013
432
338
2272
7380
5998
3240
2732
7665
7440
6635
4618
1554
3245
6451
2865
4442
2676
5428
4920
4867
4809
1926
4015
6392
5922
3541
6824
2061
1746
8048
6295
5921
5629
2127
1023
1224
4785
1270
8025
7451
1038
764
3564
3563
7061
7717
7254
6953
8150
585
260
7665
2856
4280
4942
2280
6617
4448
4070
591
3386
6553
4914
4264
102
8187
1428
2502
5275
3998
7453
55
6581
3309
2317
6413
3784
6809
6957
4373
6200
764
172
7084
7346
3202
7176
7950
4294
4062
3901
7243
6002
1787
6258
3068
4820
2229
2810
525
592
1891
5976
5047
2462
2813
836
4754
127
6947
4529
6192
3967
7982
7011
423
1990
2977
7048
310
2146
5725
1271
5643
3106
2745
4914
2896
5071
7806
6554
6619
3220
2056
6865
387
5505
4328
5659
5251
2058
6435
263
7220
6410
1114
3660
3617
1318
248
5045
1929
6549
343
2987
3240
3416
5385
682
3123
764
5275
2441
672
4878
4947
6096
7510
4978
3836
6605
846
633
5419
179
6755
8120
1876
5903
140
4389
3051
7978
2120
8159
4758
4911
2773
4475
5214
1384
575
4644
7699
2002
197
1979
4244
2213
6361
4751
7738
5732
5515
3834
4963
5666
6801
241
5745
1121
1117
6263
7811
5942
8129
3096
909
3282
4229
591
4575
6649
1941
3240
3071
6233
2252
8190
5932
2180
1047
6020
1426
7649
4805
1226
2276
5240
1339
3739
1995
1806
1044
3927
5365
8119
6513
4322
1640
4876
3515
7798
4152
3004
525
2501
8157
2788
480
7654
2094
7983
1780
1363
8125
2724
6925
3824
4138
762
354
738
2886
1477
773
4610
4251
2483
5896
7160
432
4493
7210
5024
3175
6945
1621
4178
6583
7135
6660
7764
6819
1730
278
2224
7512
159
7427
2749
5521
1951
1705
2382
6428
4393
6546
7055
5113
960
6510
2251
4466
3684
7583
1611
7371
3981
712
7071
920
369
702
5565
624
5068
712
5413
5903
6253
4967
954
2880
2445
1695
1720
7066
3195
3990
3549
5594
7236
597
1445
7629
6602
5514
297
3481
2470
4595
4935
5643
2502
2470
1144
4799
4263
542
6887
2425
193
6021
7206
4220
3073
3160
720
7283
5370
720
6493
7588
7936
6513
6490
1114
1556
4881
5024
4340
2741
7182
5375
2229
6582
4362
381
2667
4003
4009
7034
6210
5558
7436
3914
3492
4570
5156
3839
4344
5186
3833
2109
5459
2190
1956
3806
6041
1693
3230
2015
6212
3101
383
2029
3617
4421
7704
6757
734
4721
5149
1585
2380
4451
2020
3327
4764
5090
569
8135
2280
2352
1995
1336
2141
6992
3276
5131
657
7484
7043
309
2530
7011
2591
5403
999
2127
3722
4437
5717
3765
2597
6521
5028
6817
6363
1412
3803
6751
7124
1507
7519
7253
7909
244
5613
5072
5812
7326
6958
2851
3096
6438
3305
308
2791
3575
797
7497
7967
173
5101
6244
7503
5156
6459
7568
6814
38
2908
6277
6525
4665
1735
6775
6665
3331
4115
7985
869
7326
1694
4216
5225
5145
7419
2285
8044
7922
5259
5100
1277
712
6846
7107
339
3411
930
8008
7066
3009
7152
7864
7864
610
6807
710
2440
6761
2631
4940
4741
1815
2225
6357
3145
3715
307
3213
4357
4645
3353
3515
7334
7412
8125
813
2621
1676
3970
965
1326
6142
1371
544
813
8189
3554
1481
3603
7679
1118
7676
515
7088
4809
5116
3891
1862
5264
3055
535
4940
3654
5853
3676
1873
956
8008
3879
1853
251
2078
5673
2508
6747
7412
4486
6279
7119
5505
4890
4578
959
1124
2019
481
4112
2678
1739
1428
3132
7561
4703
7623
3617
843
4781
5588
5801
2158
3953
7537
6080
6136
2416
51
578
5597
1612
3604
381
839
1341
6321
6983
2553
1391
7063
6816
5843
3481
1024
4147
6144
2813
3694
7371
723
7596
283
4146
157
2804
6133
694
528
7681
8063
3203
2498
3530
734
2964
5017
6552
5013
933
5128
8058
1863
7453
3363
1003
374
7419
5520
5714
3136
2795
4719
8052
4619
2851
3260
1678
5379
6133
2621
3789
6286
7055
6297
1960
2680
8070
6756
2175
2661
1944
6482
3225
3860
4476
3308
1129
7162
4146
4905
1441
4365
3700
1615
7543
5836
2931
2289
6698
4595
3101
5582
1080
1114
8099
2882
6840
3598
8187
5709
7892
3513
676
4115
3381
4114
2303
4442
881
5746
1787
7122
3666
5419
1020
174
6613
8094
7725
7601
3505
6148
7215
5905
443
371
4167
7772
2225
7914
963
4149
4583
423
5222
2280
3249
5635
6513
5355
3291
7451
7451
1581
3096
1870
1089
725
5332
6307
8105
5732
1927
3832
6724
1440
6643
2804
687
6679
8019
1382
6217
7785
3469
4632
6438
5000
1040
30
7646
700
1443
5129
5129
4604
2750
5398
5242
7823
1105
30
5810
8091
7887
5129
4644
5816
897
4428
6514
2507
7940
5594
1863
1003
2922
4824
6020
4851
266
7723
7592
7562
5007
6954
2788
129
6635
4297
2957
4406
7989
3229
3643
6981
2177
7218
6070
7928
5934
2458
435
172
3586
7116
4666
7503
4538
1907
3968
6073
2791
5975
6249
6141
2693
6535
5344
2941
1590
3320
3806
4340
3501
3656
4735
2676
7282
6673
5191
3886
4399
7419
8188
1572
7424
7419
907
2285
4660
1827
1850
203
4457
1822
7011
2130
4291
5248
6645
7995
1105
1029
250
6820
1038
5735
5707
3477
7889
4955
5279
3528
308
2285
4387
3736
5209
7721
1641
4949
3148
650
7782
2327
307
3003
6700
263
