0
0
0
10
0
0
0
1
7
0
0
3
0
0
0
0
0
1
0
0
0
11
0
3
0
0
1
2
0
0
0
1
0
0
0
0
0
0
0
0
0
0
0
0
0
0
0
0
0
0
0
0
0
0
1
1
0
1
0
0
0
1
0
0
1
1
1
0
0
0
0
0
0
0
0
0
1
0
0
0
0
0
0
0
0
0
0
0
0
0
0
0
0
0
0
0
4
0
0
0
0
0
0
0
27
0
0
7
5
9
0
0
0
0
0
2
0
0
0
3
1
0
3
1
0
1
0
0
2
1
0
1
2
1
5
0
0
0
0
0
0
1
0
0
1
1
0
0
0
2
0
0
0
1
1
1
0
1
0
1
1
0
2
0
0
1
0
0
0
0
0
0
0
0
0
0
0
2
0
0
0
0
0
0
0
0
0
0
0
2
0
8
0
0
0
0
0
0
0
0
0
0
0
0
11
7
7
5
5
2
26
2
3
4
1
0
2
28
1
1
0
10
0
1
0
2
0
0
0
1
0
2
0
0
0
0
0
0
0
0
0
0
0
0
0
0
0
0
0
0
0
0
0
10
0
0
4812
7582
573
708
4225
5904
4232
5893
4190
4017
1546
5236
1680
3647
54
4679
425
3997
7198
7136
3237
6980
6995
7494
46
657
5623
859
3435
1870
2333
729
7548
4011
1989
684
681
2336
4784
1748
568
7269
480
3037
3290
7418
6253
6252
559
6649
1119
2393
2410
7357
682
4004
5165
1331
2691
2766
2002
4537
7973
3541
2398
3085
967
4238
5580
7234
411
7015
6590
675
671
2175
1821
2705
4294
2459
5963
7798
3402
1661
7482
7012
7689
5326
5194
4609
4651
6076
2766
4317
1863
698
7308
1015
2843
4644
230
2889
3432
4326
4667
1493
2106
4214
6002
4037
2868
5182
6035
7874
1020
6887
3356
1819
6104
2059
4224
5957
2576
5149
3433
2835
6735
4580
2405
5063
7190
1733
1564
2894
5652
7910
7911
1087
3351
4419
1746
3524
7887
4117
7384
4792
1048
48
6486
2410
1057
2009
6552
7049
2487
4707
619
1448
1465
393
5487
6276
6447
5487
3681
3490
4491
1535
2002
4651
1949
5129
295
2948
26
7064
332
5514
740
2182
7817
3136
1671
4099
5248
6450
1733
3266
2345
727
1244
7913
2333
5644
7788
1479
3740
4578
4478
3209
1057
4667
5112
1285
4270
7874
1950
6806
3073
5771
5034
2513
3635
464
5542
7910
1356
3153
1003
7995
5364
1029
6361
1584
3074
7845
1168
5185
7391
4249
6228
747
3320
4881
1075
5459
1445
3945
1756
4994
7342
282
99
5926
6172
4019
1075
3909
6761
7098
531
5308
1075
600
5584
4379
2499
3055
6450
2182
5195
1481
5033
4478
4914
238
5770
6219
5562
5105
2323
5995
5372
6504
5331
5261
8008
2413
7844
254
5730
705
5419
7356
338
600
3154
4379
6748
6065
1569
4329
4007
1514
8055
4114
5997
691
4995
5592
1328
1874
3206
191
367
935
733
7542
1840
6033
4797
2478
1245
1275
1988
7028
5283
4644
2938
4326
8092
1129
5403
7160
2459
1241
1395
6651
6434
4272
2853
6236
6932
3060
5103
7900
7151
5522
8187
1081
7407
2180
7130
2436
108
2801
5339
6656
2136
289
3386
3449
5482
2753
460
47
783
6660
3980
8023
7935
4362
883
322
6560
5189
4948
2903
7290
2481
6003
179
7571
7987
3887
4032
1093
3533
7289
4740
5434
3861
3712
3078
4030
382
1816
3212
7148
5833
4270
6343
7055
1964
834
2792
454
8094
773
8162
3987
1768
5023
4740
2704
1321
5203
1891
3424
5430
2884
3152
6760
266
591
1483
5494
6452
4825
2228
1415
1662
2629
6270
3706
4807
429
2093
6157
7839
4805
197
7839
1479
487
5103
2384
6397
3203
829
6033
649
1273
5374
5906
7470
1822
6565
6571
3152
4109
7636
5183
4551
7491
2377
2053
3119
1092
670
6801
4005
1479
936
133
7559
7566
4691
6863
1426
1872
996
7760
1620
4609
7686
7193
7680
512
1917
1690
8021
87
6571
1594
3936
4813
3660
4275
462
3465
1485
2155
712
3676
2578
2228
4737
3772
2393
834
2319
106
3601
5780
137
3153
4975
2265
6760
1751
2308
3876
841
8013
4224
4069
4561
2240
5364
4660
23
1006
1086
4942
2653
3960
1724
7924
7417
5374
7881
3689
2323
7340
3256
7644
6414
4291
5874
4112
752
189
3959
3821
5906
361
3742
1497
4009
3457
2283
7237
7542
453
4960
7751
7950
3924
1962
5954
957
7842
1712
7629
6511
5950
6719
2918
2811
1699
1978
6227
1403
3674
7887
4849
4533
4355
4058
5171
6473
925
5595
8021
113
2924
8162
1322
7130
4631
5202
6861
6111
7987
4167
1840
193
6511
725
1595
1819
8023
1217
212
2986
4698
2973
920
261
6820
5810
358
5494
35
163
6745
5630
6052
239
7658
1027
2619
3887
805
2619
4793
6351
8119
8029
2508
3610
2410
1751
5833
6307
7976
6271
899
5681
2654
6781
3969
2318
6618
778
1275
7788
4020
1930
5047
4803
4215
1289
1591
7656
4283
3193
1902
3028
4257
929
5430
6864
5236
4792
6137
6176
2277
1434
5275
3237
4011
7918
4147
3403
1594
7064
1834
729
3751
7582
5243
3013
4948
426
4807
1501
4405
7778
8070
889
7437
1845
5484
2916
1124
4545
7436
7561
338
3304
6436
1430
4326
2459
411
7210
6760
2546
5402
3974
4017
2686
5166
2470
6355
819
4283
129
2506
3847
6355
3572
7090
3358
5020
4365
4343
1513
2347
230
7277
3386
3346
1584
8030
4297
5048
3196
3834
6162
3614
4489
5482
392
8073
3533
3415
4702
5608
4361
2560
4885
1046
6824
2663
2364
2497
7995
26
6820
7093
4742
4413
448
1230
3413
4441
2686
1242
4038
3576
320
6450
6000
5276
2253
1971
3020
1158
6247
26
3816
7011
7436
6262
1345
8092
7746
7321
6464
7706
7470
8023
4618
7785
6137
1439
1270
915
3933
5384
5120
5288
6973
5801
2487
2780
5627
2118
948
4876
1650
772
595
5364
6124
1196
2836
7491
4675
6082
2633
6483
6440
3298
91
5185
61
6483
722
1588
6703
6967
1732
1062
2610
6799
7806
7221
5752
6411
5999
304
1395
4698
2199
7405
747
5401
7258
79
7995
5430
1009
15
7479
6914
382
649
2150
2419
5265
1452
3732
2443
4492
3440
3401
568
568
7350
539
6921
3235
1350
7827
534
1468
5272
109
5732
7913
8094
7418
5834
6521
4798
6781
4504
1856
2907
1434
2013
4349
6188
1021
5781
2768
5899
7136
16
5031
2411
1576
5601
1402
4604
2390
7630
4214
491
4112
5031
1819
148
1989
2358
1824
5739
3788
5133
4708
3684
2830
7094
882
2392
484
1105
343
1312
33
4533
6663
6075
6828
7190
7297
3055
3930
1658
3190
4457
5371
1839
6656
2522
6823
5824
7294
3443
5820
4796
6262
4457
554
4412
261
558
1857
3161
7592
3684
61
6508
1030
3359
5886
6035
4763
1917
7740
924
7003
3609
1404
4804
3876
7094
7782
3684
3252
4698
3778
5332
109
7281
3908
6361
1051
1057
2022
1029
4689
186
5439
2406
5198
5682
3154
6011
4634
3066
5998
4418
3414
1415
5236
2672
4984
6508
2013
1734
3849
6321
702
47
4339
323
6303
6321
3161
