0
0
0
10
0
4
0
2
9
0
0
0
1
1
0
0
1
3
0
0
0
12
2
3
0
0
1
1
0
0
0
2
0
0
0
0
0
0
0
0
0
0
0
0
0
0
0
0
0
0
0
0
0
1
2
3
0
2
0
0
0
0
0
0
1
2
0
0
0
1
1
3
0
0
0
0
1
0
0
0
0
0
0
0
0
0
0
0
0
1
0
0
0
0
0
0
10
1
1
0
0
0
0
0
26
3
0
8
7
6
0
0
0
0
0
0
3
0
3
4
2
3
4
0
0
3
1
0
0
0
0
0
3
2
3
0
0
0
1
0
0
0
0
0
2
0
0
1
1
0
1
1
0
0
0
0
0
1
0
1
0
0
1
0
1
0
0
0
4
0
0
0
0
0
0
0
0
0
1
0
0
0
0
0
0
0
0
1
0
6
0
9
0
0
2
0
0
0
0
0
0
0
0
0
12
6
11
6
4
0
32
2
1
5
6
4
3
30
3
0
0
11
0
1
1
1
0
0
0
1
1
0
0
0
0
0
0
0
0
0
0
0
0
0
0
0
0
0
0
0
0
0
0
10
0
0
3098
2856
2860
4747
2898
2354
121
2645
4876
4812
5948
6454
6258
5619
601
4670
6258
2062
6454
1331
7198
4876
722
7235
5596
414
6635
5112
2631
4712
4146
4644
8011
1100
916
4600
5236
2225
1452
7921
5805
6346
7034
5064
2896
2896
3148
4317
4089
997
6245
3942
8191
2114
6656
3405
1524
130
4888
5821
6010
5746
2356
2232
369
1051
395
531
1160
1434
4491
3861
3322
1896
5581
1716
2777
1672
3071
202
6517
942
6481
2690
4109
6571
4630
507
4367
2419
6222
5227
1497
4668
502
3220
2560
3475
1105
7799
557
5492
3481
4069
5403
4329
1513
1591
3959
4245
1531
3240
7013
2066
4618
6371
4876
1275
2868
3943
6735
4029
6346
1009
6480
5220
7673
2586
3835
3651
7350
3391
3988
743
2478
649
7258
1631
1057
4792
6948
1927
1012
1617
7868
7841
2960
4539
4150
7143
1057
2509
3682
729
1532
1765
6015
8006
851
1948
684
1765
1029
1830
8
3899
1620
702
1483
811
4654
2958
4146
3665
5129
1621
4120
2947
2942
3968
7844
186
4630
6176
5160
1976
2192
7887
4343
7235
93
6454
1009
1767
7344
5276
3809
4646
6619
1937
420
4448
657
3728
1414
2268
5714
3240
5623
6980
5214
395
1600
48
3121
6703
7675
46
5102
6634
369
6005
6770
5115
6954
7732
144
4343
4654
1588
6118
2224
2315
4602
7672
4745
505
7369
7060
5150
3389
7940
4914
3240
4800
369
5332
5045
7570
8030
1631
261
3515
4348
2115
7188
5643
414
4949
5708
3122
7938
2315
6199
4476
7617
3056
3666
7663
2378
2930
1144
6400
1425
6828
7820
1948
4099
947
1899
928
1285
2907
1584
7153
5290
4134
2934
2150
1446
3220
6350
3371
545
4740
2347
1290
2099
6687
7343
3645
3778
6923
8098
1962
6150
1661
2283
791
3702
6954
7964
1320
5627
6386
7415
332
2336
2856
6409
7389
6509
5129
5619
7616
2276
7315
3472
4905
7510
1336
5078
1245
4124
4839
4211
3125
475
7940
4509
7155
849
6276
682
785
674
3081
2939
5579
4114
6929
3894
4950
8060
4522
1774
3172
7644
2235
6486
6675
2870
462
3132
4353
4314
179
4159
716
67
5663
425
4198
4509
2905
896
7898
4011
7533
4867
799
163
966
686
6321
5682
4484
2325
6787
3273
4551
492
2224
69
4640
7828
2152
4802
4905
4506
2371
5587
777
940
8067
2325
1029
6522
8190
3609
606
4670
2513
1760
702
1103
5829
7679
6198
420
6563
1189
4764
3487
1042
1847
7686
2015
4703
1127
2637
5346
4751
2265
1801
6872
6553
6135
5314
1041
2654
2022
54
1185
238
3732
7679
978
1620
5909
7470
5306
5319
6356
3410
3314
2374
5192
4241
2109
1536
2577
4595
1643
5374
5259
1277
2384
6106
5332
6189
600
6135
5957
4990
7782
7070
4199
4992
3576
4303
260
570
936
2930
4529
6479
6685
5374
5376
1536
406
2677
2099
6435
8159
1768
3904
5535
2523
8005
7447
4175
46
1736
3641
4707
2728
2925
6068
3661
4892
3358
3106
6577
3839
879
6394
6496
4746
6615
5560
1213
747
6925
3355
263
2418
6413
4280
6351
2090
7192
3166
6730
3682
3592
5619
5648
1548
3326
1592
1715
5232
1709
2166
3806
7713
762
7881
1726
3302
2240
8187
7211
2765
4211
5468
2597
3788
4138
6723
2459
472
7229
1281
3185
6480
395
1130
255
3046
3886
4722
2654
4561
3260
2499
6761
6653
6657
5967
6808
4793
407
2415
4099
913
5166
8159
3392
7730
1382
669
5363
5066
3252
3959
5024
764
2513
2483
4004
2304
7098
2182
6203
896
4708
896
4575
6441
3892
5095
5096
3595
3881
1914
7903
7915
2922
2418
6804
5383
2269
6065
1997
1414
5412
6011
200
3892
414
845
7431
2831
8021
4142
215
4575
5283
4067
5798
3585
3588
5292
3401
3165
8085
5493
5122
974
1658
3233
3264
3904
3403
671
2496
5874
3742
2684
332
5229
7665
3038
3477
348
6031
2941
2150
559
90
920
7205
7063
4475
740
6074
4475
5643
6921
1715
603
7266
3839
2428
6966
1876
1752
737
1262
2441
2192
6799
1595
4114
2987
5019
1576
7468
2934
6041
3950
1765
1027
3022
5324
6761
2061
7235
5344
1209
1488
3186
1057
3483
2648
3266
7090
3192
7364
575
2339
1849
1839
3717
6059
6796
5268
3993
1892
3783
7645
859
4763
763
3253
3585
7093
606
1787
3225
5501
1621
4342
5282
5403
3363
6954
6724
1539
2777
4029
2856
5998
1765
2672
2496
8188
5091
7419
1062
6393
881
6104
7860
575
4766
2835
897
6148
7435
4475
3006
1602
6517
6945
825
7505
4987
2835
1243
2339
1478
4383
472
3835
4785
7491
7468
4399
718
1565
4202
3886
2466
925
3321
7190
2777
4399
3816
7587
2408
3440
5272
3851
580
1055
575
3386
680
7236
4667
6070
6150
1039
3115
951
2572
28
1550
6954
536
2825
985
916
764
7223
919
260
7218
6005
411
4079
5858
702
6411
1857
6089
3793
3851
4533
6941
916
47
5618
5351
6058
1465
5650
5120
335
238
6649
870
8166
2339
1944
5292
5209
260
715
3477
389
1423
5816
5470
744
4099
4224
5324
6009
1248
2932
414
4004
5623
2532
1863
2736
218
5412
4442
6320
3223
6452
5986
2851
7484
6661
3892
8092
7158
6753
6651
6796
1698
1009
6243
272
2203
6588
7218
825
6601
7344
1550
5453
2784
897
5779
6789
6289
4139
7568
116
4716
5220
7593
4499
5385
5019
606
5650
5945
4568
2533
3575
7218
5214
5643
3004
7583
7162
4568
243
6011
5706
283
6004
3614
6796
3570
5364
6035
5436
4350
5332
4547
3785
5018
6289
825
6950
979
1595
7688
1270
3148
3240
5664
3120
4443
2851
1672
3743
4952
6993
7420
601
2586
1678
1824
3240
4290
7013
3038
1062
7013
6141
3993
3995
5279
1103
4949
441
3092
4575
8151
6737
7230
4237
1672
7223
7689
7413
1948
779
6945
6483
5923
5279
1067
5102
6822
3044
4716
2130
7673
3081
5129
3401
1550
7445
6926
3542
7901
811
4700
5242
7795
425
