0
0
0
8
0
0
0
2
9
0
0
0
0
0
0
0
0
1
0
0
0
15
0
4
0
0
1
1
0
0
1
1
0
0
0
0
0
0
0
0
0
0
0
0
0
0
0
0
0
0
0
0
0
1
0
0
0
0
0
0
0
1
0
0
0
0
0
0
0
0
0
1
0
1
0
0
0
0
0
0
0
0
0
0
0
0
0
0
0
0
0
0
0
0
0
0
6
0
0
0
0
0
0
0
19
1
0
7
6
6
0
0
0
0
0
1
1
0
0
4
0
0
3
1
0
2
1
0
1
1
0
0
1
0
2
0
0
0
0
0
0
0
0
0
0
2
0
1
0
3
0
0
0
0
1
0
0
0
0
3
1
1
1
0
1
0
0
1
1
0
0
0
0
0
0
0
0
2
1
0
0
0
0
0
0
0
0
0
0
1
0
9
0
0
1
0
0
0
0
0
0
0
0
0
10
8
8
5
4
0
24
1
1
5
3
4
0
28
0
2
0
10
0
0
0
2
0
0
0
1
0
0
0
0
0
0
0
0
0
0
1
0
0
0
0
0
0
0
0
0
0
0
0
10
0
0
5077
5579
3205
3942
2465
4265
3726
8046
3389
2111
3792
5746
4950
721
7344
283
7645
3642
1852
3207
2422
7339
4618
3173
6334
5661
2002
4317
5779
1523
1787
4670
3734
7827
7673
7665
1863
8148
255
6677
6587
2533
1743
4475
374
4594
4139
5643
7596
3463
3178
4475
4718
2175
5762
7784
2835
1244
764
4578
7443
916
6384
4594
1783
3576
5667
2547
3599
7940
3223
2958
1948
4146
1917
1678
6417
2938
2276
6319
3077
960
2854
472
6060
5129
2791
7886
851
2351
4646
3405
1733
2150
3475
3225
2688
5798
1672
7585
5297
3985
7968
6828
6295
432
6954
3240
5048
8004
5376
4294
5401
6154
411
6135
868
1748
788
6319
1131
4507
2066
2164
1289
2538
6615
1238
1204
3776
3533
6722
2513
5540
5423
2104
4155
7121
1948
450
9
750
3666
87
4464
4415
4795
7545
2715
764
4372
2351
7419
5145
7236
4569
559
6181
1853
8025
7982
7094
4703
2063
60
2426
4734
5798
1579
1160
3598
5184
3051
542
6307
7723
6005
5019
6401
5404
3332
5928
1948
2649
2958
5798
1291
6796
7901
6826
5428
3004
7415
6583
5906
7398
6498
6228
450
3057
4237
7788
441
1824
129
360
1236
3477
7419
7223
229
1238
8025
7615
2709
2061
4399
3004
4029
2796
7301
3240
6395
2343
3947
1289
1890
3492
7575
5220
2835
2513
4600
1009
1971
390
671
7481
1432
8005
3833
646
4452
7872
7223
3585
2569
3038
6761
3004
272
7596
5687
7451
1238
3454
4119
3173
6179
2740
6519
8025
4214
7582
6031
7418
997
4123
1400
6049
2171
3537
7423
2779
1891
4999
4750
2640
4256
6925
5619
5428
7716
4569
5181
4448
1803
7665
4734
8030
7038
705
5232
4123
3492
2280
3510
3061
5917
4556
5313
794
1178
1127
637
7449
7760
7433
4287
4180
3264
8164
1468
5579
2773
8025
3572
2061
6422
7882
825
5335
820
653
471
7117
7424
2954
849
3833
6205
891
5392
3817
4231
7571
462
1914
6774
7842
1491
4436
755
3626
252
2608
6770
3240
5579
2890
3920
1631
6743
1944
1483
7723
1570
2030
3643
3976
5407
1086
3898
5311
2779
2319
612
4602
6052
7511
7549
3759
5581
3802
4307
818
2982
5456
5815
1475
5013
5470
1600
4892
3747
7901
4950
2354
3265
283
5801
5428
2571
52
3605
2469
313
2293
1629
4174
2249
730
5353
5187
407
3382
7147
4137
2792
3585
7451
5997
5634
7524
2166
1024
6569
6777
3207
2303
4578
7673
649
2640
19
5186
3881
1484
1726
719
6742
4990
667
1047
2312
6985
7113
58
6080
6890
3673
3656
6588
7546
7940
348
3702
1217
585
994
4697
7063
5778
3378
5928
1145
7386
1614
7858
3009
4332
5379
8110
6163
5492
4325
7881
6419
3987
7815
7342
7535
4970
2901
3541
3240
3860
1787
979
1535
4349
538
5070
1354
924
7816
7344
738
4420
7091
701
7770
8146
8125
3743
786
7401
1314
1773
7738
6850
1207
2688
5017
5089
876
3901
5209
5690
6995
4609
4183
4658
2774
2309
7640
6459
3656
3872
6631
1630
4161
620
3881
6261
6146
143
7263
6210
7134
1556
1147
3621
5659
5582
4269
7891
891
1488
5735
5129
1050
4914
5285
1287
5659
4146
1554
3012
2793
1914
2984
1144
3337
890
3779
1368
5282
3223
5499
7546
1715
292
4905
4145
4362
7815
956
4158
3951
3916
466
7419
4146
4146
2736
4004
3947
3207
7673
6099
4809
5641
4127
6158
6901
804
1371
6971
2205
6164
1279
7738
1107
4171
1530
5872
6716
1887
1358
2900
7991
3063
2634
4297
5829
5116
4647
6417
3747
802
5010
7901
7872
4181
1704
3273
4592
5269
670
4696
7881
6931
5950
4366
446
3824
2696
6163
670
878
6185
7450
5331
7689
7781
3959
744
4053
2130
2629
3347
5592
896
4242
5742
1528
1246
2301
5510
638
4826
6404
3484
3898
2655
7221
5389
2893
2789
3152
5417
935
612
264
7493
6141
6799
4651
2130
6135
2851
6513
1012
2799
2398
7997
6818
916
7082
5210
5040
2517
5872
6269
3919
3944
4897
7055
7030
1903
2621
2319
2380
6350
6045
744
3068
3287
1094
3229
6601
4237
2066
6062
1713
7755
4082
4628
2796
585
1285
6208
4328
3990
701
339
734
6734
5462
594
7660
6424
3099
3836
6901
7334
4858
6273
3457
7149
4856
885
3213
5230
6038
7165
1041
2374
421
721
1824
7334
5948
3551
4963
3883
4776
5866
2722
321
21
7060
6723
1405
7412
3138
1557
7563
6148
5434
5682
8174
6087
7149
3377
4297
5112
358
2022
1570
5428
4341
1631
783
5326
1621
3625
3741
4982
8170
443
7433
2709
4691
6158
1108
5806
4686
1976
6588
4442
3716
6353
2327
4847
2747
3356
3159
2489
7281
8105
1767
2854
5798
7443
7218
2513
1787
271
5019
3449
2893
5204
2702
1854
4535
2239
2456
5928
6053
4594
3477
5643
6027
1675
7811
6078
2229
5489
2066
5937
3740
6058
4707
138
4888
3455
5970
3656
2958
559
6830
897
778
7545
5889
6639
4110
4727
3096
3571
2483
6227
5013
2066
5579
3666
5975
3044
3925
7623
631
5129
859
7654
7229
4475
7484
6457
2696
2746
7745
5798
4233
6796
7585
1281
5532
7
641
919
6997
1009
665
1280
5412
4341
6384
7419
4389
4444
4643
2648
4475
6587
2597
2863
5928
3004
7160
6501
5015
5418
7304
367
5857
3494
4830
5997
7495
6012
2364
5682
5347
5906
7520
6389
3586
721
1823
3220
12
3810
5580
6791
170
1509
4708
2150
6791
4475
6128
7779
1165
973
3032
6921
1476
259
4442
6553
7256
7898
7048
6301
7654
5167
522
1009
6370
491
7829
5798
2062
3406
7615
7926
6595
2286
6475
6075
3661
2676
4619
4475
254
6414
3711
4387
7665
732
3809
3004
2708
6906
5890
8018
7227
5560
4533
6522
6327
4372
308
5928
5709
2803
6553
271
4522
4754
7415
272
5650
441
3175
7806
5619
7736
1742
1650
7063
5492
2898
6758
3477
492
5451
4464
4058
7464
3609
1090
3842
7246
5595
6514
2737
4139
1774
7971
3106
7463
