0
0
0
9
0
4
0
1
8
0
0
0
0
0
0
0
3
1
0
0
0
15
1
7
0
0
1
3
0
0
0
0
0
0
0
0
0
0
0
0
0
0
0
0
0
0
0
0
0
0
0
0
0
0
1
3
0
0
0
0
0
2
0
0
0
0
0
0
0
0
0
1
0
1
0
0
0
0
0
1
0
0
0
0
0
0
0
0
0
1
0
1
0
0
0
0
5
0
0
0
0
0
0
0
24
0
0
6
4
7
0
0
0
0
0
1
2
1
2
7
1
2
2
0
0
1
0
1
0
0
1
1
0
1
0
0
0
0
0
0
0
0
0
0
0
2
0
0
0
0
0
0
0
0
0
0
0
0
0
0
1
0
3
1
1
0
0
0
0
0
0
0
0
0
0
0
0
0
0
0
0
0
0
0
1
0
0
0
0
4
0
8
0
0
0
0
1
0
0
0
0
0
0
0
12
5
7
2
2
3
22
0
2
3
2
1
1
35
0
2
0
10
0
0
0
3
0
0
0
1
0
1
0
0
0
0
0
0
0
0
0
0
0
0
0
0
0
0
0
0
0
0
0
10
0
0
6475
2800
2826
7211
3487
4988
6554
1150
3793
3785
5746
6980
3262
125
1441
1680
1759
2679
1579
7092
712
6913
2339
4229
5618
7344
471
6060
4367
2329
3809
5165
1899
7053
7210
3824
6116
3161
4572
89
7116
4043
6519
6882
6616
5868
5507
6761
5335
1133
4798
5507
1107
3326
4540
63
7344
4647
1281
4241
4640
7888
3006
5831
5090
7470
6562
1942
6969
4550
1619
2315
1127
5308
4339
1037
2657
6674
6902
2228
7986
5220
2002
2958
7907
4120
260
3903
4934
7844
2567
1836
5833
2744
20
5139
2978
6789
1771
5104
2317
2149
5403
6005
2800
7773
5766
2949
4196
2732
3004
3477
3173
3167
663
2654
2061
1043
7767
6315
3942
5363
2978
6322
6954
1415
6454
7506
3021
7122
1643
184
4837
361
5817
1200
4734
4570
7718
4152
6310
4716
6932
6510
698
4055
4550
4907
414
5667
7986
5710
1989
6481
7679
1709
7344
5364
7779
4992
5501
2723
6299
2726
1533
8105
7243
7167
3614
6289
7897
5888
6980
5576
4406
4108
1144
6683
46
3485
6595
7246
5618
1296
2708
5559
2377
1878
5988
3785
5112
4140
5904
2805
3824
7686
7806
785
167
997
1258
8111
4493
749
3701
4094
3828
547
2201
2440
7139
7926
283
1774
607
5935
4698
6902
214
4237
7676
6921
7484
6791
1639
520
7737
480
3875
7111
4353
6406
5278
4452
3635
2484
3785
2755
1516
6205
603
6819
2043
4041
1737
4141
4025
3757
2677
2133
6510
922
8160
6137
2257
4146
7882
4646
3910
4107
2418
3338
1115
4984
4847
2146
4969
2268
5170
4025
2440
1299
5012
4311
4740
4848
7075
5381
4838
7450
3387
7127
5038
6042
2459
8030
4164
5750
5063
6058
7711
426
1587
6889
1354
2925
1301
4198
1960
5505
5213
2240
1322
7475
3666
8004
2538
5235
1299
5186
4040
5719
6019
6757
3631
4134
2645
4647
4317
2896
2975
5198
4990
5090
542
5495
4094
7922
6681
186
4221
6986
4838
3103
4842
4292
5293
8012
7136
5632
7511
4544
5639
1474
2003
2900
6879
7799
6828
2410
14
2896
7571
7199
6294
3576
4874
3447
6802
1566
2318
1751
5611
4072
2138
5621
4940
492
2228
3839
5544
5443
1298
5639
5228
3713
6576
178
2056
5048
2896
1621
4575
3123
3166
6154
2624
4422
7281
7922
6777
7244
836
3599
7605
7864
6837
2416
5088
7134
7503
1479
7477
7133
5646
4929
6623
3291
4255
6737
7162
4146
466
2851
4670
3478
172
6768
6003
7942
5988
3682
2327
3592
1029
170
332
3023
7137
6713
7826
2704
3658
6146
6898
3474
7629
5490
1734
4225
7177
7413
382
14
6069
6828
1579
6245
1287
1115
4159
2887
663
3154
7365
920
3694
3271
45
7245
1117
432
1788
51
1766
5613
7599
7526
4145
6163
2549
2986
559
5165
3389
2496
5430
3240
6038
7673
2195
2418
8135
475
6346
7070
729
5882
1716
5725
8150
6789
8025
1774
8128
5857
5374
5294
5597
993
1386
603
6588
1475
1442
3068
4480
8167
119
1254
2938
3888
1502
6879
7901
8155
6452
6060
4561
8044
5432
1709
2500
7286
5236
7654
7506
1896
5708
2091
2412
988
799
4341
3702
295
3942
2377
3925
4810
7654
3541
4522
1948
1823
6480
5668
7901
5485
6588
1863
2229
3185
6004
30
6389
4822
1583
7961
3656
5596
4911
3716
5520
6481
6958
2593
6571
3106
7950
6600
1364
6549
698
4365
3571
6821
7413
4565
477
8030
6517
3401
6203
5116
2817
6549
5978
423
5434
2593
682
3641
297
2261
4742
4031
5209
2254
5050
4415
2379
4264
5733
4365
5715
5227
2736
607
973
215
3480
4625
3196
1818
4973
186
3074
1037
1172
7781
1581
8015
3942
3943
5171
5227
8000
1308
5536
943
4451
5041
111
7962
4628
7160
7884
4164
6588
5404
3145
3271
2051
5050
2854
4628
6945
5332
5661
3610
4830
3477
7230
7584
5460
5742
2118
5793
4492
7491
1776
4660
1277
6011
3120
7063
4628
1195
3586
3816
4647
7868
7160
5436
170
807
6760
1693
1043
568
1836
2178
6227
7505
3876
4666
6230
882
5514
4149
5418
7505
6760
1076
7984
5038
4237
14
5779
2215
45
7980
1291
2214
1976
4261
1133
2207
1799
4647
411
3575
4759
5370
5209
340
8153
4604
369
1
702
7225
6730
7290
1010
6135
441
35
4350
2370
3684
4792
6473
2485
2925
8128
2954
7816
2958
111
4120
2057
2679
4139
1698
1420
2075
765
6767
1948
6154
2290
7038
5985
237
924
5690
3389
2130
7160
2071
3021
7753
2771
4792
3863
8028
414
5661
4341
2513
4952
4314
7636
2466
5214
1043
1320
5227
6035
1041
3524
590
1810
475
7664
2948
4348
2578
2062
504
3367
2068
8018
5756
1880
7884
6826
619
3004
4007
1769
4297
4735
6116
4837
7205
3402
2699
4628
2279
4489
2639
2225
7382
1833
414
916
2459
4340
1244
3615
1577
4942
725
1067
2634
4120
7405
6587
1969
5494
6473
2761
3173
932
2017
4931
3570
4530
6845
2975
4312
6541
2009
5194
1651
6135
2745
2378
2831
5194
4445
4420
7018
7484
7941
631
5112
4952
7901
6458
6245
7039
3398
139
2254
6262
4998
1631
4809
3541
3305
4194
659
2579
5382
1037
7469
5165
3561
5350
3795
4796
2354
6851
3262
3205
5520
3154
1620
7916
3038
4020
7692
778
3475
7664
4646
6737
4237
6731
2109
7673
7297
6355
7757
896
5636
3135
1243
7246
3056
6282
7933
7968
400
997
22
6258
6730
7868
1057
5364
6346
2513
5249
1849
981
6464
5654
2402
5536
55
5107
367
6165
2684
1808
7820
2554
318
421
2422
6700
2547
3452
6135
4712
7910
4591
3504
2202
5415
4979
3755
4565
4067
4651
4290
7575
4155
3240
3260
4950
1041
580
4561
3432
7976
2831
2784
5155
7414
527
48
825
4647
7665
4763
6828
3454
5798
4600
6320
3260
2773
4164
3002
2713
5445
4718
6258
4647
6069
7111
2648
6258
3790
6377
2988
3730
7497
1852
1591
6335
1125
4798
3847
631
559
2584
1600
7405
5536
6060
6708
2028
2513
3071
4712
5779
606
