0
0
0
10
0
0
0
2
10
0
0
0
0
1
0
0
0
2
0
0
0
15
0
3
0
0
1
0
0
0
2
1
0
0
0
1
0
0
0
0
0
0
0
0
0
0
0
0
0
0
0
0
0
0
2
0
0
0
0
0
0
0
0
0
2
0
0
0
0
1
1
1
0
0
0
0
0
0
0
0
0
0
0
0
0
0
0
0
0
0
0
0
0
0
0
0
6
0
0
0
0
0
0
0
21
0
0
8
7
5
0
0
0
0
0
1
1
0
0
3
2
0
3
2
0
0
0
0
1
0
1
1
0
0
2
0
0
0
0
0
0
0
0
0
0
0
0
0
1
0
0
0
0
0
0
0
1
0
0
1
2
0
2
1
1
0
0
0
2
1
0
0
0
0
0
0
0
0
0
0
0
0
0
1
0
0
0
0
0
1
0
11
0
0
1
0
0
0
0
0
0
0
0
0
11
5
8
2
1
1
23
0
1
2
5
4
3
28
1
1
0
10
0
0
0
2
0
0
0
1
0
1
0
0
0
0
0
0
0
0
0
0
0
0
0
0
0
0
0
0
0
0
0
10
0
0
2285
4110
3207
202
3352
170
2968
1224
7467
3229
4655
418
4342
4293
3077
2958
7063
2135
4648
4955
7940
3449
5664
6312
4679
5906
4293
3790
1650
7321
7551
5710
2676
4619
5594
3504
2777
7276
7048
1879
4194
7162
616
434
7548
425
8143
5579
3755
87
4819
4237
45
475
825
8138
4092
6954
6791
1
7419
7901
1331
447
4707
2076
202
1037
1246
6724
3960
4419
3477
6337
4744
4901
5735
2465
4207
2499
1581
4140
5629
2678
6245
5077
113
857
3668
3594
260
5430
2465
6828
6677
5579
1976
7505
3876
5778
2881
2261
4651
418
698
4090
7711
7470
3956
7808
5371
5428
5073
574
2947
1787
2867
5608
1249
1023
6121
1424
5079
2723
4823
6796
8167
2686
7468
1287
3237
4343
650
1971
764
3443
4360
3019
1651
7510
1368
4506
6240
7923
6384
5013
4575
1776
6383
7503
3254
6929
209
2343
5650
2182
6004
4165
2629
2676
32
3680
3367
4431
4509
4569
6828
3779
8125
4090
5234
148
2625
651
7815
7815
6386
6227
472
4429
418
7013
1155
7905
3969
4835
532
4319
7650
4569
5279
5664
1466
740
2272
1
1808
8157
6928
7630
7091
7565
543
4984
7436
7782
6397
5691
2094
3752
983
6090
5687
916
260
7665
2835
4619
5857
2629
2676
6587
491
1631
4293
3433
4492
432
3840
2159
7289
6811
883
804
8031
664
1354
4990
7172
3694
2075
5887
8105
5407
6796
4995
6384
3004
2008
3559
7615
2411
7642
1631
7389
5214
825
26
4812
4160
7065
7549
6317
5264
7359
1382
2005
6241
4271
2406
930
2462
6015
931
8102
8019
4175
4845
5778
5902
580
538
7365
5750
481
1319
4610
288
4238
6002
6699
2250
1063
2871
2205
7854
6369
2425
865
4422
435
124
6241
5620
5511
7588
2492
7201
5122
2352
6493
2192
457
4419
5239
1313
4342
2972
3851
7451
4293
4167
7578
4814
1781
5841
2528
6859
8168
6249
3896
2945
382
752
3025
1685
7754
6550
4754
2189
6359
6554
1342
8164
2686
2796
825
4844
1209
3098
2513
202
7589
344
4141
2971
2769
2813
612
6260
2287
2169
3506
2240
5278
5582
2167
2826
7042
6741
4719
3092
2817
8039
1303
3370
5580
536
1593
2015
6417
6590
6315
7437
2085
113
3970
2288
754
3645
599
7147
6933
1851
8162
2393
4125
4595
6600
7740
7710
4719
382
7945
7244
2081
8090
3583
5507
6770
7149
2226
3671
4114
4749
3427
7055
178
6621
816
7842
3904
3558
6126
5841
2477
1556
8162
1814
4595
5523
8094
6975
2498
3369
155
1250
4543
7507
7091
598
8143
96
1424
756
7586
1924
1565
5807
5088
198
703
3201
4090
4417
1373
4631
487
6147
1017
4807
60
6882
1272
4793
773
6249
7741
6036
4673
2782
628
3591
7301
3022
7190
1595
1299
3697
1356
5303
6554
2095
4299
7983
1749
7427
2087
8140
5028
3645
2693
6685
1947
3750
2905
8010
7470
4245
8003
2787
3056
4058
4807
7729
243
8188
8188
2411
536
67
2678
5995
7457
2123
7824
5841
3424
5994
4666
409
420
1169
3061
5468
6174
4645
6533
4451
4347
8047
7928
6966
1150
3849
2749
4825
8147
1050
1089
5954
5034
2119
2257
5279
5711
6313
4802
1840
1903
2319
6126
7372
7623
1653
4294
3981
7145
5188
2364
628
957
754
1365
833
2539
8116
2932
3338
7623
1550
7185
3482
4563
2876
6234
721
127
6049
6511
3652
4724
1912
2807
7715
3784
7786
1217
1733
1314
2863
6497
7594
7008
2169
1422
1506
1057
3487
6458
3440
1428
3134
3886
5922
614
2808
1650
1414
2554
6840
1946
7741
5932
7783
3013
2919
2521
3722
2868
1824
5922
55
4211
7612
5016
7978
931
2467
5628
7627
6654
5551
183
2716
3158
6460
447
1664
6553
737
7907
2871
2098
6257
5653
5339
901
2697
240
6172
974
3389
2751
5403
6290
3883
278
5445
7564
4734
3597
2347
8162
7624
2688
2339
4306
1009
2777
5623
5428
4707
4236
1559
1249
5471
846
6906
5381
160
3502
339
512
738
6932
1063
6920
3301
6929
7401
382
7060
3428
5439
4740
6767
3228
1736
4233
4214
5228
5385
4575
5877
5997
7806
1964
7762
5807
4821
3509
2517
8101
5818
7617
7510
7252
2817
2801
7961
754
7200
678
1713
1290
1751
3896
836
3086
3240
4146
2202
7967
3206
811
1759
6851
6737
2673
436
5681
2310
6126
5640
1772
4487
6015
4311
4370
7441
3988
3392
5147
690
6637
2177
5247
1596
4047
7144
7821
3188
4818
5778
2130
3161
5892
6321
709
4334
7320
551
4566
1321
4610
1211
231
7436
7060
60
5562
4258
7507
879
1251
6690
829
5049
7233
583
5053
1475
4916
6552
7665
7357
8060
3694
6450
2111
7757
7757
6965
1850
2717
113
6111
1558
1712
1530
5247
6453
7772
4544
996
2566
5357
2455
5376
1819
3868
4666
4847
1034
4319
1776
1209
5736
7371
6791
2260
2934
5664
3700
6154
4256
1164
7628
668
5538
7523
7231
3430
3376
8115
2079
4825
2546
583
7002
5390
4476
2013
3879
1629
5180
211
5619
2377
2421
2796
418
4644
3775
5010
783
3010
3373
6224
4763
4816
1679
3875
6591
606
7548
6101
2142
130
1402
6797
6293
3243
5299
5005
3278
8014
140
2851
3240
6553
5020
3284
538
7806
6330
7196
5428
7160
695
3993
2177
2844
6791
5073
8047
722
7984
7497
4633
6591
5250
7593
1846
3414
2835
7806
3121
6357
859
5033
395
5129
1577
5507
4354
5840
522
5353
4896
1331
5428
5982
418
7784
5756
2558
1943
7903
4069
3960
2624
5951
3352
7419
979
2309
4575
2676
5129
3207
3542
3240
4867
3542
7622
3233
1438
4372
5445
7827
7615
374
1917
5858
7779
7967
4202
5542
3585
8025
1037
5695
3934
1322
597
1863
6587
214
525
960
7781
4255
3205
7468
5013
8160
4595
3229
423
7621
2276
5687
5594
4094
568
7194
1038
5916
1581
5010
5013
3454
7866
7777
5877
4272
3854
4293
2080
764
4293
1652
5977
5354
3741
7419
437
2983
1956
1042
8047
8184
