0
0
0
10
0
0
0
2
10
0
0
1
0
0
0
0
0
1
0
0
0
13
0
3
0
0
0
0
0
0
1
1
0
0
0
0
1
0
0
0
0
0
0
0
0
0
0
0
0
0
0
0
0
0
0
2
0
1
0
0
0
0
0
0
1
3
0
0
0
0
0
2
0
0
0
0
0
0
0
0
1
0
0
0
0
0
0
0
0
0
0
0
0
0
0
0
6
0
0
0
0
0
0
0
25
1
0
7
6
6
0
0
0
0
0
1
0
0
3
4
0
4
5
1
0
3
0
0
0
0
0
1
1
0
4
0
1
0
1
0
0
0
0
0
0
1
0
1
1
1
0
1
1
0
0
1
0
1
0
0
1
0
1
0
0
0
0
1
0
0
0
0
1
0
0
0
0
1
1
0
0
0
0
0
0
0
0
0
0
1
0
6
0
0
0
0
0
0
0
0
0
0
0
0
12
6
8
4
2
0
27
4
0
0
1
1
0
28
2
0
0
10
0
0
0
1
0
0
0
1
1
2
0
0
0
0
0
0
0
0
0
0
0
0
0
0
0
0
0
0
0
0
0
10
0
0
7418
7591
4747
5781
4175
876
5166
7966
7607
1852
2410
1931
772
3401
4784
5705
5551
4150
729
2354
1090
4412
2999
82
758
4374
2610
1224
4190
6475
2443
2356
848
8159
1944
6005
1639
3824
5920
4207
2465
1732
6508
6645
1452
6645
2737
5985
2850
6222
4492
4727
6958
295
1280
2959
3531
3603
8013
2378
6141
4812
5766
4632
1819
639
2999
3684
449
899
82
2465
46
3720
1090
6188
2941
4499
3482
4093
25
1024
6571
2354
2146
1055
6722
2021
7276
5003
2151
2034
2916
6249
3681
1883
3185
7357
5523
5057
5073
3544
434
7788
5120
1830
4365
7015
250
3159
5914
7584
2467
4223
3304
3584
2114
3475
6840
3829
993
379
1092
1613
5166
1094
7098
4735
2960
706
2973
1224
155
6599
5777
1270
7921
4722
7889
1830
5647
2240
2177
7547
4046
361
5944
358
2301
1558
3856
161
612
3101
7346
7549
2584
250
4479
7820
1284
5423
6495
4092
7909
2131
7564
5914
2522
6009
6172
5785
6568
6271
3001
4087
3079
4103
6899
6381
3545
3866
3366
610
4
4169
3371
1390
5382
4474
6344
4574
7258
35
7188
797
5111
4389
4779
7764
2520
885
7495
7178
4101
7398
5334
2762
2402
5106
6194
813
8052
7249
1713
4215
4839
5815
2619
7775
6158
1021
2034
4614
4892
4103
4109
6495
916
6053
3909
2103
1514
4739
1548
4022
2408
4030
2661
4718
5858
5641
3836
7760
762
4267
2510
2826
2722
6671
7438
6078
2224
2319
5115
4329
729
521
7928
2489
5858
1607
8166
3464
4596
6926
3754
25
7494
1467
3821
1275
408
2970
7528
6919
2834
1628
2231
3179
5866
1545
4174
2683
4848
5852
3064
2843
6581
5788
5905
604
2370
2708
5801
3526
934
7613
607
4077
1037
2867
6441
6672
6982
7030
6865
2305
8003
7778
443
8110
1074
516
2929
879
1847
813
6194
7578
5278
3403
7055
1326
5089
6080
3101
1625
646
2701
781
6097
3840
7291
4009
6366
3993
1460
3987
7308
993
1499
2380
724
5939
5261
7366
7119
846
5251
4108
7730
5481
3782
7274
5522
6138
6425
7498
2224
7206
7793
962
1518
5059
4328
3790
5517
3720
3330
1006
4220
7375
7952
2949
5238
5169
4526
7688
6044
4997
5054
8059
5522
5003
5011
6841
2619
826
7307
5383
5401
7557
5170
5156
3866
1412
7818
5010
5171
2361
6618
6676
7058
4220
1033
3358
6361
6237
3534
2577
4839
7759
2627
6814
197
2658
1960
1323
813
1354
2539
8163
6374
833
5876
1643
7215
2722
8185
2445
6233
6355
4093
7375
7307
7855
5524
6665
7775
6925
7658
4918
5592
780
5170
1691
1684
692
6802
8116
4169
2315
5006
5106
6074
7948
836
5368
4221
1530
1738
1210
5558
4727
6307
755
3430
362
6757
794
2394
1418
6634
6578
2991
7864
7498
1726
4051
2505
3724
930
3177
2653
866
317
3832
3440
7828
4726
311
1922
4208
2834
4967
4082
4680
5842
6930
6425
5003
5180
7616
4923
1495
3807
3879
3957
4313
1365
626
5749
5379
1326
3566
1115
6871
4551
5147
4824
3732
4871
4360
6269
6734
1516
6211
1348
4361
1739
5348
4267
3646
3752
2683
813
1310
178
4138
610
1080
7060
4008
7193
7557
4108
7850
1406
5713
3259
2378
3728
2324
890
780
4726
4946
4437
6045
4143
5283
3631
8168
1874
6896
8052
5468
7738
130
3827
7311
3879
6695
6234
4383
6822
5369
5052
7073
4980
5156
1235
6070
641
3817
3193
1210
633
7206
1758
4613
450
7090
4224
1950
7181
5379
4171
3388
130
8163
624
1791
7375
6801
5389
6386
4493
4271
1626
7793
1145
4974
3041
7293
3248
3385
3608
6871
5523
7420
3893
4835
4056
2374
2520
6495
1390
381
1481
2101
5003
7778
5855
7446
6394
1609
956
1076
2579
785
197
3371
7066
3366
1451
3193
7498
2834
3883
5011
8157
2034
6830
600
1181
4211
932
5191
572
4518
4600
6781
3857
6750
2047
1468
820
1595
1224
6357
5408
4007
2515
5422
6610
610
2498
7446
8003
4421
7677
5191
7972
335
5998
1893
8011
2150
7188
3168
6295
6509
7235
2146
26
2419
6355
5591
2404
4053
3631
2661
4017
6498
6552
4872
2476
6019
7308
2726
2183
936
3519
2114
7123
7524
4125
2192
1154
1550
6075
7547
7401
3439
1046
802
5839
5551
4457
2443
7909
5482
1576
2684
6069
704
1739
6973
6346
1537
846
7855
6394
331
3916
4361
6645
4238
2635
4702
2533
4834
1181
1597
7945
3849
3478
4698
5868
8093
8155
3645
7564
882
1160
7012
1600
74
5489
5382
7598
7660
2301
1695
371
7777
6058
30
1046
6482
1154
3420
4727
2560
1155
1765
1384
3647
5019
3391
4880
3589
6306
2560
5904
7510
4053
7452
740
5319
1083
3432
4361
5572
476
8185
7546
35
1
1680
1649
6291
261
5010
6306
2376
1830
7871
4812
2737
6271
6746
2054
3153
3416
4399
4053
1506
3816
6005
332
4689
7398
2411
395
1535
35
6656
137
5099
6053
3702
4876
6070
6820
3367
212
5874
1180
7187
5226
1951
2516
1852
1818
643
1035
2629
4876
5155
6472
1042
4112
6396
6993
6271
8011
6552
5024
472
331
1051
600
3677
1478
4194
5247
361
5839
5833
5705
8159
4727
1082
7296
340
7830
5048
5010
5748
1658
3480
3642
2356
3405
1649
6759
6215
3266
7294
3068
2318
1309
7777
2737
2418
4876
6593
6396
6651
5247
7598
4729
2558
6437
4338
5107
3415
4519
124
978
3095
1021
7798
7235
6031
418
4740
3981
6003
2192
7745
6548
3577
7670
912
3687
7187
1794
2232
7675
4106
3581
7684
2850
7844
6215
3252
2001
3966
6475
6058
777
393
4605
4112
2661
600
7491
4651
7416
5171
2661
3691
928
3888
4004
3687
7015
1550
949
6306
4150
67
7864
849
3266
7015
3095
1411
5173
5343
1163
4853
6958
7205
2957
1312
1230
1997
5451
6132
5376
1062
6833
1082
5319
1124
1767
7437
4004
6128
3263
2268
6603
218
846
7701
8109
3438
2974
7866
3588
2175
2005
951
3121
7301
6393
680
5351
2496
