0
0
0
11
3
0
0
1
10
0
1
0
0
1
0
0
0
0
0
0
0
15
1
4
0
0
2
1
0
0
2
2
0
0
0
0
0
0
0
0
0
0
0
0
0
0
0
0
0
0
0
0
0
0
0
3
0
2
0
0
0
0
0
0
1
0
1
0
0
0
0
1
0
0
0
0
1
0
0
0
0
0
0
0
0
0
0
0
0
0
0
0
0
0
0
0
9
0
0
0
0
0
0
0
24
2
0
7
4
6
0
0
0
0
0
2
1
0
0
6
3
0
3
3
0
0
3
0
0
0
1
1
1
0
1
0
0
0
0
0
0
0
0
0
2
0
0
0
1
2
0
0
0
1
0
0
0
1
0
1
0
0
1
0
0
0
0
0
0
0
1
0
0
0
0
0
0
0
0
0
0
0
0
0
0
1
0
0
0
2
0
11
0
0
0
0
0
0
0
0
0
0
0
0
10
5
9
6
6
1
26
1
2
4
5
5
0
37
0
1
0
11
2
2
1
2
0
0
0
1
0
2
0
0
0
0
0
0
0
0
0
0
0
0
0
0
0
0
0
0
0
0
0
10
0
0
5714
750
7745
3291
4644
7522
7860
1792
601
7995
7051
1049
5436
5831
915
6406
1607
5279
1430
8091
5077
5911
4670
4475
2328
6000
3942
671
4139
6481
4074
374
2112
7452
3348
5746
7344
3175
5730
4467
2500
8160
1160
7591
6181
5013
5020
1713
7976
4542
7806
8106
808
3661
6306
3258
7910
7038
3942
2901
3572
2851
3168
2939
1787
2405
978
8000
3933
340
1075
4365
3287
4348
1279
508
5168
4670
6454
3816
6059
4846
7377
5507
1579
1928
4911
170
4679
5779
4004
6135
1621
1550
6587
1863
6545
2303
5746
5829
7915
3682
6393
4004
807
5173
2499
2684
7585
718
2080
3584
4914
5534
648
1005
7897
6380
3861
5191
3661
4103
1055
4374
7986
8105
3661
601
1621
6150
6830
8155
7455
7049
7229
5998
5168
3304
1607
6002
2362
6426
4595
2071
7656
103
516
6394
7935
7283
7935
6698
1155
2361
2489
202
3326
6552
8065
3454
1188
5574
2379
5643
973
5272
212
6271
7258
3941
6189
4478
6158
4159
8085
1210
7265
58
4487
2387
6159
4012
5003
8008
500
5031
4712
4478
5326
7868
2773
5661
5248
1776
2850
5888
1589
2130
450
5735
2073
3193
3688
4946
956
5303
5068
1027
2801
4807
3206
1150
3868
3879
3836
7510
6522
2892
744
2737
6510
4346
6276
4089
1949
3602
3455
30
5248
4502
2960
113
3836
7498
4537
2295
7690
3724
6928
2523
3392
4230
4006
3884
7569
712
5681
3922
4030
4008
6509
6587
7583
2017
1917
8167
5200
4293
1447
3457
2248
4600
1336
4848
2621
4814
7172
6943
3563
3828
8175
1930
3516
7055
6157
3884
7409
5445
1336
4392
6716
113
143
5751
1050
4852
7645
6469
4702
7582
1546
4812
1765
3072
7275
1093
2158
443
1418
3824
947
1939
6767
5251
3435
6865
399
6555
6458
7448
4885
2893
7274
125
5170
1931
1765
3481
4236
1849
4716
7739
7070
6645
3826
8085
3987
594
2188
5852
8069
1235
5041
127
2733
5734
3152
4517
3680
2930
4561
1479
3423
537
654
3933
7498
819
3600
2271
1011
575
615
8106
1917
3012
2660
5565
1628
3507
8008
5760
4282
2430
4758
1450
3055
703
3788
5904
3155
5405
1548
2625
3035
2924
7786
5198
2315
2000
6656
1699
3483
2645
7230
1550
1784
4329
7871
1006
1005
2432
3387
7450
2476
836
1685
6996
5653
4740
4516
2119
1872
2975
3789
3938
1016
2658
130
3245
3267
2351
4007
5801
2916
6548
674
4934
5945
4818
4208
6610
38
6374
4746
2310
4822
186
5308
5732
5166
6199
1732
1150
1536
7721
1853
7261
3101
5003
6555
3636
5156
6053
3600
6393
1447
4920
1467
5756
418
2596
4159
5603
3820
4373
1096
4803
7282
2312
4703
2365
5560
1407
7327
6122
5681
1810
6758
1780
3334
6231
2004
5560
8133
6989
1616
1029
5998
1160
921
1483
5322
3324
3652
868
570
5164
6758
846
6122
716
5263
1890
6829
4339
1398
2967
2903
7911
1536
1220
5718
7743
7488
1780
7189
315
7778
7784
7236
6761
6495
7781
4651
6163
5976
7346
4610
6313
4635
6273
1864
7723
6889
3904
2915
7282
3743
6996
8190
6993
4174
6511
6694
6819
1474
2945
5189
7201
2627
4291
7153
5181
1689
98
8160
1060
7499
4589
5144
7714
3152
1163
6273
3722
5752
5122
3649
6847
4160
6761
3096
124
5582
7721
2317
6758
6582
6555
1732
587
6425
6897
3477
348
4628
4341
215
5801
33
5592
1806
1123
5522
6200
5131
2747
4822
1653
2196
5419
5945
5945
4339
4918
4802
4204
4996
6328
8112
6322
8187
6594
5315
6811
5343
2533
6481
1076
332
7675
4835
734
3945
7035
7743
4473
1365
2984
4593
2280
3933
665
5143
4574
2826
2462
1352
2582
3992
2197
3151
4347
193
7966
4108
5297
7468
3253
8
4628
3348
7699
5003
5852
3956
4141
6518
3243
1666
7213
2813
2352
6531
6823
2249
4271
4318
3791
6190
4347
7119
4019
3092
1591
25
8132
5603
1048
1595
1024
7093
1594
3809
5507
7708
3193
3953
4154
7251
1633
4030
4159
4409
5306
5810
2622
1169
3101
3117
1153
3603
7276
2038
7315
3530
10
4700
3696
6846
4114
1589
3959
3252
6307
3259
7596
5471
218
7241
7221
2579
1768
2810
7605
678
846
3259
1554
2924
3013
8168
4803
4506
6172
6546
2127
1095
3072
1847
6993
8160
6677
5594
7941
4478
4852
484
6799
7350
5603
3601
2834
4953
5451
738
3472
3836
125
2954
63
1609
3603
6268
354
1230
1272
133
6322
3824
5325
5251
5681
6048
284
5662
686
1275
3358
266
5191
7670
167
8010
6880
7400
1861
8173
3335
1704
1336
5278
2940
3994
6019
7818
6618
2365
7564
3802
8133
4822
5770
4220
7137
2586
2796
1550
1279
7827
3584
3643
3391
5112
721
7259
7446
5384
371
537
8134
7865
1895
5365
6767
455
4051
2884
1899
2795
541
1127
244
5103
2619
6033
819
7205
7980
7784
3861
5687
7165
4067
1243
6068
83
5283
3763
7857
3960
427
4602
587
462
5383
3791
6943
3060
6372
5247
3534
5666
148
2430
2566
4305
4693
4448
6447
4809
2260
7982
472
3953
6441
6216
6520
6709
2257
3524
2777
1709
1931
6041
7082
8142
5622
5847
6219
127
1591
6654
130
5976
2276
2314
6435
92
1620
591
5430
5173
7229
4600
1713
7591
2764
5998
6746
5584
4233
5343
475
4729
6645
7153
3934
4980
7574
2691
2619
7537
7870
1141
7206
4208
1758
1700
6743
2411
5408
8030
7570
4618
2130
1023
2361
7670
1024
5048
6972
1105
5024
5650
3347
7153
3469
1686
5275
3022
3682
6297
5926
734
2523
1605
5078
143
1483
3192
7309
7408
4472
6371
1765
4020
6058
2166
7190
1589
7665
1979
803
7049
7548
7753
6294
4667
3159
4472
2684
3433
7012
8167
787
4323
2410
4809
3893
96
3326
4578
4007
2214
896
2634
5877
942
6789
1664
4372
148
6454
155
1958
7596
3656
12
1090
331
2645
1023
4472
1037
2629
5738
2986
96
5120
6552
7877
4011
5288
1155
12
2661
6415
1787
1209
5220
3123
4018
