0
0
0
10
3
0
0
2
9
0
0
2
0
1
0
0
0
4
0
0
0
12
0
3
0
0
2
2
0
0
0
3
0
0
0
0
0
0
0
0
0
0
0
0
0
0
0
0
0
0
0
0
0
1
0
1
0
0
0
0
0
1
0
0
1
0
2
0
0
1
0
0
0
0
0
0
1
0
0
2
0
0
0
0
0
0
0
0
0
0
0
2
0
0
0
0
7
1
0
0
0
0
0
0
28
4
0
10
7
8
0
0
0
0
0
0
2
0
1
4
0
1
4
2
0
0
1
2
2
0
0
1
0
1
2
0
0
3
0
0
0
1
0
0
0
1
0
0
0
0
0
0
0
2
0
1
0
0
0
0
0
1
3
0
1
1
0
1
1
0
0
0
1
0
0
0
0
0
0
0
0
0
0
0
0
0
0
0
0
1
0
9
0
0
0
0
0
0
0
0
0
0
0
0
14
5
9
1
7
4
26
0
1
3
4
3
1
34
1
1
0
10
1
1
0
4
0
0
0
1
0
0
0
0
0
0
0
0
0
0
0
0
0
0
0
0
0
0
0
0
0
0
0
10
0
0
7419
8025
5643
4575
5928
3220
3959
3004
4569
2796
7419
211
6417
631
6227
1787
5750
6864
4317
5129
4291
2650
8025
2066
7940
4670
592
4399
4651
389
3223
6635
5129
4568
8025
215
215
5489
1944
7871
7153
7665
2860
649
7901
3326
4291
53
4465
6541
5948
6038
6914
6384
1209
6395
2182
1776
4419
3600
5874
3188
392
4146
7223
2061
6447
3207
437
2773
2080
5507
3071
202
5744
2901
5181
1209
4920
4207
1948
4670
2737
783
568
6393
3959
2074
5507
4609
1944
4914
764
2901
2657
682
2676
2066
5013
8055
6588
7484
7049
6818
5019
7484
4892
1209
1224
1523
1776
3389
4707
4238
6089
1765
1944
4202
390
6298
3483
7982
3504
472
1672
1209
7451
6255
418
46
4644
6417
1739
4202
3389
4575
4202
5507
2483
6848
1922
591
1852
912
5209
6721
2625
6494
2514
6912
6699
3289
6041
6417
5019
6737
4297
5153
2513
5750
7246
7376
2650
418
215
2663
5608
3631
2269
2667
5852
4006
5812
7840
8026
6754
696
2153
1612
5638
2153
7105
5389
518
2777
7956
4270
1595
2271
255
2907
5489
418
5874
819
8127
6384
899
7654
1887
3833
5641
7359
3990
3820
2472
3662
2621
7824
7879
6489
1802
1955
1489
1806
6006
1027
390
7405
5220
783
7956
7258
1075
2796
3741
4867
3963
6436
467
7690
4305
6855
2833
4715
4995
305
650
2819
6496
6534
6434
3309
7554
3172
6199
4706
190
7007
5644
2080
3443
3021
4146
6245
1969
5129
1836
1442
7872
8146
5352
1144
2488
5169
6171
3918
1604
2079
7569
8049
620
455
7068
166
6133
6518
6947
2656
8149
195
6890
2368
116
3165
6415
4089
4878
5750
3577
2676
1669
57
4706
7773
5096
6027
5068
2058
4923
3529
4307
2286
5968
1955
3472
5159
5303
4595
179
2893
3103
3898
1832
6603
5754
4952
6384
4616
4716
6544
7451
215
6646
7257
5014
3035
6074
453
4869
1210
3537
495
7481
2183
5481
7326
2897
3083
7216
3385
7351
1145
4269
7511
661
490
4390
3785
6495
4569
960
6553
4569
4214
2205
6767
4147
775
99
2120
954
665
6313
6459
6780
7944
1815
6171
3775
474
2196
1479
6397
1955
2259
1842
4169
3327
5505
7901
7452
1209
4475
3477
3123
4845
5313
1153
5177
1006
4032
7386
6256
1714
6700
5354
4998
1753
5402
7463
5745
4087
1554
1847
3652
3412
5718
5976
2473
2871
1390
6999
4708
7520
215
5798
1774
7812
6158
5955
1601
6788
1640
7360
4087
7017
5049
4204
587
5402
6154
6789
6237
1684
4777
3061
8141
3567
66
6261
2432
732
563
6864
4568
7887
3585
5279
6553
5184
6090
8134
528
719
603
4081
3752
7681
1006
6063
6695
7134
3668
6198
1929
2167
624
7376
4607
5885
3343
7091
6515
7991
7605
67
7582
5364
1988
5798
8025
1059
5505
7649
6819
1127
6889
4984
1956
1322
1006
2384
6975
2557
2727
7176
1129
6650
2312
3346
4308
2185
1895
6905
7215
4158
2769
5357
2815
3068
568
7872
7223
7311
809
1651
407
4539
8133
5557
2297
6261
6804
3582
5026
3264
4096
3055
2915
3645
5269
4400
5334
4859
8168
160
5926
1712
6783
4576
5186
7745
5077
8025
4338
6582
5339
7077
8008
6161
7450
4127
659
1300
1482
3179
7726
7697
4635
21
5681
130
3734
6646
5813
6233
1127
752
2924
6918
5228
2158
6607
2104
2916
7872
6205
1804
5950
6622
7283
4145
1840
6780
6800
6985
1641
6788
6515
101
2747
6849
1556
1422
7216
1626
5884
336
5352
8135
8176
6626
5156
5713
1806
568
1620
6384
5775
7473
2148
547
1691
735
1189
6479
315
2190
1712
455
5876
4486
1299
5696
5210
2312
1027
1299
7283
805
3546
4032
1674
5159
1940
3221
7557
96
3959
5798
5775
1612
1251
4953
2262
5791
986
1661
6841
5014
5396
5770
4208
901
7075
2881
5919
3645
5362
3868
2113
6434
5749
6131
6261
3756
691
2738
4838
3657
4415
1774
7236
3763
762
1964
3092
7281
6600
7130
7631
5303
173
3143
5518
735
1482
7457
7438
3264
1885
7185
745
720
5219
5119
6374
2455
242
2102
6999
3610
7901
5279
5129
3963
2722
1797
174
2523
6896
240
570
4724
6476
3197
3579
1251
6875
6392
8070
4311
7944
5852
6033
669
2440
1189
7337
5406
745
4850
83
2558
2464
5129
5874
3562
2688
299
1115
6022
3428
8173
2259
7283
1310
8017
8005
7605
6655
6476
5300
382
4127
3648
7656
5303
2819
5939
1874
7075
2117
929
4448
1917
1023
170
1727
4569
2676
7864
2656
130
542
1825
844
1481
3882
594
3563
2190
3768
4996
829
6531
5170
6665
3036
2658
8152
1211
498
2619
6300
2560
7389
1029
4809
960
3585
3477
3741
2285
3567
1499
4187
25
3435
453
4593
2393
4305
1628
4875
4996
6691
2735
594
2455
2893
3734
1923
1778
6398
8008
5458
6384
3656
2421
2130
6384
7419
4575
1664
1209
1209
1841
8049
5943
3445
2933
4551
3385
6551
2993
1372
6404
6479
1288
1923
3028
6231
3133
5286
1251
1848
5011
7063
7419
7940
4867
4644
1774
8025
3207
8025
5412
3542
2066
2534
4850
4221
624
3132
1230
4497
7241
2566
5718
1715
2547
6626
2095
8134
244
4802
5907
52
7790
4735
4888
4575
3542
8025
393
5129
1774
2061
8025
6791
7615
960
94
3913
171
2508
3769
3609
5159
7918
2007
1566
3807
186
323
1947
2101
5757
3659
3136
979
7419
1938
1217
437
7665
5507
1595
4569
3220
3240
1774
1774
1776
2676
5599
2465
2676
3629
3752
405
637
7473
7846
4436
5047
5506
1233
3507
2856
1209
2773
3947
6553
7419
5275
2696
7408
390
6271
1595
215
4892
7049
3004
7940
5129
7673
7223
3741
960
2676
2465
3542
3100
2625
6816
1276
7871
2465
3483
2777
3741
7229
425
1944
2676
7190
2405
2533
4867
215
2285
5687
2080
8160
5858
3600
4698
4207
4207
3240
7223
4475
3123
7506
7419
2411
1243
6384
215
3741
7246
3494
6761
2411
7246
2736
7190
5643
3741
6271
