0
0
0
11
0
0
0
1
8
0
0
1
0
2
0
0
0
4
0
0
0
12
0
2
0
0
1
1
0
0
0
1
0
0
0
0
0
0
0
0
0
0
0
0
0
0
0
0
0
0
0
0
0
2
2
0
0
0
0
0
0
0
0
0
0
0
1
0
0
0
0
1
0
0
0
0
0
0
0
0
0
0
0
0
0
0
0
0
0
0
0
0
0
0
0
0
5
0
0
0
0
0
0
0
21
1
0
7
3
6
0
0
0
0
0
3
1
0
1
2
2
1
4
1
0
1
1
0
0
1
0
2
1
1
2
0
0
0
1
0
0
0
0
0
0
1
0
1
1
1
0
1
0
1
1
2
0
0
0
0
2
0
1
0
0
0
0
0
0
0
0
1
0
0
1
0
0
0
0
0
1
0
0
0
0
0
0
0
0
3
0
10
0
0
0
0
0
0
0
0
0
0
0
0
13
7
8
2
3
0
22
3
2
1
4
3
0
21
2
2
0
11
0
1
0
3
0
0
0
1
1
0
0
0
0
0
0
0
0
0
0
0
0
0
0
0
0
0
0
0
0
0
0
10
0
0
3004
4475
3225
559
2676
1787
6796
6677
8025
7872
559
4712
1593
3477
6417
631
7986
12
4011
559
3004
3600
7901
5408
4146
3220
6258
2106
6818
6481
6635
3291
7940
6053
6053
7665
4914
7901
1776
7190
3851
1279
1787
4004
5778
5874
390
698
2968
1049
7720
4238
7673
2137
7989
5579
3240
5129
3240
348
536
4600
4293
682
4475
7940
7615
5288
5650
5594
1425
6135
7190
3071
202
2507
411
1238
2061
3483
6553
6796
3942
2968
4164
5404
2343
5594
914
6135
4233
5073
6089
5687
6252
283
4569
3741
7872
4399
5579
4317
2182
6818
4569
1776
6135
2343
7868
5650
2465
6799
4190
8025
5661
6447
6447
6053
5874
783
5874
5412
4291
5637
2309
979
4712
6357
559
2777
4475
2309
5775
4214
960
450
5517
2777
825
3916
5110
400
4208
1887
926
5418
928
6358
948
7116
5474
1420
3927
4214
1359
3584
211
472
3240
1593
5619
215
6395
4568
96
1378
7022
4950
5024
3526
3516
7181
7848
2804
1016
7677
449
2234
5657
6696
5640
5885
3315
311
953
5313
670
7190
5048
3389
4670
6945
425
4644
5288
5619
4146
4146
7705
6436
5596
282
3990
6841
7450
6158
2714
1609
7600
7206
5307
7035
7960
4305
2897
771
5550
5471
5052
5354
6227
3443
3631
7784
1774
4569
3741
7820
3020
3432
7872
553
6918
3330
5763
6782
5565
3724
2095
6328
3193
6397
5885
6177
2428
6159
5300
5718
3537
2858
7824
57
1532
2411
1620
390
2851
1049
1631
3504
7205
3741
7321
5052
240
5352
4814
6518
2810
5885
5719
1629
5621
3820
7751
7858
4336
3546
3828
754
4457
6896
1628
8146
7423
1709
4399
7596
3986
5290
4017
5701
6635
3741
4999
4665
2085
2095
2013
5943
5103
38
4850
648
5969
5159
648
1629
3815
7530
843
1114
4918
7944
7987
3310
3529
6194
7451
3454
1944
7827
3686
6384
7419
4641
7130
3869
1426
4078
1409
954
2190
4436
8125
1840
141
4024
7276
7569
455
2004
2653
2810
7985
6835
2436
5017
2058
1960
5267
46
332
2466
5748
5928
2777
6337
5885
1530
3736
3472
1065
7599
5027
7543
2352
3493
4025
5431
262
5303
4457
1189
6319
1300
6231
1392
5047
377
4855
7837
5241
7190
6384
1863
4914
1863
1672
6653
6158
2455
1705
2702
463
5303
5870
159
3244
2338
2346
6078
5493
4640
2224
4308
5402
7710
8168
5968
773
5882
5481
2440
3606
4202
5129
960
6384
1664
425
6494
1741
6476
4999
7145
4974
594
64
7566
2432
788
2359
585
5920
5888
4744
5732
5184
2498
1271
2757
2757
4850
220
7361
4221
709
8025
4569
6384
7872
538
7181
3256
5995
2148
1726
189
587
5741
7450
5718
1501
4766
4027
534
3245
3083
2476
1139
1314
5721
234
5389
6515
7881
1923
563
5999
7419
4569
7419
2676
2499
648
2180
861
6372
1639
2276
3752
5396
3138
2384
7362
2557
5913
1907
6583
8059
2317
4124
6569
4943
2725
1756
3829
6646
6090
7605
5245
8025
7872
5928
4609
7897
8142
1890
4822
4808
6063
4953
3019
3764
3336
6192
6171
471
6697
1556
4170
6685
3111
4215
5402
3768
2871
5995
1456
5872
8005
701
7062
8025
2676
4207
623
3990
7409
6413
3062
6496
6418
2488
2673
4159
5132
8175
6536
1206
4623
4300
4124
2527
5040
4850
1937
5135
3471
7014
1063
5788
6158
4373
6158
7872
4712
3741
1502
5389
7991
784
7649
6719
3273
7733
1564
7760
4995
38
5333
2559
3364
6710
6340
6027
2352
7191
4814
4366
5222
1940
6966
6083
4885
5995
3537
3225
4475
7419
4136
3757
955
3820
5203
6345
1878
5369
2693
1902
3424
2853
1848
6108
3791
7611
4595
1810
963
3493
6516
7842
2733
2826
4389
5034
7732
7950
2605
8025
7419
3542
7647
5771
4983
8134
60
7311
1715
4407
1065
4490
6525
1704
4409
2107
735
7594
3532
8047
6819
399
5621
3763
5917
4483
7115
843
5434
3343
6408
8025
6553
6677
7223
2101
3463
449
3045
2713
305
4923
4633
4305
5919
7985
3013
6351
1914
5570
7278
2834
622
6174
4897
3987
2709
5684
5300
6161
6623
8168
7082
8025
7872
3542
3480
2750
1445
3301
3241
4870
7014
4032
5179
694
2190
1939
3319
7879
2616
2375
7657
1189
1683
3179
1741
5044
7599
2577
1947
7655
622
2819
3011
8025
4569
4058
288
7419
5361
2886
7950
550
7466
6966
6313
7708
5331
2058
3361
4626
2752
5570
1645
5369
3035
8005
1203
4770
3820
7649
1479
2158
4943
2158
825
6384
4569
6553
1776
6417
4569
6010
1410
3061
148
6654
5577
7656
834
6559
6194
6812
2162
6169
6145
5493
6416
6476
4220
3843
1968
2247
2590
8069
1605
2165
1620
7223
7419
8025
45
3959
4569
1209
1031
1977
1189
6070
836
3534
1136
3472
1202
7200
883
7993
3554
4503
7935
5827
5300
1858
463
2655
2196
3836
2738
5288
4950
591
6384
7419
2676
6384
1550
4202
6384
1069
1612
3603
2316
1732
1940
4154
7560
4154
5943
7324
5582
3700
5538
5589
3243
547
2270
6406
2561
3101
4061
6000
7408
538
5909
6384
8025
2676
1948
4569
2285
3542
3081
7701
7985
6964
3988
6764
7568
4033
4409
5589
1260
2538
2393
2517
7935
4990
2658
6655
196
2175
3240
348
7445
2777
1595
3861
6384
6384
2676
2343
3188
4569
3741
6857
7932
4599
6174
6330
7571
4621
4602
7209
5166
237
1089
7803
3933
6624
2140
242
3100
1209
4644
7940
7419
5279
6053
1024
2192
5279
3240
8025
6384
3240
3244
1776
7615
6384
5428
4599
3659
2508
7091
7760
6913
7326
5534
693
5912
5016
6557
3528
2560
437
6588
907
3542
4202
1776
979
4007
4317
1279
4074
1244
5798
7223
1774
1774
3542
6417
7419
7872
5428
2835
1681
7117
3125
8147
5952
2534
825
4644
1774
138
7890
5715
8025
2736
3220
4202
5928
5928
7484
3068
1523
3290
1156
5112
4575
702
1244
5643
2343
7419
7223
6384
2938
5714
7451
390
2676
2796
6677
6677
7872
348
1576
2986
1926
2066
