0
0
0
9
2
0
0
1
9
0
0
0
1
1
0
0
1
0
0
0
0
15
0
5
0
0
1
2
0
0
1
0
0
0
0
0
0
0
0
0
0
0
0
0
0
0
0
0
0
0
0
0
0
0
0
1
1
0
0
0
0
0
0
0
1
1
1
0
0
1
0
2
0
0
0
0
0
0
0
0
0
0
0
0
0
0
0
0
0
0
0
0
0
0
0
0
9
0
0
0
0
0
0
0
21
0
0
5
4
4
0
0
0
0
0
3
1
0
4
7
3
4
4
3
0
1
0
0
0
0
0
1
2
1
4
0
0
0
0
0
0
0
0
0
0
1
0
1
0
0
0
1
0
1
0
0
0
0
0
0
1
2
1
0
0
0
0
0
1
0
0
0
0
0
1
0
0
0
0
0
0
0
0
0
0
0
0
0
0
6
0
7
0
0
1
0
0
0
0
0
0
0
0
0
12
6
8
1
1
3
24
3
0
1
3
1
1
29
0
0
0
11
0
0
0
0
0
0
0
1
1
1
0
0
0
0
0
0
0
0
0
0
0
0
0
0
0
0
0
0
0
0
0
10
0
0
6060
6818
607
3645
4361
4016
2199
7972
5412
4735
5412
3022
458
3538
7304
4952
2610
138
6544
2303
5619
3071
5798
2861
6645
671
7866
3728
4290
1744
1254
870
2463
5868
1341
290
4839
4210
1780
7926
5997
3577
4224
96
5596
323
5507
4735
7919
2164
4361
4319
7377
3577
1331
7160
98
2620
6222
3526
4319
2671
6320
2939
7437
2315
215
5661
5037
8018
5024
1494
6973
5997
1343
7187
6577
831
1926
6371
2415
6263
4399
5045
1571
7591
1949
559
7640
7059
1425
6677
4569
5798
3066
1607
2499
243
2613
2773
5214
1611
3477
1789
5120
6947
5105
3151
6145
4131
5947
5283
6469
1664
4507
5108
3066
1672
899
5129
5445
6041
7484
7737
686
2854
3888
6384
2274
3440
4051
209
1774
2104
394
1416
5947
610
537
7276
7375
1738
4437
2224
2616
6683
1514
594
396
1746
8048
308
600
6332
1595
3067
7679
5998
98
411
5225
6761
4475
2249
88
3568
7174
4436
2224
3563
1930
3566
2231
4234
3334
6814
7991
4715
5330
7637
2177
7777
3728
210
3098
974
2071
2784
6053
5805
4716
4340
5850
7997
3071
4004
8190
7137
7605
7942
3554
1633
1481
7473
1562
7463
7630
7488
7881
2816
6022
8100
7784
2192
5292
575
7011
8039
5835
5314
1414
5165
698
4065
1962
1954
5382
820
572
3073
7667
7881
3933
10
4208
3050
4292
3435
5448
1506
2582
1485
7630
618
4304
5307
5911
1124
575
4630
5020
1830
2676
1949
3851
6454
6746
2557
5439
210
3203
2834
1691
5505
2095
7914
1396
5694
6397
1643
3666
732
2428
7638
7604
5170
4336
4128
3603
8011
5242
6082
2419
941
4372
2483
138
5364
4522
5363
6295
6652
1418
4
7287
944
809
7561
6361
2381
7261
7409
1855
1397
368
1566
6268
5876
7346
2020
3566
637
3835
5267
6104
5514
480
6828
7233
7426
675
348
4703
5926
2834
1968
4437
3566
7473
2065
2915
4079
7254
1726
6492
7495
4487
6323
3896
2566
734
6231
762
6806
5926
4841
212
6429
6871
2299
8190
174
5428
1350
4378
5179
3050
3463
1704
2682
539
3652
7649
4410
3515
325
69
6589
6764
6882
3249
1314
5368
4006
1460
3836
6413
5538
1129
5344
7722
4771
2671
2836
1411
1664
2280
7916
7383
3920
2547
354
4721
8168
3868
826
2683
7262
6249
1462
3153
5332
684
4047
732
7329
4746
2101
5251
2301
1028
4273
2892
6810
4926
2628
6810
3682
4442
3559
2207
6819
7537
8162
1107
7400
2746
6983
4595
2622
4086
2637
2801
3924
614
3478
5411
3367
6319
2058
7082
4960
7725
2778
6578
651
6968
4873
2831
3572
5324
3212
3190
6695
6780
70
513
4807
4869
2498
2498
7730
7383
6468
3681
4444
5708
6035
5538
3535
3554
691
5876
3649
973
5254
1307
4888
6677
390
1361
7011
2279
7593
6459
2412
7708
6159
7616
6964
2536
1093
2371
1956
7079
394
4997
5760
831
626
4807
4220
196
2428
1016
7689
7419
1852
6517
4481
4569
5715
5054
2778
6053
2520
6687
7409
2393
6516
68
720
7881
739
4579
6925
7537
3515
2552
184
4493
4213
2790
2910
7346
6676
3382
450
6188
4858
4965
2960
3469
6234
1331
1989
6708
5106
944
7677
8099
720
720
6083
1017
2460
5815
4174
2622
7644
7908
5521
665
5463
4266
5523
3879
1144
2917
6681
7823
2748
3862
2130
383
2328
7419
3398
2489
4112
2508
3193
6811
3788
2487
5722
3710
4833
7919
4489
824
7557
3554
5096
5521
1522
675
4990
5603
956
6516
5805
4065
4312
807
3894
4530
1893
4224
1478
5454
7570
3835
901
1556
4487
7182
8008
4637
5034
1016
936
3385
6605
2384
1643
3083
7466
1080
3249
1715
1605
1525
3481
2419
6031
7005
820
621
6411
2728
921
7018
7484
5170
5745
4541
993
1628
267
594
1063
5170
4208
7307
1530
1847
8061
7312
2230
2910
2619
4211
5440
6025
3237
1697
5227
3433
4804
1024
395
4852
4077
6583
6148
2792
7840
1006
6157
537
1006
6964
813
1203
3101
1501
7730
7755
1397
7782
4230
7206
3828
6676
1692
2813
908
3022
2922
5476
7153
6201
6535
2986
3572
3237
2778
2661
5110
3324
3836
4220
3382
752
1397
610
7616
1460
2635
902
7442
173
2813
5306
734
3419
809
3101
7410
3713
3927
2684
1767
1154
2684
4618
4502
7148
731
1248
2259
4145
4437
6159
1804
292
537
7375
6434
754
1129
4942
5346
610
2622
5196
6685
2900
1202
537
3125
835
5191
1160
94
5344
1132
4253
6740
2474
7196
46
1540
710
2038
2352
4786
3535
4362
2900
5505
5558
1622
5694
1847
7667
3371
6932
3050
2393
5815
720
5608
2645
3927
5475
2624
5649
1846
28
3783
5214
5648
5536
2215
6805
5745
2653
6594
6966
6716
1005
4006
4875
2993
5681
1474
5799
2158
2915
2539
6918
2317
2233
143
5707
7588
3671
278
1941
1019
2441
2820
5344
1304
7006
3600
2150
3603
4275
3716
569
197
1081
6434
7667
6268
3706
2735
1933
8170
3603
2315
1500
4024
501
4873
4065
1944
8112
5191
5839
5163
2802
7040
35
5013
7501
6415
2541
1730
2065
5369
833
1923
5897
513
7346
2439
2539
2352
762
6981
4697
6603
3879
7881
5720
5507
4784
1081
6659
1281
6357
4238
744
1468
2535
6633
1213
3379
404
3162
1063
4264
5831
5876
3463
3463
1202
4967
4948
6801
6875
4131
3184
7864
5389
7803
3901
3741
5882
7353
2676
5679
7243
5102
411
4702
3439
3894
744
8160
4511
3457
8021
3966
6276
6828
518
6434
936
7873
5559
4607
6288
7383
2183
267
5353
2958
1350
4565
7103
5801
4784
3612
6613
656
1820
5276
4074
3636
7702
7350
606
7845
4939
5022
6218
7239
4630
8132
442
5007
5681
3151
2819
6536
5466
5714
7015
5428
3561
6497
4729
1544
4874
1569
3922
4112
4019
4515
2061
4448
2189
3482
1664
5276
4937
900
1524
5284
7034
3687
1488
8148
2976
404
1979
2441
8188
4390
6234
1864
306
7025
7517
500
5077
3290
3515
3698
