0
0
0
10
0
0
0
2
10
0
0
1
1
1
0
0
0
2
0
0
0
10
0
0
0
0
1
5
0
0
0
0
0
0
0
0
0
0
1
0
0
0
0
0
0
0
0
0
0
0
0
0
0
2
0
0
0
1
0
0
0
2
0
0
2
0
0
0
0
0
0
2
0
0
0
0
0
0
0
0
0
0
0
0
0
0
0
0
0
0
1
0
0
0
0
0
5
0
0
0
0
0
0
0
20
1
0
6
9
3
0
0
0
0
0
0
1
0
0
1
3
0
3
0
0
0
1
0
0
1
2
0
1
1
2
1
0
0
1
0
0
0
0
0
0
2
1
0
0
2
0
1
0
0
1
0
0
0
0
0
0
0
0
1
0
0
0
1
1
1
0
0
0
0
0
0
0
0
0
0
0
0
0
3
0
0
0
0
0
9
0
8
0
0
1
0
0
0
0
0
0
0
0
0
15
5
9
5
5
2
29
1
4
5
3
3
1
19
0
0
0
13
0
0
0
3
0
0
0
1
1
0
0
0
0
0
0
0
0
0
0
0
0
0
0
0
0
0
0
0
0
0
0
10
0
0
6605
2693
2224
2929
3674
710
1322
426
2366
5947
834
2095
8168
4107
1088
2905
4409
2656
6268
5732
8047
1136
8162
7732
1842
7723
6521
738
1641
3231
4802
3711
6075
4839
2498
2757
5815
6025
7407
4607
2371
5694
5346
6788
7125
3143
7106
7865
4309
2510
2870
501
1814
3355
8094
2152
4355
2393
6078
1810
1153
5950
547
3449
4243
4362
1940
2439
7129
7283
3956
4336
2681
6136
3994
2733
3005
455
3636
7172
4948
6518
8174
501
1814
6829
2119
7409
784
4145
10
3535
5300
5300
4802
3839
225
996
1935
3535
2498
2375
5691
3316
6463
133
4640
7221
2810
3597
7136
7244
3924
3288
1554
6253
1768
3933
633
5303
6896
3472
3611
7817
3371
3955
4953
8046
8030
2735
4751
1810
7307
7846
5560
5677
1071
7462
5241
1605
3193
1191
160
7542
5852
854
4160
7893
5255
849
4541
5131
4486
6205
7035
7257
7307
3652
6476
5815
3405
4334
2833
7106
6589
6366
7169
3674
2455
6283
5131
2412
1609
3918
5368
1814
6434
7649
1000
7975
463
1136
6528
218
1114
6171
5088
5976
6033
3324
5876
474
5553
7592
6982
5401
4309
6146
4145
2616
5401
3925
7362
665
6646
3925
3060
4111
603
240
4305
3000
1887
5201
5122
843
3904
5159
2993
474
754
336
4607
936
1856
4492
2306
7
6551
7601
4159
1805
6476
3371
1684
1482
1171
7732
4347
1500
3772
2924
2607
6966
1549
6504
3609
5766
5694
706
3335
996
4145
2819
2375
6536
7230
5168
999
1519
4689
2047
5234
4814
5757
1946
6943
3957
8003
7327
2884
4839
6985
958
738
752
3472
5009
3933
7911
7106
6313
5976
4996
2981
584
4880
1997
932
3747
5232
492
30
4472
3490
6694
3768
2249
3035
6622
720
7265
2167
1548
5983
5293
4154
6521
5205
3203
2543
1838
5369
565
6057
1988
4824
5494
35
5403
4825
1319
432
1009
702
1631
1938
3453
2271
3682
806
2700
754
218
7176
4410
3597
6313
5177
3355
113
5827
5855
2286
5133
2034
4842
2892
1732
1150
7494
8092
7437
1979
3158
845
6031
8163
6069
2378
7989
7956
7045
6489
2700
8017
4409
7326
6919
7852
7773
5131
4118
3178
4922
7708
7380
332
1046
2483
2672
4856
7330
5536
6746
765
3167
2186
5268
5452
3464
951
1709
5283
7956
1312
3541
3414
7292
5024
5374
5175
2802
3210
6321
2708
7887
2641
47
5128
1009
4812
3847
1345
7171
1824
3572
6437
1137
1048
1899
783
432
2907
4264
1589
7229
4796
5915
7645
2376
6427
1272
484
501
6108
785
5319
3449
2285
6906
2022
4533
5382
6517
3176
6654
1824
992
2405
411
3167
747
2854
3667
4329
1709
3358
924
5024
6737
4007
5997
4907
5045
7029
1479
7078
5843
5909
3647
2062
2753
5227
5335
5397
310
7524
1051
1532
1236
737
5517
6417
7110
1581
916
7543
4689
1709
7852
6535
4478
744
7781
4600
1105
389
432
3845
4753
1090
5997
324
5839
7893
1308
6720
2110
5078
916
7938
3145
4004
6009
536
250
6371
8011
7277
1017
7389
5805
2135
480
7153
1830
4067
5877
7699
4771
1302
434
1343
4849
1173
3535
5168
6761
3790
2229
1076
8148
6955
7258
5024
2684
5786
5332
4029
4492
1739
167
3740
332
7777
3168
5382
4580
1819
3443
4412
5382
7188
2540
1931
7013
5129
1956
432
5896
5896
4998
5428
441
4700
2483
137
3893
2894
4880
210
744
7153
6791
5567
2679
2104
369
4342
1856
7788
3469
3161
3120
5232
534
8058
6395
202
3134
5627
5896
1900
1468
390
959
3821
4350
5272
343
1849
7910
7823
7995
7902
80
3304
4703
3876
2130
4708
8014
2229
35
2280
7679
6437
3943
5288
2699
2499
1671
5896
5629
4543
3876
4322
6075
6012
1748
1750
5430
2999
1733
3773
1675
98
921
6395
7196
2654
5833
4881
1105
4514
1709
1217
7642
3196
4310
4419
6818
542
3158
1308
675
7041
2004
8025
2954
6480
338
981
7956
3773
8176
1719
825
2533
3290
6447
4841
6353
1287
8021
1395
2922
2863
5385
280
811
3167
3038
3927
5896
8160
5627
7138
7503
3066
4712
7753
4338
1160
6189
4224
7533
4874
6189
6366
7277
12
3066
4718
3886
87
966
2119
2119
5493
6189
4218
7882
7029
4708
6465
3146
284
8151
6253
5997
4050
695
3911
3790
7350
6761
33
7416
4796
6000
7389
298
5191
2791
167
46
6552
4771
6272
2225
6289
5222
1057
5142
2777
4251
4342
448
5226
1587
2868
3427
2916
5347
7887
5731
3262
1929
1971
7180
6737
7205
2002
4385
5777
6358
4318
2199
1209
914
7051
1926
907
7416
3167
2401
928
6668
4164
7028
5654
6263
4809
3266
3494
2541
7466
1769
2248
534
1009
5682
2346
5224
2229
3821
30
361
7418
2916
6460
7615
2796
7645
764
4094
7618
7803
1075
5778
5731
7588
4531
1824
5877
2851
2851
5720
6577
7948
7957
7180
4600
4067
4350
4009
4771
3262
7976
4880
7823
3668
5024
8073
7468
418
3482
4342
6861
6903
4027
1617
389
4479
8159
2802
817
4486
5153
5456
1060
3061
8011
4350
7258
2684
3077
3304
4812
3347
508
6700
7753
3588
5567
7012
2499
6170
2938
249
7426
1042
7056
4291
6262
320
3862
1600
2560
6202
2462
1494
7872
6068
8000
284
859
3381
3326
1595
7613
1029
1450
5445
3608
6327
4880
8092
2791
3788
4170
4442
6176
1213
7692
7503
8030
8006
5494
6795
4634
974
4852
3335
8025
3477
6058
7135
6571
6660
3981
6210
16
480
7051
6295
7135
2463
432
6309
7209
3291
3022
600
4198
4623
1009
3706
3299
7229
5290
4950
1029
7887
3191
6473
4628
591
7995
7012
4009
2152
6508
1163
3969
5975
1462
6460
8000
2509
3326
5102
6454
4239
6770
7872
8188
8191
3391
6361
5752
5785
6000
2788
4578
3469
2892
727
4352
5288
2560
7389
2166
6660
3085
7788
1057
2801
4847
2356
2181
1118
7389
7229
6068
2192
2676
6796
411
4857
4294
2002
1864
1899
393
951
6660
8046
1062
2916
5704
2771
