0
0
0
9
0
1
0
1
9
1
0
0
0
2
0
0
0
1
0
1
0
10
0
1
0
0
0
5
0
0
1
1
0
0
0
0
0
0
0
0
0
0
0
0
0
0
0
0
0
0
0
0
0
0
3
2
0
1
0
0
0
2
0
0
3
0
1
0
0
0
0
0
0
1
0
0
0
0
0
0
2
0
0
0
0
0
0
0
0
0
0
0
1
0
0
1
4
0
0
0
0
0
0
0
25
0
0
9
5
6
0
0
0
0
0
2
0
1
3
2
4
2
3
2
0
1
3
0
1
1
1
2
2
1
3
0
0
0
0
0
0
1
0
0
0
2
0
0
1
0
0
0
0
0
3
1
0
1
0
1
2
1
1
0
1
1
0
0
1
0
1
0
0
0
0
0
0
0
0
0
0
0
0
0
0
0
0
0
0
5
0
7
0
0
0
0
1
1
0
0
0
0
0
0
14
10
6
5
5
4
33
1
6
5
5
1
2
33
1
1
2
14
2
1
0
3
0
0
0
1
0
1
0
0
0
0
0
0
0
0
0
0
0
0
0
0
0
0
0
0
0
0
0
10
0
0
3497
1794
4614
6508
5245
4739
4812
3168
7647
4484
4268
15
1009
3615
3358
5027
3623
5494
4847
3237
1176
5802
1799
2131
7950
425
924
170
4475
4880
214
45
4896
2005
1248
1275
1699
3635
5973
7090
1962
49
2534
6435
3405
4100
7781
7470
566
5236
5027
5236
3643
6997
5551
186
1286
6320
1913
6320
414
7304
475
3999
3742
4349
7543
7971
6031
3773
469
7373
3480
3171
3816
1463
4740
5236
491
5652
1928
3368
5434
7829
2470
469
4194
3988
3083
1969
6945
5113
6989
1402
3146
6955
7235
3084
1415
7029
4412
7522
2380
3120
5661
7110
1075
1012
3367
7156
4338
5249
954
7164
6167
1082
3732
6656
6202
7415
2870
5777
8153
2577
3751
5338
2001
3824
6440
1230
7971
7505
158
1631
3849
7654
4348
5730
6514
6310
3522
613
7647
4061
6820
5785
1452
4604
992
1046
7039
5620
7520
5277
2637
4099
3691
2106
4372
526
6047
6422
1467
3615
1100
2215
4410
4190
3687
4499
5151
4501
2301
7293
3107
6128
3522
3128
4350
2441
4854
7230
7097
2586
6396
7213
2090
1230
6421
3773
3427
1279
2830
7437
7782
5230
3120
414
5891
4729
2388
5859
2818
646
7150
2998
1451
3215
4868
2609
1766
3105
7728
4576
5530
1839
7255
4596
4539
1514
5338
7235
1041
772
7845
3084
980
6600
5948
7086
8167
8168
4715
856
5052
1766
1283
1283
4610
5252
2605
2998
152
4868
4868
5597
7215
4972
6215
1497
1958
7188
1230
1997
2665
7229
7201
372
210
3322
4990
332
3563
5379
5017
6080
1283
3836
7605
2913
6811
5713
6615
5774
1616
3479
7082
1451
1758
6580
6822
2022
4280
6822
2286
5494
6355
8073
5906
2576
5385
684
1009
2973
5270
4393
4760
381
7073
100
678
5876
3953
5747
2207
3382
6554
4541
6605
4983
7412
4974
3607
2124
7113
143
4106
4215
750
1678
8011
6027
5118
2464
2552
1038
3953
732
6582
856
1297
694
2865
5003
1548
4624
6623
10
6582
2579
6723
2998
5597
7728
7181
2114
2830
4245
4150
6203
6279
5933
2705
6571
4464
1308
4700
1938
1502
5859
3327
3604
4868
6424
4890
6279
3189
3249
6088
4030
2746
2523
3330
362
2382
523
4880
4852
3168
1312
320
6230
3876
7321
663
6344
7127
5922
3185
2106
7301
5245
1501
813
7616
5379
4665
6699
953
5698
5474
4041
1766
408
603
7488
1930
8143
1600
1767
5805
2467
1950
472
361
3486
1879
1579
7123
3254
3185
2106
920
6799
1595
691
6947
3582
2440
4868
8149
7772
1687
7713
6757
7701
6854
6343
3503
3572
4880
475
3533
3056
117
2229
5354
4880
2444
5453
4264
4957
6202
1709
432
1279
6227
6698
5330
6879
1896
4123
1451
1477
6611
7925
7346
3620
2629
5806
252
3057
4708
5475
3237
3702
304
4624
7901
671
5254
116
3625
6154
3876
2830
2788
4950
5220
7070
3523
2377
3478
3755
4241
7938
5747
2354
158
783
6393
5650
6487
4881
2219
3599
5494
4545
5035
2975
1062
7418
3661
6335
5622
167
6958
2483
5024
4939
5120
4196
3326
5412
4596
6968
5722
1110
3645
1854
5334
7408
920
1090
5077
4472
7434
6926
1035
4190
3533
3079
5048
5254
7695
5417
3825
1347
6215
3702
450
4251
5805
4237
1224
4242
3483
930
7918
6296
3184
2520
2244
7408
7788
2520
7962
4478
475
2217
6593
2520
5236
2709
2370
2708
271
545
5090
3060
7505
5730
4796
6354
590
6503
3835
5385
5024
1177
4355
6296
942
920
7087
4020
980
3969
5537
8092
6189
7344
2470
558
355
3501
4418
4598
644
2708
940
5068
1997
7187
1849
649
145
6203
1452
1709
1090
7459
1494
5023
2254
3271
3980
5236
7187
1765
1395
7820
3504
3432
7051
3161
7907
4442
5447
7799
4256
7648
2135
6964
2380
1997
1709
7882
2088
7235
3586
210
4628
1269
5536
396
36
2137
522
4739
1009
5309
6548
1823
5906
6549
7928
7588
4670
7673
7479
1659
7405
1509
4979
3688
1088
4367
2483
744
4578
6789
4796
2483
1309
354
5322
4609
4080
369
6843
7604
4436
6568
550
7371
8023
3785
3750
6336
5423
7758
5074
7408
1997
4484
3336
1678
5144
790
820
2114
4630
7041
1852
7679
122
2061
1331
3173
4017
5998
2954
5326
5540
87
3927
4065
3575
3352
8137
3405
7343
7773
4517
418
1589
3682
2771
2266
4844
5110
6209
2330
4354
2972
4341
4342
4303
4297
7689
4703
4361
5998
6661
3585
6721
149
7491
3575
6824
4273
4934
5531
3684
174
2772
795
3254
7344
5120
3388
3012
664
3120
1468
1049
163
2532
94
4849
8122
5608
5867
4291
4568
4912
183
1235
7119
5012
684
896
7592
6549
5245
4007
4861
541
3773
526
4027
5928
5737
858
5361
199
5933
5091
5113
1621
5232
48
5376
5147
4340
5048
1593
7569
4636
3977
7820
1653
5904
3242
4112
2483
15
8153
1021
3487
3988
1845
7350
7596
1062
7893
7389
1769
369
6124
896
2464
1535
2608
4927
6613
4809
4809
2558
5719
2098
7882
2175
2336
583
4596
1235
2552
7492
2244
2898
5781
4067
1532
3561
3253
1509
4533
4504
1600
2995
820
3651
2001
7587
3322
758
2464
2271
255
2975
689
1678
4835
7545
7149
3933
5236
6706
3807
1937
4274
2916
6967
657
331
4022
5127
1100
7398
1819
4009
6674
6396
1707
5537
7389
1690
4366
6089
740
7011
2785
649
1579
414
7576
724
2077
6465
1492
7918
5277
2240
3432
7527
3635
88
3494
2225
6386
1587
6820
3405
4998
5472
5785
1224
212
7039
4443
5099
1531
3625
825
481
4094
7892
7530
2356
7796
5244
7134
5801
957
6015
758
5249
30
3702
5286
5572
4488
1347
4349
1717
508
2817
7279
4499
3322
5195
1442
1948
1948
7863
2464
6619
283
6608
1607
601
450
942
2496
557
4120
4086
4822
174
2114
2696
2583
5479
2368
7323
2992
7113
2817
6749
3152
2217
7188
2004
7223
247
6993
5113
3127
1688
4667
2056
3057
671
472
2784
5542
5928
4569
5714
3559
3807
5051
