0
0
0
10
2
0
0
1
9
1
0
0
0
1
0
0
0
0
0
0
0
11
0
1
0
0
0
4
0
0
1
1
0
0
0
0
0
0
1
0
0
0
0
0
0
0
0
0
0
0
0
0
0
1
0
2
0
0
0
0
0
2
0
0
0
2
0
0
0
0
0
1
0
0
0
0
2
0
0
1
0
0
0
0
0
0
0
0
0
0
0
0
0
0
0
1
7
0
0
0
0
0
0
0
20
1
0
7
4
8
0
0
0
0
0
2
0
0
0
1
0
0
3
1
0
0
0
0
1
1
0
1
0
1
4
0
0
0
0
0
0
0
0
0
0
3
1
1
1
1
0
1
0
0
1
1
1
0
0
2
2
0
1
0
0
0
0
0
0
0
0
1
0
0
0
0
0
2
0
0
0
0
0
0
0
0
0
0
0
7
0
8
0
0
0
0
0
0
0
0
0
0
0
0
12
7
9
2
1
0
28
2
3
3
5
4
1
27
3
0
1
12
0
1
0
3
1
0
0
1
1
0
0
0
0
0
0
0
0
0
0
0
0
0
0
0
0
0
0
0
0
0
0
10
0
0
7294
1105
3071
6258
4578
5220
170
5214
5661
7413
5220
3068
6587
3911
3167
4491
7484
7901
7110
8048
4094
744
4707
475
1824
5048
7926
4856
5687
4628
6135
2987
3004
5730
6826
1863
6436
4484
214
1823
7753
2061
3188
3085
4670
5493
1544
811
7882
4628
1589
7633
7954
5024
6000
2601
1852
5731
3790
1620
4201
6761
6031
6104
3207
4475
5165
4089
3207
348
4464
3253
5343
7190
2783
638
4524
7598
2421
3158
3790
6852
4379
5899
4859
139
3480
4618
2271
3480
1467
3541
6722
5394
2831
4264
2061
6587
374
5798
5112
3038
2192
3155
4530
2417
1332
52
321
4860
5813
1576
7143
7436
2002
1852
3629
2578
35
3541
7982
6989
973
4950
7070
5050
8006
5236
425
4448
3123
4582
5928
4507
4412
6870
1422
7740
1703
5131
2714
1332
1712
4072
7787
7781
1046
389
4017
2650
585
8135
35
4635
3145
1217
4190
255
1012
4708
7752
7419
631
3690
7484
5857
5204
1081
1492
2189
833
2028
3674
333
1135
8140
1241
740
7755
3158
1308
7319
202
7868
3263
4038
4397
4343
7155
1245
4698
4634
7363
5232
764
3414
5750
3091
4894
6226
2235
2914
4583
4309
278
3151
911
7481
5573
5731
4290
996
6996
5754
3809
1519
2402
5840
8160
2062
744
2525
1584
139
4273
5095
2892
5928
1601
1781
7210
5362
4394
8105
2462
5749
5912
550
2140
3583
7102
6393
5112
7784
7685
2657
1513
1890
1767
4196
2494
260
2483
7029
332
4708
5120
4273
8190
7382
5312
1169
1260
3537
5841
3539
5918
5688
834
4283
633
5617
1901
4926
6828
4578
6791
1709
2464
5301
3742
7980
7424
8157
848
5185
6969
3747
45
7419
6327
3625
7373
8116
2813
4041
1383
5357
1456
784
6626
5868
720
7772
6455
2473
2405
973
1836
5024
3244
7497
2956
4753
6550
5587
4758
1944
475
5048
6135
4628
5112
3682
5147
7775
1438
703
2724
7886
4915
2102
1033
5339
6867
5253
5502
2153
2137
5024
5232
4412
5701
4981
1907
4340
7942
6116
750
7622
2629
7967
3120
1621
3004
5869
1520
2161
3606
5483
1081
6090
6751
661
5612
3292
3073
7191
7220
568
331
6522
1925
7587
6877
3454
5231
2077
1820
3666
3702
6554
5222
5385
1607
4499
3320
5917
6913
752
883
735
2917
5311
8119
5333
8070
6817
1998
4828
1507
4069
3223
5220
1836
3458
702
491
8117
1635
5654
6654
2679
6997
3666
4265
7892
3184
3941
1007
4187
5550
6239
3064
5060
647
2972
4459
4933
7221
755
6933
7612
5832
7985
2130
3600
5354
1923
5498
4553
2830
3084
947
3980
2130
3876
1140
2635
1729
5244
1569
7176
6136
7260
1570
1956
6783
8179
6298
1162
2009
5333
8169
2320
7733
2095
3424
1743
1917
6023
6149
556
2130
6183
4150
1466
5364
1046
2001
7828
3390
3568
3267
4271
5704
419
3412
5640
5995
7624
6404
3611
5384
5179
6471
4802
7261
4468
7994
4302
356
6263
1434
3834
4472
7235
492
4222
3469
1029
4056
7344
3650
1143
1981
3700
2917
2893
3493
1027
4024
3768
5772
7155
7186
1189
6530
5181
5588
5453
4382
1259
4639
7034
6027
5871
6967
3391
5735
1105
2178
7887
7588
7648
1607
1249
2340
1249
7775
1738
834
8172
5894
6996
2539
5177
918
6933
2185
4237
6722
3389
3389
2938
4952
4348
466
5803
4345
4536
6967
727
6013
4614
6587
4647
1269
2831
3484
2336
5434
1946
7987
2237
7767
4905
3535
4184
7710
4370
1635
7921
3405
5904
3571
3625
3055
3186
2635
2066
3240
735
7442
4880
2980
1924
7596
2066
2199
4765
1086
6985
7966
5205
3417
3969
1153
4047
4461
4586
3417
6392
7350
1890
3322
2119
1220
6864
457
1473
4759
3117
3785
5184
7656
5662
5820
1367
5123
6864
2601
3941
6609
3035
5780
3398
6247
7106
3566
6267
4111
3256
6637
6996
2558
1275
1838
4190
6321
980
1164
5224
763
1583
3024
1519
2413
7299
5409
7815
150
4578
8073
5650
4233
6343
4425
5410
3644
3609
883
878
3583
3539
865
35
915
4340
5232
2271
1345
7956
2960
1765
5385
5031
705
3167
5007
5292
2279
6877
189
2938
5945
7827
845
2988
2413
7792
2340
1286
3315
195
927
75
393
5430
1466
7551
5965
1767
5724
1709
5913
1534
1003
3006
5485
5627
928
5272
4069
3790
900
5781
5945
6135
7982
7980
5279
3612
7540
4607
6318
973
2672
4150
1046
8030
2679
3682
1750
1790
842
5571
3478
2858
4397
2354
1559
2753
6255
3358
4291
1275
4491
7882
1467
7405
6135
450
3120
5916
3443
4712
2377
1948
3860
2265
3876
1236
6722
4618
568
3058
3643
8112
7952
731
4479
4472
5031
2211
4838
6460
1441
2130
2002
2513
2308
5650
5536
170
1849
1319
2217
6619
3504
6660
631
6954
4489
947
1035
5292
6176
5143
7414
232
4012
6583
3642
2754
184
687
4070
525
5229
2576
1452
7484
1659
4255
3747
8030
5902
3589
2478
4698
6082
7582
2483
753
1709
6968
1717
482
6709
2987
4568
6791
4670
7347
1034
2544
1312
6795
3159
6835
2325
3867
6532
2777
3106
559
3911
4818
5161
4798
4372
170
4878
7882
4111
1067
1917
3432
7155
1703
5595
1224
3959
5748
4389
7787
4306
1009
4506
743
6791
6119
527
559
3723
744
8064
5436
170
3020
7844
3443
4878
6619
851
1709
744
6000
4491
6737
1620
5608
5160
8103
2640
7253
6521
7284
7194
1027
2013
3120
2377
7882
372
2793
2074
374
3541
4365
1600
5418
389
5112
5214
7982
3541
7070
6059
5209
28
5209
5244
8006
5948
5474
2228
30
4251
7892
503
7122
2942
8188
8018
1965
3587
7967
2942
2958
7180
2478
1600
411
3414
1425
8167
4491
491
421
4479
702
7545
5364
1836
5412
5965
2124
7389
5998
1680
6281
3407
3773
5250
4522
2965
3571
2999
974
255
5489
1709
7491
7070
559
3959
1803
7173
651
3586
1452
5470
2459
4491
5998
5385
6514
4182
7910
1620
6310
1881
3497
8139
7051
4027
2062
1055
5537
3173
5290
7583
