0
0
0
10
2
0
0
2
9
0
0
1
0
0
0
0
0
0
0
0
0
9
12
0
0
0
0
0
0
0
0
0
0
0
0
0
0
0
0
0
0
0
0
0
0
0
0
0
0
0
0
0
0
0
0
6
0
1
0
0
0
0
0
0
1
0
0
0
0
1
0
0
0
1
0
0
0
1
0
0
0
0
1
0
0
0
0
0
0
0
0
1
0
0
0
0
9
0
0
0
0
0
0
0
31
0
0
9
8
4
0
0
0
0
0
1
1
0
2
0
2
2
4
0
0
3
0
1
1
0
0
1
3
0
3
0
0
0
2
0
0
0
0
0
0
1
0
1
0
0
0
1
0
0
1
0
0
1
0
0
1
1
4
0
1
0
0
0
0
0
1
0
0
0
2
0
0
0
0
0
0
0
0
0
1
0
0
0
0
0
0
8
0
0
0
0
0
0
0
0
0
0
0
0
11
4
10
5
4
3
29
8
0
2
1
1
0
39
0
1
0
10
0
0
0
2
0
0
0
1
0
0
0
0
0
0
0
0
0
0
0
0
0
0
0
0
0
0
0
0
0
0
0
10
0
0
2630
5751
4412
5255
1232
137
7714
4161
86
6607
2769
7536
6850
2098
461
2628
5122
2230
3437
4158
5539
3898
1903
2340
6670
2746
1180
902
5018
8075
8159
6058
5115
6237
6657
7591
47
5456
4602
1283
1498
4967
7285
159
1788
7743
523
449
6516
3898
3871
5240
2148
7837
4831
6352
7395
7199
190
287
7147
6914
7890
3096
1252
3862
947
6634
7921
15
5940
7547
5496
5078
125
7174
6844
3415
6694
6653
6129
7656
2149
216
4384
2731
5144
2740
3658
1326
2053
5496
3441
709
5743
763
4880
186
7592
6735
5277
258
1107
4234
4325
5192
5702
5016
2893
3948
8147
1431
8186
5054
3669
1076
7816
3559
2366
4767
7565
1555
5135
2519
2994
243
5187
7860
7547
4987
5888
48
7756
332
6663
596
2189
1324
4212
5670
3857
5957
6208
819
7111
4754
2606
1862
3443
7134
3517
4692
3248
7035
803
7437
4853
5100
2799
6372
684
5135
1512
4812
4533
6743
7720
2519
5144
8134
3060
2299
5775
819
2803
790
7172
4946
7132
5942
2775
1998
403
4751
6299
4212
3347
7395
3995
2654
7948
83
3821
5975
3609
5888
7828
2463
2897
5592
1481
6780
2235
6345
5855
2722
968
6738
7761
4539
315
7499
7838
1506
7281
1599
652
6745
3559
7699
1864
1003
3687
2836
5334
4926
1478
7547
5242
5933
404
3593
6623
6966
6657
7285
5976
4149
3559
5099
2511
4427
2341
2615
2077
3193
1095
7113
4658
6105
7945
3545
5358
4890
1254
6295
1219
2467
3922
6441
4390
5608
6188
3755
7460
3133
4704
4487
791
6692
3012
7973
2090
2378
6443
603
6998
6865
7315
1685
5417
1492
8115
6570
3315
6523
8137
4493
3358
2802
6122
30
541
2034
3320
7060
7025
6415
6655
5568
4166
7351
4693
3457
3467
1377
6277
5358
7177
5883
813
2829
5631
1799
2323
7147
6955
5184
1483
7188
7002
7296
915
1566
1213
2576
6188
6865
2233
3376
4816
6859
6113
2475
7440
4515
1762
2000
4369
3478
6132
1284
4488
6010
7982
5156
7702
3933
1587
7254
5829
4049
7591
2801
2612
7051
2741
932
4813
4370
549
69
6492
7175
3053
6052
1360
7776
3567
1376
2312
6714
4615
6759
674
27
4688
6122
1136
4593
8163
5284
225
1082
2361
460
6015
156
5107
4727
5017
826
8139
885
2444
2804
7443
902
674
5124
1609
4752
7900
3924
25
8155
4452
1458
1470
2365
4529
4234
5820
4450
6580
5163
3085
3762
7235
2630
2614
7536
4432
6738
7895
1360
7894
2625
5059
142
142
590
4767
5440
2637
2951
1892
886
6861
5501
1300
4427
1725
5196
7571
4602
2820
5171
722
5099
2374
7143
1089
489
1182
972
2206
2799
7556
7858
4169
7440
357
7735
972
1376
179
5680
4152
374
3551
3958
2414
5006
6052
2900
2276
6319
5430
744
1488
1075
1539
3326
6395
7945
5465
7169
426
2315
5752
3310
1083
6996
2330
4658
7595
5156
5306
7475
2686
3959
338
2511
5957
2925
247
5703
86
5125
1845
8160
772
4412
1997
6346
3615
2199
4539
3453
3410
7740
6298
6723
6993
5156
3958
3272
7800
5156
6398
5369
2299
124
1770
3037
1770
2351
1548
6298
5054
6123
146
2672
5653
186
382
3533
7556
1347
2933
2312
777
7938
184
6109
1407
4719
4602
7239
2421
6430
1569
3282
1338
2284
3834
7256
5192
1183
5018
2930
930
5276
1160
2130
6571
7755
47
2679
7798
6723
5772
4241
1407
6871
6249
7145
2426
585
6737
1124
3544
2904
6279
3287
6427
2029
4741
7056
315
5481
3857
2312
5717
3487
2152
23
1581
3621
5647
2463
5647
6452
2434
2365
2312
1814
4963
7623
2156
6850
4359
2951
1569
1951
7315
2570
237
5440
8085
7221
7818
2381
858
6555
8044
1753
3002
1842
3933
2206
3360
5352
5839
3351
6712
1855
5156
7169
130
44
5521
3435
6738
2904
4963
7686
2536
1070
7144
247
7315
6268
7692
1145
5497
4941
3435
858
3405
7398
3922
980
7861
6932
3623
2967
6386
1525
3334
7206
5702
786
4397
7982
3397
8132
7206
2577
836
4019
3559
7547
2206
836
5055
4574
7330
8099
3426
6616
2802
7860
7595
4852
1740
6058
7736
7575
6295
5226
1560
3508
6418
6767
7913
3847
2341
6738
3637
2206
449
7938
4369
5071
3884
4384
6279
810
7277
7556
7293
2631
4493
3144
3052
6323
5277
5263
7957
3544
7258
7437
5119
4734
4971
1805
8022
7134
4643
1494
6170
6850
2984
5972
3010
5104
3012
4396
2232
6664
6498
308
6229
4079
4689
30
4817
2558
361
2780
2884
5551
3249
835
6200
7285
7859
1326
29
1028
1636
1335
6361
502
5064
3168
1336
858
2368
7547
8163
7122
6350
7934
3287
4056
5007
2408
295
2124
3478
1252
7617
3804
2418
1997
2683
7193
3331
4212
1086
6882
5612
6706
1147
4589
5601
7711
7720
5824
7319
1213
3146
6871
2930
954
757
4683
2550
8060
6222
716
5601
5688
5187
7679
2115
6928
315
1376
3140
6747
362
6582
498
6209
8132
8163
2206
7146
2710
1649
4700
7327
7327
4839
8163
1084
6715
7738
3331
7799
6370
2359
6645
7135
8184
614
1145
3529
237
1742
7843
6292
2735
6759
7743
7323
2910
449
7534
6850
6532
7431
5772
2731
1201
4241
2352
4997
2731
5075
4933
1181
2916
6396
785
3728
355
4213
1781
2030
7094
208
4622
3526
427
1223
3478
7718
6400
2366
6601
5785
2004
7816
4175
7736
6562
7327
4539
3751
4241
7323
1021
3358
5899
5198
4689
4418
6237
6820
970
4729
7113
4694
1839
3910
5155
5424
461
3621
4000
6608
4988
3637
4238
896
1664
2149
7440
1947
8162
1210
1855
3432
2801
6583
2070
1132
2029
992
3637
6887
4615
4608
5290
7391
5245
3441
3317
5366
7140
6790
4142
193
218
2345
5115
684
1942
155
786
5681
624
5535
3659
3576
4985
6243
444
4813
5057
6651
1740
3851
5647
5272
1023
4835
5535
3883
2195
5886
1825
5458
5367
4125
5680
2359
471
7740
6069
7156
3981
8069
5815
3364
1132
4197
7258
7699
