0
0
0
9
12
0
0
1
9
2
0
0
0
0
0
0
0
1
0
0
0
0
0
3
0
0
0
1
0
0
1
0
0
0
0
0
0
0
1
0
0
0
0
0
0
0
0
0
0
0
0
0
0
0
0
5
0
0
0
0
0
1
0
0
2
1
0
0
0
0
0
0
0
1
0
0
0
0
0
1
1
0
1
0
0
0
0
0
0
0
0
4
0
0
0
0
7
1
0
0
0
0
0
0
27
0
0
10
6
3
0
0
0
0
0
3
0
0
2
4
1
2
4
1
0
0
0
4
1
0
0
2
0
2
4
0
1
0
0
0
0
0
0
0
0
6
0
4
0
1
0
0
0
1
0
1
0
1
0
0
2
0
1
0
1
0
1
0
0
1
0
0
0
0
0
0
0
1
0
0
0
0
0
0
0
0
0
0
0
1
1
7
0
0
0
0
0
0
0
0
0
0
0
0
9
5
5
6
6
4
30
5
1
3
4
0
3
25
3
1
0
10
0
1
0
3
0
0
0
1
0
2
0
0
0
0
0
0
0
0
0
0
0
0
0
0
0
0
0
0
0
0
0
10
0
0
3207
7872
7070
3389
2747
480
215
7673
1593
211
5643
6415
4736
7078
8157
8177
4736
1507
2796
5574
2130
7596
3541
1425
7984
5482
411
5661
5412
5013
2547
3586
578
845
6581
4045
4684
4073
6063
1863
4735
4809
2918
5450
1919
5841
6532
4426
8093
6570
6708
4670
2831
6761
6737
740
3260
1979
411
170
5412
7892
6370
3690
3871
6570
6193
7303
5862
6444
2698
3743
4651
764
7540
6904
6415
5293
2200
1050
1994
3827
3790
5272
3443
4255
170
3686
3123
5896
4120
5077
7246
7978
6304
2066
3639
5837
37
7746
7785
6851
4528
3695
454
2641
6331
97
6744
1989
5920
2252
102
5615
5377
3068
2252
6031
3389
5998
4207
254
5412
421
5220
1447
1937
7563
7223
3396
873
24
6630
1172
4429
7493
3598
6839
1982
7858
4195
3223
5143
4426
815
5270
6591
6258
538
6000
5113
3443
825
3911
7596
5412
7596
2426
3440
4809
5596
4645
2144
7565
7171
7416
6388
2477
1982
7846
3760
2720
4366
4233
8
2421
3257
1897
7411
3542
7868
7699
14
1620
5831
5057
5412
5077
6417
1538
7897
1158
4618
2477
4247
2037
1196
4232
747
1430
5913
2208
2477
6142
6740
5438
3429
2391
8158
7674
7519
3599
1488
4934
1748
6791
7596
254
5412
7484
5652
5300
6001
4241
5272
6677
4316
6794
4411
4887
5924
4199
7533
7292
5176
6859
3349
4013
2894
746
6275
6142
4447
6885
7629
7402
6713
6411
5371
5024
5113
3541
7246
2402
174
7072
2494
418
5951
3342
6142
4528
1822
1527
3711
3191
504
4811
938
3712
3049
8107
2787
6939
6311
5927
448
4459
2141
7139
2018
5723
5778
421
6588
5643
2339
2967
372
390
5935
7225
6309
4249
7303
8089
5962
5233
456
5335
2595
1366
268
6220
2023
5675
2380
3859
1585
281
6474
3279
5072
3053
2935
5701
5214
3134
3934
3458
1238
4568
3682
5507
7650
493
6810
1585
3318
3008
5426
2956
75
6853
5646
7349
252
1453
1064
2727
2613
1298
7613
6290
5233
2082
8134
3821
2534
6514
3751
6634
3240
4242
7882
1425
6031
2965
7493
1357
872
1346
504
3257
1865
5398
5584
5398
4699
4944
3859
169
397
6474
4172
5491
217
999
2043
2218
6070
4233
4146
7053
3774
5077
2279
2343
1398
1585
4749
2308
4749
7416
785
423
933
6636
1375
7603
4528
5938
4944
3300
3257
6253
497
281
5058
5100
3801
7834
835
1751
4150
6475
414
1024
5412
3477
4949
2471
2186
4330
6331
3444
5726
2662
6263
2685
2281
2715
6668
1585
373
5375
7807
6668
6853
5646
4188
2289
6513
98
932
200
4074
137
4594
4329
2325
1209
7443
3197
1440
5148
5856
3877
6563
5350
3421
7643
4749
227
725
5761
1131
2978
6414
5743
1760
6142
6182
6883
2383
3572
4334
143
4008
3751
1244
4120
4522
5279
6663
252
3136
5250
7901
143
3926
2471
1061
2727
3318
37
906
5584
4454
990
3380
4925
2956
1267
7653
1020
1779
894
7679
7127
210
2463
7910
5229
3240
5229
1075
1748
3240
2285
6737
4651
2477
3740
7192
7192
7819
194
3010
4749
7821
36
1061
2902
5938
4699
7248
5759
4970
7770
2676
389
7779
2336
2219
2896
960
8188
2271
6089
2493
575
7872
2777
4459
3712
1994
2006
4172
1939
3257
1262
2254
3684
2715
6095
4218
1421
2391
194
4528
6260
6510
6321
3057
3588
3557
4867
1672
4284
7345
2332
5841
4144
7454
6309
6154
4571
3492
6105
6066
6827
4526
904
5672
7178
2778
2956
7303
2956
4840
6883
3743
2033
8007
2411
1650
6836
7934
7419
4718
2391
6592
2200
1646
1375
6444
5342
5078
3740
7418
2512
5398
4672
2671
1476
7303
5837
1327
6114
6526
4639
2532
6990
5519
1025
6794
7912
1062
2260
3271
1787
1488
3759
6579
3574
1401
8082
2849
7762
4001
4375
3209
6301
201
3037
5461
3783
3897
5566
1440
5913
584
4065
6121
341
1784
4106
7264
4372
1583
3121
1447
4867
5579
4568
7570
46
6981
3845
434
7851
3346
5133
6751
1585
6572
3854
4580
4482
1613
5454
5419
7171
2454
3265
3308
2934
2699
4448
5024
2817
6295
4813
7798
7028
2418
30
1023
5731
7994
3342
6693
677
731
7171
7133
145
5957
1237
4743
6731
3721
415
7303
7171
1472
2138
2513
7699
4472
283
4892
7956
1043
5494
4441
5840
1822
2780
2967
5844
2872
1963
4281
7821
2433
7078
373
5584
4881
3209
4811
1919
7990
602
2033
4526
5001
6639
5214
6227
3686
3551
1395
472
4522
2124
845
1932
2654
7598
7596
7596
8020
7001
625
3743
556
2972
1459
857
6851
5649
1585
1357
6114
294
4281
2985
139
3220
3806
4809
3646
6852
5229
5975
3656
5220
5165
7679
6831
2547
411
1787
4198
3209
3257
6851
2823
7577
5804
1241
3257
4044
507
574
1366
3211
5227
2594
7787
960
5798
5250
3449
7299
4112
1948
5111
1049
4017
1988
7940
6481
5687
4239
159
1366
2956
7378
1411
7595
7880
4766
994
7493
1671
4662
7303
2598
297
3186
3078
4160
1550
6320
1488
7940
4348
5599
676
7167
2489
1948
6818
1567
7866
2470
4048
4743
994
872
1527
5695
6659
7195
1241
457
7785
2727
3384
3299
92
3573
4176
1810
8155
783
6677
2325
5643
1213
4732
7211
6245
1948
5010
3610
4609
6661
1585
1972
6220
7234
1327
6527
7432
519
1544
7059
3642
6331
6751
903
6529
7608
3967
4801
1089
2796
1425
1311
3934
3052
1443
6011
4952
3481
1849
912
4474
7350
5812
7192
1285
5913
102
2715
586
3037
2715
4911
6126
2049
1204
1061
1317
6539
6142
2961
873
1986
721
2166
1442
6836
968
5661
7665
6186
331
1024
2479
7133
6198
7533
5350
886
373
3162
1194
4800
7057
7303
999
1835
5566
3153
5160
5126
5218
6466
831
8114
6959
3821
7389
3464
170
3389
3526
3368
3696
7246
2851
5579
4341
2411
5489
3733
4590
7785
2219
5020
5726
6668
227
3017
5545
3017
209
2219
2780
3654
1982
1430
990
3454
2111
7689
6709
5850
