0
0
0
10
1
1
0
1
10
2
5
1
0
0
0
0
5
0
0
0
0
2
7
4
0
0
2
0
0
0
0
1
0
0
0
0
0
0
0
0
0
0
0
0
0
0
0
0
0
0
0
0
0
0
1
1
0
1
2
0
0
0
0
0
1
0
2
1
0
2
0
0
0
0
0
0
0
2
0
0
0
0
0
0
0
0
0
0
0
0
0
0
0
0
0
0
6
0
0
0
0
0
0
0
25
1
0
9
6
5
0
0
0
0
0
0
6
0
0
4
1
0
4
2
0
1
0
0
0
0
0
0
2
0
2
0
0
0
1
0
0
0
0
0
0
2
0
2
0
2
0
2
0
2
0
0
0
0
2
0
0
0
0
1
1
0
0
0
0
0
0
0
0
0
0
0
0
0
0
0
1
0
0
0
0
0
0
0
0
3
0
8
0
0
0
0
0
0
0
0
0
0
0
0
10
1
8
7
5
0
30
3
0
2
2
1
1
22
1
2
2
10
0
1
0
5
0
0
0
1
0
1
0
0
0
0
0
0
0
0
0
0
0
0
0
0
0
0
0
0
0
0
0
10
0
0
5315
4405
6955
3098
3642
3410
4836
3443
3038
5831
1407
2000
227
6731
851
6601
785
5054
7388
3492
421
3777
1266
7145
309
7018
8129
3507
7676
317
3420
5226
405
2536
2914
2075
6557
7006
2778
2994
1107
2706
270
5487
129
2352
4169
239
2586
7021
5677
3686
1552
6451
2981
7758
2904
6811
7801
3606
578
289
5376
2378
453
3214
835
2553
4722
1095
7261
2140
3238
5803
7982
4695
3769
2167
93
244
914
5
1861
6767
8120
2885
7343
3149
458
7805
3692
6118
1288
1333
3044
2696
7082
6385
7874
6996
6378
5670
3238
4710
2358
390
6675
6884
1141
5369
1548
1530
2986
7406
1323
1251
3028
2020
6138
2058
5210
4062
3003
4336
2904
6132
3623
5163
7375
6836
4672
2889
1794
8129
8166
4594
4950
6183
1191
3909
2566
5099
1465
4767
3993
5983
708
2330
3159
5478
1451
4244
2027
3736
7631
4983
7094
6356
6116
304
2532
7556
83
2663
4035
2778
6844
7982
6761
447
858
6021
5096
4197
116
464
3966
5402
6988
4939
5272
7333
5822
2039
6611
2993
5102
6396
1717
7211
1778
5986
2586
1140
7931
120
6408
1694
2802
2178
210
3462
3599
7839
512
5815
5706
1934
3859
3079
3299
8155
4340
6194
6755
62
3869
6416
1610
186
3044
186
6932
3478
803
2793
4375
2221
3839
7482
1004
4270
7884
4369
1540
8066
5369
5603
3038
2076
4226
7782
7591
5384
2021
8112
7514
6925
1959
4814
7766
3420
25
186
5187
6005
81
6926
5772
2030
6110
1733
6395
3455
1698
1739
2993
1475
2352
3897
2793
1237
5463
3093
1588
1548
7407
4750
6467
67
1981
5772
5917
6681
3144
8139
4085
6012
3185
1791
5745
1930
3835
797
3449
6924
3494
663
1344
6304
1087
6301
3045
6860
5109
8093
1338
5943
5917
6246
496
5151
4967
5064
2383
4645
4585
2146
407
6356
3435
4560
2665
8189
1160
5272
3148
3329
1881
3930
3002
1144
6125
1571
3331
6242
7851
7240
1691
971
6083
6175
1708
1110
5251
6242
4147
3678
5017
1247
2522
1132
3226
5353
4117
7839
4419
47
5594
101
5957
7031
1714
6964
1717
6827
5604
4611
4384
4159
173
2765
7270
4688
6398
6562
2897
4104
6975
5952
4598
5261
5533
1617
359
6673
7206
5717
3290
4406
7688
4384
1590
235
6519
4338
614
7086
1183
6159
4369
826
5422
6829
326
619
8156
7333
1578
3221
693
6349
3249
3657
701
1177
742
3432
6919
5315
3290
6873
2256
5144
5298
5104
5382
6547
5230
2304
6125
6964
3169
6419
1702
7333
2642
7455
7577
1435
6125
6400
3582
3130
837
4013
4772
7163
6654
2953
4272
6956
7391
6371
6089
5460
5274
5883
7756
3608
4275
3544
5317
6862
4344
1272
3329
4722
391
6233
6378
6810
245
3388
7983
5566
7666
2700
802
3298
1285
7637
4984
7283
5010
5161
5736
5167
5743
3762
1081
5096
6163
949
7910
2530
3649
6308
6065
7461
6047
2254
6659
366
6254
62
7306
2554
3939
4752
651
7395
3861
1695
273
1203
4920
4484
1539
7029
7034
1686
4230
2430
5904
4793
5172
6073
6805
3808
201
6276
3209
6139
6974
5142
5233
7416
2836
2731
667
2925
6074
4545
5320
3011
3066
5888
5314
2182
480
3115
285
5963
6919
2805
5493
7498
5375
2591
4006
7602
1662
2402
574
2252
1025
1061
5737
5765
7815
4366
7834
6442
407
3478
6321
3526
6750
7394
7488
3851
3742
4635
6552
7350
6435
3267
2312
1511
7166
6427
1711
2021
2824
3002
5066
3671
3774
7192
3649
4692
2058
2842
6344
3435
4551
619
4025
939
1465
7485
6685
591
4796
1521
7190
772
4220
4719
2189
5732
1527
3777
886
6052
5855
6665
3580
6198
386
5672
1180
3924
7480
7372
583
7547
181
3056
2283
1599
1744
5054
7140
3599
3364
7747
6828
1736
5771
7574
7290
846
248
6276
7319
7409
7708
5017
8091
5923
8072
6408
4488
6918
429
6930
155
1376
6074
1820
2482
2139
1746
6073
2142
1183
7483
3977
5655
1226
2042
449
4436
2444
182
4095
1353
1276
3717
2090
7111
7998
1404
644
7305
4158
1439
651
6074
5373
5688
5163
3949
7864
764
4543
6162
3519
2553
3390
1932
7795
6427
4965
6733
1494
1173
847
373
1796
3784
7420
7367
7254
2746
4184
578
2887
1649
7945
1825
4551
1213
1820
7489
1924
6393
4150
7234
4141
7018
3066
4379
6960
2878
6851
7367
277
1613
2984
4872
5478
1352
4079
2751
6492
321
6858
1260
1230
5334
6562
4551
6356
3435
304
4
5352
5725
390
4800
1188
4919
7485
225
6948
1344
7420
7702
689
2148
3135
5293
6496
6073
5598
703
1761
8100
7172
7460
1176
5334
1256
1842
4825
3933
6005
5096
7695
6564
740
6438
568
5852
2683
5359
584
5816
3193
1903
3784
7178
5060
6413
4037
3659
1390
3838
2484
6238
3426
6344
7122
1256
6216
5824
25
124
3056
3060
6335
381
3610
1958
390
2691
6467
4661
1954
278
8185
6547
3159
6950
1344
8100
4212
4524
4696
6616
8093
7438
4545
4551
1019
2152
181
3548
6070
2152
3478
6273
7334
6272
5245
1443
4011
4484
1336
7611
1551
4490
4858
6234
5842
5627
7059
857
194
6927
681
2341
3210
5793
5041
5986
5601
7773
1230
4926
1132
1838
6012
4825
3743
1863
3557
1155
54
6289
1230
1228
1289
2667
6851
2478
3959
7924
6098
3505
6292
7021
6308
6314
3940
5653
1055
6562
3793
1594
1287
3144
2378
6932
1649
2646
7546
2742
197
149
2232
374
4419
336
3151
4750
626
3656
782
8111
4912
6164
1396
4228
791
1848
5138
7510
6822
4985
3435
7507
2696
7002
6480
186
1559
6555
940
306
7306
5465
4362
686
5838
5327
1500
5538
6580
3232
176
11
1266
3664
3060
6129
1201
2249
6280
6406
6822
6005
3085
7773
5839
3189
124
6372
6822
7661
7661
1356
4672
6608
1804
7598
267
5538
216
4693
7557
7362
5350
1228
3286
2092
3258
3214
2415
3883
7249
4825
1941
4615
4842
3609
25
5277
617
7002
1333
