0
0
0
10
9
0
0
2
10
0
7
2
0
1
0
0
0
0
0
0
0
3
1
2
0
0
0
1
0
0
0
0
0
0
0
0
0
0
0
0
0
0
0
0
0
0
0
0
0
0
0
0
0
0
0
1
0
0
0
0
0
0
0
0
0
1
0
1
0
1
0
0
0
0
0
0
0
0
0
0
0
0
0
0
0
0
0
0
0
0
0
0
1
0
0
0
12
1
0
0
0
0
0
0
22
1
0
12
9
5
0
0
0
0
0
1
0
0
2
3
2
2
3
0
0
0
0
0
0
1
0
1
1
1
3
0
0
0
1
0
0
0
0
0
0
3
0
3
1
0
0
0
0
0
1
1
0
0
1
0
1
0
1
1
0
0
0
0
0
1
0
0
0
0
0
1
0
0
0
0
1
0
0
0
0
0
0
0
0
3
0
9
0
0
0
0
0
0
0
0
0
0
0
0
9
5
7
4
4
0
24
3
0
1
3
0
4
25
2
1
1
10
0
0
0
2
0
0
0
1
0
5
0
0
0
0
0
0
0
0
0
0
0
0
0
0
0
0
0
0
0
0
0
10
0
0
453
9
2393
2930
1847
940
7658
3945
8048
1613
2109
4237
5661
1286
5127
45
3389
3389
4647
2958
7642
1153
5998
7442
622
1774
2410
5666
6040
3746
3051
5364
3161
6756
2119
5166
2810
1601
4953
2379
3586
4504
6038
5436
6320
3863
4062
7033
4307
432
8000
1852
1438
2531
1824
1433
5612
2938
8176
4290
4339
3471
8121
6139
722
3455
1819
6549
2915
5241
7052
3927
1621
5043
2676
4237
3747
4175
4373
6254
7323
5864
191
504
5825
684
2137
909
1344
3207
4027
4237
5943
6000
4407
421
3922
6480
3825
5647
931
2566
4614
5750
4329
5389
4950
7868
1824
4546
4524
2449
4354
3505
2979
6030
189
3490
2487
6773
170
2459
4082
1249
3786
7596
1137
5517
2809
4289
5647
6294
520
2308
4342
5650
7426
2816
2679
3207
6556
552
6198
837
674
6649
5005
1444
2506
8073
5264
8179
1448
7078
4729
4953
2405
2648
5731
2648
3761
5904
1847
2536
383
6452
5661
8023
725
5749
5364
6135
4649
903
4933
8186
6822
277
4903
6736
3221
8137
7276
3106
3676
2339
2207
7739
2066
7462
3651
5112
4418
6200
173
6905
1538
1823
7582
203
7070
1342
6836
7479
489
715
5586
6074
5167
3733
1978
4814
3076
1494
3524
2016
5485
947
1299
7596
3999
689
478
5412
3245
4211
546
6735
5738
2835
480
3959
1787
5943
5957
6338
7841
2965
664
2372
4965
8136
906
1591
534
7140
4048
5661
7344
824
7384
7679
570
8023
2062
6945
633
7948
5398
1275
5214
7910
1976
4867
4763
4030
392
4676
5593
5907
618
6810
1476
476
6501
5359
5262
7456
2428
5244
5534
4595
1836
2929
6849
3058
5536
4716
5947
1591
1538
5750
6656
7980
5250
6795
3198
5699
4831
166
4110
4636
1178
3161
6959
7482
7330
191
5123
4620
3991
6951
7758
4639
4020
6675
4887
4479
2736
5143
6300
7980
2308
8167
1988
6652
2478
3078
6937
6974
7004
7666
7352
3353
6504
4402
1557
2448
257
442
2358
760
458
7661
4052
5745
2540
2204
7980
2464
7413
5143
872
4140
1948
7723
5244
6594
6721
273
5444
4672
7929
4662
2299
7349
4270
5709
287
5451
2050
3921
6308
2724
368
6978
7662
11
5125
2280
3058
5798
5731
5385
7753
3947
4140
686
6453
2304
1927
3743
2064
5101
2415
1396
7828
7048
3900
6714
6497
306
6096
2475
6387
940
7018
4615
1694
4875
4576
974
170
3004
6000
3302
4609
6454
7723
1364
5300
3816
5725
7771
3664
3621
2372
1470
4488
7744
814
4571
6728
1327
1117
1142
1165
2012
6843
7482
1118
8185
4899
2733
5619
4261
3674
7739
5661
3666
686
5885
5947
4139
1125
2532
6070
7542
7091
1903
4032
644
477
6081
4542
1494
4195
4659
7602
6010
7614
1900
8156
992
1696
3819
5873
817
1870
2498
3173
2015
4530
4714
1365
4867
4293
6198
770
4434
5974
1371
287
123
705
2252
8031
6715
1370
507
3919
3221
5464
5026
7931
396
6198
3356
5235
1445
5800
2401
2512
3934
7030
7450
6714
2657
6924
5584
756
4429
4407
3195
5421
123
4426
3551
1305
2105
1013
705
4601
4073
3076
4035
3678
560
3721
1721
3560
6248
4337
4358
2483
5580
3385
879
3701
3762
2554
3804
1324
6126
7565
452
6360
3037
6198
3656
3077
1479
7482
1546
5337
104
5443
366
6887
6915
2341
709
4115
1074
140
5708
1534
4607
7911
4405
139
6860
1256
1768
3037
2018
1557
798
551
2543
8
3100
7384
5250
7482
4005
7975
7394
551
6085
2876
2473
2077
7021
1463
6612
4017
5920
462
2653
980
5317
3864
7031
3278
3695
5374
4095
2521
1928
1197
4174
6257
6411
2271
1029
2327
1964
1187
5000
5097
7142
7501
3426
3605
794
6391
3790
2464
421
5943
4957
2665
1707
8029
4951
2770
7776
3981
1056
6920
3279
7372
3257
3257
4017
6332
1010
1982
7079
4427
3922
1020
6976
5093
4944
7313
6630
5123
4651
4225
5266
2979
3061
2013
461
415
235
641
3522
1362
7757
1661
3628
6984
5034
5818
1671
1185
2006
6220
2812
4062
7217
6405
2949
2041
6847
2668
7923
8120
6304
881
4754
181
5993
8047
7865
4552
5080
3070
7837
5089
287
2280
5989
1507
8178
7826
6126
7608
2091
4308
4637
2112
1131
725
4084
4407
5702
5803
3085
4323
2381
6226
369
6788
5369
3101
858
8158
1935
6190
1586
5389
6442
7755
1216
195
1298
5645
4188
1888
3644
3739
2287
1473
4232
6307
2227
7738
8002
2408
476
6613
5644
7573
170
689
3988
2547
3729
7076
4295
757
6966
4038
8159
906
3540
5763
6253
2079
3099
5635
7059
1129
3065
5176
6908
5835
2905
3975
1524
101
6659
1139
2852
254
4237
8121
6093
1382
5244
5572
1262
2195
6065
7433
3162
7860
7858
457
3373
8088
3039
6965
5403
3170
831
1660
2714
1405
6265
7027
162
1635
728
872
1358
1621
5214
1647
537
6605
1241
6831
5487
4167
6766
4672
2999
6681
7311
6152
2079
6720
6184
7234
1234
6918
4897
6810
3162
7671
2030
2601
5692
2186
7480
4948
6320
5112
3464
2577
3292
744
2026
2559
7581
4991
8171
2943
809
2389
4065
5169
6507
7154
612
2741
2015
6428
4342
6034
7059
3524
7835
1699
4217
4467
7436
6000
7118
5536
7132
3560
2533
478
5285
2557
6761
5608
7602
2085
3828
6141
6139
584
7477
7739
6729
7312
675
6284
1311
5943
5928
4341
6949
2905
7040
4489
2009
6135
5412
2690
6521
7940
1408
7623
6656
2271
1836
1836
1776
2202
4939
559
3585
4134
7845
5154
6573
5318
550
4594
4609
1105
601
4290
7426
2442
4489
4296
1824
4651
7246
2491
1009
6289
4492
6358
1836
6320
7484
3454
601
4341
2066
1852
5580
4640
2790
5682
4789
1852
559
1598
6668
3454
2130
2790
7061
1564
5791
6735
4952
5536
4716
4353
5973
3443
3541
5214
2676
5661
2062
6737
2464
4609
3480
7216
3161
428
7061
559
5661
5214
5579
6055
6649
4341
2491
7617
7436
1289
2916
5661
6320
7246
4830
1513
5301
