0
0
0
9
0
0
0
3
9
0
1
1
0
0
0
0
1
0
0
0
0
2
0
5
0
0
1
2
0
0
0
0
0
0
0
0
0
0
0
0
0
0
0
0
0
0
0
0
0
0
0
0
0
1
1
1
0
0
0
0
0
0
0
0
0
2
0
1
0
0
0
0
0
1
0
0
0
0
1
1
0
0
0
0
0
0
0
0
0
0
0
2
12
0
0
0
7
0
0
0
0
0
0
0
24
0
0
9
7
9
0
0
0
0
0
1
1
0
1
5
2
1
4
0
0
2
1
2
0
0
0
1
0
1
4
0
0
0
0
1
0
1
0
0
0
1
0
1
2
0
0
0
0
0
0
1
0
0
2
1
1
0
0
0
1
1
0
0
0
2
0
1
1
0
1
0
0
3
0
0
0
0
0
0
1
0
0
0
0
2
0
7
0
0
0
0
0
0
0
0
0
0
0
0
9
5
5
1
4
3
23
7
2
1
3
2
1
16
0
3
0
11
0
0
0
4
0
0
0
1
0
2
0
0
0
0
0
0
0
0
1
0
0
0
0
0
0
0
0
0
0
0
0
10
0
0
7294
601
12
144
3585
1313
6456
6417
461
5706
363
1790
3325
7355
5902
1662
2939
5447
968
80
217
2461
3551
3232
5324
7163
6976
2823
1335
4594
6656
7205
1988
3220
3557
7827
1595
3120
1244
7583
838
3634
7355
5114
3075
3459
7006
2820
7411
4935
2992
6195
687
5714
6456
3792
2992
7841
6501
3915
3741
7872
3947
4225
3656
821
3401
7582
414
7806
5118
2378
5058
975
6407
6575
5529
7567
5282
4379
7197
5960
4935
7192
7041
5574
1662
176
6195
680
8166
4817
1757
6011
4317
1774
5552
7490
2093
1531
4973
4550
6954
1307
2585
540
3393
830
5865
4197
2802
7396
488
3390
1193
3325
4276
968
5782
5447
5037
6259
4958
6057
7805
6162
6980
3168
8113
4486
916
845
5326
825
7473
4073
6094
904
6633
3270
7567
5454
3308
153
488
6598
2751
1973
8166
6704
3792
1296
5447
7031
3350
7080
6731
4755
211
6377
4342
4329
3953
2897
159
7734
1394
3232
5148
7142
3325
2395
1045
80
1462
5902
3721
129
7166
6318
80
6099
6456
5960
3792
5447
5070
4467
8036
7956
6289
2483
7609
260
3602
4010
5728
5114
5785
7895
4253
5098
3192
7217
5588
6195
53
1125
1943
3489
6195
896
5960
6181
3272
1662
4265
8111
4428
7577
3070
6128
3742
122
2977
5382
3282
1064
466
2496
968
8065
7796
5940
5865
1719
4453
5324
2728
288
7142
232
6195
4979
6526
7163
5127
4060
4935
5446
6255
3390
4322
4168
695
16
7706
5115
4836
2556
894
4912
5631
6238
8156
2973
1905
5574
4265
2024
1799
5451
2396
968
968
2030
6296
2349
176
6636
7456
5952
2193
6264
6553
946
7583
7901
6826
3625
3254
2023
7992
4509
3489
6667
1047
3476
6950
1790
656
6195
5750
6295
1131
6259
6255
1045
3711
3557
6252
6164
5447
3792
4265
7737
3232
144
211
1282
4973
6289
5591
2884
1934
2978
2892
1957
723
5453
7895
1276
2612
461
4888
764
5743
1560
7117
296
1527
6844
3008
656
4903
6195
6578
4148
6592
3942
1943
3136
3038
5661
4211
2790
1360
939
6995
7292
6937
3130
7877
6667
5005
872
456
5952
6561
4654
4912
3112
4199
1073
458
8065
3792
7085
3075
3401
7376
7118
5833
744
7725
1075
1769
919
3576
2855
2994
7895
4912
4453
6995
2978
6066
6873
7364
3792
4453
3291
2778
7097
6348
1011
7179
1895
2877
5426
439
6203
2308
5013
1899
5850
1057
1367
1776
3347
3915
810
6376
2793
3792
1064
3730
6255
810
6520
6478
2076
2732
4369
6467
4060
6259
985
3523
5218
1573
2611
4510
4484
1823
5292
3742
1863
3733
4520
2668
5733
7230
0
5735
3656
4000
5421
6894
4912
5960
5037
2978
4265
652
4396
1353
3390
3730
92
5962
7916
3859
6407
4265
525
5650
7117
2624
2650
4788
7688
4492
7951
7327
819
5945
5153
3959
3263
464
5588
6195
5960
6164
3922
7177
7805
2164
8166
2939
3892
4465
995
7456
6204
6414
7431
1928
4578
4955
3086
5654
8092
2513
6215
1849
2662
7583
432
4150
6386
3188
3394
3095
5022
7089
7610
2076
4295
7041
2939
2939
6630
975
6264
7330
3976
7440
6454
6199
6189
7603
5279
7320
500
2586
3470
1043
8167
585
3220
372
932
3004
167
7895
5447
3192
6501
2615
6636
894
5453
735
4507
2992
3272
1045
5816
7356
2271
3398
5798
3690
2610
1035
4164
2478
5376
4914
2377
3712
5596
4793
7736
2923
5165
129
5104
1493
396
4554
4979
232
3136
6456
4326
2474
6195
3538
6598
120
392
7178
6384
2958
4888
5924
7210
215
3656
5279
1095
6500
3258
8188
722
2772
306
4148
6705
7225
5714
7800
968
118
2076
4060
6456
3032
7041
4903
7456
1974
1483
1600
5157
1049
5220
5707
2418
8187
6009
6222
3834
29
5896
7673
5730
5997
1981
342
2992
7225
4453
5324
4992
6979
7796
847
7177
3232
4010
5207
4379
5022
7931
2339
5224
6595
53
5751
6185
3106
7479
4571
1011
5726
3261
6058
6626
7440
3459
5062
2662
6195
5453
6099
4907
4955
6195
1662
896
74
2494
2232
5200
1231
31
4618
1765
1209
3240
3240
297
3546
7974
4053
4223
49
2610
7766
6995
3279
464
7709
4519
626
968
6099
225
7736
2586
5744
1130
3965
3404
1483
7648
6349
2601
7456
7827
790
3541
6203
6338
6663
4582
2310
7745
4628
118
3771
243
7355
7529
7278
5142
3557
5561
7171
415
3272
810
4010
5326
3176
2156
6712
5863
552
6750
4600
2365
5596
2773
243
1049
7497
4037
2621
1621
7242
6189
1045
6940
3075
1654
1165
1590
1341
656
6092
7785
2175
3272
7932
80
652
7319
92
7577
1392
7524
8030
6002
5413
5948
3972
3666
5836
5732
2532
4993
7420
7657
3538
4984
8082
3277
7208
6520
232
1070
3001
5164
4205
4152
810
1038
8184
3592
7787
6520
3977
4901
1739
4120
3352
525
672
1372
142
1913
1973
3164
442
3977
2992
273
3199
1696
894
4453
6089
4841
6850
7240
1331
5588
5037
1465
3363
8111
4333
4935
4453
3149
5250
6041
4334
5181
6131
4958
3322
4562
6195
3792
5217
5099
7006
5114
6662
3711
396
1079
202
5650
2507
288
6449
6119
7936
838
276
810
2994
1045
7936
1073
2405
250
795
5436
6212
1976
325
2675
7355
4654
5706
1296
7483
3075
3318
6520
6598
1957
985
6590
3783
4453
5588
1045
6456
6456
6995
6456
53
3774
2076
3674
6198
764
7028
116
5920
1830
3379
502
3859
5098
3832
6518
6072
4021
680
176
2030
6580
1045
7936
6456
3503
6456
427
5465
6960
80
894
6667
8091
1463
3225
2995
7788
2773
5643
4660
4741
2008
5048
1064
6595
6318
3965
3278
1070
3232
5037
7586
7018
1282
838
894
4021
5258
4465
2649
2824
6960
8156
5056
7820
5694
5482
8143
7209
6612
1863
7205
3522
325
2405
3185
6894
3528
7874
2949
6598
3730
5588
5454
4693
4766
4199
3977
3102
2662
1356
1285
1281
8111
3176
5928
4341
169
3271
3004
5275
2500
488
