0
0
0
9
9
0
0
2
9
2
4
1
0
0
0
2
1
0
0
1
0
2
2
4
0
0
0
1
0
0
0
0
0
0
0
1
0
0
1
0
0
0
0
0
0
0
0
0
0
0
0
0
0
0
0
0
2
1
1
0
0
2
0
0
1
1
0
2
0
0
0
0
0
0
1
0
3
0
0
1
0
1
0
0
0
0
0
0
0
0
0
1
7
1
0
1
8
0
0
0
0
0
0
0
29
0
0
10
4
10
0
0
0
0
0
0
5
0
2
4
0
2
6
1
0
0
0
2
1
2
1
0
0
6
0
0
2
0
0
0
0
2
0
0
1
3
1
0
1
0
0
1
0
0
0
1
1
0
0
0
0
0
3
1
2
0
0
0
0
0
0
2
1
0
0
0
0
2
0
0
0
0
0
0
0
0
0
1
0
7
1
6
0
0
0
0
0
0
0
0
0
0
0
0
9
5
6
5
5
0
32
4
3
9
4
4
5
28
2
1
1
13
0
0
0
1
1
0
1
1
0
7
0
0
0
0
0
0
0
0
0
0
0
0
0
0
0
0
0
0
0
0
0
10
0
0
1729
7143
4837
7345
4444
6193
6756
5368
308
7371
6653
3223
4418
1989
7164
102
2261
5340
5489
6501
388
1053
6406
5890
472
5751
6553
5010
437
94
6482
5116
4963
4145
2759
2483
6123
4431
1409
7593
7796
464
7057
2613
6517
3134
6593
5582
1042
6289
2892
3634
8111
4229
5361
1535
5220
8058
3480
5930
1343
7901
6828
6790
3510
6063
2638
6554
1182
139
5093
7841
889
6995
1276
4940
5791
182
2766
5277
1105
4303
4453
7412
5250
7643
6179
3651
5322
920
3560
7898
3974
97
2128
3671
4242
3700
2813
6074
3762
3890
7282
7219
5972
1803
2360
3810
6248
4608
1522
6983
5627
2211
1131
6264
8
118
947
4462
432
1114
3804
7408
1279
5494
7870
3821
3742
6320
8133
5381
2240
3731
3264
18
2603
1856
5252
4426
999
3706
2483
5023
421
2379
3878
7353
2949
5816
6112
3214
4319
249
7806
5484
5276
3922
193
617
7201
4175
5031
1481
4048
772
4420
7193
6163
5993
355
5252
2004
1799
5250
6371
7297
7785
4255
3616
5412
4016
157
4535
249
7013
2986
6165
6059
5485
7745
6791
8142
5095
4609
3863
1245
3098
5215
1416
6052
802
2422
7928
4429
807
3977
2193
3771
1934
4345
2418
2478
5102
5628
249
4086
4289
8080
5851
7113
1750
7484
635
8078
1310
1236
7679
1734
2376
3557
5375
3202
367
2255
1532
4590
1515
5783
2778
5452
7525
2634
4779
4818
5928
1075
2558
7995
5868
702
2784
7545
3688
5430
3185
1836
7506
1980
54
796
3991
4285
4829
2389
3771
317
6572
8046
2279
7503
2765
5358
5863
6526
3566
5907
2884
3154
7369
6760
2130
6660
6041
5715
5724
5439
2270
4950
7575
1238
7929
1552
1959
2920
5506
2471
2354
363
1070
1080
2235
5743
3170
5695
101
1131
1860
685
4420
993
2703
5716
1672
7723
1164
5997
6135
349
2894
601
2022
1931
7467
7364
5464
5787
8152
507
3170
6990
956
7483
7408
5482
6740
3753
7929
8078
3023
5494
7675
4798
7146
7439
3927
7844
959
3074
1917
2047
2260
7070
3911
5731
7180
4322
6292
5047
5919
4806
4899
769
6692
6769
1620
411
43
869
7399
2569
4679
6649
5438
1302
7946
5035
7887
7642
7180
531
6660
6659
5928
119
7497
3986
2303
249
1439
6301
5133
5764
3361
3617
6810
3452
123
7924
2606
7528
333
1073
2178
4153
7756
2431
6391
5660
3876
91
1250
2022
5857
7491
7871
3414
744
1577
3677
7413
2244
783
258
3156
4996
3473
4425
95
4766
2128
2289
2700
4306
2904
4481
2027
4889
2793
6601
5622
127
736
7614
2267
6972
7308
3445
3575
4242
3074
5933
3464
1534
7545
229
1705
252
7182
43
1990
3029
4736
4931
1428
4021
8186
7059
1103
7024
1329
3711
2612
5155
6230
1596
1438
6574
1690
7900
8077
2549
5247
6722
1748
8103
4101
6148
3508
6323
5337
3105
1327
3992
4588
3669
1131
1262
2532
2119
1911
3418
3736
3937
7192
6518
5911
5102
6001
337
7539
685
5445
1446
4303
1414
6384
2968
3464
5719
6937
7071
8091
4505
4953
2289
3179
6033
6642
5569
5081
2784
7300
5351
5583
3832
423
2920
470
5868
3751
2356
5805
4093
5427
6366
2639
7953
7790
8121
8030
7389
2016
559
3941
4423
3736
5621
2436
7846
98
7644
574
4950
6636
2041
1316
6220
3113
64
2647
6143
1830
3098
1565
5608
737
4353
5794
3059
7626
393
6735
5020
3969
1124
1595
3126
626
2724
3644
2878
6520
1923
1025
5176
227
6108
4931
4736
2401
1171
5712
6308
2751
3066
4478
5530
1621
4348
2608
721
2412
6445
7884
7393
6481
4233
7160
6104
3452
7192
243
3272
5145
2116
1850
397
3814
7200
4302
2716
3724
2153
2197
5455
680
1351
1416
3824
3068
423
2501
7408
1600
5043
2013
7962
4312
5412
5403
1313
5857
4891
2101
1037
3560
515
7059
43
4931
5318
834
2401
5998
6894
2668
7312
3192
6440
2627
3403
6906
3152
5283
783
6777
1852
4988
6266
5344
3124
139
1420
1313
7964
6948
4273
43
7252
1138
4088
5800
6691
5341
7934
3154
4568
5428
914
2676
7871
7627
3092
4448
5051
973
2217
4444
4685
7071
4285
6108
4931
3473
6839
4675
7226
5737
680
6108
1874
5621
5273
1247
7577
6971
276
88
2753
4365
249
4227
5567
7827
3386
5220
7484
4479
1900
2837
6266
5793
3611
5396
7219
2716
1671
1324
5582
1336
7934
552
3649
7175
1882
6736
2175
1956
3669
202
2410
5183
7393
4478
1873
7785
3447
4596
1883
5514
4291
348
6224
8072
7043
6111
6451
3452
4992
5465
5366
7736
1659
6255
1662
387
2019
5224
8044
1834
7090
6377
928
574
7408
2496
5196
46
2954
4716
3469
832
1775
1775
7187
7567
3176
2510
2272
7821
502
4379
1686
3795
6248
6349
4152
3528
3076
4979
1870
4009
6708
8138
2788
5071
1407
1594
832
4578
91
122
6661
2378
3120
7028
5019
35
5292
3223
2581
3013
6290
2555
4115
5243
3143
3118
1590
6488
3730
1341
2677
93
1269
4472
2223
2423
2463
340
5567
7618
3811
3661
5596
1769
491
2835
374
3512
4504
7971
6044
1109
128
3885
4736
463
5168
5650
7325
1229
7750
4855
6640
3445
7706
6656
4689
6035
718
2377
1242
3816
5985
7640
7205
7980
2009
7618
3587
1313
4830
1697
487
317
2133
3789
4995
373
3773
4492
5489
6247
5880
5509
6844
2248
3445
5320
3876
5445
7093
2192
4712
2835
2745
7290
6721
4578
764
465
6824
7976
7618
4297
5359
5664
2796
5970
301
2106
702
7398
1441
8
266
6572
4755
208
7902
5143
1834
4533
1289
7956
4535
6871
7595
7039
7706
5681
1870
3599
3402
7845
5470
2487
7070
2835
7419
5489
3571
7654
4504
5385
7587
7753
4183
7119
6989
5224
8176
3092
3173
2690
749
5636
410
2803
1752
5102
1163
2063
4349
5749
8061
915
4484
5279
3933
3661
348
472
912
2799
2690
3969
7781
1450
4255
6568
1220
795
4926
7869
5382
8138
5652
2009
4543
8030
155
