0
0
0
10
2
2
0
1
9
1
0
0
0
0
0
0
1
3
0
0
0
10
0
3
0
0
1
0
0
0
1
1
0
0
0
0
0
0
0
0
0
0
0
0
0
0
0
0
0
0
0
0
0
0
0
2
0
0
2
0
0
0
0
0
1
0
1
1
0
0
0
0
0
0
0
0
0
0
0
0
2
0
0
0
0
0
0
0
0
0
0
1
0
0
0
0
4
0
0
0
0
0
0
0
21
2
0
9
6
5
0
0
0
0
0
1
3
0
1
3
2
1
3
2
0
1
0
0
0
1
0
1
0
1
2
0
1
0
0
0
0
0
0
0
0
1
1
1
1
1
0
0
0
1
0
0
0
1
0
2
1
0
0
0
0
0
0
0
0
0
0
0
0
0
1
0
0
0
0
0
0
0
0
0
0
0
0
0
0
2
0
9
0
0
0
0
0
0
0
0
0
0
0
0
9
1
9
5
6
0
30
4
0
1
5
3
0
25
1
1
1
13
0
0
0
5
0
0
0
1
0
1
0
0
0
0
0
0
0
0
1
0
0
0
0
0
0
0
0
0
0
0
0
10
0
0
1659
1579
6355
7064
4021
3298
3457
6895
3695
2941
4346
3797
4399
6183
2910
3824
5353
3893
3470
5914
4340
7148
5063
7592
6781
2832
1285
5292
536
81
500
7871
6104
5586
740
3651
2950
3457
6895
2597
5309
5858
7467
1569
6554
1422
1055
7893
8013
4537
5516
7957
6645
5226
4985
1581
6483
5682
25
6320
1527
2207
89
121
3742
7545
3389
7609
8091
6997
7520
2418
6509
2318
4373
1104
6724
7398
1789
7897
987
8067
6201
1009
1607
3862
4858
2415
932
2374
7090
3790
6720
3058
2973
121
2244
7548
2271
5380
5375
777
6070
7852
1898
3226
6956
1935
1347
7064
1501
77
6947
2460
5771
4842
3862
5226
1617
978
5057
2374
1055
3051
4356
4716
8046
1736
435
1659
1105
5086
3003
186
1040
2850
7135
1709
1725
5325
4362
3878
6685
6146
6459
2723
1647
5241
7777
1285
5226
951
7230
1048
6822
1649
3254
1818
4777
8083
7480
5726
6756
7590
542
3487
4926
2967
978
25
6521
6116
7227
1230
6574
4694
2724
1277
2826
4
132
1464
1050
932
7135
541
90
5835
6950
7079
7
5756
3717
1650
1459
3748
1100
186
7828
4441
2280
2463
6429
7680
4493
1287
2801
7002
4789
407
4842
1353
8003
4971
1158
1050
951
3487
6660
1820
7795
8021
1961
114
3669
2339
2015
7253
5772
7002
6776
5688
7571
5736
5319
7282
7134
5195
2183
1245
6746
2836
3453
8039
7636
3776
1124
5100
137
722
2252
1820
5172
8006
5753
4834
1639
1075
5833
869
5820
5839
7617
156
1462
5553
1124
5975
2915
6450
7786
7828
338
7143
3044
5888
3601
113
2570
90
3478
4934
4099
3751
1856
3513
6744
5073
5717
7190
5232
1479
3487
5587
1290
5374
4352
2645
7777
4441
2280
5402
2850
5160
432
6831
3515
3515
4574
197
7351
6295
2374
4099
5226
716
6198
5802
4092
4939
5767
6053
4482
4308
1823
1442
978
7723
3715
5824
6664
6672
7123
7704
2027
5482
1039
5708
4147
8159
2425
7279
3463
7235
7860
2104
7230
2597
7029
389
1965
985
5149
4707
1473
7219
46
3494
3068
6454
2254
933
2280
4493
980
6968
915
6216
3988
124
6801
1093
4292
2262
849
1039
3823
7227
4729
1732
2271
6548
7299
876
675
1680
5350
2875
4092
2676
4569
4569
6553
2356
3403
2221
4111
4421
1027
5350
7938
1210
6985
7667
7542
1511
4275
3836
7625
3453
4049
2425
227
3892
6975
8058
4530
3909
2927
3750
4165
1360
7753
3046
5129
7942
7188
132
7284
7283
638
8004
1422
2065
2488
6928
206
1293
2700
7749
1468
932
2374
2425
5560
4609
4621
5858
6346
3959
5203
7807
2312
244
3632
7277
672
3933
2801
5277
6664
7601
8144
1016
4284
2492
5722
6366
3440
824
702
1794
7745
4049
23
7954
7396
5715
4322
4739
876
783
1692
235
5551
4869
5306
1566
3367
6441
5369
4754
7890
4175
2653
7174
7334
6241
155
1117
3960
5333
5242
2415
5682
5226
1362
6262
6520
5668
6750
5428
3792
7995
5871
7058
6978
1009
137
1649
5189
248
6116
3654
1285
1050
8078
3284
8190
3267
1653
8071
1445
6683
92
6483
3085
4700
931
3541
7926
6193
6003
3599
8166
1046
7902
4751
6297
1938
1090
5580
5689
3096
5128
6366
3359
3060
2366
3571
6724
5006
6122
7911
7307
1637
2408
1965
6012
753
4493
4251
7885
1998
3298
5189
3012
4312
852
3176
6716
3753
5323
3784
2597
124
2967
1132
4751
6724
532
687
1095
4839
1935
1605
648
4112
541
4771
7227
651
3230
6680
3213
6292
651
4852
5440
1319
3280
5760
5574
6289
5815
2314
4493
3478
932
4162
6887
6895
4441
716
1732
1653
3376
6623
4283
1082
2850
1050
6012
2365
7057
5364
6626
841
2850
4852
6468
5531
6740
6819
7548
7806
6923
2270
2135
4030
6187
7101
2741
8047
777
4355
4506
2065
4245
949
5688
8078
5601
208
7527
6122
5250
2679
4413
4618
1732
2374
2539
925
39
2183
7607
916
6935
5306
7135
4796
7978
1358
6654
1402
1071
2384
5186
5979
6760
2378
716
2354
4852
4615
3144
5653
5896
899
3363
2109
4441
6997
7276
48
3899
4125
1619
5735
3532
6996
5810
2484
6005
263
929
6846
2602
5727
5000
3807
1704
5043
7696
2354
6895
7828
5226
7773
531
1748
4390
7432
2378
2415
5068
7051
3992
2077
2254
3304
6551
1019
7942
1581
5163
5501
3617
7257
4401
6070
2425
2637
3059
954
2717
3478
304
3358
722
931
2464
4628
3628
5167
3457
4852
3241
3320
5853
60
813
5484
3839
2217
7188
2359
1333
5688
7909
973
4618
4732
5187
492
7478
6882
3119
6396
1820
1864
7135
4325
4232
811
6193
6012
4926
4852
6759
3320
5636
6108
5832
5971
5780
4689
8040
6237
1842
7890
2372
4830
715
48
6144
3652
5402
5713
6172
6996
4441
6895
2850
2240
4270
4491
1254
2374
4926
3457
6798
7956
1472
3617
5746
4762
8091
6396
4593
2444
7908
5057
1246
6989
1971
4817
1506
7134
5119
4355
1530
4149
4842
753
978
7982
4835
6000
6898
3044
2597
820
6907
3541
2557
4173
3886
7371
1082
6724
1324
8128
48
4791
1643
5523
7747
3570
675
1864
1951
7290
2058
6627
6997
4694
3347
2274
6595
7700
5167
2374
1040
5226
4741
1029
5350
3143
7941
5103
1587
5374
7463
8010
253
5131
3724
7002
7464
6047
6687
5440
5950
7026
7084
4852
7957
2374
6787
4220
133
7675
932
4926
6012
5057
6648
3667
5923
5203
3677
4726
1715
5839
2327
3609
4694
2805
3532
3407
5600
2336
6726
5513
7358
2323
5166
6095
3433
1820
1895
1980
2813
4623
8016
5100
6005
541
5092
7269
7590
1096
923
4058
4369
133
3264
6922
4422
5975
6199
2278
1066
752
2792
6582
5277
8145
7106
6361
6005
4948
3775
5867
1548
224
2104
541
2780
5057
4291
5778
7594
4115
1338
4315
1513
3043
1342
7287
6268
6654
1536
5402
4234
987
2826
5666
3828
25
3740
3056
1732
3933
2805
492
7221
5666
709
4616
915
2378
