0
0
0
10
8
2
0
1
9
0
0
0
0
1
0
0
1
3
0
0
0
5
10
3
0
0
1
0
0
0
1
3
0
0
0
0
0
0
1
0
0
0
0
0
0
0
0
0
0
0
0
0
0
0
0
2
0
0
0
0
0
0
0
0
1
0
1
0
0
0
0
0
0
0
0
0
0
0
0
0
0
0
0
0
0
0
0
0
0
0
0
1
0
0
0
1
10
0
0
0
0
0
0
0
21
3
0
8
3
10
0
0
0
0
0
1
1
0
0
4
0
0
3
2
0
1
0
1
0
0
1
0
1
2
4
0
0
0
1
0
0
3
0
0
0
2
0
2
0
0
1
1
0
1
0
0
0
0
0
1
0
2
2
0
1
1
0
0
0
0
0
0
0
0
0
0
0
2
0
0
0
0
0
0
1
0
0
0
0
2
0
8
0
0
0
0
0
0
0
0
0
0
0
0
8
9
8
6
6
3
25
2
1
3
5
6
3
17
1
2
0
10
0
1
0
2
1
0
0
1
0
5
0
0
0
0
0
0
0
0
0
0
0
0
0
0
0
0
0
0
0
0
0
10
0
0
7134
2064
4739
2449
2049
3598
6257
168
4048
4610
2990
1360
6768
5987
5170
2668
2831
4562
2686
3322
5742
4804
5475
4256
3610
5909
2192
7051
4255
7596
7673
698
5720
1284
8
2529
4939
5272
2972
674
6181
3940
5670
7720
8139
7367
5546
2982
7318
1183
5940
6536
7080
6506
4423
888
6601
4855
723
7749
6864
2860
1425
6135
5889
6709
7192
4119
5001
4148
2852
8062
74
3130
4827
6463
886
5154
1688
4720
6280
5367
5519
1644
4919
2072
8185
5572
590
6762
6506
1899
4686
6463
4000
340
6884
7358
858
3592
3470
5064
3125
2449
1330
2978
5075
5612
6863
179
4078
4778
378
7058
1378
5139
2981
1726
1212
4515
6383
5585
74
1730
889
8062
3678
5005
2124
2730
7381
225
3910
2169
7337
3858
2076
2157
3592
7254
7541
7340
4897
3588
5189
7528
3865
3988
8117
1851
7566
458
7842
1569
6714
7687
5910
7875
5967
3283
5617
8157
2508
233
2346
1232
3649
5453
8186
7801
2519
6257
7052
1981
7837
7957
2132
1804
7814
986
5353
1058
4802
581
2305
5156
5512
5519
2320
2787
7438
3567
5193
4060
2431
1891
1294
1508
7828
7664
2157
2242
8012
2481
7638
6448
3063
5922
6345
1187
6184
8141
4077
6998
5760
6627
5156
7221
6858
2910
5328
1323
1604
3005
3561
1971
5456
6048
1350
1201
5127
6123
7217
3045
1396
7417
7411
1603
1599
3848
439
4894
7960
792
617
1911
5786
2103
1358
7619
1998
3297
2985
3622
1992
6873
5232
3568
1744
3544
5334
7138
1512
7877
5284
6562
4013
6717
785
4846
7808
7178
6563
6265
6368
4895
3543
5049
2585
5189
6453
8175
2297
4917
2046
7017
6106
1070
2137
4596
942
7718
2832
304
7313
3620
5138
4987
7828
793
1168
3265
3470
4338
995
7148
5154
6362
4923
7232
1551
7948
6977
6025
6025
4579
4036
6304
2330
3698
3121
5689
3668
1744
6664
1833
7828
7234
6006
6747
23
2915
6752
4732
6547
5739
47
5576
823
6807
5298
3881
1439
3804
5383
4516
3060
7111
732
2750
4166
3976
2496
320
4824
7452
8057
5061
6458
913
6020
1108
3412
7254
791
2024
1238
1589
3809
4835
5224
3723
550
7374
1799
1599
133
453
6918
4721
7562
961
1461
4820
4888
3115
369
3990
3125
4032
7136
7243
7059
2630
7433
1757
3910
3631
3959
684
1971
5945
5770
6865
2583
6066
142
2127
6003
5167
3973
6755
6754
1710
5940
1709
434
7723
5689
1461
8022
1389
3500
5669
7939
5086
7299
1590
999
2252
7258
6737
2894
6287
8096
2448
1749
3356
3492
7106
2647
4813
533
7787
794
4831
1913
7913
8128
7178
7146
4512
8001
5719
7349
3574
8007
4544
2141
4526
1204
1714
2358
6791
3167
3965
6843
7990
1982
7755
50
6782
3626
8067
2511
1156
5064
5218
1709
6000
7820
1048
8185
6811
5719
2043
8101
5645
3709
2332
6142
6859
5118
3041
6952
3016
5933
6895
4081
4749
2544
1428
7694
3070
5641
6269
5698
6348
502
48
1057
6759
4609
3351
5940
4332
2456
4054
6292
2613
5528
2477
3831
5206
747
2144
2141
5072
5554
2720
3707
3841
2194
7136
4875
4167
4430
7847
7361
3287
1217
7121
5332
6034
916
5695
7332
8037
3117
690
1456
609
3181
3049
281
3209
2379
1068
5602
6893
5072
1196
5884
3822
3474
5800
7503
2519
1487
4443
2631
4521
5020
109
6452
7416
1620
2049
1233
4746
4430
8119
3648
6567
6298
1382
3877
4469
7507
7975
7056
5646
4684
1170
4805
7715
8033
6576
2711
6596
6697
7666
2967
7755
6700
5115
419
4441
6041
5374
132
5416
1968
77
6780
5760
1777
6046
5539
223
3007
7975
2967
1618
4544
1627
1040
2048
5491
7815
2282
354
3987
4796
8006
7230
2597
7518
4486
3995
390
3492
1717
1
2380
5883
8035
1707
6996
1777
4991
3800
2741
7177
773
3248
4071
2506
5975
5518
5645
307
8170
6045
4398
2802
34
3448
1234
3849
4005
5385
4568
2925
7180
1139
5993
472
8080
4632
918
436
6573
5089
4211
6141
394
4332
7248
4577
4350
5337
4653
7951
6613
4440
2751
4499
3642
7051
4880
4420
4639
3684
5507
4338
6756
7253
1989
3876
7332
1586
6507
7105
246
6839
841
1842
7018
7027
3521
4721
5576
8002
5864
4917
7257
3303
1551
6583
2557
1
5840
3617
423
3413
5945
1293
756
159
6009
4242
4919
3295
4161
2812
1553
2408
3320
1071
7256
2656
7073
5989
7890
4355
3605
19
6138
5330
942
7753
217
3572
4530
3617
534
7867
5945
3969
4400
5993
6649
1681
7671
4520
6496
309
1897
7178
941
3078
3367
2731
6984
3759
6132
5986
4501
794
4423
6940
931
967
4160
2008
2223
3560
8157
2558
2175
2626
7441
8187
5874
806
7212
381
2725
1262
6813
2711
3410
5069
4082
4574
3553
92
617
6850
7095
5617
6318
7012
4350
974
1740
1532
5086
3047
469
7867
2402
6031
5871
3668
1852
404
5796
5642
1112
5538
6625
6069
7261
7147
7923
4077
2225
1441
6761
1659
1229
162
900
6000
5982
3159
4852
6861
7559
36
2679
1522
1241
1944
128
4368
6737
615
7370
1569
8100
4078
3282
692
52
2171
5877
6267
98
266
4242
6660
3136
723
266
3589
289
978
4651
4940
6193
163
992
4264
6104
7570
7178
367
3909
280
3985
7095
4791
4430
6833
6326
4752
658
3348
140
731
8046
4242
4634
7887
4755
3055
6820
34
3245
1084
97
5092
4619
1349
5911
4341
255
744
7466
7178
1595
344
7242
7430
4949
1083
68
6736
4110
2379
7599
5050
1243
744
4521
5209
217
3055
2916
802
1224
4192
310
5095
4531
4899
6018
6320
2464
4809
1939
7582
5531
2957
995
4888
3993
8033
3680
985
4578
3055
6604
4856
4888
5024
7396
7139
4521
1816
1424
2671
7788
5853
7493
673
8055
500
3947
211
5998
7596
765
1852
8091
727
7207
1039
2709
6510
3936
3120
5288
4424
64
4755
4594
1023
273
4223
6228
4005
1595
5911
1675
7442
4830
4623
4689
5531
5928
