0
0
0
9
1
10
0
1
9
1
0
0
1
0
0
1
2
0
0
0
0
12
1
3
0
0
2
0
0
0
2
1
0
0
0
0
0
0
1
0
0
0
0
0
0
0
0
0
0
0
0
0
0
0
0
1
1
1
0
0
0
0
0
0
3
0
1
0
0
0
1
0
0
0
0
0
0
0
0
1
2
0
0
0
0
0
0
0
0
1
0
1
0
0
0
0
8
0
0
0
0
0
0
0
24
2
0
4
4
8
0
0
0
0
0
0
2
1
1
4
0
1
3
3
0
1
2
1
0
3
0
0
1
0
1
0
2
0
1
0
0
0
0
0
0
0
2
0
1
0
1
0
0
1
0
0
0
0
0
0
0
0
1
3
1
0
0
0
0
0
0
0
0
0
0
0
0
0
0
0
0
0
0
0
0
1
0
0
0
2
0
6
0
0
0
0
0
0
0
0
0
0
0
0
9
4
7
5
5
3
27
1
0
3
0
1
1
27
3
1
0
12
1
0
0
2
0
0
0
1
0
0
0
1
0
0
0
0
0
0
0
0
0
0
0
0
0
0
0
0
0
0
0
10
0
0
155
407
6480
4751
7025
1635
6760
1548
7914
5671
1492
2336
2280
5422
1426
3762
5843
7500
3836
2991
3836
809
3717
1707
2994
1037
4506
5306
3259
6187
7945
5472
5334
5829
7213
5722
6850
7571
2425
4124
1449
6932
6634
7077
954
4988
1895
4719
7507
799
3770
217
1894
5453
3317
5146
2933
4397
2765
6003
4551
2933
4572
4516
7738
758
3410
3060
3958
5027
3229
2862
4085
7843
1639
2675
3586
5033
2220
2336
4719
1424
6557
6123
3934
7857
1439
7732
6932
3085
1647
133
3168
3410
566
7732
5704
2933
4418
1235
3265
7803
7188
3176
6146
1132
1684
243
3446
6485
4696
67
695
5659
7146
5358
7787
5124
1890
3706
6955
1030
4024
1100
8105
6299
1256
3367
2772
7867
4142
5653
8139
6172
7077
133
5196
1376
1947
4183
5578
1378
7713
1730
7146
5535
5910
1708
6399
6638
6005
1353
5192
6176
1008
5334
6291
3093
2577
5445
2800
3733
2346
3146
4422
3155
1492
4019
7942
7281
4099
1206
1730
67
2568
291
51
3567
7735
7667
610
6897
6454
2295
5189
2942
4967
7327
7289
6536
1492
2345
2280
3487
155
2380
6216
1511
1587
1361
2805
1396
716
3943
5967
1390
2052
5407
1977
7743
7803
7835
3173
5834
2021
8057
5163
7210
1639
1566
2933
4352
2577
6978
7918
5390
4551
6047
2583
1890
5807
156
2347
1778
193
1125
5011
6676
4633
5027
4167
8119
8138
4831
6159
4333
3235
1329
6266
7213
1599
4085
1947
520
1899
142
7738
7002
4539
5260
7097
913
2577
8135
6685
2312
1823
7388
6557
6352
1887
6328
2910
1471
2713
5327
2098
1039
3228
4138
7748
2975
6955
4355
1127
5317
354
3189
2418
25
2368
2977
407
2276
6679
6383
7282
2183
5340
3441
67
1749
5106
3973
6248
7825
955
4946
168
1644
7420
3160
7648
5493
5752
7464
5147
4352
5749
4352
2004
7240
4062
4125
3398
7427
5732
6015
4598
3302
5181
2295
3247
7864
3070
5994
3366
178
5635
1858
7743
1569
4126
4874
4083
6112
2327
25
2261
1506
2862
2448
5166
4933
7738
5904
758
4241
4570
7053
4597
6195
5908
5353
3125
258
5115
5170
6214
1695
3201
6605
1788
7431
1831
2943
1747
2233
447
6122
3700
8094
5581
3045
4926
5376
3857
3236
7773
5844
1470
6777
7537
17
3149
6661
4104
1883
5111
1515
5366
8100
2658
1688
2760
1525
6969
6805
2203
648
5631
6914
7262
1078
4030
6361
7244
2420
2392
5405
8174
3519
1923
2975
1235
5367
4042
7533
1492
1785
5469
1855
7158
4993
1012
3629
1707
2198
1788
2908
1652
1173
5526
799
7231
7801
2336
3259
4572
3958
1277
5135
5704
5680
7383
3152
4019
3870
6760
4598
6479
7
4697
5967
1687
55
1758
5144
4398
3776
3678
2658
6732
4803
7612
5182
4874
1711
4511
5027
4572
2826
2225
4215
1226
7893
6760
2802
7893
3870
5653
9
7537
4654
826
1894
3881
7264
7793
6676
6010
7412
6400
2198
7198
7931
381
2139
1543
6531
6861
3960
6549
4539
4985
5027
4771
2314
6015
6602
7773
5263
2749
7593
4341
3190
562
5512
5017
4831
1416
1323
216
3476
6817
2574
7713
5478
53
1184
3177
2583
4418
4422
382
1599
6409
1097
2365
1272
1404
7053
44
4918
7246
6545
516
923
3827
1307
2197
5234
4
648
4457
8146
599
27
4658
3403
6737
5354
6540
1713
8135
3623
5227
5135
1182
6760
1599
4740
2972
3369
179
6598
1320
7697
5256
4373
41
7399
1831
3428
6782
6499
1017
6290
1086
6676
6010
5754
2608
5897
156
184
4266
866
155
6458
3650
3267
142
1235
6657
4572
4963
4598
7173
3446
222
3567
152
6268
3166
1031
5022
8031
2298
1412
7000
6608
1059
396
2932
3249
4984
5135
354
7945
7547
1778
717
5835
7122
777
1071
6777
7097
4234
4976
1442
6816
8099
3135
6348
117
5549
391
7919
2251
8179
762
3567
1208
1070
6760
3933
156
3793
7787
7097
5063
6664
5775
6932
614
7938
954
3681
3894
3848
5521
6266
3857
7588
7213
2826
2189
811
5596
762
6352
5907
4401
1858
562
2794
7297
1843
6829
2887
2103
3621
5135
4143
1566
6297
8094
885
4602
7854
6932
4085
6116
7244
3144
1639
1520
5766
2161
3561
3671
5634
1347
176
8100
7430
6160
3965
6486
4143
5012
1732
5622
5986
25
3487
2800
4418
5422
1055
7282
2772
5184
6829
2359
2975
3933
4602
2240
2566
7031
2938
171
6214
4248
5735
2650
172
6969
4221
5460
8039
3636
3533
1449
2347
6273
2628
1638
5839
7998
520
1290
2772
4318
4688
1200
6540
5352
1548
1260
501
348
172
6129
6745
5144
1377
27
5042
4683
2897
3397
4897
7002
7211
4570
3848
5135
2368
2261
217
7262
3289
4030
2109
4318
3672
5710
1940
10
6714
6580
1803
5484
3692
7713
6048
5170
1104
4946
4432
4794
5471
6747
7502
3205
6208
7074
3249
520
6608
7201
6548
3410
5904
5628
2709
4241
4766
5710
1874
5977
6384
7218
6680
4683
1730
3827
3397
3833
8100
1687
447
27
5353
2098
258
107
803
1404
5628
3751
7773
930
6255
5375
5839
3870
6361
6350
2675
3632
3482
1774
5967
459
483
1788
5556
1616
2238
646
3183
3195
7787
3165
3930
5144
2187
2001
177
7244
6932
2365
7954
125
1957
3117
7854
1599
5824
1127
6976
4532
2958
5949
2251
6225
7060
153
972
7760
3101
7356
781
5169
6676
2943
2771
6012
7387
4562
1362
4241
3515
3487
7893
6549
858
5668
1293
3933
5752
5370
7796
5802
392
5261
7981
7683
381
6443
116
3884
336
1652
470
7955
1625
1758
7053
5308
3641
4013
5055
7934
7053
7914
7244
7497
2349
5710
5365
3435
6634
3392
4164
4489
6795
6897
4401
1710
4212
7060
8078
2862
3729
448
7531
5818
5280
3985
5353
915
478
573
7749
7942
2152
2951
2539
4796
6003
478
1520
382
5888
7201
3477
5684
7854
111
3012
2090
1898
5011
6601
3030
3973
7751
3356
3828
6399
3567
4205
4847
1808
3367
1404
3621
2365
