0
0
0
9
0
3
0
2
10
0
0
1
0
0
0
0
2
0
0
0
0
0
14
5
0
0
0
0
0
0
0
2
0
0
0
0
0
0
1
0
0
0
0
0
0
0
0
0
0
0
0
0
0
0
0
1
0
2
0
0
0
1
0
0
0
4
3
0
0
0
0
0
0
0
0
0
1
0
0
0
0
2
0
0
0
0
0
0
0
0
1
1
0
0
0
1
8
1
0
0
0
0
0
0
25
3
0
6
4
8
0
0
0
0
0
1
0
0
2
5
1
2
5
1
0
1
0
1
0
0
0
0
0
1
3
0
0
0
0
0
0
2
0
0
2
1
0
0
0
1
0
0
0
1
0
1
0
0
0
0
0
1
1
0
0
1
0
0
0
0
0
0
2
0
0
0
0
1
0
0
0
0
0
0
0
0
0
0
0
1
0
9
0
0
0
0
0
0
0
0
0
0
0
0
10
1
8
1
1
3
24
3
3
1
1
0
1
11
1
2
0
10
0
0
0
1
1
0
0
1
0
0
0
0
0
0
0
0
0
0
0
0
0
0
0
0
0
0
0
0
0
0
0
10
0
0
4230
7283
2682
6978
3894
3403
3948
4552
7446
7460
7879
1337
5151
2300
7887
778
6417
6487
253
2925
4598
6401
2117
5122
6262
5671
6781
7695
407
4314
2231
5893
1626
6190
2893
5417
7534
1531
2532
6723
5614
2424
4025
2094
6957
6679
1415
1765
1944
2364
44
2453
410
5247
5119
6603
4590
5278
4289
885
8039
7119
7242
4904
38
4814
6862
1104
168
3221
3675
1650
3973
6123
7083
8183
3881
820
4857
2907
6417
6431
6088
4289
157
2811
2522
6074
4249
6626
518
3298
6820
8039
2943
1938
4230
1018
287
3895
7697
3135
7343
5251
2655
2346
7476
5617
2021
3721
1124
3686
1944
3717
4078
1685
2829
6784
3720
6686
4082
4542
6350
689
5319
7663
6201
7658
1481
5683
1477
6805
1258
2353
7896
5463
2340
6858
4929
3757
1329
7860
208
845
5874
2930
7222
1684
7938
3369
885
7645
4727
6886
4739
5622
5688
6784
4515
4967
2908
3881
2197
3496
6862
652
5367
6714
6297
5803
321
8185
4715
2106
1965
4291
1620
639
7837
2438
1115
5055
2318
5914
4077
2613
2318
2115
2811
4346
8084
1258
4676
3369
498
833
3637
6978
7490
7417
6472
6174
4360
6159
3343
990
1765
3959
6310
1243
6841
1339
7510
3043
1690
2696
3797
5790
2887
4535
1938
2318
2020
4790
8070
6968
885
5565
4859
2549
1692
1047
3430
7412
6400
6426
2984
846
5135
3369
5082
1784
1652
1805
5055
3453
2129
885
1938
8138
457
6784
7645
5067
2785
323
3203
344
5243
2392
7055
3093
4985
5243
4360
2094
5269
7973
1115
1590
7547
1797
3236
5055
835
135
5521
5835
124
5835
885
4727
4005
2357
2484
2146
3687
6918
7314
2921
4221
8170
3990
7815
638
1297
7875
7988
4658
5622
458
2420
3012
3082
3548
5986
7718
3797
462
7473
7017
7843
4418
5075
7924
3298
6132
7645
7591
7502
6141
5311
5016
2259
646
313
3881
755
5478
6242
4418
1881
5155
5466
5944
5987
6784
6132
596
6672
2054
4917
7690
6219
3601
2925
8176
7395
6001
2146
3823
2420
3358
4305
7952
1654
4947
7181
2291
4676
3441
6356
4810
4450
3553
2485
3308
3614
6822
7440
6208
7534
2206
3453
5460
6671
5306
155
6929
3478
6681
5671
4335
1403
4353
6226
5158
2991
5897
6754
5940
1079
5987
1728
1623
5496
6208
4616
7117
5091
2554
976
8132
2637
3657
3420
835
5406
1684
1376
2633
2591
3298
3720
2397
5515
6121
2166
7001
5179
5358
168
4974
5474
5407
5008
6631
1578
545
5552
6480
5546
177
1329
2637
7131
323
6784
2572
5889
8119
2933
7773
2802
6241
5067
4697
7748
3013
4689
6365
8005
3763
6745
313
2908
5330
6443
2457
2073
2012
4223
2983
3489
4599
1596
6963
5551
523
1610
371
6651
2331
7537
7510
1522
5835
6913
3082
5716
6158
6307
4634
2700
6646
1398
3595
7864
697
7718
2139
3836
3063
6208
3072
565
6263
371
5824
2897
1608
5017
1604
6687
3720
7720
4839
1709
1639
6631
5373
3714
4999
6131
2166
7342
5313
51
3327
8183
3692
4384
4616
7602
3236
3553
6581
5243
253
3251
125
2770
379
7095
956
5156
5182
323
4984
4609
7306
2511
596
5444
3815
6169
6571
7075
1033
7409
5597
4682
2893
4963
885
6616
6125
6850
6993
5007
5365
5365
7007
2769
2213
3657
1801
3298
3894
5075
6509
6701
5631
6784
835
2024
2897
4850
4771
6445
8170
6413
4682
6930
2291
168
3478
5373
8129
7483
6295
4283
3733
148
893
856
1687
5440
600
6123
1778
846
2347
4715
5291
5182
5572
225
5852
5917
6064
7587
5872
3183
5366
4682
7875
888
2834
2583
239
7455
7148
6109
6950
2545
755
2291
3150
5889
6117
5223
6694
2930
6172
2091
2691
6123
3317
5373
3387
809
918
3391
112
6516
2582
1695
7181
4158
709
624
5622
2124
7777
4971
7073
1461
1460
5370
619
706
5497
6556
1482
3073
6564
6495
2660
7427
7440
7156
7733
6646
1310
7755
6397
3662
1093
70
7249
5910
3247
7346
216
6138
7080
5052
5407
6767
1336
1360
6208
4616
1208
4429
5224
6786
5313
778
4207
2942
2809
3420
4006
6400
3603
4451
6949
1225
2117
2517
6269
4676
7875
1489
2187
6443
216
68
2722
1336
3883
117
7945
1512
7401
1860
1979
4490
5976
3263
6041
6508
930
6241
5947
6426
2706
794
7188
5059
6516
2893
7323
5655
2735
2366
6653
1846
1930
6010
5522
8003
7534
5201
5364
671
3704
885
1581
2834
6219
2341
390
4361
1147
2829
2065
6426
1968
3603
7755
5788
7257
1489
304
6146
6687
7855
3645
7644
6687
4717
7702
5417
3236
4804
6307
5292
2722
488
722
1873
6426
142
5288
5482
3392
2930
7881
6486
2897
1323
4031
58
8170
443
3442
6574
404
1353
6664
7146
6605
732
885
4347
1083
2443
5560
2771
7973
7521
4217
6975
1328
5260
4175
2459
5878
1123
3955
1328
8120
7181
4588
2498
3662
834
6607
4323
7263
865
5115
4613
5572
2353
6047
4333
340
1076
5560
5794
7367
7903
5829
6450
77
3825
2483
4618
3391
888
2486
2897
6964
5505
4783
3644
6033
4275
703
1894
6965
6269
4019
599
6080
5337
7859
5614
1581
575
2379
5470
1258
4535
4530
7243
2262
5027
3682
5430
47
5771
5016
5016
7881
6603
257
7825
6675
856
6269
5299
7480
3441
3717
6279
6962
6106
3160
5863
174
2558
5853
3098
4369
1107
5733
254
2637
5090
3481
2948
702
2993
4870
1328
173
2621
5117
330
3114
287
7697
4611
2005
6291
5510
7855
5027
1524
2519
7614
853
740
7121
6357
858
1416
2181
8021
5897
7658
1023
254
1224
2420
3955
5016
1144
1328
443
441
6666
3125
7973
1176
8117
5546
1208
2007
2368
3152
3592
545
7614
2402
5288
1709
2904
7473
1638
7230
3752
3371
7887
2512
3599
6352
6219
7030
5016
6516
6607
6380
5261
2353
6132
3933
3140
6500
3467
2368
1183
171
7764
6964
2206
3470
5874
3237
2700
4936
6167
5276
3119
1328
2916
1522
6011
5631
