0
0
0
11
0
0
0
2
10
0
0
1
0
0
0
0
0
0
0
0
0
3
13
4
0
0
1
0
0
0
3
0
0
0
0
0
0
0
0
0
0
0
0
0
0
0
0
0
0
0
0
0
0
0
0
0
1
0
0
0
0
1
0
0
0
0
0
0
0
0
0
0
0
0
0
0
0
1
1
1
0
0
0
0
1
1
0
0
0
0
0
1
0
0
0
0
5
0
0
0
0
0
0
0
26
0
0
9
7
5
0
0
0
0
0
0
1
0
1
4
1
1
6
3
0
2
0
1
1
0
0
0
0
1
1
0
1
1
1
0
0
0
0
0
0
1
0
0
0
0
0
1
0
0
0
0
0
0
0
1
1
1
2
0
1
0
0
0
1
0
0
0
0
0
0
0
0
2
2
0
0
0
0
0
0
0
0
0
0
0
0
12
0
0
0
0
0
0
0
0
0
0
0
0
14
5
11
0
1
3
26
2
2
1
3
2
1
18
0
3
1
11
0
0
0
3
0
0
0
1
0
0
0
0
0
0
0
0
0
0
0
0
0
0
0
0
0
0
0
0
0
0
0
10
0
0
4707
7187
841
6568
7910
6041
1124
5977
514
3209
4526
6212
3838
2675
6063
4566
7497
4535
2986
155
6450
1961
6920
1532
3427
2270
4607
5517
96
922
98
114
2232
4498
3695
2791
7226
8055
3533
646
8183
5940
127
5841
5297
680
1841
2004
7892
422
7516
1346
8166
5985
1002
5416
6104
2448
8017
4317
2999
4621
6346
5276
3236
7025
7135
5285
4107
5928
1565
4175
7334
7235
4205
5886
6306
2423
2817
2295
3506
3185
6958
1018
3099
1218
5645
2616
1027
5287
4961
2624
4141
1348
6719
3631
1207
1538
4190
7507
3821
5489
1588
2513
2648
3123
2773
1279
4498
6038
7883
229
1592
2308
7396
3379
2108
526
5645
2791
3068
3432
271
2831
5636
5633
2517
1638
336
3482
3475
7591
8030
4842
2229
1009
6895
36
6692
3297
2439
2676
730
2521
3252
6217
3355
1165
5539
5962
3247
2925
2629
5101
7006
2279
7257
5277
2363
3631
7067
906
5975
5259
6927
924
5
6664
4630
5860
3539
2883
5360
1978
4189
4749
4651
6104
6009
3022
6431
3437
2861
7153
4162
5150
7688
5595
8176
164
4443
1863
836
1691
3096
1581
3168
3865
8
464
7805
4962
5158
7525
7356
4018
6332
3941
5478
2800
139
2434
3884
710
2777
7281
2549
3376
4275
1884
3129
7837
5593
858
7186
3617
611
4729
2122
6091
461
1688
7931
7805
7714
472
1598
5507
7413
3592
2264
8037
1569
5022
1881
1659
2820
5146
1582
4527
7652
2080
3851
3482
3317
3888
3699
1795
359
6583
951
4323
5042
709
1831
1694
1515
7804
4007
7314
4763
2559
976
1986
6662
5256
4680
5056
6601
4998
2897
2209
6743
7980
4508
4857
7980
2860
5405
6340
2540
7691
6141
2483
5145
5409
961
5080
7367
461
4248
1727
8074
7932
74
7521
1477
1552
5042
7367
5099
2187
1033
8087
4714
1015
4636
7690
6530
4274
4793
2519
2269
3275
6141
3359
3466
5552
6809
1710
8100
3198
6557
3673
6485
2360
5980
2427
6979
5042
476
2529
5498
3411
3949
877
7456
5330
4668
7714
1908
2034
1291
1862
2394
7810
7028
4611
1429
5353
5425
603
7683
7460
5783
3428
6618
5655
107
5844
4602
4527
4446
847
3977
5763
2205
1033
3035
3408
5838
7357
2184
7243
2260
545
6518
2342
6271
8122
5289
6325
6596
2893
5144
3508
1572
7688
5094
5352
6732
2811
7370
2156
1079
7858
78
7647
6655
2792
7400
7929
3721
4091
446
6396
7758
3086
7395
958
4955
4880
7430
7687
687
7607
4323
1615
7840
2860
3930
7919
1892
2260
7894
5811
5366
5169
5615
1752
2339
6328
7616
1456
2673
2163
2792
4533
2569
6854
2401
7767
3258
6117
6571
7174
5478
7841
68
7822
1288
7736
2750
5834
7936
4896
1045
4366
1279
7866
12
6010
7934
6685
4917
8152
2738
6885
5073
3995
5980
6463
4627
2433
1765
1595
5730
1125
1545
7805
4767
5865
2584
7103
3998
1525
2064
2157
2986
212
4667
4349
5353
6561
5274
2541
7780
2369
5361
2446
4326
208
2978
939
3361
5803
806
5099
5608
4061
7301
8009
4446
6930
7932
5330
2847
8057
3612
4060
5999
7483
7343
5188
8057
7683
404
7907
4383
286
1728
4048
2750
3006
1011
3363
5481
8036
6010
6666
2304
4672
2496
7409
4446
7095
1013
5044
7073
8136
1360
6443
990
4919
27
1831
7046
6305
3489
6361
1279
2645
6957
4536
522
2406
3408
7955
5553
1525
5042
5240
5981
4527
3594
3726
7037
5311
5635
1379
2769
6112
5222
98
5576
505
2770
1259
7429
2574
1525
5242
5530
2560
2339
4873
2041
3968
6962
7670
3693
5834
3998
8057
5834
505
5848
5933
4819
2187
2959
6297
858
5022
1800
6414
7737
5834
789
1687
7683
427
8184
2553
2737
7235
7237
390
5102
882
4407
7959
7884
3489
5546
5786
3940
1305
4212
1945
1846
6963
338
4554
1527
7400
5980
6325
2299
116
4678
476
7650
3567
3136
7197
4628
6332
5404
5507
3635
1566
7975
1247
153
5444
5952
1707
1707
1922
4455
4323
3235
3069
1694
1696
4306
3940
1945
5353
4789
3090
8067
4369
7127
7981
3183
5465
1589
1155
684
4155
8047
6361
5953
2382
4269
3317
8137
4658
5240
7521
5634
1707
5022
1338
8037
7212
1788
6378
476
7521
8057
566
924
4396
1282
2448
2360
6408
5385
5530
2520
3287
7692
3487
3652
6559
66
4835
3136
7395
306
942
5064
5182
3985
4401
7521
1619
4780
7525
1941
8100
8057
5498
6523
437
5944
6940
1184
4485
7716
729
1849
4841
5689
4732
4816
2209
487
572
7907
7607
2448
1284
7841
122
4680
7367
5258
6627
7964
6862
1447
5042
2712
176
1377
4323
6087
3792
1539
3886
4939
4820
4849
2136
3044
2850
5004
2991
195
1834
176
6638
1617
7954
3503
5972
5487
1569
5512
5520
4637
7375
1943
118
5042
6010
184
2774
172
3859
2059
5454
743
7301
2629
2285
3367
4729
278
4001
1092
7648
3503
5139
1158
3559
2803
7724
3012
7907
5124
1073
6089
4721
7225
3360
4000
5935
111
1130
7582
4112
5664
4888
1688
702
3052
8134
4190
4049
4302
828
7115
7257
4342
3117
653
3521
5841
893
6782
7901
600
5599
3988
635
3044
7237
2453
4566
8075
1931
4274
5385
7967
3441
3776
1654
3183
3169
2165
820
2599
880
3763
409
7581
2151
117
2762
6931
7175
4483
3221
4955
7874
1698
137
4809
5095
5313
4983
4082
114
6082
6850
4527
346
551
1307
5407
5289
7875
1799
7091
4645
4890
873
1761
7856
1955
1304
4077
5569
4829
730
1521
3148
8056
1567
2999
4809
6330
7810
4030
4752
6862
4676
7521
5409
6909
2750
7465
7073
7076
4877
5448
4576
251
1250
141
52
5994
4047
5010
1155
1883
5814
7147
792
2187
7528
410
5219
3402
1932
5466
2585
606
545
313
4443
7662
7188
4435
6357
6499
2184
6045
1005
2506
7760
7125
3311
5719
3833
7599
3237
1291
1990
927
6381
5723
7684
7012
3052
6710
5801
3969
437
7563
3576
4029
7098
5079
3212
3997
896
1031
7727
