0
0
0
9
6
2
0
0
9
1
0
0
0
0
0
0
0
2
0
0
0
9
10
3
0
0
3
0
0
0
1
0
0
0
0
0
0
0
1
0
0
0
0
0
0
0
0
0
0
0
0
0
0
0
0
7
0
1
1
0
0
0
0
0
3
1
1
0
0
1
0
0
0
0
0
0
2
0
1
2
0
0
0
0
0
0
0
0
0
0
0
0
1
0
0
0
13
0
0
0
0
0
0
0
24
1
0
9
3
5
0
0
0
0
0
2
4
0
3
4
0
3
2
1
0
4
0
1
0
0
3
0
0
0
2
0
0
0
0
0
0
0
0
0
2
2
0
3
2
1
0
0
2
1
1
0
0
0
0
1
0
1
1
0
2
0
0
0
0
2
0
0
0
0
0
1
0
0
0
0
1
0
0
1
0
0
0
1
1
1
0
8
0
0
1
0
0
1
0
0
0
0
0
0
7
5
10
6
6
1
31
2
4
6
6
5
1
42
0
1
0
10
0
0
0
2
0
0
0
1
1
3
0
0
0
0
0
0
0
0
0
0
0
0
0
0
0
0
0
0
0
0
0
10
0
0
7187
3934
4594
5517
2780
4264
7408
2995
2246
4830
6070
7975
6709
3714
167
6043
3221
639
6294
810
8171
1053
7413
6700
1834
1932
1734
1050
4707
5661
7034
5948
5214
170
4609
1927
919
1621
631
7405
5281
7823
3347
5981
1599
74
269
8067
6214
2543
3226
5512
1182
7648
1183
7557
2389
343
462
6830
5689
5469
5035
4457
4609
5165
698
6167
1577
559
2958
3542
7010
4062
7014
1797
3410
4265
8185
449
3263
3924
6555
4138
6687
5323
562
100
2412
5655
4131
12
7049
3651
7269
7640
170
5643
5735
7011
7210
7582
5398
2066
4093
5699
4036
3177
5653
5736
8063
2527
2273
6555
6157
3846
5670
116
4615
8139
2622
7146
2643
4406
5470
7413
7405
4381
4291
372
5415
508
1961
3585
4353
5031
6395
6696
3764
2592
2576
731
2148
2598
6202
7140
4903
3504
4796
6810
725
3249
7718
7323
5458
6350
3718
7714
170
1032
3722
49
679
6228
2992
4670
2459
1592
4452
3310
281
2668
5806
3561
2058
7819
1589
255
3504
6824
7785
3699
4692
3317
4810
942
6374
6546
545
5011
845
2016
7606
5517
6262
1157
4722
7665
4881
8167
3878
6792
7797
7800
2601
3208
2683
5563
2308
4526
7148
2429
3804
4107
1071
7141
3783
5581
2004
4333
2353
7282
4651
6060
7967
2392
4491
7584
6737
4707
3541
4578
5086
7503
7242
4933
6233
6535
3060
433
2292
3288
4377
2092
3904
5717
4719
7537
7614
596
545
7702
7658
7919
4609
411
3302
7194
531
7155
4568
2062
219
3123
5942
5790
5139
1040
4017
8153
6232
2312
3313
7230
2363
256
6414
3659
6087
7231
2346
7480
2090
2156
6614
7413
389
7070
6135
2308
5024
1539
8153
3680
6971
5365
8014
2208
3413
1566
536
6708
5702
988
1520
6350
7954
3351
5634
7921
3629
1235
7818
7501
508
5385
2918
1852
5731
5661
6550
7816
5132
4083
6631
1528
1728
4398
7919
6978
6225
4696
7571
2215
7523
3403
7201
2090
2311
3183
4398
7534
270
4450
3477
6320
211
4887
8006
5542
1443
631
8153
7910
4291
599
5496
1332
6609
6299
2519
2007
404
1860
7704
7478
2251
7349
2370
22
4360
7483
127
6374
2353
2579
6481
4067
411
5165
1778
5742
7301
1067
4110
744
5403
6148
4552
578
5992
5303
5622
3410
1711
3140
4086
4506
2131
8183
4613
7758
2829
6147
6021
1947
5256
6151
6548
7901
5305
2166
6310
5561
4094
1430
5408
531
4492
283
6611
6145
6461
2455
4822
7704
2637
7231
5369
987
4138
5114
6591
7318
885
4125
1596
7510
1928
5251
7406
5520
4472
5024
6164
5999
3071
7860
1856
1836
3443
5254
7472
4676
7326
5307
8095
4476
1947
1814
6627
4088
2299
4776
7661
1177
4316
2700
1136
5227
549
8135
7704
4651
4892
1634
478
2062
3504
5664
7717
6060
3443
6830
3248
2730
1537
4740
1416
1703
2312
6627
1004
2723
3601
1951
1260
930
4174
4294
7507
3506
8099
3171
8009
5069
237
4242
4698
7405
5165
3004
5301
1836
4478
8003
5564
4663
8099
1685
4898
2813
539
6361
7938
7900
5301
3979
1276
5468
1951
5677
7446
7677
7624
2314
7855
7644
5496
139
250
1852
2062
2062
3849
807
5687
7149
4179
8076
4988
8044
7290
3267
5205
1644
6555
3048
5054
2092
7786
5422
2688
5897
879
4409
7281
4476
5815
6816
5496
6242
5512
1762
5423
1824
34
5347
4892
4947
7523
357
172
4125
5315
1801
6361
1608
3884
7846
6257
7417
1183
2847
6638
1407
6313
2924
2705
1847
3441
4042
6738
4683
5634
6555
7657
3477
3448
1601
3682
4652
2353
5291
7966
2993
4413
4703
3434
1869
1903
7707
7197
3933
4223
5497
7905
1976
4211
2312
3371
6398
7585
7097
1511
2412
6336
7818
3959
6310
1414
3617
574
348
6233
22
3283
181
5767
6839
3932
2729
5538
7416
4291
5128
7784
2951
7896
2262
3674
563
1511
7658
5242
1339
4169
8116
1376
3848
2066
525
2229
4067
1667
6791
4763
6559
6350
1951
5560
2576
6853
5942
2927
5169
3389
3790
219
5192
3369
4220
5799
6814
6605
6860
5012
1143
1416
3643
3392
422
2648
2958
2527
3347
262
5436
2168
7578
8132
7732
3608
2092
5993
341
5411
4579
217
1464
3699
6608
1258
1347
6345
1104
5601
4948
2310
1260
4420
3694
2195
5634
7548
4139
5209
796
7654
4291
631
6813
6226
7711
4740
7747
3716
5128
2557
1040
6518
1317
6134
3534
6149
3810
7441
3351
762
371
3782
7568
5156
4967
4929
1336
4967
260
7432
3007
6852
3747
2736
3445
4
424
3914
3676
6144
3676
7299
4268
7512
1440
6023
6199
2613
3628
6064
3373
6406
3111
7035
738
6433
4289
3435
2264
3062
7895
4737
4415
7654
3120
5661
47
1498
6192
5442
4595
3676
4505
24
7325
8152
5128
1900
5636
4111
1597
84
1212
2385
5481
2577
6383
3825
732
500
7806
2777
1863
7869
3213
2593
3911
7940
5541
4663
7047
4377
3190
2705
1095
1506
3507
3749
4003
2905
1564
4309
6774
697
3500
2800
5569
2472
7738
3136
5982
3469
6059
5536
1270
876
2410
6243
117
389
7683
7203
1377
5873
5365
3428
5649
8179
2774
3227
515
240
4284
7307
7858
5924
7274
2134
7367
7158
488
3369
536
6082
2958
3207
7642
1173
7432
3128
3809
2851
6320
1042
7287
3399
7814
7797
5760
6093
7287
2812
7402
3828
3506
6760
2412
5841
4509
4858
5226
4346
4289
930
2622
4867
7451
7901
1948
3055
2110
15
2578
3207
202
7573
5250
5050
5234
5307
4797
3918
4041
6142
1283
1071
2602
4215
5653
6653
101
3997
39
6664
338
941
3140
7280
6515
3123
4139
3974
367
4198
4766
4707
7882
5710
6740
721
7073
5337
4706
1625
2468
7949
5980
3567
3069
5003
5487
3638
2341
6616
2024
7973
5622
7000
2090
1725
1077
960
3260
1593
963
3497
3664
5661
5661
5436
1521
6677
6717
3543
1586
1368
1233
2469
666
7217
2867
4963
7476
666
1941
2583
1117
1559
2737
3044
3751
2800
3790
7665
825
