0
0
0
7
0
2
0
1
8
1
0
2
0
0
0
0
0
0
0
0
0
8
8
2
0
0
1
1
0
0
0
2
0
0
0
0
0
0
0
0
0
0
0
0
0
0
0
0
0
0
0
0
0
0
1
7
0
0
1
0
0
0
0
0
2
0
0
2
0
0
0
0
0
0
0
0
1
1
0
0
0
0
0
1
0
0
0
0
0
0
0
0
0
0
0
0
6
0
0
0
0
0
0
0
26
4
0
9
7
9
0
0
0
0
0
4
4
0
3
3
0
3
2
0
0
0
0
2
0
0
1
2
0
2
6
0
0
0
0
0
0
1
0
0
0
2
1
2
0
1
0
1
0
0
0
0
0
0
0
1
3
0
2
0
0
1
1
0
0
1
1
0
1
0
0
1
0
0
0
0
1
0
0
1
0
0
0
0
0
3
0
5
0
0
0
0
0
0
1
1
0
0
0
0
9
8
6
1
3
2
28
3
1
4
4
2
1
31
1
0
1
10
0
0
2
2
1
0
0
1
0
2
0
0
0
0
0
0
0
0
0
0
0
0
0
0
0
0
0
0
0
0
0
10
0
0
1009
2008
7583
6104
3533
3453
5250
435
3492
6660
5153
7893
672
5933
2915
789
6988
6976
5020
6517
5552
3352
3475
3838
6818
6703
4232
7779
4830
271
3051
3413
3754
5709
2512
536
6464
3684
6124
6761
1669
6131
3870
6703
948
6926
3535
7814
6234
3777
5037
3223
7867
7155
1452
3326
4164
2686
3668
283
6797
1479
4580
1424
1441
5530
4824
6922
7196
6789
7908
3936
2483
785
6746
2843
450
5574
4387
3900
3712
932
2616
2062
4580
7517
2257
4182
4578
2002
4718
6937
1067
2979
3154
6880
1934
1890
3702
6215
4280
4002
3320
1734
7229
4148
709
4452
3079
4242
954
1479
5722
4217
7269
3682
1607
6568
4059
1593
3642
4070
4888
119
566
4120
1094
2850
3783
133
4580
2650
7761
995
699
7213
6601
4205
7743
1833
7090
2557
6914
7727
5888
1532
5629
1062
4497
4116
877
7523
7546
2487
7800
7424
2466
4017
2308
4348
2496
795
5285
4399
6066
1753
176
701
3850
1608
476
2681
4716
3443
6549
301
1946
6638
1243
3453
3158
7160
4406
3557
5019
3443
6789
7615
7466
1620
1441
6295
896
6227
8048
740
4165
7523
502
7404
7177
389
5497
956
217
3443
4342
5372
3120
374
5220
1961
743
5701
4521
3119
6340
7884
5048
214
5915
4092
3748
1169
6263
6706
1163
170
1926
6399
7254
2630
1988
5960
8057
4919
1537
4053
33
6246
4651
8021
1588
5605
5777
4623
4256
5363
4202
4872
7596
5470
2778
5092
5664
2751
1799
715
214
6060
7723
4679
176
6092
2770
5578
3726
7370
6875
5529
3943
4649
2378
396
5687
5198
5160
6756
3077
482
4297
3816
6544
6593
1954
5997
4448
1360
7868
928
272
5031
4264
7373
189
7773
47
6999
1615
7306
460
4422
1940
656
3021
6902
2688
1635
7155
717
2027
4070
7287
7976
7757
5802
167
6104
3477
4824
2464
4949
921
4111
5709
4256
6762
6277
5325
5131
5520
5048
2105
5402
5351
6010
2341
306
6399
216
966
2279
3469
1280
7037
6135
4604
7259
16
635
5701
5536
3608
3684
2057
6082
2182
3427
2291
745
744
7199
4492
7190
229
5309
3446
2305
1847
7759
5699
4862
3077
4004
1060
5842
4796
2843
2283
6864
5517
4596
2954
6705
7002
5911
6131
1631
531
7598
6762
7894
5542
6795
7165
258
7306
7650
7988
4715
359
1832
1525
6352
4874
306
709
7954
2330
505
4110
7178
2223
1589
2916
3480
1927
5542
1742
1830
1279
5997
12
6266
2569
4443
3567
4890
2508
5937
3985
7261
4410
6802
2577
2195
5182
2833
3567
7367
4362
2291
3183
4952
20
1824
5024
2128
1502
5924
3497
2634
2419
5882
122
1694
6463
216
4810
2158
8100
5967
2893
1235
1078
644
5306
3657
5042
5240
7574
51
498
5274
3642
4152
5048
7593
1364
7819
421
4953
6540
2933
5131
2166
1913
7875
4576
7562
6665
1495
6129
51
745
4717
1398
2256
2224
5389
2072
3603
3062
7107
553
8060
5048
1040
480
14
4415
1137
5831
6011
134
5997
5120
7022
4183
7242
2427
1728
6742
6620
6885
2420
2050
8159
7804
6663
3101
4663
1283
2079
5968
2038
764
2489
7642
4017
4094
4975
2439
4053
7205
5547
7924
4737
4094
5430
2347
261
7588
7055
8008
6603
4501
849
3669
4251
3106
7296
306
5123
4263
5240
5164
2893
1581
5899
4457
5717
7447
7411
1721
3816
1246
6422
912
1972
1929
3298
1067
882
3012
4680
1474
2621
4649
828
3579
3986
933
2905
2949
6886
6992
6655
3827
5584
7416
7644
6703
4809
3742
2733
2405
3367
4266
5792
7274
1472
5143
7533
3610
214
4478
1104
7847
4553
4859
8175
2337
4076
3335
2337
3579
4040
5539
3311
7896
5530
6016
6460
6078
7717
4542
1546
678
2167
5385
250
763
6679
7435
2002
550
2608
3051
3022
5050
2305
6622
86
5491
1298
1025
4483
7248
3871
4982
4974
3827
3586
8019
2112
182
2862
4940
3742
574
6152
4702
2677
508
7615
87
5627
2548
3666
4628
4329
7375
637
4682
336
5872
7762
2379
3717
19
1612
2077
7249
3529
983
3962
1662
6164
7408
5812
3587
1699
1494
7942
48
536
4150
1591
7384
2459
7656
7910
591
68
287
152
5241
6589
7787
2876
3922
2621
2508
7222
1132
5017
1329
1273
4776
7398
7716
204
3515
4997
2286
7816
5077
4670
3068
5104
4521
5627
491
4628
5873
6830
7232
3011
6242
3870
6695
1955
7261
44
3192
17
1476
2867
217
3642
1531
7573
7908
8127
1577
271
3722
2244
4575
5748
2268
5368
4874
1989
2137
437
7294
6321
5077
7582
2643
1628
1968
242
6046
6742
740
4140
2613
5567
1856
5583
5735
4545
4804
3482
3974
1776
5750
8021
3447
4005
5104
6380
3947
423
8151
2663
5650
7113
5821
4950
6189
5358
2792
7793
5522
4221
3140
6761
5764
2392
1049
7164
3380
527
5033
2343
6535
1588
4780
5278
4095
1443
1631
5156
2561
3968
5398
3158
491
8143
3084
4491
6761
6557
5151
8009
5291
7367
6979
5268
3444
5687
212
1279
3339
1900
1026
896
1554
5620
1357
1170
3460
514
1015
5735
5120
7015
7078
705
1767
5999
466
4448
4017
4747
1130
3690
4110
1749
5998
441
448
3492
3002
393
438
3299
737
3748
3721
6695
5952
97
6247
341
243
4008
386
1852
6176
5419
5398
695
6487
7588
8023
933
6222
4809
6531
2613
1989
684
4702
3473
2100
6436
1395
2253
7915
2509
4182
8175
6263
6011
5871
2544
4005
5224
4641
5916
4920
7079
1900
2137
7548
4892
7845
1217
4562
3415
6493
8191
1440
7781
8152
1243
2254
4334
4499
6536
7492
5457
1809
6977
4301
6796
6409
1409
2603
310
3492
2175
4698
5354
1453
5176
30
3477
369
4426
2726
6438
17
5871
3628
3911
3196
2737
7442
34
5595
699
916
7441
95
9
6034
2513
7716
4857
1472
2110
4153
87
6357
4641
5398
24
5398
2663
3223
1544
1899
6648
1589
1485
2401
4526
959
7816
2002
2863
886
4443
7061
6103
1253
746
916
