0
0
0
10
7
0
0
2
10
5
2
0
0
0
0
2
1
0
0
0
0
0
7
0
0
0
0
0
0
0
0
0
0
0
0
1
0
0
0
0
0
0
0
0
0
0
0
0
0
0
0
0
0
2
0
4
0
1
0
0
0
0
0
0
4
1
0
0
0
1
0
0
0
0
0
0
0
0
0
0
0
0
0
0
0
1
0
0
0
0
0
0
2
0
0
0
16
0
0
0
0
0
0
0
22
0
0
9
6
3
0
0
0
0
0
0
0
0
1
0
0
1
4
0
0
1
1
0
0
1
0
0
1
0
6
0
0
0
1
0
0
0
0
0
0
4
0
4
2
1
0
1
0
0
0
0
1
0
1
1
0
0
2
1
0
0
0
0
0
1
0
0
0
0
0
0
0
3
0
0
0
0
0
0
0
0
0
0
0
2
0
8
0
0
0
0
0
0
0
0
0
0
0
0
11
1
9
4
4
1
27
7
0
1
3
1
2
23
0
1
1
11
0
0
1
2
1
0
0
1
0
2
0
0
0
0
0
0
0
0
0
0
0
0
0
0
0
0
0
0
0
0
0
10
0
0
4164
3207
4008
5805
559
1238
5705
6818
3220
7940
4475
5798
5440
3669
59
2396
2982
4119
7787
5042
2305
4810
2172
7648
6791
8025
764
1969
4233
2465
7405
4399
1055
88
5594
3741
1075
737
4038
6384
2343
6384
4475
96
7404
3733
1112
8046
22
5005
6520
1131
3174
1229
118
5714
7453
6973
3188
924
3449
5279
704
3401
4146
4888
7167
6215
7867
4492
114
7596
3220
5013
5928
5428
3393
481
1358
1727
6914
7737
7664
5936
4359
395
1079
7806
7872
5176
6384
5652
1942
3074
2071
5324
7673
4867
3051
2975
2716
4698
271
3625
6384
6393
1005
1999
1930
3976
2840
7334
2550
8119
6319
6486
5923
3232
4330
2630
6791
7198
2339
960
7093
5507
539
7547
2034
4712
348
5277
6005
6053
3942
3240
764
6963
3537
7916
7931
4527
3937
6204
4686
4262
4570
547
2166
5114
7271
7788
7901
6358
2649
1158
2686
4475
764
4004
1279
6417
6454
304
1254
4758
2309
5489
5737
2264
5743
4228
3149
1651
7746
5883
75
933
1285
6035
3695
6407
6468
7582
1944
4480
4914
4575
3185
1931
2676
5579
6677
3930
3175
6366
1130
5692
1545
7496
5565
5274
8077
1515
1515
1199
1167
2838
2707
7603
788
1623
5114
6325
6758
466
907
3542
896
2285
2184
4525
6384
1948
5874
2106
4920
4419
5530
6673
7323
4676
6998
2461
1569
222
3279
2428
5134
7552
7038
2113
4686
674
1266
2392
650
434
2063
2493
4264
5013
7405
14
7820
825
3483
7940
6384
5643
2316
1358
2305
3387
5418
1130
5455
3921
8119
476
5258
1217
7482
2291
6873
5995
4412
7048
1136
7746
1988
3174
7689
6973
3416
7236
3577
7445
390
3220
6384
8025
4399
1238
4554
2259
4718
7037
442
961
3503
6181
3672
3489
1999
6255
7545
2446
5434
6650
5086
432
2285
5031
4295
5507
2686
4867
5013
5594
3449
6587
3585
4644
6384
7451
5071
5702
510
2257
7177
7841
3010
5446
422
342
7895
8060
7354
2507
3721
1939
1506
4718
1948
6447
7945
3541
1823
6635
7223
3741
4569
1834
2429
6553
8025
6384
8143
2535
1933
2008
3238
483
2897
835
5971
1530
7730
4516
7086
7240
2076
2920
3742
7506
2533
4689
5024
3732
4856
4443
478
8143
7940
7640
7153
425
1774
2835
5756
5395
3369
6710
2128
6014
2281
5848
4430
4260
2247
259
6558
2978
1905
3463
783
4920
4698
4296
4778
2825
5998
7953
2957
4065
6945
797
137
5928
3260
591
5798
6214
4168
1990
5420
4358
7541
6594
2352
426
4556
7915
894
3592
7787
1853
2977
5579
5594
3497
3008
418
255
1155
2120
2405
4448
3443
1105
1776
4475
5013
3542
3717
1827
4913
711
7603
8152
5023
7740
3249
256
8128
6948
1525
709
5425
7386
1686
3681
1589
4546
1924
6436
2907
1620
6950
1748
7012
6141
1774
7451
425
4217
7260
1110
99
7528
5632
4571
6405
6405
8048
7913
2349
523
7521
3183
3149
2260
3238
7540
7687
1130
5940
6072
5328
2717
6791
6796
4065
271
3068
4853
2676
1673
6091
5989
4720
5870
3055
358
4172
134
1028
7814
6480
5991
871
3701
4933
5957
2994
1262
7787
5740
7420
1162
1305
1724
7408
557
763
4207
2941
2136
5507
2954
7212
3063
6210
235
7601
4801
4263
3211
1749
7318
326
5104
4197
644
4446
6768
62
1957
1011
3710
6387
4401
7657
6687
4654
4878
6826
5726
7451
5928
5111
7093
4253
7318
1608
6925
5930
1955
7496
3228
4679
118
2157
6238
7343
4782
307
4721
7485
5189
3728
3446
5274
3489
7847
1569
2808
3347
7673
7269
2411
2676
8121
6557
7436
1863
135
1827
1471
2890
5299
54
585
2981
4678
7103
7381
6326
7485
4606
5919
7529
27
6468
5383
245
7847
5604
7787
3304
6222
7940
1672
7237
2431
949
6443
1949
258
7456
4323
6762
2096
306
3238
2431
6712
3337
2751
3501
7064
1494
986
6151
1728
5358
5865
1780
7681
3472
3714
4718
4361
1672
250
6951
2139
7306
2700
4387
390
7657
1079
1461
1727
7598
7687
7001
2585
3819
8174
7531
1641
5891
1796
6107
4430
4014
7166
6045
6957
3125
5353
4255
8025
3207
2080
216
7400
666
1656
7523
1087
3001
5328
6091
3915
1784
3765
7295
7754
1476
5346
4649
5147
3492
2951
3076
3971
863
2436
1939
8002
5188
7420
2678
2325
425
7866
1739
440
1180
247
5927
6077
914
3183
2253
2688
2446
903
1915
2592
4191
3265
2378
5906
4478
3289
5344
4523
7325
6290
3652
5464
1335
1719
5279
2648
7013
2309
2309
764
3011
7387
5016
7623
1974
7545
7240
17
4649
2725
6368
1915
3286
602
3011
5535
2426
6798
1196
2685
7432
7540
1300
7171
3678
5883
5172
1600
1893
7901
348
3220
402
3578
4115
4782
8125
6092
1512
6229
2711
3881
2838
5438
4738
3495
3191
2911
5819
59
3197
5583
4081
5970
7232
8137
1917
132
7294
4796
2137
5778
7236
5279
590
2668
4957
5380
4928
3691
5585
2331
1696
2233
1627
140
4358
4281
1667
5931
8068
3013
7324
752
4306
7805
4878
2696
5572
3551
6945
7011
959
3584
418
5408
7451
3401
7496
3664
9
7926
2070
6575
2341
7525
3325
6103
4783
6040
1079
6853
1646
5281
4269
4144
996
1913
1423
5611
5442
5997
2325
1253
308
5911
6332
7301
4399
5279
4291
4601
6977
1667
1042
6776
5408
6296
3838
2049
6525
3319
2504
1599
5148
4181
6999
294
1525
7420
6850
2671
1438
4399
348
5314
2918
2736
3240
6384
2796
2676
5599
8126
3964
5015
3707
95
7482
4104
5274
1811
7532
7107
784
1777
2273
3733
5039
6305
7650
3673
4341
6435
1664
3058
1523
3022
2764
600
4670
8025
6417
5489
8067
7963
6762
246
6853
4308
3711
1429
3819
5692
7082
7529
2424
350
3578
4935
7367
7525
1783
7456
3194
3741
4604
7543
7419
5013
764
7419
3220
5279
5928
7013
3692
8072
270
5200
2172
5922
1650
7140
5274
1719
5753
7500
995
674
4021
2801
2232
5732
167
365
7246
1594
2741
5227
