0
0
0
10
0
8
0
2
10
1
0
0
2
0
0
0
0
2
0
0
0
10
0
0
0
0
0
0
0
0
0
0
0
0
0
0
0
0
0
0
0
0
0
0
0
0
0
0
0
0
0
0
0
2
3
0
0
0
3
0
0
0
0
0
0
0
0
0
0
0
0
0
0
0
0
0
1
1
0
0
0
0
0
0
0
0
0
0
0
0
0
0
3
0
0
0
6
0
0
0
0
0
0
0
28
2
0
8
6
8
0
0
0
0
0
0
1
0
1
0
3
0
2
0
0
0
0
0
0
1
0
0
1
2
1
0
0
1
1
2
0
0
2
0
0
1
3
1
0
0
0
0
0
0
0
0
0
0
0
0
0
0
1
0
0
0
0
0
1
0
0
0
0
0
0
0
0
0
0
0
0
0
0
0
0
0
0
0
0
0
0
7
0
0
0
0
0
0
0
0
0
0
0
0
12
5
6
3
3
1
26
4
2
2
1
0
0
26
2
1
0
12
0
0
0
5
0
0
0
1
0
0
0
0
0
0
0
0
0
0
0
0
0
0
0
0
0
0
0
0
0
0
0
10
0
0
5440
5325
3331
1780
7747
7524
7426
1293
4464
6769
5899
5983
3667
4472
4081
7235
1235
5522
6296
2576
6862
55
27
1935
4766
3999
6918
4467
2004
2448
3554
2512
6618
2765
6861
2600
1780
7829
6380
7271
3003
6653
5732
5132
2780
7235
7726
6381
2222
523
4435
3680
135
5007
5655
5325
423
851
1226
5440
6578
4655
2276
1780
4329
6551
521
3101
1788
6214
5973
7733
5812
1708
3214
719
5374
272
2221
5406
7660
5971
343
1347
7523
6600
6168
258
8122
1269
2277
2614
2251
6422
3003
8122
7860
1588
1372
4220
6545
4928
6440
2920
7840
2943
3879
1724
1253
5915
618
550
777
1780
2772
7082
4588
1561
1692
6052
2647
3081
1570
1182
438
4178
2299
6994
5936
1023
6551
4957
4856
377
3416
6862
5132
3261
7568
4957
2210
5805
310
4357
6820
1591
6299
5007
6010
2004
8122
2428
1474
2942
1773
6304
6363
4855
5620
1762
5241
6058
1600
1805
1950
3752
7235
4869
67
5228
5786
7207
8034
4350
2740
2143
5898
6739
4058
5106
8122
6244
7704
1293
6540
4406
7775
3203
923
3241
1481
7523
6582
915
2684
4147
6745
7985
951
2268
3307
6631
7214
5043
8190
722
2753
2909
112
1612
1402
3331
2027
2460
2444
3059
6363
3497
5919
127
4643
5535
4182
327
1140
5922
332
4340
5228
3914
7520
6380
7704
7675
1780
4223
3346
722
4477
3297
2637
3373
4435
4541
7311
7869
6985
247
6759
7371
4774
4129
3235
1788
2165
2353
7418
3815
2672
5272
4530
6800
7207
4056
7727
2251
6578
1159
7811
7699
3957
7183
2222
1758
4388
2600
7923
6487
6514
110
7271
5991
6389
60
2993
6297
4226
923
4365
6623
2280
2558
4291
944
1289
6571
826
2498
1692
4726
6996
291
6855
2818
956
7589
7762
110
7683
6679
3763
2538
7649
5286
691
179
7869
6443
6172
1041
5735
5904
5154
6058
3572
4530
4115
2408
3117
247
5353
2972
7861
3820
6840
3507
1153
4006
2573
1372
7221
7713
2049
6557
1802
2579
2547
1725
7111
6700
2020
3953
6104
5189
5389
1009
47
4708
7629
4852
4553
5571
7263
6138
6648
4067
6184
7390
7560
7438
3301
5293
4741
69
2772
6618
738
5738
7346
5732
7388
3430
3953
2710
7548
3621
5592
4741
4361
2684
2203
3793
2390
6605
8094
3700
2937
5921
3263
1741
1858
1104
2301
7314
2139
4223
6299
1841
2506
5721
8122
1582
4166
4431
1898
2972
3350
3405
4700
2205
4812
4340
951
4424
2268
4344
732
4088
3974
2382
5606
2846
7290
2021
5907
666
2633
3688
8002
2969
2448
7358
4248
7829
2165
4506
4984
4248
7243
1441
7255
3613
6907
4708
5107
3492
7376
8134
5770
731
7729
7423
4360
1418
628
3385
3907
4019
3331
2747
3184
6290
4178
6322
7476
1289
5662
3448
7214
4906
1287
1759
5319
731
5719
2684
2410
3213
295
6443
5201
3271
7336
953
3256
7472
7978
5570
1705
566
6861
3848
4625
2298
3492
2924
521
1283
7691
3680
868
7804
4533
1012
7699
7135
2545
1050
5272
4009
3348
3765
2393
4338
1105
2614
2812
537
1477
6829
7667
3869
354
2493
7254
1658
4464
4696
6557
4998
4856
2090
1780
1089
3168
1017
4329
6440
7788
5800
5024
6058
731
2428
6861
3847
7527
4830
4302
4760
4951
329
1960
7792
3403
1753
6862
5721
723
92
2658
2993
6922
3392
5565
4751
6437
823
925
1857
615
1501
2410
4329
5344
5557
3072
5262
5312
2605
7249
2158
8098
5062
6913
216
7950
1140
4344
6248
4811
2658
6172
7704
387
1826
5732
3838
5911
8174
5824
2661
6480
1535
301
3835
6759
4280
6445
4576
6814
4983
4408
1715
5180
155
1249
4875
6369
6966
1027
2603
641
5177
1923
2583
4993
4342
5898
2954
2244
1961
4345
657
5652
1769
7473
3806
3969
712
1529
8149
1622
7988
7274
5192
4124
7900
734
7793
4398
7356
7395
1929
188
2458
2624
6225
6631
1063
1347
5170
4338
6480
4069
4813
763
6307
5236
5922
2217
5128
5060
2301
4848
3956
4267
6425
1609
3382
6716
762
6075
6322
6468
2099
3962
3489
2183
7409
7259
1833
4790
1203
1124
5376
5733
7699
729
5682
2907
2571
7781
3563
3757
4848
7206
7702
4051
6985
7766
813
6603
2625
1716
4517
7139
7674
7668
1606
5088
5511
1933
343
2616
4543
243
4700
5748
6141
876
4099
684
5777
6403
2871
6157
3399
2382
7778
6022
471
5175
3925
2269
4665
6156
1499
5609
7472
5534
7090
1847
4192
4124
7903
2165
8122
3448
7823
6140
3732
3413
4112
959
6188
4943
1452
3657
781
4838
1015
8014
1395
5135
273
6086
7616
6166
7875
7276
7400
3419
1612
4800
1780
2165
7542
6010
8031
4217
2799
2318
715
1414
2214
973
3433
1475
3804
947
6837
3217
5481
1179
352
1960
2399
1529
4665
6703
6118
5251
320
4201
4346
3608
1402
902
6536
7933
954
4630
2772
5576
611
1857
410
2662
3732
35
7037
4906
5674
5462
6624
2590
6999
2301
6086
856
7504
4009
2366
7373
5970
1914
1259
2150
4751
4280
4223
1145
1104
684
4630
5335
6574
763
4853
7162
508
3433
1367
30
5597
5372
3385
2834
7042
720
546
1191
1720
6735
2726
5708
726
3297
6298
2998
5497
7704
6087
2772
527
6233
250
4841
6563
8155
2410
7527
5292
5171
2063
3320
3412
4946
4422
7206
7730
381
3953
1439
1661
6141
1724
4410
1584
4687
4982
2058
7616
189
7704
4802
527
5187
1631
4880
2686
4477
1024
2522
4628
6097
7544
345
1328
2236
5065
956
3738
2991
8162
2083
1490
5531
5522
5487
3563
313
637
6285
2301
5820
6929
4323
2015
7861
1009
369
7258
5184
1709
4689
5809
4360
646
2382
5003
3563
7630
4974
7557
1692
4235
809
2846
4561
2590
1861
2085
1554
2898
2052
1785
7241
1899
7214
866
7705
1009
6997
1765
7570
731
5247
5997
5184
3511
5505
2561
987
786
4645
405
2735
1578
2201
2440
4792
7743
5243
59
3173
7394
6568
7138
2165
1743
3321
7803
