0
0
0
10
0
0
0
2
10
0
0
0
0
0
0
0
1
0
0
0
0
5
13
5
0
0
1
0
0
0
0
0
0
0
0
0
1
0
1
0
0
0
0
0
0
0
0
0
0
0
0
0
0
0
0
1
0
0
0
0
0
0
0
0
1
0
0
0
0
0
0
0
0
0
0
0
0
1
0
0
2
0
0
0
0
0
0
0
0
0
0
1
0
0
0
0
10
0
0
0
0
0
0
0
21
1
0
9
5
3
0
0
0
0
0
0
2
0
1
7
1
1
3
0
0
2
1
1
0
1
1
0
0
0
2
0
1
0
0
0
0
0
1
0
0
2
0
2
1
0
0
0
0
0
1
0
0
1
1
0
1
0
1
1
0
0
0
0
0
0
0
1
0
0
0
0
0
0
0
0
0
0
0
0
0
0
0
0
0
0
0
10
0
0
0
0
0
0
0
0
0
0
0
0
12
4
8
4
3
1
25
3
0
4
5
3
1
22
2
3
0
11
2
0
1
4
0
0
0
1
0
1
0
0
0
0
0
0
0
0
0
0
0
0
0
0
0
0
0
0
0
0
0
10
0
0
4248
4118
7691
7294
4718
4478
6282
731
7956
3308
6089
2645
6503
5024
4530
5402
3834
5985
2968
316
3921
6201
7787
7486
4010
1003
7400
2431
7521
7835
2330
3629
6228
1283
7827
6541
1029
7916
3682
7910
7642
4022
5194
8115
7430
5806
5735
3834
1168
5213
5162
5821
1474
6738
5123
894
4992
1693
7919
5080
2431
5446
7521
7899
584
3322
7844
1195
5393
55
5537
4069
5812
5594
5979
7099
6196
6862
4763
1094
7239
1498
5249
5634
3489
6519
7841
176
2434
3363
1934
176
5377
7476
1528
3857
2867
2028
3091
6855
4788
2811
4383
8112
7299
1925
2701
7843
301
6196
3759
733
8105
3804
382
1276
5353
2574
6456
7593
5104
2021
2448
3634
1766
2669
8109
2057
446
4824
4643
2095
6656
6395
928
3755
5931
1914
2289
561
2716
4391
771
5760
7209
7211
7311
107
7429
5258
3730
53
6099
2643
41
7981
4680
1229
3914
3589
1535
7034
4431
2932
5555
6740
1722
3427
2537
2599
678
1134
4934
370
4640
2169
423
3051
5128
7769
7623
6106
4119
3272
5465
6318
7907
6557
4446
7650
7151
1767
6398
4192
4656
6978
3515
2541
3980
6759
6008
5633
1870
1047
5500
4020
1870
5808
7156
2219
2419
1466
5989
4142
1280
4259
229
1293
247
296
4379
4903
6287
7010
3827
6428
3215
3765
3811
6698
757
7503
3820
2607
7200
212
1928
98
6484
5812
4430
4382
8070
2600
7006
6456
4649
710
7658
2139
4790
923
4033
471
8103
7064
6775
5043
7357
7970
5821
471
5234
7713
709
7964
3282
3865
3169
144
1930
3169
6957
216
3520
5634
3792
985
7720
4810
2353
6631
3489
4971
1884
3200
4815
7582
3113
868
1461
3048
6305
4750
459
7687
7521
4780
7907
6754
2291
551
709
291
4527
8147
6572
1858
2574
1442
6325
4979
377
7981
4678
1788
2048
815
6551
6205
2661
1538
1844
2982
5834
3232
5769
3846
6631
505
3985
1687
1891
2351
1326
4360
6999
5624
975
6979
2225
7240
6485
1730
4780
5240
3985
4562
6351
957
2768
3096
1665
464
7932
7317
3508
5455
1608
5353
5981
3985
6277
4212
3673
856
379
1696
6598
7225
3102
2712
31
3136
2007
4468
3086
5634
6750
578
6513
457
2560
6436
5065
2714
2448
7430
4576
8057
74
6349
4791
1695
505
8036
6723
1471
6948
176
2011
4791
3467
2994
1338
6754
3838
7946
3428
7945
7140
2316
1878
5870
7958
4087
1472
1937
476
1898
961
7465
8099
1707
6557
7572
2021
6080
7370
7932
1929
6733
5407
2750
596
1258
6318
476
3678
3159
308
176
6663
2030
3969
4091
765
3972
5558
6422
3331
8057
5585
603
4401
431
1766
5040
6398
1294
4791
5952
6070
7735
1404
6125
6106
6352
5358
3489
5409
2187
2943
7240
4039
854
3086
4415
7654
845
4431
479
5707
803
5670
4360
6957
5353
2448
5042
7804
2450
3169
6732
7415
3642
1569
6871
6964
1687
7381
7080
107
3627
8009
3063
2248
4687
2137
566
3664
3412
5511
2937
7710
3405
144
5797
1477
379
7370
5940
8037
8147
7521
2660
5322
5370
247
1608
1525
7855
2368
7158
7771
5585
7521
2844
1582
4147
2592
2747
3560
3708
5780
7845
4723
3962
7706
995
1229
2098
379
523
3060
2660
5001
3283
7852
7
7098
7367
4323
3776
4855
5151
2643
1619
5256
3489
2076
4345
6569
76
4699
6171
4355
226
7235
7121
1029
3262
7456
1477
4682
27
3014
5401
1814
4036
5970
3249
1305
3169
2197
6676
7446
68
1986
3678
1186
1569
5223
3811
4374
4768
5381
5639
6436
6212
5529
827
1866
3267
258
6596
4432
2655
755
3652
3062
2462
2067
2438
1259
8100
2291
5011
3884
4205
3657
550
6128
5833
1713
519
5812
5347
756
3113
6436
6452
1091
5489
2380
6623
7575
4452
3069
5670
2943
3606
6536
6610
1016
4746
7464
7805
5353
6010
4369
5940
3130
4175
5220
2118
4779
5763
3750
2970
5318
2433
5126
6452
5359
2419
174
1090
1706
1588
27
6557
6443
6930
8061
6918
546
6146
6343
2353
6638
5124
1858
1608
8137
2582
5742
2106
3654
2247
3574
7039
6885
6070
959
1426
2385
448
1253
1415
1010
416
3865
1858
4212
2070
3356
4613
1515
2446
1933
5240
7140
8057
4780
6663
5353
4401
4919
961
866
1600
4009
1958
2177
6842
3364
34
1350
3386
1900
5679
3006
4242
5834
5358
4868
1905
3232
449
3567
1259
1569
3135
3868
7981
5634
1011
7822
7317
1305
4993
107
6897
407
7196
5232
4742
4550
6656
4489
1462
7218
4003
7253
7592
5662
3819
74
3183
89
6705
789
222
6010
41
4131
6692
1707
5282
3567
5251
5353
4010
476
5738
1275
2229
4457
7765
7827
2338
4350
6104
795
1029
1716
4400
2316
5834
4680
5634
7743
6181
1184
1013
2712
7137
5042
4323
5972
7843
7060
5182
4401
1654
3857
5102
7418
1689
7706
2380
5474
4217
7788
7989
5608
2121
4581
7207
3616
1878
440
8057
5740
5496
5816
449
476
5366
476
6048
5952
2412
7903
4401
3221
4637
4099
2957
432
6059
1750
5384
6958
6864
7061
1684
7010
1674
7061
2884
5495
4830
988
7787
5353
476
851
5497
27
5353
107
3232
3458
5655
3446
7697
3759
6228
3244
7022
4651
5112
7527
2135
3516
5012
6351
277
8116
1020
1443
2671
1716
2353
2410
5082
5
6044
3145
1078
1719
3032
5834
7942
2195
247
2448
1030
5715
7187
3158
4604
2957
7357
3046
3480
727
4165
2165
4271
4521
343
4449
4241
5984
2407
1767
5339
3682
7767
28
4197
1079
3291
5465
7903
3172
8168
1749
7405
6989
5227
4069
919
3184
1256
4505
3115
2788
3561
4119
4050
1873
1680
4651
3043
3336
6867
6161
2127
3702
585
5559
5662
2994
4562
5132
810
8099
4974
3441
6599
2169
5630
6123
5767
2723
3128
6889
727
534
4392
7622
262
2825
332
2513
2136
6168
729
749
6369
1961
3141
2540
5033
7855
5011
6398
850
7737
8076
2792
7039
6404
7195
780
155
5659
7387
174
1270
