0
0
0
11
6
0
0
1
9
0
3
0
0
0
0
0
0
0
0
0
0
0
0
1
0
0
2
0
0
0
0
0
0
0
0
0
0
0
0
0
0
0
0
0
0
0
0
0
0
0
0
0
0
0
2
2
0
0
1
0
0
0
0
0
0
1
0
0
0
0
0
0
0
0
0
0
0
0
0
0
0
0
0
0
0
0
0
0
0
0
0
0
8
0
0
0
7
0
0
0
0
0
0
0
22
0
0
10
9
5
0
0
0
0
0
0
3
0
1
1
0
1
3
0
0
2
0
0
1
1
0
0
1
1
3
0
0
0
2
0
0
0
0
0
0
2
1
2
1
0
0
1
0
0
1
1
0
0
0
1
1
0
1
0
0
0
0
0
0
0
0
0
1
0
1
0
0
0
0
0
0
0
0
0
0
0
0
0
0
0
0
9
0
0
0
0
0
0
0
0
0
0
0
0
9
3
9
4
4
0
29
5
2
1
2
2
3
21
2
1
0
11
0
0
0
1
0
0
0
1
0
0
0
0
0
0
0
0
0
0
0
0
0
0
0
0
0
0
0
0
0
0
0
10
0
0
657
2421
3642
3490
2764
7333
400
1900
4291
5796
6660
1733
1057
2558
5520
171
6891
6501
250
4672
8111
2385
1035
6708
6407
6873
6580
5000
146
4616
2811
7520
6827
4634
1046
2130
980
1248
7765
6473
7011
6391
7209
2832
1023
7654
317
6614
1551
3892
4747
4965
2019
4306
5803
2569
945
1590
2145
3915
7195
2832
8080
460
4521
7064
2415
3478
6871
2637
7804
6645
6000
3453
944
6871
90
8142
2647
6844
4893
1734
6449
3711
5246
7270
1527
5545
4688
5117
5218
3915
6040
3229
541
2672
6321
2753
5501
6651
619
2829
6108
4224
3847
876
1725
2365
1535
594
3078
7140
1026
17
2027
1184
4636
6098
5957
7444
5719
346
4866
1037
6058
4170
4543
5092
7398
5576
1469
4934
263
6554
3047
2137
3120
1312
6167
6396
7360
2697
7330
4835
2133
176
4265
2320
2559
5109
4451
2159
1010
1411
1571
3862
2597
7592
210
7
5405
4849
5427
1535
5332
5549
3322
4856
5715
4759
3721
4009
3925
583
3322
6750
5714
5282
1978
2578
3664
228
709
5730
6073
3808
4577
2856
7788
3775
1765
3686
684
4813
7957
5704
7995
4467
7723
1522
6366
6473
3732
5033
6073
6361
4236
3218
5454
584
2855
2660
5411
565
4118
6957
5699
6598
2104
4615
4853
6458
7061
1929
5456
4155
7723
4858
5248
7376
4771
959
4062
6864
3232
1243
2612
7071
6860
4260
6526
2358
5454
5070
2011
7334
4145
996
7353
4024
5608
2374
7587
1857
1544
3391
1163
4264
1217
3443
5886
6487
978
5249
6189
6092
3743
6181
5465
6427
1045
7430
7272
2421
7192
7648
7142
3634
4316
2256
3226
3163
876
6735
7823
5547
5470
684
4608
1581
3651
8021
4708
4190
6131
2654
6318
6488
562
3076
6911
3557
5063
8065
4166
3549
4453
7140
3232
1979
723
1905
5699
5276
920
1900
1514
1350
520
7518
4851
795
3443
8138
7056
3732
3492
7207
5796
4294
6549
3808
6264
7330
1096
535
8046
1305
4119
4453
5972
6642
344
3032
212
966
2119
2907
6202
2410
966
2645
7527
7559
4689
280
4294
5975
7781
5762
6876
1819
5145
2258
6589
1827
6129
2019
5282
6323
8090
6272
1784
6604
7256
1217
2114
4029
3969
8159
2402
2764
5350
7207
5477
3121
5322
5350
4561
3481
6031
5396
3391
158
1073
4649
1696
540
4313
1468
5695
4579
118
4916
1282
5491
1436
6334
6047
2357
4346
4643
7061
6735
2100
4812
5155
4367
7507
1057
169
6473
5107
6108
7039
2266
3261
6894
894
366
6793
510
2299
6589
6642
118
6134
50
6224
7001
7389
4213
6997
369
5701
4065
1522
4290
2653
6562
2576
2137
3600
3428
6189
3314
1245
8093
1628
2585
7378
1527
2064
656
2816
5719
7783
847
6272
7195
6682
5282
4075
8016
6199
4294
7640
4920
6385
3405
5232
727
6989
2015
8030
3555
726
3716
5344
4260
2992
768
6499
1801
4601
7145
5139
6948
1465
1563
551
1079
789
6572
7841
807
5322
1535
3765
5055
5625
932
3469
1285
3326
384
1666
3519
4596
1395
5786
2395
6937
4866
235
1247
844
7300
725
7776
4312
1356
5782
7563
7697
4783
4354
35
1534
1157
1954
6681
2196
1245
6295
7716
6902
2922
424
3348
7188
1204
101
5588
4199
396
635
514
2778
7296
5513
4036
3289
7666
5282
1013
3915
2431
2320
3721
4694
7913
3577
3092
6785
1023
1132
7938
6955
6141
604
7463
6508
1004
4382
2793
4743
7408
933
6937
7059
5837
3488
2746
4516
4817
3230
7563
707
5098
5952
2934
1739
1789
7745
208
6327
7039
6895
2753
1430
4361
4190
6108
3631
4379
1696
552
5529
1699
4310
477
1239
3197
6858
253
1276
1552
4903
2987
5018
961
4899
5166
820
2570
6706
2764
5493
7823
1740
7497
6183
2022
3481
4354
615
6234
280
7973
4872
5931
2592
1939
397
3841
4524
4957
7242
3672
2553
6291
1791
6820
5731
2512
1415
7617
3292
933
7072
3051
6058
4525
2500
5332
132
2424
4686
1073
5614
2885
2264
4209
8175
3170
3491
318
5231
5743
3486
7758
6526
4223
2501
7061
1062
5531
5248
4852
7337
7296
7547
7913
7966
6295
1024
6545
7071
272
590
4933
2905
6632
1978
1713
1916
1809
5844
4298
4096
8072
8166
3277
6105
1095
6724
7788
4732
2233
7327
4294
2152
4529
6589
716
3085
4085
1653
7923
552
3141
7906
4430
4903
3733
4507
8065
7394
4032
7516
5772
838
7687
3102
2978
3956
7206
3598
3988
3060
7495
7333
7887
7845
7823
5920
2558
5143
4355
4374
6415
3075
830
770
6544
2507
3771
6411
6164
2271
2949
7516
7841
7835
2879
118
8111
3671
696
6200
6483
3716
6876
7823
8128
36
3541
3443
1544
4491
3196
4880
7910
434
3533
6993
199
749
7773
7582
3732
7870
4695
6386
4702
1552
7318
2050
4903
7482
2532
2589
5344
7887
2442
1546
6137
1613
5886
6307
2166
5890
61
5385
254
4852
7441
2057
2717
299
3347
4618
8162
7816
4984
6700
6485
3394
6925
7523
6996
2119
6760
2843
7692
4881
47
7798
5731
795
7967
1430
635
5255
1118
4830
7135
2640
7256
2626
7432
1468
4424
6595
8166
5037
6349
5217
6483
4107
4511
1749
4600
2009
3676
557
5730
1522
2832
6868
338
689
5332
7155
6724
4150
8121
1023
6447
7568
1820
5730
2778
552
7639
80
6999
707
1744
62
2992
4197
7639
2091
2243
6473
2130
3358
4880
4718
6958
7227
6830
2374
1732
1114
3849
7455
7886
4623
2645
5303
3453
5695
3452
3011
396
5447
7400
6948
288
7424
132
4606
7356
2242
2258
2879
5114
7389
3969
1046
6615
5434
197
2152
2938
3433
7230
2405
3995
4835
5267
496
6044
1374
464
2647
7364
6091
1515
4554
3777
5547
3538
5117
887
6589
3141
4666
2621
3571
7913
2002
7613
7869
1463
1200
174
7582
4718
1513
4852
4242
4924
365
6077
464
2904
5433
4065
3153
4584
5098
4312
2698
1770
6950
476
7192
1949
5503
3991
3345
2677
2817
210
7913
1581
4851
2015
1513
932
