0
0
0
10
2
0
0
2
10
1
0
0
0
0
0
0
2
0
0
0
0
1
8
3
0
0
0
0
0
0
2
1
0
0
0
0
0
0
0
0
0
0
0
0
0
0
0
0
0
0
0
0
0
1
0
0
0
0
1
0
0
0
0
0
0
2
0
0
0
4
0
0
0
0
0
0
0
0
0
0
0
0
0
0
0
0
0
0
0
0
0
0
1
0
0
0
7
1
0
0
0
0
0
0
24
1
0
6
7
5
0
0
0
0
0
1
1
0
1
4
1
1
4
2
0
1
0
0
1
1
0
1
1
0
4
0
0
0
0
0
0
0
0
0
0
2
0
2
2
0
0
0
0
0
1
0
0
0
4
1
2
0
1
0
0
0
0
0
0
1
0
0
0
0
0
0
0
0
0
0
0
0
0
0
0
0
0
0
0
0
0
9
0
0
0
0
0
0
0
0
0
0
0
0
17
4
6
2
2
0
32
5
0
1
1
1
0
12
0
2
0
10
0
0
0
2
0
0
0
1
0
0
0
0
0
0
0
0
0
0
0
0
0
0
0
0
0
0
0
0
0
0
0
10
0
0
3959
6796
2777
3240
3741
4270
7258
6552
143
2238
5139
1187
7664
4570
3533
3909
536
590
7086
1527
7756
3538
7057
4878
5013
6041
6307
6469
3435
4732
4202
2916
2106
3686
1824
5998
531
559
1029
2411
3282
4791
540
8129
3538
7516
565
5689
7381
7420
3594
6598
3329
7006
5155
5643
4202
4809
5701
3741
2999
5902
1105
3115
3161
3695
6384
1600
2663
6677
5778
948
5117
256
459
3238
3965
793
6010
3126
7501
5413
3394
2351
7292
4608
7784
5650
7545
2676
3207
4053
1046
4609
5507
4353
5428
6002
1550
4852
8040
2684
5874
690
5458
3446
7343
8171
3149
1569
6077
59
476
2943
1262
2526
2630
5427
1155
2285
6677
5798
6553
845
3541
5129
1774
2343
4475
7806
5013
4594
297
3598
3594
1937
3900
4810
2434
3003
7557
7232
1107
2722
22
3238
6326
6561
7557
5499
7160
411
4651
2002
4202
5288
2285
2676
6393
4594
3240
1103
6307
649
211
740
4578
8082
4933
6242
8171
1492
6125
7557
239
2366
3441
7485
8045
4789
5039
7400
1532
8023
3389
5092
4521
2192
7596
4291
3541
7484
2285
1600
5264
7722
5220
1550
4609
6352
3578
1336
2352
5957
3977
6758
7562
2508
2235
1858
5692
4215
8072
1928
4466
5537
5778
1550
1776
7872
4008
3849
2372
7582
1944
2489
778
4294
6761
5129
3463
6123
7355
4928
3537
7756
365
4606
1657
4894
4064
5062
4649
449
306
2366
4123
1664
7872
5643
3741
4074
6735
5092
6262
4150
5857
5403
4100
6141
215
6215
4829
5276
5892
6252
1276
2258
3646
715
4418
7720
1686
5478
5269
2510
4905
8072
1324
3854
1035
2361
4207
2610
4830
7618
919
5997
492
845
1075
783
2856
2655
4124
3965
2361
4722
626
1973
803
3321
4226
6851
810
1825
5286
6736
5151
7514
7523
7941
4569
1075
4869
3337
163
6824
5019
4670
5998
4609
2513
5279
629
8171
4323
3404
7230
2248
132
1957
3659
2420
4588
2381
7556
2578
2984
218
2897
5330
253
5387
3744
5416
5503
7805
4722
2405
5650
4712
6677
4594
2361
7615
6422
476
3467
2824
3076
2020
2764
3660
4065
6497
7165
2990
7805
1744
3672
5590
6627
3502
2020
3063
906
3960
7697
4323
5537
4007
6438
4708
5476
2676
531
4491
1834
1724
7726
3404
5151
7623
5622
150
3017
4197
1232
8080
7296
3078
6465
7323
1396
513
971
2262
1827
4260
1773
2095
3044
2916
4291
1453
227
6053
740
5024
1755
6085
7500
7476
5478
4740
1050
1468
3544
2219
6911
4021
1330
7639
3538
1411
6705
7279
8119
6209
3883
1773
1117
7399
3386
1832
2009
5477
7011
5650
7223
5489
1295
8072
5510
6436
4077
4197
4065
626
6580
2984
7529
5026
3076
4035
2778
7333
476
1961
826
7329
707
3283
6673
6499
5249
173
7120
5909
729
6441
2080
1787
4106
6077
4946
5797
7285
1094
7874
120
5101
7931
6642
5737
1435
6181
1800
945
3335
135
2439
861
7329
3883
4024
1623
4551
210
3402
2916
7491
335
5166
3477
4569
6518
5286
2095
1015
560
7736
5
2885
6898
7117
3867
196
7416
7109
6844
3102
6077
2951
7732
7329
4052
5478
2341
5797
369
740
4202
5290
3682
7591
4788
3247
1799
483
5205
1071
3363
7934
4836
910
4997
1590
6660
8091
4574
1187
150
6308
2731
2973
2511
2535
278
1212
8137
2611
7910
7823
4644
7135
6776
3969
3270
4725
2540
2490
3446
7232
5495
5325
2670
2242
6265
615
4686
956
6365
2731
2743
5395
4382
4095
4658
5188
5274
77
3183
5387
7926
568
1105
3481
7570
7675
2366
5246
3921
5815
7375
6922
5555
1548
5207
1228
6926
3017
7209
4099
5171
460
6073
6526
373
1569
3176
1136
4220
4275
2982
6326
3287
2271
6307
4708
2736
4569
2448
4872
3388
2740
1500
5740
4965
4464
3646
7666
4312
1954
2791
6733
3212
7860
384
7811
1981
5670
4817
6057
7523
6687
189
949
6682
5537
2405
1105
5332
215
6914
1753
7501
4106
4171
4138
2385
8171
1079
3309
5275
7143
3469
6522
2464
6020
5171
6694
4191
7257
5820
732
278
945
1080
7355
6151
725
7570
4812
4525
5997
7798
386
5510
7031
7702
2928
1586
8062
4199
1773
2174
8011
4835
5492
2686
4065
3391
4078
602
2093
1262
2981
2619
5892
350
459
1541
7329
372
263
393
7389
2558
139
2293
7242
3660
1339
336
8126
5346
3578
5330
1614
7121
683
5833
6397
4826
7541
1339
1000
7146
7261
1590
7148
2021
6614
1186
4260
830
5259
2558
2002
6082
7329
6209
8120
7736
2024
8141
5325
4430
5274
1851
971
5391
1837
6625
6006
5117
6596
6044
2428
2259
2076
6469
8185
3578
2981
7814
5365
1293
508
4194
3835
4721
4277
3063
2439
1827
1156
4605
2076
5730
6602
6052
3451
4104
7305
4447
5692
4471
59
7817
8036
4921
2630
4980
8045
2427
6865
2984
1525
7525
7153
2421
2231
6077
8129
2299
5772
7855
483
1956
5726
3212
5330
7274
7523
6129
7549
5359
732
1397
3135
483
2229
7530
2275
2256
4855
6088
2434
3784
4965
7716
920
344
3063
1724
6129
5454
3714
7018
6862
2746
2159
1530
8117
3739
7523
7343
6862
513
4306
6687
6559
4672
5642
1487
944
4855
2434
2342
3329
1978
4053
5902
7906
7192
6868
1465
7563
704
491
3642
6411
6636
6370
3672
6370
4197
5527
6276
2198
7619
6523
3331
1954
270
7529
7557
826
624
1561
7192
5172
707
8120
6138
8
5276
4747
1003
5172
3077
6271
1312
5801
5145
2175
896
5492
2630
7595
3981
7782
4171
112
4672
377
3198
5772
8003
7855
2299
7086
3010
3014
1397
6687
1396
4340
4651
5798
916
7722
6756
6141
7798
4202
4707
2271
1931
4478
3892
4672
5617
7993
4946
8065
4978
6633
5512
4369
724
7456
4021
14
4228
4905
6299
593
7736
5993
7389
390
3252
4390
6521
4771
6973
702
2002
1105
1124
1854
6009
4965
1087
4074
4605
1780
2159
6224
5306
1859
4511
7085
6937
7388
614
3230
1356
5547
4688
