0
0
0
9
1
1
0
1
9
2
0
0
0
0
0
2
0
1
0
0
0
6
11
0
0
0
1
0
0
0
1
0
0
0
0
0
0
0
0
0
0
0
0
0
0
0
0
0
0
0
0
0
0
0
0
4
0
0
1
0
0
0
0
0
1
1
0
0
0
0
0
0
0
0
0
0
0
2
0
0
0
0
0
0
0
1
0
0
0
0
0
1
0
0
0
0
8
1
0
0
0
0
0
0
22
0
0
10
5
7
0
0
0
0
0
3
2
0
2
1
0
1
3
1
0
1
0
1
1
1
0
2
2
0
6
0
0
0
0
0
0
0
0
0
0
2
0
2
0
0
0
1
0
0
0
0
0
0
0
2
2
0
0
1
0
0
0
0
0
1
0
0
0
0
0
1
0
1
0
0
1
0
0
0
0
0
0
0
0
1
0
6
0
0
0
0
0
0
0
0
0
0
0
0
7
3
7
3
3
1
27
6
0
0
3
2
2
28
1
0
1
10
1
0
0
2
0
0
0
2
0
1
0
0
0
0
0
0
0
0
1
0
0
0
0
0
0
0
0
0
0
0
0
10
0
0
5701
1309
6895
1613
3386
7333
215
4092
7696
7377
8
5218
3002
3602
4686
5865
4248
5725
5422
7547
995
449
2427
1352
7697
4342
6580
1115
89
7654
6386
2764
7799
7453
1356
3443
4732
4155
6902
4165
7829
1934
3528
794
5258
5181
7648
247
2967
498
4450
3193
7140
5251
1846
3881
1741
5642
1115
8147
1707
2559
584
1789
337
1600
1856
4478
7177
3198
5217
5561
129
6666
7521
6146
3993
3308
6224
2090
5624
350
5392
888
7835
3104
7412
5981
4933
427
5572
404
7805
7277
208
1217
3769
1180
4232
4830
5560
4884
6305
4289
331
6410
1013
6244
2485
5458
1591
1474
4149
1201
7523
4894
8134
5991
6957
502
1354
710
1730
2785
4435
434
6583
5739
1404
6601
4771
4441
122
8076
3183
4248
1208
2251
2598
4846
3082
7973
2834
3543
6132
6556
995
4985
5261
2142
1801
4611
3424
3247
2738
4576
6928
456
91
48
827
4515
802
7073
5240
7297
5960
4265
7841
3548
5659
3722
225
789
1578
1397
6667
896
1185
4152
6109
5261
3759
231
1323
4520
2991
7066
6971
2291
4572
7692
534
2206
3809
7521
3032
5182
4789
7874
3770
4104
2844
1892
5182
6276
1560
3971
237
6649
2464
1988
945
4958
7538
2475
3135
4158
3397
5409
1013
4132
5545
2463
3667
7945
1415
298
7598
6759
3580
7282
4574
1830
3690
5353
122
4967
6903
4543
6497
1040
1836
47
477
7260
2445
2264
545
4655
794
3678
2386
3850
835
5456
1709
5820
4830
1946
4655
2615
2368
7543
184
1825
6456
6532
162
6398
793
2920
5741
6742
1263
387
3473
1571
2011
505
2156
939
3178
5069
8057
2260
5720
5456
1965
5752
626
913
1140
3688
1336
4967
4691
7954
5535
285
5258
1117
1436
1829
2594
3502
5635
7715
1955
5783
4021
216
5972
7022
1589
6070
7722
7692
5909
4777
3695
6968
6860
1129
6480
6081
1788
7306
4696
2600
2660
2096
1352
2582
7578
1400
1882
7257
2655
7951
2048
5044
5028
4369
3819
6967
361
3609
2905
6065
1021
3452
2359
6366
2449
7845
929
3489
2939
5099
1282
1608
3559
3290
22
6982
2469
3820
6364
7801
1229
7381
6742
5917
7449
8136
7507
1079
1541
3020
3695
7178
1522
507
2127
5689
2485
7822
6284
6738
247
4085
3751
3002
725
5744
5366
5407
2386
5642
339
4396
6928
5519
3529
3062
888
5917
3562
2519
2094
7683
4495
802
3367
4703
7543
3960
4322
5960
6632
6546
7488
4138
7607
2206
3037
1285
1083
2386
3881
505
7222
5940
2951
6662
5642
71
2893
2978
172
4863
1692
5462
3426
3797
4926
5682
2967
2802
3678
2184
3446
2251
6172
7375
4446
5702
6903
2795
2330
4354
7390
7420
3331
3423
7440
3894
5124
233
7438
5124
4839
1474
7581
1397
7875
3251
7414
1617
1733
6639
6273
4760
803
6557
6443
5561
8137
1571
2384
7537
5535
1659
5447
4958
2643
7066
1474
5291
1083
842
1945
3966
1599
5237
1109
955
216
985
5865
484
4077
1539
6897
3780
3011
2959
6301
3002
4148
8137
6200
2561
3825
6969
7936
4599
4620
4360
2446
4680
129
5584
3144
4791
404
1135
6277
6017
6957
2631
4441
6820
4632
5625
2624
2453
944
7749
7025
7938
7440
6414
6398
1104
7702
5157
5971
7367
934
5992
1442
6272
4011
2922
4511
7254
1458
3678
2730
498
7374
6664
3995
174
7921
999
5382
7178
7751
6631
2206
4691
7547
2420
7705
449
4993
2631
6754
5231
7648
6348
5156
123
5238
5613
2312
8139
6957
4388
5407
1332
6277
132
4700
8159
4739
7795
4771
1799
7733
7536
2769
193
2206
4359
4244
6054
5458
2059
5286
2583
2647
2738
5481
4488
6598
4468
4776
5052
5036
5572
7460
1911
6754
3510
8106
2304
4077
1275
2024
2261
5291
6766
6006
3601
2206
8122
1632
7572
5701
6548
523
612
4333
2165
4773
1788
277
6687
6647
6126
6905
2172
3836
6940
6202
566
2662
643
3687
5899
6306
4141
1753
6850
5866
216
7702
2583
1219
7941
725
3876
5455
5935
961
5785
7381
1013
7026
5522
4877
5144
7536
6159
7569
3144
2418
3515
3598
1494
6117
1930
7536
6077
6865
6293
382
7771
2668
1329
2553
7524
3988
3193
846
5972
590
6279
2479
661
5992
4682
5935
6743
1092
523
6968
8105
7723
933
5115
1590
5915
2675
4912
5634
962
2150
6336
1799
5957
1290
7786
1681
5806
5182
6399
942
803
2583
3330
6647
4512
216
6214
5458
3333
7894
1361
1404
5560
2591
169
396
4067
674
5899
5312
5299
7538
4166
498
4360
6044
7547
5366
4144
7841
7197
4421
1378
4620
2412
5081
5182
1749
962
3248
1009
1838
1404
5168
1042
7533
7002
2137
63
7235
3910
3965
1205
4037
2291
4902
4917
1743
6045
7477
5138
995
7306
793
5006
5299
66
5289
7165
7460
7500
3397
2597
248
3621
6216
3470
858
5128
3482
4621
7380
3797
1602
5742
588
5747
3622
5462
2821
4676
404
7737
1654
423
2558
8046
5334
4166
7683
3489
4794
5497
5844
3706
7210
1430
6480
4079
7613
6123
4672
1117
8080
7921
384
7922
7736
2129
2094
4890
694
7834
68
4767
2363
4397
825
779
777
245
498
7735
942
4957
6070
3968
8187
4987
1094
7785
4197
5282
6170
5971
3245
4397
1697
5191
3695
486
7381
2018
4929
1003
3508
2250
1135
5000
2219
3268
6926
1180
2829
5156
4515
7864
4191
4493
1040
5128
4688
4079
1411
1151
4949
5801
5831
4465
1817
951
8136
1156
2104
725
508
2370
7664
7875
71
220
6759
2026
7281
7919
2250
81
7562
498
4149
5319
227
947
3271
1742
1539
5843
3067
6038
4537
6168
2642
7117
5339
7913
7227
4355
5351
4165
162
2574
2193
7068
6151
5563
5139
3977
4790
1557
1844
1884
3030
1374
7957
8187
2280
2103
2024
3066
7941
2095
5801
2095
899
3909
3022
333
2070
1844
2882
1797
7614
5612
41
5991
7232
339
7750
4306
5274
4776
4626
5246
7536
3238
2832
7135
7086
1544
5430
2104
8075
