0
0
0
10
0
9
0
2
9
0
0
0
1
0
0
1
2
0
0
0
0
3
1
3
0
0
0
2
0
0
0
1
0
0
0
1
1
0
0
0
0
0
0
0
0
0
0
0
0
0
0
0
0
3
2
0
0
0
4
0
0
0
0
0
2
0
0
0
0
1
2
0
0
0
0
0
0
0
1
0
0
0
0
0
0
0
0
0
0
0
0
0
2
0
0
0
5
0
0
0
0
0
0
0
22
1
0
5
8
6
0
0
0
0
0
0
6
1
2
3
1
2
3
0
0
2
0
0
1
2
0
0
1
2
1
0
0
2
2
0
0
0
0
0
0
0
2
0
3
0
0
1
1
0
1
0
1
0
1
1
1
0
0
1
0
0
0
0
0
0
1
0
0
0
0
0
0
0
0
0
0
0
1
0
0
0
0
0
0
4
0
10
0
0
0
0
0
0
0
0
0
0
0
0
13
1
10
2
2
0
28
0
3
2
3
0
2
16
2
0
0
12
0
0
0
3
0
0
0
1
0
0
0
0
0
0
0
0
0
0
0
0
0
0
0
0
0
0
0
0
0
0
0
10
0
0
1424
1348
6233
5662
7221
7954
4354
1245
1021
7101
226
4975
3611
5120
7367
3581
2402
2765
8137
4178
7982
7932
5978
5283
3487
1842
5497
4092
882
7327
1566
5189
6457
4344
3667
522
5168
5365
343
715
4360
6090
605
6840
1390
5937
7015
1469
558
6199
1382
4223
7829
3554
7289
6218
167
2572
4396
4406
1713
2347
5027
4751
7675
3282
4333
4846
440
2677
6608
6391
7249
5462
3659
41
7068
6601
6112
2402
6335
91
3492
1302
2717
2569
8113
7369
7973
3149
110
2806
7844
2511
1659
3848
1094
4303
7214
6361
2862
2862
7921
623
3508
7903
2331
6010
1922
135
3693
4132
1766
5806
4217
1749
6679
5499
1704
2954
4551
7527
7113
5680
6492
2722
3949
2398
4443
6322
1226
522
184
3684
2818
701
4360
7430
7863
3629
3247
1652
2412
3567
2039
4974
1415
8162
5223
8127
2381
4533
6216
1686
6557
7233
7113
5479
4418
7855
3381
4749
2254
7675
3002
755
2021
5256
5597
2427
488
3997
733
4976
2643
100
2307
6123
1071
1818
1780
5078
3002
1050
5581
545
5903
522
2951
2583
3321
3161
5713
2444
5146
6377
3131
8084
4166
7430
7787
431
5144
3544
6943
243
3857
1477
7716
157
7005
1778
3363
5662
4777
4551
3360
6361
1284
6052
3643
7539
1293
6679
7714
6210
6414
2392
6837
1386
6631
1722
927
2501
4248
4579
7647
2235
3979
379
7492
6315
8031
5511
2818
6805
7113
7527
5742
3003
4342
2954
5808
2531
5146
6996
3363
4697
2942
1117
7074
5670
7249
7212
6631
2962
118
7907
731
2098
51
7772
400
3432
545
3963
4430
2998
961
7255
1177
7371
1472
117
353
3729
5260
6522
1345
4819
17
5050
5906
3647
5910
3327
7046
6473
1455
1922
8057
391
41
1766
475
6336
2511
5908
6670
3794
6663
5911
4392
238
7244
6068
7158
7711
1042
186
1589
3331
4531
1302
7892
1293
6277
6754
4412
4339
6747
6855
196
2847
6557
7793
33
3544
6914
4678
1766
5240
7012
1494
2712
3742
440
3003
2750
7213
2772
4963
122
3562
8122
2772
3571
7644
5479
3684
1494
1713
1697
3100
7263
5550
152
1757
5504
1469
1623
3463
7875
1754
2957
4343
1492
8105
2251
2004
5688
5458
2330
6759
5662
4984
17
5898
1719
4643
5811
2254
6975
6861
1226
3581
2860
1892
1978
5477
6052
3232
3806
5556
4846
7412
1766
2631
3085
6361
122
6679
343
1347
6297
6095
1042
3575
2341
2149
6004
699
5278
6146
7165
258
970
781
5893
7015
606
5608
1031
1219
8143
4485
2098
2847
6757
7068
6822
4143
5620
6273
6279
7207
520
623
1780
6563
1582
4846
6034
6414
2972
4338
7840
839
1687
2187
6010
7556
1746
7545
155
3453
1943
6399
976
3975
1788
6723
3564
2485
851
5722
6214
7388
5245
4462
6414
7277
756
2772
7196
2677
2380
6961
4360
5366
3048
7062
2139
2750
771
1031
1976
6723
3744
5379
5323
152
152
2568
7387
6233
4506
5354
3235
7933
3733
3775
1441
2235
1958
4979
6679
1293
7022
6574
6971
4730
4893
3629
371
52
3563
505
5940
7249
4449
7177
4665
8183
7263
5167
7636
2030
1227
6361
5373
6389
1599
234
55
3857
7922
1396
440
1021
4396
5500
2353
4248
1922
7293
3940
1595
4227
6734
4868
1471
35
976
7782
5115
4742
2957
6689
1241
6103
382
206
2583
5063
1322
5786
6366
5708
7524
5373
2364
701
7412
868
3327
3104
4789
5687
6651
2059
2760
514
4143
951
7195
1816
3470
7319
1543
7911
2002
7303
542
2583
4215
6312
6892
2501
7546
2077
2631
2143
7412
51
1860
6928
6018
7077
2485
7240
835
6709
2136
5444
48
4847
1428
8034
48
4703
2884
2785
2744
5000
4688
5122
4857
7023
5126
3575
74
2950
343
5358
6653
4730
2052
8057
2251
2574
6175
1465
1124
3825
3084
4360
4641
6297
3460
1382
7527
3487
5543
7934
4415
7188
5904
7440
6116
6522
2487
7804
6247
2150
3072
1233
6757
41
549
1722
1710
7907
1307
4382
4236
1932
4946
5017
4443
4739
923
4019
3439
1177
2425
1285
6035
4561
6978
3367
6005
2780
6008
1140
5898
6457
3480
7735
6957
1628
1451
2550
1208
6985
695
1452
4069
2168
549
2440
8183
115
7446
5944
2199
2370
997
7664
852
7165
4896
5667
6969
5232
7428
6386
2898
6058
2131
1767
2453
1709
4378
4678
856
217
6854
6080
3221
8122
2052
1894
6747
447
2511
6519
4767
5510
3193
7841
5891
1847
4696
940
1855
7739
3514
8031
498
6403
2382
6633
5124
1694
8098
4360
279
4410
992
5740
7772
1922
1283
7091
789
5267
7799
5614
1722
6475
6015
3443
1544
4792
2573
1333
358
230
7349
2004
6361
5985
2150
7893
36
400
261
8120
3292
5172
3916
6833
7297
2959
3426
4406
4873
1156
1678
2511
1761
2378
6237
250
5365
4988
7732
3699
8015
3936
2951
2199
7177
8127
2181
2360
1439
943
1396
6066
7334
7388
514
6532
2485
1154
49
7680
2139
3594
3594
7815
599
4982
1439
3851
1819
4984
566
1617
7099
2527
3224
556
6087
2519
3489
7622
3119
2582
4069
2750
2557
4344
6672
1567
1606
7445
4835
5361
1708
6868
2629
1693
362
3327
839
8150
5051
1476
6132
2374
4687
7442
1479
2569
2109
6010
4726
8009
7113
6975
2049
556
1623
6450
2943
2867
1841
2156
2059
2175
3989
6843
7190
7357
4855
5908
4401
4576
723
3762
4537
2887
6972
1061
3633
8091
5662
3667
7377
3077
6085
2181
1345
3530
1424
3419
4086
5842
5981
3169
5267
2856
3067
2374
5314
357
4205
4767
68
993
8155
7861
6757
5327
6715
2493
7008
974
5782
4702
7978
5693
3258
6191
5099
7357
4962
4982
6930
41
1922
327
3426
545
2686
4378
5586
3718
7478
6723
1903
8084
5385
915
4629
6080
6214
7584
978
447
6436
699
7442
1898
217
4283
3666
6732
6174
7697
152
1378
7074
7729
5358
549
7306
856
3109
7073
4576
7974
1429
4689
5805
5964
2964
1578
1896
650
6069
