0
0
0
10
0
0
0
4
8
1
0
2
0
0
0
0
1
1
0
0
0
2
2
4
0
0
0
0
0
0
1
4
0
0
0
2
0
0
0
0
0
0
0
0
0
0
0
0
0
0
0
0
0
1
3
0
0
0
0
0
0
0
0
0
0
0
0
0
0
1
0
0
0
0
0
0
0
1
0
0
1
0
0
0
0
0
0
0
0
0
0
2
9
0
0
0
7
0
0
0
0
0
0
0
23
2
0
8
6
4
0
0
0
0
0
0
1
0
1
3
1
1
3
1
0
4
2
2
0
1
0
0
1
0
1
0
1
0
3
0
0
0
0
0
0
0
1
0
1
1
0
1
0
1
0
0
2
0
1
0
0
0
0
0
0
1
0
0
1
0
0
0
0
0
0
0
0
0
0
0
0
0
0
0
0
0
0
0
0
4
0
7
0
0
0
0
0
0
0
0
0
0
0
0
11
2
8
6
2
5
30
1
3
3
4
2
0
23
1
2
1
11
0
0
0
3
0
0
0
1
0
1
0
0
0
0
0
0
0
0
0
0
0
0
0
0
0
0
0
0
0
0
0
10
0
0
568
3389
3835
6756
5750
4670
6940
3475
4274
7823
6997
5542
4492
4148
3730
4522
6635
870
978
3668
4818
6469
5077
3922
7533
538
5743
7615
6227
255
7121
1765
7753
1453
98
942
3071
3123
1453
2080
1944
7592
2764
7823
4268
5596
4233
559
5704
6307
1660
1522
4934
1856
1534
6997
335
5891
3068
5057
729
255
3684
5746
2736
6705
6258
4089
3240
5667
4339
7063
1944
3682
6677
3585
6677
3682
6276
3081
4543
3666
3722
5027
5092
47
3614
3161
722
7575
4900
2610
5997
740
1988
1010
2459
5428
6245
7868
2676
6354
4737
7294
7086
1941
8075
2677
4338
4881
7447
3786
4975
1778
550
3838
4130
4861
5423
7400
1686
7153
5453
2066
425
7545
727
3600
3287
2860
7986
4670
913
4796
4094
2549
5777
3186
1850
1217
2679
2907
450
5181
5412
5589
3329
2019
837
7318
2132
1662
7140
8018
2262
8188
3741
8025
3600
8025
1816
6530
232
3607
6717
7143
740
3148
3542
3542
4788
1803
3542
1155
5687
833
522
1571
4903
7455
709
8137
7666
5782
6785
3390
350
6316
7377
4628
825
7190
7795
1817
6653
202
507
2244
1075
6553
5664
3449
2066
2513
5428
672
7356
4197
7400
386
1117
7758
990
7650
1360
4155
1079
3692
1724
3178
243
2068
1780
1155
3155
3639
7615
5579
740
4361
390
2777
825
5750
4478
297
1347
6292
2064
1465
3998
4679
1296
3977
4707
6948
22
5448
2019
7795
6378
4562
326
664
7745
6756
8006
386
3220
1291
1129
6660
4880
7012
7902
6639
7190
7497
6387
101
1662
680
4511
4899
2356
6150
7868
6036
2751
3011
643
6065
785
6348
4686
1822
1784
6243
5920
7714
7454
3454
2663
5095
4270
7784
1050
3140
1589
3358
5162
664
5139
2225
6299
2064
2012
3832
6011
3988
8156
4265
5999
2992
4965
3289
427
1465
4725
6571
5654
5730
4007
2042
7371
1968
4352
2519
6575
6387
1851
4291
5408
7177
2049
2710
5142
7006
2553
2824
3038
1787
2957
8173
6233
6216
6224
6501
306
7964
6448
2030
1794
1105
5272
7028
6806
107
2895
1239
5863
8093
6924
4716
1244
3190
3991
2760
2586
838
2076
7931
983
276
5722
6105
6712
6220
2918
1180
4427
1804
2446
845
5126
4478
8006
3762
6750
1753
7758
1659
132
7577
3011
2233
5883
1442
835
5816
1978
5487
1394
7031
4519
4110
89
1565
458
7485
3468
4672
6264
4199
1956
7505
1571
7477
4810
7687
5592
810
2024
552
8111
7874
1757
827
1702
4363
674
5101
2030
496
1237
3528
2901
2299
3486
7045
643
2124
787
1678
6254
5464
5443
3642
1949
5056
5054
1079
1523
4062
2019
7874
1296
3759
1363
3444
7006
6873
2559
276
3701
6478
7756
680
2135
447
4322
5588
7874
664
5274
3291
7367
4872
1483
3647
4979
5957
2132
6456
6689
7501
3329
2076
4976
6077
5359
3482
7776
4035
4036
6066
4602
2743
5454
712
680
5957
2231
1252
5454
8129
273
1219
3997
4867
7413
8046
1151
1724
4725
3166
5544
8171
3289
4295
4979
1785
11
1252
6733
656
296
4717
6415
8002
3093
458
4866
2341
6411
7037
6134
7964
7323
5139
7758
3004
4475
7230
6580
2067
6272
5619
997
7312
3356
6614
7995
1606
7021
4333
3232
2273
7394
6181
3614
5026
3289
2612
7270
6522
2499
3629
6736
189
2012
884
1467
7034
4372
7852
6187
6318
2854
3934
5010
4712
7063
6272
3678
6793
7323
1011
3678
4717
6401
7648
3291
2574
652
1742
461
2851
5643
6384
8025
4679
7242
825
501
7398
14
1830
6308
4059
4319
2777
4712
868
4092
5574
2357
121
7817
7593
7547
7807
945
3043
2202
4920
803
1579
4569
2736
6481
897
4670
5750
2676
744
1522
5896
6583
7497
2012
129
3477
4442
3884
1728
8129
7021
6522
6255
7557
7031
4379
3538
1219
7525
1789
54
8036
2513
721
5805
3068
3959
2958
4155
3220
3117
7155
4359
2772
4575
2175
785
851
2478
7376
5144
1356
5433
6088
4654
3916
4396
1800
6785
8012
8184
6257
4052
2649
7844
6796
5272
5730
4644
5779
6645
1395
93
7098
4879
7166
1301
3102
2443
1374
309
3838
5430
5999
7166
1613
5722
1100
4396
5624
350
7855
1276
2030
7657
3671
5654
5778
4202
2737
3240
5129
682
1057
2854
3007
6414
6793
101
2244
7799
6254
6860
5797
2107
5756
3272
6712
1872
1708
7177
6065
5395
4637
7931
3515
4903
3806
2868
568
6060
4735
8025
4926
7868
6332
2958
7240
1062
5834
1243
680
803
1280
5447
2630
1525
1859
5242
6743
4680
4896
1187
6497
5940
6601
7658
5618
6980
3974
2808
1748
2553
6973
4202
7389
4950
7258
3454
4647
5846
534
979
626
2793
5351
973
2947
120
7018
7225
4511
7756
3347
6497
3730
6868
6963
1079
7806
7570
1395
4362
2737
1664
6552
6818
2061
568
2441
6469
592
6417
2790
8103
3045
2145
1396
2076
5608
6229
6129
793
2343
2735
6091
5540
2737
6301
6963
3381
1664
3262
1478
919
4485
5244
3223
1944
5650
5798
6327
6289
5278
5831
7364
5359
427
4035
7071
142
1527
8129
3488
1442
2631
6640
2260
4435
7411
6257
6595
1497
4242
4618
5536
1275
995
4353
3658
5756
3542
8030
1530
1335
510
626
3997
7141
1180
1753
6105
4104
6036
5540
3882
2225
4621
4199
2634
787
5737
7483
1686
6164
825
783
6000
4796
740
1217
2410
6535
1525
2258
1458
2751
4658
7787
3788
6073
7967
184
1186
7758
7347
7665
2835
4644
1226
7563
4142
3011
7501
5863
8061
7872
3004
4270
2260
5077
5322
3642
7011
1302
6911
4197
514
3136
5240
680
5960
2377
2645
4857
3543
1981
6224
4880
390
8138
1330
1942
6083
2145
3404
386
4229
6973
2410
4651
7716
1452
1544
727
7587
7592
4637
5785
276
3730
2348
5099
5608
1686
6082
3154
4139
53
7582
7679
5048
5245
1796
858
6746
253
3997
7301
2987
508
4290
4074
7389
7
1748
4700
1494
5057
2478
3726
2650
2743
7006
5138
2064
2446
