0
0
0
10
0
0
0
1
10
2
3
5
0
0
0
0
0
0
0
1
0
0
2
2
0
0
0
0
0
0
0
3
0
0
0
2
0
0
0
0
0
0
0
0
0
0
0
0
0
0
0
0
0
0
3
0
0
0
0
0
0
0
0
0
2
0
1
0
0
2
0
0
0
2
0
0
0
0
1
1
1
0
0
0
0
0
0
0
0
0
0
1
5
0
0
0
5
0
0
0
0
0
0
0
22
1
0
5
5
6
0
0
0
0
0
0
2
0
0
3
0
0
3
0
0
2
0
1
0
1
4
0
0
0
2
0
0
0
1
0
0
0
0
0
0
1
0
2
1
1
1
0
0
0
1
0
2
1
1
1
0
0
1
3
2
0
1
0
0
0
0
0
0
0
0
0
0
0
0
0
0
0
0
0
2
0
0
0
0
7
0
7
0
0
0
0
0
0
0
0
0
0
0
0
12
3
8
5
1
4
29
1
5
3
3
4
2
13
1
0
0
10
1
1
1
4
0
1
0
1
0
0
0
0
0
0
0
0
0
0
0
0
0
0
0
0
0
0
0
0
0
0
0
10
0
0
1576
8025
2896
6796
2916
7615
6384
7872
7419
3240
5798
6945
1929
3254
3572
3942
1535
1177
361
7910
2182
6553
1774
3732
5171
5272
6135
649
7570
4291
7781
6659
4427
5874
5314
6227
6135
7227
5874
5013
5079
1597
25
1830
778
6583
255
5547
7910
2868
3184
7520
5858
4214
4150
6761
254
2922
1917
6553
6553
4202
4340
4812
8025
6447
7405
6937
1425
1425
4522
3240
4740
1661
6571
1944
671
5628
845
1824
4103
4788
4472
7524
1154
3237
5398
5290
1600
7029
7798
5214
4233
764
4312
1830
4475
7615
3816
3004
3188
4522
7665
4712
2648
7723
7785
1769
4796
615
4950
1733
5168
3722
845
7180
1595
2856
2894
575
3584
591
3541
1075
389
2796
1944
2516
4475
7419
2868
1155
1774
8025
2136
2533
6977
4630
5739
6759
2410
2811
783
2907
3572
7011
4950
6321
5402
2419
1709
4290
3656
3585
4350
684
7798
5778
5945
4830
425
6553
5778
1425
5129
7582
2465
2343
2284
6450
6735
5364
7570
7060
6105
5209
139
1155
4950
7093
7984
6976
2474
4522
2771
1075
951
1003
2679
202
4094
6335
939
4712
4651
4618
4067
2780
4934
845
4867
870
1965
591
4406
2012
7306
6873
6091
4766
411
2907
3153
6059
7986
4964
457
6737
740
2560
1839
5997
3085
6164
4361
3240
2114
97
684
7745
4291
6469
6393
2639
254
5013
1078
1186
7577
7387
7146
2172
1262
7484
3262
1709
5902
3726
3386
7154
6320
390
5594
5530
853
5019
4608
1595
2343
165
5100
920
7945
5903
724
5948
3572
7321
4693
2778
3538
6714
237
3063
3577
2165
118
2490
4766
96
2271
1965
2780
740
1534
3762
3021
2066
254
1009
8023
5652
684
648
6589
7805
2997
4036
7787
7254
7420
2507
6323
945
652
270
7919
1110
1847
5458
6467
303
1944
7737
6756
6820
3391
5482
1430
5071
1954
1595
4878
3577
899
1284
5274
1571
176
6744
6851
6123
2820
7756
5395
6125
4965
1276
5317
7547
5624
972
3289
4035
1686
478
680
1285
4442
7888
508
1464
4950
5079
4472
5778
3154
372
5957
7577
8134
7737
5498
373
7332
4199
6963
6601
3510
2751
4396
5695
7006
476
6370
6598
1494
4719
8030
3220
3004
2678
4397
5701
568
1824
740
744
390
5222
5957
2051
4988
6753
1397
1187
4265
6733
6224
3106
1678
7880
1662
3329
6292
3762
8072
6561
2553
6183
1590
4670
1224
737
7986
3876
4569
4361
7613
508
7978
5056
5454
98
914
908
1799
4171
3721
4809
3207
4747
3012
3557
2727
4621
6627
2582
135
1881
765
960
4522
2339
5276
5290
460
5778
5915
5013
7408
5507
1474
6216
7416
1296
3714
5604
5921
4155
1879
7882
3223
6553
7012
7720
8064
2543
884
3467
6520
4672
2565
6181
2377
3305
7823
6141
2916
1944
1425
2773
2464
4845
5274
6924
6352
1707
101
477
1863
5282
372
7277
2370
6209
6663
6803
733
3466
3792
5375
6478
5383
6714
513
1776
5682
7064
2418
1856
4341
1787
4291
4830
4735
1131
6667
3858
306
602
1467
6587
6233
7501
6497
6793
4035
2030
6106
3388
513
7053
4457
461
2834
5952
292
3886
6635
1395
6679
896
138
2851
5945
3154
1576
2567
8065
6395
6598
1056
6565
2285
4095
5923
6960
3950
2553
3278
5566
6430
1693
5353
6891
514
5011
5516
3870
3656
2343
2325
5997
7617
3585
5623
7391
6315
536
6536
1881
5986
7525
1040
1943
4700
7963
6873
7895
939
8111
8093
7411
7444
942
4074
6395
3858
5011
7736
2820
4777
988
1863
1209
6307
5821
8030
320
1620
7775
1282
6937
3078
6129
6770
1698
172
5109
2024
7292
2939
2793
2992
7483
5139
8091
942
507
1591
1957
5463
3452
4554
5863
3726
2309
1739
3809
6320
721
4106
7500
5282
6181
7097
7896
6705
6844
6924
2793
6264
985
283
6195
3166
6636
4199
1107
2918
934
606
2024
6254
1804
8072
664
4214
3220
7049
1424
7258
4835
258
5797
8136
680
3045
2994
6656
6232
2878
7639
2947
17
6470
5263
1662
4866
2878
1796
69
3335
7451
5647
6924
3066
1694
3000
4789
4867
3433
7205
3389
421
2150
5464
6164
5957
7109
2615
7874
3830
6254
7894
6478
1688
3976
2342
6143
2500
6844
3998
5720
4717
89
2423
4743
7921
6634
5450
4139
4020
2741
7823
7901
4011
6041
1976
652
4791
7444
4509
7737
8186
6614
1296
523
90
4319
7563
7420
6925
1110
1949
4672
1201
273
6973
1690
1913
5655
7582
960
1057
428
6038
4491
2679
6271
6053
7247
1999
3585
5351
7177
6587
6635
837
5456
1693
5464
1981
1525
1045
5999
3886
5452
5591
1787
250
5650
6686
4888
6966
2112
5726
6041
1774
5403
6926
7040
7389
1593
4594
2796
7190
4578
4568
1593
6963
5139
2570
939
3572
7806
979
5050
2303
3166
62
1788
3482
6547
1464
2778
6078
4148
2648
3481
508
7408
7785
3559
2499
1600
7031
5408
2459
7910
1595
5489
5343
1799
6214
5430
6066
500
7378
7748
2330
6860
2030
6125
5552
960
8055
4446
4907
4319
1787
243
4164
979
3806
5153
6973
8055
3635
6737
5805
7867
2248
3851
536
3154
3452
5343
2798
3232
1083
7529
2878
7851
3289
8129
5139
348
559
3165
2349
2533
2343
6258
6635
5279
600
369
5542
7294
557
1690
8159
7491
2271
3835
1863
3681
1469
718
3335
5944
1219
90
3526
3102
1100
3698
4849
5073
3585
8006
5737
806
1060
592
3290
2676
212
7337
4504
6831
6441
254
675
8075
4835
951
1917
2743
8184
1881
1130
4488
6125
7111
6587
1208
7771
201
256
7057
4647
1698
7661
7607
5324
2896
1852
7570
698
2516
3469
6656
4340
2661
2591
1595
966
491
1611
1199
6614
1881
1119
5246
5821
2541
414
4667
114
2984
5492
6580
2343
1600
2650
6635
592
4718
947
2684
2541
7258
4881
740
3687
5272
7570
5715
3494
6258
2676
4912
7063
7167
5619
4647
348
4594
3223
4114
6395
3966
1151
114
96
5957
7689
5129
4578
3515
2489
