0
0
0
10
0
0
0
1
10
2
2
3
0
0
0
0
0
1
0
0
0
1
2
1
0
0
0
1
0
0
0
4
0
0
0
1
0
0
0
0
0
0
0
0
0
0
0
0
0
0
0
0
0
1
3
0
0
1
0
0
0
0
0
0
1
1
0
1
0
1
0
1
0
0
0
0
0
1
0
0
0
0
0
0
0
0
0
0
0
0
0
1
7
0
0
1
8
0
0
0
0
0
0
0
19
1
0
10
5
3
0
0
0
0
0
0
1
0
0
1
2
0
2
0
0
0
3
1
0
0
0
0
2
0
1
0
0
0
4
0
0
0
0
0
0
0
0
0
0
2
0
1
0
0
0
0
1
0
0
0
0
0
0
0
0
0
1
0
0
0
0
0
0
0
0
0
0
0
0
0
0
0
0
0
0
0
0
0
1
7
0
8
0
0
0
0
0
0
0
0
0
0
0
0
10
3
6
9
3
4
27
2
4
5
4
4
2
22
0
1
1
11
0
0
0
3
0
0
0
1
0
1
0
0
0
0
0
0
0
0
0
0
0
0
0
0
0
0
0
0
0
0
0
10
0
0
5798
1944
3229
682
348
2856
1488
6791
2271
4613
7234
7012
7640
4092
169
2907
1182
1524
7615
7380
7437
3986
4017
2260
6818
1787
7063
5093
5874
5874
5165
4340
2059
3391
3106
4233
4670
6818
5165
6818
2684
924
5738
6950
2671
877
217
5118
5048
7013
7615
4492
5332
2603
3051
7492
5594
3240
284
7861
7823
778
4297
2740
740
7984
3260
4007
1565
6635
7806
5682
2732
1774
8143
6327
5012
967
4753
263
957
900
1124
3589
5403
167
2766
1830
2465
6128
6547
5679
1217
7398
5688
1170
1133
5220
5013
7223
4092
602
3623
1621
7989
5891
6227
3785
7929
4019
7418
7207
6592
83
4735
6770
2586
14
743
6441
4067
4639
15
5250
6481
4094
4912
3240
2601
2192
568
765
320
393
3229
3810
2684
3245
2732
2918
4077
4094
1981
740
6447
283
283
6031
2854
3439
5223
2920
3966
3174
2533
7868
1476
5545
3159
2753
3599
6588
2856
3668
951
5514
4546
7997
6735
8159
4229
1774
2777
432
6393
7582
7205
3148
5748
6925
5906
2915
1962
6227
45
123
3542
6437
1765
5322
6041
6053
6895
4415
5165
4338
4950
4955
3483
1023
4099
1709
6119
601
5229
728
5514
4545
6321
423
1213
1940
7765
3882
4317
4632
4718
5398
4326
1157
5531
4329
5701
211
2591
3229
3942
3809
7051
2676
437
8030
4008
7967
6038
653
1823
4896
7913
3740
6776
1964
7174
7841
4809
2271
5168
1890
6411
3632
1103
3668
7209
1544
5507
2777
4634
7722
2112
7376
4833
5735
7223
4029
1494
3835
2500
2686
5275
568
2190
4424
1280
6818
5874
390
7910
4007
4339
7548
2192
2483
2780
1523
5853
5560
4152
411
3077
2684
27
6077
3971
1460
2543
5371
652
392
1162
1691
3240
7230
4698
6227
215
6980
3942
3068
6227
7613
6776
3937
1948
2533
565
6121
167
1473
727
390
2410
4824
5968
1708
3743
6601
6107
350
5200
1460
6023
5151
3875
3077
4796
4609
4443
2992
858
5650
7013
5031
2429
6263
671
591
4569
4207
393
1049
973
7980
4881
1924
7157
7696
2615
1017
2431
6441
7362
2235
3283
6073
6044
857
4340
4809
3701
3230
5631
1038
1523
6552
4796
3684
7205
1075
3123
4950
3599
934
5944
227
3682
7427
4199
7785
513
7364
4270
790
53
3272
5634
6667
7756
2885
3077
6422
6744
2901
903
8025
6384
4874
6770
5335
3693
1765
1467
5514
3995
2378
35
1581
7415
5124
1515
6099
6828
4903
3690
55
461
3305
363
1242
1790
7109
6885
5584
476
5794
4731
572
7306
6105
7523
1239
1229
2369
4365
508
3942
5767
5181
1584
7548
5970
2878
2104
4651
5836
6631
2051
1043
6224
3730
6746
1193
5210
4527
4253
8089
74
7903
5302
945
6907
1468
6146
1693
5
3130
4765
5517
261
1050
7434
4341
1155
2276
2431
3141
6733
5855
7623
4861
6526
1282
3165
5782
5395
2785
6523
7281
6252
1800
4506
500
7936
4884
4500
7586
6497
7525
2535
2439
1057
1200
5482
2066
6593
1284
4199
1978
3390
2192
1330
908
4809
6119
4249
2995
8083
6234
7661
1943
3592
3624
8090
2464
3173
5053
5572
2261
5395
3538
886
4451
6377
3071
6258
6281
2677
3415
3289
5454
4253
176
5722
6891
5756
980
2984
6384
219
5737
6732
7805
7799
3283
995
7190
4202
964
3634
7420
6868
4912
8184
1282
7080
6945
2896
6254
7031
6378
6918
6825
7631
7409
2305
5957
427
4693
6209
4939
28
1707
1551
1659
5569
6544
5000
876
3927
2525
2675
6254
2385
7905
2572
602
4486
1523
2896
3557
7931
5572
6937
7982
6456
7664
7154
7664
6614
3578
3171
3046
6108
4827
6941
1193
2878
4594
5954
3501
7639
5454
3947
7610
872
440
7287
5453
4993
243
4712
6187
3279
2649
2124
1279
3561
6257
7192
3729
1694
459
396
2916
1070
7490
7490
5348
7313
1681
2139
6057
7364
4976
2529
462
3784
296
6709
5915
2793
3590
8155
7923
6911
2161
4007
2419
210
640
6862
6272
101
6919
7617
2130
1155
594
6523
516
4216
4323
4641
1800
7323
1317
6667
5957
6924
4912
773
8009
2649
1276
390
7868
2907
6980
4340
8103
4478
7240
1613
1981
3471
7306
7077
7063
3158
4150
5940
3966
1314
1946
6587
4546
3279
5011
707
3224
1483
4554
481
1276
2235
2095
5077
811
7745
5290
6791
635
7051
7910
7582
7153
1999
2736
6245
6258
3304
7011
5489
2683
6349
7353
6437
3223
5762
6498
1338
1282
4967
5114
4375
491
5808
7444
4202
3352
727
4950
4594
6089
5288
531
1550
7823
3413
4867
4055
3260
2896
973
437
2284
5765
7141
1079
6259
2988
7063
7408
4880
3287
13
3289
31
53
7269
1023
6750
5037
4352
441
4569
90
3433
8092
6002
1062
3930
2169
1808
4867
1181
3870
7910
3783
4823
2481
5695
62
2987
7910
4067
2339
3363
464
5053
6060
2343
3010
21
1830
2676
4858
1539
2489
255
1620
4618
1071
1453
7788
7176
819
4353
3481
1164
2130
3389
3733
4260
6257
5552
1029
4399
1620
1160
2916
3130
2461
7419
5165
6335
7419
2736
3477
7872
6818
5690
1863
7806
5833
1733
3347
2118
507
6820
2995
5031
7484
4484
3542
3647
2448
3063
12
1965
575
4759
1217
6483
1808
7190
575
631
4569
2676
5314
4710
559
2918
3454
7479
6864
4390
3326
1083
98
2008
6469
5171
1740
7236
5112
6060
3063
1773
787
7592
7882
12
3120
2907
978
7236
1550
2676
3741
2465
2339
2558
3490
2464
5736
330
3132
1453
5726
4591
5514
3291
790
7699
6059
3263
3096
7258
466
5945
4680
749
6069
2662
3254
2379
2558
2578
3483
7079
764
411
3656
5112
857
1023
5754
7294
4507
1583
5762
6649
948
4499
7615
5335
3415
5143
4796
7582
5272
2405
4472
7134
393
2949
1513
2677
3740
3997
6041
1057
4524
4475
6332
2661
1595
3475
4644
5314
6321
5993
1599
4093
6724
109
6409
6820
6262
3265
1767
2464
802
5913
5112
2080
1224
2374
7591
3386
4824
2892
1270
