0
0
0
11
0
0
0
2
9
0
0
3
1
0
0
0
0
1
0
0
0
1
1
1
0
0
0
0
0
0
1
6
0
0
0
0
0
0
0
0
0
0
0
0
0
0
0
0
0
0
0
0
0
1
1
0
1
1
0
0
0
0
0
0
0
0
1
0
0
1
1
0
0
0
0
0
0
0
0
0
0
0
2
1
0
0
0
0
0
0
0
0
9
0
0
1
12
0
0
0
0
0
0
0
23
0
0
6
6
2
0
0
0
0
0
1
0
0
0
1
1
0
3
2
0
0
5
0
0
1
0
1
5
0
0
0
1
0
5
0
0
0
0
0
1
0
1
1
1
1
0
0
0
1
0
0
0
0
0
0
0
0
1
0
0
0
0
0
0
0
0
0
0
0
0
0
0
1
0
0
0
0
0
0
0
0
0
0
0
6
0
7
0
0
0
0
0
0
0
0
0
0
0
0
11
2
8
11
3
6
24
0
1
8
0
6
0
22
0
0
0
11
0
0
1
2
0
0
0
1
0
1
0
0
0
0
0
0
0
0
0
0
0
0
0
0
0
0
0
0
0
0
0
10
0
0
740
2285
5477
4020
1129
7389
1664
2405
8025
2405
7788
6245
715
951
6552
6796
1620
1
2217
5594
6395
740
919
1803
45
8025
418
3010
7868
6258
3260
6635
1057
4880
3148
466
3096
6824
7491
3391
2773
575
8151
2343
1430
921
4214
591
5112
3224
1395
4293
1523
7415
7299
6447
4319
5928
1177
6826
3352
592
825
425
7882
248
820
4190
968
4136
6436
5720
4383
6440
6335
1774
1631
2830
5605
6000
5288
5248
4334
1794
1396
682
2851
5997
7910
5444
4522
4867
6321
2359
1590
5168
4202
2677
7031
1698
45
2343
5086
2123
1131
5743
3159
8094
4835
6139
8047
649
366
4634
4569
5272
7093
6227
1733
3196
7583
6258
4867
5997
689
2013
2907
6041
3572
6041
7582
1075
7419
46
3542
6588
4202
2777
5517
383
5715
6645
3823
6320
1631
1124
4274
3161
5185
1620
1414
3888
7413
6258
4476
7798
2405
7064
297
6000
372
1050
6831
1600
2562
5220
6820
7408
450
7882
1863
6789
4011
6761
7753
5066
5902
5738
7533
6619
1105
3481
4383
4008
2676
3443
7615
46
1593
1177
4788
7777
4233
6895
2777
8048
4164
6181
3551
14
2248
4056
3443
472
8030
5783
3076
253
5168
6737
6481
7868
5019
3391
3577
7121
1238
49
3835
2676
7892
4492
8014
5517
6306
6826
2370
1948
4155
2773
559
803
4007
6227
5746
1437
4488
2258
1107
3784
6803
1892
2303
7539
6980
4533
4609
390
5118
6902
114
4303
6789
5419
2868
3631
4641
5661
7910
5892
8143
3586
2156
2242
2217
593
6105
1360
4259
296
461
7563
4658
273
2342
6526
3784
7396
5171
6677
6053
948
7894
1285
3469
6249
123
3490
7484
5100
7798
4716
518
2132
5070
1590
1724
6254
7031
7796
799
3183
618
1280
2939
6793
6254
4693
4396
7018
5261
4606
3240
7967
3849
4851
3515
6371
288
2483
2411
211
2907
7872
6325
150
427
4110
8
5070
7702
6968
3692
4987
7022
6750
4330
501
8009
985
6860
4791
3272
5972
7746
7230
5689
7995
7492
2737
5019
4207
6060
6082
215
4406
1158
7934
3730
1949
7805
6632
6129
7353
2024
7800
1258
5601
3494
2061
3701
5229
5019
189
6415
5957
7364
7861
3722
1593
4845
5208
7484
2080
534
5171
7491
2565
5070
4872
838
4509
6768
2778
4379
8155
1183
8171
3382
4827
4888
3189
4579
5344
3816
602
614
5
1327
4242
4703
2405
2686
4056
3742
7679
6828
3115
3168
7805
4035
3308
3209
1769
1981
7367
3627
6181
1734
6638
7707
3965
972
1228
652
6540
7875
3526
7086
2030
8036
4020
7492
5477
3610
4729
5332
4340
3188
1523
3585
5987
3291
2586
3892
2928
680
6596
2511
7619
4580
565
1397
1458
3986
3977
8156
6010
5897
3317
3792
245
6594
5238
5724
4242
6317
257
4621
1748
6041
3207
916
1396
2633
1694
17
7484
138
4703
5811
5725
4010
4912
386
886
6636
1770
2778
5566
477
1590
5054
5977
858
1569
6924
1790
6963
7166
1458
3749
4475
4067
2565
3278
5452
1193
1458
8036
2835
7484
6954
2502
163
5614
2648
2434
3730
2284
2793
838
6257
985
6638
7776
5452
1296
7232
7577
6825
7353
626
5465
5288
758
4717
7420
7006
2572
2855
1168
5714
2652
4703
591
1476
6386
283
2565
2443
481
3886
4866
7018
2947
1127
3594
3102
3816
142
5454
1571
6640
6667
6224
6548
4384
7456
6254
2793
4955
3729
3413
7963
2233
6897
4485
4034
5139
3635
4465
4766
686
3351
3102
1020
12
5843
2751
7163
5099
7301
4142
3176
4059
4197
7648
167
2743
6860
5104
2076
3701
4976
1100
7501
7666
101
6673
2792
6662
3528
3386
5695
7906
949
5558
7800
2308
3068
5282
1184
904
6639
3057
7292
2145
656
1590
1060
7157
3329
5578
2019
4294
995
4021
2612
458
7816
7166
5167
5765
7018
2978
6785
5037
4861
7667
2508
4973
2309
7330
2368
5133
5785
4872
7586
3066
6651
488
601
3466
4021
1028
6777
1026
3352
2889
5737
1753
7756
5584
4379
837
6467
7177
3528
5456
2296
5096
5806
4233
218
2395
1842
4953
1009
566
5395
5070
2499
3001
3220
1024
6009
7756
6201
7285
2285
7795
7162
6478
6181
1133
3390
1237
2612
5139
1494
2349
6195
1004
4094
838
7031
778
1003
3469
5408
5701
6793
552
8166
7501
6791
2080
4082
1180
6868
706
7500
6478
5584
5225
2139
3140
960
6181
4888
6873
6793
838
7918
5630
6369
2529
4379
1429
933
2712
3986
234
2449
6526
6526
3528
5173
3389
6828
5395
3592
5977
1442
2950
440
22
2578
7894
1917
6150
1100
1919
6370
1360
6595
698
4672
2510
585
908
7806
4600
484
1734
6438
6634
803
4229
6135
1597
5322
3001
6526
2820
1115
7242
8129
1973
6636
6427
6348
3287
7548
3942
6639
3230
3503
939
4197
972
7225
182
7545
2905
5870
8002
7844
3153
1114
2905
2831
3475
4194
96
6759
6632
4872
6175
8129
7929
1073
6478
3711
4413
2851
472
1187
1881
101
1934
101
4035
8091
2016
2661
3136
7683
501
951
1815
2214
7246
5403
1105
3085
5077
4747
6924
837
176
7586
3858
7411
7838
2019
6427
7758
6940
6589
3634
3634
1193
6785
4717
3504
7788
1774
5689
8059
504
2260
3878
8025
5129
2635
7527
3584
8058
5013
4747
2612
1209
5772
3404
101
6963
2260
6661
5285
3212
3830
7529
2746
496
5540
5997
7229
5595
4867
4888
7520
7989
7344
6002
5173
1776
8030
7236
8058
4600
802
4880
7190
2066
779
5444
1180
8186
1360
6066
7810
4554
1242
1590
2341
5999
5650
5428
531
1038
4628
6829
5250
4914
5168
6227
7389
6089
1680
4809
6553
1124
5149
7910
3120
7882
4237
4341
3997
2169
1117
882
4199
4791
2304
7347
2513
7229
1105
4291
6980
7684
7056
6619
2676
5643
491
491
2130
421
4291
1740
121
5279
369
5143
5048
921
6552
7143
7070
5428
4317
1442
6963
4397
1237
5498
3682
2679
7598
6393
6262
6335
5579
5874
1852
7545
3457
1285
5024
7229
