0
0
0
9
0
0
0
2
10
2
4
1
0
0
0
1
0
2
0
0
0
0
2
1
0
0
0
0
0
0
1
2
0
0
0
0
0
0
0
0
0
0
0
0
0
0
0
0
0
0
0
0
0
0
4
0
0
0
0
0
0
0
0
0
0
0
0
0
0
0
0
0
0
1
0
0
0
0
0
1
1
0
0
0
0
0
0
0
0
0
0
0
6
0
0
0
6
1
0
0
0
0
0
0
20
0
0
8
7
5
0
0
0
0
0
3
2
0
0
1
1
0
3
1
0
0
2
1
0
3
1
1
3
0
1
0
1
0
2
0
0
0
0
0
0
0
1
0
0
0
0
0
0
0
2
0
0
1
0
0
1
2
0
0
2
0
0
1
0
0
0
0
0
0
0
0
0
1
0
0
0
0
0
0
1
0
0
0
0
4
0
7
0
0
0
0
0
0
0
0
0
0
0
0
8
3
7
6
4
2
26
2
4
5
1
3
3
19
2
0
0
11
0
1
0
1
0
0
0
1
0
0
0
0
0
0
0
0
0
0
0
0
0
0
0
0
0
0
0
0
0
0
0
10
0
0
2558
5874
4689
1245
3145
7940
5129
3741
649
1046
5171
4120
6458
5160
47
6053
5288
47
2130
2002
2995
5577
4800
3959
6553
5594
4568
5248
5160
5736
5140
2958
6926
3600
7188
2753
7330
4800
6703
4475
538
5113
6384
425
4343
8176
30
5858
3010
3732
1988
3645
2611
6740
189
7269
574
4194
684
6306
6677
5279
1620
7190
7033
7976
7
1824
2907
7178
7823
3257
676
4134
4522
979
7223
5682
3346
2214
2879
5188
4049
1944
4274
4277
7399
2137
3416
7011
3560
6761
778
7391
8187
7518
649
4361
1164
3642
2907
2892
6012
1234
2894
7207
5162
4214
1929
2851
2903
3161
3192
2997
584
3682
772
5816
7121
7786
6997
7739
3288
5998
933
6307
298
6864
4851
3572
4319
6124
3861
979
6395
1821
1534
7209
1466
5482
1864
5531
5113
338
3287
7592
7061
2922
4499
797
1154
5143
925
4192
738
4112
722
4604
5128
4735
5232
715
4214
4569
46
3901
1119
1523
1746
5232
947
2662
2558
966
1733
3004
2736
46
4830
7590
5225
5095
7398
4087
4273
4575
998
4089
4914
7380
7110
2285
249
3851
6315
3145
2411
4492
2541
580
591
6117
3055
6327
1279
4353
2374
6417
4233
5928
3207
4934
3288
3854
8187
4583
6227
7665
6447
6553
3220
4792
3391
1023
6895
5470
2686
3132
6824
1971
1958
5398
1119
6315
4017
1009
3504
763
7766
7588
2796
6510
390
5175
390
2465
4644
4007
5272
2777
4718
4384
3544
3542
5351
3959
7995
1242
2957
3117
7755
1534
1661
1556
7764
7235
6330
3974
3226
6463
5395
6400
8155
4716
4932
797
1155
3481
4569
6818
1319
7679
7670
7140
2145
680
3876
1155
5975
4339
1163
5263
7882
7227
4623
4065
1893
1819
4596
7242
3329
3329
6175
2675
2688
7230
7389
6811
4971
1224
7012
783
5013
4950
5010
4191
2145
6746
1048
2541
6650
7867
8025
3071
4937
7915
5102
4082
6371
7584
1541
386
3066
5454
2612
2424
8009
3784
3519
5070
6825
7816
848
4270
591
6973
6053
3148
6089
7012
266
5248
5997
6553
418
631
1163
5228
2159
3692
1437
4855
8089
168
350
810
6094
4369
731
1117
6181
552
6036
2633
811
2130
4729
1534
2916
1279
6645
5248
5920
3995
6635
5701
5129
2548
2916
7297
7963
5039
2649
7271
6731
4342
4369
3452
4396
6959
466
7178
1662
7141
3076
1872
2678
2377
966
978
1522
2557
4290
3457
3071
5031
2896
3004
1550
2100
6268
814
2949
1552
6532
7814
2142
6633
4273
6437
396
2448
5165
6598
5037
4976
2717
6642
6523
4297
7013
1331
4241
6717
6144
1949
6481
202
5561
2657
6104
1727
3279
7805
3977
2992
7323
3711
5977
225
5200
6580
7619
6639
2811
5238
5464
5104
2762
7330
1047
888
7799
6258
4670
6553
6258
3123
1969
2896
2995
4310
83
4261
2682
2535
209
3533
1187
54
6667
1193
837
5101
3543
5026
3002
4197
6467
4725
6216
995
2743
350
4928
3240
3494
2896
2896
1969
7868
2061
5514
1944
1824
3331
5142
5998
1130
4978
1187
6264
3102
1280
2982
1010
7260
62
3068
7192
2175
7006
2612
1974
4693
6064
8002
6791
4478
4202
2896
2835
6447
2533
1023
7887
393
7408
7607
5865
7271
354
7643
6370
3144
6186
6891
3284
1296
1957
7790
1449
3678
4855
54
83
1742
1999
6553
2080
421
2916
4326
4089
979
2896
1105
4830
121
997
5939
4477
6744
1548
7109
4686
2778
7805
4148
7936
6370
7748
395
7954
5250
1282
6073
5465
6264
6169
3585
6384
7570
4600
4533
6796
6553
6635
6895
3391
3402
3279
6793
4149
2182
2051
1608
2611
2793
6094
5133
5720
3289
1396
7916
751
1464
5701
4379
1470
3942
7354
3504
7405
4008
4788
7591
897
5129
4475
7827
3096
206
6786
2792
3684
7188
6437
5877
6686
4601
5425
674
3078
1608
6092
7810
6827
1228
4035
7018
2950
2751
4812
361
1546
1534
332
5705
5077
3240
46
7492
6876
7289
3130
4568
5343
3322
7747
1932
7040
7517
2260
6002
3093
3634
3808
7364
6634
1073
4717
3183
7963
3672
7887
2137
2780
3732
8190
7243
7207
7337
6635
649
1075
5000
7570
4099
5928
45
5661
6031
7153
217
5492
1209
4061
7157
1199
5454
739
4823
942
7529
7232
8137
3600
3572
4074
5909
5198
8023
4632
1415
4297
1411
4008
568
7670
7011
7615
4340
7154
3225
5272
5173
472
4207
4341
1226
1608
945
3749
1330
6639
6608
7085
272
1593
559
5428
5208
7153
6271
1046
3055
1040
6041
210
5419
3096
1550
7598
3320
1450
1948
1582
5668
7438
4482
1155
7188
1394
6257
4933
793
3390
1154
3773
6864
3492
1047
8191
7871
2639
3644
7965
4350
7090
5079
1660
3196
61
722
5742
3103
3838
5443
2156
8191
5595
4708
568
1062
98
1659
1429
1467
5542
5339
5913
4491
6346
4339
6066
1941
8121
4160
7227
7415
744
138
1157
1971
4641
3326
2558
2124
2002
3904
1582
4238
6134
1302
6829
5954
2252
5537
4214
1312
1492
335
5232
1168
7613
1040
3950
1513
5923
297
7153
61
2591
3121
1631
4575
1760
5107
5654
5896
447
6167
3325
214
2182
3937
3664
3448
6139
1155
1774
7872
7491
7493
4852
261
332
6315
3651
6452
6393
5547
4747
3854
3159
4851
1556
4670
7451
552
6189
1217
1542
7251
438
5919
1523
4858
606
6698
7755
6480
5756
5594
4735
2677
6307
588
7337
4812
6303
6824
4084
3352
2603
7798
4007
6700
4119
348
945
939
3806
4341
4800
6276
2516
6448
7389
4950
2780
3943
7292
4383
2465
7492
508
7070
1185
5997
4340
797
2777
1821
6263
400
5514
3664
2629
5489
1948
6661
5545
919
7798
559
472
4372
3481
47
1154
852
740
2110
2496
7790
5477
7236
3490
7933
5629
2405
7798
7921
2898
758
4232
109
2661
5129
2788
1748
1087
3936
2137
1057
740
393
6735
1217
1129
7784
7781
7398
7518
802
2737
1765
1856
8060
4354
538
967
254
5445
7294
2645
3007
5272
7823
2441
1672
4949
