0
0
0
9
0
0
0
1
10
1
3
3
0
0
0
0
0
0
0
0
0
2
2
0
0
0
0
1
0
0
1
3
0
0
0
2
0
0
0
0
0
0
0
0
0
0
0
0
0
0
0
0
0
0
5
1
0
3
0
0
0
0
0
0
2
0
0
0
0
1
0
0
0
0
0
0
1
1
0
1
1
0
0
0
0
0
0
0
0
0
1
1
6
0
0
0
6
0
0
0
0
0
0
0
17
3
0
7
4
4
0
0
0
0
0
2
4
0
0
1
0
0
4
1
0
1
1
1
1
1
1
1
2
0
1
0
1
0
2
2
0
2
2
0
1
0
1
0
1
1
0
1
0
0
0
0
2
0
0
0
1
0
0
1
1
1
1
1
0
0
1
0
1
0
0
0
0
0
0
0
0
0
2
0
0
0
0
0
0
7
0
5
0
1
0
0
0
0
0
0
0
0
0
0
8
3
7
6
2
3
34
1
7
5
4
4
3
28
1
1
0
13
0
2
0
2
1
1
1
1
0
5
0
0
0
0
0
0
0
0
0
0
0
0
0
0
0
0
0
0
0
0
0
10
0
0
1550
4609
7673
1944
5275
390
6553
3454
5798
5643
3071
4319
5129
3542
6677
4214
4796
4475
4609
5805
5019
4569
5292
5095
5057
7012
7234
575
1046
6307
2764
250
3326
3188
4892
5322
4478
1411
6384
7570
7615
5013
4007
4644
3402
3821
3004
4504
5308
7484
5013
4609
6999
2159
34
5166
1453
1453
2441
457
4343
5175
3092
5282
6384
1774
6395
1534
2327
4399
7872
6271
7223
393
3924
3636
3037
1822
250
1415
5803
5538
1579
866
7490
1258
888
4354
5495
568
6306
5801
6753
1139
3482
3220
297
2339
7852
1040
1660
2676
215
6384
5643
7505
7258
7539
5531
7590
2558
7356
6044
1790
4268
1654
1796
6468
8062
5261
5489
4007
6307
3212
5650
568
538
1774
5066
3153
5403
4533
2474
7868
7223
4644
5619
2192
3635
756
7230
933
2907
4649
6468
1608
4197
6526
5054
5556
7254
7541
7482
4340
1287
4146
4732
4361
3959
2676
4867
7781
1944
740
4491
5664
4594
5129
1774
6385
5351
174
460
6895
1767
5730
6578
3076
5952
2041
6326
6898
461
1872
2892
4018
6258
2896
2856
4796
4007
5594
4569
6237
30
3816
2402
3096
1794
6660
5643
7190
4005
266
369
2422
2684
2684
4892
6362
7018
1131
74
4602
3743
3075
6440
559
7868
2896
7090
1415
684
390
6227
3037
2152
2489
6635
1425
7613
2684
876
411
3445
1395
1105
1502
6766
2406
3455
1224
7456
8184
3675
4777
6636
4036
1816
2338
4214
2080
8143
169
2248
7613
2648
683
1839
4670
8083
6635
2896
2202
4644
215
5858
6415
2799
5288
2299
3076
2490
6022
6371
3624
3765
2535
1515
3102
1571
707
6909
7190
5579
8025
48
255
920
5576
4670
3071
4670
2402
592
4089
3542
357
3226
442
910
5497
5
8171
5274
7586
7963
1117
5746
568
6601
3986
1276
69
2342
7923
418
8025
7453
7148
6058
4146
2896
592
2896
5798
1672
6484
3919
3258
1566
7456
2675
7748
552
7306
6292
1465
2553
5395
1724
5432
6572
2889
3538
2304
1193
256
2796
5579
5279
227
3600
6796
2896
2896
2896
7451
684
2058
3060
4511
7158
3394
7197
5282
7411
4396
861
7623
3557
1934
1981
6911
7867
6181
1790
6851
5863
6614
7400
1550
4202
5292
4202
575
2405
3240
2106
4608
6618
1326
7743
2142
5797
3265
7595
6661
206
7270
5207
2878
838
101
2349
847
6922
1668
5376
5377
7963
833
5455
5801
3490
6796
6089
6089
2684
47
5936
3196
2624
887
1276
7662
5604
3279
5516
6968
4879
8093
7877
6174
7445
6661
847
5454
4836
2885
176
377
256
593
7769
450
7872
2325
575
6677
2489
2560
4950
2130
1023
5883
6094
5591
597
22
3937
8184
1199
3136
1945
8072
1474
2990
1464
3329
1193
7529
1258
7525
6497
7404
2366
783
6031
4569
4569
390
4291
7056
1534
3457
1094
7190
1849
3069
6667
929
7577
2574
7388
5678
3443
3646
7005
6905
481
3444
3149
6911
1424
4424
3007
5348
6668
1576
3600
3225
1776
591
5278
1385
2780
2597
5000
4504
7592
6860
2904
2490
6750
2677
7643
3672
4197
5302
3701
7932
1411
2836
1288
2439
4524
129
5455
2254
7063
2410
1155
7596
4950
4329
7910
2995
7269
4796
7384
6635
7806
6426
3404
7919
4866
6279
5
2107
1909
4037
7312
4035
2612
253
1073
912
8033
7277
1155
5185
1040
6535
4011
3225
4152
2402
7239
12
615
7389
2727
2500
7798
7412
6800
7306
6968
1140
2727
2615
889
3130
4199
3163
7931
602
2942
2411
4263
7807
1155
7679
1988
740
7559
2343
3260
6258
4670
2896
7982
4493
7235
372
7901
1004
7805
2791
5353
7353
6976
4253
1688
3985
7771
3165
2972
1347
4262
2175
3046
2662
4340
4835
4017
925
7135
4935
5129
4139
7451
2896
2784
6649
2558
3561
1160
951
4698
353
1385
7192
5726
53
1697
5322
7756
6198
3544
7420
1271
3795
1776
1776
7205
702
3515
5810
4492
1617
2418
1705
3301
3792
2071
675
7086
2967
4312
3682
5077
1460
3102
3390
2385
3965
1435
5736
5991
3482
3232
3329
350
5059
3068
6041
4008
1786
6660
1594
5751
4361
3433
3177
2248
1798
568
3777
7121
4022
1971
5778
6011
2159
5139
7192
306
5695
7929
1942
176
5920
7929
2746
3704
1489
1836
2135
2663
3398
1680
2379
7426
5181
744
8159
5227
5891
5324
4569
2411
7940
1320
5412
2405
5298
5478
1396
7313
7270
5005
1237
7318
1571
7440
6532
1846
5343
3581
3188
5208
5078
1217
7613
7592
7740
3686
4011
6583
6983
6263
4569
3526
4146
4372
1160
4312
4061
344
5939
584
6557
5395
2448
3063
2647
892
6189
1279
3389
8030
2465
6395
3686
3600
6791
2489
4950
921
1693
1886
683
1743
1760
6846
4654
5687
2192
4007
2854
3576
5430
2483
35
7400
4262
809
2305
8072
5997
1105
740
6089
3741
3494
5013
7236
2080
4950
4340
3947
6733
2955
975
5682
7828
2015
5902
2260
6168
2677
297
3196
2679
3443
6396
5890
7156
995
2002
4372
6973
5364
3635
7556
7941
4907
921
6011
30
753
8080
1799
513
7991
3038
1534
6450
3992
7013
3656
4406
3710
4353
4290
5920
7806
684
2576
4812
369
1029
3486
6358
2199
7894
2308
3176
1927
6833
7464
557
6000
702
2820
5578
6318
2662
7520
3055
1842
4192
7940
565
6307
6437
2803
921
3401
3916
1997
4011
1164
5993
6996
3740
1965
6000
7722
5668
3904
7517
7755
1928
7585
4892
2778
6073
2586
3154
2558
2421
6756
731
7871
5129
8064
3158
3443
4008
121
3730
6011
3253
1293
5739
1285
4329
797
5143
1946
292
1129
985
157
1733
4950
7162
427
3886
2217
4312
3305
7517
3576
4594
5874
20
3186
1430
6395
393
4561
1856
5112
4274
1740
8083
5530
2986
6358
247
1453
1932
61
1038
2080
1488
3909
7223
472
5419
2232
857
2654
1185
3207
2796
1774
2937
423
6926
1830
4499
6847
227
4796
480
7391
5079
1588
7131
5921
5933
8021
1965
842
538
3682
1620
390
6649
