0
0
0
10
0
0
0
0
8
2
1
3
2
0
0
0
2
2
0
0
0
0
3
3
0
0
0
0
0
0
0
1
0
0
0
3
0
0
0
0
0
0
0
0
0
0
0
0
0
0
0
0
0
0
5
0
1
0
0
0
0
0
0
0
3
0
0
1
0
0
0
1
0
1
0
0
0
1
0
1
2
0
0
0
0
0
0
0
0
0
0
3
9
0
0
0
4
1
0
0
0
0
0
0
16
1
0
5
3
5
0
0
0
0
0
0
1
0
1
3
4
1
6
2
0
2
2
2
1
1
0
0
1
1
1
0
2
0
2
0
0
1
0
0
0
0
0
0
0
0
0
0
1
0
0
0
3
1
0
0
0
0
1
0
1
0
0
0
0
0
0
0
0
0
0
0
0
0
0
0
0
0
1
0
1
0
0
0
0
4
0
7
0
1
0
0
0
0
0
0
0
0
0
0
10
7
6
3
3
5
32
3
6
3
5
2
2
9
2
1
1
11
0
0
0
4
0
0
0
1
0
0
0
0
0
0
0
0
0
0
0
0
0
0
0
0
0
0
0
0
0
0
0
10
0
0
7868
6089
536
7576
5475
5308
5684
7784
348
7033
3934
2253
1356
652
3329
6259
7623
3184
3404
1186
5497
973
8025
1600
7070
5948
592
6635
6216
3358
2499
2402
2465
7910
4718
6183
7330
1494
4431
3136
7018
7270
4191
7964
3002
2628
4399
4685
3012
323
847
6105
7758
5117
1600
7785
6926
963
682
7354
7609
6022
5351
7040
5874
2684
484
1335
3667
475
5101
7929
1047
6400
614
1331
4197
135
2584
1852
4465
7661
6498
5207
7480
626
1943
5664
7995
8060
4484
845
2402
2062
3625
4867
5756
7592
7723
698
3530
6969
414
6777
5834
1360
3966
7087
12
74
8076
4717
5811
3860
1076
7932
7929
7577
7490
3314
482
7706
5892
5191
5874
2285
1607
1852
6009
3096
7230
1488
121
5650
7297
494
3989
1474
2535
4866
7666
4777
3749
2454
8111
1842
3045
437
4205
3224
4993
449
8127
7615
6053
6271
4374
1672
7872
4522
30
7484
2995
1893
414
6384
7447
1468
6468
5962
5625
2992
2553
3774
2082
6414
6750
847
6467
2535
6095
4892
1183
3082
3808
1038
1380
7416
2780
4885
5623
1090
4670
5279
4350
7752
6635
6104
13
6960
5753
5972
5453
4452
5404
6228
5631
5135
7243
2446
4911
2824
3939
6060
4010
7577
3870
6639
7012
722
7823
5833
4835
2361
6289
4788
35
6940
2411
4239
6077
1180
1259
5363
7470
7432
975
1798
2142
1787
5960
7490
1515
1130
1799
7087
7477
940
4980
1155
1158
390
3682
2266
422
389
7617
4238
4914
4670
5746
7803
2424
256
1010
1280
674
4680
1724
6325
4634
4484
2089
1634
6414
7874
6105
2675
847
7740
3819
3238
5227
4524
3022
1319
6041
1709
2916
1584
4867
592
3731
6563
1973
728
1525
5614
7356
7123
8078
4619
4525
824
5299
803
2878
7577
7563
1727
1356
6162
4766
510
2751
7514
45
6830
4261
30
6053
7210
1046
2957
2080
1181
4846
4118
101
6520
1652
6801
3289
1856
3223
7317
8078
3192
3486
7057
2156
2612
4937
129
5960
296
4672
1110
941
3916
3252
4703
8030
7059
2679
5171
4229
4771
763
1753
7166
5452
466
4350
2380
2184
6884
6907
3171
6976
7645
118
1180
5189
6272
2341
6950
858
5070
1003
6712
5274
3755
26
6154
5185
3433
6417
6737
4623
4689
3347
2490
1186
2675
6099
4780
336
5450
4140
6850
5589
2795
3559
2792
2460
1442
3612
257
500
4599
6073
1742
74
2242
4939
2089
1824
6198
425
5530
2254
465
5024
271
573
2878
8156
2304
6276
6844
5151
7888
6980
6619
2933
3711
7841
5340
7654
6594
3378
1011
5359
803
4866
7163
6215
2894
6645
6818
283
1692
1664
7092
2922
5801
3136
2142
2743
3503
7501
62
5430
2368
3178
2811
4893
3350
4519
3468
7984
6640
6121
5466
6547
7445
6963
2481
6255
2892
4291
4175
5079
674
7391
5129
7622
919
3647
3384
3704
3997
3226
1199
7954
6272
934
4810
4059
1471
1913
4904
3933
7406
1276
2559
5191
6519
2070
7480
5285
3641
7570
6483
6553
4651
3513
514
2808
5408
4372
7437
1483
8155
4641
7804
22
3584
7006
6106
847
1076
2976
3634
6844
3819
2012
1847
6580
1934
7598
7166
5863
4233
5326
45
1544
3475
3649
5168
4578
5249
3071
2254
2916
4475
559
3358
4094
7853
6614
6272
2878
806
5578
1973
3672
307
1110
4993
6887
3325
8111
6667
386
3350
6590
6940
959
684
3706
6895
6078
4670
1320
6020
2907
4007
8167
4701
7451
6271
1857
1620
2109
1258
7496
1288
2928
4935
4747
6427
6107
7485
6129
338
552
2634
5682
4017
5248
2671
4842
5403
5434
8025
2639
7034
2791
2671
5220
4061
3452
6437
7679
1856
4207
1571
6229
1282
2553
5704
6272
6712
5066
5726
176
3675
5785
3085
1965
1057
2260
2059
4007
920
2772
1664
3260
1038
3464
4796
7229
7539
2879
4009
1049
7901
215
920
2793
939
7744
2411
355
6884
2420
6254
6940
4524
7838
3352
3096
698
280
907
5730
6271
2633
3253
851
2671
4618
7816
7332
1820
7357
2369
6510
2676
2009
6289
1080
6073
1038
592
803
4060
272
6979
3749
1846
4295
5798
1597
7716
960
764
6969
6818
7187
7867
5290
7408
3481
2077
5962
1
5850
229
7419
1578
3063
7490
8
1617
5436
3693
4293
6073
4216
1744
1713
5598
7835
3220
5540
574
2465
907
3252
820
5191
6553
2676
6089
7570
744
1446
3004
4867
6635
948
3063
3467
7177
1037
2257
970
5024
4239
4725
101
3390
7292
1282
2343
1621
3847
4339
1488
7956
7148
5689
3307
3942
960
1062
2663
6361
7230
5999
7615
4082
3806
7807
7018
2000
8055
5458
7923
5139
4579
53
442
7577
2793
5263
1962
3740
5403
6791
1774
2938
5209
4542
2922
5133
7867
1965
8023
4211
1027
46
6203
297
1550
1550
3634
3634
1288
7874
6862
614
1073
5013
3592
2299
74
8126
6393
740
3291
5279
2285
8046
1012
7011
6770
1576
7785
96
2764
6895
5344
45
3777
7419
2066
4655
6802
1822
4197
7140
6662
2574
8188
184
6292
7226
4980
2165
211
35
4061
4949
2290
5143
5730
7162
1238
5288
2405
3901
4056
2487
2112
6730
6417
7940
7989
3405
4636
5114
1193
283
155
1266
1037
7178
7810
7758
7306
1319
4651
2922
7545
3599
1928
297
6233
5899
1999
7357
3347
169
1279
3186
6199
4707
7223
4478
5896
6233
7270
6488
89
6632
7057
6732
7071
7356
22
3695
6060
671
1948
5024
6089
7584
1023
1281
7232
3749
2431
6387
4291
600
7753
4335
6179
4874
6393
1331
7344
7011
7400
1276
6234
5142
5688
7954
253
1237
6911
6803
7230
1664
5171
2474
5128
7011
6089
534
5091
1694
5324
6060
4880
1949
1021
8073
1243
4670
5412
5412
3682
4319
5120
640
4021
7500
3652
4702
1659
5372
1707
6224
5537
1043
6384
4867
1752
1767
5731
5928
2737
6791
698
1611
2271
4361
2597
832
249
7665
4442
7866
7294
4207
7901
4333
593
4515
3966
4341
6271
2988
450
2796
7995
3259
4914
