0
0
0
9
0
0
0
1
10
1
1
4
0
0
0
1
0
0
0
0
0
0
4
2
0
0
1
1
0
0
1
3
0
0
0
0
0
0
0
0
0
0
0
0
0
0
0
0
0
0
0
0
0
0
3
0
0
0
1
0
0
0
0
0
2
0
1
1
0
1
0
0
0
1
0
0
0
1
1
0
2
0
0
0
0
0
0
0
0
0
0
0
8
0
0
2
5
1
0
0
0
0
0
0
24
1
0
9
6
7
0
0
0
0
0
1
3
0
1
3
1
1
2
2
0
1
3
0
2
0
0
1
2
0
2
0
1
0
4
0
0
0
0
0
0
0
0
0
1
3
1
0
0
1
0
0
0
0
0
0
1
0
1
0
1
0
1
0
0
1
0
0
0
0
0
1
0
1
1
0
1
0
0
0
0
1
0
0
1
7
0
3
0
0
0
0
0
0
0
0
0
0
0
0
13
6
4
8
6
4
35
1
4
5
1
2
3
19
1
0
1
11
0
0
0
2
0
1
0
1
0
2
0
0
0
0
0
0
0
0
0
0
0
0
0
0
0
0
0
0
0
0
0
10
0
0
4472
4120
764
4478
4478
3086
6481
3959
631
3481
7092
6635
3289
4191
461
4651
7015
5604
6619
5798
3682
6548
215
6818
4950
2119
3121
2441
2076
4703
7347
1285
4950
2690
6058
5687
3762
6633
6639
4159
6801
7187
4788
5403
2896
6902
7408
695
4572
7387
3721
6818
631
6509
3454
4867
1787
169
1035
2031
6422
3777
2362
5343
4202
3690
7501
4036
3329
2793
3232
2904
1330
4584
4916
2645
6587
2855
5166
6245
4089
1003
4812
4630
744
4340
896
4670
3240
2773
1522
90
7694
591
4920
4164
4952
3601
3612
2360
1079
3289
7577
7319
6963
6844
4747
4600
4264
211
6478
4867
6635
3304
6183
4689
1021
1309
1698
6384
7419
4670
8143
4703
4350
3071
7484
5427
6467
6636
184
5634
461
8137
219
1073
2586
7006
5387
4259
2489
2593
4914
3071
2896
6258
5746
3348
4260
5811
7962
5589
2499
6384
4569
3240
5066
6454
5730
7070
6960
1193
2578
5019
2813
3012
365
4228
1662
2675
256
3220
2736
4747
2329
6827
1209
3494
6358
1060
7500
2389
3102
1276
4052
6128
2676
4984
3995
7795
1600
2780
8065
256
1010
4535
7247
6633
5682
721
536
1615
422
4143
1635
4340
2916
7344
2072
4511
5783
2751
7934
7919
4672
7292
7163
7356
7575
4017
7155
418
4634
575
5250
6894
5267
2059
4453
502
2242
912
3194
6016
6733
3149
2526
4340
1023
8067
2751
6478
6598
7577
2242
1943
7895
7963
6979
990
4792
635
5427
7223
4210
6354
1566
6969
858
1458
7353
2434
5608
4010
2785
707
1280
602
7418
6635
4735
724
6614
296
3102
5447
1957
1759
3348
5662
4791
6948
1934
6257
2577
4202
6263
3003
7445
437
2751
4396
7364
2978
6272
1941
1719
7226
6595
8136
7318
5817
4777
2898
6633
552
4253
444
6979
2793
3066
237
11
6336
7031
6105
2341
4048
1279
266
1069
808
5850
2778
3538
1527
3939
3793
209
2064
2225
3733
3404
2778
3790
3401
4783
831
320
3283
5452
437
1360
6259
1957
4717
5952
1193
6704
5376
415
1606
7539
6105
5811
825
1892
4084
6501
6634
2159
5147
1892
4509
6941
6172
472
5220
1024
4326
5722
5979
6793
1284
7546
1942
2489
5101
7319
2951
5101
949
5334
98
5498
7295
5458
674
5578
1396
6414
1073
1180
5584
5650
4717
5144
7142
5470
5024
7494
411
3378
3701
1483
7687
4755
3265
2778
7650
4879
6934
1079
4575
5863
3149
4319
1282
5223
7931
7795
6536
2650
2712
4300
2947
6203
5070
7292
2099
2172
4667
7153
2408
5584
2878
101
7242
3367
3672
4021
2304
5806
810
7874
7292
2947
7232
7330
1943
718
4823
5513
7477
4475
2967
4903
129
1130
908
3076
5865
129
2454
3900
3585
1849
7799
3482
1579
6478
7270
940
4794
5846
4903
1296
6667
6911
2836
4993
619
2630
3390
6467
1296
7391
132
4442
7012
8143
4935
5245
5112
5432
6960
1276
787
7764
4878
7408
3045
1276
3714
1483
3528
7353
8094
4060
7445
5453
4059
3524
5472
5783
6175
4933
3993
3467
4786
3192
6229
6151
182
6978
2751
5960
5302
3592
7052
7177
5733
4710
764
3077
6728
6937
6798
5275
6419
3069
614
1413
5450
2066
3610
7270
5785
2856
1613
3032
363
5957
1744
5566
4496
2675
626
652
924
8155
1957
8129
1199
396
4207
139
1403
6105
4727
3467
477
5497
6825
6106
3004
5220
3220
960
12
5138
5207
886
5847
3003
3401
6264
1330
3415
725
299
7242
552
6733
652
6175
6590
5661
7630
7429
6361
5151
2715
4375
2076
552
3704
6172
3614
6980
6811
6793
7650
1187
277
3838
5291
2023
5042
644
7343
3770
7687
8139
350
5977
838
2904
3486
3693
1258
6352
1376
8171
7109
7041
3730
2507
4013
6119
968
6643
6911
785
2942
764
6884
3494
1075
6125
4778
5672
1688
536
6660
2973
1560
2533
1193
6098
6636
837
1643
4554
7749
4104
8091
7687
5466
12
3726
5831
2777
2773
7901
4233
3740
4641
4791
584
6229
5452
5454
4717
5112
6945
283
7330
6304
7074
5909
2735
6036
7085
2851
7190
3997
7480
4988
317
3331
3192
4061
427
6041
6677
5112
5057
4670
4963
5140
7595
7965
101
6598
4034
5540
2393
404
4060
6659
5101
461
4515
4672
1330
8073
259
4800
7111
4164
5343
6781
2612
2662
3068
5536
3947
4478
3732
8030
62
7103
2820
6979
4197
5104
7545
6229
837
7586
4866
101
3673
1070
1881
3664
4035
2529
2682
6400
2682
82
3225
2547
3808
1942
3322
1049
8030
1559
1160
7910
4718
5589
593
5868
7237
1209
6777
1800
1356
7197
5104
4866
7319
4877
5940
7923
6954
4329
6687
7480
2308
1664
4089
2059
3672
1525
631
657
7592
3600
1944
4448
7405
2175
1509
6572
7998
1999
3672
5070
7353
437
447
6463
6526
7801
350
3842
2178
1944
12
536
2593
5619
3220
2545
1984
285
3693
4475
2136
1944
6417
3686
1690
7103
8072
7416
7353
2507
7018
3218
7364
1031
8046
5672
4035
6467
7758
2157
2461
6320
5687
6753
392
3038
4651
3174
2639
4670
396
1852
3022
4448
5778
1157
184
2145
7313
7895
2439
1790
590
6873
5599
7787
2535
227
5022
552
6415
358
6481
7613
369
5128
4796
6659
2446
7997
2089
3071
4089
7665
1038
5998
6569
54
2150
7103
277
2342
3692
6598
7483
7480
4379
6094
4584
5156
593
674
6433
4260
7699
7196
1046
3263
5975
7061
2405
508
7406
6436
46
914
6906
4308
4270
45
5489
4021
2950
1934
6437
1981
3883
6793
3068
6731
7420
1525
6627
1664
811
5979
1012
4385
5748
3490
2541
4011
4796
5402
683
2483
6189
1506
1476
7872
6384
568
5778
695
2057
2861
5537
3003
7406
7665
1269
6963
6257
6408
5945
2325
5530
5840
2631
5501
2135
384
3861
2533
1181
83
5092
2907
1566
6826
2257
4202
6384
6791
5579
7901
4670
3260
6411
1425
4114
3806
6899
4678
393
4809
2918
3207
1774
7227
4502
5208
4727
5954
7640
5450
1664
2803
3346
4812
3851
