0
0
0
11
0
1
0
1
10
3
3
3
1
0
0
0
0
2
0
0
0
0
2
3
0
0
0
1
0
0
0
4
0
0
0
0
0
0
0
0
0
0
0
0
0
0
0
0
0
0
0
0
0
0
2
0
0
0
0
0
0
0
0
0
0
0
0
0
0
1
0
0
0
0
0
0
0
1
0
0
2
0
0
0
0
0
0
0
0
0
2
0
6
0
0
0
6
2
0
0
0
0
0
0
18
1
0
7
3
2
0
0
0
0
0
2
0
0
2
4
1
1
2
0
0
1
2
1
0
2
1
0
1
1
2
0
2
1
2
0
0
0
0
0
1
1
0
1
4
0
0
0
2
0
5
1
0
0
0
0
1
1
3
0
0
0
0
2
0
0
0
0
0
0
0
0
1
1
0
0
1
0
0
0
0
1
0
0
0
7
0
9
0
0
0
0
0
1
0
0
0
0
0
0
10
9
7
10
8
4
27
4
3
11
0
6
1
20
6
1
0
10
1
1
0
4
1
0
0
1
0
5
0
0
0
0
0
0
0
0
0
0
0
0
0
0
0
0
0
0
0
0
0
10
0
0
7301
90
5302
4197
3947
369
4233
6060
5982
7798
6553
5661
6227
3290
6520
7405
6645
2513
2208
35
7613
592
4712
6258
7049
3322
1919
2902
2773
783
7210
6996
6818
2402
4214
7413
2374
1661
6020
5100
3911
5350
1965
425
1595
8122
4280
7012
390
6224
1187
1631
4689
7940
7223
5507
4852
3358
5024
6002
7505
332
4525
4509
170
4004
4319
320
7739
915
6724
3305
7011
3185
6827
400
6077
458
6254
2012
17
7756
5101
7381
4109
960
3240
960
1581
369
7679
7798
2904
3595
1960
1595
7723
1988
3513
3051
6776
2161
5225
3346
6824
4708
8148
6712
7163
7501
810
5695
3538
3730
3446
4965
4978
2309
1444
414
6041
4361
2410
390
6978
2824
7058
7496
2034
3449
7156
3712
7527
4385
7622
2496
4932
968
2156
6960
6257
5604
5785
3136
1404
5314
2145
2778
1458
6119
988
392
7420
4667
7978
7183
1523
2041
5182
5079
5594
4442
4628
5739
4700
5886
3876
899
5272
1823
7232
296
5037
6673
1219
6408
6924
5772
2878
1934
2778
256
5679
6083
6098
2145
366
3537
5091
1244
8094
880
764
2136
4216
4080
2850
1979
3682
450
3682
6057
1239
2342
8186
2662
4021
7018
7292
1619
1981
1881
5957
3165
8060
4958
725
3363
7973
3272
1881
3634
3993
1237
960
2465
2513
3305
1965
4835
2252
5048
3037
7570
7582
1442
2139
6370
7353
7006
1465
1273
3063
5
6526
1881
4618
7057
5588
7483
5972
3783
2273
7801
7367
2257
3290
5428
4926
1479
4482
6249
2558
5701
169
4475
7901
4338
285
2525
1276
3329
7197
3594
652
6927
3830
4654
534
6793
7111
3842
1266
7756
1180
2824
6642
7162
8143
778
1523
3443
7851
1129
5492
2576
7871
6227
7491
1131
3192
5343
7226
6642
6636
7895
1259
2499
5945
3894
3363
2605
3317
4613
458
8111
7163
7071
7738
17
1595
6307
2441
1928
2137
423
684
7178
1748
5322
4374
2663
704
1523
202
2612
1881
3721
3112
7890
5540
2860
1012
6091
3620
3634
1465
5452
7353
1003
1797
3441
5214
2907
4708
7236
3224
7798
1864
3654
3667
5419
1279
7924
2708
7424
1124
4094
2553
799
4568
7177
3726
680
3886
5191
3011
6632
7411
6164
2225
3538
6276
7018
390
3433
1395
1224
4644
4217
3571
6847
4881
1965
6041
7798
54
1394
6181
5967
7297
5450
6105
6257
7610
5566
3066
7500
680
7198
1823
5735
2124
3808
7529
6497
8143
5248
4809
907
4575
1497
5172
3120
7692
1520
4007
2771
272
1688
1079
4810
308
702
2076
1193
6873
7666
3958
6254
985
7131
3176
2535
2019
1525
3063
440
5514
575
5129
960
7451
2111
2968
3077
2558
5970
6724
7582
1595
3265
2258
6474
8137
3785
1186
949
2273
4152
2336
5302
6598
6224
6769
8126
6175
7227
8046
3693
3959
933
2002
418
3741
1774
6112
4038
7049
4644
1075
4735
2299
6924
3711
6170
6301
80
1124
2878
7756
5354
3072
510
7353
3272
4584
2675
2904
118
6414
4609
4239
5798
5066
3732
6417
3207
1787
778
369
591
3207
8188
7157
69
6732
5139
5588
6232
5104
858
810
3585
3711
4791
3977
7664
5736
7666
2263
2341
6486
2465
5412
6384
5129
7872
3544
4425
7011
2907
2941
6799
960
5777
7140
7963
1780
4496
7838
6323
6099
3544
5309
2019
5000
1385
1705
444
8156
2532
4791
5328
6401
14
7258
7011
8143
3004
3043
5413
1048
1023
96
960
4372
7343
3808
6181
2064
8089
7166
2434
1744
7963
3900
7057
3897
257
5590
7525
5000
5261
2448
1852
212
4525
5798
418
5185
2464
5220
752
6907
5285
5272
5710
1463
8136
3543
3657
5188
120
6296
7776
6132
3977
3860
847
5099
4021
8009
1762
5463
7855
2981
6332
5507
6066
7872
960
7419
5079
1774
1672
7798
3263
7230
6705
1429
3212
3886
5144
4863
4993
1467
283
7169
2820
2808
1181
1083
6978
4696
6399
2502
7444
6999
7405
4361
1748
7187
3732
764
6227
3741
4341
5542
7319
3220
5664
945
7006
1565
5608
4295
2454
5099
35
5363
525
1064
1770
2485
5655
1578
483
6369
2225
7784
4340
2459
5986
1105
740
5063
3220
4317
5695
7230
1029
7190
3541
7157
8093
6960
6170
5927
459
7482
4340
4716
1849
2559
1336
680
2529
3886
2076
5382
331
4233
1550
5477
3126
1748
4319
5489
211
2951
48
5279
916
5731
2059
585
1187
4693
2793
8141
1329
2796
1595
1105
200
365
7577
458
2553
3594
602
7781
2031
4237
3888
88
5692
4214
6306
4644
1441
4339
4718
4175
5350
5403
3475
5385
8075
4872
7456
672
8030
5010
1769
1488
4372
7975
5765
5395
1180
2820
6589
396
1105
4319
631
514
1276
6271
2114
3153
4949
1989
2916
932
263
5322
4594
2080
2610
7596
7229
959
4329
6552
1164
1320
2736
1698
4265
1248
5117
496
6181
7901
6227
4202
7679
1821
354
1787
5682
4852
7596
202
469
7739
6776
3588
8083
6708
2907
411
1414
5403
7491
6796
6395
460
3695
2325
7419
3004
2318
2380
249
1217
3433
740
7148
1029
2459
4698
7823
2558
5886
4594
5730
5785
3196
2402
486
7543
5890
1476
5514
5332
3391
4835
7790
2031
1105
4851
8025
2851
3481
7223
1787
6150
5567
2489
3651
4022
6791
7380
7740
740
5077
6973
5664
8048
2130
7505
1279
3588
7384
369
297
7691
5682
6271
600
5352
1733
142
2676
6417
5024
1803
5623
575
4934
1520
6495
2136
2465
138
8160
1769
6227
3225
5553
4521
933
3449
4442
1576
6743
5997
2080
1941
393
8086
2361
744
261
5779
1774
783
6552
5536
6945
7234
4329
2415
3821
8086
1209
2309
5285
7029
5185
4753
3477
683
2002
5403
7582
4214
3223
1615
740
4644
907
600
2002
5020
7980
4207
4293
4718
5024
2764
5214
3599
39
951
6833
5751
2130
785
5290
702
2441
1029
797
3916
4139
2062
7823
2684
3557
6635
7234
4340
6104
4340
6997
3740
4074
5447
8025
5579
2080
4256
1919
575
2405
5619
1544
2441
5115
