0
0
0
9
0
0
0
2
9
1
1
4
0
0
0
0
0
1
0
0
0
0
0
5
0
0
0
1
0
0
0
3
0
0
0
0
0
0
0
0
0
0
0
0
0
0
0
0
0
0
0
0
0
0
3
0
1
0
0
0
0
0
0
0
1
0
0
0
0
1
0
0
0
0
0
0
0
1
0
0
0
0
1
1
0
0
0
0
0
0
0
1
10
0
0
1
5
0
0
0
0
0
0
0
20
1
0
7
5
5
0
0
0
0
0
0
0
0
0
5
0
0
4
0
0
2
2
0
0
1
1
0
2
1
1
0
0
0
2
0
0
0
0
0
0
0
0
0
2
0
0
0
1
0
3
0
0
1
0
0
0
0
2
0
0
0
0
0
0
0
0
0
0
0
0
0
0
1
0
0
0
0
0
0
0
0
0
0
0
4
0
4
0
0
0
0
0
0
0
0
0
0
0
0
9
2
5
6
1
2
24
1
4
4
1
5
0
20
2
0
0
10
0
0
2
2
0
0
0
1
0
3
0
0
0
0
0
0
0
0
0
0
0
0
0
0
0
0
0
0
0
0
0
10
0
0
7570
1319
3682
508
7013
1262
7364
552
1961
7781
1029
5143
7148
6552
8023
5430
7051
1988
3728
2541
6384
1672
5470
5801
7716
7013
121
7615
591
4934
4202
2309
5798
7816
6135
6937
592
3022
4810
5503
3136
3229
7755
1023
1478
96
1075
5185
5173
6827
4255
5149
2533
5013
4934
4377
3732
6011
3290
7229
1129
1589
3225
7940
2610
3682
2031
3594
2896
1160
2441
3363
1494
7415
3806
4190
3797
698
425
6447
3483
3350
2359
2119
48
4788
4881
4703
959
2671
5129
1672
2464
297
949
7596
3389
4441
1497
3363
276
1464
4116
7
5079
4390
7093
3612
4788
2327
1029
683
6656
744
7613
5168
1032
3186
951
90
6660
1105
3959
8025
2080
649
744
47
5185
7011
7051
979
7577
5664
5964
6571
4214
5176
5275
7866
2606
651
6953
7415
5576
7236
5248
6674
3225
80
2679
4007
5419
5531
6294
5858
410
3821
3391
702
5220
7419
3600
6553
4914
4835
7229
631
2411
4737
3096
7652
3258
6614
4911
7591
6002
765
4858
5063
3389
1607
5805
5661
5945
978
6770
1839
4474
4643
1430
1281
5579
1593
1836
1395
3682
3504
6761
4239
35
568
3322
5737
2787
7675
706
457
3056
5200
7662
3068
4069
2981
7524
1744
5143
3223
4718
96
3443
1600
6583
810
1087
6661
7258
5896
2907
795
2285
6818
3245
2136
7868
2513
7330
4390
226
7229
332
2395
4060
7021
5452
664
1654
7517
6820
1048
4170
6437
297
8106
1103
7028
1579
5608
7913
5470
1776
5746
538
3755
5531
411
1395
4796
4236
450
7094
7723
4089
7567
5829
306
5695
496
6598
884
432
3469
3358
3153
1544
7940
3068
6635
3610
2059
2676
1664
2773
3057
2199
1986
5138
3166
6737
1129
5332
4812
3572
6222
5701
5834
1881
3508
1942
209
8156
7523
3541
4312
6124
1535
7119
5726
1748
7986
2679
2907
7236
5013
5013
6224
350
4525
5957
7963
1823
1600
7178
4809
851
5591
7884
5708
6478
6321
838
2395
910
440
5507
138
6784
1040
3186
4722
6826
2408
2679
2558
2686
672
393
6301
6125
2615
3692
6636
7444
6289
8030
1659
6433
7140
2851
4484
5834
4199
1635
55
1617
2895
4894
1464
5010
2022
2137
8021
1155
1581
2496
4372
4228
3289
3634
985
6681
1905
1237
6789
4317
4817
6873
5604
5497
6634
7533
643
643
602
4379
1242
1112
150
3335
4708
4873
715
1020
2119
2271
272
2657
6203
4863
4863
6105
4817
3123
717
4594
1427
6214
1276
7420
5972
2184
3238
2565
7874
4876
3148
6272
7141
602
4562
3022
6677
4950
4812
7279
2164
7451
1565
5576
3570
3446
7718
724
2253
2030
250
7484
6480
5452
6636
2976
2686
3989
3076
2535
4238
5229
6638
7509
7140
1356
5056
4182
538
2137
1775
121
7871
3240
1565
7887
3134
2824
4199
6234
129
2139
7799
7440
3991
5785
4270
3176
2949
5129
7420
4375
6709
2483
7232
8139
3538
5037
4095
5464
7844
778
4374
3660
3237
1155
7389
7910
3238
552
7378
4866
3102
1011
2064
4283
6151
7364
4253
1330
333
2574
491
6105
6844
7232
886
7895
643
6963
7021
5724
3229
4521
4326
5129
7188
5185
6645
7049
1458
7323
4487
2460
2984
3977
1896
887
6915
7333
3730
7006
810
6467
4498
6960
4515
2793
3272
6619
4397
6732
4359
2110
4317
5290
4207
35
2214
707
1606
7967
4872
8009
3966
3790
1252
2175
2299
3278
6547
5591
4896
3656
2019
3045
1659
2309
496
6526
111
6201
3730
2793
1330
6229
618
6058
3320
4812
1103
6408
7501
6188
3784
4810
2139
3792
889
3289
6107
6851
2778
7822
2540
2215
5454
2878
7367
4004
3360
3171
2727
7623
3966
3557
6614
2076
2824
1769
3732
4175
5998
6271
5066
1824
2448
209
4979
5608
1296
2184
333
5464
5070
2584
1442
6463
3711
3329
652
229
3730
3449
2067
1659
5737
2649
7895
101
350
6954
3071
5579
1821
7230
3274
1620
1631
5737
6976
8093
6427
8
4165
4047
3289
7353
8065
6378
5909
3010
3580
7071
1881
2889
7167
5330
422
1978
7586
7270
1397
2773
2016
4670
5031
5113
2422
1029
607
7490
1180
277
7525
2059
4722
7645
6077
6882
8012
54
6667
6073
309
7500
590
4199
6661
1999
2000
5765
3221
7623
4644
5272
4809
4707
2522
778
960
7011
6677
8137
7963
1881
2530
7411
680
6317
2024
934
5578
7411
1796
1110
2746
3184
1193
3503
3701
6370
3247
425
4680
2076
1576
6677
2958
2796
255
3096
897
254
591
5013
6227
997
5604
904
6632
6926
1013
1746
6323
6257
7490
6825
6252
1678
2559
4990
3543
1037
8046
4004
46
960
5579
5412
46
215
7223
2771
2773
7753
2894
6227
4880
7431
7444
6963
7500
6580
3289
5844
6616
7490
6066
5820
4791
626
5240
3240
4789
2339
5537
5283
7639
3291
138
6481
568
2441
3551
3607
6245
4202
1234
811
7582
5778
7165
8171
3063
7610
2439
4372
2499
985
348
7872
2256
2439
5005
6227
4578
3577
6895
6735
2803
4880
170
3433
1343
2907
3121
4892
897
4689
6041
6980
6590
3585
1160
6371
3159
176
1029
1997
1279
138
5874
3322
6509
243
4340
2464
3475
7304
7902
2192
3225
4216
3153
4796
1576
5779
1062
390
960
1774
5079
3439
1675
756
1048
6552
3600
7575
2662
3600
5272
3901
6380
705
4291
3741
575
7230
7570
7570
4291
2421
1090
4609
7583
169
7823
5282
2657
6469
6796
2285
4155
2836
1743
6510
6522
6358
2442
845
698
1621
7980
684
5891
2405
1238
4293
96
7872
6796
6053
2489
5536
1929
4694
7049
2051
7332
6245
592
227
5798
2464
698
1520
1969
3123
5322
5706
2892
568
4609
7613
649
2354
5547
4114
897
2465
2080
6587
1238
4419
4716
4478
4609
6020
651
1948
2896
202
592
212
4735
3851
8138
6135
6258
6203
7570
559
2922
2907
6089
3741
5129
6553
7872
3741
7160
7279
5623
5290
3454
4239
3291
5185
4950
1965
1857
4326
202
4202
7890
1581
6552
