0
0
0
10
0
0
0
1
5
2
2
6
0
0
0
0
1
6
0
0
0
0
2
1
0
0
1
0
0
0
0
5
0
0
0
0
0
0
0
0
0
0
0
0
0
0
0
0
0
0
0
0
0
0
2
1
1
1
0
0
0
0
0
0
0
0
0
1
0
2
0
0
0
2
0
0
0
0
0
3
0
0
0
0
0
0
0
0
0
1
1
0
5
0
0
1
5
0
0
0
0
0
0
0
22
3
0
6
4
6
0
0
0
0
0
5
2
0
1
0
0
1
3
1
0
2
2
0
2
0
1
0
2
0
4
0
0
0
2
0
0
0
0
0
1
0
0
0
3
3
1
0
0
1
0
2
0
0
1
0
0
0
2
1
3
1
0
0
0
0
1
0
0
0
0
0
0
1
0
0
0
0
1
0
1
0
0
1
0
9
0
7
0
1
0
0
0
0
0
0
0
0
0
0
8
6
7
10
5
6
32
4
2
10
2
5
1
26
3
0
2
11
0
1
0
3
0
0
0
1
0
1
0
0
0
0
0
0
0
0
0
0
0
0
0
0
0
0
0
0
0
0
0
10
0
0
1944
3265
7788
4700
7913
7841
5155
2002
1733
947
4793
7796
2938
2995
2465
4214
4372
592
7143
5272
6417
7582
4293
3790
1029
2464
932
7301
5706
6150
1048
5185
7258
8167
7011
1245
5264
298
1716
6558
504
2255
5574
7198
6720
3862
4634
229
4590
7173
7024
3682
4809
7492
6552
423
568
4796
6955
6264
6468
6795
7806
4578
7011
2629
7823
7577
1733
3795
6053
1786
5077
1209
1774
3263
5024
1029
2868
1164
7816
1029
3526
7490
6417
5010
3389
255
2405
1534
557
4928
2904
3056
1890
6827
7485
4521
304
5288
4390
87
4698
5576
1046
2441
8138
575
2464
7613
3290
4202
4383
1821
5193
355
4273
1279
3888
4735
5113
5514
1607
5540
1978
6089
143
1929
7424
5840
3666
1409
323
411
7229
208
7041
1238
2624
1672
6761
1664
8025
2629
215
5024
2999
2219
704
7887
600
283
556
4175
7798
5057
3615
3304
14
3364
5733
7765
4413
2464
393
5171
1965
6303
7989
7092
5985
2513
5594
5129
6393
3959
921
841
1046
2663
6520
2339
4718
6545
7783
1280
297
411
7986
5933
1971
262
2155
3492
3575
2343
3153
249
4504
4413
1675
5160
3490
368
1238
1075
4150
5840
4498
3816
6480
7180
2629
2835
1650
6598
2824
1589
4236
5724
6770
165
6820
1193
2418
2421
886
1760
5801
5892
4474
3457
4805
1965
4217
714
6828
7956
7591
2591
744
5057
5385
7911
5529
7356
7364
1073
7650
3433
1046
3819
5520
5354
6756
7494
2916
1395
2130
4187
3742
340
3660
2114
6396
4735
6082
2922
2127
4888
5279
439
3279
820
229
4017
3621
2409
6378
395
3669
1931
7477
458
5200
2743
2464
4735
536
4242
7207
5402
4542
4812
1769
212
1488
4950
1217
6820
919
5075
2701
858
5454
2669
5529
7497
7823
6601
2250
1145
331
4602
3452
132
6105
7232
6227
390
1760
5904
5993
4389
4413
6436
22
7043
7013
4448
1279
4934
2721
2165
3791
4639
535
4316
7299
919
2410
3351
2547
1275
1464
5821
6048
6378
3069
1335
3353
7798
6588
2662
7313
737
3680
7425
6301
3718
5426
4660
2178
1644
2253
1892
7067
6753
4181
4091
2157
3600
7575
4322
1493
999
5092
6154
2304
551
7726
2976
6951
2260
3134
390
6913
2113
6850
5274
5037
7841
27
7834
2269
1335
1435
7396
2449
4323
2120
2246
698
7250
4779
4872
1037
7
5385
4719
7828
5679
331
5019
1931
2661
2279
4290
7847
7438
3183
3897
7296
2732
1411
7805
697
4791
6292
6387
2868
501
6509
7818
7084
967
5427
1830
5738
4355
7880
6321
2597
5224
4150
5019
4020
48
1003
344
906
122
3976
5863
386
3192
7086
5217
6448
6532
7420
1239
7898
4092
729
611
1003
7827
1677
2358
8072
7081
2298
2593
2214
6820
1158
7882
6436
5430
5999
6105
4232
789
7109
4894
5555
5782
3886
2279
6265
3027
957
789
6292
6567
2238
1561
686
5920
5982
5304
6527
5522
7159
1929
7755
7153
6233
4153
2464
783
6041
4810
1110
3329
1356
6448
8035
1229
1582
7313
1259
6091
5217
2553
540
5834
3488
6619
6913
6691
8159
853
3572
3732
7037
4390
8159
8011
3304
3475
6483
4312
7887
2284
6925
7146
796
2507
3066
5109
6073
72
4437
3527
2591
7353
2424
6523
7879
7242
5288
504
84
4791
119
6456
6038
765
5150
588
212
5708
6263
276
2467
6615
5070
4379
4197
1442
500
5037
8186
7687
3658
17
2824
3198
5930
8067
3595
5250
7229
2411
3207
4139
2478
217
7031
4017
1532
5208
4042
3810
4619
3154
5514
1124
7516
1973
6785
799
7063
5135
6532
2511
4104
7404
8129
5330
4395
1550
390
5024
979
2629
2533
704
5896
5292
2271
4735
4065
2830
1241
978
4229
7596
1601
7155
7086
5952
4780
7533
5395
5052
6948
5566
1201
2498
4809
273
1882
6973
7570
450
1948
3220
1774
6450
460
4053
4718
7615
6384
2972
7182
7755
297
8011
3186
4077
973
7857
6753
949
3859
5000
7021
8134
819
7197
4628
1224
7570
2491
1050
5403
1395
5507
1447
5627
4796
1942
6902
1593
7673
5605
6152
2783
1023
5173
4532
7717
6636
6818
7810
6106
1728
1047
5056
2895
3129
4164
6828
7570
7872
2606
4292
7415
5531
2922
3684
4643
4858
7389
6761
6902
4569
7210
1617
7816
250
331
6937
4628
7527
4716
4354
5433
2448
118
1078
7163
3455
7570
5272
1576
4763
4217
7463
1271
7282
5115
5010
6612
1017
7915
6660
7795
1593
3224
1733
3392
2164
4217
3783
8064
2922
4392
5376
1030
7806
7666
6195
7415
421
2684
1917
1476
1319
2916
491
4766
7639
1515
5250
402
4339
5560
7437
3402
3415
4590
2418
3895
5456
5112
591
7415
2753
5402
6820
5248
6452
5756
7453
6035
7451
5778
7928
6023
8105
4708
4835
5821
7140
1180
2612
271
1485
174
4729
6176
123
4634
7893
6632
4568
7188
3196
4881
3263
3995
6124
6202
1312
3538
3775
845
1774
4365
1048
7722
4571
2442
7545
5679
7232
1525
4509
6393
7901
3726
7689
5209
4263
958
2825
5975
7380
845
6089
4708
6660
7230
7269
684
932
3980
5739
3481
46
4795
6435
2713
877
650
6147
138
4680
5022
4498
1794
6799
3600
6417
7901
6195
4354
6193
3939
4209
6475
3682
7258
2764
8030
3455
753
1395
2459
2165
5998
6141
4442
2710
3007
7617
6047
3559
8075
5756
2061
2232
2266
320
4004
2080
8025
3260
7615
6414
2223
6753
4935
2051
5731
1821
3439
6833
4291
5332
5896
6262
527
8011
825
3245
39
4561
852
1200
5805
7012
1024
7408
727
4340
5997
7405
3741
8167
8155
7980
1621
7940
3058
3980
4846
7178
4920
783
390
1971
2522
5023
2577
1450
5805
5747
7873
7442
3710
4352
3487
2628
5224
2560
47
2907
4315
4074
4251
1422
1430
3202
2414
7844
7739
3676
1040
3832
7453
4835
3647
2112
4700
3433
7767
260
6245
6635
4701
3701
6415
7997
3668
17
7258
4590
1590
2076
682
906
5553
2110
8047
1492
2313
5402
1765
