0
0
0
9
0
0
0
1
10
3
1
1
1
1
0
1
0
2
0
0
0
0
1
3
0
0
1
1
0
0
0
1
0
0
0
0
0
0
0
0
0
0
0
0
0
0
0
0
0
0
0
0
0
0
2
0
0
1
0
0
0
0
0
0
0
0
0
0
0
0
0
0
0
0
0
0
0
2
0
0
0
0
0
0
0
0
0
0
0
0
0
0
9
0
0
0
8
1
0
0
0
0
0
0
19
1
0
11
4
4
0
0
0
0
0
0
2
0
2
4
3
2
2
1
0
0
1
0
0
2
0
0
2
1
2
0
0
0
1
1
0
1
1
0
1
0
1
0
1
1
0
0
0
0
0
1
0
0
0
0
0
0
1
1
0
0
0
1
1
0
1
0
0
0
0
0
0
0
0
0
0
0
0
0
0
0
0
1
0
4
0
9
0
0
0
0
0
0
0
0
0
0
0
0
9
5
8
3
0
1
25
4
3
3
4
1
3
12
2
1
0
13
0
0
0
2
0
0
0
1
0
0
0
0
0
0
0
0
0
0
0
0
0
0
0
0
0
0
0
0
0
0
0
10
0
0
411
7871
8155
5258
6076
2491
7034
4453
6945
7011
7910
6417
8078
5176
5997
7675
2229
4809
1029
7887
2713
3468
4082
6895
390
7063
3814
1017
8187
2825
5520
6761
5220
508
6456
4089
390
2175
1988
4952
7418
4851
6124
6667
4475
2271
5507
7872
6937
2977
4940
36
2629
4809
6635
1527
6776
2558
1579
3232
3232
5997
4236
5099
7613
2663
7784
5332
6233
2796
1550
2464
8187
6411
7491
5596
5514
2856
1822
951
5476
631
3892
7029
7670
4710
4569
3240
2343
5778
7419
3220
2784
6583
1103
7408
531
4735
2411
1513
2159
7300
3225
6552
5772
5048
5343
538
6784
1466
5422
6583
297
5033
340
3166
4338
1554
7918
4569
2676
5129
4120
6089
7431
1546
3480
3740
3930
5604
1275
7697
270
7638
2892
2748
7013
2483
6686
5893
4742
6571
1424
8023
5748
5324
7872
6677
3414
7524
6595
3615
7013
7806
2066
7582
5896
1631
7134
1789
2420
6129
1637
8091
2667
6705
3363
7103
3529
7156
4771
2404
3475
5997
6820
5255
6824
2791
4644
4007
7582
737
4784
2271
2679
5326
721
5272
7945
4670
3260
3480
5452
4496
2949
3184
5363
3910
5450
2260
4148
8053
6366
3443
4585
1565
2256
5762
7823
4147
5112
5185
7997
3443
8151
3835
255
3326
8025
3188
4216
3145
592
6954
7524
6937
4293
3072
6125
3921
464
643
479
6233
7823
7722
137
4704
3672
5162
4533
421
2227
7061
4069
7467
1964
4372
6053
418
4628
8188
7901
7872
7982
3847
7015
4238
6417
1360
6798
5566
3149
1079
995
5048
727
5629
4242
3510
383
4654
1579
3657
7286
3701
320
7845
1820
1344
2796
3067
1573
830
4644
522
2015
4291
997
3227
3006
1079
2778
838
6134
4265
6605
4217
7153
1776
575
4150
738
1227
2706
7006
6044
437
777
2372
6473
8160
1548
5725
3381
859
3085
4851
3732
7395
8004
8082
2743
5957
5267
1013
1801
3232
4718
6891
550
4367
7041
1836
2613
3060
2165
4467
2893
2560
5402
5273
7299
7962
5282
6626
1589
2354
3224
2470
7931
7906
1561
3329
365
31
5182
2231
7045
945
6073
1353
5566
3990
5811
2427
5292
1440
2505
5682
4192
4011
1281
7545
778
2934
3223
4708
5892
1634
5166
5979
439
5863
3870
1193
6892
6941
2024
3989
6911
6547
7805
3646
1282
6426
549
2532
6736
4861
2252
6991
4562
5715
5118
2089
1049
2896
7167
6321
503
1049
3238
3870
830
461
3287
4832
6732
681
8166
3886
3332
7639
7192
296
1657
247
7355
560
4874
2172
5484
6369
4340
6259
96
3158
5682
6746
7844
2997
2612
1165
782
5250
1753
7577
3068
3136
1305
1943
836
1318
8117
2820
698
1949
7400
3721
4080
3289
7525
373
7545
1241
215
1620
1941
3061
7887
1155
1940
5207
1881
6843
6195
285
3711
458
4924
3610
6635
4216
5837
107
5479
799
7696
4442
1282
7906
6129
7232
8171
7497
5112
947
6307
6753
6679
1680
785
2654
4155
2997
7166
5786
698
3275
6162
2939
8170
1151
6820
8173
7413
2030
2024
3191
1881
7438
1411
150
4928
3704
5005
6583
6437
386
7997
750
6548
6002
6811
2611
4262
2960
5104
2507
3808
6378
1183
3784
3043
3965
5070
2014
2439
2474
98
2135
3474
1360
8072
3627
1827
4078
8
444
6569
36
7559
1615
2182
6215
5387
2951
656
1552
5614
7006
5074
1038
3389
7533
8049
7318
3043
1239
5722
8035
2077
2586
2904
3838
5489
1356
1395
8057
504
3816
2737
3541
5428
2441
96
121
3865
7103
6044
6731
5054
8093
7166
1789
7109
271
7841
2978
2277
4654
3449
3230
3486
1926
5824
7616
1892
7319
1193
6639
2511
6796
3416
682
1600
6997
783
3220
2346
8033
7394
2928
5952
3144
4692
6044
6960
4238
1411
4118
6948
6315
6884
2793
5465
4191
7817
7874
5446
1801
7810
4565
5307
3838
6818
5013
3260
2061
2868
3022
7294
7514
4855
1532
2423
4509
7525
6598
680
6482
6614
7140
3482
7140
1356
458
2878
2984
4166
4392
5047
5872
7146
6639
5284
1944
1716
4225
7866
6258
7989
811
4361
4937
1309
4022
6761
5464
6019
6847
7456
3136
1330
3557
6897
6614
2273
7177
5498
7018
3686
7932
6301
6242
6224
5702
2483
7416
4732
5629
5844
1527
3876
2922
4689
6041
2513
2186
1892
6426
709
3704
5238
656
3765
1193
5678
1654
6843
8090
1917
5507
507
4992
142
6077
6129
3578
4618
4796
4881
2850
2192
5048
7861
541
2219
1209
7982
6015
3762
6687
5240
5455
7718
4903
3401
5714
354
2113
5538
7157
783
4830
4698
7872
6746
8033
3331
845
702
7435
6973
3600
3816
932
5682
4618
3058
1281
6135
248
508
7187
396
129
2535
7109
7408
6371
7901
1468
5952
2777
6041
2907
8127
3816
4237
6289
3051
2558
3600
7615
4609
3208
1774
2270
7463
2244
591
1103
6552
5715
568
4338
2418
568
5029
7052
4788
6227
4809
1576
6677
1863
1550
2684
3106
525
999
1944
5853
4361
825
1550
83
4399
1579
4867
477
3732
491
2773
7484
4442
6393
4237
5650
5647
4175
7545
5608
432
1550
3326
907
1948
8025
6737
6038
7971
2796
3207
6422
4482
607
2465
2736
7756
7411
1320
4146
6035
698
2901
1787
7028
5314
3153
3793
6193
6864
5272
6000
2635
2540
1620
2405
896
5279
297
560
1672
7582
2405
138
1434
6571
3625
3228
80
5338
460
6013
2657
1029
2339
4643
2916
6041
6679
1472
4294
1241
254
6824
5272
5920
2916
684
5945
2411
390
7453
365
6580
6323
466
4345
7910
5171
1620
1155
4609
3682
1050
6587
8160
2232
4689
2922
4618
3835
5343
6864
465
2631
5129
4710
6626
3959
2136
2736
7872
764
5351
6547
74
2511
1049
1129
7015
6000
1466
5057
3816
4340
959
5447
4846
7516
1011
1464
6075
3851
7871
4644
2303
6677
7982
4270
3600
3729
7033
3847
5344
6677
5207
5972
6926
8065
4964
715
450
2166
538
4605
3835
1295
525
968
5899
3329
5359
6411
6041
5470
114
3481
7596
5507
