0
0
0
10
0
1
0
2
10
0
1
4
0
0
0
1
0
2
0
0
0
0
2
1
0
0
0
2
0
0
1
5
0
0
0
0
0
0
0
0
0
0
0
0
0
0
0
0
0
0
0
0
0
1
4
1
0
2
0
0
0
0
0
0
0
0
1
0
0
1
0
0
0
0
0
0
0
1
0
1
0
0
2
0
0
0
0
0
0
0
1
0
7
0
0
0
7
1
0
0
0
0
0
0
14
1
0
7
4
3
0
0
0
0
0
1
0
0
0
2
4
0
4
2
0
1
4
0
0
2
1
0
4
0
5
2
0
2
5
0
0
2
0
0
0
1
1
1
3
1
1
1
1
1
2
0
0
0
0
0
1
0
1
1
0
1
0
1
0
1
1
0
0
0
0
0
0
2
0
0
0
0
0
0
0
0
0
0
0
6
0
9
0
1
0
0
0
0
1
0
0
0
0
0
10
3
7
11
7
6
38
5
3
11
2
5
1
20
2
2
0
12
1
2
1
3
1
1
0
1
0
3
0
0
0
0
0
0
0
0
0
0
0
0
0
0
0
0
0
0
0
0
0
10
0
0
414
7901
5831
3965
2285
1105
3541
7806
4878
1672
1523
1105
7823
682
7986
7934
1011
3082
6980
2066
3475
229
4935
7986
390
8143
5871
785
6954
4542
283
7484
2411
4835
5385
1944
4270
3326
3676
491
6587
2676
3631
1017
7584
6954
1780
2565
3329
3277
7347
4379
4932
4207
4647
2325
5608
631
6677
3220
1621
3993
7575
2252
5112
4011
5810
3389
2741
8103
5339
1478
1926
1029
5579
215
7902
4867
5245
6077
7420
4863
3230
2949
5803
4735
7223
7453
5576
2441
390
2648
123
2441
692
5739
2285
4441
8046
3542
4207
1497
217
4853
4291
2354
1021
1620
1291
3973
2867
8091
540
1797
5217
1193
2981
4685
1739
4207
6456
2541
5013
7844
675
5319
3416
7615
3916
3401
411
1209
4291
4812
3711
1899
3910
5267
3682
2684
4094
803
8089
6649
4265
4079
6411
4680
6924
640
1494
5779
6481
1978
6417
2491
2915
7995
740
5874
6262
6266
6002
2661
7755
1011
5326
411
5679
727
3572
3851
5
1627
5623
2657
7002
2202
5972
3329
7333
4817
5330
260
6945
5374
4007
6031
5913
6724
1453
4618
6141
7110
4067
7143
966
4120
3082
4146
559
7816
4088
5797
2215
4248
6348
1019
5865
5765
1188
6572
74
101
7141
5935
5129
308
7882
83
8025
3240
6195
3260
6321
6660
2487
8060
6164
6306
7413
7665
4146
4202
3223
6640
666
2510
1551
2525
5452
7400
5454
5340
7577
2778
7057
6106
6496
6135
2121
5680
3494
2896
7301
783
4887
7230
559
2285
1024
4146
2325
3861
348
8143
2916
7905
6518
7577
3966
4937
7031
4992
586
972
7529
7394
7648
4035
799
4146
5997
7886
1849
6635
3660
671
6456
783
2907
7332
5945
4867
2732
4644
2499
441
1631
5422
6873
2992
4065
755
285
945
111
695
2643
4285
7103
5772
3494
4867
6615
4372
5850
6348
534
5482
7229
6508
8047
6553
3148
390
4152
6503
5930
442
7586
5452
2535
1934
3501
5422
833
4060
2777
3449
7806
6437
6105
2765
1696
6845
7048
1468
2896
4146
1823
538
4881
5309
6195
6258
6000
6002
5112
1872
4933
219
1266
2889
1527
5824
2855
4465
680
2217
2351
904
3468
4664
3634
4680
3240
1062
1057
5343
3625
7986
3586
6069
1075
6135
592
6587
7982
6060
215
724
120
1527
245
2629
6746
437
3126
2346
6873
1426
2650
7330
4819
6557
6614
8046
1067
5232
8011
5567
2149
5045
999
4065
2629
4353
1969
5469
3600
740
2676
6011
2431
2161
118
1184
2059
1247
4199
92
8093
1973
5608
172
2156
6937
3089
7431
5493
3229
1129
8160
1269
5143
8187
5173
1550
7823
3071
2182
7989
2066
2629
2140
6467
7292
2149
6520
3011
2933
3704
6129
5453
2649
8089
5863
7657
6449
3788
6639
7691
2378
2034
4809
5436
6533
1275
7777
2464
5314
6635
8048
4270
5120
6089
3943
792
2103
5695
7006
1262
4004
8119
524
2574
7483
7662
1079
3595
3378
3993
4649
7529
975
1525
3012
3562
2686
2265
1245
6031
2494
4194
2597
1534
2916
3004
7872
1834
942
6411
7394
3543
26
7545
5377
5945
2765
5026
7255
5302
6948
6242
718
540
4703
5737
2124
7567
7353
1462
3358
1075
6945
3862
1932
5248
568
135
7524
3082
702
3046
3076
1856
7418
2377
4609
5928
7297
3008
5618
296
758
4696
3730
5957
3178
5070
427
1047
7192
1282
3599
1105
6227
7582
4661
1441
2984
257
4035
4823
882
2008
2257
1309
7389
1534
5514
1620
2411
8163
7835
4165
2460
3183
7387
5160
1187
3126
7982
2431
3390
2395
7577
5997
2684
5135
7364
7400
7192
5
4791
1590
728
8147
4516
2968
7777
1767
1607
1595
8030
6915
8072
5093
8129
6284
4575
5268
2256
6104
1210
3730
3538
6264
2778
5595
6752
2778
2273
5340
1011
6495
5844
1330
3102
1744
910
160
7982
925
4651
2441
792
3136
2076
3413
3664
5865
7490
3585
7720
6348
3729
3965
3740
1800
199
884
1079
6998
1280
7984
3004
2984
6427
3792
1954
584
4599
5246
8073
7451
1550
2676
6565
167
3174
3592
2885
6667
2225
1037
5120
5746
142
2007
4958
2947
2086
4035
5454
803
695
6106
2360
6254
2175
6463
8129
7456
386
3045
1266
3682
5998
6389
3672
7523
6292
4877
7477
2421
2708
6095
3672
2485
1460
858
835
3171
6299
7645
259
270
6914
4062
4046
6318
7834
4119
458
4199
5573
4649
2328
5661
1447
5465
4515
4319
2446
6318
6657
3130
1209
556
6798
6547
6860
2677
3910
7420
5458
2366
4993
3672
8106
481
2273
995
6559
5255
2242
3192
298
5520
6549
3004
4375
626
5200
886
283
2947
1800
7017
5999
8009
500
3886
3390
6257
129
7986
5476
4618
4791
8111
1957
215
3363
4654
7533
7242
7456
2574
4123
6567
2232
3464
3851
8002
3808
3272
4301
5720
7756
477
819
4285
3001
934
6924
7041
5529
4568
1003
7277
2132
5225
6308
5085
6441
6497
5507
921
3413
6257
995
4789
4647
4651
778
3401
7240
7166
1846
7666
6639
7905
7956
5022
6911
7577
6705
7500
7138
568
3161
245
4637
5446
7477
3576
5440
2064
8093
7166
7006
2540
1591
3171
3481
6320
2152
5129
4139
7198
5464
4191
5448
2285
2622
6073
6257
552
4199
6146
985
3773
3260
799
640
5225
5844
6172
4993
5302
4896
1525
4355
5999
2952
6456
4175
3121
536
4448
5279
7063
887
8171
496
7451
6864
309
5039
3858
4678
4197
1396
3260
6082
2339
6411
3069
5785
6198
91
4488
3308
1552
7806
6393
7405
7986
2283
2076
1273
727
3551
2661
3240
261
7491
7497
4880
2650
7657
8060
3007
1647
787
4718
1060
959
3004
7940
4575
6796
5071
4064
440
45
5928
649
4291
3909
4672
4475
5997
6065
2657
7596
3454
2896
3071
3934
4689
2459
3098
260
3100
4523
2411
4609
7940
7887
682
7484
348
6384
5292
7344
7229
1774
5798
5024
4618
2061
4952
2676
3741
6245
2788
4291
2214
6258
4480
3153
6031
1893
5643
1155
4383
1931
1105
2496
7419
