0
0
0
9
0
0
0
2
8
1
1
5
0
0
0
0
0
0
0
0
0
0
1
4
0
0
0
1
0
0
1
5
0
0
0
0
0
0
1
0
0
0
0
0
0
0
0
0
0
0
0
0
0
0
2
0
2
1
0
0
0
0
0
0
2
0
0
0
0
1
0
0
0
0
0
0
0
2
1
1
1
0
1
1
0
0
0
0
0
0
2
1
9
0
0
1
10
1
0
0
0
0
0
0
21
2
0
8
7
4
0
0
0
0
0
0
1
0
1
4
0
0
6
0
0
0
3
0
2
0
0
1
2
1
0
0
1
0
4
1
0
0
1
0
0
0
0
0
1
0
0
0
0
0
1
0
0
0
0
0
0
0
0
0
0
0
0
0
0
2
0
0
0
0
0
0
0
0
0
0
0
0
0
0
0
0
0
0
0
7
0
6
0
0
0
0
0
0
0
0
0
0
0
0
10
3
6
7
3
8
30
3
5
4
2
5
0
25
2
0
0
11
0
0
1
2
0
0
0
1
0
0
0
0
0
0
0
0
0
0
0
0
0
0
0
0
0
0
0
0
0
0
0
10
0
0
6750
5687
2773
7670
5909
5428
825
7781
2645
297
4809
1075
5107
5798
514
6105
2999
3225
1038
3551
2182
289
1296
5070
5208
6002
6195
2896
2777
4729
1425
5798
6395
184
5503
5428
4825
7389
1949
7777
3077
8190
3835
2369
2496
3454
2860
8184
4010
6258
7940
4293
3487
3225
5933
4937
6053
2343
7451
4867
2127
3888
2676
7235
7445
1744
1664
6973
6031
491
332
6058
1023
5997
6031
1863
2325
5428
4647
4572
3482
2534
5762
4202
3220
4399
6393
4580
4867
486
6553
5166
2915
1787
7872
4735
2397
7257
2737
2130
3481
7011
7011
1023
4881
2410
6385
3828
6363
2470
764
4442
4965
5385
1602
5779
45
6366
643
6258
2325
4202
566
4074
1664
4568
2478
7497
7485
3329
1023
6735
5276
7520
7613
1395
4412
5248
2900
1229
377
5
1191
6195
5724
348
4419
4914
6271
2753
6884
2034
3747
1209
4207
4670
4667
2765
7613
5024
3730
6258
2835
3346
3259
7575
6761
4718
753
6245
2851
7923
3958
7429
4037
2050
7820
2498
3657
6494
851
2796
2303
6791
5272
6824
3071
6060
5730
4291
7816
1155
7490
3656
3220
3240
4165
2586
7673
6389
7490
6162
4867
5724
8117
6229
6562
4197
7929
4601
7018
7444
3537
8109
418
1550
3835
702
7405
2690
7755
3600
2271
255
7529
331
8187
4406
2896
4867
2397
8045
7006
3749
6233
4199
6495
2751
5139
2535
6414
4702
296
6370
6687
6352
1008
4939
5687
7777
5977
7788
7256
5778
4575
1425
7313
4880
4796
3572
1834
2377
2012
7111
5454
1913
2345
2089
1702
6266
6662
7805
5495
101
972
7364
6714
2197
116
2535
6077
1627
6980
6973
2766
7229
1075
390
4341
2166
2405
1083
6526
5070
7006
4872
7810
7720
1494
3459
3322
7615
4644
1360
7166
1724
4081
5101
560
2020
5099
6254
5604
3838
3726
4718
2119
3526
7872
5874
7582
4361
7371
5207
5957
1590
6948
4817
995
672
396
6105
2918
7790
5375
6664
2586
2934
5140
2553
1973
6562
787
2225
6264
2722
3401
2080
5928
102
7451
575
5024
921
4355
510
2030
7586
5056
1243
129
2184
5954
1662
7353
2793
7127
2202
2225
2762
4197
2238
6960
3701
4228
983
2889
3870
3790
2796
3220
4851
5547
4644
8046
5801
7525
7919
6467
6036
6717
6598
5071
764
7018
2793
4086
7390
3045
5573
7934
277
4104
7400
5902
2793
6580
4872
983
934
96
2907
1774
3386
2671
3449
1105
7190
6536
5843
809
2460
2878
5725
3271
7895
7934
3958
3198
6927
458
5454
6526
2901
1834
2815
7006
5454
1242
5282
5458
1651
7033
4600
2080
7722
1129
6735
3851
450
450
7071
3308
3343
3695
2889
7353
2612
6333
945
6667
6979
2064
2389
1548
6639
4498
8184
7445
296
3858
2178
2004
4717
796
1155
7246
3443
4604
4778
1035
3589
3004
7277
4197
939
5783
5324
3449
6868
5167
5623
6066
4672
6884
797
6709
1330
6843
3690
2677
2485
5672
3897
5952
5162
825
3682
8160
1598
4106
3290
7391
4319
5428
357
2535
4295
90
5314
283
3390
5444
7242
3538
5099
4712
3012
4238
4672
6860
7834
1688
4649
949
1026
3977
6408
5043
369
2496
5432
6035
5073
7887
6082
1776
4047
1330
985
825
6214
1037
4197
7666
7650
8156
3538
3438
5850
6836
2778
838
4692
7661
4866
3444
7490
1981
7801
809
2465
2325
3220
5871
208
7592
1105
4399
7277
8030
2835
3927
2027
1469
6640
524
3942
1036
4965
5498
1590
7984
8089
2574
2941
1007
1131
4791
6254
6547
7388
810
5811
3542
4522
2405
675
3572
255
3682
6307
7153
7405
7364
5099
2076
176
8
2066
7388
945
8089
3162
6105
3721
5007
6107
1180
6500
4280
4379
3698
1193
3078
4275
2225
5129
7582
4950
1672
5024
6438
2166
1944
1117
4084
6924
6940
3278
4712
7494
1944
2424
6257
1083
5465
6825
2793
4319
968
2064
6614
7857
8156
6614
1694
5465
425
7673
7901
7915
1281
1576
4835
4609
1158
3289
6712
3900
7330
6318
5109
2061
7901
7452
4191
7586
626
2304
215
514
3993
5915
5957
4487
1273
7312
6316
5244
764
3625
3207
156
450
123
919
121
1338
4933
184
4021
1282
3283
4933
3860
7776
1849
4509
386
7444
1943
5314
6667
7093
2064
1180
1470
6663
4568
3012
3325
1160
960
2309
7596
2907
1105
5964
619
1208
3526
6709
2984
552
7018
92
4530
1699
7640
4565
5064
7006
3401
238
1139
6850
5022
4509
1183
6999
6791
6082
2676
1664
2777
5077
5279
5945
2022
34
2182
2259
2368
3350
3701
2878
949
2777
6123
3614
6335
2878
5495
6195
861
5850
1688
6129
7776
7
7281
1934
215
8103
1279
4609
4475
4735
5412
2496
6271
8011
6821
684
2615
825
3154
3773
2232
1012
825
5469
7853
7140
4094
3066
1678
7071
6472
3544
3903
243
4939
3004
3433
1997
7699
591
3888
6041
3959
5997
1929
7235
4809
7784
3835
2684
3175
7187
7384
7459
783
7456
6195
3220
1235
4933
6667
7141
3289
3289
2366
6508
7229
2325
2907
1046
7389
7049
1550
2684
4735
7294
1057
297
382
4329
1775
932
1607
7092
9
6831
6973
7223
4867
8025
2389
664
7490
3223
3356
5702
3011
7405
5024
1238
3207
5185
1565
4214
6417
5874
575
8030
3348
4694
6571
1581
3077
7997
5248
1020
3656
592
1944
5048
5102
4845
5797
3646
7648
348
7905
7400
4718
96
2684
7915
7940
5066
4834
3253
5107
2441
2676
7188
6078
5915
6820
3686
6761
7625
5839
680
4089
1969
4237
2219
6417
538
3014
945
3004
6384
5537
2684
4224
4880
7143
3969
1075
8025
1965
5332
1824
2916
7615
5037
2791
1769
3386
2219
7230
4089
1331
4089
3071
3512
4232
4291
7592
1576
2856
4609
575
2464
5623
109
5739
6307
4255
5911
979
3071
7777
3391
4796
5536
3443
2676
4569
6827
5161
5167
7673
45
6395
2309
2896
7852
5024
5272
568
7229
2410
4361
2916
390
7294
7230
4291
7823
3732
3188
348
2648
7940
4038
680
4146
2558
