0
0
0
9
0
0
0
2
10
0
1
3
0
0
0
0
0
0
0
0
0
0
1
2
0
0
1
1
0
0
1
5
0
0
0
0
0
0
0
0
0
0
0
0
0
0
0
0
0
0
0
0
0
0
2
0
0
0
0
0
0
0
0
0
2
0
0
0
0
0
0
1
0
3
0
0
0
1
1
2
1
0
1
0
0
0
0
0
0
0
0
2
9
0
0
0
5
1
0
0
0
0
0
0
23
1
0
9
5
4
0
0
0
0
0
2
2
0
0
2
3
0
4
1
0
0
6
0
2
1
2
1
0
2
0
0
1
0
5
0
0
1
0
0
1
0
0
0
0
1
0
0
1
0
1
0
0
0
0
0
2
0
0
0
3
0
0
0
0
0
0
0
0
0
0
0
0
2
1
0
0
0
1
0
3
0
0
0
0
6
0
8
0
0
0
0
0
0
0
0
0
0
0
0
12
5
6
13
8
5
32
1
2
7
4
9
0
19
1
1
0
11
0
2
0
3
0
0
0
1
0
2
0
0
0
0
0
0
0
0
0
0
0
0
0
0
0
0
0
0
0
0
0
10
0
0
2483
5092
1289
2354
6245
2907
7229
1664
4319
6417
4323
5344
2557
5574
1784
3096
5290
4340
4482
6150
2464
255
7227
2080
5153
5382
4008
3741
5173
5171
7244
5650
1331
3721
2601
772
6937
3959
4735
3004
4202
6384
7940
5664
2167
8143
7940
5762
684
6820
5277
2995
6553
2684
3196
6002
679
6124
5527
8000
4634
2677
5672
1774
5650
255
4007
5874
6590
7986
4146
6761
5738
6932
4372
4293
5582
3585
7371
3186
2764
1103
1151
2679
3196
2916
450
4708
7546
740
7995
7056
4397
5279
3220
7872
6761
568
1425
4575
4475
6395
4297
5942
6831
3888
6967
283
6865
6272
2229
5896
2002
1035
4509
7188
6124
2405
3585
2764
7104
2130
4509
4139
6384
5779
6271
5314
1748
783
6011
4216
3166
3561
7727
1965
5596
6550
2777
643
550
1805
5514
5998
6509
3401
4880
1544
4099
7230
6320
1010
4009
6588
4647
3240
1049
1600
4359
2325
4950
3096
7764
6818
870
6892
5332
3355
3037
5020
7244
3106
6787
1049
4881
722
1784
7606
1559
7038
2791
7384
7913
7736
6422
1280
7506
2554
6895
7258
2325
3741
7823
7209
7229
6289
2973
4053
1046
947
722
7852
1453
1733
6417
6454
2137
8187
3823
3237
4317
6183
5273
7056
2119
534
3331
6384
2182
7592
5779
7451
6089
4475
852
6864
396
2766
5272
4796
7640
3096
4011
3263
2002
568
6677
4080
5163
1173
900
4082
7909
249
2357
2972
114
3813
2934
3625
2285
3134
3260
1595
1155
6384
5129
7940
3693
5434
5095
5140
726
1789
7408
2405
5242
6417
2377
7861
2506
6911
7021
4861
514
1160
8016
5340
1508
303
3690
4522
7615
4950
5242
7063
5248
7596
3220
2777
787
791
1129
6645
1071
4255
7777
4214
5427
5220
2676
2960
7192
476
7018
7306
658
1588
1492
7910
358
756
1672
3220
4522
6796
7570
1969
5687
7294
6271
6509
2124
4261
4340
5902
7615
5902
6007
8126
7400
7511
118
610
6689
4752
7146
4724
6323
4783
484
7398
7886
1688
5412
1019
4950
6258
3504
6150
5364
6053
5412
6818
1095
4424
7942
1600
6041
6503
2275
7097
2582
602
3819
6858
5351
6709
4688
3441
5446
5274
2734
6266
2855
4341
5290
2441
1309
6553
7665
4175
6760
597
3389
6553
4406
7442
1217
7143
7781
4406
101
1707
7742
886
5138
8062
3166
3329
6572
3291
3557
3363
1080
7603
8025
6417
7049
3625
1613
5514
2283
4139
4507
4769
3220
973
6262
4707
3326
6393
344
6575
3045
1790
1449
6091
98
3528
3753
8129
945
5091
49
5340
1356
5387
3418
8056
4479
5579
698
7294
5272
4399
5898
2748
848
1954
1075
5079
2513
284
8173
5005
5059
1228
3102
4672
6132
6272
283
7776
4194
1079
2641
5026
1045
2443
7242
1552
764
7615
4796
5650
4478
5332
3075
4869
3469
1057
1765
5705
2469
1827
427
944
5811
6614
8089
7445
7512
5005
7871
920
525
3959
1801
3664
3316
2840
7162
1330
5298
6677
8025
6553
3847
390
5643
5019
5209
4353
3974
5358
1458
1973
3050
326
7013
7814
6268
1635
3865
6232
1530
7964
5863
5007
2094
806
5863
6561
216
6562
2682
53
6384
4317
6252
1944
8143
2136
8143
1028
6526
939
7485
129
1193
1280
7006
5010
2612
80
1713
3664
6308
5940
4934
6497
7264
3237
5545
570
2064
7501
4059
2178
5013
7371
3166
3475
393
591
3682
702
2649
458
7006
4677
340
8155
2405
4992
715
6186
4282
2793
7593
5101
2982
7086
5346
6259
1036
770
4074
296
5246
4630
7227
3464
4504
2421
3934
684
1488
4094
2318
4199
3792
4967
2450
5324
7213
1637
3141
602
1569
5692
2444
1360
4935
2793
5117
1635
7005
1913
6547
5302
1352
3448
925
899
704
4310
568
7806
2896
3454
4895
150
3857
3728
7529
6066
566
1800
1662
1296
491
3503
5452
4432
384
6497
5039
427
3808
1489
2824
7394
4618
297
3835
4594
3038
7011
7520
3096
592
5999
4354
5070
2305
7661
3289
2973
2156
6526
6598
500
1209
6591
3287
4062
4253
1859
4119
7015
1280
6616
461
1239
3001
5715
421
7143
4950
4643
2916
4608
3223
8160
5847
4226
2585
4233
386
7720
476
908
6092
2443
6667
6860
1013
6467
7174
5085
5507
7313
7756
461
4268
976
618
538
764
1485
4605
568
6053
8143
5292
4735
4712
4313
5748
6147
4199
4730
5404
4895
3126
150
5099
5259
1064
7420
6225
120
2385
4509
2019
3950
3592
6167
5664
2130
591
111
4526
3469
4788
5094
4735
5288
3455
7136
2280
3888
3791
3010
2836
5515
59
7477
945
7404
2124
5591
5831
7270
1130
5142
5101
6873
3093
176
8011
4070
2410
1664
1830
6761
5272
1103
6571
4643
933
4317
6677
1787
3494
897
2111
2668
1656
1800
3813
1667
2349
2427
336
6602
2348
6272
8091
2490
5246
1414
3632
3305
39
2410
3220
4340
5909
3667
3490
4372
2329
1803
7901
5650
3260
5798
1155
6677
3690
4270
5801
4950
1273
3726
568
4061
8096
1329
7301
2308
6203
7097
471
3346
5402
2124
4708
3162
169
2072
7591
1675
2777
4214
5701
4718
4708
411
6053
4644
4225
2410
7415
3851
3326
3389
5272
4735
1396
3538
7575
6475
1384
2737
3368
7189
5066
1606
7941
2105
8135
6117
2244
4731
6828
5892
4341
6659
7484
4065
5279
2697
83
5748
3167
4236
6737
4809
7484
1523
6310
2558
6307
5920
3402
5079
4383
5520
114
6761
2679
1595
2441
6385
5778
2361
3017
4027
472
5594
7190
7613
2410
7256
1965
4630
4038
1024
1944
2737
2465
418
2772
2780
778
1534
4361
6440
7209
7692
4998
3849
95
2119
5682
1595
2676
4004
448
1287
979
2907
5220
5778
3092
4851
4881
7491
2541
3959
48
6827
1767
4651
2059
1907
7507
1356
5181
6065
7982
2112
4644
1270
2411
4119
7432
3849
83
2907
4413
36
2986
7294
740
3551
475
5100
7784
1411
4569
1748
1971
2686
2494
4472
2856
4419
5077
3947
2918
744
2661
6041
536
7665
6188
7484
592
5019
