0
0
0
9
0
0
0
1
9
0
0
1
2
0
0
1
0
3
0
0
0
1
0
2
0
0
1
0
0
0
1
5
0
0
0
1
0
0
0
0
0
0
0
0
0
0
0
0
0
0
0
0
0
1
1
0
0
0
0
0
0
0
0
0
1
0
0
1
0
1
0
0
0
0
0
0
0
4
0
0
3
0
1
0
0
0
0
0
0
0
0
2
13
0
0
0
6
0
0
0
0
0
0
0
21
0
0
8
6
4
0
0
0
0
0
0
2
0
0
2
2
0
2
1
0
2
4
2
1
0
0
0
3
0
3
0
3
0
4
0
0
0
0
0
0
0
0
0
0
1
0
0
0
0
0
0
1
0
0
0
0
0
1
0
0
0
0
1
0
0
0
1
0
0
1
0
0
0
0
0
0
0
0
0
0
1
0
0
0
7
0
5
0
0
0
0
0
0
0
0
0
0
0
0
9
6
6
11
3
6
27
6
1
11
1
5
2
20
3
0
1
10
0
0
0
2
0
0
0
1
0
0
0
0
0
0
0
0
0
0
0
0
0
0
0
0
0
0
0
0
0
0
0
10
0
0
4475
4716
8092
744
3541
727
5997
4784
7015
591
7491
2418
3986
4202
3004
4319
2868
4609
7405
7910
6660
6307
1774
3959
2958
2958
1787
1672
2560
1442
4914
6481
2031
2415
5290
1534
2229
61
8086
5631
1242
4011
3115
4139
916
3443
6041
5020
6737
6950
335
6000
6307
5701
2851
1075
4568
7246
3004
4361
7408
5650
6258
4575
1823
6327
1830
5019
5701
3290
6902
3326
2764
6438
2105
2676
6735
2679
6735
5627
2483
4670
7063
3161
921
2896
2896
3585
1774
631
4732
254
5220
7613
4053
2896
1680
1057
5092
574
437
4038
3196
7575
2120
6069
5997
46
7451
5066
3455
4339
7333
4670
2896
6258
6258
2896
6258
4164
6481
3821
2679
369
4291
6082
5220
6510
372
4881
6307
5066
3980
7389
3115
4722
2676
1452
2541
6258
5643
2325
8025
1672
7451
3454
7901
5537
4341
592
1209
1672
763
6152
5403
4491
7592
1155
6393
2285
2219
2271
1534
7398
87
1320
1680
6320
2343
3687
3959
5288
348
5798
472
425
7940
7391
4112
390
575
4340
5798
3542
4329
7887
2271
1607
5013
1997
3686
5687
2489
6053
4291
7121
2002
1488
7901
332
6501
172
7151
5077
5911
2360
3098
1213
4766
2600
7567
5811
1576
702
7223
348
7491
3589
5998
138
2676
5412
3594
7790
46
3584
5292
5220
924
6407
7675
6456
1493
7501
5452
7456
1073
6098
1437
386
7586
5503
6547
3808
606
2676
1852
6827
255
7093
8030
921
591
7484
2513
211
6320
4651
2777
3452
904
1493
5658
5561
1934
7650
386
1435
232
3008
3008
2474
6580
8166
1493
6844
7087
5423
1997
727
1675
3121
4312
2586
2773
3196
2002
5290
7679
5412
8137
5395
1330
1266
7420
4654
904
6378
1488
11
6334
3860
1934
3010
3711
5377
1231
985
6181
37
5335
4340
5385
845
960
2136
5024
5896
1988
5385
1270
6092
3771
5658
5142
6292
4453
6195
5142
1341
3232
2901
1030
206
584
8036
1038
7461
1934
3232
6979
3664
7810
7408
2825
1105
1824
4892
4887
4478
4735
2796
6224
5452
6449
5586
8089
4453
466
1465
7225
6547
3991
1465
5566
3528
1662
6995
5561
3792
3008
2019
2732
6894
2253
5258
5363
2105
2679
1425
536
4735
2464
7806
6960
1790
2019
6234
1026
4148
4295
5574
415
960
4509
819
4835
1243
4935
7936
3771
5714
3792
6979
725
5863
1688
6619
7868
1776
2080
4293
1931
8023
1473
2459
5145
7880
6941
5258
5324
1038
861
6468
6673
1131
6590
1073
8166
1341
415
6119
5217
2461
3965
5744
6948
593
6561
5430
5874
3682
1576
2361
7798
7258
5403
3326
1836
12
3892
8065
232
7445
6092
3966
4722
6948
5725
2215
894
7225
7936
6060
4319
2461
1243
6897
6995
7500
3149
2027
250
4255
7180
1075
5477
2654
4698
4383
7160
5292
7929
1934
6334
6092
2601
3136
7936
6818
4888
1117
6376
3774
1465
6940
536
476
6449
3991
5952
6217
1569
1435
1243
4475
4448
7110
3541
2560
5398
2661
5928
6143
365
8155
1443
4857
7171
7593
5200
4702
7905
3749
1073
7929
7593
2366
7880
4722
6255
232
1957
7313
4453
7440
6164
5928
5874
8023
5629
7910
5731
6307
5129
4879
6104
2130
5654
1600
1566
5261
7297
7880
7049
1075
825
3524
6520
4216
3774
3627
2992
7563
2601
1527
2808
3971
6107
6791
3835
7582
6989
1958
1680
6321
6384
5288
4255
3469
7398
5292
6060
6796
390
1124
3631
3528
5743
1096
504
2585
2911
6456
1243
6292
2091
3752
3771
7932
2142
5998
508
5376
4146
3175
5756
740
2271
1864
255
2907
5531
1830
2395
6092
7205
5715
7405
1259
1045
4010
6704
6818
1045
7355
3538
1581
7013
4453
2855
4496
2743
6789
7332
7816
6258
4089
5579
1576
4618
4390
5928
7194
1079
1493
1790
2751
2041
4480
4148
1493
4119
466
3490
4399
3185
4152
1493
1266
80
6976
8166
4823
2574
369
4237
592
6245
4867
6393
4120
5948
2657
1023
4916
5913
2461
6572
415
904
7932
3771
838
5714
7177
2461
6085
1341
2855
1073
1579
466
3112
1790
3289
5112
2411
508
3526
2896
6258
4478
5643
508
3071
979
2411
3378
7529
6937
6532
232
6818
1429
4935
6092
2678
4858
6164
5701
4935
2844
2139
7167
4672
1527
3634
6227
568
4194
4707
592
649
4735
3154
5364
5982
4867
4365
7936
945
7810
7776
3350
3482
7905
2478
1493
5447
6116
3123
6259
4119
4912
2601
7192
6164
6667
5743
702
1534
1029
1785
5877
1739
591
1129
1989
3161
845
8036
807
6164
363
5433
3505
6449
7117
1231
3774
5453
5495
3993
5503
2992
6255
4866
11
602
3174
5292
4472
4399
6384
4858
4858
4194
5643
6082
7584
3980
6635
7798
1209
7787
2751
6092
6979
5561
6575
5584
7936
4010
4322
4119
7936
602
3112
2051
363
847
8073
5024
1522
7155
2309
7940
5115
4851
3740
2130
5019
8160
1948
1944
5664
6732
7420
11
7689
5714
1934
6195
680
894
7965
232
5324
6798
3774
7563
6995
3809
6321
531
4881
6735
2429
6635
2896
643
2252
6124
5428
1824
4350
702
2405
54
1282
6636
2474
3136
1162
5093
5574
7936
1341
1280
6252
6547
4119
7089
6414
7494
4478
4950
2679
4580
2166
3512
372
1588
227
5403
425
2405
1281
3469
1105
5470
510
1180
4903
2939
7140
11
8166
7197
3078
2844
6499
7461
6098
3991
92
7153
575
3483
4698
8021
1607
5290
6510
45
4233
1739
8025
3600
3454
592
5998
3682
764
7416
6292
8065
6214
5433
7071
2103
6224
2164
3771
8166
176
235
4934
7910
1343
7015
7011
1029
1029
2777
568
2684
2764
7236
531
7980
2773
4291
2464
4578
5731
6552
4609
4892
5288
5529
6825
1948
7413
7582
4879
4675
37
5785
7408
6761
5427
5232
2015
4291
3541
6553
5896
1680
684
2489
4491
7207
1971
6384
2676
744
389
1244
4568
6791
6677
5013
1550
1075
4498
5798
7190
3002
3572
7408
6041
783
6393
721
2459
5066
1988
825
2285
5982
5364
6791
