0
0
0
10
8
1
0
1
10
2
0
2
0
0
0
1
1
0
0
0
0
0
0
3
0
0
3
1
0
0
0
4
0
0
0
0
0
0
0
0
0
0
0
0
0
0
0
0
0
0
0
0
0
1
0
0
1
0
3
0
0
0
0
0
0
0
0
1
0
1
0
0
0
0
0
0
0
0
0
1
0
0
1
0
0
0
0
0
0
0
1
5
11
0
0
0
4
0
0
0
0
0
0
0
27
5
0
6
4
8
0
0
0
0
0
3
5
0
1
4
0
1
4
2
0
0
0
5
1
0
0
1
3
1
1
0
0
2
0
0
0
0
0
0
0
0
0
0
4
1
0
2
0
0
0
0
1
0
0
0
1
0
0
0
0
0
0
0
0
2
0
0
0
0
0
1
0
1
0
0
1
0
0
0
0
0
0
0
0
5
0
9
0
0
0
0
0
0
0
0
0
0
0
0
11
4
9
5
4
9
29
1
0
3
4
1
2
22
0
0
1
11
0
0
0
3
0
0
0
1
0
2
0
0
0
0
0
0
0
0
0
0
0
0
0
0
0
0
0
0
0
0
0
10
0
0
2773
4125
3609
2405
2778
4836
680
8174
4308
5189
2586
3317
4507
277
117
7840
1588
6389
2817
8030
4499
44
1799
4142
2195
4159
6105
4418
7283
1864
1678
4560
4708
393
4853
3720
2040
4010
2615
7295
5830
4059
7585
1069
1957
1184
3020
3753
7376
285
1230
6208
6371
4234
6571
721
6291
5166
6227
5439
3580
6340
6824
4334
5265
4842
721
3720
3631
3771
6709
1346
2575
2127
2662
1378
3086
1686
4499
751
5176
7788
2884
5215
3687
7711
6760
5051
6208
6015
1864
6672
1082
7051
563
7440
2075
2691
5248
6396
5317
461
1112
1539
2671
7645
5037
2225
7388
4457
2405
6510
4921
6356
1876
179
4632
4788
4525
3825
6279
7663
1864
225
2114
4707
5315
3317
1513
8159
1535
3923
407
2889
2474
6632
4018
6170
5578
6732
53
5403
4103
2837
2134
8122
139
2005
1739
297
5652
2723
197
8016
1746
1242
1926
3475
1791
3085
6406
4608
1820
6760
5887
6547
1590
4554
7563
4197
2992
5139
4622
683
4651
1530
5070
150
8082
5230
1021
3440
1711
3824
2876
2731
1075
8163
5936
2597
1944
1821
1132
26
2796
716
1402
5101
1100
82
3551
458
7799
472
4695
6312
354
3141
4903
3634
7140
6596
3819
5018
2361
749
5046
7573
5051
3324
5135
7290
782
7679
6022
3194
698
1550
4898
3548
4660
6762
135
6325
8082
806
4210
8122
5
4637
6976
8065
7525
709
7292
5499
5051
4294
2546
2621
6407
5267
2511
1193
4006
191
4418
1277
2933
6677
3252
4734
7169
3538
7607
101
7648
5737
7805
5806
858
101
709
5574
7364
3169
1103
6129
770
1471
7498
2173
1402
5705
2351
1961
5736
3538
3701
7684
1512
1155
1312
4708
1924
4678
6601
6092
3771
176
2778
3291
7318
8111
4035
1696
7577
6349
74
2305
2351
3489
8126
5068
5560
6165
1031
5578
1753
8166
5275
7049
2080
390
2410
5024
1181
7037
7456
6098
894
1493
1662
7074
1790
4823
2793
1515
4507
5
3063
5056
5952
8111
3728
6317
6383
1010
7639
5744
656
6164
2803
2772
137
1947
3682
3682
764
3691
7814
6488
1073
232
1734
5200
1131
176
6547
5458
1262
7142
6098
2070
6099
5454
5064
483
8003
7523
2615
2051
2330
847
7551
2569
7190
3761
1163
3152
5124
3714
5465
6633
6091
1662
5829
2145
4933
6378
288
1560
6667
6073
5085
11
2019
4382
6138
5070
7192
4946
2064
6553
3284
5282
2764
7505
334
4104
5302
1790
5005
6547
3966
243
2064
2507
8117
461
3910
6979
3950
6601
5631
6449
6937
1266
7456
5
656
7577
4021
1847
5624
2778
3284
8076
5005
1424
5114
176
3634
3350
5144
2258
8166
7639
7841
5037
2303
4104
6850
2992
247
939
4152
2939
3503
118
5005
6638
8127
2511
3858
1949
7963
3188
4618
5659
69
1347
5952
3792
8065
7796
5622
8072
7192
7895
1465
3557
4955
4228
2933
7921
803
393
6272
3993
7420
6657
5240
5454
5302
5328
6389
1280
3924
643
7799
5404
5954
2943
3283
461
2076
1231
5574
1801
7586
3141
5070
2820
488
5756
2569
7344
5123
3891
2104
4369
7748
3965
1493
2461
1465
2175
2778
3069
5146
7931
6743
5104
2005
5887
6996
5070
5453
1073
8065
2184
3238
5844
2904
1107
4515
5361
2027
6979
903
5223
4075
5499
6252
3771
1073
1344
2076
415
3452
3282
176
1070
7810
4866
1820
4812
5194
440
4323
552
3503
6924
3010
1329
1305
858
2650
1531
240
5527
5418
825
932
1058
5772
1186
1694
1552
6378
5783
5465
4905
4790
4238
894
1352
3732
3057
526
2434
2157
3291
1461
6793
7355
2395
3854
5037
186
985
4668
7737
2529
2496
5884
6639
985
3090
7356
7318
7270
4993
486
2024
179
8100
6659
4496
6222
3435
1623
7364
80
1336
5604
6704
6547
8111
6976
5101
7521
6746
597
8000
5687
6975
1329
3557
2507
5736
7926
1356
1396
4949
2889
2615
4935
4912
5104
6478
4093
172
1790
3792
5447
6825
626
6948
7936
5785
4993
7523
3017
1219
7546
2401
7791
985
7232
6229
7192
8111
6119
3965
6732
596
7563
6252
5273
6203
6069
2397
3824
5471
5138
7140
2778
2574
1493
6092
22
5056
3692
4903
2612
6595
4346
3159
4119
4065
6884
59
326
3452
656
7041
7313
8147
6850
5569
7818
4241
355
7636
1277
5041
7000
3783
4295
7607
1694
2142
5631
7430
7420
1493
5797
2080
7963
3711
1465
7006
1180
2901
3356
7973
1552
6979
7140
4382
1855
6608
6440
1577
1596
4412
7350
7732
2005
1312
2676
1751
4683
6252
5574
7906
6948
3076
5588
7294
7140
6572
8065
7031
7963
6181
8160
7370
6497
4199
3282
939
245
2559
2031
4778
591
1154
5192
2115
3196
885
4742
8085
5873
4662
4962
4598
7367
4780
4955
3701
1694
5883
5335
942
945
7523
6252
7563
7650
5458
459
1527
3792
3063
876
5185
5650
1150
4241
254
2898
2875
127
5272
6222
1688
3178
2939
6252
4197
98
896
789
6468
1073
6164
6960
5797
5447
5658
2446
635
88
5334
59
277
2136
6469
6396
5501
2420
7002
3548
1786
5290
4812
6932
985
6979
80
7577
3152
7446
4152
7737
3830
4276
8065
4197
5
2973
3771
796
7707
5973
2817
2075
3851
6796
4837
1643
3416
663
2075
2404
6371
7948
5277
563
4415
7093
4984
1121
1402
7604
6520
7776
2978
7683
7776
3538
5940
4673
7090
545
7760
6764
7398
6241
5079
8011
7961
6374
4289
7470
2114
8025
4594
6179
4169
1738
6947
5286
4847
1703
7314
1684
3162
1193
171
1403
770
4060
7400
2593
355
2218
6568
5277
1653
5977
4007
4852
7470
6293
3351
6385
3741
2736
1944
8086
6294
1322
572
7327
5265
6616
5477
6645
7812
6021
2784
6312
5058
2675
2803
1524
4813
5265
3079
5319
1154
6417
7564
4615
7255
5677
1839
2411
5805
6306
1425
649
215
5530
4475
8025
4921
1256
4504
2777
1155
2314
3506
2115
3401
7893
5652
6346
3252
6356
8190
255
96
6271
4842
6396
2520
44
6799
