0
0
0
9
0
0
0
2
9
1
0
3
0
0
0
0
0
1
0
0
0
0
1
2
0
0
0
2
0
0
2
3
0
0
0
1
0
0
0
0
0
0
0
0
0
0
0
0
0
0
0
0
0
1
3
0
0
0
0
0
0
0
0
0
0
0
0
0
0
0
0
1
0
1
0
0
0
0
1
0
2
0
0
0
0
0
0
0
0
0
0
3
14
0
0
0
7
0
0
0
0
0
0
0
21
1
0
8
5
4
0
0
0
0
0
0
0
0
0
2
0
0
6
2
0
3
3
3
0
0
0
0
2
0
1
0
2
0
3
0
0
1
0
0
0
0
0
0
1
1
0
0
0
0
0
0
0
0
0
0
0
0
1
0
1
0
0
0
0
0
0
0
0
0
0
0
0
1
0
0
0
0
0
0
0
0
0
0
0
5
0
5
0
0
0
0
0
0
0
0
0
0
0
0
8
6
6
5
1
6
26
0
5
3
0
3
0
22
2
1
0
10
0
0
0
2
0
0
0
1
0
1
0
0
0
0
0
0
0
0
0
0
0
0
0
0
0
0
0
0
0
0
0
10
0
0
2938
825
7940
5594
7582
2059
3004
6245
3260
4522
1611
7398
211
4202
1739
3585
5019
783
3287
5948
7940
4952
2405
7389
1600
1823
4600
255
4175
2948
6481
7982
7437
8033
421
3173
7183
5295
7484
4867
450
753
8160
6613
6289
5909
7235
4651
6550
2835
1576
7598
3941
4737
5494
5531
7575
1581
727
7582
7745
6141
5430
5594
4033
28
1302
5140
4543
6474
5664
6587
752
4329
7570
111
4039
7745
1677
7064
1048
7745
1830
2640
1289
6440
5166
7749
2150
6760
4667
7344
557
6346
4533
896
4340
3007
5834
726
7146
5261
4594
3625
2753
1067
6011
390
7419
7872
568
7230
2182
5024
390
437
783
2512
7880
3991
5359
4679
1607
7588
558
3571
3154
7033
6357
2868
1207
607
910
6796
4867
1664
374
4880
649
4914
3477
2361
4475
45
7451
2513
2104
3316
5340
3444
6976
2855
6252
7004
3854
6376
2565
250
1931
1301
5798
5724
740
4424
1958
348
6553
1269
6000
2684
1576
5077
4202
211
8143
5858
8060
2585
1493
1076
7567
8111
415
7141
3965
5821
1493
3711
5037
904
7846
2808
1538
2442
7398
2624
2166
4957
1236
5279
4339
4504
5385
558
4604
7984
5165
2389
4866
4119
80
7720
2112
838
7071
2956
3671
129
1280
2901
4675
2855
602
7103
4950
2419
6820
7494
30
721
1309
4354
7978
6940
4628
765
6233
4499
5735
180
1934
6520
2051
6065
8147
1698
7921
6954
6937
4934
6189
6907
6264
7990
6301
3011
2411
5475
6630
1090
1931
4698
1494
77
4432
2132
7643
6974
7272
4911
1452
6474
7639
1527
5574
6732
1662
7744
6150
2089
5066
1967
7166
1493
2175
3538
5145
2892
5928
7424
6407
787
827
87
7593
4993
6095
118
363
1493
4866
584
7453
5623
1749
6181
150
3991
6976
5584
6220
7684
3821
4662
7225
5706
7089
5250
968
1882
6299
6318
7593
7142
1193
7356
343
7031
7593
3350
5672
6976
7192
4525
6594
4140
4199
5701
4265
4672
80
80
2132
6060
8025
6940
2254
7013
968
1465
894
6948
7490
306
4018
3771
2751
4060
7984
6659
1045
1465
1231
3066
4432
3503
1193
6532
4155
7577
4672
5706
731
7140
7929
1282
764
2751
3126
217
3989
273
5658
6941
998
129
5314
6970
7192
1049
6733
6970
6995
2586
4722
7469
2242
4675
6520
6640
11
6667
3777
5207
37
4507
1949
7041
6335
6976
6520
6640
3785
4892
7353
8156
7461
3730
6843
1036
6262
2336
586
11
3991
6937
4993
7965
3505
7563
7796
3991
2585
8
6195
1934
5093
3730
3656
7313
2751
3068
6259
5454
2751
5019
1493
7353
1856
4662
4191
53
2343
250
2611
1437
4866
6272
924
3300
1488
3538
2304
6264
6785
5574
5647
7643
6976
5574
7431
1424
6595
6802
4216
6520
4199
5664
1493
2601
8166
5446
1934
6009
3809
7049
3947
5972
4958
1003
1301
2585
942
4119
3771
6164
4662
7071
4916
6572
5037
510
3551
6301
3976
4809
5037
7639
910
5447
386
4454
6308
3209
3394
3959
2777
4233
2133
2657
5326
176
4675
7378
819
2540
6544
4675
1800
5540
6851
872
4903
6976
7577
7192
4649
1493
6995
6640
3538
4921
500
17
5217
6334
4937
1863
536
5011
7540
5739
3631
1602
2136
967
276
904
6572
494
3711
4319
366
6731
1527
4675
7501
6737
4056
37
1435
6595
7378
8065
6733
348
3153
7593
394
5985
374
7530
6601
4866
6894
2418
6980
7103
4442
1662
363
8089
5276
5999
764
3232
8089
4583
5181
4165
2958
8036
995
7801
1800
3209
2939
4341
7806
6520
7525
910
7166
1073
606
11
1934
2258
4055
6948
7577
6976
2855
4379
3965
7806
1565
6478
276
4644
6677
4647
3220
2851
764
3277
6224
1442
870
1042
3272
5250
6974
7563
6044
8091
437
1424
11
3642
4618
2529
7171
2878
8089
4662
7563
7639
6572
461
1443
2918
2777
6552
2958
2958
5643
2061
7190
7190
5636
4667
7784
2284
4888
466
6520
1394
3631
8160
1790
6572
2346
787
2076
995
3830
6844
1493
6732
7965
7482
1452
6619
3861
2684
3816
1238
2958
2901
7868
802
35
6082
194
2601
3997
7806
6198
3991
37
3363
7874
5782
2238
4524
2601
3991
6572
3318
1465
7166
7416
6104
2057
2464
2066
5537
5024
1774
4146
2405
1188
6650
5777
1678
101
7639
2395
3551
921
6575
1228
6195
3664
2051
3966
4454
1790
118
6119
7330
7776
8072
5623
2031
2459
5288
6587
1279
2061
4647
5279
2410
1395
1404
5118
4675
7563
1266
6659
3854
2041
5395
6851
6195
7790
2389
3209
2808
4326
1949
7639
6224
6980
3661
534
284
7596
595
3631
6053
5579
1839
389
6481
7015
5918
3886
3505
1527
3991
1180
3664
3892
1187
89
5542
847
7577
271
6902
7057
4866
1800
928
6053
1279
2916
2772
3038
472
6510
7049
5874
6708
255
5171
6245
5664
1012
5145
7292
6598
6098
4840
6245
8113
500
54
3300
985
6709
1784
6547
5395
1049
48
7190
7861
3481
6321
5145
2192
7615
6041
215
2061
6791
1155
250
2896
5239
1024
2650
3808
4285
6911
3022
2835
5928
4295
6995
4788
5446
3452
7378
5454
997
5489
6824
4609
5412
3213
17
1753
3575
8143
3477
5798
3389
3481
5019
592
4202
3271
3154
4399
4010
7582
671
1576
2156
6264
3730
6798
4265
7643
7639
163
460
7940
411
7344
1395
702
5292
7592
3700
138
5019
5436
4641
4924
2370
1613
2584
180
4100
3686
6635
5107
5292
6041
4916
7303
5454
4199
7525
7378
1493
997
4207
2513
7013
2516
4004
7806
7679
5731
4667
1686
4766
7071
593
3008
4662
3272
7548
1131
3098
6510
3004
4160
5748
1709
6031
3068
7615
2279
1316
6456
2217
1319
4478
7497
3835
7049
1576
8006
2130
6645
3589
5058
8065
2855
6868
6092
3557
3711
4916
6575
2066
272
4114
266
3589
3589
4568
1849
5715
3154
1595
6332
2063
6271
6321
919
1821
2610
639
4707
2558
4217
1090
4342
7639
5326
5447
7086
5865
5181
858
5850
