0
0
0
10
8
1
0
1
10
0
1
2
2
0
0
0
0
0
0
0
0
0
0
7
0
0
0
1
0
0
0
1
0
0
0
0
0
0
0
0
0
0
0
0
0
0
0
0
0
0
0
0
0
1
1
0
3
0
1
0
0
0
0
0
1
0
1
0
0
0
0
0
0
0
0
0
1
1
0
0
1
0
0
0
0
0
0
0
0
0
0
3
11
0
0
0
8
0
0
0
0
0
0
0
20
1
0
7
5
6
0
0
0
0
0
1
0
0
1
8
1
1
3
1
0
0
0
3
1
0
0
1
1
0
1
0
1
1
0
0
0
0
0
0
0
0
0
0
3
0
0
0
0
1
0
0
0
0
0
0
1
0
0
0
0
0
0
1
0
0
0
1
0
0
0
0
0
0
0
0
0
0
0
1
0
0
0
0
0
2
0
8
0
0
0
0
0
0
0
0
0
0
0
0
10
4
8
3
4
4
27
1
1
0
2
1
0
10
3
0
0
12
0
0
0
0
0
0
0
1
0
2
0
0
0
0
0
0
0
0
0
0
0
0
0
0
0
0
0
0
0
0
0
10
0
0
6599
7857
1273
5498
5498
972
5736
2535
1183
3084
3741
6227
6469
1583
6656
821
4971
2661
5482
4074
5191
2357
6922
186
30
5514
2907
5701
2303
5361
2855
5326
1228
2318
5725
6547
5844
6598
2051
3792
6712
212
6421
2406
7806
3544
5232
3947
4826
3085
3615
7510
6686
2507
5359
179
4852
2916
4812
7002
710
5888
5682
8186
5816
3638
7490
6242
4863
80
7895
1180
5538
8137
2914
3245
124
182
4038
954
3262
5334
3613
7241
181
7798
4672
568
7301
7909
2884
1077
5068
4796
7415
382
2562
7763
6967
4385
4124
3390
4693
7718
4271
3634
2817
1312
5671
6440
3101
1938
1342
7431
158
780
7287
5035
5537
2423
1362
1947
7446
4476
7255
4698
4740
1600
980
4213
5107
4533
3870
5101
3267
6549
2034
1926
1634
1249
3839
2519
350
6077
441
4419
3612
6317
7367
1262
1489
4898
6355
3553
3910
2829
5915
5479
7823
4950
1342
5523
4213
1690
947
4200
3403
5255
5385
4215
2497
7330
2142
8184
6348
2341
7963
7242
6165
8084
101
1734
150
7534
3600
2963
4532
1255
1703
169
4735
6227
5957
6657
6624
7298
3036
3338
1782
4734
1176
5531
6978
4114
1276
6119
5037
6348
3538
4396
2706
4877
4119
2446
2041
6617
117
1407
1941
6036
1273
7105
6708
5107
4245
6209
3657
7340
6919
173
8001
1135
1438
5410
7844
4962
4517
1329
5037
8065
2193
5487
7217
6164
8111
2145
785
7730
5684
4881
2629
6355
5166
5035
347
6768
6082
4236
2404
3933
7077
5749
3674
944
4021
1396
5007
4369
3634
5797
4262
4507
3854
6601
4359
3991
5454
4823
5987
7259
6940
1029
1856
5402
1183
2646
6419
308
6926
4294
4812
4837
2698
777
112
2604
2425
4600
4248
7523
386
7031
2615
5590
5850
3977
3527
3771
1753
1590
3792
652
6292
1765
4975
7475
5791
4369
3149
536
3797
6764
4427
1893
7015
5373
788
1717
7876
3282
7006
5631
6242
6119
7577
2803
3627
4515
6948
7639
7177
5614
3017
6264
1212
6958
6568
2146
3543
4035
4912
3082
6226
1042
3601
4169
4744
1287
6132
2742
961
7874
5561
8137
3592
3729
4238
1527
3317
4515
8065
656
6850
7041
7648
6598
1474
4101
5267
3462
5490
879
2489
245
7244
4230
7952
7574
5172
1769
5628
2420
488
584
4110
4261
2187
7429
5578
3238
8106
1183
1156
4921
7158
5029
733
5258
3721
2139
6411
5096
5919
5472
3619
7844
5954
5067
3788
6607
654
1029
4385
988
150
4205
2994
1662
6547
7874
6409
3733
1338
635
3001
1980
2791
4972
363
4103
6894
6960
5797
119
7928
2629
7144
972
3291
7455
7153
5189
6533
6544
3022
5835
2925
5458
1881
4018
1686
6352
5465
7586
7265
6189
7400
252
5154
7286
3701
7156
3420
8072
1571
7998
6015
6271
4496
5744
7585
1084
4807
2932
4630
763
30
1343
663
634
83
7158
5274
1881
4866
1193
4791
6377
7626
6975
6535
5862
2134
4556
6546
4742
5188
46
1799
6484
6798
2076
2315
1834
7343
5986
3823
2336
1832
2832
3717
1753
2444
4074
3730
6976
7086
7718
7123
8025
4415
6613
6334
3294
1479
7652
2231
6913
5715
2408
1411
6383
1605
725
6241
6552
2929
3117
3293
843
1630
7732
2737
2059
7962
6091
458
7006
1707
3695
6547
941
1360
1686
1850
2277
222
6159
7571
2546
1848
7686
5902
6820
7038
4472
5501
2586
7595
3662
2930
6413
1512
8132
5177
6190
1291
4820
5282
972
2342
2820
3718
6164
6077
7583
1792
2402
4248
4018
1753
572
5263
1351
7820
2443
3601
5955
3253
4734
5099
1890
4585
8039
7155
1521
5882
7852
7045
7445
3733
2099
2615
3308
2682
215
7557
3100
5267
4955
6242
847
3003
6672
1154
7461
469
2196
877
4539
3677
5401
6316
6150
6997
514
148
7122
6163
2699
1934
7577
4379
6510
5687
3076
3965
1565
6746
4220
7158
7018
3066
1186
1708
3694
4565
6937
7560
2790
6919
3769
1571
2123
4549
5140
5232
1051
2810
512
3289
88
3102
7140
8065
5714
461
7018
80
3671
5902
8106
6498
1256
5042
3557
5000
6241
7759
7844
6609
1363
2404
1176
6166
7146
6169
5016
395
4085
7938
650
568
7387
1458
3771
2051
5071
7931
1608
2507
2139
7586
5454
6242
1719
3858
3966
2145
5487
4585
7820
124
3416
6820
980
1176
3321
4820
3788
4273
4169
7463
8086
3844
7748
858
4119
4326
7998
5
6963
4701
4613
3446
4827
4074
995
652
7895
6224
440
6170
4007
3433
5451
2378
3797
8132
2227
7888
3762
4317
7595
7189
8160
7025
1030
3966
680
6709
100
7111
2939
1331
643
6873
6066
6449
3136
7323
4119
949
2647
514
6465
5611
7051
4235
6139
1502
4965
8083
4519
5166
3650
4398
5184
7191
6383
3728
5465
5714
7749
2675
7593
6976
4701
7748
7420
2019
6544
4696
1045
1280
7429
1886
5751
6672
4601
2453
7031
704
533
4569
1849
2999
2314
2867
2472
513
5306
5972
558
7686
6914
308
6995
6976
1100
7311
3165
6712
5588
3714
4306
6276
1662
4304
6141
1540
1230
1012
2238
243
600
1425
1132
1527
5428
488
2336
907
7866
1488
7573
2365
6371
4148
5454
3726
4585
1384
3571
6738
365
7387
6557
2631
1662
1513
2832
901
239
3235
148
7859
1949
6417
1312
1697
5963
2378
2166
574
499
7954
777
881
2597
4486
2385
2318
1312
2063
6340
3554
2001
7240
1583
7216
2388
6977
5272
491
7223
3755
5412
2898
5166
7106
1176
4729
2500
1935
2425
6225
7547
4605
4381
8085
6502
7446
2093
148
2328
2520
2365
2795
7606
5858
5215
6572
3663
2249
4312
2040
169
3081
5010
3166
6672
7786
1523
1291
4266
6903
5390
245
6745
2686
520
5887
4744
4595
5832
2189
6417
5403
2762
2941
1248
2356
782
3682
3073
7890
2645
1136
4549
6296
6709
6312
7642
2328
8160
2376
4418
4312
3798
6469
4718
2629
7255
7040
4985
4883
6087
5101
3391
1319
4694
2244
3084
5737
5553
7198
2801
3369
7664
6001
4436
206
2992
