0
0
0
7
9
0
0
2
9
2
0
3
0
1
0
0
0
0
0
0
0
0
1
5
0
0
2
1
0
0
0
0
0
0
0
1
0
0
0
0
0
0
0
0
0
0
0
0
0
0
0
0
0
0
1
0
0
0
3
0
0
0
0
0
4
0
2
2
0
0
1
0
0
1
0
0
0
0
0
0
2
0
0
0
0
0
0
0
0
0
0
1
9
0
0
0
6
0
0
0
0
0
0
0
22
2
0
11
7
2
0
0
0
0
0
3
4
0
1
5
0
1
9
3
0
0
1
1
2
2
0
1
0
0
0
0
0
1
1
0
0
0
1
0
0
0
0
0
1
0
0
1
0
2
1
0
1
0
0
0
1
0
2
0
0
0
0
0
0
0
0
0
0
0
0
0
0
0
0
0
0
0
0
0
0
0
0
0
0
6
0
7
0
0
0
0
0
0
0
0
0
0
0
0
9
4
7
8
8
3
27
0
3
1
1
0
2
17
1
0
5
11
0
0
0
2
0
0
0
1
0
1
0
0
0
0
0
0
0
0
0
0
0
0
0
0
0
0
0
0
0
0
0
10
0
0
2244
369
763
2031
8083
2441
970
8189
6822
177
7123
6088
1046
261
8188
3543
3682
6393
7686
539
1649
2414
1554
2773
384
4224
3584
2777
45
6799
2967
5579
3598
5374
4581
7786
1009
907
7033
3963
7303
3368
3686
340
6291
3017
4625
5614
5608
6833
5718
492
6508
3851
1055
541
2114
7201
7543
6145
3193
568
2907
4007
6441
4436
44
4211
650
4065
4138
1849
2252
5928
6950
3963
4967
2152
7577
7143
7437
5439
5688
121
211
7346
6357
3807
2053
4311
2539
7275
4399
5687
5185
3741
900
4200
3543
5236
6465
5494
3488
1219
5185
845
3095
2558
2676
7051
4270
1863
3317
6935
4361
4335
6519
2413
3060
7829
7775
3420
7201
1309
1538
4162
2270
6384
6132
2129
2895
1567
4747
3462
449
4734
2597
1796
4340
2166
4580
4114
4988
5373
8077
2372
6827
1287
4372
5252
2691
2631
1976
6817
4791
4993
2262
6291
4034
2136
6549
6735
4002
2887
6134
7574
6297
5479
5551
3995
6660
554
2090
5935
5188
1352
6230
5801
2963
6249
5807
534
4873
7063
624
273
872
4379
4209
117
2123
5277
1336
6804
2654
5242
4385
5950
6599
981
2031
2419
2654
4
8044
3279
3965
2559
2506
7872
4499
7034
3526
534
3282
973
5687
819
7907
2482
1911
3020
5183
1647
5390
692
7217
492
533
3904
6470
6960
894
4148
7146
7290
1509
3325
6092
894
3063
4452
3876
1449
4863
3279
5806
1060
5070
5114
1493
7277
536
1158
5839
1136
4085
2285
1769
6470
1814
6781
101
4993
8100
6034
4722
4509
8122
6254
968
1784
2330
7353
5125
7140
7456
7500
2539
158
7064
3452
4756
2284
3079
435
3109
5829
5997
6868
8047
2653
315
6522
3011
7411
5465
3784
5377
2064
6999
1465
5343
6485
1846
4672
4344
5728
6937
5561
1738
4467
3602
894
1817
96
4350
2368
4060
1790
7806
7961
1643
915
6440
4367
6633
1465
7563
6601
3965
6941
5578
3915
5071
2132
3523
4197
1560
4177
899
2076
7242
6201
6189
7405
6444
4469
2402
8106
3538
7166
6978
7061
7745
2645
6978
4445
3672
858
5714
4976
6198
5454
7041
6793
5098
6844
6164
3232
2615
7737
5326
5416
6526
1276
6858
2863
4173
995
968
1045
3178
1707
2075
3988
4788
1035
1424
7796
5972
1790
2507
5260
3441
1280
4199
277
2342
838
7593
2225
6960
5250
7340
7140
6979
7242
5883
1424
4152
5588
4836
3010
6746
4845
6968
7282
3145
3771
728
135
5899
7931
7563
3612
5200
4523
4515
5957
2195
3011
3551
2225
5383
5144
1784
1424
5289
3283
2142
3643
3901
5726
3232
3141
363
4084
250
1581
260
1525
118
2574
7895
1183
1110
5911
7232
5200
904
427
2404
4912
4788
5246
1449
2570
3278
4916
1243
8166
7639
1282
1288
1855
6077
2511
4455
3482
2916
1688
4354
6123
3075
1064
3991
7041
3232
5972
7737
5421
4924
2157
1943
6189
2862
3410
6216
6414
3466
4580
6276
7756
6580
6631
1698
6099
3169
1608
7623
1702
2054
2748
5161
1577
3072
3063
5980
6092
3505
3991
5037
46
111
4452
2074
2787
2178
590
2793
458
2157
7217
7938
2574
1471
7378
4722
7162
2358
6456
2076
1461
3146
5557
6981
4428
3551
6170
2615
3721
3258
7923
2566
3183
7546
4645
2624
6789
769
4357
2978
8072
4993
1525
7687
6365
118
2778
602
3293
1973
5503
7639
3350
3101
7743
4985
1664
4018
7784
3221
5302
5793
6463
1073
635
4971
3191
916
6395
6613
7748
4976
4747
8073
1493
7192
6526
1461
7514
5820
2817
3988
7516
4496
7306
2276
1773
5099
6937
1483
1844
4680
5377
3711
5070
7483
4060
2634
2717
6068
440
3597
449
1978
5037
6960
6151
4322
1296
7648
5261
3599
3647
4472
5373
6072
1892
560
2934
7498
1799
770
4199
3209
6911
3279
5274
1957
1664
5843
7997
3148
2918
4499
2049
4148
3325
4866
2304
7847
656
2051
6960
4928
1023
7119
4785
1384
5408
3947
6041
526
137
6422
6380
6433
1681
7353
3538
3888
939
6318
3777
7499
5220
314
903
3212
7874
7687
7192
939
3279
1429
3538
7500
5725
2705
8047
4651
6681
5479
1032
6978
6872
4839
4792
7539
6066
1790
466
5736
3003
6092
3441
720
7720
4149
985
5808
2529
2030
8147
1064
6105
7567
7356
7367
407
5551
2365
7640
2124
4289
3402
5363
683
7040
780
3012
6526
5447
3066
838
6106
6292
2021
3136
6915
5145
288
6750
6106
3592
838
5865
7683
6383
3923
7909
5620
607
826
2887
5720
6406
568
3805
7391
2795
1475
7748
4453
1465
7166
3503
1757
6092
6547
1469
6077
3178
3771
5324
7086
1569
1569
7355
6499
4143
621
2166
4876
6831
4723
4238
111
1230
4020
460
5288
5701
4472
5297
6731
6318
3002
5889
709
540
6976
4060
4323
560
7142
4119
6937
1753
115
763
4194
7188
5075
1794
4920
7928
3162
3068
6163
5373
5439
1430
722
4813
2465
5909
4551
7570
559
6508
306
4432
500
2342
4276
4554
3279
656
4197
5377
763
7156
7604
5236
3455
453
4822
4170
7945
6009
1656
6001
7778
7256
407
2114
581
4341
3609
7573
3811
2850
4165
3976
7197
4527
7995
3629
1124
598
6844
7507
2932
1464
3722
3585
4340
6569
2635
2453
2024
1143
7963
2453
3493
8010
6759
3057
3995
2374
5780
4292
2895
4802
3506
6092
3634
6087
6317
117
5542
1719
2214
1365
1838
393
5886
1155
5057
3922
4412
6533
8032
2385
4972
5326
5166
1684
1232
5643
4812
7739
3420
5055
2782
2123
6871
3769
2318
7144
5012
3923
1765
5272
3609
1653
4016
5915
1407
3236
7564
7909
5551
4325
3894
2843
649
1664
4818
7775
6058
1664
5175
587
6359
7798
5079
8160
7663
2696
393
1821
7914
752
35
3876
4412
1786
5338
1287
4381
3923
5319
5041
361
6429
2507
5868
7153
6645
2907
1235
5477
4317
1095
1591
6821
3336
47
7153
6469
1538
5427
3821
5077
6464
6109
6208
5306
954
460
393
4478
3720
5247
2365
3631
5790
2916
2856
6229
