0
0
0
9
6
0
0
2
9
0
2
0
0
0
0
0
0
0
0
0
0
0
0
6
0
0
0
3
0
0
0
0
0
0
0
0
0
0
0
0
0
0
0
0
0
0
0
0
0
0
0
0
0
0
0
0
1
0
3
0
0
0
0
0
0
0
0
0
0
0
0
0
0
0
0
0
0
0
0
1
1
0
0
0
0
0
0
0
0
0
1
1
10
0
0
0
4
0
0
0
0
0
0
0
25
3
0
8
4
9
0
0
0
0
0
1
2
0
1
6
1
1
2
0
0
0
0
1
0
0
0
1
0
0
1
0
1
3
0
0
0
0
0
0
1
0
0
0
4
0
0
0
0
0
0
0
0
0
0
0
1
1
2
0
0
1
0
0
0
0
0
1
0
0
0
0
0
0
0
0
0
0
0
0
0
0
0
0
0
3
0
6
0
0
0
0
0
0
0
0
0
0
0
0
9
4
4
3
3
3
21
0
2
1
3
1
0
14
3
1
1
11
0
0
0
2
0
0
0
1
0
0
0
0
0
0
0
0
0
0
0
0
0
0
0
0
0
0
0
0
0
0
0
10
0
0
8025
7123
2803
6552
6259
1425
3004
6230
6958
5272
6820
225
1672
2080
4950
2916
7415
5402
1929
6895
4211
6249
1289
4543
6983
5255
407
6605
6372
5248
3609
3413
2958
1852
5874
7596
6791
7871
7236
3252
3835
5643
8083
2005
4733
4207
7823
6983
5422
8139
5131
5684
2915
5543
2836
6915
4751
3096
3806
5163
3382
861
2817
4778
3851
361
2830
3773
1785
4734
6396
2608
2327
6818
1739
177
426
5717
3623
2365
7695
3782
84
5767
2915
4805
3821
88
4381
3463
1042
1544
484
7059
4574
35
925
4367
2497
289
4169
8085
2365
7571
3636
4630
5369
4570
2022
7274
44
7888
347
2801
746
1289
2053
1253
7138
4049
2314
6394
1578
3061
5419
2359
2780
846
1765
3732
5537
8143
2764
1362
6293
3601
4630
4880
1639
1201
915
5671
1595
2402
1782
2520
925
1407
2536
5870
746
1546
48
2696
5016
2397
7909
1153
3609
7333
727
1048
4615
5514
5542
6293
4988
7401
512
4581
2314
3895
200
2907
4735
1997
4150
4796
177
4837
1351
2683
2577
1544
3186
7207
5092
5839
2005
2752
7661
5470
7011
255
1035
1023
2741
692
3693
244
2363
197
5745
4289
7380
7910
2410
5267
6926
3161
6383
5581
148
6241
1782
3751
7462
2682
7209
1287
3897
7823
7545
7598
5608
526
7156
4644
410
5288
6967
2252
7011
4493
617
4842
4695
7498
5865
8062
7459
4540
1163
1333
5264
1249
2782
1941
8163
8174
5757
8004
4441
7956
5702
1820
5682
7636
4812
114
4784
5507
6645
1046
7823
3084
1997
5886
3782
6732
1662
1608
4637
5737
3283
7214
4734
4967
2313
7520
7505
3825
6023
4387
6518
1333
3060
2705
384
6089
1155
3146
980
3368
2691
8013
4537
2075
7570
2648
709
7420
8166
7242
2051
6066
5353
6704
3332
1594
1947
1362
2404
4883
4543
1009
3078
4673
2637
4837
491
7940
4114
7201
7227
3326
1182
5302
3279
4280
6233
1258
5865
3976
1934
1276
22
3971
4496
3169
6073
3733
3416
7144
7870
3351
1873
1670
7670
1009
2075
4289
7852
1765
5594
3861
3469
4742
3356
2992
6979
7929
5070
5188
118
6119
1493
7847
3921
1266
7929
8147
1662
6631
4734
6654
81
6616
4349
2630
3621
1485
5150
3236
7613
1105
5514
7615
6588
2497
1846
5056
4379
4119
1552
2446
2559
6976
2260
4693
6979
1266
863
3726
7089
335
3969
50
4734
7890
591
7188
2915
6569
6144
6291
5778
3773
1017
5322
5623
7782
7429
6575
3130
1073
8065
4979
5465
7563
6616
6580
6164
8111
7355
6129
2284
1023
4812
3995
1819
2312
3797
752
7156
1095
1479
5390
6831
2676
90
5079
7972
1530
519
6468
5005
1552
3538
2175
8137
2496
4963
5282
6520
2994
1112
3915
2444
7165
6864
4842
5265
4024
1697
6820
361
7290
165
1224
2415
1748
6791
764
2131
5659
3293
6266
476
8171
6580
7825
2128
4456
7399
3701
3993
674
4143
1329
552
7381
7192
7242
7167
1879
1290
2232
2973
5086
2915
2405
5451
2002
3732
1009
4343
2654
5363
1834
4722
2474
317
1352
825
2603
6244
4819
4515
2615
6254
2187
5258
7031
3169
904
1262
2453
2070
937
6997
2915
5468
5187
1791
3453
4849
3435
7745
2378
8002
4554
7932
6667
3117
5574
4150
7546
3668
5314
3017
7648
4903
7057
2770
2925
6891
6252
2428
5753
7045
3411
5297
4694
1287
390
125
1478
382
4154
3355
3902
6066
3066
5037
7796
3214
714
717
2320
5340
6790
1662
3538
5844
803
7429
5056
4649
552
3003
3258
1769
7765
2874
5243
422
7912
4318
4381
5745
4409
5757
5078
1957
1026
3032
22
7292
7324
1466
765
4148
3883
3193
8171
326
4523
680
4916
7140
4666
2989
3959
6228
3208
8122
7257
3552
7914
4581
6686
6208
3236
6208
6414
7643
6234
6498
7796
2856
5690
3860
2600
2080
1799
2732
2494
288
7166
4260
6272
6948
7274
2233
6639
4214
3592
2572
6208
1903
7650
925
740
1023
7901
2343
1961
1276
467
4152
6301
6378
53
4608
5952
288
6580
7964
2051
5588
3232
150
3819
1356
5832
4094
1714
614
702
261
6509
1411
3832
4103
3096
4754
2999
5687
3159
2853
4697
7666
7936
6150
3017
3646
2662
2019
7593
306
3232
6547
1465
5453
7657
216
686
1861
6583
2868
6346
4936
7386
4136
243
3933
4708
7591
7788
2005
7049
1876
2253
8005
5113
1442
7973
1846
2987
3141
1465
488
5
6937
1552
1131
6181
6284
7072
4375
7823
6660
3720
7534
2531
658
1037
7571
5839
2361
6796
7888
591
5161
7662
6519
3318
6501
6242
2574
4164
7140
3102
7796
6714
6532
4965
2145
2712
5603
1848
4807
4953
930
3662
6267
4
2297
3580
6383
2914
4346
4628
6041
2650
1165
3225
8077
1162
6349
2502
6704
1266
2634
2030
6960
5071
7088
1538
7498
1121
3355
3138
4045
6163
7900
7738
5766
4230
5702
3687
4224
4215
44
5871
2635
6053
2254
4540
1121
1762
6254
3503
5058
6575
6732
3232
8147
4199
3351
6440
7711
2880
3385
1702
7529
970
4350
4585
2683
4926
7887
5756
7901
3732
8187
8133
7176
2764
1678
5352
382
1669
2497
2443
5786
5971
6526
894
4197
6572
512
4143
6978
4268
2560
1321
3720
3386
654
1233
1691
197
6179
491
1565
3188
5248
6583
2922
46
4341
5439
4807
5090
5531
4927
5537
6271
2709
6034
1462
4963
7193
3571
6866
7860
2654
5277
5584
5363
882
1738
4421
1832
4171
155
1978
2784
512
1158
3835
2189
4580
841
5075
6406
3733
925
520
915
3236
2691
2075
7144
6864
5033
2708
5390
2929
4672
250
6389
6398
5366
1882
1069
6972
4880
2684
4926
2749
4346
1402
10
297
3619
2558
4842
6317
8174
5445
2983
6366
1583
5551
6005
1643
959
7002
2813
1744
6545
940
6011
695
3085
3969
5067
3933
2907
7255
933
5439
8039
4918
5915
6282
5440
3805
5427
1820
1450
2485
3276
2726
6850
7255
7520
3584
2922
5717
1463
2137
4441
7764
5417
5677
3621
449
5154
6617
3490
