0
0
0
8
7
1
0
1
9
2
1
4
0
1
0
0
0
0
0
0
0
0
2
6
0
0
1
1
0
0
0
2
0
0
0
0
0
0
0
0
0
0
0
0
0
0
0
0
0
0
0
0
0
0
0
0
0
0
2
0
0
0
0
0
3
0
0
0
0
0
0
1
0
0
0
0
0
1
0
0
2
0
0
0
0
0
0
0
0
0
0
2
11
0
0
0
9
1
0
0
0
0
0
0
21
4
0
5
6
3
0
0
0
0
0
2
1
0
2
9
1
2
4
0
0
2
0
2
3
4
1
0
2
0
1
0
1
1
0
0
0
1
0
0
0
0
1
0
4
1
0
0
1
0
1
0
0
0
0
0
1
0
0
0
0
1
0
0
0
2
0
0
0
0
0
0
0
0
0
0
0
1
0
2
0
0
0
0
0
4
1
5
0
0
0
0
0
0
0
0
0
0
0
0
5
2
7
4
3
3
24
4
0
5
3
4
1
22
1
1
1
13
0
2
1
4
0
0
0
1
1
1
0
0
0
0
0
0
0
0
0
0
0
0
0
0
0
0
0
0
0
0
0
10
0
0
229
3988
5671
4540
1794
6117
591
2149
2411
7956
6958
4927
1441
5777
6976
4975
2419
5198
979
3449
1062
6852
2368
5185
1736
621
836
6228
6386
5173
6743
6926
526
1711
2801
2266
4739
3052
1119
4355
2357
4825
3637
7134
5868
5423
5428
3534
7843
2749
4372
1250
1497
6266
588
6112
4049
2460
2597
7510
6053
96
6170
664
2419
44
2930
1535
2080
4718
4106
7893
3548
2357
1042
2345
302
7615
4326
6777
2280
193
3601
6344
4450
3067
2541
3581
3190
4481
6458
2762
2465
4341
6571
3378
5628
3440
3404
2410
4950
848
6639
5226
4630
1351
1947
6672
1750
2453
5594
5418
2726
420
6978
1606
2585
3126
5236
966
5018
1801
3212
2465
568
5315
6125
3999
3637
7119
4312
148
2496
899
1487
4812
127
244
6369
3364
6657
572
3481
6089
6521
2539
680
4713
6257
4997
2810
3410
4539
2449
2677
1464
4200
3189
7229
8078
1220
4325
1879
633
4450
2483
3106
5291
1010
2099
3700
2780
3057
4664
4150
7866
3185
1314
2166
5073
3398
4131
4847
4349
7695
1774
6384
5037
2999
6307
947
7497
7350
5672
4849
7389
7321
5971
1049
8030
1045
5494
6906
2699
1035
5265
1643
6923
3950
1223
7812
5810
2397
7492
1536
7591
591
4315
7537
2511
1672
2826
3922
520
2013
1051
5742
7399
6336
3902
6386
2047
7537
1075
757
8139
749
197
1200
6312
671
7015
243
8039
5166
3322
4672
7419
3259
6922
6440
2935
1506
4478
2608
4381
2022
665
3933
2193
6091
7214
7763
6393
5479
3923
4444
3821
4778
7398
4325
3584
7695
7615
138
5175
5376
2189
1513
4419
7844
2314
4847
7463
8039
3561
4361
5071
4061
4825
7989
2019
3272
6712
434
5428
343
3977
5302
7477
6421
1055
1944
4319
4197
1845
4236
5257
7911
2709
716
6973
269
110
5581
6208
5706
7956
3601
6406
2446
6862
1548
4197
5447
1934
199
3221
8072
3090
3993
5940
4056
3542
7582
6366
5171
764
2497
6202
7556
1124
6369
7907
3238
2910
7657
3813
3816
6441
212
8078
3634
4197
3063
6352
5250
4238
5358
6963
7776
3221
2586
1079
1280
4475
418
6464
6372
930
2371
3304
2265
210
5328
3634
4752
3282
2311
7586
7922
125
2005
6203
7323
8111
7776
1846
1186
1502
6793
6979
458
5042
3140
5737
4265
559
3190
6015
4162
3480
3807
3610
4346
1879
806
2124
7404
1968
1063
6349
2232
3997
1312
6241
7500
3178
5454
6960
3452
6850
3467
3524
1753
6334
3141
3066
7916
3902
148
49
6469
3487
1213
7963
7364
7737
7373
5091
5783
7306
5346
6099
2519
8119
7165
2522
3458
2030
3178
2019
3102
3003
7420
1237
5258
1284
2008
3659
935
1124
6732
5261
5034
5889
838
2642
3129
2532
896
7984
3238
2448
3749
1442
8120
5353
7177
6105
985
7306
6296
3183
4965
803
5690
5071
1226
8072
4693
101
858
5834
858
6673
6098
7420
3567
5572
118
1259
1608
5064
5230
5
6924
1070
7192
2139
7406
6129
5844
2157
7748
7400
1324
4050
4452
2748
7973
5139
8111
3771
4836
6106
6831
8111
459
1073
7488
8173
2030
6098
4496
1515
245
92
6969
1570
6266
6526
6099
1821
6937
4010
3390
2686
2594
522
6710
4050
7545
1180
7500
1552
7896
8100
810
6793
3672
2005
6677
7650
4855
1724
3838
7018
6976
111
5800
2027
7286
1075
142
4810
4060
4197
5258
4869
6220
1823
7482
406
8127
5291
1654
8136
4893
4152
3489
7804
5215
750
5445
6821
3359
8106
7932
1719
672
503
4050
3575
4736
2000
5655
1079
3289
3141
6873
7978
7020
4484
4481
5347
803
83
7666
7177
7111
924
5701
6632
2772
4948
200
2531
2824
7512
1560
7586
924
6456
2289
5558
140
1442
4993
1226
6112
2870
2507
3232
4637
6444
140
6499
3159
5655
656
656
7500
2264
4979
4496
5056
172
1785
6010
961
6598
5454
427
3159
1424
4794
4223
1615
383
6472
2615
1890
3844
98
5246
4672
7787
7787
323
2610
3183
5353
1243
3966
2342
1986
4672
3711
7989
5266
7906
2380
6663
3282
3283
2925
7103
2146
6520
992
306
7683
3608
7470
5265
1571
5465
7799
6044
3557
1258
6164
3136
8136
5465
4060
810
1229
4791
5510
5551
5338
7720
1545
7801
3404
709
4819
7906
1439
7963
1881
7650
7367
7919
1845
7524
1276
6976
2726
3567
4780
3441
4265
7563
4205
4344
2490
365
1686
1140
426
4539
3623
4785
4710
6557
3090
6252
2175
7318
4333
1004
3749
2778
6595
6963
1513
1913
8057
2507
6662
3620
1662
2519
4903
4658
2446
5340
4367
3988
7123
4007
6306
5012
3420
3079
3988
621
6478
2145
3997
6580
1073
2808
5693
6106
1465
3729
2945
565
6378
5282
3971
8137
6520
1525
4265
3289
5503
8126
5798
5215
5890
4020
4312
2022
5682
1643
1136
5031
7657
789
2847
5373
2746
8166
3212
7370
5196
7074
5882
5834
458
6318
27
4205
838
3149
2973
3168
6181
3634
154
1443
2317
980
5135
2861
2597
8133
5677
7615
270
4620
614
5478
1005
7628
7192
7756
6119
1184
5581
5911
3076
1030
4537
6318
2064
3692
583
1857
6546
7923
3946
4093
6147
6149
2327
5653
569
1947
1136
390
7311
3141
459
6523
3862
1845
4896
5395
461
6580
4329
3988
1309
158
5247
7041
7400
2380
3751
4043
2384
4697
5325
4691
5317
338
5975
288
2760
4018
5902
30
757
4295
5940
7180
4698
2645
4472
1208
3537
2030
3600
3481
7686
8047
137
212
845
2133
4581
6350
3706
6949
4289
2377
5175
5226
1156
2130
3122
1224
4585
2860
4561
7606
1497
1273
7839
6366
2975
1154
5019
4594
7413
165
1947
7854
651
6243
4224
1055
1820
148
3588
1794
3542
5215
1210
2425
2274
5736
512
1559
4476
3044
4476
1814
7188
210
4248
6002
1100
2371
4134
6830
215
4270
2597
5071
407
2195
5653
2166
177
4625
1675
5720
1331
4369
7255
1115
4950
4825
5402
407
6599
3267
4651
2030
3892
6104
7799
1404
731
8075
3298
3995
