0
0
0
10
8
0
0
2
10
0
0
2
0
0
0
0
0
0
0
0
0
0
1
4
0
0
0
2
0
0
3
1
0
0
0
4
0
0
0
0
0
0
0
0
0
0
0
0
0
0
0
0
0
0
0
0
2
0
1
0
0
0
0
0
5
0
1
0
0
0
0
0
0
0
0
0
0
1
0
0
0
1
0
0
0
0
0
0
0
0
0
3
10
0
0
0
9
0
0
0
0
0
0
0
21
3
0
6
2
7
0
0
0
0
0
1
1
0
1
4
1
1
3
3
0
0
0
3
1
0
0
1
0
0
0
0
0
3
0
0
0
0
0
0
0
0
0
0
2
0
0
0
0
0
0
0
4
0
0
0
1
0
1
0
0
1
0
0
0
0
0
0
0
0
0
0
0
0
0
0
0
0
0
0
0
0
0
0
0
2
0
7
0
0
0
0
0
0
0
0
0
0
0
0
13
6
5
2
2
6
26
1
2
1
5
0
4
9
0
1
1
12
0
0
0
1
0
0
0
1
0
0
0
0
0
0
0
0
0
0
0
0
0
0
0
0
0
0
0
0
0
0
0
10
0
0
2676
6089
4839
1591
174
5581
6464
5581
5185
3440
5543
4125
4963
7156
5468
1590
2303
5417
1141
130
2149
5915
4579
256
7607
4018
4689
4585
722
541
4701
1593
4236
3240
4932
665
5647
460
7294
7940
4491
4796
4813
2397
7844
3420
7670
2548
4245
462
338
4007
568
4341
4006
3884
2374
5456
1717
3194
5390
1057
5189
7545
4208
1095
8025
3338
81
4011
8080
4139
2130
3291
546
1463
6817
1513
2920
3493
173
7935
2117
3775
7344
8025
454
4875
8132
1285
7077
3988
7510
1057
757
4106
7193
6313
4011
960
6291
2576
3167
4507
2182
7764
1201
560
4636
8133
4339
3684
3079
6374
4489
4142
3214
2385
5439
729
727
4937
5896
6651
6317
5122
3291
3416
5338
3433
1010
1680
1709
514
7563
2402
5254
1144
4747
7405
992
7143
6123
1258
6516
1848
1848
2249
1688
7647
3085
7158
1784
933
5752
23
3615
7446
2260
5928
7405
3056
5100
5066
575
3988
5171
5254
3557
4214
3959
2832
6406
4716
5667
863
5458
5522
1160
1279
2016
5261
488
3011
5478
6549
2512
6660
6967
3084
6356
6417
1559
7409
1765
5537
6689
1402
1536
6677
6405
3660
583
3506
3700
7364
150
8036
2019
3316
2328
5249
3692
4197
7430
5064
6523
7367
4898
208
1739
6396
5265
2558
4381
6695
2796
5653
6015
3250
552
6503
3777
6553
3916
1511
5049
4379
5071
6631
8009
6960
6040
6335
7006
8137
7501
4992
2305
1515
1244
5427
6417
1155
6141
5427
1738
3830
721
6237
1812
1725
4475
6649
1019
663
2912
1424
6862
6561
2175
5099
7973
4958
98
6264
3701
7456
1957
1892
3819
2198
5257
116
8139
930
1567
5661
734
7736
4498
1601
6531
7051
7909
4349
4667
5852
3247
8065
6662
2449
6750
6164
3989
1258
1662
968
7800
7577
894
3363
303
6632
3686
488
4515
1338
1684
5756
1559
7057
6617
4344
651
1150
7077
4065
4896
7657
5005
7197
5549
3728
6598
2939
2844
6427
7355
2507
4119
5944
7192
3394
2258
4961
5267
6631
7614
2930
7677
8142
2031
2136
5448
5749
4529
263
5701
6879
3634
3279
6485
6705
3350
162
7800
4979
7563
3966
6106
2076
6976
4119
7639
1073
4976
440
5797
5980
1694
5572
2251
3082
5412
6997
1260
5156
7755
1733
6330
7226
2688
3466
3011
8046
1296
1788
7177
858
3792
968
652
838
6818
5743
5172
7158
365
342
1471
1608
7954
4791
3066
3140
5290
2101
3554
3849
1050
6356
2123
591
7437
439
2662
5022
6941
2507
6891
3838
3858
4442
4599
6536
88
6894
2572
5037
3232
3394
118
6709
5957
939
2582
7177
5882
38
1797
3475
7094
382
6997
7039
6041
3090
7364
5037
6195
1064
3777
3232
1079
968
1295
6969
5005
6181
643
7353
3711
6937
5631
2184
458
4432
7356
3696
6638
3916
1776
5439
1717
7138
3338
1183
1402
2792
3279
1846
1163
2402
1688
6598
970
1138
7081
5596
4323
3759
5284
3741
6894
2939
5706
2304
5588
7501
132
2218
7389
6203
7670
7957
1402
3061
6163
343
4686
5064
6201
5614
7800
4993
3466
3130
5856
258
308
54
4387
4879
7476
919
261
4560
597
2507
5138
4794
5887
4812
657
7948
5248
7732
6425
7817
6467
2076
4992
810
2934
11
2019
5454
98
5649
6164
491
4165
2656
3198
5450
2499
2844
1112
350
6468
6048
7810
6679
137
554
8159
3449
30
3910
1656
5369
7176
2992
1957
7648
1429
4496
6704
7140
1276
4750
5527
4342
7595
832
3492
4229
4519
6712
1846
2199
3291
7841
7490
1980
3084
2696
7656
7154
6735
3338
524
8004
7199
1725
2647
7963
1079
6478
464
7242
1957
331
4357
6436
3432
5785
4633
4465
8160
5070
7572
1844
7847
4367
5215
4261
2741
2434
4476
4352
186
38
5950
6887
2983
1153
764
5144
6957
4893
6948
1131
6170
2889
306
3099
527
4935
2867
6092
2507
5453
3976
7964
5940
2647
6695
4719
5608
7388
3581
5290
6508
813
7333
117
1691
471
492
7198
6497
488
5455
7140
4197
3503
1471
74
6593
5037
3503
2526
1296
2939
6092
5503
6673
6077
5325
6395
2586
2482
3888
4818
4230
1556
1595
6219
5680
6706
4996
7537
6242
2050
4686
7140
3730
4177
1545
5744
1608
3390
4979
1811
5444
5631
6979
6979
975
4791
3011
7596
4399
4038
7132
6552
6074
7900
5521
5771
5189
722
6470
1495
6973
5010
5416
2992
1662
1335
7572
1565
6349
4509
3272
6072
5960
3580
2526
7456
4780
4527
2792
2446
6599
7315
5131
1503
3600
421
5384
3763
2357
6956
2922
3060
1931
7255
5692
219
118
8082
4018
2934
2559
1465
4979
540
7225
46
1696
4686
4430
2990
656
2064
2027
6330
7039
880
1409
783
2748
3470
4898
6063
3834
7380
4585
4869
7932
3489
5455
8037
4955
4359
326
1934
1296
442
4432
2051
3095
4140
1680
6950
5844
464
1721
2371
2860
3637
6605
3762
5275
2925
6555
5603
628
4540
512
2336
858
1905
7602
4979
939
3214
2994
5972
7197
540
4676
6868
3390
1619
6282
1944
2115
6383
4595
4375
4845
6117
4600
1057
6720
6753
8031
3828
3882
7156
5631
3225
2305
1229
6200
4898
7166
3921
6468
5957
2978
8035
3032
1083
2145
7440
2460
3720
7689
7596
1023
7235
5160
959
4817
4667
8065
5458
5302
1336
901
7575
2057
4600
5247
512
4585
4630
2972
4495
4585
2865
7420
216
5816
1449
5455
1069
7787
7895
7404
2368
46
3229
7914
2408
6544
2066
2411
4842
2410
7695
8017
649
7086
2092
5166
4561
1639
6440
6545
1613
2034
1105
323
3503
2840
500
2206
7855
5291
4599
3363
2184
5840
1938
4712
7570
3741
6677
512
5159
563
5290
2201
1786
4475
3298
6654
2099
3825
2829
7401
1583
6243
6307
2285
7218
2771
729
3815
6172
1881
1458
1131
1697
1886
132
4007
6395
46
907
836
4905
5442
3695
5428
59
3188
591
4472
1237
435
4249
7230
1944
3584
5107
117
125
2922
2869
5379
2712
7388
1753
508
8143
4504
1442
