0
0
0
10
6
0
0
1
8
0
0
2
0
0
0
0
0
0
0
0
0
0
0
5
0
0
4
4
0
0
0
2
0
0
0
0
0
0
0
0
0
0
0
0
0
0
0
0
0
0
0
0
0
0
2
0
0
0
1
0
0
0
0
0
2
0
0
0
0
1
0
0
0
1
0
0
0
1
0
1
0
0
0
0
0
0
0
0
0
0
1
3
10
0
0
0
5
0
0
0
0
0
0
0
19
1
0
5
3
4
0
0
0
0
0
1
5
0
1
6
1
2
5
0
0
0
0
3
2
0
0
0
1
0
1
0
0
1
0
1
0
0
0
0
0
0
0
0
2
0
0
1
0
0
0
0
0
0
0
0
0
1
4
0
0
0
0
1
0
1
1
0
0
0
1
0
0
0
0
0
0
0
0
0
0
0
0
0
0
4
0
8
0
0
0
0
0
0
0
0
0
0
0
0
11
6
8
4
1
4
25
3
2
1
1
2
1
10
0
0
0
10
0
0
0
0
1
0
0
1
0
1
0
0
0
0
0
0
0
0
0
0
0
0
0
0
0
0
0
0
0
0
0
10
0
0
155
2500
7901
841
7510
1055
7094
6850
5843
8139
954
7122
2586
6393
1132
1027
2315
3144
7909
7537
2004
5189
4106
2314
3553
2811
7666
1075
3637
2801
1820
6645
7025
1023
1082
4410
124
5171
5405
8159
1024
4718
4335
7854
6583
1732
2554
8135
1539
2608
6871
6132
6868
5701
4077
315
3193
3950
5778
4718
7860
2415
7542
1256
2731
4718
4085
2836
6677
2558
3433
3044
4421
8163
2425
2038
3654
1814
7122
5531
1124
6246
5160
6958
6202
2410
7011
1009
5096
3762
4849
8080
7510
2967
663
4696
5322
4644
5171
6417
1312
5717
263
5405
8139
3544
2856
5248
5198
6453
654
7143
7722
6237
2741
633
6627
5006
722
36
1055
6237
7243
7143
2286
3580
1443
1281
8187
5171
2465
1238
7645
2637
7537
650
587
740
5013
2327
2317
4719
8010
4950
783
47
7537
3193
5090
3385
4350
26
3687
4349
2907
6332
563
3132
7650
4178
520
7188
657
2059
2507
6681
7711
3636
7828
4375
3773
1141
4615
1312
181
3481
7823
4150
7327
2653
1842
4085
3631
7153
6599
5688
7243
3897
651
7239
6503
1688
3506
4839
716
3121
6827
3823
5166
2903
361
1023
1132
1163
411
5542
4545
7829
6369
6249
1220
5315
5122
1343
215
2489
2539
4211
841
8105
35
5275
1777
7798
5198
4615
4834
48
1794
6510
1769
7839
3532
4852
5283
6016
5098
5786
5064
2395
5865
426
7574
8003
1913
787
3682
2405
4719
773
486
954
4230
865
4038
4632
6385
6089
4812
7189
4950
3959
5537
5839
3193
7732
3453
4000
5005
7687
6272
3232
7192
5745
7782
5302
5940
4452
6116
2850
6441
6544
2986
4839
2384
6010
3483
1838
651
4878
5248
5276
215
684
5063
1565
7966
716
1739
4823
6580
7469
5728
3730
101
3562
7805
2431
6601
3528
6976
5786
4058
6221
7806
3290
3732
1686
6884
5493
3751
1746
3835
5682
514
3901
1732
7235
6271
3959
6994
5005
8065
4432
6129
4955
3232
7810
3394
2395
2939
4432
1219
5713
2123
2336
1077
4245
7072
1439
7860
7094
7408
5576
575
3433
7995
6781
5904
6237
6089
5268
7272
476
5037
5952
697
46
3390
5
5728
2019
7758
8147
5574
6580
7420
6179
4825
6112
8014
3322
5100
1864
1765
7995
5283
1523
651
5766
1150
4689
1155
4088
3771
7364
3011
4197
7963
4789
5373
6575
5353
7932
2342
2175
643
7895
3792
4753
4220
8133
6595
2260
1879
7547
4615
4493
5127
466
186
4347
7188
1309
1182
3169
1515
1650
276
6066
4998
7349
6162
4866
5188
904
709
1238
8111
6318
7810
3178
2090
4601
3130
2630
8039
5135
512
1791
3806
288
7838
5189
3876
5455
5114
464
5952
5200
5692
7414
396
699
2574
2803
2981
7687
985
3838
5706
6976
2395
1
5566
3329
3140
4312
533
7988
338
6664
2227
1075
4812
2737
4637
3976
770
968
3792
838
4916
3634
2811
2737
4160
1060
8037
6449
4879
257
7521
2986
2957
3416
3806
5035
7893
3732
2684
626
5163
2425
3623
1513
5319
1820
2660
2431
31
7964
8111
1465
7650
6066
5314
5168
4431
6227
674
5783
1013
3965
7364
2897
6117
4020
2425
976
382
3367
3623
7598
6764
879
3674
7262
5107
5887
3773
7240
3356
4199
3711
7166
1305
2872
4175
159
4789
7217
2615
709
3976
5217
1465
6210
3085
2028
2312
7903
1838
6660
575
4732
2425
619
6743
4211
3453
7119
177
5288
6552
8100
3192
1131
3452
1259
3170
5029
7230
697
277
7006
1905
8082
476
1177
5163
7911
5587
4827
4016
2489
6227
777
2240
124
5470
4350
2780
1150
7015
3207
1550
4869
7895
3998
7192
8111
3627
7874
949
2634
1811
6750
4010
1131
3526
250
3732
6776
5210
5747
2312
297
1513
2195
3896
5074
2561
7369
2441
7699
4442
7408
7613
472
2428
7929
7140
3730
7420
4119
1130
2426
5797
8166
7122
4515
5200
4326
6181
6237
8013
2904
1470
2280
1791
2731
7314
4036
5628
7086
3240
1680
7029
7845
2252
6230
3332
3141
4197
4509
7895
2076
3090
5618
2113
1182
5540
5022
4265
939
2225
7327
6574
5255
5551
9
951
7221
4849
6238
6031
4788
4841
7230
2358
8190
2372
3608
5302
500
5037
995
6894
6761
4748
4569
5064
7438
7416
7089
1662
1590
193
665
840
2500
4813
3924
3416
1184
4207
5107
2429
6396
1147
1864
5019
3732
5374
5466
656
968
6378
4191
5624
7604
5714
4197
894
5516
6398
1287
4562
3894
4595
3649
1666
3936
1861
2314
3696
1427
23
3577
8160
304
930
2697
6356
4353
4314
3608
4916
2559
5952
1130
4162
6948
1662
6894
5453
6575
2522
289
4754
4366
2573
3660
1041
513
2261
6632
4855
3141
2826
4442
764
4852
1697
3267
5189
8086
1272
2167
404
6154
1943
3368
512
4721
5545
4903
6580
440
8116
6791
4932
996
7542
5682
7376
3475
913
1820
4375
83
4689
2489
7699
512
2957
4812
5248
3225
3585
7123
7391
6635
2764
3609
4729
5247
7818
8044
269
3836
1801
7003
2829
1339
5418
6664
2572
7235
6199
1842
2907
3449
390
4422
7957
6312
5367
4543
1554
4955
7940
2736
5928
4689
7398
6583
7910
5024
7017
3284
2341
2546
4017
572
4839
3720
4381
545
2284
4739
836
1395
4478
4594
7915
951
4493
1794
4007
7924
3346
215
7419
5129
4727
3609
2496
3851
1733
3433
4152
2662
5493
2698
1717
6829
7914
2945
5487
1942
6790
7593
1009
683
7798
783
373
2080
26
6887
4735
1343
4399
5288
2410
5477
8186
3289
2560
4236
5166
1814
3851
7094
710
6465
5687
2073
3298
7062
3334
4924
510
395
1004
3307
4788
5705
722
1944
4008
5277
3490
5428
3240
8011
5434
4294
4933
770
7232
5745
4842
3472
4754
5166
2374
6973
4689
4325
4807
6123
6419
6175
4691
5581
3993
2214
7839
629
4397
6472
4955
5687
5403
5909
3581
5010
6820
4539
2803
3192
3714
5068
1820
2560
4013
7914
44
3649
5802
951
7695
2579
4765
6179
3706
1051
4988
5456
1685
4574
