0
0
0
9
8
0
0
2
10
0
1
1
0
1
0
0
0
0
0
0
0
0
3
7
0
0
2
1
0
0
1
1
0
0
0
1
0
0
0
0
0
0
0
0
0
0
0
0
0
0
0
0
0
0
0
0
1
0
5
0
0
0
0
0
1
0
0
1
0
1
0
0
0
1
0
0
1
0
0
0
0
0
0
0
0
0
0
0
0
0
0
2
10
0
0
0
9
0
0
0
0
0
0
0
18
0
0
8
4
3
0
0
0
0
0
0
4
0
0
7
0
1
5
1
0
1
0
2
1
0
0
0
1
0
2
0
0
1
1
0
0
0
0
0
0
0
0
0
1
0
0
1
1
0
0
0
1
0
0
1
0
0
1
0
2
0
0
1
0
0
0
0
0
1
1
0
0
0
0
0
0
0
0
0
0
0
0
0
0
3
0
8
0
0
0
0
0
0
0
0
0
0
0
0
10
3
9
8
6
2
25
3
0
1
3
2
0
18
1
0
1
10
0
0
0
0
0
0
0
1
0
0
0
0
0
0
0
0
0
0
0
0
0
0
0
0
0
0
0
0
0
0
0
10
0
0
1789
3194
5390
6817
7456
280
2686
2453
6941
8153
7140
1560
2434
6515
3933
2520
5529
6272
277
6057
5603
7764
6544
2494
6836
1947
1210
5107
3092
6549
2684
7921
3044
2040
2548
8089
6449
3771
7788
820
331
402
6092
2992
6636
753
5215
4848
6526
680
6709
7111
3168
5194
206
1847
7778
5306
6654
1232
708
732
35
6257
7658
5537
3777
7651
4060
5042
2448
2099
4898
6574
7404
894
1688
1727
2091
33
8089
7445
3232
3958
4823
150
7697
8036
1347
2653
7108
1121
7888
6294
3902
7122
8139
1353
4845
1543
4018
4011
6340
1700
6295
6241
7232
7142
4846
1013
3394
2291
5282
7197
129
1186
2284
1186
2978
7031
6589
2192
4630
7921
215
4346
986
4214
1353
61
3761
5671
4957
5174
7206
3566
4581
1031
4652
180
505
5042
8177
3308
5037
4485
2395
4693
3714
4379
4935
6229
1780
7870
4695
6833
6279
2244
5902
4742
2749
3122
2006
6141
3278
4319
4270
2374
7978
4335
4540
2266
8126
4432
1471
3066
2992
1259
7420
810
6976
6976
5064
1525
4961
1548
4395
2705
6344
628
83
520
6208
6686
6552
5187
674
7928
2661
2837
5061
7456
2122
2913
6758
6673
3390
3232
1744
4396
2939
5224
6937
858
306
5274
5454
584
6391
1351
3960
6469
4545
1464
6544
7545
5778
6346
5921
3122
119
6326
7895
6959
5503
3505
1442
652
6960
5326
6233
3287
1730
7657
6159
7650
6948
4197
4359
4502
1610
4540
23
4067
2691
1309
508
4907
6117
777
663
2197
1394
3977
6937
6750
5699
5952
415
3165
810
5933
7676
687
2904
296
6299
1229
1488
780
583
5051
7928
6163
2415
930
5390
6317
6279
1287
425
5914
3869
6924
461
1957
3792
6520
2947
2847
5634
5634
5078
6861
527
3858
5458
8111
6499
1692
5881
8046
7874
3003
4883
8187
1154
2489
6228
7938
142
5339
1105
2405
5408
6500
7855
7367
2145
2778
2675
2320
7123
4000
1403
2360
4649
3232
5056
5145
5353
1525
552
3488
3272
3102
3519
1154
7229
4735
7652
2142
6406
5107
1785
7005
5820
5466
7758
552
296
377
5747
8057
5070
3136
4939
7801
3178
6520
7929
6485
1219
7197
626
4957
4166
7650
5634
4350
157
5175
4988
6659
355
4839
6002
1572
2177
8059
5487
4266
121
7768
7274
6561
3394
6547
3729
5444
7895
6276
326
5843
1465
1465
3283
2352
6976
8139
7404
5338
4325
1564
3096
588
6470
2933
4837
178
184
3363
4199
1071
3449
2056
5637
7367
1262
894
3232
4780
4496
7240
1219
5037
6976
1753
6257
2939
6547
2142
3809
6271
2449
2419
2433
7103
4319
6777
5351
8072
5337
5716
308
2434
320
5754
6750
6322
6999
8177
3771
6098
7577
4976
308
3232
626
2145
4976
4018
1180
5217
5834
335
2430
6044
7520
1224
3119
5547
3752
787
4578
7524
6393
643
894
1824
4009
5358
6091
4228
4369
945
5736
2994
3783
7776
4791
7702
5574
5070
2519
819
6233
4551
7956
3252
5835
1928
680
5115
5558
6096
5146
4848
1042
4042
2072
7683
3971
2778
3363
273
7364
2511
535
7921
6170
6850
6687
3232
101
1694
1780
2614
2420
81
4016
2217
2429
3068
951
8083
7414
4889
6667
1361
527
4083
3149
3989
5299
975
2461
3730
3862
4893
3721
8
5155
4863
6937
4035
1525
4205
4965
101
8111
5056
1207
6202
1587
2453
2370
2999
5558
461
1527
5343
7849
2997
810
3783
1013
1573
939
6485
7926
17
5324
5772
4962
4357
1360
5588
276
2303
985
4939
8111
6181
6396
469
1543
6406
5067
7358
5101
1384
2663
1377
83
532
3557
6376
4452
1079
3141
8106
5466
7294
3174
8153
4931
4357
811
6089
810
4010
3538
8111
3470
5659
5893
2114
6202
2075
7122
2005
6599
1536
2975
7275
2115
4762
1096
5793
1243
7399
5274
3226
5465
5690
5954
4931
7546
556
2751
3390
1282
3289
8156
6608
4918
3645
4561
4813
26
5501
6510
552
8086
6015
3267
5155
6004
6399
1694
7895
3136
5358
5207
4903
5456
5664
6514
4342
7546
4110
7142
1688
3487
1224
729
2548
1287
3338
3535
6147
8016
3359
3941
1050
5810
777
2661
6835
6911
3538
1465
4789
3567
3858
3771
6170
1183
7524
1816
5762
2863
938
4580
3152
4533
7258
1717
4771
1105
5012
2505
5501
702
4289
6598
304
5163
4585
4335
5428
1292
245
1465
6998
4477
975
6092
4021
1560
1593
1784
3639
7292
4837
4585
5887
3093
2986
2696
4537
1024
492
7206
651
4020
6632
5185
1697
5857
583
7012
868
3183
7046
3489
7240
7367
5692
3356
6352
591
5945
2059
3503
8106
7905
333
671
1602
1158
5608
2075
5275
6002
6672
3544
200
5730
7941
7258
96
2402
4388
6633
6598
2225
6547
7796
1688
4323
1552
5104
1296
7799
8106
838
5064
3792
717
3995
1550
4289
2028
2941
1082
6950
2441
2661
5163
4883
2736
7596
5338
6031
3930
1573
6873
2992
6976
7411
5604
3991
3629
4672
3468
7787
1296
2939
4976
3102
2381
6919
3161
1583
4476
980
3584
5113
6150
1470
2913
6335
2408
1009
361
44
2817
290
2534
4115
8186
6596
7525
6334
8111
237
6795
1846
8111
5104
5972
4933
1896
541
5739
4352
1895
5592
7764
7798
5107
4926
777
486
4399
2986
1513
1097
4418
1295
7989
5018
7358
4496
6995
1013
5282
3152
4972
7355
6499
7776
770
2712
3290
1944
4011
7989
684
3804
7086
7888
6706
1057
3416
6784
536
772
6850
4103
3741
5470
1105
1639
7525
1465
7177
1045
4672
2708
4349
1724
3192
3792
1790
1707
7453
6508
3741
5019
3326
1857
7094
6297
3988
7492
7123
5671
3922
2796
4475
3542
6660
6015
583
4679
2349
5458
2295
1465
5811
2217
5163
6593
1973
2751
8136
186
6781
4294
2152
46
3806
4585
44
6021
6781
4478
7591
3298
1717
5290
1803
4708
3637
2227
6053
472
7265
3293
5693
6873
2660
583
4506
671
1119
6638
702
2684
1450
6222
4551
1938
5716
2131
7909
8039
1821
229
8089
1602
