0
0
0
10
6
0
0
2
9
0
0
3
0
0
0
0
1
0
0
0
0
0
0
3
0
0
1
2
0
0
1
2
0
0
0
0
0
0
0
0
0
0
0
0
0
0
0
0
0
0
0
0
0
0
0
1
2
0
3
0
0
0
0
0
0
0
1
0
0
0
0
0
0
0
0
0
0
0
0
0
0
0
0
0
0
0
0
0
0
0
0
1
12
0
0
0
9
0
0
0
0
0
0
0
21
2
0
6
5
3
0
0
0
0
0
1
3
0
3
3
0
2
5
2
0
0
0
1
2
1
1
2
1
0
1
0
0
1
1
0
0
0
0
0
0
0
1
0
2
0
0
1
0
1
0
0
0
0
1
0
1
0
0
1
0
0
0
0
1
0
1
0
0
0
0
0
0
0
0
0
0
0
0
0
0
0
0
0
0
3
0
8
0
0
0
0
0
0
0
0
0
0
0
0
9
4
8
5
5
4
24
3
0
2
1
0
0
15
0
1
0
13
0
0
0
1
0
0
0
1
0
1
0
0
0
0
0
0
0
0
0
0
0
0
0
0
0
0
0
0
0
0
0
10
0
0
5501
3298
157
4029
5324
3402
361
1600
6012
7852
26
3851
289
7193
1617
7799
2933
4093
4616
4018
6552
4842
2131
5390
6720
5373
3212
4735
6686
6700
652
4727
1893
520
157
2059
4916
4314
2885
3637
7914
5551
4616
3338
617
846
5419
1029
181
94
6616
6238
557
2131
2357
6163
1667
7564
5019
7344
3638
4396
2051
5343
7598
4385
7823
4708
7178
6919
7120
6564
3637
3879
127
6319
5871
539
3660
8039
2507
4175
2731
8083
4965
6427
1549
2905
520
5659
533
1384
3236
4962
7321
1351
2484
2031
2252
1488
432
7031
6427
4488
4245
4926
1176
2236
1229
1727
2949
2515
7113
2696
8047
5987
8132
6978
3988
1065
4913
4756
569
4020
6246
5142
2385
7015
155
3959
5778
4788
8153
170
6337
2957
1549
3389
1857
4387
7037
6561
2395
6044
4848
6188
1717
6179
6033
6232
25
6254
277
7144
780
3396
1259
2446
6234
6417
3645
5319
7798
2415
6458
3960
1512
6624
124
7888
6605
4432
4843
6349
3232
3672
7799
5051
1494
4311
4817
4616
3821
2130
3851
3950
1470
5040
6405
6705
5706
907
2829
6074
486
1129
3507
3693
1260
6783
4444
5806
5865
415
4333
8111
3629
5821
1058
1301
2585
4101
3020
2129
4325
3146
2131
2843
486
615
3620
1468
1154
6833
2129
193
3544
2268
1878
5338
5597
257
1335
863
2992
810
787
8055
4620
6631
2448
4432
7411
6378
5797
2232
2522
2004
5882
3694
5265
1944
772
6279
4335
7015
3439
7119
5576
3999
840
237
5302
5455
2569
8067
803
6976
3771
6557
3198
4675
3249
2669
7416
3394
7787
2585
2395
6732
6967
7909
4125
3609
1997
6822
6791
8160
6822
2278
4593
121
919
5180
7567
4000
2572
7420
7404
1905
1073
4045
6349
4010
4382
7770
1662
5952
1360
680
2992
3283
2284
6355
6241
4103
4319
5892
1944
2629
1309
7510
3392
1709
6509
6443
995
6744
4823
838
153
2145
5114
4611
2934
7648
1551
2457
1158
5498
2496
838
4903
2019
6304
5456
6672
5744
491
8160
5687
4150
4849
866
7500
7364
180
3771
7041
5005
5478
6979
3380
7076
1881
22
4509
5588
6468
4992
6520
3792
3232
7954
6575
4019
6293
583
6442
83
156
6827
4502
7276
6128
5142
3136
2615
1957
894
2461
1552
5359
4455
2992
2939
6580
6463
3594
2225
4265
3686
5588
4903
3965
5070
6638
2005
1583
5075
6937
1539
6660
5805
3185
253
5354
5980
5692
5104
3698
728
7370
2351
863
257
810
3792
6884
4780
6186
6377
4399
6673
7177
6598
5464
7805
6129
827
5542
6188
1118
1238
6002
4077
1930
6526
7211
1079
296
5104
7080
2574
6673
1112
7810
5416
6275
155
896
4934
7588
995
1295
89
6616
6891
7225
3792
2019
3075
7829
6295
2196
4013
1697
5155
7763
5716
749
562
7810
2019
4958
3279
3505
1266
1266
7936
4253
5572
3291
4645
6357
1841
2737
406
4319
2507
3792
2992
838
476
1186
5439
7854
5000
6001
6356
1610
3326
1055
6677
5236
3325
4197
3998
2431
1696
863
8166
6472
2296
6386
2532
6545
3012
7545
2316
2660
972
1079
5455
5503
7364
5803
4742
4812
407
1690
2278
1009
255
8069
6441
3773
4734
1439
386
6378
5114
7572
8147
4992
4018
5347
6835
7162
4155
7844
4152
5104
3592
6465
2994
7242
7177
6540
1312
4274
3805
5155
6074
2425
4788
1365
3904
4585
7108
7929
4119
3347
7847
3711
6181
7593
7323
3503
6016
5984
1532
5640
995
2507
985
4060
101
245
258
5257
6306
7585
5515
1711
3637
1839
2408
1607
2801
6554
6526
4197
2030
2050
4496
4432
894
5499
3063
5614
5778
4000
2400
1010
6478
6598
838
6520
985
3272
910
3168
5801
626
7657
1276
8129
4074
2005
6222
2546
2862
5217
176
3678
6673
4678
894
7225
1431
1753
3771
968
2984
7424
2502
1525
7456
2431
4903
3792
4010
2820
7242
5581
6372
8012
488
427
2059
2328
1402
4918
5806
1073
3976
7766
6091
3069
5503
6119
3394
5578
6948
8166
22
1276
4955
2540
5182
5207
1112
4823
3011
7895
1429
6654
5551
5067
5986
614
4873
2932
5521
4842
6498
5328
3792
2086
6673
3965
6995
5040
3178
6349
7240
894
5146
5979
656
643
1243
6738
1515
7931
847
1827
6181
1857
7389
2218
3435
4077
4474
6015
715
4792
665
2937
257
2982
4992
7936
6072
3370
5328
1957
584
838
5736
5274
3178
288
4446
4379
8110
7213
6664
6973
1023
7722
7786
5749
2597
2080
2661
3682
5140
843
7120
1997
5115
3214
1934
59
6143
8084
4032
118
858
8166
4766
2457
4680
7166
2225
5899
2585
8086
8086
4291
1989
683
4085
7571
1732
5477
1595
8092
1309
9
5411
5163
148
2817
404
1590
7427
3426
3771
1259
3672
1465
3008
8009
7932
3634
7282
866
2532
702
4274
1839
1965
5066
7235
931
5275
1075
5290
7613
2166
2286
5215
1738
5368
5694
4385
8016
1312
2515
6664
2250
7527
7172
4549
1548
7841
8111
6719
7574
6241
384
157
4734
7144
3720
1610
5187
1857
361
5275
384
7239
7938
2683
7265
6122
520
177
1082
5277
156
7101
2395
121
1890
7778
3043
6204
894
3674
5122
778
2907
7699
4085
4476
5390
5390
2691
4883
5308
5275
6447
568
4294
1941
8075
5275
6781
44
1402
1141
2903
514
2773
4835
4796
1854
1893
842
3714
5247
5236
6820
2327
2741
7591
6651
2146
588
6770
1075
649
825
2661
1124
1171
3598
777
7106
4476
1685
6359
1512
4851
7915
1291
137
2868
2999
4385
2520
6706
5247
1230
3267
1947
3636
4213
4630
1224
390
3389
3402
3959
8025
2499
2801
5090
6312
879
1536
6926
4788
1082
2741
2283
44
6672
7957
4771
6202
4107
4312
1082
1508
1384
4734
5247
6053
3439
665
1150
5628
2415
8080
3433
7670
7570
130
7564
148
4243
4476
7887
7887
6222
3638
2315
1031
7866
6406
4421
3338
7732
947
6863
1864
2040
6383
3439
1155
5319
5027
5027
7564
4883
777
4813
2843
7591
