0
0
0
7
8
0
0
1
10
2
0
2
0
1
0
0
0
0
0
0
0
0
2
4
0
0
2
2
0
0
1
2
0
0
0
0
0
0
0
0
0
0
0
0
0
0
0
0
0
0
0
0
0
0
2
0
0
0
2
0
0
0
0
0
2
0
1
0
0
0
0
0
0
1
0
0
1
0
1
0
1
0
0
0
0
0
0
0
0
0
0
2
8
0
0
0
5
0
0
0
0
0
0
0
21
1
0
10
4
5
0
0
0
0
0
2
4
0
0
4
0
1
3
2
0
0
0
2
2
1
0
1
0
0
1
0
1
2
0
1
0
0
0
0
0
0
0
0
2
0
0
0
1
1
1
0
0
0
0
1
1
0
0
0
1
0
0
0
0
0
0
0
0
1
0
0
0
1
0
0
0
1
0
0
0
0
0
0
0
4
0
7
0
0
0
0
0
0
0
0
0
0
0
0
10
5
7
8
8
3
30
0
3
1
1
1
0
16
2
0
0
10
0
0
1
2
0
0
0
1
0
0
0
0
0
0
0
0
0
0
0
0
0
0
0
0
0
0
0
0
0
0
0
10
0
0
1067
5858
4877
2459
2501
1469
4812
7663
7534
3888
6791
5319
7201
563
414
1090
4215
1594
8163
1565
6393
4539
5887
6926
583
722
4920
486
2630
1672
6041
1893
3741
7327
3298
4027
1917
5222
186
2261
1249
7053
7961
4898
6208
2192
721
1309
5659
5677
3506
6384
994
4457
6546
6005
4162
617
7453
7467
3610
1803
2835
3433
7900
2593
3416
5701
4099
4268
2785
4255
2887
7371
3884
7233
5774
2690
757
1508
1947
5096
5805
7673
3741
2811
4436
1685
7470
1238
4667
7796
2182
3924
6553
783
4418
193
5677
916
7702
381
6194
460
643
4743
2390
6492
6087
4314
6397
1089
6226
7239
3225
6395
4569
4522
5857
1342
7695
4522
7246
3225
4478
4224
1224
5779
7854
7587
5255
5746
6614
7800
22
1724
6041
2485
2682
2675
1931
5628
7788
744
7373
7872
2958
3741
1584
1835
772
4695
7432
5024
3207
2013
7510
3600
4383
5470
4834
2597
2489
4812
6705
2303
7424
3146
3751
4341
4448
3477
1765
4739
146
7843
1220
563
1672
6306
731
1185
7615
5171
3553
3166
759
7702
6654
2676
6440
6442
158
8011
7135
7828
6458
7614
7193
3902
600
1774
3682
5163
3696
866
2862
6406
1376
2441
4274
4008
340
4927
2945
3601
7961
5476
5487
2145
4197
6495
7255
4798
1287
763
4640
1653
3754
146
3923
261
7720
6959
4274
2453
7453
1089
2775
3610
5794
554
384
4574
2470
5687
716
3609
5882
2449
3792
1934
502
1097
2523
7254
306
6950
2759
6398
2365
4175
6681
8153
7516
7525
7355
187
4467
5937
6044
7000
7311
2583
5537
6041
3212
5290
4718
5220
3494
3610
428
6716
6555
4347
7262
4600
2005
382
1090
2945
2705
5489
2999
2691
976
3865
1079
7648
7318
1307
7166
6463
6528
1032
3542
7665
4202
7901
4074
4328
4817
2914
4410
1084
5681
8142
8160
1513
5090
4807
6650
2548
4488
7246
563
1042
7807
6858
176
5453
565
1186
6732
6979
8076
3752
4803
2423
649
4436
4087
3385
1260
2930
2013
2167
2929
915
1669
6371
520
5628
1088
958
7006
4445
7262
7470
6002
1831
6842
4379
5448
4104
7963
3792
4000
2612
6814
2182
1249
5709
426
5370
2691
2004
4292
4187
7998
6993
1685
4418
6605
2801
6619
5351
7661
2637
4740
8116
2999
3057
4504
5231
6411
7521
7140
3576
5465
5167
6485
7642
4311
3119
1097
6664
420
3534
6304
7777
8055
7387
1470
6053
663
5745
1154
5051
6993
2930
6925
193
8030
6554
5012
6571
3468
7477
4903
6335
7895
3467
4248
1077
563
244
7373
2054
1684
4347
4960
1713
4568
6481
5892
897
4224
3144
5482
6831
2005
1951
2378
2801
6165
8105
6654
4154
5
116
2937
4075
6030
7841
2258
2751
7367
2356
930
2653
1027
5557
7380
1150
4839
4164
5623
2546
4457
5326
3464
2422
4635
6335
1153
2859
3338
6163
4618
17
1827
5850
6514
6613
3118
4958
1130
3966
80
386
426
1289
6238
2737
2796
3861
3121
5322
1277
44
2347
7778
7980
4369
5757
5762
441
6956
5325
7071
656
2104
4277
7648
6358
1382
4481
4357
1560
3063
132
7748
3916
4190
7663
4695
569
6822
6215
2945
2933
4385
4535
6132
5463
5102
2629
6844
3398
8003
6793
5952
176
3792
2844
888
500
4182
2289
2720
2553
3966
2994
976
1738
1951
1055
407
2672
1450
7498
7119
7686
25
258
1206
2338
1658
4152
2686
2830
22
4993
6378
7577
5714
219
2007
888
3378
2272
949
3711
5453
3232
7353
1173
4540
230
2930
6850
3012
6356
2817
6395
4475
482
2284
54
2008
2308
5794
2021
2064
6673
2615
1493
2175
5783
488
4688
4903
6884
1079
476
3279
847
2559
5278
881
462
692
7796
4053
5479
4920
4522
414
563
1141
853
5985
308
5497
7713
944
6352
8147
2820
80
707
5465
6873
3921
1801
3272
7964
2448
3533
230
6947
879
635
5196
6398
5659
5226
1265
6508
3542
1606
481
1058
4446
83
4884
6759
2696
709
496
3289
7167
3698
6762
6098
253
1788
5274
296
3728
3368
7106
6052
3888
348
5208
8069
5339
3515
1791
4754
6330
3490
2572
5850
2341
6482
6552
2868
6989
4067
6656
4165
6821
6276
5786
7232
2020
1038
5935
7758
7318
896
3207
6031
1709
3751
4955
96
7938
5339
2119
2365
3433
7571
3999
4445
7378
7564
827
534
3494
2834
4825
5232
3250
3672
6750
6378
7364
4018
941
863
1229
466
1414
747
7209
4540
2935
2295
6879
6170
7663
7573
2489
7788
1566
7002
2314
741
5722
1883
4701
6845
2336
4410
7961
6172
6254
5282
8072
3771
3291
7404
1571
4861
7613
2708
7527
5603
7206
1814
5306
5100
1523
466
2016
6346
1094
250
7090
3601
6123
1450
5628
5119
4349
3824
4734
6546
2658
6105
7847
939
4379
4863
8033
3942
1841
5957
7763
1402
424
633
2741
2365
1057
1311
2449
946
826
8085
1733
3440
5020
5652
6279
4825
841
6005
7314
6312
7012
3156
3629
8093
1107
4334
926
1483
2520
4396
5226
5972
5075
6031
4739
8010
563
930
3184
1997
1117
5279
7810
4319
98
1097
6396
5501
7910
6968
174
2009
2608
7090
4898
6557
2104
7972
6041
6470
5709
5277
5000
1839
139
1181
1917
6215
545
3121
3601
3438
5545
4600
2735
583
6307
4796
5282
6266
2691
2741
3694
2815
5301
2736
4878
1425
6053
5308
3368
4409
4625
692
4335
2977
2922
8030
3146
6624
2646
1580
148
2958
1565
4216
6319
5090
1544
280
7452
3634
4238
7491
1976
6259
3059
1803
290
4898
4689
1333
1751
6956
6760
3320
6258
6756
7048
3487
5417
2539
1653
5468
6714
1824
6002
215
3943
1060
7636
5250
2112
1932
6686
1556
4554
5145
4443
355
3637
2408
2489
876
4948
5717
3894
4673
3584
3447
1363
925
2548
758
5707
6013
4652
2699
5731
5987
1755
1876
6868
2771
5007
6646
6685
5195
4476
5933
5843
4216
1082
566
2907
6417
5887
5306
4224
572
2829
4841
5369
7464
2075
5090
598
6331
6170
