0
0
0
9
8
0
0
2
8
0
0
3
0
0
0
0
0
0
0
0
0
0
0
5
0
0
2
2
0
0
1
3
0
0
0
0
0
0
0
0
0
0
0
0
0
0
0
0
0
0
0
0
0
1
1
0
2
0
2
0
0
0
0
0
0
0
1
1
0
0
0
0
0
1
0
0
0
0
0
1
1
0
0
0
0
0
0
0
0
0
0
3
11
0
0
1
8
0
0
0
0
0
0
0
21
3
0
9
8
5
0
0
0
0
0
0
4
0
2
5
2
2
4
2
0
2
0
3
1
0
0
0
2
2
2
0
1
2
3
0
0
0
0
0
0
0
0
0
3
0
0
3
0
2
0
1
0
0
0
0
1
0
2
0
1
2
1
0
0
0
0
1
0
0
0
0
0
0
0
0
1
0
0
1
1
0
0
0
1
5
0
10
0
0
0
0
0
0
0
0
0
0
0
0
13
8
9
6
5
4
31
1
3
1
1
0
2
16
3
2
1
12
0
1
1
2
0
0
0
1
0
1
0
0
0
0
0
0
0
0
0
0
0
0
0
0
0
0
0
0
0
0
0
10
0
0
2817
4065
7484
1087
1470
276
6371
2826
1842
4842
1821
2378
683
1550
7570
5129
7246
6544
7419
4647
1595
1193
4904
606
6636
8143
5326
94
5171
4698
90
1539
4325
200
4341
1452
2410
390
6997
5173
2217
2665
2975
2975
3645
3056
1154
3682
2136
7258
764
6188
882
366
1697
6358
1879
3773
3896
4342
1131
2123
3154
7956
4641
2507
2484
3986
649
6997
3851
7852
6395
3858
6960
2304
2304
427
4022
466
3482
148
3161
4067
2361
886
4224
1279
2892
7240
924
6376
232
1930
6664
6605
4809
2657
5019
1893
2283
4771
3959
533
5063
5542
6958
4644
2736
3541
1094
684
7956
3515
4533
6346
7155
2028
7686
2577
6376
232
7041
7936
6976
3524
1429
3771
3977
1672
6510
2546
3320
6553
2661
7570
2764
4708
3741
5801
6469
5205
7034
90
3225
6041
2884
6265
6868
7890
6074
2960
3771
3774
8166
1341
2019
6164
4010
2855
2202
2343
5874
5701
6245
6447
1132
1090
2777
3600
4735
3585
4837
712
6202
3797
2136
4502
255
5129
138
6879
4175
3816
363
3774
1613
6839
1131
5561
232
6520
3585
6791
6227
3702
4093
959
2817
7957
2986
4264
951
5779
7621
6252
4383
1464
158
3609
5537
2907
2569
2193
7515
894
4654
2578
7456
4955
7603
4038
5447
1266
7294
7408
1821
4672
2421
280
3051
1075
6708
5688
4385
4950
7391
5129
4609
1024
2425
6307
7389
5805
6829
7804
3774
6894
6995
4942
974
1675
3047
968
1341
154
4594
3741
3389
4898
3623
3453
6188
5643
6821
3506
280
1309
8160
5643
8055
7051
1791
7135
254
2912
6406
5326
159
968
1341
7776
7934
484
2208
7680
273
7177
2661
1776
5319
6249
8116
3600
1602
7374
5091
4825
1023
5489
1425
5408
6692
4149
566
7570
4519
740
8
5658
7225
2094
4662
273
1284
7404
1664
3792
6378
1026
702
1132
1469
5226
2907
348
2427
7225
1657
5806
1035
4202
6541
830
6995
7841
2952
5579
2784
4785
6974
7515
6376
5106
5085
6649
2474
5289
80
4935
80
3126
7887
4018
7986
1160
1620
721
1696
3112
4935
770
3356
4480
5114
4935
4935
5425
2026
5155
1082
35
4109
1449
6066
928
3698
1341
3524
3466
3505
894
2586
2808
3682
5701
2499
3751
5249
7961
4382
4177
5561
4935
5114
8100
3771
2461
3774
2450
6998
391
699
5730
1443
7636
308
5786
3255
4619
1493
5561
2982
5728
4507
4979
35
639
3235
7623
7787
4935
3998
5231
3524
1231
2855
7525
8166
1341
6704
2431
7936
6255
6349
5001
3601
698
811
2783
4248
395
3869
1999
5324
11
2186
803
1821
6380
770
7936
5503
7796
5706
346
4276
2461
3771
6099
154
894
6378
5447
6937
8111
6894
5728
7212
1075
3043
54
6433
3990
5326
1493
6639
5418
4654
2328
3477
5165
3069
31
232
2461
5744
6325
118
2461
4119
5960
2461
2457
4722
6376
2461
232
1026
6325
7477
5048
2411
1131
987
7531
4496
6970
5155
4214
727
5393
1821
4445
4767
5782
1552
6164
1465
1698
176
5952
6411
5952
80
1341
6098
1341
7796
1231
3771
1757
3475
1224
7745
7926
6974
3991
2104
4007
35
5288
1060
6119
6172
440
6164
5289
235
6561
2019
6976
5911
4181
5741
7195
4194
4379
6995
6979
4823
7041
3466
920
3326
1160
361
3706
3326
5530
5587
4340
7246
5427
7596
1899
5561
3774
3774
4935
6038
7076
3112
3634
5800
3503
14
769
4149
3528
3192
3112
4265
7404
3643
5285
2410
4349
5902
2339
90
3835
7199
2283
1024
8025
7670
764
6575
3024
6649
6659
5093
4672
3212
116
2506
2610
2499
4467
2095
2634
5714
7515
894
6195
6318
5699
5549
8039
1395
7986
3609
4224
1035
1071
155
3161
4876
46
4841
7240
4767
6744
5377
118
5258
6066
1382
5984
7588
2277
2316
1296
5142
894
1341
154
2855
1026
7572
7005
7373
1634
654
5165
3291
5587
6183
5914
1838
2402
1312
946
7304
7796
7796
80
7796
2051
6066
2949
515
7664
6259
6547
2051
1026
6858
6941
4639
5552
2450
6894
3171
6406
5447
6635
896
1067
5487
1842
289
6472
2328
3809
1341
6995
1231
6376
3965
1790
1280
4780
2732
3287
4018
6376
8166
8111
8065
5231
7076
5744
118
6858
4009
1649
740
3260
6393
7156
5601
2850
3637
5283
7787
5658
3774
8166
5231
7404
7807
4265
8084
7225
2855
7456
6995
2855
6995
358
1943
894
2494
3991
8147
6619
6770
4793
514
2861
986
25
1488
6135
7113
3440
942
8177
5114
5001
1905
5588
5113
4835
5421
3965
7225
5578
4866
3524
5561
3711
1894
6781
7692
5468
2022
4825
6222
1090
1954
7663
5226
3842
5339
6031
4950
4214
348
6332
4094
6398
3541
1958
3501
7271
3069
6595
2461
31
4152
6575
6195
3524
7071
35
6293
482
8025
3715
8047
2782
7155
2192
4491
2657
1070
4107
757
5933
1819
6122
533
7582
5116
3807
6189
7521
3069
6038
7648
176
6417
3771
7525
3774
1657
1415
5196
1483
708
2629
1550
1746
2507
3923
1656
4171
6822
1452
5853
3441
1464
5654
4340
6041
5531
1384
2601
2660
5728
3774
4527
6979
4018
500
3976
6561
4780
6595
7160
4593
1536
671
568
870
4311
2183
5301
7568
7921
7388
7575
859
3056
6895
7072
1838
4698
4852
6449
6164
5081
442
5728
288
358
7796
4935
1231
6649
896
3189
4162
280
3741
4146
1483
1242
4880
5588
783
1931
2976
7097
5536
1535
3993
1733
1653
5715
4381
6970
3629
5135
6591
7211
7424
2810
7279
8073
232
7307
2329
5057
142
559
1997
44
1801
6469
2192
1425
5874
7764
1680
6355
4907
5843
1395
46
6831
1353
7585
1638
6015
1664
7202
2916
2467
3259
157
177
4812
388
1581
4442
7915
8173
7216
2467
2406
5384
4353
6791
1981
5272
2059
575
6227
601
5073
5463
5778
215
2405
2361
2066
4224
3051
4739
4065
7094
7722
763
3674
2826
2482
8046
5113
6135
6355
1838
5948
1320
2856
4397
4546
2817
6406
6208
6356
