0
0
0
10
8
0
0
2
10
2
2
1
0
0
0
1
0
0
0
0
0
0
0
5
0
0
1
1
0
0
0
0
0
0
0
1
0
0
0
0
0
0
0
0
0
0
0
0
0
0
0
0
0
0
0
0
1
0
1
0
0
0
0
0
2
0
0
0
0
0
0
0
0
0
0
0
0
1
0
0
0
0
0
0
0
0
0
0
0
0
0
2
10
0
0
0
6
1
0
0
0
0
0
0
20
2
0
5
5
3
0
0
0
0
0
0
1
0
2
6
1
1
6
0
0
1
0
2
1
0
0
0
1
0
2
0
0
1
0
0
0
0
0
0
0
0
0
0
1
0
0
0
0
0
0
0
1
0
0
1
0
0
0
0
0
0
0
0
0
0
0
0
0
0
1
0
0
0
0
0
0
0
0
0
0
0
0
0
0
1
0
10
0
0
0
0
1
0
0
0
0
0
0
0
9
4
9
3
3
2
21
4
1
2
3
0
3
15
0
1
0
10
0
0
0
1
1
0
0
1
0
0
0
0
0
0
0
0
0
0
0
0
0
0
0
0
0
0
0
0
0
0
0
10
0
0
7670
2130
3600
7900
1078
5363
4609
1596
6926
533
5024
4018
6796
7777
1944
2278
2496
7909
5921
99
2459
7921
3289
421
8030
6356
5746
783
2296
2506
744
338
5012
6827
3959
5173
7440
3475
7510
2850
3600
3858
4921
3188
5171
1717
2830
2438
8065
384
8058
5515
5247
5730
1425
5057
5682
1361
7301
2057
4327
5423
1488
7850
4080
3391
4537
5677
6672
5351
3969
7596
4718
5452
2080
7034
3161
6645
3687
3457
2558
5801
5779
1513
2009
7199
4152
4707
7666
5115
6005
704
7795
5705
4104
7332
3821
1285
1411
2583
2778
3986
7818
4292
7294
6104
4718
2402
2741
5839
4742
7072
4953
197
4880
4214
6515
4353
1424
4448
3241
4093
5093
2829
1353
3755
2461
4152
2999
5322
6393
1067
3835
1124
2167
7997
2500
7122
2236
1314
3835
5576
1524
1534
2214
3699
1864
7591
2467
2002
2560
2080
2443
2156
7905
2484
6820
227
5536
332
1119
4412
5198
5975
30
8160
8089
3773
197
7462
2803
4950
5024
1550
4340
3732
1395
5551
5915
4412
5367
3420
783
2410
6836
5821
6353
4405
3084
177
692
6117
684
1765
614
6871
8039
1242
753
2313
2166
4537
866
2817
2328
961
770
1777
8058
1748
6677
5067
343
7753
7190
3861
47
1435
1418
7745
5551
7113
2676
6281
5024
255
2676
6058
777
6919
2507
3959
1649
779
7643
5782
929
5289
232
7525
3549
976
5883
6692
770
863
1999
6447
981
7816
2554
6469
2583
2080
5643
5389
3559
6737
4353
1717
1362
382
3631
1600
1893
5883
1038
5503
2855
5425
2855
2461
6595
5991
985
863
4265
3792
2305
7301
4295
6440
740
4866
1944
4499
2049
2378
1820
3720
5232
581
3194
4694
1269
7985
7884
5455
232
1493
2193
3792
4276
1231
6414
1552
5549
5728
2855
3524
7404
4343
3806
951
575
3321
6447
1565
233
791
1890
1105
7235
4796
7119
5290
6706
6414
3991
8100
6099
6038
3771
6378
1552
5561
5042
2450
8003
6038
1231
5446
1515
7012
324
6358
5288
7470
5037
7391
1024
3986
1055
7148
4164
2610
4170
1824
3168
4675
1038
4333
346
3232
2855
7225
5503
4119
2457
7796
4276
2494
7936
8111
755
5487
133
4437
6123
472
6793
1550
1672
1673
5801
740
3888
7888
1821
7039
6494
5782
2193
5744
5124
8147
4010
5561
1231
7932
4935
2076
154
6976
6894
6894
7936
1493
1231
5782
5971
5801
5367
3389
3433
4207
1854
492
2764
6799
594
4823
7936
5728
6119
1064
7796
3678
6264
5736
5228
5723
4000
680
1131
5728
1243
4119
3524
682
154
2461
4649
533
3073
1252
7011
7887
915
3732
7408
5240
298
1719
4149
4976
1465
3774
7936
5561
2844
5202
4649
3010
5228
7538
5446
6891
3965
2540
1243
7482
6995
5578
4264
4341
1224
2751
6053
5171
6441
6041
2043
1421
3291
1849
6099
7076
5231
8100
4790
7600
8060
527
3631
1776
3413
5723
3666
7563
5446
4276
6449
5217
7076
3295
7799
2684
5701
1256
418
450
1819
2696
7994
1973
3174
5658
682
1231
3854
6164
8111
7936
1608
3261
522
6639
988
317
3551
2855
2855
31
7225
6099
4265
5453
4464
6226
4779
6817
7057
5530
3851
5475
4507
7982
7177
5952
5005
7076
6195
3468
3771
7796
5079
1846
463
1816
3118
5354
3993
6976
8065
5744
2461
6974
3524
3524
3946
8066
6441
2217
1587
1082
2558
2560
5752
563
2562
308
7796
3886
5446
6376
232
8111
7378
7533
1659
3068
3998
3888
118
995
1341
6092
2540
232
6995
3011
3308
4892
5127
3413
4839
6241
6147
6645
7570
3584
6973
5145
4903
5658
682
2675
5328
1727
995
2840
4164
5282
5692
80
2461
476
3524
1493
1552
4000
1026
7399
4242
3057
1180
4152
7167
5104
2218
1554
2271
393
6393
2330
4649
1493
8145
5585
6164
5079
5701
1411
2855
3771
3678
6038
2019
3524
5455
7593
894
6048
2808
998
1847
5701
1593
2698
1602
6672
390
1536
3600
2629
4074
5928
2478
7476
3468
4955
5447
7041
2601
8166
6449
5588
3178
6038
5093
4276
4205
7796
232
5114
5258
391
6125
5248
4950
5163
7816
649
568
1090
5798
5643
6677
3861
508
3046
5250
4119
7936
1231
1130
3127
6376
1045
551
5454
3774
3524
5865
6595
5714
1026
4014
5301
4927
1023
7699
2801
4950
5292
6686
3687
486
418
3741
1697
4796
6980
6894
4453
3774
4675
4086
3809
1341
4791
2096
7800
6561
4453
3130
6449
2019
2751
3602
4506
7699
772
5248
2884
2558
7002
4835
4950
4350
4125
7492
466
1029
3176
2461
3524
5200
2960
4695
6414
5658
1831
6510
606
2992
6318
5297
787
2941
46
5102
5493
4880
1821
410
4597
7188
5319
6058
6824
4809
3490
3577
4340
1024
6868
1784
4510
3503
5928
2031
2972
847
5586
899
6520
5744
2957
6988
1452
7153
5288
355
1404
4785
6950
6945
6419
583
3993
5892
7910
7437
2558
255
7123
2425
1513
2192
46
5579
2661
3542
3046
4794
2396
6414
3505
7515
7409
5232
4880
4018
1787
5751
4350
6820
5977
2016
5863
5476
389
2560
778
2361
7910
6393
921
8016
1245
3821
5778
6395
6307
2679
1989
1331
4569
7041
7696
3476
6643
2114
3188
5798
3207
4074
7094
3623
7398
4214
3290
8023
7110
533
7910
5551
2731
7582
5119
4340
4361
4771
361
6135
96
1124
4361
35
6002
2796
6475
6487
902
1620
3483
5079
3188
6332
6005
6475
3797
6826
2066
5892
7673
3416
1245
2286
1565
6271
7262
3623
2907
1105
2280
1469
215
5874
1051
7957
390
4475
5594
5913
4125
4701
5720
1023
6552
4274
4926
7025
3682
3959
3584
8159
4812
777
6396
533
4594
740
2115
7966
4825
2558
4813
7928
4239
4628
3625
4644
591
1029
5458
4342
8136
704
2513
7670
3433
4735
6781
6265
5427
3888
8025
7767
6441
3290
5019
1576
2489
3577
2736
3901
3359
3044
6141
1362
899
7498
7689
6031
6332
3282
2485
5496
4823
7551
3531
5979
4361
2558
533
3625
2343
6104
5067
3410
7699
