0
0
0
9
8
0
0
3
10
1
0
3
0
0
0
0
0
0
0
0
0
0
1
5
0
0
3
2
0
0
1
0
0
0
0
0
0
0
0
0
0
0
0
0
0
0
0
0
0
0
0
0
0
2
0
0
1
0
4
0
0
1
0
0
0
0
0
0
0
0
0
0
0
0
0
0
0
2
0
0
0
0
0
0
0
0
0
0
0
0
0
1
12
0
0
0
7
0
0
0
0
0
0
0
16
1
0
8
6
5
0
0
0
0
0
0
5
0
1
5
0
1
5
1
0
0
0
1
1
1
0
0
2
0
1
0
0
2
0
0
0
0
0
0
0
0
0
0
4
0
0
0
0
0
1
0
0
0
0
1
0
0
0
0
0
0
0
0
0
0
0
0
0
0
0
0
0
0
0
0
0
0
0
1
0
0
0
0
1
3
0
5
0
0
0
0
0
0
0
0
0
0
0
0
7
7
5
1
1
2
22
2
1
3
0
0
0
10
0
0
0
11
0
0
0
3
0
0
0
1
0
0
0
0
0
0
0
0
0
0
1
0
0
0
0
0
0
0
0
0
0
0
0
10
0
0
981
4146
5079
5077
4445
5367
607
209
7777
4213
7887
7967
6310
1576
3284
6821
1513
534
4383
5173
5534
1343
1744
1217
4009
4099
3317
8151
2260
5850
2515
5706
2541
5120
6141
4581
2206
5385
30
3572
7995
4667
3601
7982
1077
2266
3771
2165
3084
6376
5624
6214
1621
4572
7604
4169
4807
6281
6654
1678
5821
4979
1698
1164
255
3196
740
6058
2922
2415
7143
6141
1238
1053
6016
6662
995
7841
232
3467
6378
5561
2585
1236
7806
3120
6846
5765
5444
3232
1672
2958
6021
4174
6632
8148
137
3572
7852
4117
1488
4950
3435
3588
631
6822
6595
3090
5588
1552
6038
2574
153
2855
6098
6195
3146
7877
2558
6165
7218
6791
2271
5408
628
2276
6615
559
3102
992
5680
7230
5165
1542
541
2916
3541
4698
1341
4794
5022
6334
1341
985
1471
5744
995
523
7533
7650
915
1208
7851
1238
5113
7187
2566
7314
6836
6818
7639
5619
1944
4873
8137
4581
2328
146
778
1031
6376
6195
3069
129
154
4119
4276
4680
6894
6995
5561
7469
894
4827
8083
4892
1209
5777
2299
1876
7155
2347
684
4007
117
1709
4641
6366
4812
1786
1576
2131
358
5561
7404
1112
7515
6995
3965
5588
6995
1231
5328
3774
118
4827
210
2136
390
5301
1141
1942
5736
1610
4498
7948
4422
2252
4950
288
7790
1024
4317
4679
6099
3991
4509
7404
3232
7548
5782
3524
2601
5042
396
6318
1934
3405
5445
1675
2661
2869
4976
2808
3505
5104
4224
297
8011
4270
2489
3656
3457
6344
1757
5658
232
7548
680
387
4764
2717
2808
6547
6979
5726
6040
2494
206
2286
4085
2124
4326
6698
7716
6636
6073
2973
6895
6015
3161
5494
1535
783
2129
137
6746
830
4903
1013
957
3452
6263
7526
5201
1296
1465
2461
8166
1461
6104
5798
7492
4214
46
2597
7389
6141
200
2546
671
6089
581
3189
2836
2419
2679
4224
5928
1244
7936
2647
1990
7806
5314
2603
4655
5574
1493
6038
232
5037
5188
1452
6104
5874
6973
2795
5654
3741
2347
3515
1951
5272
741
5631
3212
7782
3969
6295
5928
2675
1527
5104
317
2049
1686
1382
7746
6836
5446
7225
5446
176
2778
8035
212
3416
1931
5810
5654
2024
1803
418
6356
2676
1767
6227
5778
5402
5652
4217
2574
4823
7936
5714
6743
2838
2677
7825
6259
5498
5005
2540
7306
5960
1038
6894
7768
6355
280
2009
4689
2109
1927
6482
6681
951
791
7722
568
3588
5236
7964
2457
6195
1659
7525
2855
98
5250
7213
3711
6164
3468
5453
6974
5658
5446
3468
6164
7834
6700
6828
4224
4919
2518
709
414
3494
1947
2884
5027
208
5029
7521
682
1734
5289
3183
4935
3149
5430
3446
5421
682
6894
476
5540
4843
830
1608
789
1608
6809
8152
5393
3976
1112
4401
6195
5489
255
3645
7436
4734
5658
3524
1243
2990
8147
154
118
6378
2494
1999
7572
4276
2808
4527
4903
3413
4341
4334
5848
3966
6595
7776
4110
3576
7089
1727
6417
7188
2271
2916
6132
5306
6167
7225
985
5001
3112
5453
3198
2855
894
2808
3090
3279
4119
2291
7936
6526
4341
7188
2163
1696
7225
3524
5736
5258
6305
3977
4312
4525
297
8160
4644
35
4056
4540
6021
5658
6979
2431
6619
6318
3524
2385
3934
232
7572
6979
6038
5516
2546
2328
1950
5416
3112
6894
6195
7810
3965
2615
6393
3541
3252
1213
1287
4630
1797
1256
827
3743
5274
5423
288
5446
7515
949
3923
3847
7796
1064
3726
1644
1762
8185
1527
4465
1374
3141
4265
7787
8166
6595
6245
6552
7344
2672
5915
2002
4630
2411
3056
7492
4341
1535
4112
1284
3505
5138
1090
2548
3360
1666
3720
6563
6704
1552
7761
2778
1238
1515
1999
4302
1406
2939
7223
5909
4396
1554
7828
7389
5779
6421
5405
2916
3933
3096
3625
7301
3729
1709
1395
4100
6273
1287
6479
4739
4720
5591
5447
7936
1790
558
7184
990
2277
828
2868
744
2214
2741
3212
7408
6826
1886
1003
7188
7196
172
6724
202
2031
7913
4448
4701
4904
7723
2314
1468
5682
6911
8037
2982
8036
5250
6929
1850
2863
2720
3287
7398
4399
7039
1450
568
2907
1845
3995
7773
2566
3267
5055
460
7928
2359
4644
1279
1849
5772
4145
3407
2699
1126
7477
3112
6692
6378
2254
4940
8043
5529
5113
4616
2219
4667
2092
1864
8086
5275
7909
5886
3941
8066
7537
2713
5886
4213
5629
1150
90
3561
7188
6271
1769
3809
5744
3253
3523
8147
1693
2634
1833
2732
615
7223
7673
3542
4932
2608
2538
1762
4271
2984
1607
7223
1931
6616
1928
2948
575
2119
5292
4211
5587
5720
3998
5670
5759
4979
1073
789
118
2675
6485
3486
3559
7408
2918
1331
4216
6926
7358
831
7527
4722
6843
3504
3487
5717
788
1147
2678
1690
7227
5521
2907
4233
5478
5782
4979
1719
2844
3504
7572
3112
1013
6048
7545
7258
2868
2773
1620
7077
1524
6009
974
7972
5782
2835
5560
2336
5899
5317
1463
3528
3585
5566
4007
5868
1657
7895
961
2050
6264
2181
5274
2461
3524
1262
2736
7344
5654
959
7002
4441
3720
7496
7367
5701
2732
5973
7948
7223
2339
7575
7389
1864
2916
390
7389
1820
8073
6204
483
6048
2478
3986
4430
4453
7964
5042
4914
5756
2286
3044
1733
841
3585
7378
7378
6164
7049
1230
3861
3274
5921
3475
7921
8163
3553
6899
3196
4502
6795
536
2684
5756
4628
1341
3792
7469
6486
6456
1565
411
3022
8094
750
4812
5798
4914
5928
6552
4412
1105
5247
5601
3284
3441
3997
7315
3166
3244
7737
1535
1087
5412
649
5715
5857
5503
232
3136
5005
5340
7788
725
1067
6958
876
2136
2661
7872
418
3600
6355
2425
492
1009
6015
1353
5031
5217
6677
6317
5367
7551
7805
245
7405
3851
2678
4398
5200
1073
7103
35
1478
2856
6356
2922
914
4341
6370
1312
508
3240
5079
2967
7852
297
2489
6165
1105
90
6770
5594
1566
6593
3205
1441
5099
389
5432
5288
4794
6266
421
6590
