0
0
0
9
8
0
0
1
10
0
1
1
0
0
0
1
0
0
0
0
0
0
0
5
0
0
3
1
0
0
2
3
0
0
0
0
0
0
0
0
0
0
0
0
0
0
0
0
0
0
0
0
0
0
0
0
2
0
4
0
0
0
0
0
2
0
1
0
0
1
0
0
0
1
0
0
1
1
0
0
0
0
0
0
0
0
0
0
0
0
1
3
12
0
0
0
8
1
0
0
0
0
0
0
18
4
0
7
3
4
0
0
0
0
0
3
7
0
0
6
0
1
2
3
0
0
0
3
0
0
0
0
0
0
3
0
0
1
0
0
0
1
0
0
2
0
0
0
0
1
0
0
0
1
1
0
0
1
0
0
0
0
4
0
1
1
0
1
0
0
1
0
0
1
0
0
0
1
1
0
0
0
0
0
1
0
0
0
0
2
1
7
0
0
0
0
0
0
0
0
0
0
0
0
12
7
7
11
7
4
30
1
4
4
0
3
2
11
1
1
1
10
0
1
1
3
1
0
0
1
0
2
0
0
0
0
0
0
0
0
0
0
0
0
0
1
0
0
0
0
0
0
0
10
0
0
4214
3052
4616
1296
4813
3741
2271
4441
7188
588
1136
5277
390
5412
4472
2189
1746
3207
5035
130
4822
5579
7164
272
4918
7051
1082
4719
6330
1685
7148
1620
2777
8160
3154
3589
7492
5037
7788
5198
382
1769
2215
3857
6973
2672
6147
5472
783
7301
3481
1980
7704
1599
5235
3230
3068
5171
4340
3687
1797
5749
2280
4600
5185
4478
4340
5259
194
255
4729
7757
7188
6042
770
7076
830
758
343
2461
830
2499
1759
6894
1934
502
1523
2076
870
3039
3821
35
8071
2478
2933
6058
1003
2558
1023
2771
7188
3950
4880
2914
1023
8153
6099
3524
2855
1471
6894
6255
5454
8100
7525
7936
6378
4248
4702
907
4835
4580
2973
17
7795
3252
7909
4022
5688
3588
3391
7028
3475
1075
2796
5278
5690
4265
1905
6595
5561
7404
3232
7796
4453
2457
6195
2601
1467
118
6547
285
2193
7366
7910
1269
2625
5891
6058
1046
6279
4194
1649
6660
4881
6104
2483
6499
894
7225
4453
5289
89
7936
2461
415
7936
415
770
4701
5353
2939
4935
6099
6745
7388
5724
6085
7650
5250
7380
4190
1213
35
6820
585
770
7572
5980
6099
7936
2461
8166
1493
7404
4903
6995
6038
8166
2461
2019
6336
5217
6595
7469
5042
6378
6501
3888
649
7796
8073
7691
5843
4839
2986
3185
1696
6255
3774
894
6891
7776
5561
7639
3792
2461
5692
5453
2019
5446
6995
8147
1045
6318
6894
2193
7936
4265
5217
3669
4151
5825
1581
3533
13
1354
3196
4646
5728
7076
2461
6038
6598
5217
2019
1488
7071
2939
1266
7225
6995
1341
3965
5447
4496
894
1341
2601
2461
1341
7525
74
3463
5858
6227
7901
979
6654
5119
3389
7525
770
5588
5561
1360
770
5453
1231
7563
3524
838
2395
2494
8111
5217
4976
3771
4935
6264
7796
2494
7936
1026
6595
5250
6198
7236
5507
4596
2548
4581
4765
7663
1307
3976
8111
5744
6979
7225
770
4935
6376
7593
5446
4018
1112
3629
6334
4453
5093
4018
7776
7461
2540
6894
7364
7905
4119
6970
5450
5684
4349
2283
7654
532
6119
3112
770
5114
502
2431
5782
7936
6456
3501
7197
4747
5844
1957
6976
5588
7796
7461
7936
4693
1053
2867
4769
6509
4445
6499
6304
2984
1309
4777
7936
4935
4935
1231
5588
7796
6164
6164
7404
2559
4722
4452
4389
4633
7046
2496
5447
1231
363
6995
488
6995
3504
7505
4615
4813
6238
2586
1252
4727
5120
7225
6119
4453
1341
6449
7796
1231
5093
80
4326
1688
6999
2603
4958
6495
4633
3214
6937
5446
3771
810
5782
5231
4432
2135
4695
3821
5249
7901
2676
2031
5658
2461
6378
4432
7964
6272
2450
6894
5728
6378
5465
5726
3276
3759
450
3947
3742
5787
2647
2584
6891
1696
5455
6119
232
5114
5991
4605
200
3433
5798
5661
8067
7841
5549
7816
1552
1945
7515
3771
770
7932
7932
5447
7452
3631
536
536
5831
6451
2496
5093
1231
4935
6995
5001
6662
2474
3771
5
3610
3851
4600
5185
3720
2422
308
4594
1013
680
7936
7796
6456
2051
4955
6266
7546
5800
2663
3401
4173
4000
5453
3486
1139
415
6449
5561
8166
5455
4453
7936
5980
5314
4873
5736
4905
2130
3154
5834
6976
5258
288
6038
7304
5588
2193
4836
3759
2663
4000
5228
2272
1688
4507
6449
6995
1305
5231
285
7482
4453
5728
3394
5935
2737
1607
7167
6922
2999
3452
3792
3965
1790
7515
6376
6378
31
1844
1045
1944
4976
6038
3212
995
1678
830
3112
7225
1026
31
7936
3774
5692
7117
4354
6393
3851
6464
3901
4717
5250
6376
4507
3528
1957
4903
4780
2457
5728
6456
7689
1468
5446
1231
3771
4104
5250
276
5728
7404
7404
1259
540
3976
3183
3696
7190
5129
1988
4085
4600
1075
5324
2808
7936
3232
4018
3701
6259
6456
1243
1493
2494
2712
6894
1792
5258
6894
118
4018
3888
2051
3966
5540
2225
5714
4197
765
6481
4644
6737
6070
6973
5887
6449
2855
6456
7936
2019
5744
2076
3505
7515
7796
1465
4993
31
1231
830
5217
1112
4276
288
6520
3991
3771
4878
5588
6038
7456
4011
7871
5024
5944
4977
1286
4905
415
3523
3106
4069
2476
6995
7225
7796
288
7225
3032
7399
5093
3524
2574
4720
7399
6937
2855
1231
5114
434
6164
7041
1531
5599
5423
4419
6937
981
4605
3402
4849
1821
2034
7275
4338
6376
7936
2494
7964
6376
2574
1552
3524
3524
5588
5231
7399
7936
6520
5561
6449
1623
3338
4271
4318
3682
6601
5957
7304
244
5102
7910
4361
4412
7398
2430
1595
2395
5960
4119
4276
894
5850
1552
154
2855
5728
3069
80
5503
5588
232
5588
6522
7900
5277
382
2741
1024
7548
4165
7571
7188
1864
3732
7106
4852
2762
1841
2855
3774
770
5446
2494
4216
7404
5258
4619
5834
1305
7424
232
5503
7936
3524
323
5839
716
4213
2932
7911
4672
7344
4529
3959
4079
7470
125
5724
6823
3050
232
7515
7041
3168
7127
8048
7650
7225
3774
5274
5324
7563
3953
985
4195
3774
2633
7401
1890
6799
1365
2635
5547
3338
3825
825
6863
179
432
8095
1590
7972
4703
6162
4515
6330
749
5542
5756
6092
6894
3112
7689
5906
2945
186
1734
6430
7211
3237
4085
6372
8080
6355
2489
8136
5928
6464
6555
2907
6411
3188
472
3636
3769
2859
2496
355
4771
4169
4561
1230
1494
3608
1115
2497
7497
4412
750
2817
5810
7077
5339
2813
7823
4008
4809
7689
7049
1177
1740
5537
1836
7679
4289
6823
3385
4876
3188
4319
4529
6508
5810
3364
7900
6743
1852
4150
3600
1965
541
3922
181
7860
7851
3625
7289
3478
2285
4270
1121
2938
2219
5332
5255
3623
3119
5156
5587
4914
6089
4053
4234
1864
4478
6656
3588
7872
3237
5468
951
5290
568
1997
2022
7039
3368
7582
4475
1141
4442
1287
5807
4007
7389
6508
1450
6279
5451
7596
3326
2868
5428
212
1814
4384
2843
1256
5175
5701
1550
5247
2907
3682
1118
1776
4732
1362
4241
8187
4441
7235
1356
635
5248
