0
0
0
8
8
0
0
2
8
0
1
1
0
0
0
0
0
0
0
0
0
0
0
4
0
0
0
4
0
0
1
1
0
0
0
0
0
0
0
0
0
0
0
0
0
0
0
0
0
0
0
0
0
0
0
0
1
0
1
0
0
0
0
0
2
0
0
0
0
0
0
0
0
1
0
0
0
1
0
1
0
0
0
1
0
0
0
0
0
0
0
6
11
0
0
0
8
0
0
0
0
0
0
0
19
2
0
8
5
4
0
0
0
0
0
3
0
0
0
4
0
1
3
1
0
0
0
6
1
0
0
2
0
0
1
0
0
2
0
0
0
2
0
0
0
0
0
0
3
0
0
0
0
0
0
0
0
0
0
1
2
0
0
0
0
0
1
0
0
0
1
0
0
0
0
0
0
1
0
0
0
0
1
0
0
0
0
0
0
3
0
7
0
0
0
0
0
0
0
0
0
0
0
0
11
2
7
3
2
7
24
2
1
0
0
0
0
14
0
0
0
10
0
0
1
0
1
1
0
1
0
1
0
0
0
0
0
0
0
0
1
0
0
0
0
0
0
0
0
0
0
0
0
10
0
0
2801
915
4340
4589
3355
2130
44
6651
4729
4926
1597
3682
783
729
1176
3699
4950
7575
6021
1150
7966
6562
5187
4847
5551
6894
4935
179
5446
3774
3538
4811
4343
2630
3638
4169
227
7582
6294
4125
5276
7389
2167
2795
5997
2597
156
4422
4441
1476
7227
7415
4294
2119
5332
1395
3631
4177
4827
6021
6099
3069
5844
7620
6781
1287
2577
836
30
2558
2206
987
2731
4077
7909
6889
4630
3682
702
2905
2166
740
4202
23
7568
7216
7463
6332
6677
1590
966
7747
2124
6456
415
7913
7995
218
3825
7823
30
7106
4598
7285
7156
4489
117
2004
3602
2569
3168
4593
2813
6053
1155
3481
5107
7788
1854
4346
8083
7135
2859
6340
1181
2066
7163
7197
6689
6427
5024
1786
2914
247
224
5815
1709
2410
1418
5499
3524
5728
5728
2165
6615
1024
4175
5991
7596
2411
3823
5096
1839
3229
8066
5175
3741
2494
3032
3069
5536
4242
5066
4409
1121
5390
7254
3936
1287
263
5531
89
6995
4654
1657
8166
4997
2295
1552
5658
4432
721
4950
4822
5259
7498
1213
1931
7015
7776
4654
3069
3490
7613
1286
3388
4740
245
1343
5198
2152
1506
2283
5786
326
6979
4453
6376
838
6561
5258
3774
6349
2740
3229
6475
1217
1797
6015
7265
1949
4382
154
4010
5715
7290
1083
3570
1797
4541
6846
7156
8159
6226
3684
6595
5588
6894
153
2494
1465
975
3774
6894
3524
1551
5265
3121
5227
5237
537
2006
7455
5455
770
5561
4839
3960
4148
5099
1702
4267
550
5033
6777
1703
1639
8036
5561
154
1276
6195
5546
1552
7796
3112
6995
5991
297
297
5405
5986
1602
1982
6974
7737
6894
5588
1785
7816
811
1497
6545
6704
6894
6376
1045
7225
6976
3634
5658
4276
6098
7076
3998
3524
5453
3524
2395
5138
5248
4689
6141
6406
4595
4635
4852
116
154
1707
531
7211
1864
7289
5728
7076
6894
4912
5585
6099
1341
1442
7936
6325
7225
6195
2457
2461
5503
4935
1552
4190
2266
6979
6378
603
6425
7201
4880
600
396
3804
2941
453
5339
5805
6349
4265
1341
1231
2175
4014
2019
5744
4195
5022
2193
6639
770
8166
3774
656
7062
6181
770
6255
7936
1073
4472
3413
4809
4018
6041
5445
5290
1183
5292
7321
5377
7225
3524
1231
5093
5343
4306
3771
842
5022
2461
1467
7225
3774
2019
8147
3771
7936
682
7936
7515
464
4315
2690
1173
4504
7915
520
2219
7520
2586
8139
189
5658
3112
3771
5093
4152
1565
3030
3127
3678
6976
2254
1465
4322
8166
232
3771
2461
1231
7936
6098
1182
2500
7666
6884
5909
5196
7823
7722
7828
5839
1739
2817
666
6376
1341
5714
6536
3069
4903
6894
3169
4992
7269
4126
5499
5552
2855
2461
232
770
6894
4452
4967
3051
2856
1739
1739
3050
7199
6015
4085
7732
5620
2278
2817
5738
2601
1719
6704
6456
4265
5037
6544
7477
3673
535
2360
3491
5453
6449
363
6704
5624
1623
2173
7077
1954
7689
4809
2405
1286
7090
665
3367
4812
2261
4857
6532
4265
1905
2615
1341
6376
5093
7013
7049
6613
6210
7545
132
995
6099
6894
1045
6976
7861
5495
3446
3011
154
154
4580
512
5198
5196
3706
4266
6995
3524
2461
5714
5614
3069
1657
6894
894
5104
717
532
3988
2662
406
1281
2855
4935
6272
4984
6610
1639
5682
2678
3774
1341
2496
7499
3645
5119
395
6995
8166
3771
3991
6974
6259
5614
3283
5728
7525
6999
6746
3170
5831
5909
2962
6092
1493
5658
3774
8147
7287
1416
6695
5513
3916
3862
390
4703
3645
184
232
1026
7225
154
6038
7563
6252
3291
53
6894
31
5701
2898
3891
632
6518
6334
4935
2461
4276
4265
3112
6501
2013
1810
7604
3457
3773
5024
783
1127
4412
4823
7225
6255
6164
7225
6894
154
2601
5701
3549
1493
6995
6303
1031
6365
3759
2855
2461
1231
6255
3524
7936
5960
3995
6340
6391
1820
6571
5751
2062
1971
5537
915
4276
7515
3976
3549
5446
7071
5446
5146
5692
6894
3774
1694
3291
4496
5447
5114
1045
7225
7225
995
4453
2139
2932
133
6610
5411
2419
639
7424
980
836
2022
148
1463
5138
5297
55
838
6818
3998
5258
7841
2461
1073
1331
5883
5588
6995
4456
3232
2193
7225
4276
2221
2408
2219
7119
2249
4521
6927
4618
6150
8176
1799
3391
3923
563
3778
2507
1281
2855
4455
3524
1790
6595
6349
5093
3066
1696
5446
7399
4328
7893
6222
7231
1864
7028
951
2741
628
5236
6366
6932
1331
6208
3445
7269
90
534
1231
3771
6376
6456
5980
4935
7225
5453
5728
8065
7796
5455
4794
5658
5659
533
2013
2467
5041
7543
7463
2530
2805
7757
5493
3847
2219
6677
729
837
6861
7648
7936
154
6038
6348
3112
6595
3774
4678
154
2019
6995
5614
3112
1335
7467
2080
1057
2929
7011
820
3245
1675
1277
5986
639
2192
7244
3391
6634
901
5701
8
5446
8166
6376
4780
1231
363
709
3112
6995
1341
1266
5561
4455
4205
6552
1425
1105
1556
2278
1931
4312
3695
5808
899
960
5079
3085
2312
4215
7467
2799
1886
2910
2134
985
1686
6488
7399
500
1231
1266
6595
2461
6995
2574
6501
1232
568
3888
3676
7886
5893
4955
4568
3821
2661
7110
2868
7755
8187
4234
6176
6497
2586
4545
7730
3401
6821
7845
5715
1312
3020
5658
7225
1026
838
3659
4485
1684
7871
7872
2661
7886
4504
2303
5013
6237
3506
5629
6953
5166
2967
6871
7706
5705
7914
3358
5024
1356
5191
254
5493
6889
5237
1299
894
3774
3966
5122
5666
5369
7851
2034
3320
1287
2967
5977
96
6222
1791
591
6737
4825
4751
2817
6132
4839
7426
6997
4707
6417
2918
4927
4807
1864
5066
5688
5786
4355
5012
1057
2119
7886
1136
663
117
2004
6777
7097
3722
7539
3369
3851
5364
5319
2500
6967
1661
26
3732
1103
568
6510
6271
5427
2511
4608
169
727
4242
6371
4111
7757
254
1732
197
4877
488
6465
3478
7156
6109
2497
6978
652
837
