0
0
0
10
8
1
0
2
9
1
0
2
0
0
0
0
0
0
0
0
0
0
0
5
0
0
2
1
0
0
0
0
0
0
0
1
0
0
0
0
0
0
0
0
0
0
0
0
0
0
0
0
0
1
1
0
1
0
2
0
0
0
0
0
3
0
1
0
0
0
0
0
0
0
0
0
0
4
0
0
0
0
0
0
0
0
1
0
0
0
1
3
12
0
0
1
11
0
0
0
0
0
0
0
15
0
0
5
3
3
0
0
0
0
0
2
4
0
1
7
0
1
3
1
0
0
0
3
3
0
0
2
1
0
1
1
0
2
0
0
0
0
0
0
0
0
0
0
2
1
0
0
0
0
0
0
1
0
0
0
2
0
0
0
0
0
0
0
0
1
0
1
0
0
0
0
0
0
0
0
0
0
0
0
0
0
0
0
0
3
0
9
0
0
0
0
0
0
0
0
0
0
0
0
10
7
7
2
3
7
25
5
2
0
3
3
1
7
2
2
0
11
0
0
0
3
0
0
0
1
0
1
0
0
0
0
0
0
0
0
0
0
0
0
0
0
0
0
0
0
0
0
0
10
0
0
5902
4644
3416
3267
947
5192
46
1776
7461
1896
4093
7230
3490
6237
2347
3355
7148
5687
7689
6568
1231
1361
2327
1566
8105
7495
4581
7801
384
1057
3515
7828
4326
5619
1732
4413
7745
797
5874
2285
5314
2496
7919
6895
2916
716
3085
1833
1011
2684
4224
1769
7018
1643
197
6199
5808
5653
1183
7389
4598
8118
5119
4085
3851
1664
4841
3534
4950
6041
7823
4007
7045
6378
2193
6378
2887
7627
3251
6449
7515
3130
2558
1155
5139
4593
1027
3580
6863
3695
1941
4511
4754
3825
4325
6066
4213
1660
4112
4744
5547
47
1478
1595
863
7225
4453
2193
2461
6591
5453
4265
7936
2193
3857
2328
2164
2945
7289
373
3317
2378
5264
5306
3177
7732
4640
7796
5308
7327
6997
4732
5024
4708
7872
6148
6894
6995
1341
6995
7936
6979
6561
7225
4935
154
1552
6391
7097
3457
6294
6458
6997
6657
4598
7216
5122
7537
4992
2855
2661
2092
1733
575
5886
2214
8060
2792
6894
232
415
6976
8166
3090
6995
6995
6038
8166
4276
3130
5904
6552
5805
3688
2862
8069
4292
8010
2449
2629
6976
6976
2916
6441
304
2408
390
3235
1341
3090
5728
1493
1231
5037
838
6979
8065
1792
5561
8166
6979
3774
7005
4333
2193
3112
3524
4803
361
2916
631
5465
7076
3774
2410
7788
1976
4342
8100
1696
3965
2574
1266
2855
5446
6976
2855
770
1073
6595
3524
3991
5561
1073
2395
2431
4265
4265
3112
4276
3401
2907
5514
3279
7225
3524
4818
7515
1657
5588
770
4119
6099
3774
5217
6894
6979
5037
1341
1552
2461
6164
5503
838
3634
6099
4453
6894
770
4935
3524
770
7545
1029
2002
2402
6349
7572
7177
6995
1305
1045
5561
154
894
894
4912
6979
118
6164
7796
5022
6894
6995
6376
7424
4276
6976
894
6038
5093
232
5446
6092
7598
3732
6997
5470
4155
5588
5588
682
5425
5728
415
6976
5093
6595
3394
6595
7225
6349
5714
4791
4748
6449
232
118
1465
5446
3965
1341
1231
3011
3774
8166
4637
4618
393
373
154
2461
770
6995
6595
2431
6456
5503
1341
5093
1231
6894
894
461
5658
680
6378
6520
3011
5658
5588
2461
6038
1231
7313
5658
461
3112
5446
2457
1312
2975
7058
7973
5340
770
232
4432
5217
232
770
1231
6995
6449
4453
6979
6349
1659
1013
8078
2982
5430
6894
2855
2461
6894
6976
5453
7936
6995
2457
6554
5383
3171
6827
1550
4309
5145
2461
2855
363
118
2855
2193
3771
2855
2019
4453
2027
3432
7349
2750
2849
7264
6457
4935
154
4935
8166
6894
5217
7523
238
1160
5102
925
4312
8160
1714
7760
8127
3771
232
5503
6704
1465
6181
1131
4453
6499
7857
7300
43
5520
260
2139
7302
163
5217
6378
7177
4780
7076
1341
6098
7033
4644
3600
7258
7591
1224
4478
7165
7225
2461
4701
5786
5001
7936
5728
5980
5782
2320
6861
557
3686
3701
536
406
5123
1719
7076
1231
6976
6976
1341
3524
2193
1696
5288
575
3457
3773
5742
6894
3774
6995
4060
5728
129
3771
4453
4265
415
284
2681
1437
7297
4979
2254
4971
3678
396
5736
4935
2461
232
2855
656
3106
2193
5138
6396
26
5873
6894
7225
5952
3774
2990
5453
6376
4265
4903
363
6181
5840
3599
3299
6902
5314
4399
4538
434
5588
770
7364
5377
118
1696
5377
6894
1696
2214
7289
7333
3771
5658
3524
2601
2225
2193
2939
2461
7796
7936
7936
4265
666
317
527
4531
2675
4039
1139
5960
4018
7796
4935
6976
415
838
7936
31
2150
5236
1789
5403
7936
3774
4654
4507
427
7525
3774
1231
1493
6995
8166
6894
5465
7753
1990
7085
2972
285
889
4916
7225
3774
7225
4935
6164
1943
5840
4147
7788
4852
797
954
6561
6349
4432
6894
1341
8037
3141
5588
6456
154
4265
5728
1696
4730
3966
1038
7467
3850
6395
540
7525
7041
3774
3524
7225
779
5418
7900
5376
7699
8065
6361
119
3090
4935
6995
4675
4507
1045
5005
4823
1957
6092
3678
606
6092
838
5561
54
656
288
7689
6891
6204
2395
1045
3112
3774
4276
7167
4084
6667
4442
1154
1576
6974
7936
7936
4935
6937
3888
1301
5258
1696
8166
1331
972
3112
363
4662
500
863
6376
6595
1465
606
6891
5455
830
5658
3976
7177
7143
3544
6960
1075
5107
4841
1792
7936
2461
7796
7593
5503
1231
2461
288
7689
6092
7225
7225
3232
6038
4823
476
232
2019
7225
7796
6639
3824
6540
2443
6089
1488
992
4215
2500
4545
722
2130
3519
3575
143
3602
3774
7225
5503
5561
4148
6979
232
7225
7225
1493
3012
7225
4432
7796
2461
154
1064
1090
5537
6332
1739
4361
2749
3193
7838
3862
7011
3120
5057
3320
4812
6995
6894
7225
1790
6164
4748
7964
415
4265
1231
2193
7796
118
4010
3976
5447
363
6979
2802
7887
5975
6926
229
3435
2801
4813
3577
3439
8151
1979
6262
2124
7515
4748
5658
232
2076
2461
6349
3178
7225
6520
3524
8166
4214
7142
2844
3524
5258
894
6047
7389
7910
2464
2922
181
6827
1232
8048
6396
4703
169
7143
2008
3112
4654
1465
2855
6499
6995
3394
4119
7936
1465
770
5446
5113
803
894
31
682
7225
7841
4630
1660
722
2152
3230
6735
4985
4426
5629
3642
1699
5403
332
415
7041
2193
2855
6092
4912
6414
5658
3774
5782
5658
7225
7843
1312
3857
2193
4748
3774
863
1024
4729
5647
5255
2907
124
1232
1680
5514
1988
2219
7785
5332
7788
1686
3769
5003
6976
4018
3730
4177
4265
3524
6995
1721
6776
2031
925
7916
3486
3976
1659
2907
7592
1245
7851
5272
683
5163
5514
5892
614
2252
4482
5629
5107
6749
3728
1713
1962
2601
3953
6995
1341
4903
6453
1245
6273
2922
740
1023
932
3168
2405
2558
3804
5688
797
297
6895
3993
6303
460
7369
4079
7997
1395
4491
1185
3505
1183
3807
7843
6330
1011
6284
6738
2347
5839
4852
3699
649
6082
6660
2922
4291
6895
90
7143
2421
2219
1794
2762
