0
0
0
10
7
1
0
2
10
0
0
2
2
0
0
0
2
0
0
0
0
0
1
5
0
0
1
2
0
0
0
0
0
0
0
0
0
0
0
0
0
0
0
0
0
0
0
0
0
0
0
0
0
0
0
0
2
1
1
0
0
0
0
0
0
0
1
0
0
0
0
0
0
0
0
0
0
1
0
0
1
1
0
0
0
0
0
0
0
0
0
1
10
0
0
0
7
1
0
0
0
0
0
0
19
0
0
5
6
5
0
0
0
0
0
1
2
0
5
5
3
4
5
0
0
0
0
1
2
0
0
0
1
0
2
0
1
2
0
0
0
1
0
0
0
0
0
0
3
0
0
0
0
0
0
0
0
0
0
1
0
1
2
0
0
0
0
0
0
0
1
0
0
0
1
0
0
1
0
0
0
0
0
0
0
0
0
0
0
3
0
10
1
0
0
0
0
0
0
0
0
0
0
0
10
6
8
5
3
3
27
5
2
2
4
1
0
6
1
2
0
11
0
0
0
2
0
0
0
1
0
2
0
0
0
0
0
0
0
0
1
0
0
0
0
0
0
0
0
0
0
0
0
10
0
0
7936
4903
3673
1038
7515
6164
2773
1341
7225
3733
2684
2597
1395
5185
5276
6889
3719
6307
8039
6889
7908
8156
1341
2778
4877
2031
7153
2441
581
3950
3490
7153
682
3283
6681
5584
6318
3774
3524
4748
7515
7018
4545
2374
5566
83
1767
1157
7739
6020
1252
7723
3115
2979
6592
5513
7914
4574
5367
6109
4876
4852
280
4519
3991
807
1600
155
2117
2675
5658
1341
8190
3936
6202
3806
3363
6181
2233
7216
8105
1356
4866
373
7823
1129
1815
7571
4785
3433
1508
2832
5405
1512
3189
5275
2443
3229
2654
4056
2365
5064
6119
4979
7255
8044
4385
7227
7515
154
6526
7057
2249
7500
682
6292
2384
4353
2252
7723
3453
6371
4985
7890
6070
3687
2999
3291
1150
5405
1050
1169
514
1331
6976
229
1333
297
7910
7941
98
3774
894
2461
4967
5522
1356
4717
1578
407
7227
5839
6871
7094
6074
791
4990
6109
651
1124
384
5997
1680
615
6976
154
4654
7515
6803
2384
6552
7901
6552
3141
3774
3774
6264
692
6015
7262
7439
4159
6232
2439
7274
6074
3933
6926
5909
8160
1156
1242
5551
4825
749
2327
7122
4265
154
7225
7369
1725
4729
716
6230
1864
5217
7225
6467
5839
1082
841
5389
4490
7353
3171
7938
7090
3823
1821
2402
7123
7921
2192
4077
1825
5090
8139
4016
7785
3452
4965
4007
3433
5107
681
2092
5314
26
3711
3363
3715
3902
210
5468
2103
229
3435
3453
4264
1842
3144
3440
651
6294
5171
6012
1048
3686
3544
1024
6593
6123
7301
1583
4926
6406
4807
3706
4343
5653
4988
1003
1020
6312
5653
4533
5531
5196
617
4605
6441
6768
5902
2500
142
6052
5751
1951
7913
3153
5226
1497
7692
6098
3634
1591
916
1524
382
197
2916
2916
338
6552
7143
7292
6073
5647
959
2280
3609
4853
7395
5057
3851
4861
6001
4213
6395
5115
7235
2826
7573
583
4037
7515
6284
4748
1696
5289
4092
2261
1944
1944
6346
5537
2999
5446
682
8166
5248
6820
2462
3924
2315
5192
5766
2206
2570
3687
5283
4011
7995
2829
4581
6889
7692
7483
5104
2990
6255
1073
6017
4430
1784
1523
978
8094
7470
6785
8166
2193
6547
5322
1235
617
1230
7736
8159
4359
390
5652
7077
6279
3578
7921
951
1173
2531
2546
6276
3090
5289
1045
3524
5258
1058
6230
2219
614
7193
2548
5376
5411
3055
7230
7119
5156
7843
7645
6188
5909
2031
1150
820
5614
7406
2934
3637
7227
4593
2418
7460
6979
1831
7521
1112
682
5453
2134
7704
4752
1552
7782
158
6012
239
6689
5027
2925
2449
486
4264
6672
5208
4876
1565
449
7265
2206
3706
7591
6371
7852
7982
4481
4935
3032
2982
3198
7482
1657
1341
4935
5728
3130
7077
7816
5326
3056
1591
6714
3144
4574
4441
6657
7921
2500
4955
552
3986
6645
4211
3119
3233
1055
1051
4560
148
8176
389
3792
7515
7796
5658
3774
3112
4452
2801
7333
2496
5248
615
2002
8105
3245
6438
4771
6469
1224
1024
2824
5171
1890
4461
218
3360
6683
3356
5245
7676
2639
4506
4692
255
5343
7041
8166
1784
6794
2419
4689
7398
7913
6440
355
2408
925
4640
8069
951
393
4926
5811
1821
5405
4572
2365
5063
6396
1159
162
6259
3715
2945
2863
2284
2008
3247
1943
7076
5856
5227
3252
4847
6724
4948
1725
5099
2136
4616
462
4521
966
2500
1494
520
3988
3923
581
5272
4385
6252
3538
1038
2957
8066
1976
5588
172
5692
5945
6449
3771
5001
4678
6958
4441
3995
1404
5433
7167
7492
263
5403
4640
8159
361
651
791
3338
4111
7757
5012
7299
2629
3575
3534
6847
6806
7491
4920
2011
5454
6548
6255
6894
961
6805
4533
5227
2312
6492
4410
639
1794
7002
4385
244
4852
740
1794
836
4187
1521
7094
7395
7702
5050
6237
7113
4572
338
4707
116
4073
4119
6929
6164
8166
162
5227
7119
492
7757
5352
5282
4422
7704
4525
6993
5189
3241
5868
6441
289
8116
3762
1118
583
8064
2805
2123
4596
988
5050
3893
5231
1341
5998
512
6164
5658
3069
8031
1857
2932
1660
7563
3325
8076
7089
7799
1201
6346
2833
6430
3551
4519
786
6731
247
3671
5226
2286
4798
5821
2975
5592
4507
3774
1231
2286
1277
6038
7835
770
3332
1854
5445
5682
3870
4696
6851
500
7543
7582
6603
199
6065
6164
6216
1599
841
258
820
665
951
6198
2922
1732
6894
3112
1341
4793
2790
3711
790
6160
1757
4264
1124
7162
5247
7464
201
3148
6871
7699
6685
866
6676
5655
1202
7107
6799
765
2907
4294
382
6789
722
5166
1552
5258
2193
3259
5559
2798
2461
2534
1248
1934
1973
8156
7689
5107
361
7275
3876
5751
3909
2169
7667
1420
2817
5522
5682
7675
6571
1820
1913
1666
3367
2286
5806
6255
6894
1117
4812
2811
7041
1650
1800
7529
7274
2945
3699
921
2031
7757
5538
6005
2638
2112
7496
3680
266
6820
639
6162
3233
1700
3986
633
3609
777
6374
7225
4455
3011
460
7239
2935
6312
3177
1272
5339
3825
6105
6634
4020
7153
4719
5325
4971
549
8006
2982
4058
6005
7319
1439
3674
6478
7950
5096
6889
4689
7910
787
1511
7585
5588
7103
1127
1890
1009
2705
2577
1435
6164
5175
2932
2597
7764
7461
939
2099
266
3468
1824
1784
1232
3568
5465
6380
4013
2393
6359
7415
1023
2013
8116
841
3774
154
6533
7275
1521
7828
3823
142
130
5582
6441
5306
3407
3287
3432
1658
4208
3802
3480
389
250
7810
5130
1362
7463
1097
7537
7948
7788
7757
7463
3402
4152
6376
3390
5163
5681
4294
3402
2022
6453
6889
4329
5628
2633
7923
2425
5075
4349
6685
7283
1191
6125
5408
4581
7686
4754
5493
2384
6923
2498
6088
2597
1600
3888
3524
1341
6307
7663
3355
4339
3807
7617
3453
4111
8105
2478
6510
5163
6089
7229
575
4876
7760
2493
4390
4103
5886
7395
6117
6074
5704
1791
3666
1514
5166
1617
1465
5458
7658
7231
5334
651
3051
4950
4329
6871
5551
