0
0
0
9
7
0
0
1
9
0
0
3
0
0
0
1
0
0
0
0
0
0
0
6
0
0
4
1
0
0
0
2
0
0
0
0
0
0
0
0
0
0
0
0
0
0
0
0
0
0
0
0
0
0
4
1
0
0
3
0
0
0
0
0
2
0
1
0
0
0
0
0
0
0
0
0
0
3
0
1
1
0
0
0
0
0
0
0
0
0
2
1
14
0
0
0
11
0
0
0
0
0
0
0
25
6
0
9
8
7
0
0
0
0
0
4
4
0
0
7
0
0
4
1
0
0
0
1
2
1
0
4
0
1
1
0
0
1
0
0
0
0
0
0
1
0
1
0
3
1
0
0
0
1
0
1
0
0
0
2
4
0
1
0
0
0
0
0
0
1
0
0
0
0
0
0
0
0
0
0
1
0
0
1
0
0
0
0
0
1
0
8
0
0
0
0
0
0
0
0
0
0
0
0
6
7
8
3
5
3
31
4
7
3
6
4
2
22
0
0
0
12
0
1
0
4
0
0
0
2
0
3
0
0
0
0
0
0
0
0
1
0
0
0
0
0
0
0
0
0
0
0
0
10
0
0
5171
5998
747
201
3257
492
3477
635
1597
7144
7002
361
6243
6141
1750
7545
4011
744
304
7090
2637
757
6677
6571
3318
7973
4475
2907
2500
1232
7188
4020
3712
227
5862
1486
6922
5417
2414
14
3576
6876
651
5145
3771
6172
44
5581
5601
7135
5102
5278
1784
1767
7570
2136
4038
4569
2136
7135
6366
4892
4852
6562
3026
201
2956
908
4570
2223
3294
1327
4399
5427
1140
7796
154
1266
2634
1976
3469
5051
2150
1266
6272
5453
765
3368
7570
7484
8160
2661
7135
575
4319
5113
5206
4469
994
2042
4215
5904
4987
6000
426
6447
1976
6995
6195
5658
3505
3774
894
7271
1266
6995
6995
232
3991
3176
631
4735
4581
36
1513
6926
7143
3326
1584
770
5282
1554
2933
583
7255
6406
716
1791
1011
1341
3792
1465
3283
5714
7041
3965
4453
3232
1331
8065
1465
1262
2441
1105
1620
2421
1639
4604
4329
1620
4634
2104
4093
3241
5766
119
6164
7041
851
4679
3505
4265
7796
7525
1231
968
5588
415
129
2939
6520
5326
6038
3721
1697
1583
3687
5537
4689
575
5079
1287
3797
6230
6997
1450
5247
3350
232
5561
1266
7515
3771
3524
6520
7936
4152
5037
2193
2978
5093
1331
1790
6456
2051
3192
3698
765
358
7022
1224
4274
6441
4343
3453
5322
5275
2916
5161
1307
2461
6195
5714
4903
4979
1231
1231
2019
5561
1590
7936
5079
968
4119
838
7525
5104
894
1493
2461
3774
1341
5145
7113
541
980
261
4798
4987
155
2272
4322
894
3524
7593
4018
3141
3771
2855
8111
6995
6301
5343
6960
6456
80
894
7364
6520
7796
7796
7593
1662
7936
1493
5250
5102
4493
7948
5587
7012
4927
7689
7936
5446
3523
4010
7593
5706
7456
6995
1465
5446
2461
6937
7895
3730
2939
232
3991
4453
3888
6520
1266
4912
5326
7225
5172
2063
3320
4853
2546
2801
7244
2579
4018
5561
6099
7567
5588
2939
4955
3394
2939
4453
1266
6937
4935
2461
1461
3112
7086
6195
5701
6960
3730
6259
8166
3524
7216
2034
783
1830
7714
382
3645
1947
8060
80
466
4935
7567
1266
7796
3551
6580
6378
2662
1493
1331
3771
6673
6378
5902
1672
4018
4018
5574
1493
7225
7664
5749
1660
7901
1994
5588
2193
2868
4343
4927
4507
1465
6259
2051
6979
6499
7593
4009
3602
5343
4119
2507
2461
939
2994
4722
7533
2260
3730
8065
2395
6198
2166
5102
6895
951
8111
3774
7776
740
6475
5227
5745
2662
6976
288
914
308
5811
3156
4864
8128
3528
3212
1493
1276
7936
3212
6376
770
5503
3774
4903
4248
1997
5376
3433
740
6099
3774
4152
4011
7692
6000
7663
6499
3771
1045
6547
5324
976
8046
5250
2256
332
8025
968
3183
4935
288
2939
3774
2193
180
5326
7639
7916
7871
4609
211
6099
682
7796
7154
361
744
5168
6038
5588
4119
3792
4766
6069
7013
3185
5687
6098
5542
4863
2395
4119
6544
7756
3272
2461
1266
6595
4935
2193
5829
7615
1075
5447
7563
5726
1595
508
1494
5561
4935
4935
894
2019
2994
4001
7013
338
2330
6835
5450
7657
7932
3585
649
606
500
4912
4935
1282
2992
1231
8046
2633
2478
4038
3810
5584
5232
2544
2409
4453
7225
363
6894
1231
7982
6891
6667
437
4609
8060
4038
1026
7689
1465
3730
2820
5454
6098
4454
5540
2732
5658
53
6041
2856
208
4815
3209
5419
1479
1138
6995
4177
3524
939
5714
2507
5447
5169
6667
5371
2675
11
1465
6195
6092
1465
1266
770
3774
2855
7197
894
3008
6104
777
1820
4881
457
3777
8086
1789
5126
5800
4935
5714
2820
968
1341
7166
5377
395
2714
7041
7225
2461
6995
3711
3524
3686
7313
3711
8166
415
4110
4594
4224
2283
7135
4340
7592
5756
4818
7227
5176
2110
2855
2461
6456
4119
7242
4912
4152
386
8
4060
3524
5658
6164
995
5782
1944
4399
1565
2474
243
1820
2217
7135
8080
921
369
2825
4004
5762
1061
1366
5057
3468
232
6995
6596
2586
6818
7225
3965
7063
6499
1657
6894
3774
6129
2808
7615
1465
4935
6996
6956
7153
6249
1235
4852
7670
6307
2137
7910
1048
760
5070
3287
2127
3468
7242
6195
1949
2051
3976
5454
4238
2051
7515
2193
3505
5182
5019
5701
3290
4672
6976
1030
5024
4880
7106
7025
3823
297
1965
3358
3682
5902
1698
5739
6886
2208
3011
4018
8065
5744
6449
3730
1442
6937
6976
934
5782
6264
7593
8106
5093
2855
2461
1493
2631
6791
6820
7828
1090
7827
6824
8048
109
1279
7468
3096
2194
4330
2699
2461
5588
4453
4379
143
3178
7424
3505
1045
5326
1978
6704
1664
80
5454
2855
5658
6334
2916
5531
4361
2986
109
109
4491
1680
2002
4880
3851
5566
1746
1739
6499
3774
4265
5658
4115
1749
606
894
3774
8166
2019
1465
2507
3730
4912
4265
682
415
7591
978
783
1620
1319
109
5048
4361
2679
5143
7389
6552
283
907
6921
3505
2193
6501
1965
7622
7240
4265
5658
3774
6098
2202
6976
6995
5588
4119
3809
6651
4175
1173
6406
4325
5997
5332
30
109
1544
2118
7827
5997
1523
3861
4641
89
4060
2686
297
1972
7001
5809
4453
232
3966
1254
133
1139
2178
1659
7255
575
7258
7455
541
7156
1029
1453
1775
2894
6262
1164
432
531
1595
657
2136
5073
3615
210
5272
4851
8107
7185
6365
4789
1247
3841
2006
5867
2426
671
980
4312
389
3959
3682
6791
2271
254
1048
4950
4796
2252
1308
1308
727
1395
1155
907
4008
4920
5322
7235
102
3294
7234
3434
3257
1346
747
6791
6791
1312
6833
906
4811
1971
6645
5275
1680
6000
109
208
6307
857
1308
811
1308
3651
5998
3851
1744
4920
7258
1103
4526
2194
2358
5892
2894
5938
1395
2034
1767
2999
393
5762
1963
2836
7910
1595
47
1733
684
6660
5057
123
5629
491
7827
4027
5896
5625
8156
7756
1565
2764
6839
7020
4232
1576
7798
5267
3988
5319
3433
1333
5653
657
2630
2560
2464
2136
