0
0
0
10
8
0
0
2
10
2
0
1
0
1
0
0
0
1
0
0
0
0
0
7
0
0
2
1
0
0
0
2
0
0
0
1
0
0
0
0
0
0
0
0
0
0
0
0
0
0
0
0
0
0
1
0
1
1
3
0
0
0
0
0
1
0
0
0
0
0
1
0
0
0
0
0
1
1
0
0
1
0
0
0
0
0
0
0
0
0
0
5
15
0
0
0
9
0
0
0
0
0
0
0
25
4
0
6
3
5
0
0
0
0
0
2
2
0
0
8
0
0
5
0
0
0
0
6
0
1
0
0
1
1
2
0
1
1
0
0
0
0
0
0
0
0
0
0
1
1
0
0
0
0
1
1
1
0
0
0
0
1
0
1
0
0
0
0
0
1
0
1
0
0
1
0
0
0
0
0
1
0
0
0
0
0
0
1
0
3
0
10
0
0
0
0
0
0
1
0
0
0
0
0
11
6
10
5
4
7
30
5
2
4
1
0
1
18
4
1
1
10
0
1
1
1
0
1
0
1
0
1
0
0
0
0
0
0
0
0
0
0
0
0
0
0
0
0
0
0
0
0
0
10
0
0
6372
744
1105
568
5418
3601
2327
7828
1838
1653
5468
2372
3504
2629
3487
954
5192
617
181
4107
5986
1256
2511
7736
7915
744
6791
4718
7874
4529
1768
4441
7258
7094
48
6645
7786
3598
1907
7560
3355
1407
5248
4329
1287
2022
7153
6089
5874
2661
4708
1046
1029
2136
5129
4950
6824
4851
5095
1794
6227
1082
3897
47
2192
2374
6475
639
2303
7591
712
7347
7188
2520
2028
3302
6605
1924
4169
47
7940
4630
3457
3229
335
5248
4312
1584
3158
6583
8069
5175
931
1929
4594
5013
797
5647
7495
3263
5066
520
5405
5439
89
7060
6499
7082
4119
5658
2070
393
4568
7389
1395
5265
7119
6015
5175
5810
4851
2922
835
4694
2805
7520
568
297
4880
2829
2684
7699
1536
6521
4425
1511
7041
682
6894
6378
5455
4453
5658
3780
361
5166
4472
7371
1329
6998
2723
1042
6002
2830
7910
6230
125
3506
5810
6020
6737
5263
2130
369
193
4640
2207
1635
838
3774
6976
6995
4453
5289
232
6098
900
708
995
3523
7936
3774
2193
7735
8011
1748
1118
1478
3245
1127
3716
5255
4412
2653
5915
1513
4792
2943
6591
7936
6456
7225
6038
1266
6976
838
1657
7563
7735
7041
2461
6995
4453
7477
1026
5658
6334
4294
2597
2408
1732
2850
5977
3888
1245
2914
2150
3698
3486
3549
4654
6349
7936
2395
6976
5588
5446
2855
5834
1045
363
1231
3774
2540
7317
5446
5588
6376
894
836
879
5159
1639
8174
6295
5129
777
2972
1231
7936
3112
7936
7225
995
6995
415
1045
363
3771
6995
3232
6378
6119
2855
7420
4748
4453
4903
3524
1341
2027
6188
4847
7839
6829
4355
156
1602
5278
5588
3774
1045
363
6976
1231
3192
5446
2855
2193
1341
3726
894
7936
5274
2494
6376
4748
838
6970
5574
5324
3771
8073
5531
2419
5196
5950
5810
6735
4703
2330
31
4748
5714
6995
3965
6376
2855
5503
232
363
1493
6038
2461
3771
7076
4018
1552
2461
5446
5447
2507
2585
1341
6353
5166
3457
6441
4292
1810
933
460
172
5658
7076
363
6995
5093
3991
1341
7841
770
5960
4903
6979
4935
1934
1013
3468
7964
6099
2855
8065
894
7936
584
6956
5681
5493
5272
1075
4926
1356
3577
7686
1243
1341
6378
3394
232
2461
1465
7796
7456
7936
2461
2992
154
2041
500
6214
6979
4935
1465
770
6995
5446
5377
2569
2316
2723
3623
6321
2022
2570
4067
2152
4503
2540
1341
6099
6378
1112
770
656
5343
4432
6995
5335
2947
3011
521
3476
5037
2051
894
3774
7525
6894
7796
2461
154
3090
3056
1055
1732
6827
2217
5689
7119
4694
2855
770
5446
4265
4935
1341
6376
6595
1657
3458
8014
3831
842
4858
8070
1243
3524
3394
6099
7593
7936
6595
787
3743
4823
3086
2496
4689
7966
492
3722
7654
957
5574
1971
961
118
1243
6164
5588
2225
252
5577
5340
5945
3291
2630
3476
7932
5714
6950
2976
5274
7076
4935
4265
5425
695
5288
4294
1814
3995
3706
4948
7778
4611
4935
6619
2844
6894
709
785
606
7777
2521
2260
1070
972
2184
522
1961
6325
7936
2855
7593
4152
1231
154
2019
2023
4349
7119
5493
6320
7595
4047
2494
584
1243
6123
1131
6456
6894
770
5056
3997
2023
7892
5906
3998
1075
1817
5706
7689
6976
3711
2601
154
7041
8065
6976
3774
6499
7463
4493
2561
1424
232
3774
1493
5728
1341
3524
5503
154
1493
7689
283
3869
1784
5314
2059
2421
3183
1552
1341
6376
8166
1045
6995
3112
154
7936
2193
1011
8105
7591
17
2461
5446
4823
3524
2855
5446
3965
6119
1341
6376
6272
2341
5322
2014
556
5138
3086
46
6704
540
2820
1026
6894
6894
1026
5258
7225
2193
2177
4822
7463
3991
2193
3774
6561
2992
1341
3965
5588
4935
1790
2461
1231
2662
6754
6393
5999
4611
5446
7593
6449
1341
6894
2668
8065
5821
6376
2585
363
1039
2013
1556
6372
2855
3524
6066
5728
3771
415
1493
4935
5658
1045
3524
1792
6378
6349
8065
6649
1281
2457
2019
3774
894
1231
1231
5446
769
6985
4718
6053
2283
156
2597
841
2939
1341
5258
1341
3774
6038
1465
415
6979
3524
8166
7456
6532
770
4935
4958
1493
838
3678
7140
6995
4935
6376
4935
8166
4143
5537
2130
6475
817
5057
6926
3486
7225
363
3792
5446
8166
363
7936
4265
7936
2559
6195
5245
6844
7515
2076
6595
7805
6532
2668
5425
6449
80
5658
5658
3965
2283
966
6147
7732
248
7910
4898
7443
89
4177
7936
3524
6995
838
2559
8082
6456
3449
4382
3774
7936
415
2844
3112
7364
4239
3394
1986
6119
2855
7225
6284
5198
93
2127
4335
6435
1653
4727
8080
915
6654
2073
5960
6378
5231
129
4152
6544
2494
3090
6995
7225
3232
7515
3792
1790
5714
3730
2193
5231
2450
3175
1073
4169
6615
4729
783
2024
1252
3722
4291
959
2697
1254
7796
6449
4152
80
6948
3524
7563
5425
5588
5503
6976
7936
6595
4276
1243
5113
5588
2193
7076
4276
6595
3470
1055
7915
1660
5095
4046
4589
1988
3358
1596
6753
1341
7225
1341
6164
1026
6976
180
6744
1461
6595
2461
6449
6704
995
7796
5370
5654
243
1243
7225
7515
6563
3161
5374
2317
7499
7148
3995
1835
2558
177
1115
6164
4935
7225
3524
2601
4177
7936
46
5692
5588
3524
1045
863
5658
5743
7757
4274
4472
8116
2462
8004
1601
5680
2573
2230
651
7012
3594
4152
225
4112
7289
4147
7225
6376
2193
1243
3782
1281
1231
7445
4177
3774
8166
7936
6976
4019
3637
1794
7543
4410
5732
6199
4754
2415
2430
1290
740
4858
1606
4399
837
2741
2635
7332
4478
6421
7415
3057
2672
5704
1493
4935
118
1934
4843
2855
2461
1336
2930
722
4093
820
5874
5248
6735
6141
1050
2679
7011
6760
6651
7086
1488
2252
3051
5249
6199
2327
4318
4754
1009
158
2540
1341
4935
7929
88
1424
6376
5911
2410
5682
1653
4934
2166
4355
3623
5839
3732
7143
3995
7718
