0
0
0
10
8
0
0
2
11
1
0
0
0
0
0
0
0
0
0
0
0
0
0
4
0
0
1
3
0
0
1
1
0
0
0
1
0
0
0
0
0
0
0
0
0
0
0
0
0
0
0
0
0
2
0
1
0
0
4
0
0
0
0
0
0
0
1
0
0
0
0
0
0
1
2
0
2
1
0
0
0
0
0
0
0
0
0
0
0
0
0
1
12
0
0
0
7
0
0
0
0
0
0
0
21
2
0
5
6
5
0
0
0
0
0
0
5
0
0
4
0
1
5
3
0
2
0
0
0
0
0
0
6
2
3
0
0
4
0
0
0
0
0
0
1
0
0
0
5
1
0
0
1
1
0
0
0
0
0
1
0
0
2
0
0
0
0
0
0
0
0
0
1
2
0
0
0
0
0
0
0
0
0
0
0
0
0
0
0
6
0
7
0
0
0
0
0
0
1
0
0
0
0
0
11
4
9
7
7
0
29
2
0
1
0
0
0
14
3
1
0
10
0
1
1
1
1
0
0
1
0
2
0
0
0
0
0
0
0
0
1
0
0
0
0
0
0
0
0
0
0
0
0
10
0
0
5778
2411
6730
1341
5714
4935
2992
5037
4777
2343
3004
3686
8065
11
6649
772
4008
2958
1550
1155
3260
4647
1155
2066
7798
6465
3449
450
5185
1024
7585
3004
3253
2562
7041
1341
5588
3524
7895
2461
7192
5145
2411
4291
4008
960
7888
7675
1280
4769
3022
26
6417
3741
5779
5456
6188
1452
6973
2343
7745
6122
7934
2777
3959
2133
4524
3232
1131
2855
5744
2395
4935
904
1309
3416
4175
7177
7929
2855
2855
8129
260
7872
4237
1523
2676
4609
2441
3823
1478
1944
1803
1943
1579
4858
2541
3145
1493
6456
6325
350
5785
4018
232
3777
5172
1931
1266
894
5561
3528
1493
6673
2675
2066
5272
5536
7673
4120
1425
2513
3289
475
3494
5706
1688
232
3988
1231
3524
6092
6520
3551
7895
2675
3551
7593
2220
3468
1465
7936
1488
7796
1790
3232
6224
6271
4569
7246
2958
7246
5129
1140
1954
1621
6003
3494
4492
7497
4406
2855
4119
3792
5181
5093
7796
6105
6259
4018
2662
2461
7648
1331
4152
5093
31
4119
120
2958
1550
1550
6384
4809
6415
1740
7484
2851
2481
4712
6677
2303
1493
232
7577
7593
4018
4152
3524
6164
7929
3741
1231
6598
3774
1539
80
2019
3774
2820
709
2080
1672
6393
4384
7563
6437
3600
2266
4785
568
138
4900
1301
2855
7796
415
8166
7031
4018
2175
6995
2064
1442
1231
6704
5343
2855
3390
2395
2855
7364
143
6791
6656
7006
7013
3378
5290
3121
7722
8039
6499
4372
415
3348
6520
6976
6164
5503
6976
3792
4152
5056
5037
5446
3482
2855
1296
6547
7225
1341
4866
7787
3046
3797
825
138
7431
2907
1245
1057
3044
450
3505
2193
3148
7790
5706
3771
5447
6976
1934
6937
5093
5447
1045
8111
838
4018
6164
5453
5503
1341
1073
475
2266
5952
7748
5497
6346
7002
2951
6150
5013
2328
3988
1231
1662
5343
606
3730
7643
6976
1026
2019
5561
7726
1608
5037
838
1281
6995
7142
7936
6520
2225
1073
2461
2855
3991
2193
7525
731
2343
1830
3505
7041
3401
444
2678
5503
7593
5714
6259
7364
4496
6995
3136
3771
1569
6284
46
2601
5865
4010
1465
5453
6894
5782
8147
1846
5574
5744
1493
1934
7177
4341
1003
5658
2461
7013
6195
6449
1934
3771
2939
5706
5022
3209
5574
4379
7650
5714
2773
7057
1465
3701
2855
2461
1243
1243
1465
4496
5144
4148
5324
3711
3634
5432
4825
6233
2019
2855
5326
7041
3771
2019
1493
4866
5892
2533
358
2062
2272
6104
3675
4326
80
4018
1281
896
4018
5714
5574
2855
4507
7758
5037
4866
5623
1414
6276
3148
4060
5454
1698
5750
4878
914
1238
466
680
6259
303
988
990
5812
5596
283
5454
894
8166
6376
6376
6376
3771
3524
5658
6704
5037
3208
924
1266
3774
6544
2309
1073
1281
1024
80
6595
7776
2586
5801
3812
7432
974
7371
2544
3214
4766
4379
6894
7076
3112
31
7936
3774
838
5274
7796
5902
3860
5561
6995
6520
1672
3001
770
1266
4295
5547
6456
6595
4507
4979
5970
3492
5527
5335
6148
1784
1367
7387
1560
3711
584
1243
5454
6862
7847
7593
2474
229
6979
7461
6976
4197
1698
4119
8166
1493
2513
232
3771
3232
1465
3557
7749
6898
3813
6501
5527
3755
4339
5450
5019
5447
5725
2059
466
4935
4507
1185
6478
6169
1579
7484
904
4866
939
5503
838
415
2309
1527
894
6995
7071
5447
6818
5811
1850
2977
3875
2677
6234
1698
3888
2601
6456
1305
6536
5139
415
1686
6411
450
7901
5963
5750
80
7593
4979
2193
6844
421
6195
2051
3634
5714
288
1243
80
3452
7240
8055
3627
4216
2225
6976
7796
894
5566
4053
6587
2411
4472
1944
1279
2408
6386
3991
6868
4569
5428
4119
1266
4912
5714
1266
2855
3272
5037
3524
3011
4997
536
3656
6002
3771
2507
6098
3792
5447
894
3011
3184
1852
4478
4329
3577
6833
6164
2019
5447
7756
1465
1238
7593
4507
3771
4453
6750
80
5588
1243
995
3183
4319
4654
3594
6378
899
8166
6318
4453
4018
4119
3771
6501
6230
7995
1523
1360
6376
5561
2820
7936
3991
4119
2019
5588
6976
3232
894
643
8166
6704
256
5447
396
276
4152
6501
3585
2778
838
770
5447
680
4265
11
243
4609
6041
3258
232
4453
6995
2019
7089
1579
1073
7936
374
2395
6195
6164
2601
2019
2660
4326
8065
1672
2855
7929
2507
500
7089
5453
3965
5447
3774
656
5960
876
1362
2560
6164
2193
4903
3771
916
5542
3991
4265
4092
1266
7796
5093
6995
496
5960
4018
819
1281
5561
1934
6897
1488
4453
7936
6098
6704
4453
3524
7929
5928
1154
6222
4474
7764
2405
1852
7575
4291
5250
2193
4236
415
4010
3524
7364
5042
3888
7089
5408
6355
415
8166
4452
595
288
5326
2855
6092
7810
2461
6284
7823
4881
6070
925
6973
3682
109
1581
6735
2808
838
4207
6979
4935
6318
5395
4580
1280
332
4812
5531
5501
6449
904
517
3988
5805
6822
7716
6334
2380
6475
3490
2856
4708
4319
2080
6384
5997
4796
7011
3524
232
5489
7041
59
1784
3585
2325
2343
138
6053
2907
2405
138
7041
3452
6202
6645
2548
2661
6590
3797
3358
6271
6227
1989
7059
5140
3220
7871
3577
4340
7303
894
6332
1329
6495
1160
6677
5928
2684
5173
2796
568
2130
4689
6306
3631
5751
740
2131
2304
6667
6544
5107
5079
7205
7831
2292
6448
3438
2453
369
6227
764
8
7049
4329
2130
4340
6799
6012
7520
7143
5751
541
7143
5997
5537
3732
783
96
4632
6472
6552
4616
4545
5892
6227
4249
5931
3536
1248
5128
1366
1965
46
4319
3741
6000
3911
1425
4670
4214
7258
4608
7874
914
2856
83
7777
3096
7258
1824
7613
777
1156
2418
915
1524
1550
3212
4526
5761
3326
7819
7831
4249
460
2461
7596
3490
7613
2736
4867
4383
4329
6926
1565
1565
4921
899
2066
3588
4011
389
3167
2522
4074
5344
6339
5909
3600
1776
6227
4630
1776
3577
75
7990
1346
2778
