0
0
0
8
5
0
0
2
10
0
0
2
0
0
0
2
0
0
0
0
0
0
0
3
0
0
2
2
0
0
1
2
0
0
0
0
0
0
0
0
0
0
0
0
0
0
0
0
0
0
0
0
0
0
0
0
0
0
4
0
0
0
0
0
0
0
0
0
0
0
0
0
0
0
0
0
0
3
0
1
0
0
0
1
0
0
0
0
0
0
1
3
16
0
0
0
10
0
0
1
0
0
0
0
21
2
0
6
5
4
0
0
0
0
0
3
5
0
1
4
0
1
2
0
0
0
0
3
1
0
0
2
0
1
2
0
0
2
1
0
0
0
0
0
0
0
0
0
2
1
0
1
0
0
0
0
0
0
0
1
2
0
2
0
0
0
0
0
0
1
1
0
0
0
0
0
0
0
0
0
0
0
1
0
0
0
0
0
0
3
0
7
0
0
0
0
0
0
0
0
0
0
0
0
11
2
7
4
4
5
29
4
1
1
1
0
3
13
0
0
0
11
0
0
1
1
1
0
0
1
0
1
0
0
0
0
0
0
0
0
0
0
0
0
0
0
0
0
0
0
0
0
0
10
0
0
4852
3542
5643
7246
4475
5798
7246
7246
7223
4707
3577
6796
215
1774
4207
6469
6465
3577
649
6089
4809
4207
2080
7699
7391
3004
3481
559
5798
5874
6082
4312
5276
3240
897
3806
588
7777
3851
2285
6384
3207
2136
1425
2309
591
7689
2130
619
4065
3699
7911
5810
4732
4442
968
3592
7153
2999
4594
3389
6089
7872
5886
2080
7246
7570
5115
7995
5514
331
7860
7716
5477
6510
1774
1746
1285
6141
1715
3490
7613
1155
5071
6294
1595
5507
4722
2836
510
3444
5997
1944
6384
2533
4214
3542
5643
3225
1944
7236
7391
1103
5403
7592
121
4670
3682
4595
156
2327
6041
2328
1822
5185
783
4008
1794
6465
6547
904
2019
8089
4074
4718
5579
2661
5915
2530
4239
1023
2916
2499
4641
783
255
6262
7135
3851
2465
5324
1776
7753
1550
3835
4441
2252
2679
5024
4089
1739
2051
7378
7057
4784
4880
820
4493
1213
6562
5367
3346
5248
1217
3358
2136
5057
3290
2080
2080
5013
2343
1950
7022
2193
863
4092
5319
1362
5272
5687
2377
3001
6667
3783
6884
7235
3806
4270
2463
8080
4329
1787
4326
3481
6761
47
384
30
649
45
4651
5786
5865
6376
2395
6195
3771
1266
3930
8014
1615
995
5658
8166
674
1765
5489
1944
951
5048
6395
3291
3121
7246
5798
2285
7798
5227
6020
6041
3806
5786
7364
7796
7225
2193
1045
6259
770
1266
5561
5714
1266
3774
8111
6995
5962
7598
2777
2343
6053
797
591
2796
2441
1774
7872
3542
30
2379
8190
1944
916
1792
4119
4453
1957
894
6673
4399
6376
6092
6619
656
6995
894
4935
2855
904
3127
3207
7872
6227
1620
3052
5171
600
825
764
7670
3740
4290
3051
26
2631
2461
656
3524
3730
4903
6520
4018
5658
975
7197
6449
5952
3771
5447
4119
1073
2574
4021
1976
5579
5778
6089
575
1765
7239
6552
5594
797
297
5322
3706
1976
1266
2474
7142
2019
4935
2601
4955
8065
4276
2855
904
7936
6937
5343
2193
2431
2586
1493
2585
53
4341
5013
5798
6053
6372
6372
3959
6089
740
7640
894
1341
5588
3452
6259
3991
7225
6520
5574
4197
3112
5037
7041
680
2855
8166
5200
4912
4442
6976
6995
2649
5520
568
3682
7258
3706
4170
3212
1774
1794
1600
6595
5658
939
5447
3966
4399
1045
1493
5447
939
5217
1957
3730
2051
3771
4454
6456
2136
3730
80
2395
2585
2662
5248
2421
1746
157
6110
3773
4644
7871
358
6995
3774
7225
770
6520
2939
5520
2272
5037
5951
5454
5324
5588
894
7355
6456
4155
5588
6995
3524
5446
4823
4207
7613
2630
486
7613
7333
6768
8187
6571
415
894
5503
1231
2461
1934
1341
3192
7650
6233
1595
5050
466
5454
5114
3942
3212
1465
8111
5658
4675
6642
5746
5928
3542
6053
3600
684
5079
4718
1786
6074
6272
894
4453
3524
3390
5447
2300
7795
7905
5019
536
5911
4357
4112
4053
3730
3771
7936
3965
995
5111
4651
2339
5805
4812
4224
2676
7860
46
3477
418
5436
6979
3524
4903
5588
968
1045
6066
1280
4888
2856
1280
2650
3562
842
656
6941
3965
8166
6595
924
308
4406
7236
7591
297
783
4207
2411
591
1664
121
88
5503
894
7936
2855
1266
1493
5093
101
260
3068
536
8030
7399
5489
8106
4119
2193
2193
6894
894
3991
1045
872
2066
1550
1023
1478
1863
4569
6997
5405
6501
3524
6976
415
5454
1341
8166
232
1442
7174
8030
973
4856
4780
4965
6099
6195
3774
6449
1266
1341
3965
4265
7577
5952
2034
4771
4732
5412
4698
791
1631
1341
3774
5658
7936
606
7593
2675
6948
2992
4955
1719
2760
5898
3542
7841
1266
2461
1231
6259
1442
894
1934
4265
2855
4879
3068
6002
4835
1664
1285
2283
426
894
8166
7225
2855
7225
3505
6572
2574
4912
6960
4955
5454
4766
7941
2080
6704
5503
3965
5446
6995
5037
4453
4866
5447
904
6255
6791
7110
6271
5263
6768
841
7916
1792
894
1792
1266
6704
5746
3272
415
894
3792
3965
3966
4939
5343
6831
4265
7142
6376
7225
6349
2732
4509
5561
415
8
5896
6720
2764
7304
5290
5173
1160
6958
6863
17
288
3188
4060
3771
4675
1231
1341
4675
5960
3008
7941
7013
6960
5447
4276
1792
1465
5217
896
894
6414
7871
3959
5272
681
4007
5547
4812
2152
4533
3416
680
2461
3792
894
2395
6995
2855
5658
904
5960
770
8111
5343
1488
7639
4935
5454
5343
3503
7225
2675
186
407
6714
245
2507
114
5100
665
615
7615
1845
5375
2461
7936
6995
5503
5561
5447
2193
2019
3551
7515
6092
4152
2586
2855
2395
1231
5952
4884
7235
3302
1767
3835
1576
1739
2835
1407
2127
6735
5185
2759
3924
7395
7199
2987
1231
7225
1934
1045
3771
5782
3888
7515
6092
6750
466
8111
6456
232
2461
6210
1576
3245
4581
1285
1425
6677
4834
5447
280
1177
4703
569
2372
4852
4847
3267
2461
3524
4453
3774
7456
4912
6868
2461
2019
6272
4119
288
3505
6119
232
1131
5192
4214
7913
7928
4067
7901
2411
7942
247
7337
1003
5730
280
1740
3095
3259
5899
7936
232
4675
5658
3291
5588
4453
975
4654
8137
7884
3305
6284
6284
1639
4825
5839
2629
4583
4984
7860
740
740
764
3656
825
7148
3439
931
2336
5187
6306
3468
2461
3011
139
1266
770
3774
5377
1038
7416
4224
5051
3920
5749
5334
606
5915
945
215
7980
23
4852
3212
6677
6417
533
6372
5468
2280
1103
531
2002
4739
3432
2916
7575
5833
894
7142
5093
7057
6040
7956
7901
2464
777
169
2422
7816
5998
6038
4094
7737
1565
4475
6384
2520
4640
2576
254
5514
1425
2464
169
2425
3851
6441
4796
3391
7956
5010
4827
3542
6677
4361
255
5272
2405
651
217
1245
1331
3557
7749
1567
2429
4718
3542
5720
4359
1821
684
4881
4399
845
47
4346
3888
716
4729
3835
649
5928
6973
2676
4698
5730
4796
6041
418
5779
1938
2092
7391
5454
6634
3553
