0
0
0
10
3
0
0
2
10
0
1
2
1
0
0
0
0
0
0
0
0
0
0
2
0
0
1
3
0
0
2
2
0
0
0
0
0
0
0
0
0
0
0
0
0
0
0
0
0
0
0
0
0
0
2
0
1
0
2
0
0
0
0
0
1
0
2
0
0
0
0
0
0
1
0
0
0
2
0
0
0
0
0
0
0
0
0
1
0
0
1
5
13
0
0
0
8
1
0
0
0
0
0
0
15
2
0
5
3
3
0
0
0
0
0
0
3
0
0
2
1
1
4
4
0
0
0
5
0
0
1
0
0
0
1
0
1
2
0
0
0
0
0
0
1
0
0
0
2
0
0
0
1
2
0
0
0
0
0
0
0
0
0
0
0
0
0
0
0
0
0
0
0
1
0
0
0
0
0
0
0
0
0
0
0
0
0
0
0
4
0
9
0
0
0
0
0
0
0
0
0
0
0
0
11
6
9
4
4
7
26
3
2
4
3
2
2
7
1
1
0
11
0
0
0
1
0
0
0
1
0
1
0
0
0
0
0
0
0
0
0
0
0
0
0
0
0
0
0
0
0
0
0
10
0
0
649
3959
6571
5560
8086
6088
7890
2791
434
3100
1038
6588
5643
3888
2597
6109
7615
5998
2104
5444
4211
6000
348
2405
2645
2684
960
6038
8
3588
5650
7860
3469
1464
7029
4594
4876
3646
1110
5732
2629
7816
2343
635
3260
558
6922
5601
615
390
6705
7948
1890
5515
6437
2136
5272
3741
2533
6376
1266
3188
5187
7227
7966
1581
7227
6227
1219
7323
142
6636
1523
5928
1155
1949
5779
3995
7319
3751
1290
2762
7389
531
466
5037
2735
5037
6395
5643
2676
3494
6552
5288
1954
6997
30
3346
4194
3469
896
552
949
5343
698
3443
6510
4007
6002
6760
978
2152
5226
7786
5608
1770
1497
4670
5873
6649
5129
4955
3433
7699
1765
2405
510
2410
6041
1147
2826
4319
6635
1266
3631
6306
47
4788
98
575
4835
2463
5167
5521
4372
4170
263
6346
2369
2421
7948
54
4202
4261
2092
6000
925
6770
90
4312
8143
921
1871
3959
7158
1494
1513
4689
5778
3816
283
6593
5915
3995
8159
2741
7419
4539
5521
1581
1746
6201
675
1929
5010
5561
6552
4319
418
2066
2325
3077
348
8011
5404
7405
894
1850
5628
2907
2867
1774
1411
1150
1660
7121
4355
1488
1672
3416
6533
4839
2402
681
7002
5815
6552
2080
960
5079
1158
617
2741
96
5658
5343
6384
4206
1698
1442
6040
6553
1948
3526
5185
2136
6818
749
1822
1997
4164
6677
2429
763
7285
48
3793
1566
6395
5778
671
4211
683
7722
4525
3959
3602
1076
2482
1012
4007
2441
2863
1209
2513
3647
5277
722
4049
1744
1156
26
651
1155
3700
3541
3363
1217
8135
783
2907
2850
886
4270
2679
6002
46
392
7180
5104
8137
1364
729
6895
7051
4615
6876
4037
6020
208
4812
4207
7588
2193
5586
5107
4150
7203
1238
7244
4688
4293
1280
5781
6440
6436
3688
4634
686
934
7658
7274
3501
2485
6668
3572
5277
692
4608
1769
5756
1136
4067
6011
1792
7936
5446
1913
7570
6116
2780
1019
2854
69
6419
7018
5405
619
3924
7890
7285
6548
3986
4285
7041
820
1791
6082
3576
3010
3629
6376
7225
17
6948
5258
363
154
5446
7776
1845
1593
3793
7121
4570
4318
2553
716
1838
820
4853
4545
3435
6208
5999
5619
4264
4046
7235
6181
4935
6119
8166
894
232
2395
894
6376
5447
5658
894
2740
7371
6595
6595
1707
7106
4492
7940
1672
6066
6594
7755
272
1559
6415
4207
2796
5654
1954
2461
6463
3300
6201
6750
2601
5447
363
3774
5446
6195
6995
6092
3468
1493
2461
5658
2461
7177
8025
5798
5874
4932
3433
6973
959
3695
6307
1774
3741
4572
3223
6970
6398
7162
1787
3769
1650
5326
53
5658
3557
3792
2586
3602
6976
1231
3112
5658
5001
6098
5786
369
7871
2507
2066
8159
882
7854
90
7736
4384
5037
4569
4847
1838
137
5469
1073
1026
1934
3394
3232
7563
3771
3728
6456
2051
894
6575
6378
6164
6979
3284
7416
5999
5779
3095
1078
3435
1403
2958
1443
5579
4038
600
7119
2597
3258
1341
4935
7142
7936
3774
838
5037
7753
1324
1011
4836
6894
4453
466
7563
92
2648
6760
5743
3571
6409
6109
7852
4698
2525
7135
4084
2283
5057
5175
6820
6353
89
80
4119
3008
5503
1800
3123
4053
3483
6214
1331
7294
6547
1344
6979
33
5187
512
5129
6818
48
4213
422
7216
6955
7745
1046
1238
47
7740
4700
4333
6595
6976
1565
606
5960
6979
4238
3084
2553
7453
4780
4912
3774
7225
1243
1231
1439
6709
559
8160
2485
3572
5057
1794
7398
1823
1978
1620
7790
8060
2461
232
6995
296
5446
5093
1957
5584
3174
3483
4651
3012
985
11
894
5561
3112
154
6501
2663
1739
2533
1803
1270
6850
6020
5115
6791
5456
3290
5107
995
154
770
7964
238
1281
154
894
5217
3002
8065
53
456
288
4912
6284
894
894
2193
990
716
5175
1534
6871
7071
2343
6372
3457
7816
411
2410
665
4702
7657
217
4698
1011
6376
3524
6793
2202
3965
1073
5250
1424
4177
5658
5574
1307
4354
396
5805
7745
4722
5629
3355
4618
5594
5874
2024
1565
5608
8010
124
837
1690
7582
2130
273
8166
5728
6976
3291
4276
5658
2395
437
770
770
3524
5145
4315
7321
4340
783
2489
6667
1469
458
325
434
418
1856
7156
568
4478
6820
4065
7901
2080
7087
6499
3991
4916
1579
363
5658
1266
5324
3711
3524
7225
2461
4876
7914
7109
4013
560
3144
5839
6480
6012
6650
2195
6105
7582
4011
5248
3504
5113
170
3682
7229
4939
2354
1782
6272
4935
3774
1790
942
5706
7515
3774
5952
7344
1765
3413
3506
4493
4372
5135
3534
986
1698
1944
2206
8064
90
3686
5129
8055
3986
6824
1057
5166
5163
6227
6353
6595
2461
5114
5165
8048
1243
6284
1639
3559
421
557
2146
3210
6132
4349
3572
7389
7063
740
4385
491
90
7123
8160
643
4881
5214
5715
1942
797
5267
486
354
5952
331
6645
472
6459
3825
6997
1464
777
373
740
3614
133
1232
1082
715
1821
5306
3894
2612
925
6069
5477
4216
559
2219
5324
1238
7143
7246
5102
26
7760
3481
2489
348
1446
3534
434
2405
716
3623
5514
5874
4142
1581
5810
6548
4190
2372
5829
7464
4441
1740
411
6481
7292
5066
1672
3581
5447
4735
7901
581
7591
5922
1151
4568
7901
6078
2271
5997
2915
683
4950
1836
4143
1594
7226
5427
2405
7570
5272
404
4489
1075
2415
5921
5013
7049
4326
3449
6879
2429
4011
1155
2402
7556
5924
3806
8160
5172
2271
297
4010
2339
2868
2801
3245
1470
3240
3600
4426
4718
6141
1949
111
163
5451
1733
4914
6818
1988
626
7654
7755
2283
899
3457
1414
1182
3224
3358
5874
7596
5514
3888
4448
4735
3289
2502
6289
2423
418
1345
389
6396
2868
4334
8080
492
7613
5214
6761
1105
899
8135
7327
1450
5566
4089
7845
3481
2815
6132
2826
2907
6417
7484
16
4361
6262
5077
8091
2894
5079
6761
6252
