0
0
0
10
7
0
0
2
10
0
0
2
0
0
0
0
0
0
0
0
0
0
0
5
0
0
1
2
0
0
1
1
0
0
0
3
0
0
0
0
0
0
0
0
0
0
0
0
0
0
0
0
0
0
1
1
0
0
3
0
0
0
0
0
3
0
1
0
0
1
0
0
0
1
0
0
0
2
0
0
0
0
0
0
0
0
0
0
0
0
0
4
13
0
0
0
8
0
0
0
0
0
0
0
21
4
0
6
6
6
0
0
0
0
0
0
4
0
1
6
0
2
2
2
0
0
0
4
0
1
0
0
1
0
1
0
0
2
0
0
0
0
0
0
0
0
0
0
2
0
0
0
1
1
1
1
3
0
0
0
0
0
0
0
0
0
0
0
0
0
0
1
0
1
0
0
0
0
0
0
0
0
0
0
0
0
0
0
0
3
0
8
0
0
0
0
0
0
0
0
0
0
0
0
11
7
8
6
5
4
26
3
5
1
3
0
2
9
2
0
1
10
0
0
0
3
0
0
0
1
0
3
0
0
0
0
0
0
0
0
0
0
0
0
0
0
0
0
0
0
0
0
0
10
0
0
4701
6681
1513
3682
4120
1331
5324
2465
5024
5915
5428
7874
4533
4017
5778
4739
3730
1664
1671
6411
4727
5404
5292
7901
1660
123
5111
1209
182
3440
260
4238
2948
6393
5997
3959
3433
260
432
1024
3084
4719
2811
6052
1951
2558
6089
148
4796
6152
574
3455
4944
2731
5150
1082
5249
1697
8143
5373
5535
7432
4109
7033
5155
1082
4020
7413
4383
3701
3432
3416
1748
6230
4346
2933
925
2066
1739
2315
1309
5113
2773
3861
7909
8143
3266
5166
4215
7613
3625
3449
3585
7059
7393
2497
6973
3084
566
5986
7144
7178
2150
5445
5654
1333
1156
1789
3682
1672
3679
186
4698
1931
4852
290
1242
7606
488
2105
1682
3055
1713
6830
6768
4811
4007
5393
7582
491
1994
896
6384
3068
1252
6743
2560
4340
102
3287
5220
6188
6979
1073
2684
1620
6406
4065
4716
6321
6889
3438
615
7054
2671
3478
1671
4925
5862
384
3443
5155
6464
3067
1160
4406
7031
6973
6227
390
994
5075
2328
583
4649
1341
5952
4472
5107
772
457
1366
4887
4949
6005
6886
1856
7622
7819
4329
677
807
3625
4581
3252
5654
1082
2478
4701
5798
4340
7453
5798
2135
444
5667
2324
6995
6995
6040
1279
7745
1519
232
2675
727
3572
1327
3991
4346
4367
4381
6074
1941
7596
5542
4876
7389
7507
5553
7777
158
7470
5569
663
2019
415
1231
6164
1259
5744
3991
1631
4093
2076
232
6284
2226
1554
8058
4788
8025
5716
5716
2129
583
2064
2496
2369
5385
5430
1232
2218
7165
1784
1011
6979
1465
4912
3965
7796
458
1026
6976
8014
2750
7593
3774
3232
2397
4256
1273
1717
4353
5332
3161
5143
6791
7780
3999
6005
1672
1531
4214
6599
1243
4935
232
232
154
6264
5999
7197
288
3865
80
4935
6995
2992
2855
1073
6595
1341
4935
4343
3401
3153
1454
677
7304
1467
277
853
6294
8184
3068
8111
3169
838
1493
3011
8111
1231
2461
5018
5744
7387
8166
6937
894
5447
6960
5588
3792
5714
5588
4940
1929
5393
4887
6458
1435
5254
2830
3136
845
5857
7545
3394
4935
3069
4453
7796
1465
6099
5454
3792
1243
5977
3112
2553
2855
5037
5658
5454
6195
6164
415
5938
1473
5477
2402
7072
340
3693
1150
591
2137
5113
5650
146
8073
373
7563
2494
5217
4119
2395
6376
4238
4399
5552
4984
2507
5447
1131
5714
4119
3771
1708
6679
6124
1907
3386
6411
5858
614
5385
1279
5997
1331
7190
7788
6706
4792
7240
1231
7593
3792
2855
7639
6639
4192
6500
2952
240
3263
53
14
838
838
6995
6272
3427
625
5545
6547
2465
4594
4109
5367
1595
5173
4175
5035
7663
2370
7484
5246
838
7936
4935
2051
6864
7300
7546
606
2260
2256
4955
7089
7841
6164
6164
4935
1341
7015
3161
7885
3452
3572
210
1160
5874
7246
1053
4777
1231
1231
7796
914
5005
6873
2778
2507
8188
5649
7546
1576
5013
4940
6478
7593
5588
7525
5782
6595
6276
2135
772
916
3347
744
2283
5986
6417
7790
995
3792
4453
2855
4507
288
418
8
7076
4993
5181
2988
7859
4899
851
4115
17
2051
4265
6995
3771
5588
8166
2165
410
1886
6784
7967
35
721
2328
5742
1231
6456
6164
4119
6252
5326
7292
6376
4379
7926
1488
7941
4000
3020
1171
1999
3232
7932
7954
2662
5744
6995
232
4935
6409
3810
6371
4701
6937
1450
1082
6761
3505
3524
838
4935
4935
5099
7525
6119
154
6376
3011
8129
2808
447
6414
3551
288
2395
4496
6894
6636
466
7796
2855
2460
2849
2194
899
7180
2892
1443
5450
2004
1790
894
154
6038
6259
7477
5960
1341
6255
6318
1694
4442
5744
3728
53
7615
7593
838
3991
1045
1079
5250
6374
2453
3510
5206
6074
2441
6969
4622
5902
7419
4134
2284
4481
7482
1589
4333
6449
4836
6478
6485
2496
6164
2019
1662
1243
1103
3730
5181
7593
8166
2992
3214
5301
980
2328
5470
4162
2533
167
6631
5099
4326
1611
212
3252
158
1538
1076
6272
2844
5588
14
7197
6038
1465
2395
7225
288
1344
8065
7796
5714
6995
3854
7230
7051
3368
1595
8143
5482
783
4780
6850
5079
2467
5272
1836
6440
811
6376
2855
7689
5714
1527
4789
6995
4018
7525
6272
6259
5714
5658
8166
2855
5561
3774
2633
7505
7676
4326
5288
1082
5066
1458
4515
2586
3359
1785
8143
125
6164
8166
3524
5658
1493
7140
340
3771
2855
6098
4453
4753
3860
1231
2019
2019
1934
6198
6272
4338
7461
4718
3433
1155
7901
4529
4863
4453
4818
4239
3936
6672
2855
5453
2193
296
5578
1672
8184
2461
7796
7456
5326
5430
5082
5403
4912
3857
3966
1060
2199
5335
6358
7591
4698
7012
6571
5724
6999
6276
5690
2184
2260
1852
440
5714
5498
2732
6544
5037
7197
1266
1527
3112
5714
2601
7255
212
295
6002
1425
5599
1031
2764
5439
7505
384
1794
925
5079
191
8119
5785
6203
3600
721
1631
1231
7796
1493
7880
1182
4319
7225
6456
3730
6976
92
4472
6346
6406
7246
763
6960
2357
7387
5479
3615
4698
702
4809
6227
1852
6201
4260
6460
421
4600
6440
607
1962
6318
7380
1384
1424
3771
466
232
3771
3012
5102
2801
1789
4061
3148
2586
1104
2485
4820
310
3797
2558
568
7094
5163
7190
896
7461
3478
1245
1610
5249
7888
6355
2796
2411
2411
4879
6995
3771
3857
1333
4798
6483
4120
4561
924
7350
5497
4933
6440
1982
3368
3326
4600
7398
702
2634
4935
1032
4004
6759
5643
1821
1029
3901
6227
6552
390
1244
680
6415
6781
3861
1765
6889
3389
6052
4853
1769
5952
7523
783
3477
5208
1774
35
3821
5730
4916
4708
1160
5886
3778
783
3661
5165
6544
1776
649
951
4150
4472
6346
6508
3220
7872
407
5705
6820
6259
211
5608
442
4791
876
2325
3542
651
146
2533
2328
1464
390
7888
2608
6465
5242
7135
8160
6060
6141
6645
6041
5024
137
1333
951
4491
1103
3701
4120
7072
4539
3504
7563
5591
5489
