0
0
0
9
5
1
0
2
10
1
0
0
0
1
0
0
0
1
0
0
0
0
0
4
0
0
0
2
0
0
0
0
0
0
0
0
0
0
0
0
0
0
0
0
0
0
0
0
0
0
0
0
0
1
0
0
0
1
1
0
0
0
0
0
0
0
1
0
0
0
0
0
0
1
0
0
0
0
1
0
0
0
0
0
0
0
0
0
0
0
1
2
12
0
0
0
9
0
0
0
0
0
0
0
22
0
0
9
6
5
0
0
0
0
0
2
0
0
0
4
0
1
2
1
0
0
0
2
0
1
0
1
1
2
0
0
0
2
1
0
0
0
0
0
0
0
0
0
2
0
0
1
0
1
1
0
1
0
0
0
1
0
0
0
0
2
0
0
0
0
0
0
0
0
0
0
0
3
2
0
0
0
0
0
0
0
0
0
0
4
0
8
0
0
0
0
0
0
0
0
0
0
0
0
12
2
9
2
2
3
24
1
0
2
2
0
1
16
0
1
0
10
0
0
0
2
0
0
0
1
0
0
0
0
0
0
0
0
0
0
0
0
0
0
0
0
0
0
0
0
0
0
0
10
0
0
3416
2832
6058
777
6222
7510
7025
4852
2080
5112
30
1786
5185
5778
6417
4718
7798
4011
7051
5886
5024
4771
1769
3367
2283
5236
3821
7716
8160
3585
6053
1023
6475
2884
2930
1596
7510
7327
30
2916
7258
4851
8066
2418
7484
2796
4545
6237
1709
5024
750
7966
1600
1217
3835
6820
2286
7119
512
4796
3389
2080
1774
591
7874
4796
4194
4700
1046
5998
684
4521
4881
2252
3598
1430
4213
4708
1594
4822
3623
208
4934
3732
6075
5975
4876
591
5248
4211
1947
2462
6660
255
7223
4670
3635
6366
7788
1046
3475
5048
1767
5092
2907
6818
4950
5171
4955
1024
2286
5434
361
777
7011
6997
1554
7077
6777
6089
6417
3600
3959
914
5290
6082
1765
3266
5997
3320
1536
1235
2004
193
4778
4224
2405
4689
492
1009
6552
4236
7723
1584
7913
1407
1023
7798
2419
5012
8047
5113
7596
4707
8160
7294
3443
4361
1450
5277
7244
1160
740
4574
3189
193
7900
4813
5102
6330
1097
5376
6820
2597
137
2907
7289
4839
2410
1595
915
5832
4852
1824
7011
1949
6393
361
4596
382
4847
361
7711
1842
1664
3696
3515
6058
1235
1042
1594
7097
6304
1890
7188
4385
2843
4236
5451
8105
7243
2483
1820
4839
2496
4340
2500
1821
5322
30
6895
3044
4847
5494
2932
7119
5997
215
6997
7188
3773
7470
3570
1231
232
7932
1177
6571
4478
2130
8103
4504
6829
4492
7913
1893
1944
4291
6002
7871
1029
2271
7615
6395
4224
4876
8105
2930
1469
8025
2548
2870
1494
1608
6998
6443
6704
3524
3771
7420
7437
1415
2137
4975
5810
1067
5308
797
2907
7910
4852
959
1534
4950
5107
4264
8016
1839
7909
2286
6475
2958
5439
7075
415
6038
2494
6941
7796
2855
682
2461
6119
4903
1497
4698
8080
3588
7851
7011
6438
727
3120
1818
6735
6141
7002
7002
4934
4329
7188
5521
1702
1620
6571
6979
3774
5588
7796
3634
8166
6099
2461
2461
3774
6099
3711
4600
2130
2361
5547
4011
947
1675
5364
7910
3821
5653
5187
4329
2130
1767
5166
4625
2489
2489
715
7302
7525
6894
7936
3551
461
838
5446
80
1493
5714
894
3489
4294
2999
4291
2464
2130
4390
5547
6306
7909
777
4852
2916
6141
651
6391
5659
3212
4651
2351
4214
3857
5202
2532
1465
606
6662
838
6995
7563
2855
3505
2461
8111
3997
4812
3969
4796
3490
4326
6395
186
7966
6141
6997
4294
3751
8065
7119
7391
1860
6254
6053
907
545
4436
1260
1590
968
4432
3792
5326
2175
3232
2732
3774
7071
2751
6176
3821
5275
3625
202
4109
2286
4294
1245
7113
6188
4751
3326
5736
1290
384
3594
3741
8160
2832
5887
5504
1029
288
1073
3686
3770
7325
5446
3538
3774
1415
1287
7497
3455
8011
4784
716
7244
5227
1200
2419
5024
2945
4707
2723
7895
5715
3916
6828
2136
5998
4729
5012
2562
721
4322
6970
3576
2041
5659
1238
5744
3966
2009
4067
508
7143
4007
5248
6009
1610
3487
7389
1029
3592
389
4698
5384
7283
7708
2242
7405
6737
8075
5187
6141
17
2461
6195
2634
3991
2573
1284
415
7071
8046
7861
4291
3600
4007
6104
6553
4239
6926
1821
5594
193
5079
7003
8073
590
992
4472
7745
1164
5982
7736
4896
2461
3771
80
2574
1341
4010
4530
4979
2939
1788
1767
5024
3541
6000
5322
5129
2465
486
5945
3207
5940
4535
5745
806
8025
4788
6188
3577
48
2119
7575
7225
2461
154
116
6858
6941
6995
1238
5561
4993
4836
2574
4342
2130
4255
1319
3585
3240
1038
1672
4007
3686
4701
6370
4949
3792
6973
3056
6265
675
3676
900
3774
3112
232
80
1238
1957
5783
7166
4496
4912
6532
4379
2193
1064
5364
4340
1023
3402
2777
6552
5024
2405
4722
6972
7926
8184
5226
7948
3699
6020
4824
8127
3524
1045
1045
1465
7643
6501
7647
5790
2836
4748
288
1672
4912
7515
6501
2546
7398
3391
8151
7823
7798
6000
4708
6321
2009
2463
7162
5495
4881
3642
212
4270
5944
3130
894
6463
4010
2034
4812
6271
4907
2559
894
6995
1238
4265
3771
1639
4392
1958
4934
2410
6818
5290
5576
3995
3044
4949
3551
4038
5915
2459
1988
4950
1312
2489
5973
1219
4251
5013
7910
7798
6973
8113
1493
7515
7593
243
7964
159
6760
3161
5107
3572
1672
4340
3642
3577
3806
907
1863
5430
6820
5364
2464
1620
6005
5898
3343
7570
2676
2629
1824
5494
2741
4618
1341
6099
6119
672
3264
8138
1513
393
1944
1824
4594
6227
1944
2489
1978
4319
410
3809
5732
6391
3969
5654
3722
6430
7816
1740
8160
4361
30
6615
7591
8
1341
5377
4322
396
8086
7229
6227
6053
1308
1164
7258
8069
6776
210
3291
5079
210
308
672
2597
5531
3969
7788
2285
1341
1565
5975
4211
6391
7854
3835
871
6376
1462
5475
415
5801
3326
3660
1075
1473
3642
2080
2430
3119
2813
836
7230
1684
1245
2586
4950
1441
7196
4007
3389
5868
1464
3995
947
4311
2415
3959
2225
6889
7012
4190
6937
6995
7515
8156
5701
6227
5778
6553
2408
186
1286
5166
4719
3348
6293
6636
7230
2558
7061
7798
7776
1481
7860
4504
4640
3623
3959
7153
5887
177
7344
3682
6544
894
2145
5808
2999
390
7190
5892
7244
3773
6295
7495
93
7135
2013
2359
8061
2907
5173
7598
7424
710
7135
2009
6583
1794
3439
2283
1639
6089
5412
1620
2560
1050
6509
4412
1057
1746
5756
4442
4964
1071
4335
6188
4142
2654
2028
462
6473
4589
2676
1301
4975
2425
5445
7227
4340
6009
3259
7470
1740
3625
591
210
35
3773
6228
5024
7229
4809
3326
5129
5412
718
5166
3751
722
3067
4125
4169
48
4625
7015
4152
1838
4927
1940
740
6295
8105
3506
3405
390
7592
6571
1029
1046
4353
7234
5185
4892
4950
1824
8025
7915
5724
4771
3439
4926
7380
6082
1639
1285
6599
1978
7380
619
2709
1649
2684
3259
7025
5551
5886
2419
3515
5997
2271
1733
698
3358
3740
6307
5739
5403
215
