0
0
0
9
0
3
0
2
11
1
0
1
1
0
0
0
0
1
0
0
0
1
12
2
0
0
2
0
0
0
1
3
0
0
0
0
0
0
0
0
0
0
0
0
0
0
0
0
0
0
0
0
0
0
1
0
0
0
0
0
0
0
0
0
1
0
0
0
0
0
0
0
0
0
0
0
0
3
0
0
0
0
0
1
0
0
0
0
0
0
0
2
1
0
0
0
9
0
0
0
0
0
0
0
23
1
0
10
3
6
0
0
0
0
0
2
5
0
0
5
2
0
7
1
0
1
0
2
2
1
0
2
0
2
2
0
1
0
0
1
0
0
0
0
0
0
0
1
0
0
0
0
0
0
1
2
0
1
0
0
1
0
4
0
0
0
0
0
0
2
0
0
2
0
0
2
0
0
0
0
3
0
0
0
0
1
0
0
0
3
0
10
0
0
0
0
0
0
0
0
0
0
0
0
13
9
8
0
3
3
27
4
1
4
8
4
4
21
3
2
1
10
0
1
2
3
0
0
1
1
0
1
0
0
0
0
0
0
0
0
0
0
0
0
0
0
0
0
0
0
0
0
0
10
0
0
3682
5150
2907
5248
5275
250
284
4266
8167
4194
6330
3668
5840
1163
2464
6664
3980
5840
254
7980
3876
5245
3497
1600
3371
2213
4946
5496
5634
610
6138
5144
3816
1581
5275
3443
988
5103
4839
3229
4339
6972
966
2119
3969
3666
1824
4310
1415
7064
6183
1012
1748
7408
1275
1473
2405
3997
6159
5251
4868
2098
5256
5634
4533
3304
5906
3152
7908
6706
4374
2690
7692
2211
4290
2825
5652
2303
4340
4988
6380
5882
6000
5292
5874
2648
832
3158
3358
2405
7575
6361
1212
4220
7743
4946
4575
61
6877
3092
2442
4422
4726
4353
925
7625
2470
1767
2356
5286
6400
2893
5512
2706
7864
1588
3610
1544
5398
5403
740
7827
6176
3386
1581
4478
3136
1525
3477
5230
3321
3616
2009
4561
1157
1677
3876
163
6346
206
2366
2448
7713
4123
3776
7146
2434
3657
809
923
7884
6214
6618
1767
3158
990
5874
3732
4155
3363
7064
831
7408
4950
1021
1544
1917
3085
5985
4056
7818
6712
2198
1104
67
1860
3125
5496
2448
1104
5655
1608
4693
7758
270
7523
5654
374
4027
6002
4747
4933
1680
7869
1414
2519
7978
4291
3167
3936
4546
4541
1258
5820
4697
1258
5655
1855
6138
706
706
1525
7388
6580
7367
3446
5634
51
5620
3120
4698
6473
6660
6737
3876
1062
1725
1183
1110
7456
2002
1823
5048
2021
1858
1707
6138
1801
6129
2261
5144
1707
7060
6208
7500
1855
7367
6638
6399
7743
4703
6340
2512
8032
6361
1452
2377
2232
7614
5622
4450
5772
5385
8023
1535
6862
4696
6712
7843
6229
2448
5090
5702
8136
4104
6398
1458
5655
7231
6010
2427
377
7405
6060
4526
3697
7253
4798
3038
3146
6757
2187
2187
7375
3371
5470
4950
7480
2366
459
836
1329
7810
371
2420
8132
1458
6091
1115
1561
8076
5496
1229
7269
7153
1062
3586
7180
852
1600
6472
7743
5144
5251
1730
3125
5261
6400
6389
5291
6106
8062
100
3838
3733
2582
3627
4976
1578
2149
2139
1377
2448
5455
3183
5512
1489
5222
919
4273
250
1821
6112
5011
2353
1079
5353
6638
2187
6138
107
7875
2351
6242
4767
7931
5622
4855
6348
3371
4766
3698
1377
1753
5042
1429
6964
6443
1336
2897
866
7258
2405
3405
826
459
3446
5655
6350
2984
4446
2156
6048
6999
7317
6463
5569
7835
6966
7964
2735
326
2420
7430
4766
326
1130
5011
7375
3776
67
5240
4980
916
2271
5385
866
7370
3125
8057
8084
5151
1968
6811
449
1429
5425
687
3733
1599
1226
4683
1515
6363
7404
4322
118
6087
1995
610
8057
7306
2353
1608
3652
3721
2057
4492
5150
1461
5940
5353
3717
6087
5655
7429
4678
3865
377
3238
8143
4475
8075
626
5377
7166
3838
4228
2098
7374
7696
7287
67
1898
826
6399
7875
6500
5385
2512
172
8072
3441
7714
22
5144
5797
4323
4126
6994
7903
3004
4506
4050
635
5702
1336
2427
8074
5028
5713
1847
7058
603
6443
2073
5908
5366
8076
7667
7269
6321
7086
1070
7805
1186
3985
3985
3030
7317
3032
5228
6979
7049
4115
1720
6548
2146
690
4767
118
5455
22
6399
7521
6352
2197
2291
7146
5256
7146
7864
2354
3755
7387
5572
2448
6106
2434
3884
3282
1226
2098
5358
3287
3695
3690
7381
7122
5843
3759
222
5852
2476
8031
4446
2519
3238
1397
7480
449
8136
7801
3659
7642
1593
449
1855
7998
6087
6627
7523
4678
6754
3672
6181
6443
1104
575
5041
7446
7818
6632
7683
5903
4827
2187
6400
7472
4362
5522
2582
6138
562
4138
7477
3290
4735
5496
6631
6468
5510
5991
2172
7733
6348
2792
889
2070
6814
5099
6398
4248
7409
100
245
8037
4724
5182
3681
6985
4401
4323
3169
5366
152
5256
956
4698
6553
3717
4696
6468
4678
7438
2893
488
7375
871
7540
438
7346
6348
2569
2233
1059
5813
6010
3282
3998
7875
8084
2448
6399
7818
6605
3884
7146
459
956
48
1634
4963
4696
2893
3135
4323
1156
5256
7317
68
4769
2815
8084
1282
8100
1624
7954
5852
7704
8099
3678
1635
1986
5617
4767
68
6443
1474
4323
5246
3595
4698
4710
2427
2291
107
5535
5987
6745
4980
8072
6754
976
1833
8084
3458
3657
3184
270
1100
3603
3880
8099
5
5358
3251
7317
505
6716
3895
2353
6825
6040
1023
531
483
5246
5944
4509
1439
2291
6468
8084
7572
7521
1898
8084
3458
100
6048
1283
3441
4767
1202
1718
8099
184
4432
1461
7743
168
3985
5634
7375
2177
6058
8021
4243
7661
1275
5184
2098
3125
5
107
6010
2457
7713
483
3458
6048
8100
8009
1968
5622
1730
8008
1059
610
7818
7177
4823
6129
732
3718
1968
8143
947
2560
6993
1847
3688
152
1730
8072
7557
2982
7523
2660
4721
5753
2691
995
7847
3371
2003
8076
3519
6757
4437
7713
3879
4946
516
2134
1734
5238
2854
5801
4596
5892
6978
1980
1354
3125
6463
8072
3063
7919
1162
4323
7864
4000
751
830
3879
706
7306
6159
7159
7658
1922
1336
7146
5967
8099
1555
2411
6346
5709
3589
5507
2336
2206
354
6745
4678
5834
6138
833
3282
6010
476
7257
3673
5535
929
7981
2997
5366
314
3251
7146
5496
2187
5967
6352
7274
4789
6777
2508
3366
3559
7636
5288
2834
5522
1847
1608
6557
3567
7146
1104
3169
5246
2655
219
3122
813
4323
7521
6816
3063
762
7713
8100
1229
7697
5286
4905
81
4720
1858
2197
813
2213
2475
4802
2224
4870
1968
6106
5240
7981
2353
1013
1229
2021
1158
7720
1894
6352
5556
6638
7683
5655
4323
1654
3247
1261
6557
1718
3638
1858
306
168
4138
5907
2098
5542
4118
926
3721
733
1397
7702
6468
2431
107
1898
6749
4036
1474
2098
3776
168
3895
5274
3169
7743
7005
415
3371
4132
2669
5353
4658
168
2643
5323
5967
2405
4114
4600
5385
4759
3386
7844
3214
8082
6242
6279
6531
3090
5487
940
1338
2412
5569
4369
7103
7496
5292
4340
4721
5556
7988
7583
4820
8129
3238
6468
2090
