0
0
0
10
0
2
0
2
10
1
0
2
0
0
0
1
1
0
0
0
0
4
15
0
0
0
1
1
0
0
2
1
0
0
0
0
3
0
0
0
0
0
0
0
0
0
0
0
0
0
0
0
0
1
0
1
0
0
0
0
0
0
0
0
0
0
0
0
0
0
0
0
0
1
0
0
0
0
0
2
0
0
0
0
0
0
0
0
0
0
0
0
1
0
0
0
7
0
0
0
0
0
0
0
21
1
0
6
3
6
0
0
0
0
0
1
2
0
0
1
1
0
4
2
0
2
0
0
1
0
0
1
2
1
1
0
0
0
0
0
0
0
0
0
1
1
0
1
1
0
0
0
0
0
0
0
0
0
1
0
3
1
2
0
1
0
0
0
0
1
0
0
0
0
0
1
0
3
0
0
1
0
0
0
0
0
0
0
0
3
0
8
0
0
0
0
0
0
0
0
0
0
0
0
12
8
8
3
3
1
29
1
0
0
8
4
1
19
2
1
0
10
0
0
0
1
0
0
0
1
0
0
0
0
0
0
0
0
0
0
0
0
0
0
0
0
0
0
0
0
0
0
0
10
0
0
3867
1850
5579
3494
3477
478
121
4809
7770
306
2448
4791
6227
1765
6189
7548
3572
2470
7588
1755
1689
7916
5367
3714
62
5458
3086
6212
6263
5292
1057
3942
5637
8019
2640
437
6290
1620
5224
250
3430
5848
5353
2427
358
5019
7673
1823
2411
3685
6091
1339
2934
6012
4369
6242
3467
6616
1802
8018
5066
5779
3995
7079
5531
7866
4144
4358
8006
2232
5778
7437
4507
6305
2792
2353
2172
213
5989
4892
3188
3718
1186
5286
1231
6012
2007
976
2800
4418
732
2238
7940
721
7419
2777
4712
7926
8117
2393
963
4914
4293
7093
2854
3835
4855
6966
5260
4079
2162
5412
3447
3149
3183
3446
2366
7160
1623
5535
4891
127
3830
2156
3944
6763
2846
2421
45
5153
482
4809
6796
536
772
7424
5998
1550
2748
7167
6948
3600
4357
4646
3959
6030
7213
6468
371
916
3884
5555
7810
1336
4359
1183
3836
5863
5060
3063
1075
5687
226
3904
475
4919
3063
6244
5116
2958
6662
7051
5733
7194
845
676
28
3667
3331
4810
923
6911
7201
4767
3613
62
6336
3446
4998
5042
4985
247
7582
2854
2041
7494
2282
6336
7483
6850
2682
916
870
4796
1039
7372
2532
2209
5953
6571
684
6925
2360
5589
5652
3884
4905
6208
3788
3717
7483
3719
3312
3478
6791
4053
4118
4176
253
2643
3278
7771
2038
2104
4755
8105
7011
8048
6827
6507
2219
5902
2986
1443
2825
2419
3469
2149
837
7289
5124
2290
8132
7748
5674
284
3254
6209
1226
5623
265
3620
5535
5752
2139
7658
6498
6414
47
421
163
2339
1899
3125
5622
2021
2434
1338
3063
2468
7675
3082
1673
4069
976
7702
6132
612
971
7388
1855
8150
703
6631
6010
7308
2622
306
6555
5423
4857
7357
3486
7903
1110
2448
4658
1898
4572
1089
5861
1256
2275
6769
1031
6281
3601
1015
6242
6978
3238
7496
7720
2984
6666
2434
7146
7448
1416
6468
2090
2186
4387
4835
2165
3279
2712
1429
2448
3688
7919
5444
1687
847
6763
1309
5659
5569
5937
7607
1599
2809
3540
6242
2139
562
2862
4602
7274
337
7127
7903
7422
3563
6189
3643
4104
6129
7249
4336
404
2331
6873
7738
2519
7367
3567
4021
5986
7323
1338
8150
3314
1045
4527
3794
3410
4655
1591
3403
6714
6078
2070
6850
2490
7166
2942
5685
7306
7140
5327
4682
2341
2800
3977
3366
2800
7919
7226
1757
2368
130
172
7495
655
360
2449
4678
5289
706
7908
5937
1785
5740
4693
4515
1186
6167
7095
345
7065
5379
4767
7166
4602
243
3238
3846
2139
710
606
6680
2756
4282
7246
912
516
3522
6146
1208
4437
2577
8060
4648
7787
442
4879
7127
5928
1654
1477
4395
6621
1149
3973
4398
5294
1271
2233
5004
901
2284
2054
2904
5327
4678
1328
7901
5292
6038
3621
4086
5971
983
5940
3003
5407
4141
7720
1778
3816
7174
3564
107
423
6705
4791
6601
3672
5806
4794
2732
3413
2712
8171
122
3998
7768
596
5201
5432
7673
1599
3183
7735
6754
1086
496
408
1371
6386
5844
4570
5256
3780
3978
7650
2448
7720
7859
3370
2736
355
3785
4698
4601
4166
1623
3446
5040
7758
371
437
3625
7456
2341
107
3281
655
7963
5166
2622
206
5144
7687
6598
1560
4791
27
4446
3726
7151
1469
3610
1773
803
3207
4241
438
5029
6069
2052
4827
1525
3832
7898
3396
427
3714
5897
7000
6374
8137
1619
7034
3366
259
4993
1130
2177
343
5546
5510
3858
6714
6714
1579
2836
4572
3544
833
3985
7682
3548
4446
7720
5005
3198
5253
404
2933
2251
2943
6361
7534
6260
3356
949
7367
6631
5546
2139
8094
826
5807
2643
168
2331
1744
2691
7604
4872
2785
4220
5007
6485
2198
7534
3282
168
5554
5353
1396
3825
5219
1858
3643
6296
7804
4680
3466
1182
1858
2660
1984
4286
7870
3857
7835
2090
1560
2351
6897
5256
6802
2759
2251
6802
5535
1560
1477
2712
2647
8136
7800
6961
6965
6982
6712
1619
1687
5
6485
476
7787
2984
161
8138
7787
4267
3685
1247
1208
2943
3627
4621
4108
5417
3427
6969
1183
7296
7765
5624
7546
5196
8179
5462
7974
3149
5786
449
1511
1396
4678
5274
5064
6632
1354
6414
5370
8184
780
1747
1571
6994
7448
4433
4679
3839
5622
5549
5420
392
2457
5982
7405
8036
4286
446
4686
7954
5353
7388
2658
2305
7349
1403
5497
2198
6732
7282
1259
6273
5527
2683
7650
5817
1250
5829
6318
6433
2943
5260
323
3583
4768
4007
1405
2391
703
3198
6638
1847
8067
6291
7480
2181
981
5346
2448
6348
5487
549
2600
7903
1351
4000
1515
3698
5555
3977
6685
4099
3463
2198
5702
7910
6027
4027
8030
472
5564
6107
8129
2311
421
1079
4755
7982
3809
5690
7018
459
1184
3003
191
6709
7274
7345
2342
3627
2622
22
5466
3458
2135
3183
2353
2950
7063
6176
5113
4341
6495
3973
7154
1550
744
5272
3443
2777
2285
1592
5382
77
3478
1079
7388
7167
6557
3489
2643
4655
4539
2331
7736
945
7388
6048
3718
3673
3835
1852
960
4578
6552
4175
4796
4708
2907
7545
7624
4899
4478
24
6152
6031
1110
1208
5291
4460
6738
3178
5182
4655
2368
7111
427
5655
5157
1525
51
5079
2192
4372
7821
1864
5643
5909
2248
2558
4618
2464
3835
7916
857
5181
5272
2684
3620
1226
4166
709
6631
3958
3848
3714
4515
130
3003
1726
5487
1460
4702
348
7194
393
2064
2057
6635
3260
2684
7011
7910
2684
3376
4350
7823
4796
6004
7389
425
5082
516
5011
6345
5574
82
2320
6555
516
6041
2198
6668
3232
4383
4609
4202
5077
3683
1595
899
4223
2550
4796
3732
4152
3004
5723
3615
1932
2435
2289
5112
4475
4867
4708
5608
5467
255
1383
5193
4007
7229
2339
6973
4348
1155
5363
559
249
5013
3840
5126
6721
662
4498
5066
2736
5229
211
4827
1029
3742
1765
243
3585
4089
1965
390
1234
5272
1155
4237
2894
7582
2684
649
3352
2892
210
5112
5079
