0
0
0
10
0
1
0
3
10
1
0
1
0
0
0
0
3
0
0
0
0
1
14
2
0
0
1
2
0
0
1
0
0
0
0
0
1
0
0
0
0
0
0
0
0
0
0
0
0
0
0
0
0
1
0
0
0
0
0
0
0
0
0
0
0
0
0
0
0
1
0
0
0
0
0
0
0
3
0
0
0
0
0
0
1
0
0
0
0
0
0
0
1
0
0
1
4
0
0
0
0
0
0
0
24
1
0
13
5
5
0
0
0
0
0
1
4
0
0
2
2
0
5
1
0
1
0
1
0
0
1
0
0
1
0
0
0
2
0
0
0
0
0
0
0
0
0
0
1
0
0
1
0
0
0
0
0
0
0
0
0
0
3
1
0
1
0
0
2
0
0
0
0
0
0
0
0
0
0
0
0
0
0
0
0
0
0
0
0
1
0
8
0
0
0
0
0
0
0
0
0
0
0
0
11
6
8
1
1
2
24
4
0
1
5
3
0
24
1
1
1
10
0
0
0
2
1
0
0
1
0
0
0
0
0
0
0
0
0
0
0
0
0
0
0
0
0
0
0
0
0
0
0
10
0
0
1680
6214
5071
5627
7006
5921
6082
6988
6766
7469
7807
7411
4064
3011
5695
7438
1183
6714
2750
5949
8126
7847
8082
7988
3001
5188
3020
5419
6820
5402
6386
7166
3651
2645
4242
7533
1441
2544
169
4361
5682
2723
7453
6183
6816
4618
6689
5144
2686
6865
171
2977
6010
3282
6399
5829
5507
1753
4700
5767
4505
5689
6415
4628
531
5725
5403
916
869
1430
3158
297
7845
811
5251
4495
1753
2924
5465
214
3012
2856
2042
7919
4827
7718
7800
4957
2541
8132
7807
6076
1534
913
237
2679
4334
2513
536
4011
4562
7393
1824
7384
681
167
6496
3776
3446
350
1477
6581
7381
127
1623
3953
4410
3958
6232
4437
2671
6259
5181
2002
4793
169
919
389
7059
4017
1434
4630
1279
5682
3461
6934
672
4663
350
6408
6208
1846
4863
4495
7367
2682
2158
6581
3659
3215
6151
1545
795
6864
139
5143
4516
186
795
1965
4353
2483
6405
6216
2916
5077
3482
3568
1229
1336
1525
5260
4988
6229
4993
4676
549
5455
6998
5383
5797
768
1326
5704
7798
4492
1472
5810
1145
1487
7491
2229
5172
1917
2408
2560
6386
7344
3312
1178
5328
7683
7111
2072
4030
7607
7367
483
6485
7420
3183
5240
1461
4676
3784
2213
2569
7070
2006
2922
5251
2254
6321
225
698
1856
2645
4431
7442
6124
4576
2669
2187
5005
6862
1812
5458
1833
1846
483
1353
1471
4678
5256
8062
5980
4527
7370
6006
5687
3572
1658
3790
6000
6523
6272
1473
1308
1497
2679
1522
1453
3554
5556
4720
100
3371
2984
2559
7274
706
4855
353
7714
7242
6488
270
6299
505
961
4919
2263
2423
2104
5232
2496
1797
3592
1048
5118
2496
340
4361
7357
1060
2824
5011
6775
2381
7400
2619
4613
1013
3463
7607
5064
171
7855
7714
5358
6463
1461
1604
2730
4423
340
6824
1799
5842
6986
6824
1680
649
4947
6666
4720
4423
2508
1258
7263
6897
733
4683
5200
2231
100
2145
4997
2434
3244
2582
5535
4769
2847
3678
3865
5008
3048
3463
516
6754
5246
169
1308
5107
4434
4676
505
222
7460
3531
7734
4666
5325
7085
5269
3613
1911
2446
5358
2697
4872
2330
6758
27
2183
5556
5981
3198
1491
4855
3063
1525
2984
727
201
4947
4720
2550
5683
4430
3956
6638
3090
7318
1515
5011
7840
1288
7895
3140
7985
326
3161
1858
1030
1623
1777
505
4430
7095
1329
502
5297
5972
4993
8048
5762
6862
3714
6430
1100
7720
565
5328
6809
7766
3838
5631
3858
3805
6588
3298
8126
5471
8036
6015
3717
4401
4052
5940
6754
1431
4007
2015
4491
5572
4300
4856
7294
5786
6242
1186
1569
4997
7696
7055
1233
1271
8074
6596
6639
5469
6780
5408
7445
1259
2187
6732
6897
8009
5042
1525
449
1716
61
3712
7845
727
6969
2159
7753
4809
1569
2583
7323
3627
1259
3998
4929
5657
4316
3828
4034
258
1261
5743
1333
335
3519
6129
7810
2266
652
1525
2547
2406
1488
2110
4489
396
3826
6352
1680
1849
7697
2984
8067
7409
5011
5358
3426
3426
3397
1491
1469
5826
3701
4114
1258
7326
5634
1623
2261
4142
3825
596
371
2254
4106
7497
3911
5191
3304
2345
1155
1024
2305
6106
2668
2072
1570
135
5088
4983
2386
6129
8067
2305
7367
7380
6326
4398
6190
3072
1846
1474
7111
6129
6129
3198
6346
248
1988
2303
6276
2264
1130
4242
5243
8129
2519
4993
5461
6692
4769
7728
2021
3104
1687
1444
2026
5284
789
7030
6214
2197
7058
7919
6468
1855
4369
6159
4830
5225
145
6824
332
3567
2021
3708
5507
3282
3958
5634
3183
377
3881
505
2445
7001
4510
6194
1802
2559
6096
6631
5719
2710
8009
1229
826
7374
2682
505
2192
3586
5998
8023
5185
6468
4827
61
5343
4660
2682
6463
5240
1477
7476
1358
4073
1960
8100
2730
7850
5353
789
2475
2943
5953
4323
333
4205
3014
2014
787
5288
4134
5020
7679
1137
7973
7988
727
1839
4600
3295
2706
8185
1471
5358
381
1654
2171
7735
7540
7055
7650
3973
7538
3397
5240
7797
4527
707
4446
505
4142
38
4509
928
8184
214
5939
369
8103
3647
6437
1600
3980
2982
5512
5935
4520
5197
2409
6057
2794
7496
7804
2583
7687
3426
3030
7875
4676
8057
7797
3957
4280
3388
1590
780
5260
7160
5274
1613
6139
7344
5877
3358
5925
4495
3865
1687
216
6692
4323
5949
7696
1707
1980
245
1329
1651
2550
1477
6809
794
7804
2688
3921
7646
6921
3355
5785
4017
7505
249
1366
3406
6041
3993
7494
5617
6523
5081
4430
7735
326
8099
5353
7367
2583
2682
2933
6125
7734
7080
1332
1528
6297
6214
1599
483
5981
2148
2352
4950
4492
5322
1345
8093
1620
8000
5902
1291
7073
3198
1844
7306
6601
5144
1654
7388
652
3603
7548
2712
1615
2130
6348
110
2352
4810
7430
2939
7748
656
3426
903
5403
1997
8023
1340
2773
2558
7049
538
1944
1145
6655
5144
2233
7855
483
1376
996
5138
5537
7827
1775
61
2922
4928
5634
6019
442
5064
1515
692
5453
6850
1589
4845
740
126
6355
6480
2676
1830
2028
6709
6954
1620
5157
6534
5612
4000
1688
392
3291
7872
2663
1907
5398
4704
639
789
8183
3195
7480
923
1079
7523
2558
3575
5322
5993
4109
5404
6590
4492
483
2259
1104
7618
4796
729
3123
5915
3480
1576
635
4964
3037
859
3068
316
3749
942
1830
3985
3426
2030
1339
5157
2716
1965
1565
4634
2560
4329
1748
249
6299
5170
552
5430
8081
916
6104
6450
2540
3291
3207
1846
764
4727
882
2916
889
7512
7805
5455
2168
2893
3848
7408
7726
2721
5176
1716
6303
4251
4542
2661
4680
888
1929
2929
4579
7028
7299
102
4153
7790
6737
998
2918
1067
4293
2825
1241
4428
78
3424
1708
7453
3188
5701
1442
5419
6198
4880
7844
5470
2002
6645
5220
1280
3321
3286
2753
1430
7303
602
852
5454
6541
4419
437
5482
7294
2777
6752
1244
3402
2220
2494
6228
5077
1244
