0
0
0
9
0
1
0
2
10
0
0
1
0
0
0
0
0
0
0
1
0
0
14
2
0
0
0
1
0
0
0
0
0
0
0
0
2
0
0
0
0
0
0
0
0
0
0
0
0
0
0
0
0
1
0
0
0
0
0
0
0
0
0
0
0
0
0
0
0
0
0
0
0
0
0
0
1
2
0
2
0
0
0
0
0
1
0
0
0
1
1
1
1
0
0
1
5
0
0
0
0
0
0
0
25
0
0
11
5
7
0
0
0
0
0
1
2
1
1
3
1
1
6
0
0
1
0
2
1
0
1
0
0
0
2
0
0
1
0
0
0
0
0
0
0
1
1
1
0
1
0
1
0
0
0
1
0
0
0
0
0
0
2
0
0
0
0
0
0
1
0
1
1
0
0
1
0
1
1
0
1
1
0
0
0
1
0
0
0
3
1
8
0
0
0
0
0
0
0
0
0
0
0
0
11
5
10
4
3
2
27
6
0
3
6
3
3
16
2
1
1
10
0
2
0
3
2
0
0
1
0
4
0
0
0
0
0
0
0
0
0
0
0
0
0
0
0
0
0
0
0
0
0
10
0
0
1057
1287
915
1661
5066
3440
7948
2905
6554
3153
6737
2412
1275
7604
7859
2705
3747
1644
2904
4602
1686
729
389
389
1029
7881
921
1272
2462
7714
6511
4085
5248
7722
2280
255
4521
3597
3284
5434
3936
7311
3971
2342
5353
4052
5702
4905
1259
5464
7323
2368
2519
5512
4050
7887
6063
5119
7686
4491
1855
738
3355
6294
6227
1564
7560
2137
4812
5376
5742
2893
6457
5515
5478
4539
8072
1855
7973
6601
810
5284
2712
5260
5535
2448
6151
7893
2408
3939
4640
4422
1979
1855
6319
1684
4111
4662
783
8078
3568
7146
7586
459
7323
4963
1569
3178
3688
3441
4696
4446
7895
1560
549
3958
3183
176
7420
3282
1569
7883
6172
3263
173
1024
7315
1123
23
750
390
2943
7444
6468
2007
972
2342
1898
6733
2351
1608
1707
789
2994
6485
5569
5516
6352
5284
1112
1360
7973
4663
1767
3005
3676
4539
1191
1361
2532
5904
936
3659
2984
1070
306
3567
3011
6862
4384
1788
3467
3971
2633
8009
8184
7477
3501
7557
6709
7476
3559
2785
8117
1247
4020
2916
2383
295
3144
3517
2907
992
4178
2439
6468
2448
1673
6963
1292
2331
1186
7923
5005
1127
2295
7477
8186
3130
8132
945
5487
5952
3082
6175
4562
461
5455
3960
2627
8040
2371
2152
744
631
7897
1338
6862
5124
6232
2637
6795
3838
6129
404
4611
5184
7942
4104
7644
1259
7557
6749
5328
6632
2582
1429
6172
1021
2519
270
5261
5903
6947
6753
4546
2679
866
7523
8057
4637
27
6048
4220
3910
2722
5631
6862
3011
5297
6601
5546
3611
6709
8076
2583
2139
5000
1377
5144
6106
7306
2448
7963
483
7177
7973
6349
4340
5082
6712
1694
4863
1162
5188
4767
4208
6123
2490
5351
3578
1182
5465
6580
168
337
4643
22
2351
4946
1801
1353
1858
2368
3410
5182
6605
5612
4253
4912
2665
253
4253
3192
4680
7177
6957
5940
6010
6083
7448
3258
2561
4248
7306
8078
2582
7477
4138
8117
8168
945
4562
1110
5820
6146
6325
7496
3865
2291
3363
1608
449
1110
6468
5291
4382
3467
2448
2847
317
7713
6536
7760
6116
6951
3251
2446
3956
5413
796
689
7166
2276
5042
6409
5353
4560
5042
1525
5246
2158
422
4398
6714
1599
3446
1623
1348
2220
2064
7932
6224
2011
6676
7334
303
6745
3659
6705
3125
171
4848
326
1511
4649
6225
3763
6399
1429
2904
6463
3135
7411
7156
1659
6048
5124
6106
1711
2501
3567
2187
7287
4963
6229
6272
5042
1144
4047
1797
6135
6657
4362
8100
402
1262
5490
2021
2660
2943
6352
4344
6554
3002
2889
2443
2202
1726
3828
4696
3838
7804
4323
5182
7923
2427
7317
7619
6109
3730
12
5250
3378
6371
6088
171
6488
2187
1635
6172
3063
3749
7306
5782
837
4159
4693
799
1719
2427
270
1338
2427
2427
6985
7409
2993
7346
3566
5110
4282
7111
5285
4855
6523
5785
3942
4197
6370
5535
926
4118
2354
5911
3298
5417
5353
3718
498
1525
5578
2232
4693
1184
5578
3977
1282
8137
3003
7804
5252
3761
4790
4506
5104
3282
678
7411
5322
6654
8141
7263
6325
4323
7523
5797
5358
5240
6129
4306
1992
2353
5274
6335
3171
247
2683
5366
6399
8100
6399
2187
1986
1378
3869
5064
4207
502
7452
4498
2434
4091
2660
8062
4611
3681
736
7476
7429
7306
2090
2984
2972
5857
2159
5940
6048
5358
2582
2139
5834
3519
4962
4960
5379
498
2145
7954
2724
6291
3947
3614
487
976
6538
2220
4993
4560
1030
1305
2770
5555
7306
4919
6996
6645
3002
6999
5455
2582
7523
7569
5151
3135
5358
153
7742
889
7158
6719
285
3761
2145
4519
5753
4275
4679
5261
826
5772
5358
2448
1110
8076
6138
8112
4478
2002
4533
4720
4430
6352
789
326
1015
22
1247
7771
6959
5353
3979
6129
3219
3247
4088
404
7743
3501
6426
1961
4993
5968
5256
5147
7800
1525
5151
7212
4340
2654
6895
1898
7111
6897
8120
107
2794
8037
5123
5358
5353
3842
6523
6914
6959
8084
1652
5558
540
1328
5986
809
1397
6850
6352
6811
5011
3714
2352
3762
6396
3096
7011
2560
3135
6151
3308
7761
6352
5358
1827
8137
2448
4006
4613
2619
1619
4823
483
391
7988
2324
6736
2238
2098
5144
4613
5260
6106
3567
2582
1443
5225
254
3433
1105
915
1773
6963
6687
6971
6106
4794
1336
944
3971
3580
4432
2536
5622
8084
1226
2011
7420
3776
8084
7512
2643
4095
1688
5558
4746
5138
1944
1824
2318
4318
7028
2271
5031
7644
4401
2064
5893
549
6352
51
3685
51
7919
5358
5535
2982
7367
687
3125
1226
7743
4401
4323
562
1797
1681
6179
879
1979
5048
6166
4295
30
5403
5580
1864
91
652
7367
4929
2897
4843
2984
523
1847
6224
5005
1013
6692
107
5670
6399
6897
3657
6151
6305
3704
4928
3057
7520
2591
1824
1279
4093
729
1789
4740
1220
4118
3704
1186
7903
8120
7240
697
27
4946
404
4323
2291
2770
2231
4780
5144
107
1208
8035
5269
3327
4379
2017
835
4694
2464
8040
7
6252
5118
7189
7011
2405
7804
6299
3203
2824
2582
5416
929
5274
27
5585
5011
6523
3881
7645
5144
8084
459
2352
3397
3986
6831
7497
4294
5024
5282
169
7497
5596
3481
1776
4504
7911
2907
1824
5157
1076
6905
4221
6399
6712
3295
5151
5852
1460
1050
7408
7714
4980
2213
5366
7844
407
3888
2063
7134
1150
1010
5248
6259
3850
5748
7877
3642
7640
5072
4950
7980
6722
139
4777
6194
5261
212
1130
2764
749
4852
7258
1769
3678
5730
4340
2496
6320
7435
7484
3664
6366
6436
2088
4658
7675
5516
2641
5793
2346
1980
7029
1784
4149
6139
2684
1468
2002
1600
2558
6735
5877
4017
5890
7491
7258
4312
48
1029
7845
2273
6761
1057
1067
4950
5035
5804
7229
2684
7675
4880
4689
6346
109
1105
2916
5715
2002
2907
4361
1733
7011
2737
5896
5975
5057
6660
7061
6864
2483
932
3732
6997
2679
2907
5185
2137
2907
4478
