0
0
0
9
0
6
0
1
11
0
0
1
1
0
0
1
1
3
0
0
0
3
10
0
0
0
0
1
0
0
3
0
0
0
0
1
3
0
0
0
0
0
0
0
0
0
0
0
0
0
0
0
0
0
0
1
0
1
1
0
0
0
0
0
2
0
0
0
0
0
1
1
0
0
0
0
1
2
0
3
0
0
0
0
0
0
0
0
0
0
0
0
0
0
0
0
6
0
0
0
0
0
0
0
23
0
0
5
3
7
0
0
0
0
0
4
4
0
0
0
3
0
2
3
0
3
0
0
0
0
0
3
2
1
3
0
1
0
1
0
0
0
1
0
0
0
0
0
0
0
0
2
0
0
0
0
2
1
1
0
3
0
0
0
2
0
0
0
2
0
0
0
0
0
0
0
0
0
0
0
0
0
0
0
0
0
0
0
0
2
0
11
0
0
1
1
0
0
0
0
0
0
0
0
11
9
9
3
3
2
27
2
0
4
5
1
3
16
1
2
1
10
0
0
1
1
0
0
0
1
1
3
0
0
0
0
0
0
0
0
0
0
0
0
0
0
1
0
0
0
0
0
0
10
0
0
7344
5458
2284
4707
783
6796
4522
2405
4499
3389
1944
3025
4504
6608
4341
912
3790
6070
7989
6588
250
7453
2958
6737
5997
5661
7258
635
4349
4334
3225
3253
3389
2672
5542
1270
846
1328
3168
4202
4478
5945
7679
4751
7314
1824
369
3681
4027
295
2679
4089
951
4618
4242
5560
7596
5024
7767
469
421
6135
7753
4233
2958
1852
1700
6205
6350
954
6159
7691
1849
6950
1849
4595
3804
6737
6906
725
3123
7966
4008
865
2906
4873
3483
2152
170
3364
1709
6320
1680
4507
795
5507
559
4004
5144
6716
757
112
2383
5624
4878
6926
7901
1556
1534
7590
5317
425
414
374
3116
7412
7068
2319
6840
6663
554
5945
4707
7890
5553
3084
4256
7887
4809
1537
2366
1042
7849
5240
6343
7419
7160
5505
3271
2478
1613
5048
5746
5579
2499
182
4902
3827
7974
1802
6928
4402
4934
5489
1714
5597
6854
6988
3835
5363
3835
3610
7656
4693
7981
756
5047
6677
6001
5702
2299
3570
4480
825
7506
3308
1996
4108
1451
1710
431
4212
6692
646
666
4818
7027
5049
1761
7249
2909
3290
4809
3462
7718
1324
41
2444
7570
5337
6638
5722
81
5741
5165
1787
327
1518
4576
449
4248
287
7761
4212
2943
4212
2668
1813
1477
3104
216
5910
553
5638
45
7012
4895
2173
900
7524
1365
2369
531
4896
6665
7817
1094
7868
5874
3458
2991
8149
5417
7863
5564
3048
8009
6723
7388
5848
856
8062
2847
5243
4983
610
2285
2459
5746
232
7596
299
4529
4726
5478
5113
6179
3161
1703
2370
169
4600
4175
5530
2026
8139
4611
2874
438
1555
6993
3070
3370
2847
7840
2291
3857
7101
3158
7491
1849
721
4233
5736
5577
7728
856
4501
7728
6993
5236
4779
6645
139
5866
270
3997
7264
3317
8026
7062
789
6156
4212
5740
6582
3183
1644
352
8054
4341
6735
5470
3861
5035
781
1528
6928
7903
2847
4576
4966
868
6406
7548
844
212
7974
2667
7097
1186
3776
8026
789
1555
856
3377
7399
3333
3104
6754
505
7665
778
1062
7674
7257
4167
3567
4401
1623
789
3397
1398
4360
2964
7373
407
2275
7049
5292
4401
1412
1018
8026
5124
762
3327
4342
1377
5940
6557
7903
3567
4139
3599
7472
1628
6443
3131
1461
6745
1801
438
3446
5908
4212
2488
7068
5373
7308
3178
5120
1090
392
6754
7614
2498
3678
889
5740
2070
4446
4118
3620
7991
7042
7027
1628
5366
6928
5552
6151
3109
4993
2122
7292
1096
5240
152
41
4982
7614
6589
6243
7230
3835
4691
1282
7334
4001
1639
5812
3717
929
6855
1766
8162
5052
2168
929
1326
2847
605
2683
789
5274
6998
2047
3333
970
5910
3979
7634
5624
1242
3969
414
6761
5868
6172
3446
7729
5453
4846
313
5699
4301
5305
44
1922
4395
605
162
1326
6732
5989
6010
2450
3868
7479
5535
2397
2904
3985
646
6744
2650
6307
3561
7071
6503
1858
270
1896
154
1542
2425
6413
4450
4268
2237
313
2847
2847
2386
5786
4221
3675
7306
2331
2331
5029
4104
5353
7430
3776
5262
167
5531
1824
3694
3960
2614
3978
51
6436
4385
4479
240
7981
1572
5908
2793
7264
6269
5407
6160
4663
7271
2264
7345
6632
2809
1693
1833
7429
7264
152
3978
1879
3959
8025
1249
372
4539
3985
7496
7156
2491
5107
3722
7743
2905
3923
4572
3896
4248
5289
4676
3659
3125
4961
8003
970
3916
7217
1347
1812
6653
6090
523
1595
3247
250
3686
1589
7941
6850
7893
2474
631
45
5579
93
6780
7637
7140
2991
2094
3104
7334
1307
7822
7547
4509
5832
8004
764
7963
4767
505
7772
167
7645
4943
1613
5220
1021
6980
635
491
5693
4758
1709
4569
6060
4178
3226
4644
2382
5366
505
5462
162
3940
5124
2449
1060
3805
2353
8122
6443
646
1710
437
1589
5868
5018
7484
3541
5092
7436
7497
7439
5442
5666
5732
7537
7063
5579
2464
6305
7068
1761
2094
2094
7521
3659
5949
1099
1628
3198
562
1687
1451
2244
1075
1824
6639
531
7976
1129
5276
2119
2261
5493
7289
7155
2870
389
7063
4835
5654
6163
5671
6747
431
4827
5847
5462
216
6905
5740
6816
5379
3509
5102
4009
4338
4479
783
7357
4491
4322
6708
4361
2137
1037
3688
3299
4237
7582
1672
2066
6735
7373
1144
3250
5592
6928
2427
3327
2818
4682
1799
3371
5164
2328
919
3364
4777
186
331
61
250
4531
4146
3291
5326
2442
6273
1820
5998
2346
7859
556
2916
5569
4049
1922
5544
5407
5442
41
945
4450
8099
4983
7269
4830
7113
4595
4140
4927
7235
2491
5350
4798
5112
1706
5997
3410
1658
7382
7688
6228
6760
2212
5172
2683
2994
3614
7956
4880
631
3572
8052
7991
3030
825
1275
5975
2270
2229
1450
2467
3751
3702
1299
3722
11
5536
3392
2493
2215
8040
4734
4740
1153
432
5997
5893
617
5165
6321
7527
1024
4340
3599
557
4628
4242
3407
1163
4624
7321
3762
3405
6889
4618
7164
4037
5363
6677
5434
2870
1027
2398
5873
4596
966
4475
7882
4553
271
6252
7064
6440
261
332
7491
1160
7866
7545
1017
2654
6889
3056
4841
421
2002
2631
4237
2467
5730
7436
174
8187
2932
3658
2369
4729
7497
421
1158
3966
5430
2954
7398
947
6989
4056
5171
3541
3835
441
5810
2573
3840
7589
141
3326
6722
953
3437
823
925
7621
684
4415
8047
2975
5325
4824
295
2578
6082
4315
7275
382
6835
5945
6200
6430
2527
5220
4707
6743
2211
2804
4158
3131
5052
3426
645
7257
1720
4244
2680
7636
6074
5735
4595
3092
3995
1173
6312
5301
5650
5365
5048
3850
6227
4120
5220
7617
2318
4053
1395
6268
6486
2434
3563
1708
929
3251
2991
6443
2094
3563
3437
5280
6202
7823
2987
5527
4194
5802
2772
2270
7795
1944
6436
3469
3413
1621
332
6645
7564
4198
6049
196
2083
929
3369
6224
1104
1307
7697
1718
6998
3135
2568
4665
3828
2028
5112
4140
8092
471
1042
3407
91
