0
0
0
10
0
4
0
2
10
3
0
3
0
0
0
1
2
0
0
0
0
4
8
0
0
0
1
1
0
0
0
1
0
0
0
0
0
0
0
0
0
0
0
0
0
0
0
0
0
0
0
0
0
0
0
0
0
0
0
0
0
0
0
0
1
0
1
0
0
0
0
0
0
0
0
0
1
2
0
0
0
0
0
0
0
1
0
0
0
0
0
0
0
0
0
1
7
0
0
0
0
0
0
0
24
2
0
10
6
7
0
0
0
0
0
1
1
1
1
0
1
1
8
1
0
0
1
0
0
1
1
1
0
1
0
0
0
0
0
0
0
1
0
0
0
0
0
0
0
0
0
1
0
1
0
0
0
0
0
1
1
0
1
1
0
0
0
0
0
0
2
0
1
0
0
0
0
0
0
0
0
0
0
0
0
0
0
0
0
3
0
5
0
0
0
0
0
0
1
1
0
0
0
0
11
6
5
1
3
0
26
2
1
1
5
2
0
22
0
1
1
11
2
0
0
2
0
0
0
1
0
1
0
0
0
0
0
0
0
0
1
0
0
0
0
0
0
0
0
0
0
0
0
10
0
0
2679
255
421
3389
4237
6089
4892
2410
1309
5364
1331
6041
5715
4491
4729
591
3389
6545
5556
5182
1004
8057
1693
6010
2610
3506
4535
5972
3247
5967
7131
404
2830
1048
450
4735
5778
421
916
750
5143
2464
7405
740
421
5982
3469
4329
1769
5272
6676
1858
7650
8057
5972
7429
5366
3895
5520
1619
4401
7127
5972
6557
418
4353
4011
4628
4361
6417
5801
304
783
263
7948
6273
4067
1279
5272
1057
6307
1513
3081
7375
4435
1695
6557
4333
3446
8076
4527
1773
5535
4655
8057
6676
6395
4892
3684
836
8187
3888
2856
8092
2271
1965
2464
698
1954
3212
7389
1535
3684
6104
568
1030
3580
381
41
3567
1693
5786
1673
783
4618
2020
7875
803
472
6824
6012
2015
6879
3443
2244
2894
1024
249
12
7549
982
7779
5778
421
2868
7258
2411
2226
425
6473
7257
1858
4323
4446
1347
5689
5364
1029
2130
5024
3443
7110
1769
3732
531
432
933
1893
6355
4809
631
4291
2838
4486
1805
756
7258
3600
783
3783
4462
7461
3685
5052
3135
7981
5353
5011
3358
109
8048
2907
255
2271
5810
702
7827
1042
4361
5664
3615
7321
6041
215
2405
7252
2327
8145
1878
389
3681
4114
4326
7344
5143
4338
5850
6964
51
6676
7057
1308
1775
3911
2465
4792
3666
959
5276
1565
3212
7447
610
7743
5617
6653
418
6104
1254
2772
3849
6078
3563
1390
7562
2975
297
1430
8176
1224
4323
3232
4431
1075
1488
4881
649
1084
3320
5412
4609
6447
1950
755
5967
549
3714
1104
4855
5288
450
5430
159
1390
2427
41
6138
4946
3658
1009
5721
4796
3682
1944
2377
4835
5013
7913
6082
7613
3477
4007
3572
393
5321
2792
6010
7538
6010
2198
4658
2897
390
1852
1687
5366
4947
8031
3985
6138
3657
2647
5530
7029
5715
845
7484
914
5102
3712
5185
7596
740
5290
7887
5537
558
2669
2893
222
7429
1628
4401
2643
4685
7306
1070
6738
6010
923
8013
6692
2582
5799
1224
7408
1680
5896
5507
6796
7739
5398
5778
1824
4950
2483
2672
1769
6041
3629
2094
7388
1846
8057
5555
7569
7903
7058
3567
6348
6348
3770
7362
1708
6010
6399
2582
508
6989
6824
7223
4274
7559
335
7484
575
2483
5236
4880
3541
1105
3682
1377
3714
3426
7476
6966
825
3684
764
5983
3836
7367
6580
2368
1898
6443
67
1555
2031
2764
5322
5290
6876
1350
4796
783
1105
1248
3682
5077
1765
568
4256
6963
5052
1868
7358
2633
1631
5855
7934
5705
2251
2187
1623
976
152
4983
2427
5358
5129
6552
4339
1900
6668
7033
783
4472
3732
702
2629
4136
7657
2142
6551
379
8054
7101
5182
6950
6433
5487
6348
3056
1005
468
2122
7713
7713
5634
3567
6216
1873
7419
5687
4214
4069
2277
5742
921
4707
3959
4961
7381
4919
4360
4440
6747
4720
483
2505
7274
2099
7916
2099
6116
880
7062
2187
2943
7697
6805
3496
3074
8047
3584
4718
6354
915
8106
2369
4609
2464
4568
5416
5144
4430
5001
3283
3865
4890
2168
8084
2627
111
3403
7542
7376
4220
1628
7055
1833
7954
7429
6040
174
128
8000
7012
120
266
4069
2698
2271
30
4813
6159
6631
4624
8057
2251
2187
532
6676
3430
2208
2809
610
7245
1117
6418
4141
5740
2508
1730
2007
4398
5236
5707
5605
1459
3712
7093
109
5547
5077
729
2080
316
5260
3518
7903
7429
3403
152
2750
1501
7146
2148
1802
1474
1727
152
2893
4715
4767
222
2291
3657
1226
3229
974
4238
4080
6405
6391
2540
3682
2489
4341
2369
1347
4890
1377
5124
5182
1115
8098
7903
68
7864
3114
7242
7562
6988
107
1104
3221
6399
4280
4946
1030
3482
1073
4707
7598
2854
5382
2104
3741
1534
5780
3245
6141
703
7430
5799
3279
3782
285
6138
2792
381
7083
8062
40
4159
7954
4613
74
5064
6601
7274
4374
390
5778
1312
1791
3876
4095
2894
3694
1095
2369
7507
1308
33
7370
5797
5246
751
7812
5883
4205
5328
3868
2641
5481
4767
2643
68
2472
1182
2658
3978
3161
998
649
2013
3902
7670
5048
2464
1046
4858
5309
736
6452
5113
1707
2090
1898
757
7158
2330
1059
5478
68
4767
8009
2943
4655
1898
1623
5260
6862
1532
4609
4809
5778
588
3077
1620
7011
6262
6759
3348
1245
193
3740
1029
5785
4323
5145
3895
652
3331
6138
4401
1283
5358
789
6557
2583
5807
5565
6057
1767
7040
255
5077
6041
7405
5896
4700
5933
3077
169
254
2137
966
5998
5629
1532
7121
8030
1830
7818
6312
2792
6010
216
4752
2353
5251
4053
4698
3741
4634
7723
4800
2411
1944
3959
460
109
1559
5896
3196
4521
3115
2903
7590
3244
4377
5264
255
4975
4874
4702
4912
5535
1336
2427
7390
2536
1079
1576
3682
1774
7180
675
8046
213
6557
3221
2960
7887
3158
1029
5536
6598
310
3671
3232
6415
849
568
3600
5364
718
8064
1012
2918
1
6438
575
3835
7798
1944
6332
4718
441
8187
4679
6352
7430
1681
3221
3755
3358
7915
4022
7505
631
5928
2285
4274
3196
6041
2464
4294
2661
4920
4415
2577
6108
5398
7871
5024
5896
5896
7570
2182
6256
5423
4993
53
3308
3998
7308
4611
3790
3120
1979
876
7592
4718
7063
1550
7135
7781
4361
2442
5915
1279
2676
1591
6137
649
7063
1024
4651
2271
5536
1988
7997
973
6010
799
934
4010
6745
6048
1719
215
5020
1748
4291
3433
2411
390
772
4217
4491
8151
5687
1160
3851
6722
39
5129
6799
5292
4207
764
4478
2777
686
2574
762
3985
3776
4165
74
6266
8100
7788
7785
8030
7753
5045
783
2465
6053
7823
5403
2868
4448
5024
7258
6886
1949
3240
1550
5997
6320
1836
926
3595
2090
5614
3272
4863
6336
3657
7533
6485
1029
8048
8103
857
7493
457
2543
7622
5129
4568
6372
255
1279
3835
4067
457
7871
3188
1279
450
4835
6303
1029
866
7060
2397
2933
5174
338
7431
1824
4255
5332
4426
4011
