0
0
0
9
8
0
0
2
10
3
3
1
0
0
0
0
1
0
0
0
0
0
1
2
0
0
0
3
0
0
0
0
0
0
0
1
0
0
0
0
0
0
0
0
0
0
0
0
0
0
0
0
0
0
1
0
0
0
2
0
0
0
0
0
3
0
0
1
0
8
0
0
0
1
0
0
1
1
0
0
0
1
0
0
0
0
0
0
0
0
0
0
1
0
0
0
10
1
0
0
0
0
0
0
20
1
0
9
6
2
0
0
0
0
0
1
2
0
1
3
0
2
5
0
0
0
0
0
1
2
1
2
0
0
2
0
0
3
0
0
0
1
0
0
0
0
0
0
3
0
0
0
0
0
1
0
2
0
7
0
1
0
0
2
0
1
0
0
0
1
0
0
0
0
1
1
0
0
0
0
2
0
0
0
0
0
0
0
0
4
0
9
0
0
0
0
0
0
0
0
0
0
0
0
11
0
8
5
3
2
24
3
3
1
3
2
2
19
0
0
2
11
0
0
0
2
0
0
0
1
0
0
0
0
0
0
0
0
0
0
0
0
0
0
0
0
0
0
0
0
0
0
0
10
0
0
1527
3707
5942
7304
2706
2105
4097
1008
6761
803
1787
2773
1440
44
374
5428
907
2690
3175
5436
7546
4771
4742
1055
6000
122
6969
7411
6135
30
5701
5073
7380
5024
2887
5057
7910
6210
7295
7648
7644
7445
8117
4594
1473
36
5999
139
4562
3346
3220
3022
2392
3288
460
6307
2713
2968
4935
5896
6827
4813
450
5882
2127
7187
4422
2421
7722
5272
4050
2167
1344
1024
6479
507
4651
7518
1502
3318
5272
1675
2309
3056
2672
5985
2015
5127
1803
6135
2137
1129
6553
1857
1520
857
4392
931
1725
2166
7011
5066
7844
6030
5489
3834
2685
5997
7871
3911
266
4209
5514
5762
4089
3862
8135
1081
3551
3402
418
3004
797
4554
1852
320
4830
3291
5466
7153
2118
2378
1631
6436
3322
3656
3071
2856
3959
876
7956
5107
4209
123
5232
6940
7968
4031
4169
6615
5432
3577
6483
6053
744
4011
857
4892
7013
592
6303
6354
6799
8174
722
4881
3667
3541
6872
1296
1244
491
4853
3483
1395
5896
5338
5172
226
949
7561
1803
7872
4609
8187
4017
896
7806
2415
8083
2149
393
8111
5013
4481
5382
3660
5547
4350
1808
1442
1281
2339
1839
4818
390
2516
6552
5934
1776
7143
229
4707
4613
5960
2080
1769
2805
2384
2283
2325
7468
7806
4542
7784
4846
7699
4365
7452
5077
7860
5232
6548
2896
698
2958
2513
6046
2026
7602
3488
556
5511
4870
8018
4435
1075
7882
348
471
7787
2290
2942
6291
1290
6508
8094
4111
1430
3334
970
1415
5020
7143
4926
414
4475
4202
2566
6887
5983
2299
8059
5207
4024
5101
6999
7160
7884
1954
6741
1008
5184
7786
1220
2022
5886
254
3997
1506
1272
4640
1163
7803
6131
3849
7823
1658
2610
4710
3089
2576
7963
6370
3404
5167
3788
1262
1696
5748
7258
7229
568
5821
7752
4431
8080
7679
2406
5588
7673
4242
3159
1871
6604
205
2462
3666
4148
3921
5416
6010
8022
7752
681
6073
7085
5140
6345
7658
7896
6712
8119
3086
6973
210
4484
5689
2712
1290
932
6680
5746
5754
4735
1155
6548
5746
3489
1011
2560
7178
2688
4170
2077
6331
7717
6092
5944
5837
5630
1428
1435
6229
1940
982
8018
2496
6000
681
5029
7230
7908
7584
6089
3790
7784
1075
4934
2851
4867
1042
3017
5452
2976
7762
1469
7931
5420
5902
6580
7931
3289
3289
3404
4741
2431
7656
5397
1824
1048
3284
92
5989
7223
3862
7887
7670
411
3253
2916
3477
6170
4907
7184
5688
1440
1440
3832
83
2972
6214
6040
3841
3834
550
6694
5952
2570
7296
382
2105
5332
5739
978
6415
7452
5013
5129
3184
2679
4053
2285
7892
2677
3482
652
6952
2251
2226
7905
3397
4819
3950
7807
380
2011
1654
7915
6175
3900
5732
7868
6245
5430
3037
2429
5620
752
765
7162
2896
5181
3816
2285
2808
1768
5751
4350
5332
4827
4095
2178
4216
1110
1978
2972
4749
7455
4551
1440
5836
4184
273
3231
437
7872
167
1453
4830
5876
1980
3969
592
592
1759
2119
4722
7049
4021
886
5584
3130
3701
6868
3003
1713
2349
1962
3885
1239
6925
4173
5894
3998
6895
929
7615
4796
4293
1698
7785
4814
4415
4992
202
7223
5744
2309
2892
6556
3000
6903
1661
6308
7455
6292
3443
7424
7302
4623
132
8184
3076
7166
4065
6232
7317
7138
2377
740
4618
4317
1209
55
5911
3942
5689
5444
4698
5436
702
6649
643
3965
3537
1564
2668
217
1486
1105
2311
8175
1372
6303
1989
6714
3538
614
2887
2704
4899
255
744
4712
1672
2001
2968
7371
6124
30
5224
5514
332
4018
651
7860
2990
5952
7148
6392
3932
869
5672
7907
7687
7136
6648
4957
5557
1114
4855
5428
2831
6089
4950
2533
2066
7901
2446
6980
2780
5877
877
8073
3427
2557
1974
5682
1232
3265
6798
6694
3878
7873
5793
3490
3153
4413
3466
5980
680
377
5981
3477
5113
3682
2686
3046
4242
6544
783
5279
2949
7757
7290
325
2686
4067
1562
7440
6108
5538
7689
7213
42
4855
740
1239
6095
1107
460
6469
5259
3647
1962
2610
2080
255
7011
7902
1943
6481
4735
1550
1776
2624
6179
980
7491
1944
7766
2439
3602
6950
4788
5185
2360
1581
1822
4655
1549
7221
1635
4786
5732
957
5588
6677
7093
3651
6660
778
3740
1476
3861
8167
6441
2202
6255
7518
3229
3225
250
5077
4349
1020
7333
477
7738
1007
6594
3350
5944
1728
5896
129
7460
1270
4849
1049
6481
7872
5145
87
1287
5654
5172
7205
1839
6619
7868
7596
3324
2773
3240
5574
419
6800
453
5871
5999
8141
6805
3230
7860
7319
200
3389
1999
4800
7405
3481
4074
3721
5279
6384
6259
7918
1907
5998
30
396
6417
5779
851
6284
7940
3123
5229
768
7841
6954
215
2066
5430
2920
5333
6023
5007
5489
109
920
7788
6735
7527
744
2443
1823
2676
3477
1523
2907
4856
5428
46
5650
7872
6553
2938
1941
6548
538
6945
7901
3959
3610
8058
538
6284
3332
682
592
3002
6889
3487
5824
6141
7243
2843
1962
6945
2461
4569
6000
7304
1523
5077
138
4326
559
2791
3416
7524
4340
1748
6552
5536
3901
4707
390
3585
8025
5650
3454
4647
3427
1661
6600
5620
1235
3969
6070
4846
4575
2061
3809
1739
6041
2686
170
5527
542
1023
1513
4449
4293
3886
255
8143
6059
2419
698
2639
4914
215
568
8160
7223
5111
5423
1944
7357
5241
6760
1818
1893
744
450
5248
7888
4698
2376
740
6082
1932
4812
3600
6517
8000
4120
1698
5185
3901
7570
514
6227
7872
4609
1944
5874
7872
5798
3433
4008
4106
5811
6680
6060
5113
4533
1450
729
5945
1965
5020
6346
8030
3959
1620
3290
4888
5507
4950
1160
7063
6141
3188
5798
2662
4498
7570
411
5019
5977
211
4194
2031
5168
6063
2728
783
704
308
6980
1280
2489
7258
3389
1118
2465
4914
7982
3262
4164
7070
2773
3433
531
2513
6053
6041
2907
7956
4478
1748
5024
1680
4670
1173
6831
6266
4005
3610
