0
0
0
10
7
0
0
2
10
2
2
0
0
0
0
1
1
0
0
0
0
0
2
0
0
0
2
2
0
0
0
0
0
0
0
0
0
0
0
0
0
0
0
0
0
0
0
0
0
0
0
0
0
0
1
0
0
0
5
0
0
0
0
0
2
1
1
0
0
4
0
0
0
1
1
0
1
0
0
1
0
0
0
0
0
0
0
0
0
0
0
1
2
0
0
0
7
0
0
0
0
0
0
0
20
2
0
5
7
4
0
0
0
0
0
1
6
0
0
1
0
1
4
1
0
0
0
1
2
2
1
0
0
0
0
0
0
2
0
0
0
1
1
0
0
0
0
0
4
2
0
0
0
1
0
1
0
0
4
0
0
0
1
4
0
0
0
0
0
1
0
0
1
0
0
0
0
1
0
0
0
0
0
0
0
0
0
1
0
4
0
8
0
0
0
0
0
0
0
0
0
0
0
0
12
5
7
6
8
1
29
3
4
2
1
1
0
16
0
0
1
12
0
0
0
2
0
0
0
1
0
1
0
0
0
0
0
0
0
0
0
0
0
0
0
0
0
0
0
0
0
0
0
10
0
0
7482
1468
7662
1430
3590
6520
6677
5445
1556
4600
7591
2030
5746
6587
5746
558
3645
6820
1362
3969
1319
7777
6040
2796
1273
7823
6041
5335
3740
7110
698
2533
7664
6520
4524
3136
6886
5767
1245
698
2805
5118
5292
4542
4756
1467
96
7573
6999
406
6058
2421
3600
1576
1353
5738
2796
5066
5187
1824
460
4155
6481
4326
1748
4812
6031
3541
4238
7210
1199
1866
6307
722
8073
4830
4723
2401
5542
8090
5259
3903
363
1852
3513
5010
5168
7915
5527
7121
4202
4242
7613
255
907
450
3229
7028
1050
2260
6082
1944
3853
6648
1973
6358
6476
7058
4096
5655
3311
1809
1569
2253
6490
4863
8096
7434
7092
5024
2219
2248
4297
7013
3809
6271
6395
7654
5752
2280
563
6441
1631
783
4392
7120
2186
5746
7524
7977
5815
4940
23
4435
2717
954
2113
5732
2824
5464
1461
3585
1331
7452
7243
5821
1748
6635
3572
3346
1281
4018
5309
2092
4847
684
7582
7208
4323
7427
2485
1169
7018
2409
7383
1055
8163
2029
2681
6853
1970
4292
7300
3781
2081
216
4881
6009
3220
7336
142
208
4085
1466
7803
1289
3391
2764
6320
5413
5100
3351
7018
3699
4282
8093
3197
6594
3336
6907
2501
7989
6580
6096
3441
6732
2142
3542
5332
3816
4341
2029
6438
2260
1932
492
966
7040
4719
3229
1892
1262
4467
8185
4877
4197
1635
1833
7503
1859
2194
6886
6387
617
1235
8091
7838
2378
1500
7881
1695
3572
7059
2470
6831
2676
8106
6864
2463
4022
1522
229
2843
2483
666
3214
1071
5545
2164
1796
614
4248
7306
5883
6907
5680
7302
7178
5761
6143
6129
4805
5565
153
2635
4507
6384
1675
7098
6264
1241
1742
4662
1949
7940
5126
3733
6864
4933
3238
458
3257
386
3759
3060
933
836
7409
4645
3973
4425
3060
785
7787
4039
2532
3741
6945
2773
8146
5547
7030
2372
6547
6233
4399
2854
4236
421
1863
7461
1802
4505
996
6731
6681
1201
6264
6920
6187
6810
6657
710
728
7330
6663
4594
2918
5066
1048
686
6233
3848
7592
6821
916
5527
2513
6997
1155
5542
3299
6730
4708
4432
54
1942
5499
1488
2228
4866
3854
7226
6296
4993
7098
4046
1474
6468
5821
7229
1023
5403
4011
2024
4448
1
7424
5715
1082
3835
6128
2831
4130
4363
3363
1839
5019
5104
4446
4129
6244
2677
6894
1797
4855
5937
6292
4013
1123
409
1279
2152
4441
2741
7861
1948
6708
7451
1048
4291
5833
2295
3356
837
2460
7319
8129
1932
7333
7525
96
799
1969
3551
7851
3922
7294
1087
3997
2276
7615
7901
297
1544
6532
7834
6384
4325
5688
4758
109
5536
7091
1056
1403
1796
590
5395
566
3102
7547
4496
5909
1469
3123
6005
4268
2007
257
5943
3232
2389
7416
2922
729
3260
2657
1579
6384
7978
6929
2544
5482
421
3726
3014
6323
7675
3218
7918
2372
6575
4987
4903
1786
1180
1770
366
3953
6587
5322
3305
4297
7983
4349
6237
3995
237
1453
3774
7901
254
47
3682
3974
4354
2975
7396
910
5806
1724
3580
5695
285
2915
7192
7893
967
3093
3672
5868
5746
907
2676
1602
1038
2202
7924
4039
7031
2663
1845
2907
4207
5594
3690
2281
6646
2682
1500
5576
2920
6210
3434
3197
7517
6648
3162
6518
165
5126
1076
8136
5888
7644
6869
4937
7118
3352
4809
2285
1550
6020
7886
6344
3134
4312
6310
7216
8186
8036
7746
504
6578
2337
869
3932
5978
6474
4531
4172
317
7735
7367
2793
7330
4751
1251
2041
1803
568
5874
6417
3804
3809
4089
1117
6708
6735
7460
6403
1411
4217
5573
5452
1835
8072
1264
5938
904
5743
4524
6883
2863
999
796
2092
2816
4577
3282
7901
4809
4644
6553
2777
7723
6826
8050
5576
8073
568
2851
5618
1482
4661
7356
8093
6810
5422
5587
4528
320
904
3412
815
4358
7305
1981
7687
4976
1213
3123
6677
3661
2343
8025
5985
4852
1818
3405
2661
4120
4575
4578
2519
2360
2656
4486
3672
6350
3467
6592
3029
7371
3859
4153
6030
464
4426
3263
1843
3580
4036
6209
2516
1672
3542
4233
6969
6307
1732
753
684
4735
4647
7091
4013
1464
6868
1301
3212
1321
2683
3340
1471
911
4668
869
7734
2011
2426
3289
7420
2519
7569
3689
2011
559
2285
6481
1357
4372
1279
1513
4412
585
8025
1774
3169
3218
683
5816
7895
8036
1654
4270
2412
323
3670
5919
560
7086
3007
7006
6850
803
2947
5430
7049
4950
6791
1565
4758
5168
4361
2634
1969
5326
4644
4341
2631
7304
8067
6200
2132
4353
6363
1957
1426
3153
7795
7755
3017
3230
6224
2765
1071
944
2062
7451
4522
2192
5171
7901
6827
1850
1823
1155
4753
7872
1774
6501
4017
6000
4491
3059
7602
5728
3427
3212
1924
8012
7744
5111
4677
142
2259
7205
7735
5395
5103
7452
1049
4867
951
5507
2405
1989
2979
7976
4689
1776
4763
1360
255
255
6818
649
4667
5214
4560
7333
7282
6489
8100
2080
5944
6530
8100
2410
1523
926
8027
2679
4029
4670
5229
845
3741
5596
536
1584
3492
4155
2229
3433
1029
5077
3947
960
5874
4319
6500
1805
652
3631
3989
7874
1252
4939
1430
4694
3232
5285
1040
1009
7995
3443
2896
8055
3304
1241
5010
6796
437
2868
1021
1395
7910
7910
4242
6104
4237
8143
4569
2089
4560
232
2331
7347
1715
4916
6661
659
5516
2009
3623
5095
1415
1820
6195
5517
2671
3402
7784
1550
783
2851
899
7861
6735
5998
7910
2459
6660
4326
5220
3454
7868
45
5279
1572
2706
3533
3220
5013
2116
7063
217
5690
3666
1057
1043
373
575
491
2489
4491
5112
2494
7868
1473
6005
30
2558
4858
5343
3454
3304
5093
2676
2629
825
6973
2255
8111
6791
4475
5798
7901
770
4089
7615
53
7187
4291
4950
1029
1414
785
6104
6041
6498
6481
1823
4060
2496
6384
2676
2080
4338
4340
1488
686
1046
575
4613
3454
3512
2907
3682
390
6677
5579
6447
4293
227
5272
411
450
7679
4175
7777
