0
0
0
10
8
0
0
2
9
2
2
0
0
0
0
1
0
0
0
0
0
0
2
1
0
0
1
1
0
0
1
1
0
0
0
1
0
0
0
0
0
0
0
0
0
0
0
0
0
0
0
0
0
0
1
0
0
1
1
0
0
0
0
0
2
0
0
0
0
4
0
0
0
0
0
0
0
0
0
0
0
0
1
1
0
0
0
0
0
0
0
0
0
0
0
0
6
0
0
0
0
0
0
0
25
3
0
8
6
3
0
0
0
0
0
0
3
0
0
1
2
0
3
1
0
1
0
0
2
2
0
0
2
2
0
0
0
1
0
0
0
1
0
0
0
0
0
0
1
0
0
0
0
0
2
1
1
1
4
0
0
0
2
1
0
0
0
0
0
0
0
0
0
0
0
0
0
0
0
0
0
0
0
0
0
0
0
0
0
2
0
11
0
0
0
0
0
0
0
0
0
0
0
0
11
3
8
3
2
0
28
0
2
5
4
0
5
20
1
2
0
11
0
0
1
1
0
1
0
1
0
1
0
0
0
0
0
0
0
0
0
0
0
0
0
0
0
0
0
0
0
0
0
10
0
0
1871
1038
3123
5566
1839
3701
6276
5868
6737
414
7822
45
4216
1989
3584
5024
5536
3572
6456
372
2907
5514
765
2796
2916
1467
3220
5181
1607
1739
1672
3260
4609
7806
5579
4306
3467
4914
7210
6528
1852
1003
3594
421
5687
3134
7011
3762
3348
5579
2112
4888
3628
731
680
783
4796
5191
204
8025
916
4874
3220
2285
5778
5290
2405
4594
5013
559
4207
7689
212
2339
6258
6954
5690
4164
8151
3051
3213
3494
568
390
215
6791
2405
7582
7781
6761
30
6979
7153
5831
204
390
411
3806
531
372
4077
4478
3481
6215
1595
6795
2896
592
3415
3600
2796
6415
4147
6164
5623
1740
4291
1620
2629
1024
1105
5364
7357
3220
2773
1786
2285
3575
1067
1177
1617
3702
4053
621
4365
3316
1924
4238
45
7419
1581
4950
3433
896
7451
8025
825
5168
331
2421
7527
8030
2219
3166
5050
6271
4475
5997
5048
4614
23
932
2419
5171
6041
1238
6116
7520
2887
2973
4569
1917
2677
2271
3391
5561
5129
4569
8025
7922
254
7598
5531
5354
4856
5102
5364
4342
5013
16
2780
6259
450
5403
5272
920
5184
4415
5553
652
8126
4398
2657
6924
6078
4329
779
5928
7190
6053
5798
764
2677
5232
684
1009
1513
4429
6483
2152
2354
4065
698
1621
6608
4735
6380
6712
6657
4572
2300
1539
2443
7242
5404
6667
3903
1441
1465
6587
5594
418
6417
3959
4647
6255
1607
7592
1105
4812
5896
7258
783
2150
3575
4644
2368
5853
6568
6308
5099
5808
8010
7242
1954
4649
7745
7323
5522
5479
4878
5364
5899
4467
6011
7246
6337
2091
6366
3785
2061
2892
7205
4110
5099
7577
6003
6371
6749
6616
4363
5844
2793
1590
6612
7766
4080
2979
4515
4778
4694
6129
6291
8019
124
7935
1969
4867
256
3960
3278
2682
5889
1331
1707
8163
7098
7874
4051
1155
2615
8046
1280
5346
967
999
7785
397
2766
7524
2630
5454
2378
2559
1242
6107
6724
358
5623
7451
5737
5732
4035
7874
739
12
5395
6294
3692
8080
2116
5116
4517
683
3897
7816
6662
3810
5584
4526
1651
933
725
6401
7499
7776
1566
4091
80
2109
6286
5129
2232
1799
1186
7018
1566
8014
967
7048
4199
2009
3966
4732
4618
6775
908
7214
3231
3973
128
3642
5871
7004
7739
6103
5007
5902
458
2224
4303
5599
4584
444
2854
54
2227
3224
5923
2979
3832
7166
1219
4509
674
858
168
3834
1546
747
1356
5350
3686
8
3631
3813
705
1585
7855
5405
3238
7650
3526
3711
5897
2613
7860
4539
746
6990
2128
6066
3901
7503
1919
5957
2973
2731
5020
5883
2116
1366
3191
1856
3656
2569
1467
4846
7852
341
1131
5584
7874
4519
4990
4545
2867
837
5317
626
1571
6014
2006
7776
2273
5862
869
793
7838
2557
4406
6122
3830
248
3263
886
4530
5115
1672
2242
3075
2677
254
4312
7
4359
5096
294
7861
4817
3664
5545
4011
7377
3631
3146
8177
250
7378
5701
4515
4939
462
1356
3055
586
869
3634
3427
2533
3510
6983
7432
7143
37
5054
972
8072
4323
5902
5622
3590
1186
7661
1413
6114
5111
4094
4822
5574
6066
7841
5977
590
550
5694
1939
3791
456
1581
1466
7234
7631
689
2791
3712
5625
2801
7117
5165
4216
4413
272
3012
6925
3534
1998
2471
53
3272
3100
1686
2586
4397
1661
1290
7921
4048
6642
6139
4643
1682
1916
4172
7662
2219
123
7964
5765
5182
5977
5463
6167
6481
5742
2157
5547
3792
1011
3712
2137
7378
3762
4888
574
5226
6272
5782
786
6124
2887
4034
4310
1647
808
3885
2902
6065
1527
6733
729
6234
6472
5444
5543
5147
6134
6427
2922
4616
325
6990
7136
1124
807
3789
5290
949
1765
4224
6536
3966
5487
4396
341
2341
4047
5325
4562
6614
6427
6078
725
4432
3367
2607
6434
277
2342
3543
7648
2341
2530
7846
2911
1769
1340
1350
101
1508
7041
4446
3682
3298
5807
712
1562
7982
7148
747
4672
2231
7383
6875
791
1642
5756
4099
4317
1846
6281
2279
4165
1247
6419
6408
7162
8117
6785
5422
5737
1356
793
4472
1133
8156
6479
8125
5430
5816
4074
4987
7031
3783
7329
7810
7919
4975
437
6258
4670
6384
5436
5750
142
1602
5495
5751
5821
1156
7444
5286
4562
5808
7201
3494
338
1334
5899
575
5384
7851
7287
6224
4049
1237
3762
3433
992
1439
3585
4522
7413
1154
7980
7505
5310
2278
1647
2461
6759
8159
7158
209
3901
3149
7623
2325
450
1831
5112
2507
912
7775
336
5977
5174
1189
7477
3082
3750
1536
4892
595
4011
1301
4914
3071
250
4010
4094
3660
7748
1339
3585
3359
7296
2914
7615
2958
3240
7162
6980
3478
4146
3169
1467
3793
777
6639
1038
4089
5220
3068
2464
4609
3077
421
4867
5520
1948
7398
6384
285
550
8
5928
4644
1352
5945
6384
8025
3886
7226
6095
5596
4747
3454
4569
5497
7184
2676
595
2303
1830
845
1821
6357
6660
6271
1740
3454
7063
7424
4892
702
6060
5928
4475
5288
4484
2343
5594
7940
6005
5687
250
3690
4594
5579
2679
6384
5520
5517
6824
6393
7781
4472
3287
2916
4099
3207
6452
5767
5282
7882
2780
2753
4931
2977
372
3741
1595
2465
2142
859
4238
654
5998
2796
6227
2777
1446
1971
214
5332
5272
5107
7995
5921
2248
7398
1231
5450
845
418
5385
2843
6193
2693
3750
1458
3503
3460
2411
8138
7319
5572
6272
3212
2676
139
2103
4270
7827
4899
5165
802
4290
827
6563
1732
7861
1037
5687
1774
4670
6818
4824
310
1168
4978
4655
4095
7893
2066
2796
4293
6335
5566
2777
4651
6677
7246
7180
5975
8167
5018
5324
643
914
6635
7868
1463
531
7868
4291
4106
7031
6271
3084
679
7785
124
3176
3401
656
4475
5517
2184
4120
1280
7419
4718
109
1774
4297
1095
2489
1597
1414
3220
7872
7673
4522
3240
3823
1524
1023
5531
1774
1787
2080
6759
1799
680
1078
1780
3004
783
7570
4651
5138
7910
