0
0
0
10
10
0
0
2
12
1
1
2
0
0
0
1
1
1
0
0
0
0
4
2
0
0
1
3
0
0
1
0
0
0
0
0
0
0
0
0
0
0
0
0
0
0
0
0
0
0
0
0
0
1
1
0
2
1
3
0
0
0
0
0
0
0
0
1
0
2
0
0
0
0
1
0
3
0
0
0
1
0
0
0
0
0
0
0
0
0
0
0
1
0
0
0
7
0
0
0
0
0
0
0
24
4
0
5
7
3
0
0
0
0
0
1
5
0
0
2
1
0
5
1
0
3
0
0
2
0
1
0
2
2
1
0
1
2
1
0
0
4
0
0
0
0
0
0
2
0
0
1
0
0
0
0
0
0
2
1
1
0
5
0
0
0
0
0
0
0
0
0
0
0
0
0
0
3
0
0
0
0
0
0
0
0
0
0
0
7
0
11
0
0
0
0
0
0
0
1
0
0
0
0
11
3
10
3
4
2
29
0
4
2
1
0
0
20
2
1
1
11
0
0
0
4
0
0
0
1
0
0
0
0
0
0
0
0
0
0
0
0
0
0
0
0
0
0
0
0
0
0
0
10
0
0
4952
5993
4998
5048
5751
1821
6135
6384
1620
6705
2896
4914
6449
6320
2737
1494
4345
852
6438
3233
8046
5654
3483
7492
6009
5272
744
5371
6587
2308
4029
1631
4424
6498
6041
2562
920
6824
5687
4788
7389
1856
6258
1593
5948
4214
1989
5057
1023
7806
5579
3886
7089
1220
6179
4880
2354
1217
8073
2343
6980
6201
6889
7061
6945
5248
7699
2663
2285
139
2610
5290
5833
2576
2896
3240
928
7961
2248
4422
7520
4361
6000
4160
6377
6613
3804
5713
1988
6031
1040
5112
4082
1762
5335
1803
2938
1057
3876
1087
1464
6761
486
47
4353
584
6258
3148
62
4353
5877
1217
5453
5145
1467
631
5288
916
7405
7975
160
4009
7492
6604
5017
5343
5798
5116
6796
5746
4211
5095
7823
2661
6545
5567
4339
5181
5650
1794
4475
7861
2209
214
1238
5810
6583
5332
174
3577
1819
6572
6216
257
2740
5426
1742
4674
5321
2080
649
3600
5682
4753
7823
7823
7135
6415
4467
5428
3433
491
3004
6826
6954
45
4651
6450
6895
6623
3531
5519
7414
3384
7531
4079
1968
956
516
1525
5158
6060
8167
7011
514
6258
1971
6307
6583
3346
1424
1576
6141
5344
3220
4522
8055
6150
5384
3480
1241
3974
1872
3320
963
7569
2195
1110
746
6087
7795
2553
6268
5444
5754
3641
232
3454
4932
4053
785
7056
4594
4847
6249
7178
1863
7872
4651
1839
1224
1094
7672
5307
459
618
5286
3435
6733
940
6561
3884
3538
2029
6493
6443
102
7749
45
4056
2741
148
4716
5147
5382
5920
4148
4237
5529
4114
1523
1048
5382
742
1811
4872
1132
6731
7406
7098
3299
8089
1989
3037
5330
142
5207
6296
5160
7063
5619
1026
4702
6460
2578
1836
5272
568
460
4019
797
4741
1849
4297
208
2663
7727
1559
961
7766
2379
6400
6044
8059
7171
869
4302
1680
4080
7557
4061
6170
1550
3174
3631
30
1105
1103
5185
332
3600
4708
2006
6321
5821
7582
1523
3480
7060
5519
7400
1584
7078
999
1350
209
4649
2252
3226
3337
4497
4300
811
502
3536
472
5948
4867
6276
4605
2459
2737
4399
215
16
3589
779
2835
5228
8027
5839
2132
1989
6740
6640
7192
2856
595
1451
6864
3280
6413
2631
4717
682
4569
784
5928
2922
3427
5948
4809
5077
3682
795
5292
5972
5561
1664
5579
6961
7514
2731
2228
1456
6904
4800
1040
8065
764
5077
586
2011
7819
1705
5527
7716
7577
4422
3959
410
1090
2057
1361
5608
6797
4058
5653
5948
6945
6256
5507
1824
7907
2506
1887
4995
2439
7078
2668
5172
7377
3153
1859
5583
1334
2014
3482
5672
4031
5644
5512
66
4149
7941
7344
5166
696
8091
171
2247
3977
539
5045
2851
5860
7974
5589
6110
3804
6308
7518
6612
598
3834
370
7825
687
2219
4632
594
2565
2698
7303
3609
2116
5489
2361
1727
7714
1742
7455
5346
8074
4515
982
3307
3789
4632
4280
5977
7
7098
1440
2226
6251
5691
7912
7207
471
4527
5544
5077
3191
5584
3764
8048
4486
976
4660
133
5655
4262
7577
7873
7480
256
2519
3432
5954
1816
5341
3144
5056
8136
6612
2190
4513
4703
7768
5049
1131
6523
3334
2999
4485
2798
2743
8062
1623
3580
7151
4405
615
366
5649
4958
4926
1258
8184
6107
434
1206
1226
1117
5410
7963
4424
1549
6962
6308
3786
84
4879
4880
2972
369
2166
811
681
2120
574
5188
5625
7697
7662
2979
2722
6616
4268
3277
4881
5370
7936
3095
6283
1109
461
2993
5440
5696
3251
3650
2393
1614
7340
2013
6164
7884
2558
5344
3790
6292
3136
4963
1276
3634
1346
7024
4268
5936
5225
4330
7619
3850
5404
3836
4465
1466
1463
7271
5331
4262
7086
4767
4192
755
4923
3614
2193
7337
2199
4340
5475
4780
1597
5835
1356
3897
3283
6740
6405
3832
1185
7219
1261
6948
1733
6858
657
7405
3004
6384
1924
2632
3597
5326
5809
787
333
6384
5928
932
7135
4830
2214
235
1151
1378
278
477
62
7445
8143
871
2199
4958
1204
5655
523
3594
6622
4362
3225
4004
783
6031
2464
876
8121
8025
5428
3625
592
471
7877
7852
4998
4702
3592
1957
101
2922
460
8018
6980
680
2764
1413
3624
2910
118
4519
4104
7872
138
764
2271
591
2679
3571
6066
7419
7901
6588
2773
3773
7893
2229
3795
434
5915
1464
6632
7894
5761
8103
4112
3854
3834
2289
134
587
5726
2977
3223
6945
764
8025
6245
740
6377
2343
1774
390
631
6677
1944
8159
7913
36
6983
6361
606
4863
4038
2273
7048
2720
5276
3197
7797
7613
1239
4782
5117
1260
4523
591
615
1522
7118
4089
6954
6053
4609
2737
418
6227
6041
6776
3560
7524
54
3061
5662
4672
7440
6427
5300
4916
3810
3280
1900
6990
5680
6027
5267
7362
285
3835
4609
3959
4800
7031
592
1949
1024
3835
8030
4038
4950
534
5999
5113
5288
6227
3021
3467
3335
4230
7931
4632
6083
2693
3313
2067
1226
776
5935
1009
2513
7911
2137
1944
7431
5999
7380
250
704
845
1836
6677
1944
2676
3481
7798
1029
61
5279
6730
7773
5844
951
7894
2984
5695
168
2413
235
6816
1471
6580
6417
5229
5145
8000
7234
102
2835
1209
2541
7745
5867
3487
5948
722
4340
1217
8138
5574
7872
4112
1957
2709
5465
4476
3768
5587
22
5740
807
6478
6635
6447
5531
7940
559
2182
310
4503
2773
5171
6784
2217
2684
3196
7591
3942
4618
6889
6167
1774
2676
2796
3326
6635
6392
656
467
2297
7195
5552
2343
6818
2907
6645
3259
4878
575
3732
2175
2376
3452
2796
4106
4291
374
4609
7570
4812
4867
3240
3148
2676
3120
2002
2464
6271
7223
4237
4475
3148
6332
740
1160
7350
3642
1600
4623
5145
3402
3092
7784
6384
4475
5874
7997
591
4164
2483
1281
3600
3642
6635
3542
5964
4796
568
825
2513
3207
2650
2907
897
213
5751
2374
4266
6361
6480
3245
1010
1160
3119
1852
4955
1550
3225
1155
4491
3252
6632
3098
