0
0
0
9
10
1
0
1
10
1
2
0
0
1
0
0
1
2
0
1
0
1
4
0
0
0
3
2
0
0
1
0
0
0
0
1
0
0
1
0
0
0
0
0
0
0
0
0
0
0
0
0
0
0
0
0
2
0
1
0
0
0
0
0
3
0
0
0
0
1
0
0
0
0
0
0
0
2
0
0
0
0
0
0
0
0
0
0
0
0
0
0
2
0
0
1
7
2
0
0
0
0
0
0
22
1
0
9
4
8
0
0
0
0
0
0
4
0
1
0
0
1
3
1
0
2
0
0
0
2
0
1
0
0
3
0
0
2
2
0
0
0
0
0
1
0
0
0
2
1
0
2
1
0
0
0
1
0
1
0
0
0
0
2
0
0
0
0
0
0
0
0
0
0
1
0
0
0
0
0
1
0
0
0
0
0
0
0
0
4
0
7
0
0
0
0
0
0
0
0
0
0
0
0
10
2
7
5
2
0
24
4
2
3
1
0
1
18
1
0
0
11
0
1
0
2
0
0
0
1
0
1
0
0
0
0
0
0
0
0
0
0
0
0
0
0
0
0
0
0
0
0
0
10
0
0
3656
1494
5419
2907
4492
7941
5916
7570
35
6660
5857
4852
4082
5653
1395
920
6724
3260
2676
3861
4708
7051
6823
5714
1774
4233
5214
3661
5750
960
1852
7350
4867
2487
3271
1969
5363
2219
7926
5048
4442
6141
2418
673
3186
4211
2772
1773
6650
624
450
3481
4340
7061
2892
6384
418
6002
2374
2512
1483
695
4878
5507
8148
3711
601
3870
4703
3213
5171
1823
5077
920
2238
8176
2905
7861
6778
4259
3671
6536
8070
2405
7135
2175
3240
5579
390
3584
1595
4796
6000
5514
5057
5326
133
3420
7518
3885
5015
3408
756
4608
5629
5801
4207
2541
1076
2796
7901
5412
4007
727
4348
7012
5744
6677
7246
4448
3600
3541
7910
47
1046
2663
4194
7665
7119
4707
1168
2962
3089
2046
7752
5762
4089
1050
2464
2901
1301
3686
897
5514
6262
3701
484
4809
4644
6135
3741
5756
6002
7294
2916
4472
3487
3631
795
5909
5447
7547
7145
6287
540
3580
6276
550
960
1672
4881
5661
1759
729
1290
1522
1331
119
1969
2309
7294
7223
4609
8030
7910
5385
3475
5403
1839
7243
4729
5322
6087
1079
316
8134
5720
461
6937
4444
4955
7928
5118
533
4441
3666
5906
7872
7233
3291
2217
2896
4146
575
4224
7995
921
698
5423
5831
1497
5857
4824
3876
845
4399
2460
527
137
2540
6104
536
5133
7056
8155
6141
2957
4022
7246
2465
5536
4472
1220
6263
6417
2285
5057
6000
2137
1024
2166
2464
88
4858
3358
7592
418
4475
3600
7806
1849
8075
7570
1519
2228
3186
211
1241
3481
6767
358
1576
7389
8187
2022
3728
2483
3790
5102
2015
6141
5514
5102
2560
1965
4851
3367
6548
5436
1620
3835
7798
7823
5272
7398
5092
7861
5107
5436
6574
1817
3989
5565
332
5024
5580
7447
7748
5337
7460
4233
189
1057
541
2948
5975
4217
680
606
4522
3504
2678
1821
30
2271
3969
722
6012
3490
204
6698
5392
1599
6138
4525
5803
2931
4014
4036
2354
6627
6119
1774
607
5850
2248
6556
90
428
3656
4867
1519
472
1767
3477
5129
5161
6253
508
3213
4091
4536
6254
384
4052
5631
4769
5986
513
2208
581
6378
5045
4031
6041
7451
7940
5279
1492
5475
6384
7223
5643
4707
255
8048
373
6384
3506
5095
5276
3333
7509
256
6805
5133
773
51
1345
3870
7501
6216
1193
270
5358
5383
2602
2232
4601
6154
639
6540
3656
2309
2325
4651
3572
722
5739
6148
6131
3085
3864
2072
4663
4369
2427
7409
3003
4249
5180
4052
4232
747
464
1237
2630
1946
6378
5892
1876
2560
2405
5143
6057
2631
6645
4679
3416
1129
2219
3781
2127
2015
3177
689
5252
6825
3003
1334
4786
5761
5202
8053
5762
4618
8033
1139
5682
6891
2361
1702
1724
2411
7205
6009
5531
1706
4009
698
4343
6724
61
1028
6450
5402
1331
5162
4877
4400
6450
6288
4649
2715
2277
2277
8166
990
5276
4610
2741
1630
7317
6558
1720
1988
1075
4809
5629
5906
7661
1301
5019
3936
2539
6983
5309
5928
4578
7922
3881
5179
7993
5634
8170
3424
7400
1835
2459
2629
5856
2072
2448
3777
5914
6367
631
3916
3068
4609
1019
857
4343
210
783
5623
6648
6679
7872
7872
6750
5922
5132
7217
4452
6915
1680
5555
5979
6604
2394
3336
5045
1350
7913
914
1276
6189
7901
6796
6818
825
5403
1584
1893
5886
2986
2709
5780
7872
5209
4546
5928
4724
5127
90
4732
3780
7657
69
2076
4265
1992
2865
3617
1073
2981
7511
5594
3958
502
4698
5650
4207
255
832
4274
4399
2938
2563
1209
1075
2811
3968
1478
2483
3133
4369
8089
5092
1506
6824
591
6262
2496
4881
3839
5255
1103
2633
7514
7890
364
4242
2496
3225
6796
6828
1927
8000
7213
5214
5997
825
6393
5790
1997
4950
7240
6129
2187
6085
1356
2260
8187
2023
4836
5086
3628
534
7529
1734
6325
4047
7737
1024
2916
5013
3477
1724
163
2916
3835
2489
5536
6761
2410
488
3299
4858
2629
1866
5049
7217
2500
7424
5871
1777
2532
6247
5015
5492
3256
2762
3538
1511
1976
3326
2137
6082
3176
3196
1965
5290
5730
61
3153
2850
2425
3851
6590
2112
109
3724
4228
5625
2820
5463
5870
3708
7098
328
1549
5565
2251
6301
6801
3081
2179
3258
8167
6262
1595
2219
2489
2248
1522
7785
1849
1287
4927
6480
5048
7940
4216
6321
3314
4863
986
1796
2893
3960
5737
8091
487
7526
3490
4375
5844
2851
3783
4722
5542
8030
2325
5664
6824
4290
6759
6635
2986
2119
7585
6082
5290
212
4583
7061
7063
8106
4706
553
7885
5472
7103
1078
7710
858
614
6351
4859
2629
2796
2423
5275
7051
2788
4005
6733
1060
1075
2777
3390
6791
5627
2489
3274
426
3775
2252
5320
232
4093
3986
1145
5369
6136
2414
2893
4630
2976
7822
2284
7405
3610
8083
7982
1075
5403
4580
6027
2325
7258
5997
2217
7110
4273
897
7628
3763
7886
6588
5166
899
5623
2405
7063
863
5466
7549
1234
2065
568
2411
5288
1539
4698
7153
5168
7258
3995
6038
1125
2257
5275
5445
6798
1473
3263
5129
1931
5780
802
4114
1733
5272
1160
1430
5798
2343
4018
5542
4698
5412
4146
1949
1765
3682
5314
3304
1395
6864
7059
4374
5650
5248
7573
8085
8023
1453
6950
2441
4541
3899
4273
657
5531
4950
7235
4294
3095
8030
348
6590
5915
7570
7419
7940
6384
4342
5118
6864
4852
3643
1430
2229
3631
2408
1331
5322
3245
1289
4291
615
1331
4261
6351
331
2922
5403
4478
4329
5514
5778
3490
5077
4016
3682
46
4522
4647
6457
61
3995
3589
1479
802
4856
6708
491
7570
1595
4640
3346
4175
255
1051
4788
6022
675
7745
3186
7258
5801
4291
5778
421
6761
7389
568
5129
3741
2600
6450
7243
5608
6063
3968
4390
1749
5921
3389
6645
3706
5012
2252
2489
1155
6307
1450
4640
6249
1989
4353
5272
6385
7582
6082
4735
1620
1769
124
3220
6395
4237
3721
6058
6321
2169
2597
4998
4522
250
4224
