0
0
0
8
10
0
0
3
10
1
1
1
1
0
0
2
2
2
0
0
0
0
5
1
0
0
0
2
0
0
1
2
0
0
0
1
0
0
0
0
0
0
0
0
0
0
0
0
0
0
0
0
0
0
4
0
1
0
2
0
0
0
0
0
2
0
0
0
0
4
0
0
0
1
0
0
0
0
0
1
0
0
0
0
0
0
0
0
0
0
1
0
1
0
0
0
10
0
0
0
0
0
0
0
18
2
0
7
3
2
0
0
0
0
0
1
2
0
0
1
2
1
6
1
0
1
0
0
1
1
0
0
0
0
3
0
0
2
1
0
0
0
0
0
0
0
0
0
2
0
0
1
0
0
0
0
1
0
4
0
0
0
0
1
0
0
0
0
0
0
0
0
0
0
1
0
0
0
0
0
0
0
0
0
0
0
0
0
1
3
0
9
0
0
0
0
0
0
0
0
0
0
0
0
12
3
7
4
2
0
29
2
3
0
3
1
1
14
0
1
0
10
0
0
0
0
1
0
0
1
0
0
0
0
0
0
0
0
0
0
0
0
0
0
0
0
0
0
0
0
0
0
0
10
0
0
6481
7143
4605
6141
5750
5279
1124
2405
5964
7244
2780
5092
5453
1774
5129
1917
4628
4835
4950
7070
3541
3599
3636
966
924
2343
7258
1948
592
2999
5077
1155
525
1534
332
1050
174
437
5998
6571
2577
6193
5250
4372
4175
3816
5520
6510
53
432
5250
2002
3159
8030
3597
6639
8025
2285
5048
899
1823
423
4689
4291
2831
6469
4491
1786
8187
1030
3959
2983
6027
4888
4644
7153
5277
4223
3240
5288
2489
4015
4312
4614
3284
740
6457
2676
4707
8030
7143
1823
915
4852
7592
6509
5596
684
6070
5244
7913
6141
5982
1637
3572
4214
5738
951
3245
4229
3575
5779
5916
2907
7227
48
4238
5112
7344
4106
3722
5805
6321
5147
6889
7584
36
3732
3512
1536
1686
2631
1443
3245
1659
2464
1849
3287
361
6141
3061
2855
6565
3485
98
2856
5998
2470
2419
3487
5911
2597
7437
2244
6563
2175
1863
1698
411
89
740
575
3044
6228
6147
8047
1467
2192
1206
3024
304
932
2418
214
6263
5430
1786
4441
8105
1453
3821
7827
2280
7978
2378
7691
3666
7223
8025
6271
6041
96
5322
5024
568
1765
4322
7259
7665
6104
6668
5899
6243
6571
1900
2979
5283
4318
7633
3551
2266
156
7692
7415
7279
7520
7064
3762
1774
5594
6258
389
3402
1029
5608
6417
6980
7517
6262
6380
182
2999
7029
5475
6117
3811
7924
266
1544
1160
2741
1899
848
2041
2474
7452
7171
421
6639
4448
527
7967
211
6481
12
5077
7613
1621
2072
933
7887
4339
165
3223
807
5672
7995
1129
1017
423
1958
5746
3252
6895
7441
4647
4484
3443
7491
951
4029
8040
566
7491
3121
6895
2051
7432
7013
7259
7279
5095
5146
5224
1129
5739
7452
5113
5470
7575
1428
6035
6756
3223
5427
4880
7064
5214
785
5338
4449
4492
2149
467
2244
7029
6000
5997
7451
1038
6041
1361
3571
2937
2713
6551
1467
7086
58
6776
7582
2979
1535
2463
1465
3460
7063
6436
4934
3326
4350
6222
743
5954
5475
5351
5982
7143
2576
3240
450
2631
4067
3061
5708
5928
2934
3225
5428
5163
1606
4182
4129
785
14
3060
2968
6163
5251
4432
3947
6703
3562
35
7539
3728
1362
3642
4796
87
5214
695
1395
2679
542
2642
4609
2907
1029
4312
744
276
1621
7447
1062
2263
5218
1730
4642
6602
7163
160
357
223
7366
4029
2916
5308
1105
7845
4998
3477
3584
5833
7816
4858
5561
1969
6572
5516
4735
7419
4670
414
7012
6124
6210
6443
5070
5839
8002
2030
2261
3135
4201
1256
6316
1155
7887
5890
7934
6517
491
1024
3503
5363
5363
4851
2657
5165
211
7582
1331
7665
4874
5605
2513
227
5921
6134
5529
7787
7136
6229
3777
1212
5986
59
1045
6227
6969
7940
1029
7979
3444
2679
2516
4448
7207
1217
2856
3449
778
3433
2764
7595
2466
2587
2558
1971
6632
7404
2139
3255
1347
3279
1978
5543
1266
5771
7674
3900
4870
709
6565
3075
1595
3432
411
915
4998
1217
764
3589
7236
4499
30
5232
47
2783
3933
1777
5991
786
2429
7247
7559
6887
1165
1040
6217
1096
1350
1033
3879
1425
6384
3642
7575
5099
5227
802
266
4148
568
7321
2308
1090
3162
6864
7823
2960
2962
7296
7924
8109
259
5176
2660
3991
1878
4815
3624
1123
6035
4277
832
1209
8167
5063
7235
5339
2119
3795
4998
1774
90
2303
7269
4824
6188
2002
6009
4448
171
4171
8147
5133
1253
1972
5952
3332
6493
5629
6807
8119
6634
5743
7109
2151
2215
2406
6861
3055
6389
5423
2343
215
6708
3263
3876
5620
1241
4143
5214
6825
6533
8109
8139
126
3318
4899
2662
389
1491
5951
3275
201
6448
8120
6985
1080
444
7029
3642
8048
3205
425
3682
6973
30
7040
3348
930
2957
4707
1579
4913
7875
4232
6134
2487
75
519
8046
2076
1775
3424
728
335
3617
3833
1494
5682
2130
7162
6139
1048
2544
500
3071
3240
722
1213
522
5497
6320
418
5543
108
2902
986
5919
1645
1168
134
4811
519
6248
7266
7469
5785
3730
4377
4874
2934
2061
7497
2166
1522
1520
2650
7118
6635
1062
6193
5874
1774
1523
6831
7625
717
5464
3555
1961
1110
3047
4520
2635
140
4209
888
2426
5259
584
1843
768
5013
4233
4644
2175
6415
5687
3402
5171
785
1073
5026
7377
3585
7790
1105
7961
6735
2062
4183
5070
7768
6425
7192
2273
7944
2426
2060
1030
2107
7257
2643
8043
744
4580
2533
96
4892
4618
7491
5608
6761
721
5086
5547
5952
6945
2192
7418
2280
5805
3604
8004
1110
394
7262
6036
5391
7209
1562
309
1292
31
5095
764
3986
1017
4053
1550
7236
740
1607
8023
6031
5045
8093
5048
1595
2252
5403
973
6532
2248
820
3721
5326
1246
2122
2093
6894
1956
2352
1489
4765
5545
6801
4892
4017
7034
2949
6227
7613
1029
1023
332
331
2782
4888
5743
559
2805
2948
4491
7982
5250
8187
7722
7143
327
8017
365
6069
5390
4750
7807
1704
5952
559
6973
12
7861
6027
4175
2560
2166
5403
6307
727
5273
3806
121
1209
5560
2127
1818
2907
3575
1538
3992
3092
2868
1911
6937
111
7952
5997
6968
255
6001
4670
4146
4708
5874
3430
7548
7187
8135
5376
1200
3515
8191
243
5385
575
1447
6583
2127
5020
7722
3253
5035
985
4425
3464
1736
1155
7980
3860
4202
7642
6255
1244
772
3210
3433
4236
5129
960
3542
5104
273
8
6650
3253
3046
208
211
7911
3229
2903
2379
6522
4600
1672
5801
422
1029
1686
6002
3835
2907
2957
5292
5576
3740
338
1209
639
2411
592
6245
4233
6656
5579
1289
215
7598
6989
7591
6980
1117
4147
1027
5086
672
960
5010
6000
1029
4329
169
2405
2130
4340
5739
2410
4735
6635
6481
7153
6020
4812
4851
7294
4934
7011
924
6973
6009
6571
4339
5682
2676
6639
3483
2934
1623
1672
7940
1209
1965
3577
5338
2907
3490
4788
2648
2252
541
2986
1296
1672
1931
3686
5608
6020
7823
2916
