0
0
0
9
8
0
0
3
9
4
2
1
0
1
0
0
5
1
0
0
0
0
6
1
0
0
3
3
0
0
0
0
0
0
0
1
0
0
0
0
0
0
0
0
0
0
0
0
0
0
0
0
0
2
2
0
0
0
4
0
0
0
0
0
1
0
1
0
0
3
0
0
0
1
0
0
0
0
0
1
0
0
0
0
0
0
0
0
0
0
0
0
3
0
0
0
8
0
0
0
0
0
0
0
24
1
0
9
9
2
0
0
0
0
0
1
7
0
1
1
0
1
7
0
0
1
0
0
1
0
0
1
2
2
1
0
0
2
1
0
0
0
0
0
0
0
0
1
5
0
0
2
0
0
0
1
2
0
3
0
1
0
0
0
0
0
1
0
0
0
0
0
1
0
0
0
0
0
0
0
1
0
1
0
0
0
0
0
0
5
0
7
0
0
0
0
0
0
0
0
0
0
0
0
12
5
7
4
5
1
28
0
3
1
1
0
2
24
0
1
0
11
0
1
0
1
0
0
0
1
0
0
0
0
0
0
0
0
0
0
0
0
0
0
0
0
0
0
0
0
0
0
0
10
0
0
5688
3457
2677
924
6921
1430
4623
7518
960
2954
6642
6104
7613
752
5000
1021
5738
2198
2164
3589
4595
4497
4647
1320
6940
7369
5689
7484
1631
407
48
7520
6168
3478
877
5868
2252
2531
4211
457
2907
4467
163
6437
948
1479
87
30
1949
1943
6778
4708
5332
1094
6053
2402
7592
3667
5332
7269
1801
3386
7056
8187
7092
7752
7012
4294
5227
2152
3834
2487
215
704
7011
731
4389
1367
3077
4472
7673
2896
4202
1582
169
109
2411
2080
1217
5877
740
7415
5882
8094
7216
4800
757
570
2688
3475
3676
7520
7210
5853
928
3942
3077
1699
341
7075
8055
96
568
4841
6469
5537
7452
3795
215
6447
5120
5514
5332
6296
1870
1556
1768
4670
4352
7371
2228
2968
6041
4338
335
217
263
1094
2693
4229
6876
2303
4809
1279
575
2916
3391
386
2676
5870
6789
434
1155
740
1245
4294
3265
3575
7940
1576
4609
4667
5374
2727
2533
2325
3656
6438
423
7861
5402
4391
374
418
5275
568
4007
297
6249
3240
4442
4521
3946
1740
7781
4291
2530
1195
4217
3795
2150
2164
5608
389
1459
6975
4452
4293
783
7575
7038
3863
3832
2516
4264
3813
2937
7116
3381
2166
7995
7684
2062
8138
5290
4961
4507
3115
6876
5210
1958
3676
7384
6437
6535
255
7393
1459
5514
6926
7143
7781
7176
6013
4114
6417
4522
5013
4876
6124
1989
7894
4486
482
966
3676
4805
632
7543
4153
5577
7362
6626
4623
1544
3051
8040
2354
1607
2632
6306
35
6002
2777
3597
3673
5168
2465
1320
6550
1181
7962
933
2791
6189
5095
7727
5335
4722
3816
1588
650
3364
4400
539
7214
5708
7426
1535
4880
2421
5475
6371
5079
3240
1042
14
4815
3326
1076
7143
4065
5896
5048
5322
7294
2464
3693
1774
575
4334
1425
6384
53
4182
1784
1784
7664
1011
3576
3056
6409
1830
4361
5113
7820
4033
7034
1601
7915
7028
974
2311
3135
3887
7882
3717
2504
5288
3260
4089
791
6258
4712
7665
1320
5171
631
6454
5288
3542
2217
7787
174
1709
4796
3083
1815
1027
6256
358
3220
1582
2800
5863
6607
3716
7200
6998
6426
8155
6309
1182
7246
2657
7795
3478
2973
2684
4876
3253
5846
2325
1003
758
2346
5092
1522
1570
3117
310
4467
338
4352
2021
5228
5897
5464
34
6999
2660
3719
3183
4218
4610
827
3861
7583
1631
7011
6104
790
1512
4740
8
5057
298
3936
1506
7216
522
97
3115
415
1124
7377
5737
2582
6860
7769
6010
4778
7420
664
3839
5103
7353
427
2676
5290
4472
5998
450
5043
7722
7908
5561
3347
550
3765
3136
7223
7451
4794
4703
1713
7226
6960
317
2508
6263
1449
7643
7455
3329
6985
6169
5028
7479
4721
8095
331
4291
845
1620
3834
877
7584
7011
3599
5948
960
5165
1067
3469
7346
5558
3592
3076
4059
7083
101
1770
1645
4375
7894
5298
892
2543
8170
7490
5589
2153
3854
2080
7205
472
722
5915
7113
3254
12
2753
434
4453
4647
6818
3156
936
1562
4965
2787
4606
4035
2671
433
3029
3049
4358
6951
6316
7469
5576
50
2990
1244
4609
4475
7827
921
2130
7093
2884
7872
2922
1506
5279
6395
531
929
325
666
7324
3634
5332
5126
6892
4081
6981
4209
519
5281
7875
8006
7362
5042
6009
8
491
3886
4011
3443
1308
7788
227
5982
4338
1430
4209
7868
6221
3013
3289
227
4516
3289
5837
4337
2685
3510
6411
1264
2862
1266
1740
3289
7963
2095
7230
77
5520
2130
2411
2907
7910
2358
2499
457
6656
5725
1564
7391
4442
1005
5771
1485
7657
118
4571
4244
3008
924
1076
2026
1091
6898
1472
7203
6025
7222
6107
1675
3915
4472
5276
4735
2459
4575
6227
5024
254
7258
6307
1131
5928
6715
383
709
1464
7661
4840
5993
1613
4903
5050
217
4218
847
797
4810
1013
7011
2058
5618
4609
5833
8048
7910
3223
7484
1748
5290
3851
432
4708
2972
7803
5098
6918
2145
6129
3580
3169
8019
5633
4209
5938
4411
2555
4832
1929
1317
5337
1719
2671
4639
4340
109
6656
783
5778
2901
3813
2369
5035
7753
5066
5350
3968
699
3428
5308
3265
6450
5023
5872
7717
7272
2927
7526
497
4802
1357
1986
6959
1000
777
1955
5288
6417
6357
7011
4202
4824
4291
2015
8091
3224
3575
7093
2632
7576
4446
2012
7707
4451
8022
871
3073
8041
2519
2081
1553
5771
4780
5046
883
5105
2581
5714
3188
2533
6677
7415
7570
450
5118
7178
852
974
4199
1473
5812
2464
5418
3597
7607
3039
2823
5741
7557
4104
4464
3937
6969
792
427
5423
2615
477
6993
7205
7418
6680
3542
5324
7877
3851
6481
3701
440
6571
7956
7240
7679
7823
4146
7762
986
112
754
8035
3686
5226
6520
1794
5584
1724
3050
5047
6034
426
4469
5019
3551
2676
3389
1282
919
1863
6549
4722
1082
6820
30
3773
6836
3893
5160
6203
5276
1410
2581
3930
6575
5346
656
1566
6204
1715
1113
1329
5620
214
7492
1787
5165
2478
3287
7570
783
4618
7739
1852
3092
1721
8135
1686
7868
2777
1406
1025
2684
2862
7546
997
6885
3256
5351
292
162
1302
4626
7895
3494
5579
740
7389
7167
4155
7156
2957
4375
675
7845
2303
1803
7194
6761
797
5739
4273
5168
4216
1275
2265
53
5971
5556
2464
6498
4706
1073
5928
8137
4835
7484
783
7827
7823
1864
5596
4830
2825
4385
6932
1989
1971
2177
266
5227
6983
5672
2937
4753
8025
4202
3047
3899
6176
2283
5092
7520
765
4644
215
390
1023
3600
4880
951
1430
5877
7415
1453
1287
3348
7752
4851
8048
3542
1749
6536
7825
214
1850
2979
2629
7258
2541
6753
4160
3117
6983
1485
3560
3882
5124
7063
214
2002
3322
722
5725
7061
6864
1287
4049
2369
3391
6437
4703
3661
4361
4950
3577
1055
2377
2915
109
4361
30
5275
4472
702
2907
7640
3821
1157
4237
1664
3851
6012
4700
6583
3755
5560
2418
7893
117
5227
2949
6409
3487
