0
0
0
10
8
0
0
2
8
3
4
0
0
1
0
1
1
1
0
0
0
0
3
0
0
0
0
2
0
0
1
0
0
0
0
0
0
0
1
0
0
0
0
0
0
0
0
0
0
0
0
0
0
1
1
0
0
0
2
0
0
0
0
0
4
0
0
1
0
3
0
0
0
0
0
0
0
0
0
0
0
0
0
0
0
0
0
0
0
0
0
0
0
0
0
0
8
1
0
0
0
0
0
0
20
1
0
7
6
5
0
0
0
0
0
0
2
0
0
0
0
0
4
1
0
1
0
0
1
3
1
0
0
0
4
0
0
2
0
0
0
1
0
0
1
0
1
1
2
0
1
0
1
0
0
1
0
0
2
1
0
0
0
2
0
1
0
0
0
0
0
0
0
0
0
0
0
0
1
0
0
0
0
0
0
0
0
0
0
6
0
5
0
0
0
0
0
0
0
0
0
0
0
0
11
4
5
6
3
1
27
1
2
5
1
1
2
14
1
0
1
12
0
1
0
3
0
0
0
1
0
0
0
0
0
0
0
0
0
0
0
0
0
0
0
0
0
0
0
0
0
0
0
10
0
0
390
3823
2325
4261
5040
4443
2976
3209
98
4485
5530
7622
1290
6003
174
743
1733
4939
4160
1988
3969
6284
1997
7235
1075
795
680
5283
4392
5684
4485
2808
5332
1836
6135
6520
7179
6632
7167
2875
6499
471
6252
5874
3899
6756
1057
607
2252
7258
764
4273
2002
98
2672
1534
6422
897
4089
4643
6975
6535
4053
2796
2586
6826
7506
3720
5097
5740
5070
2006
2271
4233
3381
3959
7798
3942
1285
3667
4136
1392
8025
2891
1324
3560
214
5419
1582
2854
2753
3492
2474
3348
4812
2002
1538
5227
3933
297
1151
3986
7244
4064
6306
1634
1467
4609
5762
6653
5483
6487
4928
1212
8067
8045
6805
541
2242
2313
271
1972
606
5489
3240
7922
978
6864
4319
8187
361
5376
5292
1021
5238
7975
2166
5552
5507
4492
5398
4352
884
76
7109
1980
1406
7811
4943
5793
1605
3253
5553
4594
4594
740
1527
6945
3795
2541
348
5877
4312
8121
948
8078
7072
5218
402
7613
4707
4020
6679
5000
8062
7983
5604
5783
3710
366
5522
5100
2433
2170
2458
1595
568
5385
1969
4522
307
3433
4732
740
266
3554
2196
2462
5434
3589
999
5404
7524
1428
7563
5000
7247
3839
6596
3830
2029
6981
2264
162
1847
3356
8160
1024
729
2214
2343
3220
7922
842
1105
7040
7543
8135
3445
7803
2915
3448
6124
2182
8027
5573
356
5743
134
6907
1798
4081
8057
4306
4374
4879
4035
5308
6715
4812
7230
845
1155
3585
6310
414
6615
2753
159
565
2979
6650
1803
4015
297
1015
4875
3939
126
8033
1227
4552
2865
4024
1470
7319
2228
7617
2308
2893
7079
260
6791
591
3068
5350
7722
7650
5694
3617
3560
6569
6733
7246
3615
3899
7613
5040
8099
4661
3393
3197
3211
4674
5260
625
7644
5233
6448
5346
4388
4442
4867
7868
6395
3389
1350
2558
7011
3086
3538
6733
6948
8160
418
2916
6147
2972
566
2132
6785
6448
2521
4240
6220
3813
1715
5938
8027
7477
2894
4855
614
2702
4712
7190
6289
2232
1595
4266
1395
595
5778
4341
3188
4385
6997
3044
6823
4741
3449
6803
2188
2920
1431
4461
552
6144
709
6580
2363
6667
1851
6941
1365
3370
7887
7143
2002
331
6436
5833
1581
3755
1238
6553
1067
738
2276
4387
3666
1042
6939
4225
4890
5699
2685
679
4800
3789
5240
2008
7916
3158
2929
6017
896
5267
3785
2248
951
7722
974
1492
1404
3432
5412
5079
5472
7106
1940
958
5993
7056
5322
5127
1895
1562
3708
7428
4075
457
1714
4686
5034
858
4958
2411
3095
1880
6548
3785
5790
7398
1965
7546
3115
6276
297
2907
988
3676
6975
1479
843
4701
7101
6426
7052
7476
7222
5151
4199
2949
5455
3017
5799
5272
2462
985
5317
3934
276
3625
1209
6499
1871
6535
2228
3904
4964
2855
1447
2476
990
1713
5714
6384
5408
5564
5139
6478
6474
1356
5492
6065
6020
6559
995
3037
628
5585
6818
4623
3004
8025
3542
2861
4399
6656
7588
1280
6384
6963
1447
1299
2685
7691
4594
4202
4594
5004
2920
7420
6638
2982
1282
4362
5955
5224
2778
6532
4750
5641
8025
1423
6198
6677
3541
1999
5279
5112
1799
1155
6263
2356
508
1810
843
5975
4741
7070
1220
4963
7623
1965
4649
5625
1933
464
598
492
5670
4224
675
5718
2499
3260
457
2684
1155
114
3071
3260
437
1105
1096
5220
4630
7568
2207
4431
7134
2977
3732
156
4141
5238
1223
7141
1011
5263
786
2738
1243
7675
2247
2702
389
5619
5232
631
6826
4074
7806
7922
1049
1029
5093
283
1114
4389
7064
1010
4781
3452
4315
5301
4796
5048
6017
7451
2410
7107
7242
6703
6001
2676
2642
2011
340
3454
7205
5664
1787
1565
3254
7739
297
4707
2062
3560
5344
1492
2616
3486
4262
3503
6222
5242
1105
5730
1680
1948
5112
1321
2396
5904
7195
3240
6973
6552
4914
4146
5279
1621
1776
6452
843
3960
7997
1880
1029
2868
5393
2602
5815
552
4034
2238
4577
446
5551
6361
7752
5896
5374
3677
2601
182
7593
2896
3071
933
5730
5798
6395
1330
4718
4644
4712
6460
7241
4097
3504
4575
7556
2011
4318
4496
1590
2555
2046
3790
2303
4789
7304
2671
1582
3225
5173
6135
2896
6258
6481
2405
214
2854
418
2285
3207
2361
5477
1863
525
4338
7063
4237
2311
5937
22
3102
7569
6467
2489
4812
5227
2777
649
568
4291
2791
2796
3121
2896
2896
4718
5915
5779
7784
960
4788
2309
4238
331
143
2089
47
2894
2499
3883
5261
6499
194
7493
6951
5009
5408
5282
1734
7491
591
7798
6756
2260
2811
2896
3260
2629
5079
7940
1523
4835
1364
4990
2346
2418
2152
6650
5547
7484
4814
527
4464
1453
5862
803
4270
7554
2174
35
5857
6380
254
6393
5232
7029
5706
2896
4949
4651
3513
3623
6705
5971
7056
6183
3849
484
1441
4542
1105
6481
896
5783
902
73
2116
7993
5005
6622
4935
6703
2905
8105
320
2894
167
3004
6826
4867
139
4077
6660
6722
4178
6724
5752
2772
5095
3092
7518
7520
5833
7582
4988
8134
326
1554
7195
5560
4983
3886
7901
3947
819
7590
1870
7299
3572
6384
7665
6070
4124
1279
5057
6790
3899
1554
2557
4422
6626
5344
4049
3980
3427
7823
6989
73
1358
6522
7563
687
3729
4651
450
825
3225
7484
4718
951
6826
3401
5035
7290
5250
2411
7852
7070
2015
7207
6863
5790
2177
5284
3263
4596
7689
1733
1638
2228
830
1930
5977
1342
6639
5997
421
4594
1944
3851
1595
3847
4575
4788
26
3969
4164
7012
1581
4563
2280
675
3117
5350
5376
7520
448
2076
1620
1535
169
7705
448
1934
307
8017
1757
4242
4707
4340
4880
4689
5050
4878
4426
3271
4634
6650
5707
2541
5107
7371
3348
2538
857
6895
1129
6929
5326
4340
568
4852
5833
3824
2013
7002
3989
3030
3486
4340
1105
30
3487
2957
4004
7934
6009
3834
1434
1661
1506
2791
3851
6759
5766
2557
7823
2634
2474
4644
8025
1209
3551
