0
0
0
10
10
0
0
1
9
4
3
1
0
1
0
1
0
0
0
0
0
1
3
1
0
0
2
1
0
0
1
0
0
0
0
1
0
0
0
0
0
0
0
0
0
0
0
0
0
0
0
0
0
0
0
0
2
1
2
0
0
0
0
0
4
1
0
0
0
4
0
1
0
1
1
0
0
3
0
0
0
0
0
0
0
0
0
1
0
0
0
0
1
0
0
0
13
0
0
0
0
0
0
0
16
2
0
3
3
4
0
0
0
0
0
1
2
0
0
1
0
0
3
1
0
1
0
0
1
2
0
1
1
0
1
0
0
1
1
0
0
0
0
0
0
0
1
0
1
0
1
0
0
0
0
0
1
0
4
0
1
0
0
1
1
1
0
0
0
0
0
0
1
0
0
0
0
0
0
0
0
0
0
0
1
0
0
0
0
5
0
8
0
0
0
0
0
0
0
0
0
0
0
0
11
3
9
4
4
2
31
4
1
2
2
1
3
13
0
0
2
12
0
0
0
1
2
0
0
1
0
1
0
0
0
0
0
0
0
0
0
0
0
0
0
0
0
0
0
0
0
0
0
10
0
0
6677
1209
6925
4852
3292
2374
7389
3167
3744
601
7381
7330
4997
7619
1242
7500
2668
3685
4659
4752
7006
5682
7404
6562
8018
1279
3439
5982
3690
5871
1057
2907
3389
255
4050
4694
6972
5149
4857
5374
5877
437
4126
6229
2878
7610
586
501
1366
4998
3170
3209
4345
709
492
3388
7687
3260
7910
2214
211
1917
3617
6983
1550
790
3367
4758
1395
3460
2244
2009
7093
6940
6565
2962
7723
3962
5931
6948
6272
466
2973
5938
1973
2607
483
6534
4710
2831
4708
6000
5185
7258
7665
584
4175
167
5350
3284
225
4547
1870
3933
5149
5412
2299
2780
4676
2743
2194
743
2803
7396
5762
3473
5524
1332
6843
5940
7929
4484
6041
47
2459
5975
3959
7995
7230
5157
6377
4926
1062
139
132
7077
7178
171
4928
3646
2582
3169
3669
1862
3549
6789
2591
8070
552
4800
320
5890
8005
4492
740
1820
7587
4507
8025
3358
1769
4353
556
1929
3804
1395
8138
4309
5672
4633
3617
7775
1356
797
8136
5980
4856
5732
3164
2982
7921
8152
7404
4771
924
4614
7757
5918
2675
7160
7753
4851
2907
8159
3292
4182
7253
6997
4708
5128
8046
5489
6818
1959
5297
326
2293
7886
4276
5522
6139
4608
5678
2024
6036
5487
1774
6063
4387
4670
4710
3774
3262
7913
2271
39
1506
3477
5746
6741
4538
4153
1048
6417
2056
6044
2799
3777
6348
4895
1411
3159
3891
7132
3508
6717
6313
6619
4233
4712
4867
7868
2296
5650
4444
4174
2015
4741
4270
5171
7806
3542
3728
4358
7520
5982
5542
118
7329
5411
1321
7919
4913
709
1087
7212
5461
753
66
5191
5054
3220
1926
4270
3481
4708
6233
1907
6563
2308
3402
631
1944
491
4867
182
4800
2610
4146
1542
2726
5981
5168
3120
4680
8065
3939
4732
2101
5332
4485
8021
5344
3022
4950
2661
1046
1124
5272
4092
7868
4474
4708
6447
1664
6186
2938
7451
906
4505
4878
7911
7723
7187
6645
6996
7859
715
3722
7734
4432
6135
1698
6082
4492
1767
1534
3320
7692
2328
541
2679
7229
4788
2788
3244
4366
3571
3819
7722
584
6451
5998
5993
1129
6700
3262
4514
8094
6009
5746
7214
1029
4270
7898
6104
7592
5020
5149
5057
5351
3475
2346
1434
1550
1140
2915
6889
2538
5092
2780
1570
1971
283
3263
3492
4885
3117
2261
4015
1075
7246
7901
3702
2327
61
3245
1272
4618
6895
4217
5227
7887
6183
7829
2066
7426
8191
3460
2308
1453
4088
7303
7577
6962
7467
4466
7040
7426
4640
1913
559
6797
493
6053
450
722
978
2635
4147
5945
3148
2603
8064
4352
6038
2513
4569
1280
3599
7063
3086
1586
2766
3278
8014
4259
5433
4425
7745
5128
4342
1948
1491
439
4746
3384
1728
441
4764
3161
7029
3600
1944
211
3959
7670
2635
5314
5888
3481
777
3910
7985
4400
6963
5259
597
443
6035
1815
6097
5131
4280
1000
7476
2471
1530
3834
7690
2824
5372
7225
5928
5326
6082
2459
5608
684
7153
6876
2654
4175
1009
868
5894
1358
6023
1228
2649
2349
1585
5960
2706
5341
3786
2548
4064
3534
3459
3119
2882
3153
7542
5930
4395
960
332
5173
1620
4578
7167
6417
5746
4812
8105
2369
6752
501
2132
8102
6694
6248
6783
6720
3743
4721
496
2722
1328
7192
3309
7710
3595
7282
4588
2382
2865
2756
1133
2379
4112
6761
7956
740
1425
6321
5903
6735
6058
3594
2308
1397
156
5440
3812
5273
4464
474
1911
1132
5734
7885
5870
2409
901
1079
3580
5201
6147
6530
7344
5520
5332
2558
925
4106
5527
6415
3391
3775
4507
4933
6292
898
1366
4899
707
1413
6342
3444
5747
5040
4583
4860
6217
1167
6308
6983
7629
3265
7877
6249
1149
6587
5896
2392
1236
764
7852
2467
4505
4702
1320
1074
8084
4662
6648
871
926
1919
3376
3750
7059
7906
6288
5307
7402
1204
457
7541
6314
1247
4826
745
5088
4701
6000
4689
2799
427
4372
1816
6950
7583
5594
7929
3824
7138
394
1570
1968
106
3595
691
6536
5924
1989
3118
386
54
994
1168
4968
8043
6811
62
2656
2513
6945
3740
7699
4106
1971
5077
2684
4700
5129
8025
703
2171
2749
2402
711
3463
2122
2879
7234
6220
3627
3106
538
7785
4005
4302
2396
427
5566
229
3061
3514
437
5739
7408
631
5733
7258
1672
7121
907
2533
2513
135
2601
7113
565
2349
1324
3393
3664
4856
5233
4937
7984
2934
5461
6331
4013
5955
7038
1564
2396
4150
1767
2736
534
4630
4106
4089
682
3364
6258
1209
1787
5778
1188
7750
6023
2316
5126
2187
2340
3492
7668
6386
2260
7811
341
397
6853
7707
3622
168
3120
2411
255
933
6587
6456
2907
3389
3291
1485
6258
2896
2657
2629
7431
7841
2858
1916
1585
8048
2208
1546
4081
5673
8144
5394
2409
4816
1908
4631
6909
6469
1000
5091
1620
4578
5998
3414
5364
592
7012
1095
6481
2896
4892
4835
6031
702
2621
1229
2824
5527
3529
84
4897
7788
5633
7161
6247
7219
6754
7629
1147
2606
3255
6361
4294
2978
2780
229
414
215
6202
7279
4216
2896
6635
7011
5654
7153
7856
4395
2544
484
2655
1477
2023
2308
7650
6971
2564
7775
2669
3287
5692
4769
26
6009
1808
5370
2633
174
3981
4146
3096
6864
1395
2896
1969
1291
4074
1765
4667
744
640
2372
5780
5045
7873
5785
11
3598
5235
5047
4432
25
6141
1322
5185
1808
665
6508
7090
1163
6183
2325
4211
1581
7398
3240
2851
947
3196
4522
466
4563
771
7339
6501
7107
4649
5576
871
2903
8065
5957
539
3135
1207
4644
450
7948
3684
6473
753
217
1733
6053
1157
4796
5654
1038
2071
2780
4390
7986
3821
740
4452
4182
5248
5533
1843
689
2086
6564
2273
7757
7482
2401
4300
6060
4457
672
1434
7384
7389
7692
61
4399
3322
2907
4472
5821
1446
746
978
7413
6583
35
7198
5906
5160
6679
6783
5883
5530
4919
3171
66
4350
35
2022
3077
6417
825
6884
2934
985
942
6041
