0
0
0
10
9
0
0
2
10
3
3
1
0
0
0
1
1
1
0
0
0
0
4
1
0
0
0
2
0
0
0
0
0
0
0
0
0
0
0
0
0
0
0
0
0
0
0
0
0
0
0
0
0
0
0
0
0
0
6
0
0
0
0
0
1
0
1
1
0
3
0
0
0
1
0
0
0
0
1
0
0
0
0
0
0
0
1
0
0
0
0
0
2
0
0
0
11
0
0
0
0
0
0
0
23
2
0
9
7
5
0
0
0
0
0
0
7
0
0
1
1
1
6
0
0
2
0
0
0
1
0
0
1
0
2
0
0
2
2
0
0
0
0
0
0
0
0
1
2
1
0
1
0
0
0
0
1
0
3
1
0
0
1
1
0
0
1
0
0
0
1
0
0
0
0
0
0
0
0
0
0
0
0
0
0
0
0
0
0
4
0
8
0
0
0
0
0
0
0
0
0
0
0
0
12
1
9
7
4
0
32
0
3
5
0
0
2
19
0
0
1
10
0
0
0
3
0
0
0
1
0
1
0
0
0
0
0
0
0
0
0
0
0
0
0
0
0
0
0
0
0
0
0
10
0
0
4609
1576
4214
7583
5272
4008
4214
916
4795
4800
7915
214
5623
4842
5376
288
7451
6385
3416
1035
4651
4492
4482
2496
764
1055
2278
1680
4820
7371
7033
2764
4851
6271
1279
1426
2339
4017
6824
5107
5109
4164
5066
671
797
6997
705
3483
7933
2887
4029
7997
7926
3504
5326
6796
6645
5143
3795
2791
8188
2907
5149
2601
3995
2405
1468
1989
4482
3162
3068
3416
557
5623
797
6276
1907
1767
2663
4590
6950
8030
5118
4707
1177
559
7872
5077
671
3066
457
3959
4419
5997
5982
7781
6475
6826
1043
5403
4424
1988
1224
3806
6895
3004
4800
4932
3477
5418
6547
2796
1513
2246
6691
83
1105
7051
7153
3326
2657
4914
4361
2499
4600
6724
7739
5332
5494
4491
260
7911
4881
1893
1634
1075
1464
1425
4932
259
2686
5163
5112
6481
1954
3141
1816
6422
7396
4465
4525
63
4020
6258
7468
5332
7934
3191
1494
1010
1057
2327
5264
2553
2325
3656
6790
4300
3920
7639
5408
7596
1857
1057
6895
2610
3959
2768
5783
4034
2722
3561
1726
4432
3378
1631
6587
4270
5715
1836
3154
7229
7913
1522
3741
410
6353
4952
1611
5551
5225
7881
3986
2907
361
7415
6228
5274
4810
2352
552
614
7931
6175
3580
1686
3388
830
6320
1155
5744
6245
3153
6012
3997
5798
2645
5376
7995
6124
36
1595
7135
7279
5623
4812
1767
7389
6215
2668
6427
4036
4783
1040
5678
3674
2878
1846
8187
3379
5835
5507
7491
348
4202
6417
3220
4788
4851
1129
7861
4446
4372
4809
7884
3186
7893
2576
7039
6270
1753
2984
906
6843
1382
1074
2787
217
4308
2193
5259
2559
1780
4209
2405
5332
5332
486
6386
423
3348
6535
595
3290
6969
390
5687
2679
3055
3084
4106
7657
652
341
7260
5942
380
380
7717
1017
5233
7334
7514
7695
2190
4679
7229
361
722
7940
1776
7389
6272
7901
1620
1620
7160
6510
215
4934
7926
1944
5292
2600
6238
5725
8126
5764
6444
998
1760
2424
6172
2366
2553
2978
1073
7213
959
8055
4867
6454
4867
418
4341
5720
7940
5324
5332
845
4237
4740
5266
3060
7311
7356
7166
5957
1020
1659
7648
1800
8073
3937
8127
2507
7006
2774
6822
5372
5664
5436
7666
7119
6454
8025
4594
2625
5833
7864
414
536
5687
3386
1017
4120
4993
3842
4753
8062
3714
1396
626
527
1131
1942
2496
3017
5853
1968
5377
3314
7982
6262
3684
4751
896
1930
1724
2693
7260
4692
483
3025
5558
28
7596
7940
2938
3282
3093
657
3578
4389
1658
594
5497
3718
486
3191
486
1272
481
606
3651
4526
4703
2411
1260
120
7828
7232
3166
6146
5037
5964
986
6959
2638
7694
4516
6981
4022
3790
7760
6926
3904
10
1483
958
285
5353
7737
3032
4084
2533
6737
1024
4670
7294
1770
3973
3272
3664
6943
7364
3559
6924
6286
3774
2066
4942
5023
1633
62
1788
7804
1660
4692
6967
3076
7285
6999
3304
4575
1965
3324
1988
764
2031
1450
4851
2717
3427
5960
2628
4310
4065
664
7881
1030
5153
8025
5094
341
2060
3428
819
5590
1740
6720
4036
7258
6802
5458
1212
4958
2285
6818
4242
5288
7823
4270
1395
3378
6348
6743
8046
8040
7103
2591
8166
6562
496
2155
7736
938
2727
4725
1094
3858
110
5897
1916
6749
1020
6521
4814
2700
5982
7405
3068
6403
2732
3124
2608
2662
3614
507
3517
857
8125
5335
5107
3802
523
3621
1970
5365
6835
4422
288
2165
7936
6824
3849
2894
1974
6741
5544
5540
7615
6271
5798
138
5777
5792
3367
5440
6547
5772
456
214
1118
2809
3232
5594
3220
395
1253
7256
6109
4285
5408
3475
4619
575
3029
39
1171
4300
2244
3124
6565
825
3469
5594
2958
7445
2166
296
2372
3318
1740
4354
3997
3882
8147
411
5165
7028
2889
1401
7756
8065
6267
7585
5269
4628
440
3461
1440
3282
4853
7343
3325
1155
5664
1488
7419
6310
695
6125
3882
89
6594
2981
2796
1356
1078
1878
6393
6066
4666
3716
227
3486
3291
6256
5886
817
245
7024
1225
725
5074
4666
4867
214
6031
2066
4253
904
4712
7071
4092
5171
5353
6378
5682
8144
8035
935
1076
4207
534
6456
4027
2064
5282
5029
6660
1856
7911
2415
4187
1905
7607
7847
2166
45
4878
5292
4655
6170
6925
6472
1055
2765
2684
6768
5750
799
7416
5537
2411
5214
3454
1540
7603
1285
5241
266
1356
6594
5367
1080
5868
1944
4881
2757
1488
5163
508
1999
2732
5984
2578
2905
1800
3892
7718
3163
7533
6635
4475
5997
4353
4146
3625
4637
2672
1967
6287
4525
2578
5799
3086
5085
8136
3976
915
6354
6011
8
5434
3402
6677
3427
283
4256
341
1698
706
2263
656
6384
5013
7940
4190
606
3046
6648
4777
4197
2942
2242
6745
4303
6894
4217
6268
4916
8006
5111
1786
8138
2736
6245
6521
3077
5986
4340
1681
6553
3240
7092
4522
825
1576
3326
3220
418
1576
6884
5664
6235
7545
2603
5185
6485
6041
7031
2705
7615
3148
45
520
6384
764
1948
6258
4441
2987
47
3651
1739
7901
6945
2202
4594
4475
5048
3577
631
4594
1550
5077
2162
8075
4809
7135
1635
4570
3321
553
2496
4569
7190
5579
6384
3959
5275
1621
592
682
5279
925
6456
2896
6588
1049
6818
4594
1279
491
2916
4152
6258
5019
3575
1931
5066
758
1341
6532
1380
3205
4867
3888
7615
6552
914
7806
7582
434
5324
3260
5220
5850
2112
114
1523
418
5272
6320
4569
5536
6552
2219
4867
1238
6104
4340
5998
2483
3240
7940
3240
960
3240
686
6271
1776
2560
1270
4708
2916
4242
3861
1021
6258
1948
2254
7491
3572
6791
2922
5168
6258
411
3610
271
1476
7269
1029
1003
4270
4422
6588
4475
6384
2533
202
7592
7570
3816
5403
210
369
4654
2896
4952
3741
7982
1532
2856
2892
2686
4017
6532
6954
6818
4718
7806
5057
4491
740
3120
369
1009
1672
6552
4952
6258
2896
5436
921
3402
6799
1105
2130
6289
2896
