0
0
0
10
13
0
0
1
12
3
2
2
0
0
0
0
0
1
0
0
0
0
1
4
0
0
1
1
0
0
0
0
0
0
0
0
0
0
1
0
0
0
0
0
0
0
0
0
0
0
0
0
0
1
1
0
0
2
2
0
0
0
0
0
1
0
0
0
0
6
0
0
0
1
0
0
1
3
1
0
0
0
0
0
0
0
0
0
0
0
1
0
0
0
0
0
9
0
0
0
0
0
0
0
20
1
0
8
5
2
0
0
0
0
0
1
5
0
1
5
1
3
1
1
0
1
0
1
1
3
2
0
1
0
2
0
0
1
1
0
0
1
0
0
0
0
0
0
2
0
0
2
2
0
1
0
0
0
6
0
1
0
1
1
0
0
0
0
0
1
0
1
0
0
0
0
0
1
0
0
0
0
1
0
1
0
0
0
0
8
0
10
0
0
0
1
0
0
0
0
0
0
0
0
12
5
8
9
6
1
30
6
4
2
2
5
0
18
2
1
0
11
0
0
0
1
0
0
0
1
0
2
0
0
0
0
0
0
0
0
1
0
0
0
0
0
0
0
0
0
0
0
0
10
0
0
4484
7258
6306
7596
1765
1023
1600
3625
2773
390
7901
5129
6386
7517
5960
1698
5877
6447
418
437
7739
672
8030
3847
6237
5149
5661
111
5402
3732
4521
7094
7011
7591
4618
4950
715
5115
4998
1852
1049
4569
7246
6227
684
7223
7940
825
8188
4628
7205
3959
5385
4453
7673
3083
2212
4594
7419
4735
5250
5402
2199
6450
4022
7584
7592
932
7520
3667
7441
5487
6510
7596
7872
2377
3922
4578
7419
825
421
5024
783
2907
5833
7419
2833
5309
3656
5779
1523
2631
5874
6791
2157
8153
484
5374
1057
4374
5689
8118
4354
2958
7615
6677
170
6929
6475
1177
4082
2856
568
7591
4521
8073
6384
5276
5112
5489
3068
2061
418
2773
1434
2441
4667
4236
3012
2979
6369
5891
34
849
6595
3240
6588
5874
538
5543
3623
7722
7788
1046
250
3010
5574
2676
6417
6075
1105
3443
3806
575
1944
2676
6828
2766
4365
2374
2080
3117
4147
2276
1027
7093
1279
170
5650
3225
4479
1742
3445
3348
702
7592
4229
1823
5798
6053
5874
271
4737
1631
7844
2560
6761
2483
568
6473
2907
5066
7304
3240
1037
2757
1704
6271
7380
1821
5902
5579
4499
4900
3123
1631
6469
7173
4423
1813
2023
5798
1576
1425
6195
1506
3870
4830
3455
3969
6020
6996
2634
3391
534
3240
6384
5450
2023
4689
2645
2489
1576
3068
4089
1063
223
5031
7264
6752
1684
4776
4226
6119
4015
2777
2938
1948
765
1027
3307
4457
7061
1030
2968
6245
7160
6276
5129
450
45
6233
4830
6645
7582
3682
5181
6154
553
7523
2778
3568
6257
3956
2227
7381
4277
3011
3600
1023
1550
4644
5145
5344
7253
7176
7886
5279
3389
1204
4007
683
1094
897
7452
1581
2629
868
3692
4229
3247
6065
5188
5865
6106
3870
5991
5816
7855
1089
5626
7781
7670
4291
1944
2650
2325
7223
5375
7919
7063
1522
7143
8103
3589
4791
348
1012
5997
6618
1554
683
6304
7353
733
1670
5160
2385
7643
1702
7356
6915
6551
396
3851
3443
35
3253
1774
8025
212
6063
7235
1009
574
7491
7995
7584
3835
3402
3959
7397
7021
5683
4323
3218
7721
3049
7990
4649
7518
2169
3838
4047
7386
5266
2109
5805
7692
2732
4569
5687
4867
3401
7389
4350
2127
3432
7086
2070
3326
330
1571
3948
2341
5210
7143
5935
4922
4003
1274
2216
75
746
2072
3467
4678
7381
6760
4111
4916
7901
3402
1969
6635
6553
1224
607
4689
8073
4852
4149
1845
2856
3218
1954
7841
8134
586
7125
5993
1366
47
2179
5862
1327
1476
1590
335
3839
1675
36
4409
5785
783
2896
592
2808
7592
6005
6202
5224
1046
5475
744
390
467
6352
4283
8076
3699
507
1552
372
574
574
2471
2297
7960
5598
2885
3311
7028
7924
7442
6171
3383
4297
3220
7227
4630
7680
7852
1042
471
5453
7484
491
4913
940
6948
5015
7601
6111
5821
942
1243
2717
7234
872
5793
7644
7697
7784
2411
1238
1280
170
4718
4399
6481
3402
7415
990
7415
1661
1597
606
5928
5412
7430
252
3922
3981
6046
1344
3129
6436
2027
1131
4889
1798
746
2535
901
3001
3481
4472
1565
7391
6417
5363
763
6405
3304
5970
3775
3348
4942
12
2136
5693
7585
3127
5510
7232
705
7256
1264
6858
2008
5281
3096
7797
6783
8125
7075
7001
3835
3876
1285
1808
6053
1067
1965
437
2676
1664
7916
5874
110
896
96
2796
2376
6522
707
7067
5356
1344
7460
126
2504
5238
1553
644
1285
5005
5848
1607
1105
978
1021
4949
7258
7011
3656
5779
6417
7391
3068
460
2796
7596
5874
6791
6898
5481
1728
344
6591
5584
5057
4924
426
6405
1117
2394
6136
6476
4613
1450
671
7798
5558
2631
5883
3835
5354
4089
3389
3600
6417
5250
2661
1550
7135
7753
4651
851
4794
740
2688
6323
2030
707
6775
3118
5411
5831
7683
7416
3322
1450
966
1023
6136
3777
2973
7146
756
1357
5594
4710
3847
332
214
7596
5514
675
5453
4670
2489
7918
1085
2895
271
5787
2094
7000
1955
2354
200
5531
471
7575
5326
4809
4272
6911
5346
6045
5644
504
6060
1492
3457
1124
7011
6104
1818
6983
1917
3454
2343
4029
1551
4139
4233
518
7985
2303
6318
1275
2265
1289
2463
211
5881
5948
3083
6898
6426
2305
1900
6091
7884
4294
6452
248
3712
6065
5229
3029
5024
6510
6656
5272
5715
1733
2958
1688
2461
3220
390
138
7872
1021
2186
3004
2673
2711
4352
3878
87
7182
808
8146
7692
4124
5273
3734
1302
2629
1160
4858
600
2639
3186
7591
8153
7823
7064
4569
1739
7236
5643
1488
5801
6332
211
425
212
4816
1822
3224
2049
5511
1563
1124
2114
7246
845
1273
2271
3481
1003
4340
559
2316
6015
7852
2150
1965
7861
5048
6393
4214
1550
5024
3577
4689
2227
3161
4735
2353
5148
7269
6502
2897
6220
266
5376
948
7670
5715
7995
6005
3433
811
6053
1734
957
1312
7279
2419
34
4639
1478
3145
460
7995
3631
5403
1415
3642
3790
6722
6580
3038
3492
908
1531
3434
7424
4525
2496
508
4143
6307
6141
5113
6973
5596
3288
4125
5339
4353
1714
4399
1767
6000
6135
4878
8103
2244
2137
4350
2958
7165
6366
2050
7771
4005
2234
4019
3454
6895
35
7978
1948
7002
5620
1680
7294
1255
2276
7723
7151
5092
7609
4710
5874
6020
5187
3291
5165
7545
7615
1523
6588
6897
288
77
4888
724
6467
5970
8167
8159
2862
7419
8118
6521
1012
1733
2856
5275
7804
7034
8191
1714
5363
2411
7029
5408
2248
7909
7223
7419
6590
250
7745
783
2995
3460
6417
2676
2459
142
3134
3775
7041
4765
1322
5579
4569
4426
1709
4880
7294
2004
1422
5168
6660
2136
5451
1824
2907
6366
2076
3477
3123
1046
5024
4809
4835
2271
5024
114
5507
2732
4194
2127
7194
5960
2285
6089
7872
8000
1965
7722
1559
5973
7432
5247
6791
575
925
6820
7545
6593
1345
5332
3162
2252
3542
7451
5248
5531
5168
4892
6393
5489
