0
0
0
10
9
0
0
2
9
1
2
1
0
0
0
0
0
1
0
0
0
1
3
3
0
0
1
2
0
0
1
3
0
0
0
0
0
0
0
0
0
0
0
0
0
0
0
0
0
0
0
0
0
0
1
2
0
1
3
0
0
0
0
0
1
0
0
0
0
7
0
0
0
0
0
0
0
1
0
2
0
0
0
0
0
0
0
0
0
0
1
0
1
0
0
0
11
0
0
0
0
0
0
0
22
1
0
7
7
5
0
0
0
0
0
2
3
0
0
3
1
1
3
1
0
1
1
0
1
2
0
0
0
0
2
0
0
2
1
0
0
0
0
0
0
0
0
0
4
2
0
0
0
0
0
1
0
0
5
2
1
0
2
1
0
0
0
1
0
0
0
0
0
0
0
0
0
0
0
0
0
0
0
0
0
0
0
0
0
6
0
12
0
0
0
0
0
0
0
0
0
0
0
0
9
4
10
8
5
1
30
2
1
2
4
2
0
23
0
1
0
10
1
0
1
0
0
0
0
1
0
1
0
0
0
0
0
0
0
0
1
0
0
0
0
0
0
0
0
0
0
0
0
10
0
0
418
4094
2002
6307
3494
5596
5514
7053
6481
5191
5222
5684
4621
7049
3600
425
4950
1834
5810
7398
3487
6932
2898
261
542
5551
1057
5445
158
4546
3806
1425
7419
432
5232
3144
7779
7110
2519
5779
2465
1241
974
1810
6320
4007
671
5579
7776
254
4389
2286
4457
3427
7976
8157
1462
4643
4643
2380
4643
7861
1453
320
1349
4448
1217
2975
6996
978
5710
6258
7223
526
1950
5762
1181
6950
2339
4975
4522
7451
900
6167
389
1024
5024
2608
1163
2987
6460
2426
229
4751
6437
6791
4164
1269
3492
1501
6954
2104
5870
2303
7223
6553
7723
5247
3443
48
7188
1049
5454
5643
6587
3740
4880
3096
3953
3095
1304
5982
3785
1823
8030
212
5497
6417
2671
7493
4333
5250
2061
5650
6069
4340
7391
7049
4937
1929
5628
4361
5514
5171
3121
3220
3223
797
1748
428
3575
1090
5633
5000
1075
7484
4491
7156
2410
390
6498
6258
45
6395
4867
1740
3806
2843
2002
2684
2645
7596
6456
7795
32
7269
4812
4670
5738
255
6929
3466
7986
4568
4571
2956
6450
4482
8155
6954
491
1105
6393
5456
6743
1917
2516
4069
820
740
6926
1769
802
1353
7868
5694
650
5156
2459
5945
1611
2557
1043
3004
4933
5322
3402
6973
5730
8055
7256
5945
6438
6632
6791
1270
3469
5933
2747
7784
689
3460
1799
4361
6660
441
6110
2597
3161
3386
4395
1944
7776
169
2193
348
4710
6082
5024
2916
6230
3225
3220
715
3942
4139
728
5408
5419
25
714
5735
7250
6289
1173
6354
3096
3161
2940
7915
6982
1627
2621
2863
7864
4050
5965
6553
425
3542
6588
3942
3934
7424
2676
2411
250
6245
6094
4569
1631
5975
7520
325
3598
1017
650
6996
4499
6937
4637
1382
5754
6808
884
4159
1753
4929
5515
632
2513
2541
182
1047
2803
475
4055
8160
3391
5750
2325
7798
5928
7162
1544
7196
5434
6075
6889
791
7562
68
5737
6132
3759
7963
4810
5737
6294
3226
7942
6736
4303
4880
263
2166
4689
4224
3326
744
4800
2553
4670
6796
1664
2901
3934
897
1698
7593
45
4777
6780
7427
7370
5140
6296
738
5100
6105
7985
7501
4688
1348
5389
144
35
8006
3847
5514
30
2260
4429
389
5688
6361
6168
4952
4867
3240
2066
5798
5594
2777
4660
6238
3650
2727
1691
2060
6114
6717
7500
1894
5492
1339
150
3538
7051
6756
2248
2265
423
7223
2202
3635
2244
5933
7463
7503
4644
7615
1523
5507
7346
3226
5983
7270
3434
7819
5979
3707
7303
5804
6023
1409
5962
5557
2098
2980
4342
4074
7524
5690
7545
5129
1774
1852
8080
5792
8105
7216
118
5779
4475
6677
2284
6504
8159
2148
5787
1862
2779
1956
4662
3318
1440
3648
6999
6134
6281
4694
2428
5687
7405
4055
7223
418
3225
4475
3571
1838
5906
2905
441
5779
5778
6417
6945
4546
3183
5565
5023
4153
4524
8046
3291
3077
317
5585
4310
7411
6714
4083
5442
2193
6150
1185
6541
2080
3959
3454
6415
1434
3348
4793
4639
7063
6041
5507
4302
3704
1237
1623
1805
3197
1346
7093
111
5450
2969
109
6990
3654
603
4366
6588
5798
764
559
394
425
1425
5724
8023
423
1479
7064
5288
5171
2811
2136
4301
1439
6892
4482
4601
6971
7195
131
1073
3066
4172
831
3130
5670
1660
4877
2865
5428
211
5147
6012
7190
3477
2152
4888
5344
1937
1367
5272
2271
6761
2907
6093
575
6204
7697
4997
8162
2559
7714
7185
1972
5871
2492
2979
2262
2794
6903
7088
4070
6415
297
5960
4475
3702
1395
1739
5537
6548
4993
3134
4729
4340
1550
4819
484
1523
7779
133
5630
4153
5627
4903
5164
2606
888
6648
3532
2094
3761
1350
3433
8023
737
4092
5874
7040
6508
7823
7692
4670
5643
6661
3515
1248
3572
8143
3051
432
1155
1638
5399
1735
311
1435
6249
4678
6124
4992
6352
8152
3685
1319
2496
4707
7153
5079
418
396
8159
6777
4238
5643
3741
1774
7884
3391
7492
8000
933
3347
4053
2489
2686
4929
1130
2698
8118
1973
6427
8091
6791
3993
3959
2464
1620
2856
534
4874
7615
4233
3676
4164
1776
425
46
7872
7940
4237
2934
534
169
5403
5168
1075
2907
3259
5695
7775
1848
5670
6022
6780
6791
2513
2405
1595
5024
7575
542
7673
3260
249
260
5279
4670
6053
2958
4710
7918
469
2402
4069
5350
6437
4881
536
7615
3806
1986
2427
1477
8137
7829
8055
7823
1301
4846
4740
4392
5282
1852
3225
7223
6587
1944
3481
3942
3542
1255
2009
2741
35
35
7545
36
1929
5224
4290
5730
4628
4609
7387
7243
2265
3240
1234
3123
7419
3207
1579
4979
7160
414
6384
7223
6060
1944
6307
4326
3123
1094
5909
4007
2182
4950
5476
916
2957
4124
7941
960
601
1823
109
3445
3272
3207
4202
7387
7011
1748
763
2404
4350
4519
7982
2851
1774
4809
6245
432
3933
2166
7592
3413
5024
7962
6262
3168
6820
1787
2676
924
1422
7482
7299
8073
3542
5129
4575
390
4521
4881
2732
6181
2654
2057
5531
1055
6259
5507
3220
3352
3346
3732
4412
7845
3455
6472
3168
3969
933
907
332
4887
6722
3352
6198
1736
4878
4647
4698
1301
1593
6895
5679
1943
3071
5517
1049
167
5531
7596
7190
4410
4294
2119
2104
6321
4812
2166
3196
7911
2175
6053
5873
2607
3363
4651
1989
4934
1252
7442
260
5798
7246
335
4329
3003
5948
2639
2042
7592
2684
2489
7954
4413
5183
7966
4521
4353
1009
484
7861
6334
2285
6761
861
5423
6828
6437
7064
3487
2166
5166
1689
5013
1664
5933
3358
5024
2560
83
1464
2130
698
3667
825
2343
2831
3671
3501
7442
3288
6162
6548
6481
1997
4712
1830
8188
1140
5975
6176
5128
1588
2576
4560
5324
7419
3173
4830
4812
2279
2405
1769
2489
2410
6973
7051
4594
6417
6677
5798
6411
6135
3682
5171
1672
2136
211
4950
5477
6864
4339
2780
7803
4839
4623
3152
6289
4202
5129
4613
6141
1245
2002
2410
1513
250
3287
