0
0
0
9
11
0
0
1
10
1
5
2
0
0
0
0
1
1
0
0
0
0
2
3
0
0
3
1
0
0
2
0
0
0
0
1
0
0
0
0
0
0
0
0
0
0
0
0
0
0
0
0
0
0
2
0
1
0
2
0
0
0
0
0
3
0
0
0
0
4
0
0
0
1
0
0
1
0
1
0
0
0
0
0
0
0
0
0
0
0
0
0
3
0
0
0
14
0
0
0
0
0
0
0
19
1
0
5
5
3
0
0
0
0
0
0
4
0
0
4
0
1
3
2
0
2
0
0
0
3
0
0
3
0
1
0
1
1
0
1
0
0
0
0
0
0
1
0
2
0
0
0
0
0
0
0
1
1
3
0
0
0
0
2
0
0
0
0
0
0
0
0
0
0
0
0
2
0
0
0
0
0
0
0
0
0
0
0
0
2
1
7
0
0
0
0
0
0
0
0
0
0
0
0
8
5
9
8
6
1
23
1
4
3
1
0
1
20
1
0
0
12
0
0
1
1
0
0
0
1
0
0
0
0
0
0
0
0
0
0
0
0
0
0
0
0
0
0
0
0
0
0
0
10
0
0
3835
8160
6799
1787
2663
5903
6065
2252
649
7350
4750
2968
868
527
4142
3118
3378
390
2684
6588
7984
1129
5402
5079
6384
3173
1803
7901
2678
1331
1680
390
7205
6660
5701
2325
6549
6295
811
6776
3124
3648
3830
4084
2179
4988
1773
1570
1633
2738
7320
6164
6635
2260
4338
2843
2124
1345
7518
1774
45
5594
3477
1488
592
4242
6249
8187
3506
5948
365
3810
4890
2299
5125
6304
7697
8126
3221
4034
1599
5819
563
4755
3477
916
820
6645
137
5689
2283
2791
3741
4809
5898
1700
6656
1147
3229
4294
1057
4318
6680
2714
4655
6928
5178
2360
5101
6882
5927
7455
307
6633
2393
6352
611
5120
6895
4329
1067
5350
6012
5012
6761
2489
7901
5743
48
7520
5920
3795
3092
1015
4715
5078
2778
7311
5848
1545
6907
6020
8177
3664
4633
646
7683
1352
7450
995
5531
1158
5223
1864
3263
271
6085
4361
1595
2684
4341
1472
5636
1675
7178
2557
3238
2904
3206
4700
5448
1350
366
807
3294
1428
6990
5346
5162
7569
4058
4237
5092
3732
4685
3588
4070
7459
1962
214
5248
7235
1312
2830
98
4424
3641
5957
2107
7759
4510
2535
7079
2171
4426
7031
8150
3712
6992
2604
6057
2076
644
1757
1600
7739
1544
5975
4623
6717
4216
7419
4628
460
7211
5163
7235
6227
6677
6384
4365
7500
8119
4887
7325
1317
3263
3947
6259
3795
5586
4080
5863
1851
2893
1347
5778
7034
2915
3775
3184
7154
1576
2136
390
3586
6958
820
2709
2214
2661
3497
6567
1183
1822
3669
2950
5593
4276
3148
7982
403
7837
6753
3197
7881
3672
4070
3600
2016
7643
1949
7940
7434
1395
4103
4492
1023
4900
4310
857
1050
7745
1023
3109
1667
4946
1705
3049
2613
4942
857
4899
2144
1757
2381
2774
1986
6485
7143
7491
5738
2376
4268
5472
1651
4710
1129
951
7227
7913
705
1308
4215
28
5886
2501
3192
7612
5160
7438
1757
1916
3280
5793
134
1485
2770
7113
266
553
2811
5833
7011
1232
1873
6413
5997
7419
7982
2979
6756
2840
2868
4155
6320
2354
1988
2833
5046
6242
1503
3078
2723
2079
2375
3708
7847
6837
5302
6918
5040
7399
2271
8080
1716
6623
4425
1089
3741
6818
1224
4609
5250
7582
2999
3541
5077
1709
920
4361
1784
8100
1555
5080
6152
3011
6596
5709
4925
6372
4115
7991
6198
721
6650
1342
2607
6256
1817
7405
3071
2257
7148
7583
2645
1539
4525
3816
8078
7806
4491
4270
6215
5449
1140
3331
199
683
5291
6755
7337
2700
536
3143
7079
6437
541
2578
2949
5714
7901
2629
7615
7940
4448
727
124
7745
3145
5048
2630
3490
5997
5412
4475
783
5689
1433
6325
764
2155
8075
6305
3452
5024
1550
1932
5624
7012
2130
8086
5024
6553
897
6395
5798
5364
1965
3416
3600
4348
2328
6698
7585
1003
5248
3651
4170
4460
3158
1550
3542
960
5133
3755
7757
2327
1129
3106
1312
26
2022
6281
1717
6796
3022
7887
2533
5385
4623
8080
5020
3533
2887
508
7074
5012
2426
2123
7913
8127
2894
4580
5412
3483
6041
5733
240
6691
5804
48
3038
1248
2712
2272
6369
722
4950
951
7926
8157
6170
7665
665
2015
4033
1532
5652
3904
3661
165
2442
1073
2825
1057
951
7823
297
1924
6414
845
5997
432
1319
2137
6015
1492
6508
1453
1576
4708
4632
1787
2896
3588
2576
5166
33
7326
1686
4867
7615
4703
7371
4683
8004
2741
5920
5975
5130
4602
285
418
825
4858
248
4524
6451
8112
2002
4729
2553
390
2558
4670
6245
1786
7227
4881
3577
7282
5891
7872
6354
5088
3717
6134
54
527
6810
2847
5395
7931
8091
6623
3353
418
3960
7371
2831
6775
1345
7188
1289
6104
3732
4867
592
418
6193
3263
6042
7295
6307
46
5546
3171
273
7062
5737
7318
1020
4953
132
3343
1227
3763
1934
5013
2377
4581
1724
1513
8118
7207
8191
4412
186
5561
6258
4605
921
2066
7451
4507
744
903
4166
6518
4437
409
2327
3024
2188
3878
457
3197
6033
5416
5110
3599
5874
4345
4294
6889
3769
4147
5176
3993
7451
592
2896
6635
4644
825
2466
7138
5867
4003
752
2981
7666
7735
5938
4749
7089
574
4153
1618
4495
1259
4097
6224
6447
7844
6193
1114
5832
3589
7670
6481
4317
682
2896
340
7615
6359
3992
3676
522
7940
6591
6999
4517
1340
6501
7749
1507
7674
1139
1989
3047
7726
2352
6447
4689
6973
1631
5160
515
4727
3212
6954
921
3389
7451
1087
11
6445
4497
2717
5428
4478
3749
2887
3531
4308
3980
4219
4903
4297
7990
5804
3473
2492
2724
6490
5102
4294
2130
6552
6994
1620
7389
3260
2182
486
5214
1576
753
4575
4766
632
2376
1117
7903
4080
6862
3198
3158
6918
7997
8048
4005
7797
7722
3054
4166
2124
4533
3229
1235
6366
4027
1664
2896
6258
6635
1944
3572
7798
2467
5113
4475
6677
3959
5031
3519
5151
3786
5743
4645
397
5438
8081
252
5123
1430
2262
3978
96
3533
4236
4270
3600
4835
7670
82
4670
5623
5576
721
2684
7520
3911
6677
3542
390
1565
7726
2291
995
5537
484
7266
5341
4782
344
3433
5188
7562
5289
2271
1620
7673
425
2410
5482
4689
3055
2916
4835
5701
1857
657
959
3524
7484
1155
5798
7753
5937
4007
744
3263
1562
245
2591
3764
7814
1396
2140
772
1464
8030
7755
5275
4867
232
3584
6677
7592
369
6945
1978
1331
4568
2130
2494
6635
4319
3561
3224
3358
7613
925
4390
6732
5819
6536
7283
638
4390
6040
1857
6776
744
3986
4498
4735
592
508
4729
3682
5561
6926
2464
592
2678
369
6639
3835
6552
7033
6307
2219
959
3849
3445
3068
2702
2041
2856
4523
7063
7398
7188
7861
3416
1965
2916
2372
3594
1057
2219
1931
6320
6332
8080
6553
7871
7011
2279
8025
1803
7033
7011
4491
6003
1774
7588
5874
764
6041
7229
4340
7901
7592
5092
6932
3614
6864
4892
3580
7986
1864
3167
5229
6948
227
1620
7405
2066
