0
0
0
9
9
0
0
2
10
1
2
0
0
1
0
2
0
1
0
0
0
1
3
1
0
0
3
1
0
0
0
1
0
0
0
0
0
0
0
0
0
0
0
0
0
0
0
0
0
0
0
0
0
1
2
0
0
0
3
0
0
0
0
0
2
0
0
0
0
4
0
0
0
0
0
0
1
2
1
0
0
0
0
0
0
0
0
0
0
0
0
0
1
0
0
0
7
0
0
0
0
0
0
0
25
1
0
7
6
8
0
0
0
0
0
0
5
0
0
1
3
0
4
0
0
1
0
0
1
3
1
0
1
2
7
0
0
1
0
0
0
1
0
0
0
0
1
0
2
0
0
0
0
0
0
1
0
0
4
1
1
0
1
2
0
0
0
1
0
0
0
0
0
0
1
0
0
1
0
0
0
0
0
0
0
0
0
0
0
3
0
8
0
0
0
0
0
0
0
0
0
0
0
0
11
3
7
4
5
0
31
4
4
2
0
0
4
17
1
0
0
10
3
0
0
1
0
0
0
1
0
0
0
0
0
0
0
0
0
0
0
0
0
0
0
0
0
0
0
0
0
0
0
10
0
0
8073
3405
4729
6645
2764
2459
3851
410
7798
2333
4456
6377
1049
1841
737
7680
7702
8000
5273
4561
3348
1506
7056
8191
7219
1364
6828
2986
4146
3225
3159
5960
764
704
6740
1544
5833
635
1023
5020
2152
7294
1039
7214
5276
2372
1440
1346
2881
786
3602
8064
4477
285
3832
6578
5726
7424
2968
2092
5019
5428
369
5489
5187
5507
2279
8081
1050
5020
672
1012
6587
6619
1472
6735
7135
4280
1327
4295
1043
6721
1043
6163
1090
6481
5810
4847
5451
2513
2663
4457
5985
7613
1856
4880
6889
2425
2441
2831
6233
7185
7384
2892
4183
2401
123
5332
5241
2061
310
8000
2164
2894
1581
7982
4047
7921
7739
5376
4290
2780
2925
3832
4192
1527
2968
749
6176
5971
1536
5024
4575
5024
1462
5739
8152
457
5762
976
4297
1103
7570
2892
8021
3684
2791
1285
6864
2973
4628
7048
6144
5653
5581
7665
7806
7518
5250
5588
6076
6975
6450
1003
1949
1103
2737
3482
6639
6981
2634
4233
657
5833
2696
5163
5964
2668
7324
5333
6120
6192
737
3413
1822
6452
8004
5122
1358
5227
1774
6708
7419
7223
5517
2831
3134
6202
133
7070
1579
4670
5520
4330
1234
3722
5898
4214
4914
7583
951
1830
2799
1661
7444
4464
1582
3428
2261
5215
2916
2843
4050
1046
4594
4030
6810
5531
4339
3229
3161
6895
1046
2831
1479
852
2009
2903
5544
8025
1774
8143
7078
1850
2042
5833
7360
5803
6889
1434
3821
6263
5971
206
325
4202
2379
3405
6473
6369
186
5106
4574
4536
6222
7851
7546
5086
3394
3996
4562
400
4481
4698
488
6311
2229
1810
5888
3849
5636
753
2512
5713
4927
5718
1784
4880
1932
2379
4729
3755
5956
5797
8027
745
850
1509
779
3510
5380
7962
4740
4640
8031
91
896
7015
897
1244
8106
3676
1522
1428
7803
3117
6479
1367
7887
5750
1209
4952
4388
4610
7991
5737
6811
1973
4814
7024
13
4617
4457
4793
1639
866
7723
4998
4493
5220
4971
5839
3847
3668
1989
1315
7172
6478
2791
1236
1345
536
4484
6057
6209
1742
6785
6952
3924
2589
6807
4128
403
4752
8162
704
5434
6144
3666
4223
7626
2421
3785
2838
3597
857
5115
5561
4237
3700
7573
8069
2805
5522
1914
2038
4906
6842
3340
926
2281
497
7791
5845
3678
5328
7490
6416
98
3560
60
3047
6256
234
3121
7994
2074
4722
4293
8030
1970
4998
4019
7034
6045
3617
1347
2475
5109
3130
1389
4188
4466
3026
3170
2780
7557
4096
443
5519
7469
1852
4939
1865
5529
4916
698
4146
6377
3517
4995
4833
7118
6818
284
216
2281
640
2628
3981
733
2379
807
1507
4518
2200
7825
3819
1800
6372
3183
483
5948
472
4224
7269
4372
5476
6937
2657
6510
6422
7594
1569
4091
7580
4486
6592
5144
1138
4993
6010
2394
3578
6210
8152
5238
1401
2205
5005
7805
6692
2000
303
2991
1943
7148
4812
4880
4412
1038
2610
1969
2061
6948
3542
599
1199
3307
586
6419
5745
2240
4397
3066
4527
6572
1130
7567
3544
3325
2454
791
4062
5684
7542
3742
750
1367
332
7823
219
4110
7768
7190
2958
5540
7745
744
3540
5762
711
5836
6412
2014
6536
1226
3295
2780
3989
6662
6034
7420
1330
5358
6040
2155
78
78
7034
5374
2110
2684
4794
6858
3994
5997
2958
7371
5654
2572
6522
965
3321
8038
5126
3225
7688
1356
4620
3397
6318
7371
501
3272
1025
1843
6425
1314
6750
437
2049
7219
7795
7484
3271
5738
320
4350
3988
6583
1021
932
7229
3916
7990
7857
2969
5129
5004
6648
502
5662
5547
5035
2743
5868
6827
5001
4823
2014
4130
5279
4029
3860
5206
6613
2137
565
5172
3416
1450
3847
3159
3475
5322
7781
400
5536
985
829
3415
1949
7419
1150
6448
6664
5866
944
3376
1680
3123
4932
5232
1794
4605
7028
4448
6553
4115
1683
8001
851
6141
5682
6735
3051
4017
1925
2661
4771
2279
2308
4852
6799
7497
1017
4905
7593
7863
6284
2225
297
5739
4740
851
3851
7194
5867
8075
6135
374
4353
1600
1395
7398
411
4005
1091
3870
6141
7188
1699
8
1158
7887
6818
7952
4804
1234
1042
1774
7940
4475
7852
1513
6069
7587
5821
6767
7845
109
6441
6320
8
263
263
5066
8167
4524
2202
1353
4303
3942
3959
8023
6735
1467
7625
4621
1750
484
7470
2303
2745
2808
3980
6571
7675
3229
2663
6719
765
3271
1217
931
6989
1823
5906
6828
5811
6945
6914
4112
1087
4796
5172
414
5048
1839
594
4526
5475
407
6889
939
20
5945
3890
4264
1048
3897
4183
6479
3634
5128
3666
3460
3963
303
1890
6983
5923
5184
4350
1024
2137
3348
6198
4964
7916
7415
3117
7154
2248
1752
8004
4415
1232
1881
2219
1581
4312
1836
6518
5198
6440
2540
5326
129
3611
7747
5636
7854
3762
6437
6222
6437
541
6776
8093
6945
932
1713
705
7304
8136
4538
3506
5332
3229
6508
1856
6227
5778
7376
913
2479
1027
2366
348
7872
4475
6422
3775
819
7976
7922
4906
1799
1046
4349
3487
7919
3229
1520
705
7882
2772
2354
2622
5794
2922
3196
2525
649
5517
6064
492
89
2938
7721
2650
1425
2080
1664
7776
4374
689
738
7056
6199
7196
1442
536
5350
3968
4914
4526
5595
3077
4927
7416
1787
5566
4015
928
5220
7583
2903
6989
4050
4368
7463
6668
6791
4478
4594
402
2810
4640
6563
2150
7507
7135
1034
3599
7877
4341
6089
8103
6735
7849
7122
5112
2089
7662
4192
2577
2733
6404
3646
504
3457
5840
5749
214
4914
7665
4233
4942
4640
2418
6845
2532
6437
2166
3451
888
3749
2405
6827
7546
2840
4139
1631
1017
6354
33
1928
3597
4039
1488
7418
2654
5975
63
2976
7332
2676
3220
7778
1153
8191
5131
7323
2887
6183
5171
4467
6216
964
3068
2002
2130
779
7413
4737
5376
8125
7260
2635
2677
6249
1863
6386
5332
480
7595
6130
2479
1962
3941
3394
3671
5398
2283
1733
3623
5255
6068
5519
6971
1805
