0
0
0
10
8
1
0
2
10
3
3
1
0
1
0
3
0
0
0
0
0
0
1
0
0
0
2
2
0
0
0
0
0
0
0
1
0
0
0
0
0
0
0
0
0
0
0
0
0
0
0
0
0
2
1
0
0
2
3
0
0
0
0
0
2
0
1
0
0
5
0
1
0
1
0
0
0
0
0
0
0
0
0
0
1
0
1
0
0
0
0
0
1
0
0
0
8
0
0
0
0
0
0
0
24
0
0
8
7
6
0
0
0
0
0
1
5
0
0
0
0
1
4
0
0
0
0
1
0
2
0
0
3
0
3
0
0
1
0
0
0
1
0
0
0
0
0
0
3
1
0
0
1
1
0
0
2
0
5
0
0
1
1
1
0
0
0
0
0
0
0
1
0
1
0
0
0
0
0
0
0
0
0
0
0
0
0
0
0
5
0
7
0
0
0
0
0
0
0
0
0
0
0
0
9
5
7
8
5
1
28
0
1
2
2
1
3
21
0
0
0
10
0
0
0
0
1
0
0
1
0
3
0
0
0
0
0
0
0
0
0
0
0
0
0
0
0
0
0
0
0
0
0
10
0
0
79
453
4740
1570
1587
5994
1570
3085
7011
7244
5325
752
2496
4291
5998
3778
7656
2429
1706
7070
4689
1290
2345
5027
389
4498
7138
7584
4477
266
5810
5351
5778
1162
3724
6240
2508
7214
2059
6135
7545
4361
4613
5425
5997
7910
3732
3457
4467
1748
2486
2197
3899
4116
3155
3330
2479
3477
5812
3813
4353
3541
217
6141
1295
394
5290
2252
6188
5292
3433
2916
8080
5376
2119
6289
5743
6495
6321
1733
3923
320
3530
2967
7906
4477
1409
6497
4280
1339
6203
6768
3577
6393
7464
254
7242
8111
4788
6941
7301
3993
6735
5376
7155
1591
6776
5382
5185
8048
6276
5102
2443
251
2547
3721
5783
6403
6875
3325
1036
4384
5560
8168
6167
1709
857
6895
7411
1024
8100
5608
607
3443
2114
1842
7811
3092
6760
3364
3504
4710
1680
3245
5997
3376
1193
6602
344
1520
7985
4879
5264
2174
3078
7495
7318
48
722
7056
797
4204
4406
1367
4676
3159
30
5363
6437
4740
5709
7216
5185
3893
5282
6000
7699
1739
4675
4422
7284
8126
2928
1162
516
1760
6614
5346
6873
7570
5232
491
3368
1187
3159
6598
4053
3667
1362
1823
3457
2152
1027
4569
3854
7269
4479
6122
2665
4072
3848
5940
2726
3486
4080
5815
2137
7514
6710
2021
3682
4294
6082
3121
5954
7118
6125
5020
284
5145
1767
5095
4340
5095
8094
2164
2934
2279
4561
4700
4816
1608
1199
8156
4482
4661
4422
5741
1204
6990
2700
778
390
7997
1600
4615
6712
2678
2774
632
1483
1160
6820
6015
7432
3177
783
1698
6189
1830
3159
932
6244
1585
7851
640
7064
5162
7566
3881
5644
4749
5867
2050
26
8048
4339
4771
2513
1639
3188
238
3893
3927
3367
947
310
4702
7901
1672
3196
6705
3161
7398
2408
2563
6253
6614
7257
7819
5630
7775
3060
5133
1413
1637
1009
4339
484
4812
2937
1882
5372
1932
2031
4009
1362
1042
865
2066
1155
411
332
2597
1362
6366
7246
3432
6837
4059
6272
55
904
4526
4840
7130
2667
3551
1430
3571
3198
6188
6482
1888
6246
1494
1816
851
4033
7064
7810
5579
4594
7205
1009
4009
7010
5129
2057
6476
6448
2630
257
6071
714
6247
887
6463
7879
2242
6308
6256
2215
3682
5566
6653
3639
5144
7167
3504
2737
217
6124
7301
6068
8138
5915
7181
5919
6365
5186
2316
6907
1989
932
363
7915
7303
2093
1063
5732
1346
6643
7896
4500
8006
1228
1849
770
6758
7321
5403
5514
6082
2553
4467
5642
6622
690
6143
7561
3356
6801
5138
3226
1441
4789
3523
4377
1905
7281
5298
7855
6682
805
7084
6538
5142
4498
531
496
1570
7694
5332
255
4835
4129
7892
4870
4377
6017
5259
6745
2029
4174
184
1851
8172
391
1422
2277
7257
5118
6276
5398
4373
6418
1765
4950
4472
7829
48
3517
6274
5938
568
6041
7454
6514
7664
5510
2911
7400
2149
983
886
2743
6861
1614
4725
2389
6627
7570
2543
7496
5225
5923
4817
2428
7466
5024
47
6377
6660
4482
2727
3010
5013
2840
3921
5026
5372
4855
4970
7430
4396
6873
7867
6528
3768
7353
2957
5888
5328
3037
2429
4396
5631
8119
3135
2836
5311
8048
2922
6164
6458
5457
2624
421
4372
6683
1587
1382
7985
3257
628
1266
4632
132
6839
3340
1800
5492
3209
3193
3504
5549
1683
7166
3288
1464
510
1712
3453
30
5636
466
2411
6498
2868
2405
4735
275
2363
2177
5058
4750
3849
6129
5350
442
5078
457
1546
3639
7252
7273
2637
2968
5
1733
7995
2142
1531
7645
2715
5798
1595
7940
1519
8091
783
783
2080
5530
4919
6712
2979
6802
3102
1110
3294
140
4890
39
6853
5700
1668
2409
3546
1328
132
2810
825
6823
3644
2796
4202
1944
6002
1680
4771
4530
6104
575
7901
7014
1033
7256
2039
1180
1435
6920
6251
7305
7486
4273
3841
1134
5856
6204
2693
5712
1436
3003
390
6271
3642
5220
4809
5715
4413
4094
7227
7011
6263
4874
4152
7468
5565
5787
2765
4313
4940
1682
2602
7304
3809
4944
2965
2433
8144
4124
7192
557
6590
3572
1769
2737
3557
575
1988
3490
8047
4448
978
2421
1105
1494
2513
7264
7874
4830
510
3003
6873
6092
5937
7414
7825
3582
2589
5585
5793
4426
6860
7896
8073
3057
1672
7901
7806
924
3224
5537
2773
7214
1958
7852
3196
2916
5204
5523
4344
7364
2557
3971
6427
1699
1266
3153
92
4590
1671
6892
6326
1389
2107
826
5231
1997
1281
6796
4707
6454
30
5452
4867
6498
2663
2459
5020
2002
2104
4452
955
3385
8059
4724
7512
6928
4732
967
5201
1916
5420
4895
5853
6299
4928
6328
7519
4667
3732
5285
7011
6950
4796
6144
1579
7517
491
4809
3166
5492
1057
3942
4265
5848
3973
2671
4800
6709
4676
1461
7921
696
4171
5633
3093
6209
3258
129
2868
1709
2013
614
5744
3348
7995
3391
5160
6262
4796
5322
3326
6000
3391
2591
1311
2103
3453
5702
5785
5359
778
3245
2559
5977
1694
7804
2996
2103
5968
491
6041
4934
7507
8055
2896
88
3834
4099
7722
973
477
6000
255
591
4526
4800
1188
246
2536
6064
7838
7080
784
7095
3575
6308
5888
363
3308
5719
5331
1207
7753
5364
1376
6245
7236
1209
4751
8176
4700
2831
7739
254
7491
411
2442
1670
7901
1280
7312
1233
6401
5260
7264
1740
7595
6567
7881
4285
4732
2973
5891
6732
7398
5470
845
2541
6053
2684
7492
5398
1522
5798
2773
7877
1428
3575
5450
3747
4718
1279
3529
5802
5883
6544
155
1036
6427
7970
4919
4387
1251
5927
2645
2817
4294
7617
7250
434
649
925
466
5620
4708
5710
6914
4232
4270
2219
7506
116
2676
1944
5848
2601
1530
7172
7496
4870
8005
831
508
2516
7683
5608
2166
4194
966
7034
6478
2464
1029
2654
4722
1244
6121
3291
4766
4887
705
1584
1004
897
348
4575
2066
3004
3010
7225
1060
8125
783
2260
5377
2684
5537
4857
137
4934
7773
1650
1997
2907
6082
1965
4926
7940
6132
