0
0
0
10
7
0
0
1
9
4
2
1
0
1
0
0
1
2
0
0
0
3
3
0
0
0
0
1
0
0
0
1
0
0
0
0
0
0
0
0
0
0
0
0
0
0
0
0
0
0
0
0
0
2
1
0
1
2
3
0
0
0
0
0
3
1
0
1
0
5
0
0
0
1
0
0
0
0
1
1
1
0
0
0
0
0
0
0
0
2
0
0
2
0
0
0
8
0
0
0
0
0
0
0
19
1
0
5
6
4
0
0
0
0
0
1
1
0
0
0
0
1
2
0
0
1
0
0
0
2
1
0
2
0
1
0
0
1
0
0
0
0
0
0
0
0
1
0
4
0
0
0
0
0
0
0
0
0
4
0
0
0
1
1
0
0
0
1
0
0
0
0
1
0
0
0
0
0
0
0
0
0
0
0
0
0
0
0
0
6
0
9
0
0
0
0
0
0
0
0
0
0
0
0
8
1
10
5
4
0
26
2
4
2
0
0
0
18
0
0
1
12
0
1
0
3
1
0
0
1
0
1
0
0
0
0
0
0
0
0
0
0
0
0
0
0
0
0
0
0
0
0
0
10
0
0
6396
7520
1076
7940
3240
5332
5290
2325
4920
1661
6321
8006
3085
916
255
7229
2892
1155
740
6932
3353
6384
5412
3600
3260
4089
3468
6590
4712
348
5549
8094
1944
4809
5419
425
2726
1067
7154
7448
5689
4103
5877
3224
915
5248
4525
1105
725
4708
2284
2277
2616
6104
6157
7551
3927
7619
1352
6635
4914
960
832
2607
4867
7563
3541
6262
4833
6685
387
1365
1842
3186
60
1217
6760
6104
4099
3254
3469
684
369
7149
6035
5951
1289
3704
2276
5791
217
6469
5071
5024
3188
5130
4089
575
6384
4539
4305
254
5682
6985
3896
5176
908
7691
343
1740
3245
6009
7592
3391
785
138
519
4294
3666
2697
7710
3373
2309
3260
6258
2513
1672
5735
6552
4065
7582
4347
4505
7138
575
423
3144
5873
557
6876
7282
5725
1931
7926
5272
5344
7820
5091
1273
3257
34
1601
6256
2892
6635
5779
4089
7333
390
3741
744
2684
6645
5264
8013
310
6139
649
6582
7711
5166
957
3288
2463
2271
783
2558
2494
2293
5478
3086
2707
7694
3407
492
928
960
3888
5120
5275
4718
2068
7806
4753
2948
25
1814
7214
1900
2489
7491
2277
6488
2541
7256
1046
2080
6982
204
6565
3309
844
252
2682
6887
442
2466
4301
7548
7419
3959
4291
6089
2639
7566
60
1715
1441
2801
7221
6124
2178
1850
7620
6356
1821
6438
5997
5097
6962
1851
7300
3990
6083
7261
496
2308
6559
7270
4218
7064
7153
5715
249
4011
2405
4147
963
4503
1027
6535
4651
5920
2471
4840
4590
1097
7716
7160
2868
6387
3689
4429
6943
5269
2132
5780
8126
6401
3611
3078
368
1699
6799
5275
5020
2684
5322
8004
6397
843
1601
678
4295
2672
2405
4214
743
7106
486
6384
1856
4633
6819
2682
3366
7084
6728
2671
6710
3878
1695
5452
69
7517
4389
87
1598
4264
7012
4524
4925
983
4003
2310
1147
6396
5272
1607
1631
6989
3979
2865
3833
494
3833
1647
2766
6742
1919
7685
6057
2163
7386
2308
443
5246
3191
4482
4172
5922
6649
1836
304
2903
4851
6785
3047
5790
5412
1786
4888
3109
1993
2698
4362
1007
4283
6842
3336
5543
3495
2486
8179
3695
3118
2342
366
6427
2342
1899
2987
5542
2558
1365
1048
109
3599
575
7642
1660
4454
4406
5344
6053
4512
6131
6514
1805
4526
697
2927
6990
8081
7518
406
1527
1638
5584
4517
55
7018
7447
2986
3481
4217
3264
5264
2002
998
5451
1450
3287
662
3427
2047
3480
5813
730
5958
5426
4048
743
1783
908
4209
1061
2765
2041
5238
5154
1187
6400
3397
2273
843
765
1997
5780
1778
7110
5594
1224
5935
2733
6313
3642
2354
730
7247
603
7386
6977
1440
5657
3191
519
1546
7057
331
4916
3277
2006
5867
453
2159
1783
4688
2849
7094
4011
2411
5283
591
6041
7190
1672
8018
3433
4079
4303
6782
4400
66
2436
944
7535
952
1302
6667
1672
6484
995
4229
6308
1327
2982
3229
1784
7547
1063
4753
4329
7915
1488
6447
7798
4202
2854
5382
1395
615
6202
4372
7749
5739
929
4306
6690
5942
994
8000
6493
1233
6261
540
4330
7858
239
2395
3950
3962
5145
4472
1617
727
515
7437
390
6980
703
5332
4312
5725
2850
844
4471
6837
5590
4526
2734
7428
5871
5007
3822
3786
3764
4722
2252
4024
850
4602
3611
5945
390
4290
6012
7134
899
6818
2080
3184
3589
933
5276
3455
6583
4067
4686
7264
659
5871
6124
995
5123
3911
4509
6220
5743
310
5584
1385
4750
684
6860
253
5222
4792
6521
2491
6021
7075
522
4524
3077
2229
6104
534
1048
932
491
5043
24
3283
5519
8175
6612
4526
64
3937
1900
4911
609
7886
6999
7881
7411
581
4859
1595
5095
6521
2401
1962
4874
358
1581
7982
6262
2377
1941
7995
6795
3427
4672
5382
6609
6362
2563
3013
5769
5069
6648
2996
6277
7907
2164
50
1225
8072
6886
1739
6369
7214
3120
5077
8075
5419
5896
6082
3577
591
169
2260
5824
5361
1424
4929
2456
6111
2085
1973
3490
687
7837
3622
7629
3051
7006
3519
1612
2825
4734
1243
4538
666
6508
6895
7893
484
1584
684
924
5245
6950
7910
3726
2684
467
2436
4373
1387
556
6798
123
4451
3121
8190
776
1494
1777
1141
5550
933
5125
285
5088
3292
5839
1287
2620
2032
2152
6415
5627
255
1062
4291
715
6358
3790
5980
7140
1740
127
5341
6157
7720
6251
3904
6045
6660
3733
3130
4490
7399
132
7986
656
6065
6450
4047
8036
4452
2788
7116
5314
2868
4291
5482
6950
568
5520
3361
1322
5545
3276
6138
4526
4554
1126
5186
1228
650
5377
1561
2072
2603
1900
1448
390
1155
6656
6508
7545
5742
4700
5430
7135
2303
7882
899
2219
5048
4361
2887
7482
4851
5877
5922
3836
1056
1087
1037
1651
6750
4507
7301
3542
5031
5871
3986
8048
5374
4353
639
393
2080
4703
30
5877
1631
7492
2610
5982
7582
7757
5619
8153
5853
5332
3443
1029
5144
1435
5338
6070
5250
4341
7012
2494
5735
3574
6253
3389
851
2979
208
5020
4472
372
1895
7520
5332
3443
4238
606
7143
6299
2343
6553
7136
3055
3077
5066
5403
3631
765
2816
5619
5530
899
4707
744
2059
2920
649
4202
6289
4822
2272
3886
4202
4165
7034
5339
3405
1295
2464
450
7078
6384
6384
6363
3280
7739
109
4950
3667
3123
2284
3542
5279
3504
686
3253
45
491
848
1307
7867
5264
5106
7753
2678
559
5928
2059
4639
3599
1430
5024
740
949
5687
6587
5899
2277
4619
3942
4856
1453
5731
5997
5608
6831
3401
6892
4350
7143
857
1129
3998
1633
7256
3376
4274
5171
4735
6677
2676
2411
6104
7277
3631
7389
208
1395
2260
1254
1129
2358
1870
4465
591
3666
5178
2788
7426
8159
3358
4975
3096
4294
3253
1288
61
5891
1748
1424
4618
4880
2002
5574
4914
4914
6384
2285
7872
3220
7922
6108
6740
3096
4489
4317
4008
7598
3973
1998
5273
6724
5339
6141
