0
0
0
10
7
0
0
2
11
4
3
0
0
0
0
4
2
0
0
0
0
0
1
1
0
0
0
1
0
0
0
2
0
0
0
0
0
0
0
0
0
0
0
0
0
0
0
0
0
0
0
0
0
0
2
0
0
1
4
0
0
0
0
0
1
0
0
1
0
4
0
0
0
1
1
0
0
0
0
0
0
0
0
0
0
0
0
0
0
0
0
0
1
0
0
0
9
0
0
0
0
0
0
0
20
4
0
12
6
2
0
0
0
0
0
1
7
1
0
1
0
1
3
0
0
0
0
0
1
1
0
0
0
1
4
0
0
1
0
0
0
1
0
0
2
0
0
0
1
2
0
1
0
0
2
1
0
0
4
0
0
0
0
1
0
1
0
0
1
0
0
0
0
0
0
0
0
0
0
0
0
0
0
0
0
0
0
0
0
6
0
10
0
0
0
0
0
0
0
0
0
0
0
0
12
1
11
3
2
1
29
0
5
3
2
1
5
17
1
0
1
12
0
0
0
5
0
0
0
1
0
1
0
0
0
0
0
0
0
0
0
0
0
0
0
0
0
0
0
0
0
0
0
10
0
0
3402
783
7592
4630
4481
1062
4727
1090
7389
2684
5507
6581
245
6200
3198
3410
7323
5785
7906
6605
3488
3176
92
483
6695
4998
2336
7506
5701
2071
1103
255
7051
4361
7910
5272
5130
3002
4426
2137
740
188
3692
5365
3784
2164
7993
227
4097
3458
7425
4142
4495
5573
5920
5117
477
1614
2272
6722
4598
4339
1856
6320
4238
4851
1105
7640
5687
6053
7223
4319
2538
3446
4633
227
1749
3804
7476
7052
2385
7166
3340
507
4130
4783
4511
2360
6351
5311
7086
6475
7887
3244
3439
5584
1948
437
7913
6396
4608
6447
4475
4139
868
3343
5544
4373
2159
6019
245
3850
3197
2082
5800
75
3946
7880
2155
7386
7355
982
17
591
2558
6926
2442
7158
1814
5982
4094
5344
6645
4140
3322
4517
6387
7860
7031
5454
3397
3276
1458
6659
4001
1963
4469
8158
2102
7441
6275
999
712
8084
2249
6607
1302
5715
227
1748
2405
6520
7940
4237
6409
1434
4350
7492
4490
5515
5297
2353
7178
8147
6365
6023
6555
1169
1025
3496
4752
5036
4358
1783
5793
6323
4872
3275
7457
952
4600
2780
1155
6202
1272
1554
4339
5739
3588
1769
3012
1604
5589
7965
6731
3777
4672
7934
3255
711
7356
118
7443
933
7020
4911
967
5225
7559
2148
7361
2649
1105
208
1291
5636
289
7845
6895
6141
4009
3723
7840
2093
843
4425
4741
2308
6811
6134
325
679
5984
5522
442
143
275
609
4495
3393
7662
7895
4350
6654
5183
7722
5185
5507
1768
3205
1415
3732
3481
1162
5790
6468
1844
3069
6349
6412
2067
602
6252
7675
2112
3286
4678
6485
2194
3191
3180
2783
823
4280
6708
30
471
3804
1824
1550
5579
5520
6929
2741
6141
1160
2584
6224
2024
3594
2942
5059
5228
2727
1978
7008
5176
5400
3847
5167
990
75
4232
7140
5865
8012
2155
951
3769
2119
4809
973
3959
704
6041
7162
675
4361
7116
2162
1047
725
7840
311
7727
8003
7562
311
2247
6045
6301
5800
6409
294
7805
2543
6345
5240
5044
5234
6417
5113
5998
4207
215
5945
4858
7872
827
2780
959
3168
4827
6259
3900
3678
5231
5250
2444
1193
4080
1439
6234
5566
6325
6665
7333
7411
8145
6496
1039
118
3876
1774
6818
3888
5874
4569
2773
5868
4291
2411
4448
5902
6384
4042
5117
7851
5547
6745
3349
1204
1168
11
5061
3045
1485
3249
2253
1201
7256
3838
2366
1163
2283
3515
3631
5288
2736
5220
5786
1003
7143
740
6041
96
916
399
7103
7141
6095
4610
4584
6392
8070
83
5174
5593
1495
6662
3555
5598
476
5590
1456
5741
8135
1220
5272
4361
7013
7024
2166
4194
5531
4708
5272
783
2109
1847
5399
8052
4769
1439
6755
4432
3740
4485
5566
1788
4468
504
4354
7161
7644
750
4533
6820
34
2905
2441
4788
4251
6005
1217
7243
4011
48
1105
591
851
6655
4588
7559
4074
3643
6238
5255
3141
7716
59
209
6895
7411
397
1352
2693
5730
1554
4623
20
3245
6004
4541
3849
6366
3055
4082
3515
1494
1733
2780
2558
243
3077
4214
1075
1902
4115
8057
4877
4672
2656
3964
3715
4823
5174
2944
1704
2273
7788
727
3492
2635
2441
3184
156
823
1009
5531
4329
4109
4009
5975
1129
1488
5279
3600
3378
6619
2014
1071
3749
7948
1686
3726
2991
8139
6427
4976
4026
4830
254
7518
6776
1597
4007
3600
6791
1096
1042
5688
6137
3470
5248
7442
8046
4207
4644
114
2015
797
7844
3779
2700
2450
1620
508
4264
1637
8027
4585
4698
3134
5350
2265
1913
3055
7823
4291
5801
1155
6104
4517
6144
947
1675
1483
3600
7012
5945
877
7861
1164
2464
7916
872
3682
4341
1048
3346
5266
3702
7539
6997
1230
907
6649
5540
3576
6202
1965
4630
5977
3420
3490
6041
7954
4609
96
2916
1469
418
2027
5739
5143
1554
951
7598
7389
5482
4881
5332
5160
7085
4187
4635
4022
4522
6553
7408
7389
5689
30
6437
5731
4361
6000
591
4950
7269
5107
1029
3207
486
4198
1129
6069
3288
7722
7976
2657
1055
4297
1581
1733
7121
7177
3654
5165
5735
4022
1204
7823
8078
8135
5376
6989
3631
1478
5762
4340
4326
3162
4491
2080
1129
2860
3962
6759
7861
7587
4562
5928
2922
2419
7588
28
3346
4542
1155
2558
568
785
832
4291
2325
3148
4355
266
4339
6824
1217
7915
3225
1209
5730
845
4187
4326
7164
39
179
3152
3389
7872
4343
1082
4847
4492
1442
797
2410
1649
2951
6571
5024
7332
7223
6271
5507
1224
785
7424
649
5332
1354
6945
3542
1584
5595
6907
2507
7524
492
2223
8096
5945
5623
361
6141
902
1631
1248
7598
1023
3158
3732
6308
4700
2411
740
4340
5272
418
6384
4385
7230
208
7243
4857
2423
2240
5218
7330
4047
2374
6747
7727
5395
6580
1217
6295
6820
3161
3589
2771
1709
2916
1046
6309
35
3741
3433
740
211
538
4056
5419
7011
3589
1291
3141
6940
1437
3364
4639
2091
1616
5143
6648
7191
6663
602
465
4143
3588
931
2229
1478
7527
208
4355
255
1067
3347
1105
7389
4605
1003
5143
1784
1680
714
5407
3332
4515
1682
5174
4677
8173
7085
76
5014
3019
7177
7805
7592
1046
763
6895
3047
6660
1864
8065
6271
7798
4812
5024
4274
6973
266
7029
2907
1821
1793
2563
4594
1318
762
3199
8116
6649
6556
1937
5770
5711
4454
7779
331
7447
1415
4852
361
4374
3455
6847
7910
6593
6649
4274
1769
3230
4925
390
6889
3660
960
5604
5495
7951
6247
7062
2401
2474
7798
1527
0
4173
2876
1047
615
30
2425
4353
1200
4109
1732
2248
7591
7279
2216
2949
3950
6059
1830
533
2548
7872
4150
1201
1544
7450
7326
6592
743
486
914
590
1548
1168
2812
4003
6261
7745
4290
5402
7587
6583
3969
7169
2015
2578
726
7781
4338
4731
4708
1464
4207
7872
4536
6636
5918
7609
6348
2481
1433
7234
2372
1943
54
731
4312
256
3656
4361
4099
3847
6295
841
1245
6475
6483
