0
0
0
10
11
0
0
1
9
2
3
0
0
0
0
0
2
1
0
0
0
0
5
2
0
0
2
0
0
0
1
5
0
0
0
0
0
0
0
0
0
0
0
0
0
0
0
0
0
0
0
0
0
1
0
1
0
2
2
0
0
0
0
0
0
0
1
0
0
3
0
0
0
1
1
0
0
0
0
0
0
0
0
0
0
0
0
0
0
0
0
0
0
0
0
0
9
1
0
0
0
0
0
0
20
3
0
6
4
5
0
0
0
0
0
1
5
0
0
2
1
1
4
2
0
2
1
0
0
0
0
0
1
0
2
0
0
0
1
0
0
1
0
0
0
1
0
1
1
1
0
0
0
1
0
0
0
0
2
1
0
0
4
0
0
0
0
1
0
0
0
0
0
0
0
0
0
0
0
0
0
0
0
0
0
0
0
0
0
1
0
6
0
0
0
0
0
0
0
0
0
0
0
0
10
5
6
6
4
1
25
1
1
3
3
2
0
23
0
1
0
10
0
0
0
3
0
1
0
1
0
0
0
0
0
0
0
0
0
0
1
0
0
0
0
0
0
0
0
0
0
0
0
10
0
0
2869
1231
7415
4888
985
2796
4887
1589
5938
7518
1151
2832
6659
4372
5322
575
916
124
5248
4950
1600
2214
4948
6752
2992
395
6948
1595
5595
7135
1189
2616
568
8030
4880
845
3835
6619
7072
5913
7518
5778
4236
3741
2354
683
2799
7852
7621
4793
7918
34
6895
4643
6386
5412
1824
4788
744
2219
2123
7989
6319
5885
3305
5372
4897
2916
6950
338
3205
3158
4950
1565
1680
7989
2737
4020
2741
229
3464
1522
6600
7077
4294
7827
7110
2629
5247
2868
2248
4224
7691
3788
6308
6818
134
952
3120
1217
7093
5290
6460
4442
5220
1588
6820
1333
1513
1124
7135
288
508
8187
8069
5096
6263
8160
5997
1024
47
4256
6000
7995
1249
1521
4640
1244
5128
4749
2737
3212
255
684
5107
6354
3538
3577
2131
5833
3570
7135
4758
5998
1287
7854
2041
1468
255
4950
1821
7440
469
48
5166
7135
6075
4085
7574
2881
1589
5343
7615
2016
3401
390
7613
5902
4280
4645
1600
2631
7188
4623
5704
1275
5957
2426
5099
1344
4809
2271
4568
7070
3263
5614
6660
1248
7039
1990
2584
3631
3541
5874
8025
995
7361
6535
4333
6168
7516
2924
5800
3876
1057
1050
2202
7154
7910
707
243
5997
1824
1926
4270
5576
7160
6332
1600
6072
5592
908
4226
2447
4202
4569
868
330
6904
6486
4518
6397
3155
1335
7462
7432
6593
7576
6767
2533
3291
4921
1613
3541
7798
943
5894
3562
3386
163
6012
457
2982
3598
5702
128
4855
2734
6589
67
6904
7811
4083
1262
2259
7666
5259
2656
107
7965
7176
7286
2676
1852
7110
6002
4707
7342
2128
4401
2396
6486
2510
7855
1033
1970
7312
4691
5347
3659
3939
1071
7185
6589
62
3095
1107
8089
6500
333
7795
2439
487
7257
4341
536
649
7070
639
3613
3649
7071
259
5100
2169
5302
5367
5008
2787
1064
2247
2530
237
5737
3003
7480
785
7192
5101
1833
1981
626
3159
2424
2235
7329
7697
3024
3154
6141
5267
558
3257
967
7514
6547
5760
8089
4965
7055
3700
5347
7485
1080
1800
6844
3721
6924
1590
872
6467
681
1800
7577
477
7232
323
5584
1290
1541
4845
6735
7101
6261
918
8162
5968
4577
963
504
464
5005
1770
3543
3415
2342
4924
2671
7496
6187
4153
5837
5919
826
5913
4911
2833
5074
3662
3919
3913
7496
406
3375
7363
6632
4725
310
4660
3336
1440
6676
3759
1020
6907
3263
3404
7795
1073
6496
6238
6187
2116
4179
1635
5133
8081
6362
4425
3336
176
626
746
1895
443
356
618
4035
2104
3857
6264
501
6922
5348
2798
5675
904
7455
132
2549
4413
4624
7179
397
6839
1682
2006
2194
6103
2927
3664
1241
6370
886
5028
8093
4488
4560
3989
1385
999
5923
4879
4080
1486
3716
7707
2630
4526
5529
4610
3278
2994
6478
4905
7623
3841
7303
194
6898
3318
5176
6448
4944
1485
3063
366
1219
320
5339
2023
6703
1323
664
3903
7303
1607
5804
7347
4160
3854
7234
4803
4171
7006
6547
5584
8067
235
98
5725
4229
7518
2226
5380
7944
6035
8174
5217
6234
2746
2142
6646
2155
4413
2454
7029
5819
6035
7834
4272
7291
1050
8081
4035
3446
2046
7337
333
2780
1757
585
2839
2892
5862
3434
2592
8181
5392
5527
5411
7532
1853
3129
2907
6498
6839
7785
4999
3017
5047
162
4187
5078
7880
7934
4817
6276
1978
8062
4919
3834
7093
4793
5992
6403
6907
4281
7797
4201
6397
3622
3066
7785
7499
3862
1285
1103
280
4212
1020
5997
7935
1434
307
3959
857
3810
2833
7629
7867
623
586
6253
3932
4229
5335
6040
5281
275
1956
565
5983
6907
2693
7296
2569
3471
1168
7048
1800
2000
1546
6065
2712
6224
996
7518
4153
4633
6370
7932
6272
4379
3331
5538
3739
3495
6124
4153
807
7797
5630
7855
2949
5936
6803
4928
6313
4112
3192
4721
3153
4030
4782
7929
591
386
4724
5589
3965
2426
8040
5902
996
458
5547
427
5353
2613
5199
5922
7136
3628
7845
8160
1978
3102
3118
3424
6328
787
7670
2172
6887
2429
5952
7177
4232
5167
1761
4437
625
335
7444
6176
3075
6020
7353
1430
7877
2060
7856
3231
206
3319
7993
3452
3897
7661
5456
6717
7438
75
4152
6581
78
1334
3557
6054
3654
6785
3384
6719
3339
2179
6448
6200
2340
7120
4943
31
4934
59
2563
1780
6224
5630
4923
2510
2591
5772
3011
997
1564
2690
6218
1270
2791
2358
1845
3721
4336
1656
3482
2700
1000
3297
1398
5235
5358
7140
4338
1356
6950
2706
2169
1626
6561
2803
7528
427
7324
1314
2427
7548
2465
4270
3816
5798
5472
5185
2219
1064
3136
3325
1746
683
2186
5276
1497
2764
2850
4672
5159
2454
2793
5634
6525
3833
5902
5584
942
2613
3117
4132
4173
7825
2423
4202
348
1776
1036
8159
6533
4467
4921
5752
2359
6119
6134
4608
5268
5328
6802
5977
7311
3768
3471
1742
7822
7639
7736
7896
6552
1590
3366
8137
590
1824
2533
5736
1279
4718
4269
5396
7934
7350
1637
5842
5955
3329
3478
5819
7901
78
1659
2920
3722
3622
498
3291
3503
2481
654
4306
1864
6580
6635
2533
6000
4812
3454
7246
7570
1944
3068
6915
5272
4788
3192
3631
8082
3904
7756
4996
2309
7013
1931
83
1863
5077
3607
1965
6996
1474
8146
421
8031
4722
2066
3207
348
2892
4851
5798
568
5687
7049
2487
2280
466
2530
6895
1103
4284
3486
1857
5798
7940
7776
3433
348
1209
3631
5450
1664
799
1944
1944
6227
3413
4735
96
390
5279
418
7997
7980
4735
6677
674
1620
4867
4624
1080
2339
3405
615
1082
7940
6271
5279
1550
740
2896
2285
390
1776
5874
5077
421
7777
722
4525
4406
5998
2115
2516
6677
4722
390
1944
418
1944
783
2411
4164
6635
1075
7135
7040
568
7596
5019
7229
5948
5079
8030
2464
4491
4809
4340
3326
702
1600
254
7679
6921
1003
934
783
3682
4735
4053
4568
7570
3541
4475
7798
3326
1944
6417
2986
