0
0
0
10
5
0
0
1
11
2
2
0
0
1
0
0
1
2
0
0
0
0
1
0
0
0
0
3
0
0
0
0
0
0
0
0
0
0
0
0
0
0
0
0
0
0
0
0
0
0
0
0
0
1
2
0
3
2
2
0
0
0
0
0
2
0
0
1
0
3
0
0
0
1
0
0
0
0
1
0
0
0
0
1
0
0
0
0
0
0
0
0
1
0
0
0
7
0
0
0
0
0
0
0
16
3
0
6
3
3
0
0
0
0
0
1
1
1
0
0
0
0
4
0
0
1
1
1
2
2
0
1
2
0
2
0
0
2
1
0
0
1
0
0
1
0
1
0
3
1
0
1
2
0
0
0
0
0
3
1
1
0
2
1
1
0
0
1
0
0
0
0
1
0
0
0
0
2
1
0
1
0
0
0
0
0
1
0
0
7
0
7
0
0
0
0
1
0
0
0
0
0
0
0
12
3
8
7
8
0
29
0
4
7
1
1
2
18
4
0
1
11
0
1
2
5
0
0
0
1
1
0
0
0
0
0
0
0
0
0
0
0
0
0
0
0
0
0
0
0
0
0
0
10
0
0
3455
2795
1768
3367
109
3577
30
7587
109
2252
2127
2167
6615
8105
6074
5688
6303
3790
4224
6761
3186
7203
2091
6728
3286
4811
5862
6444
2729
5590
7638
272
39
1017
7723
8010
1193
4735
5171
1559
1395
6761
7143
2922
541
7699
1155
2285
5514
4270
7670
6645
7520
1071
6497
2530
2727
4749
1667
3707
7185
6288
1317
5739
7966
6253
1057
5128
1620
7419
1576
4849
6822
820
1312
5283
1046
7913
7243
297
1989
5118
5403
4689
3835
4835
4270
3320
6915
3664
6752
6710
5356
884
6717
6262
7978
4352
2425
2425
913
5547
5288
508
651
3252
657
4605
6095
5765
1597
4851
5350
4209
169
5275
825
2271
7845
722
3584
4525
4310
6752
1796
6924
6887
4011
6563
2850
5975
7613
6753
3318
8016
919
2119
1415
2684
2080
5902
3636
3666
4689
1395
492
7520
2916
4950
3077
8187
6615
4689
4312
2253
7330
2553
7915
3077
951
4308
460
7415
8138
1293
6124
5175
7034
4385
3051
5403
4291
2629
7148
492
2119
2022
4109
7788
797
3790
4950
3416
5339
2265
4353
1350
3320
575
4708
7887
5628
4895
6014
7745
2661
7593
998
1671
1440
2374
6776
7908
47
2080
916
7798
2922
5762
5332
7391
4969
6818
3959
1576
4361
5308
6144
1940
1220
3481
5489
1009
2152
4811
2544
7592
1861
1472
1121
4005
4027
7299
95
908
1129
7275
5237
7757
230
6583
4291
2095
5593
7001
2548
4605
4698
3676
932
6144
7676
1450
5272
5810
6070
2051
47
2724
4222
4536
2569
5354
8146
6993
6406
4167
5592
7134
4643
2710
3321
507
8070
5538
2349
2616
7169
5372
2196
6502
3078
7497
2119
1009
1965
2544
902
4061
2167
5000
3869
2418
61
6057
6504
8181
549
3878
648
4415
1598
233
5527
7047
3089
1187
2649
7172
7337
4487
7270
6286
439
3903
5276
5272
3196
5394
5131
4584
5627
1818
7725
6760
2272
4
6716
828
344
8018
1851
2490
599
7247
2366
278
6736
6765
3452
5328
4933
6915
1247
3078
7353
5702
2950
2698
2558
7913
4350
8151
5560
4147
4595
3282
8116
2177
4962
4307
6023
2698
5812
6710
1563
908
3321
1553
2944
2823
4856
1401
3566
2893
4782
7766
2311
4843
4717
3393
7094
6475
6799
5290
933
889
6551
4082
3353
4259
831
3962
75
7485
2805
3093
6576
4249
4755
4075
3574
4048
333
4083
1318
515
3089
4249
7005
1490
3784
2067
5767
7494
7886
1856
4950
4582
2389
541
6281
7074
6508
4572
3932
7514
1796
2885
1530
6388
5978
1267
278
1141
5372
5061
5036
1865
3473
7366
6999
4496
3320
2481
4659
4099
8087
6753
4291
7581
7997
4856
6228
3722
4534
1756
8091
850
7912
805
3027
2032
5883
2722
3812
2535
1783
3845
3789
5358
5844
3543
3472
2738
2560
5163
1168
1048
1939
5770
2081
7209
7857
6989
1453
4876
697
6712
6733
1599
1352
5723
1682
654
4793
5016
5128
1970
3637
5655
6682
7134
2116
3013
8053
4781
1111
2975
2013
6273
6829
5560
6617
1424
6000
1395
959
4309
2342
1237
1978
6301
5680
164
2381
1064
5078
760
6572
796
6903
936
7766
62
6613
4046
317
4538
456
6438
5434
2616
3652
4563
1071
1067
1971
2467
6733
3466
4302
3804
7776
4916
1569
3718
6492
7795
404
5764
999
1491
7363
3049
3461
929
5
7109
1561
4277
5311
3299
2219
6247
5915
8010
1680
3153
4294
7172
5957
6262
7167
709
1974
6810
3510
6238
967
2273
2911
7804
709
5566
3102
3289
4199
8184
7838
2280
7022
423
4577
5299
6860
2793
3542
8094
2271
3092
2977
6266
3169
4584
5752
2950
1395
7577
7593
6789
6640
4594
6639
1919
6562
273
1219
6010
7059
6427
2305
2569
5998
2190
622
6654
2352
7239
1576
5397
6777
4622
7841
2553
5892
4399
7277
4388
5131
1094
2519
1788
493
2372
7894
1957
2927
67
5657
1757
1825
3678
1818
1042
3911
7954
2949
7736
913
7765
7153
3740
7583
121
4664
7285
2793
6498
101
1513
5458
6066
6761
1954
4205
2792
7192
731
7613
5867
7178
123
7234
1087
1228
6936
6365
4017
2941
7122
1843
6681
109
1631
2541
1826
1317
2962
4962
5078
243
2591
3017
7615
1279
6873
5576
4312
7197
237
2965
5101
326
3186
1317
6134
335
6616
1905
4017
358
8014
5310
7070
1706
6645
5520
5123
5314
4600
7901
4175
3348
7417
98
6827
5902
7540
4013
5970
396
1620
7271
5612
4899
7011
3729
3722
6557
6785
6266
7011
48
6864
320
5913
4426
3067
7967
4155
7905
1949
3290
7246
2081
6224
614
3078
1356
5230
2011
2076
7995
3986
3284
1748
5103
6533
1971
2529
8064
7714
1237
6827
5627
1584
6415
5853
906
7396
6552
421
3542
5954
698
1776
1223
2816
5598
1078
2663
7053
5794
3078
1350
2630
2660
1452
666
828
3177
643
591
590
1773
1029
2894
6361
5061
5596
6297
3073
3020
7190
783
7806
1776
825
5733
6971
1617
5077
5715
3700
2001
6085
3853
4084
2178
4950
2675
4223
2053
2642
22
7670
2496
4796
1473
6953
4069
7185
1079
758
6351
3350
7173
5438
2405
5077
6053
3068
4575
6818
744
6391
1232
7829
670
350
2057
3106
3158
4950
6054
4998
3501
6746
1472
17
2677
4722
4478
705
4858
6069
4623
5264
522
2859
262
2066
4718
704
6481
3741
1824
6483
1356
5031
1704
3029
6973
1465
2244
705
4229
3194
4160
6193
2649
7205
6082
591
1029
2979
5576
852
2104
3218
7911
4339
1684
5636
6417
4291
2066
1425
6737
1716
1816
827
411
4229
2572
5034
5527
2543
727
4640
4888
5283
2459
5290
2489
8030
1544
2591
5781
7389
7447
2557
1017
676
3245
7865
7844
5408
631
2080
6639
704
3158
5275
4037
2261
7196
4777
6895
4017
4595
2393
1076
2894
5547
1836
827
6069
4824
5020
2041
619
5731
557
6608
5514
263
4521
4957
679
6393
390
5536
538
5945
5896
92
3288
5095
8023
2894
5227
4957
3392
5266
7258
3120
1040
1031
7647
2351
8151
3317
