0
0
0
10
10
0
0
2
9
0
4
0
0
0
0
1
1
0
0
0
0
1
3
2
0
0
2
2
0
0
0
1
0
0
0
1
0
0
0
0
0
0
0
0
0
0
0
0
0
0
0
0
0
2
0
0
2
0
2
0
0
0
0
0
1
0
0
0
0
2
0
0
0
0
0
0
0
0
0
1
0
0
0
0
0
0
0
0
0
0
0
0
1
0
0
0
8
0
0
0
0
0
0
0
27
1
0
6
8
9
0
0
0
0
0
0
4
0
1
4
0
1
4
0
0
1
0
0
0
1
1
0
2
0
2
0
0
2
1
0
0
0
0
0
0
0
0
0
5
0
0
0
0
0
0
0
1
0
2
0
0
0
0
3
0
0
1
0
0
1
0
0
0
0
0
0
0
0
0
0
0
0
0
0
0
0
0
0
0
2
0
6
0
0
0
0
0
0
0
0
0
0
0
0
9
1
7
5
5
1
24
2
2
1
1
1
2
17
0
0
0
12
0
0
0
0
0
1
0
1
0
5
0
0
0
0
0
0
0
0
0
0
0
0
0
0
0
0
0
0
0
0
0
10
0
0
7587
4355
3742
3706
8118
7861
4489
2903
5175
5382
7389
6645
2235
4512
1071
2706
1317
602
2256
4911
2595
4752
2589
1546
2979
1288
793
2231
1221
6486
4619
5079
6016
7503
5169
7279
4039
6758
4389
4606
8191
10
4824
2410
2737
945
2823
6528
2154
5461
5481
4736
3008
1472
4153
3118
2721
815
3834
4273
3752
2162
7140
1750
2339
3158
3599
5492
5742
2524
204
7985
2487
6975
4174
3386
5703
2571
3763
5149
252
3639
2107
3721
7533
1131
2221
5036
4045
7133
3340
5356
4943
6209
4563
2441
4881
7617
1042
5175
5324
4568
1532
899
4264
740
1716
4663
7270
5
6668
6399
5201
7819
3678
7746
3363
2496
4268
6991
3239
5204
5399
6523
7518
2054
6227
4747
5264
2576
7851
2022
5077
7872
1698
5928
1550
3188
7806
6153
1066
5167
4482
6489
3878
1346
7219
4152
4509
3840
679
4391
1139
1546
4153
3224
7485
3014
1254
7408
5185
3481
7527
2947
6510
4007
1978
4442
6588
740
4609
5045
768
3014
7610
3776
4240
1908
3822
1972
1422
2469
7384
1859
7754
1318
5942
892
7752
7111
7655
6284
7153
1057
2892
5279
3610
2080
3572
7967
7205
1824
8160
3401
2289
1417
6530
3712
4769
1802
3429
6794
3743
6064
2246
6839
5939
7203
523
659
6515
2235
7526
3835
48
414
2516
6447
2252
4472
3350
3740
1776
4448
5514
6791
5874
845
7349
8070
2668
3153
7623
5638
4552
7059
6142
5685
1108
6209
1328
4375
6971
7212
715
4361
5594
2686
1488
5928
5705
5290
2271
1279
3290
2066
3551
3433
4472
3682
7453
2015
3777
4095
1972
69
2991
7694
7755
7286
6153
887
5505
4911
6634
6436
6440
951
6973
1024
4236
6417
5594
7303
4082
7229
5171
6553
3781
1243
4238
1331
333
2238
5584
4645
4262
6695
4958
3529
228
5225
1282
768
1491
8052
7120
498
1769
5810
7229
7716
6002
2610
1350
373
3600
1672
8167
1494
8105
845
5165
5173
5005
2172
644
6631
5069
6500
7148
553
3248
5885
4310
4422
6438
179
313
1292
2325
5687
7942
928
6973
5874
1677
5275
916
4426
6411
2825
3564
5997
5874
6791
5894
4032
3488
5593
3542
2975
3628
8040
3508
5683
3699
3736
6164
7805
461
7940
4647
4718
7059
1714
6552
2441
1576
7545
731
5403
255
5698
5719
2882
728
1223
892
7760
3384
364
6172
7425
2475
1353
6659
3072
7284
242
5079
7872
4207
7506
2309
6154
2766
7011
3010
2796
7673
2979
740
1917
421
5995
1199
6726
1086
4661
3218
159
1827
8146
1413
784
1299
6928
6829
4594
4599
6630
2411
4609
6271
2907
3287
1948
4264
1544
6263
400
5742
1607
575
6053
7784
607
301
707
1730
490
4005
3976
3045
2101
216
366
3736
461
5574
7408
7229
1155
47
7665
6831
3959
2459
4788
3224
5171
7915
1554
4232
2784
7414
745
1993
1056
1247
4924
4517
77
3343
1324
377
1085
5058
6985
7317
6800
4167
318
4499
4796
1534
93
3153
8143
7582
5778
6733
3196
4609
254
372
2499
4040
4721
1085
5449
3695
5931
5144
1670
4840
7285
6065
2206
2794
3810
6323
6394
248
7846
6006
1757
5451
4457
5650
4784
7941
7269
7118
6354
3153
386
916
7901
3948
3089
7337
602
5991
2578
7184
497
6474
3349
5938
2543
3277
3664
6936
344
5040
7476
1396
2980
3684
7926
600
2645
4644
4178
6411
1385
5403
6553
1145
7043
7270
3030
6801
4676
4527
6407
1247
5602
7493
5637
5920
2107
2582
4633
2142
7785
3278
6468
828
7407
5123
6104
5024
3320
1709
6073
1968
4136
7269
5419
2515
8002
5000
3051
7030
156
4249
4590
201
5527
2846
5981
2675
5761
7234
6020
6909
2544
6793
5122
2011
1728
5537
5810
5833
4442
1314
2558
7882
7362
6409
2677
1620
5809
3712
3413
6138
3565
6655
1327
3135
7192
99
8006
3000
1965
2194
6904
3388
4263
5401
2427
5160
5263
5856
3988
5975
8030
5263
2244
5403
2916
5804
5829
7872
5279
3312
344
2878
2229
6431
7339
938
6897
4878
3179
6153
1913
235
2715
7742
6971
5455
4877
7270
6404
4686
959
4708
749
507
3085
4735
4007
5095
5982
5489
7161
888
7064
6045
5617
5692
7894
3327
3461
5495
6348
3120
7676
5069
6193
2006
1546
1413
504
7282
4645
5051
1631
1988
521
7034
7520
2513
7613
1424
3656
6780
5811
7758
7281
7590
7053
1241
1977
7752
60
5632
6668
1494
6209
5862
6403
3181
8175
4584
3580
3611
7538
1130
7913
5403
2662
2607
6353
5343
5168
1238
1188
1389
665
174
7312
5566
2569
4514
7386
373
5739
1392
7295
3582
2595
2944
6992
4887
3309
2386
6400
3878
4941
493
2957
2248
5272
1045
5679
5290
5687
7451
5798
2760
1335
638
8090
199
4662
7520
6736
666
999
4817
2039
1642
5066
965
2394
3756
6521
5586
2634
2981
7521
6660
731
1535
1105
1948
348
4472
6548
924
3240
4233
8025
4028
1505
6229
6187
7141
1140
5583
1327
4005
4987
8081
5149
3162
7374
8134
3283
2838
7582
35
469
1163
947
6436
5403
8160
4530
6914
4892
1281
8025
4475
4718
6075
6287
6231
5556
4722
4262
5696
7807
5633
1346
4986
3878
4062
1659
4308
2530
7705
6522
7156
3092
2008
5365
3933
7591
255
928
3010
7823
7445
6945
8030
255
504
2496
1589
6860
1932
6694
2908
1050
952
2060
6719
4894
7018
2385
1688
6586
3555
1173
4623
7207
7415
1708
2104
4400
7570
7376
3154
1864
6548
5024
1988
4291
6227
6417
6830
7853
7893
6468
1459
7098
5696
1756
259
6418
7261
387
1241
2398
1810
5603
60
1430
295
7067
3333
5354
7699
327
2374
3061
4975
390
411
5778
2459
1824
5579
1633
1474
7359
2021
1415
3788
5866
637
4888
2436
2702
1467
2796
1280
985
5821
4505
5749
2972
3191
4426
2894
8155
1852
1579
2905
4735
255
4609
4950
4609
4809
2796
5507
1026
3004
5010
967
4302
789
5288
6041
2076
3240
7995
3682
390
4475
4937
5821
7921
24
7011
5290
2080
