0
0
0
9
9
0
0
2
11
2
3
3
0
0
0
0
1
0
0
0
0
0
2
2
0
0
3
1
0
0
4
3
0
0
0
0
0
0
0
0
0
0
0
0
0
0
0
0
0
0
0
0
0
0
1
0
4
0
2
0
0
0
0
0
0
0
2
1
0
5
0
0
0
0
1
0
1
1
0
0
0
0
1
0
0
0
1
0
0
0
0
0
1
0
0
0
13
0
0
0
0
0
0
0
27
2
0
8
8
7
0
0
0
0
0
1
7
0
2
2
2
1
5
4
0
0
4
0
1
0
0
0
1
1
1
1
0
0
4
0
0
1
0
0
1
0
0
1
1
3
1
0
0
1
2
0
0
0
4
1
0
0
5
0
0
0
1
1
0
1
0
0
0
0
0
0
0
1
0
0
0
0
0
1
0
0
0
0
0
6
0
7
0
0
0
0
0
0
0
0
0
0
0
0
6
5
7
13
9
6
30
1
0
6
0
1
3
19
2
0
2
13
0
0
0
2
0
0
0
1
0
2
0
0
0
0
0
0
0
0
0
0
0
0
0
0
0
0
0
0
0
0
0
10
0
0
5102
4457
1590
4905
2808
5489
7666
4732
1158
725
3467
5384
6234
4877
60
1140
1650
2328
4372
2831
7038
3025
4796
4580
4266
4251
5279
2777
5748
3959
5874
7178
5363
2629
2405
966
4255
6430
3644
7957
6920
2726
3008
2903
5005
5513
1259
8105
995
979
6320
2802
261
6321
44
4792
5128
1019
4174
3597
6976
6791
1023
7673
2483
3427
997
7675
1776
6098
3688
906
6131
8175
6405
3179
5951
7355
921
1770
3488
2450
4937
4881
5057
122
2671
4194
7625
6249
6679
5019
721
7910
702
45
4478
1534
665
556
5057
2570
7816
5811
3810
2685
1440
4075
5133
8190
3404
7758
1874
478
215
2464
1062
7398
34
2635
1129
36
7753
1803
2225
4689
6058
2732
3490
6863
6144
6831
942
7367
5101
163
1401
5672
5629
4481
7834
4358
3789
628
4928
1566
6251
4630
1733
1733
7415
6889
8
7246
4594
721
5537
5024
5654
7673
7679
2379
7675
7467
8031
2973
1660
2911
8127
8038
8
3244
3523
1989
7417
1207
4103
2190
1863
4372
47
3074
3551
4580
3788
5244
914
4326
1155
1312
7680
1281
7692
8094
3585
4451
4754
2142
8129
1670
470
7195
145
5164
5627
4786
1503
5151
4397
5358
3454
6393
5596
3627
2717
949
6019
5337
3397
6698
4478
7153
6245
5279
5810
1803
2650
2887
6378
2156
3017
2735
4377
5438
5430
7031
4268
4527
176
933
2136
7686
8
1155
2662
6066
1147
1247
5145
6871
5430
6224
2582
2777
4329
841
4952
1050
6680
3454
2376
4052
1485
6500
3672
7378
1770
1989
7132
7602
6645
1946
4510
5634
5324
1024
6031
6105
3848
3819
5886
4036
308
5063
2490
5710
1035
6358
2464
6895
3161
3650
7924
6443
7696
3166
3288
6903
540
2529
8070
4524
2889
5274
308
4962
5489
4491
3934
1527
841
7192
7048
833
1740
4487
4916
5096
3966
297
7823
2265
5402
7757
3272
4912
5643
7141
3446
8185
1565
217
2415
315
486
2189
348
3661
2916
332
1600
6266
5867
3209
4425
4916
5684
769
2525
1851
3384
82
492
8187
2119
2280
5012
6635
182
377
7186
2574
3809
3687
3198
3486
8010
8005
7063
3504
1765
432
2232
2135
1356
4080
796
1253
128
4083
5308
253
1699
4383
1124
5636
5847
2272
7531
2686
591
1816
2460
4569
5899
453
5998
1791
2987
4207
8011
7187
6667
6254
4482
3650
7816
1037
4525
2226
3361
7482
6732
5034
5882
5005
5232
6437
7923
3992
3233
725
5173
3861
3068
3861
1291
456
6661
4313
4139
3533
2519
1237
4643
5844
2911
3261
5343
6639
3809
990
4481
1289
4272
6805
4993
7673
1822
5128
4830
1441
3903
4995
3541
4568
5019
2907
7887
5439
5829
2835
5779
960
2770
3384
7005
4084
1939
5672
1919
3983
4507
3712
1990
5586
584
7239
7747
4239
1706
7210
6460
8046
1467
5829
5751
5172
2062
1621
4319
2967
6263
3542
2343
2896
4475
3145
722
5578
464
1835
4643
928
4741
3579
1552
5761
5573
4425
5885
4649
7868
899
472
1550
1160
1082
921
2062
5489
2764
6437
5385
4194
7918
4867
3123
5334
3288
8089
6265
296
1020
134
4482
1401
50
303
1715
2401
7799
2225
4207
7092
5720
6135
1029
2558
335
4150
7884
5364
3433
1794
6141
5531
2290
1971
5510
6897
6383
3786
7370
2027
6149
4637
2124
4295
3061
7444
6887
1909
4052
825
3481
7868
5066
3541
8030
7816
7164
7757
369
3453
5847
5951
5687
1089
1212
4976
5041
4323
7514
5229
6460
395
7031
931
2976
6110
2892
5909
5078
6033
4269
4939
3682
7940
5892
568
6660
3106
2343
2634
1232
6509
483
5815
4481
595
7838
5117
5276
6963
1847
2860
69
483
5308
4943
4333
3543
7720
1492
1856
437
2586
3541
45
6258
3240
7613
4857
4146
389
6635
3074
7512
4958
23
5240
2448
1356
6235
5351
6254
513
6452
3192
7611
7127
5561
1769
4604
5695
6551
2978
4647
4878
5019
5687
4453
8167
3934
5536
3585
1425
7087
4552
1715
6010
2156
6752
5867
5883
1345
5672
2903
1859
3162
3050
459
6749
5577
3610
944
7954
7451
4507
138
6481
531
3401
3494
5185
1944
6089
7408
260
5778
868
4174
1193
6915
2924
5957
7163
3366
1350
6474
4308
1505
6528
5868
48
1541
1672
3690
7223
4475
2309
2119
825
4202
5013
3454
8025
3402
5705
3367
7451
4340
5418
7400
6095
504
4510
3085
3654
5672
7178
102
3473
4583
6785
7855
7916
2631
5798
7940
3389
421
7901
2676
5945
5489
2361
4729
3947
6440
6052
4274
4864
1827
8171
1458
6232
7801
2023
1350
4840
4119
1011
3460
1196
7347
5876
838
6657
8119
7035
8155
1425
631
4202
1523
6271
1075
2854
390
6252
2773
702
7784
6618
6788
2577
5160
7735
2421
4590
6990
6649
4618
17
2279
3992
2714
4916
3320
5455
3697
196
7223
1579
392
284
2112
2788
803
959
3625
4484
1927
4753
1709
1944
12
7306
1259
6999
165
4172
3180
2199
3483
7784
6318
3814
5438
2188
831
238
1483
3260
3352
4310
731
7230
6465
1836
1023
7689
7484
7243
3120
1734
4007
974
2904
5725
7795
7755
945
7963
1982
4322
3030
7931
5527
8081
869
7846
5049
62
6316
5909
1613
6989
5998
5915
2464
1539
744
4533
1245
7497
3599
1917
783
4092
8052
4174
773
7500
5566
7234
6849
4925
2229
7061
3579
3795
2060
5787
2962
1675
2197
4651
3490
7613
4735
7882
3174
3002
7319
7692
3038
156
7122
2419
619
6967
1443
7367
5980
92
3177
983
464
1660
4081
4571
397
5524
1468
2949
1151
3656
1944
5322
2271
5596
4622
2679
5057
3847
3969
4852
1944
441
959
2867
5715
208
6623
3920
3346
3761
2778
1285
245
1822
5598
1924
3695
5523
540
2925
4637
3942
4340
951
7244
5222
1021
1287
3571
6776
947
731
2916
1038
3809
6000
5166
7781
6619
687
3283
2412
614
1047
6463
5226
6589
2478
118
4803
5495
5888
4313
7984
7940
534
6012
7854
3405
7722
3732
2152
2418
425
