0
0
0
10
10
0
0
1
12
3
1
0
0
1
0
0
2
0
0
0
0
1
5
1
0
0
2
1
0
0
0
0
0
0
0
1
0
0
0
0
0
0
0
0
0
0
0
0
0
0
0
0
0
0
0
1
0
0
4
0
0
0
0
0
1
0
2
1
0
4
0
0
0
0
0
0
0
0
0
0
0
0
0
0
0
0
0
0
0
0
1
0
1
1
0
0
7
0
0
0
0
0
0
0
23
2
0
6
8
5
0
0
0
0
0
1
9
0
1
1
0
1
5
0
0
0
0
0
1
2
1
0
0
0
1
1
0
1
3
0
0
0
0
0
0
0
1
1
1
0
0
1
1
0
2
0
1
1
4
1
0
1
2
1
1
0
2
0
0
0
0
0
0
0
0
0
0
0
0
0
0
0
0
0
0
0
0
0
0
4
0
10
0
0
0
0
0
0
0
0
0
0
0
0
12
4
10
7
9
0
34
1
2
5
1
0
3
15
0
0
1
11
0
0
2
1
0
0
0
1
0
1
0
0
0
0
0
0
0
0
0
0
0
0
0
0
0
0
0
0
0
0
0
10
0
0
3168
4027
1539
4578
6979
5840
2766
7235
4285
4858
1968
6487
3942
5440
6005
2831
2051
5430
4349
1272
7398
896
5643
6958
44
3575
7118
4475
5010
1769
4618
3504
5128
575
5288
1886
1776
7243
5515
3218
4112
2533
6262
3510
123
3712
3253
4596
4900
4237
541
6554
915
4355
7940
6168
1584
123
7234
1472
5584
4270
8092
2989
740
857
6346
5476
308
4892
6907
908
3567
55
1209
2478
7180
1105
3585
1965
5870
5746
4888
708
5492
7913
4530
2454
6660
2679
626
4492
5385
3359
7665
8166
6799
6369
6152
5247
7816
5863
4285
6352
5464
2019
3059
5798
7013
2303
1523
1428
7075
5998
686
4092
978
4604
3980
4339
4049
8064
4093
896
4016
943
3562
1039
5537
5187
102
2948
5596
5128
7727
3639
5020
7240
536
840
4712
4670
5129
5517
4842
4934
146
2405
1765
5817
3161
6361
6660
5620
1917
304
2374
6980
1972
673
3161
1084
7966
1929
1544
5975
722
3455
2031
2459
705
36
3106
554
3175
4055
6895
7888
1839
4340
7271
3577
186
1046
6117
5102
1372
6243
1281
1953
5608
4096
4722
2562
7229
2001
6361
951
2244
4492
1917
1584
8023
7613
6740
320
6384
6417
5801
3254
2812
1070
1415
2921
2070
2257
4486
5154
4274
3526
2066
783
1969
592
7451
907
7575
4735
1780
3490
7148
715
5746
6320
7670
4399
8176
5574
2080
3480
7980
7075
7587
2291
4598
488
5040
2295
7109
7557
6980
5605
7980
7419
1331
5648
5129
559
6649
4522
2465
6783
4492
7647
1164
4609
5725
7006
3632
1550
4242
4388
3387
2481
6998
6918
259
2949
306
4306
2986
4197
2986
6469
7896
3477
3851
684
1234
2941
5013
7779
5982
1590
1487
5110
6247
5867
1435
6437
6746
7901
538
884
3144
6254
6969
4746
4191
906
5636
1474
7941
2806
3620
3488
6662
1787
4609
4291
6141
5833
3712
5762
7913
8011
5168
7192
1691
4485
1430
460
2796
3068
7980
7382
2187
4872
8046
199
7965
3658
5719
6806
4637
7416
4373
3740
6614
6453
3401
6447
2410
6906
4805
6475
4319
2586
3782
6395
6945
2663
3391
7063
740
337
2432
7274
2471
1695
6019
7526
201
3510
3197
1074
5953
775
6896
1491
1565
3687
5924
5794
3453
6391
6612
3071
4867
4293
6521
3911
791
2795
6449
2657
2922
5687
189
6108
6304
3199
165
6853
7366
2559
3986
3170
1204
4911
3786
216
4696
6027
4539
3728
4847
1272
7596
2610
4670
591
7034
1226
6876
1173
5335
5735
6518
330
4423
6963
5545
1957
2292
7234
7443
4619
4342
7477
4634
5649
838
2741
73
127
4701
4341
3189
7223
1425
6868
7962
2415
686
3909
947
5402
7747
4489
143
240
3249
1336
2979
3674
3346
756
4014
536
5740
1401
8064
7109
5741
3770
7445
3271
5541
6481
5129
1550
5214
7373
7757
2679
2421
7917
453
7196
5608
1094
7064
255
7919
6924
7330
7879
1654
2949
4232
5168
4518
7064
5602
614
3206
1073
7294
2967
5353
897
6417
3600
1060
2092
6508
727
6065
2699
38
978
3416
6041
8117
6810
4541
3249
3289
1597
3356
1401
4815
1340
1434
5761
5518
2340
5167
6365
2385
718
1139
5798
2896
1425
6312
3773
7243
2009
3504
6128
6911
3022
384
5244
5652
5382
2394
5122
505
5070
574
983
5126
4451
1472
5142
6847
7668
2535
4746
404
7174
560
4202
592
3290
1816
3052
6141
1040
5428
865
414
6135
6656
5225
6335
5798
985
3998
5936
7711
7242
2878
5180
6254
5325
2132
5167
1626
3728
2897
3857
5803
2835
390
1634
2496
4851
1631
1082
3071
7699
6089
2705
1209
6895
5163
6135
559
1067
7494
1332
2984
7440
6308
5008
523
2902
732
3644
1063
3515
7732
871
592
568
6041
428
6619
460
3642
2017
2896
2361
3188
30
6895
96
480
189
6351
5092
2351
5811
2508
4019
7903
4084
296
1336
1234
8109
8062
1037
1609
2202
7868
4594
5687
5810
1467
3481
6000
2905
5588
5650
1664
3647
5171
7675
7924
6889
1213
1940
2271
1312
2645
6867
7566
4013
5151
3839
3719
4352
5506
3743
4568
3572
2500
3851
5579
4570
5128
390
1893
5166
5335
5623
1664
6417
631
7426
4740
7426
7034
3158
4569
1124
508
580
3575
7306
3280
4946
1688
2026
1613
6735
5482
5874
4094
2552
5077
802
8191
5129
7613
2586
2410
1948
3589
4578
2109
3061
2127
3666
6361
4569
6140
1620
2066
6353
8141
7301
7484
4707
4689
7012
2560
1513
852
6677
6677
5244
2338
5057
5273
3414
2512
4492
5661
3304
6594
7189
3936
7463
2799
5419
7418
3816
5328
5695
1634
5927
1597
6884
4164
114
7235
6972
1631
4521
323
7596
6417
481
3882
8048
7134
1287
3777
3120
4065
897
7917
4340
2975
2280
174
5322
7332
5246
556
3519
245
1525
7736
4559
536
8025
7153
951
3196
1287
1664
7419
1774
6384
6384
919
5993
4867
3159
7138
5500
1103
2092
2031
3274
3346
4804
3568
2792
5276
6494
4636
5037
2345
6782
1566
5001
3870
5594
1279
4830
500
3220
5408
2223
2133
5520
4509
1565
6826
4977
298
823
1075
46
3572
1836
1231
7271
69
4833
5591
3045
8156
4588
2778
1715
2331
5430
6683
5798
7011
924
5954
165
1289
7013
6035
2979
1824
3240
1774
1275
3712
3684
5561
6060
2676
5530
5773
2014
3085
6962
2904
1025
7493
5395
5883
6827
5037
3594
4084
5952
4290
7745
1217
6568
4297
310
1675
8159
1949
7940
4237
4291
1733
7788
7821
7991
896
5113
6541
5819
7586
7963
397
3517
609
7694
7441
7664
440
8137
1898
6615
5975
272
686
684
1753
5516
566
3445
348
1576
1746
4950
6000
7722
3732
1749
7116
5928
5661
449
2380
3740
7493
6444
4153
6076
415
1827
7117
1247
1243
4239
2112
1620
1595
6332
6289
4372
5220
450
4784
649
7570
2784
3007
6864
3773
7387
5557
5343
4541
5274
5737
5070
3325
5125
4750
4035
2949
6171
5637
6884
3594
1881
2170
2062
5272
1824
3504
7527
3816
649
