0
0
0
9
7
0
0
2
10
4
3
0
0
0
0
0
1
1
0
0
0
0
1
1
0
0
2
2
0
0
0
1
0
0
0
1
0
0
1
0
0
0
0
0
0
0
0
0
0
0
0
0
0
0
0
0
0
2
6
0
0
0
0
0
1
0
0
0
0
4
0
0
0
0
0
0
1
0
0
0
0
0
0
1
0
0
0
0
0
1
0
0
4
0
0
0
13
0
0
0
0
0
0
0
23
1
0
10
5
4
0
0
0
0
0
1
4
0
1
2
1
1
5
0
0
1
0
0
1
1
0
0
2
0
2
0
0
2
0
0
0
1
0
0
3
1
0
0
2
1
1
0
0
1
0
0
1
0
3
0
0
0
2
1
0
1
0
0
0
0
0
0
0
0
0
0
0
0
0
0
0
0
0
0
0
0
1
0
0
6
0
8
0
0
1
1
0
0
0
0
0
0
0
0
12
2
9
5
2
2
28
1
1
4
0
2
0
25
1
0
0
10
0
1
0
2
1
0
0
1
1
2
0
0
0
0
0
0
0
0
0
0
0
0
0
0
0
0
0
0
0
0
0
10
0
0
1863
1155
757
1550
2512
2184
3477
215
2532
4963
6770
7872
6384
348
592
3260
740
568
4568
5701
3389
7229
729
7258
5896
8080
5688
2034
2377
123
6997
1009
4778
7420
3590
4335
6826
6899
3777
2218
3045
5019
7614
1
5921
2629
6553
6587
7344
7563
764
2080
4651
7613
1424
1319
6571
5654
35
2887
4190
4830
7587
2597
27
5255
5418
6740
5031
4916
4453
1571
5449
4239
1621
7966
7252
5928
2958
2773
5547
7665
6393
7013
411
4628
1671
7033
4442
3625
2856
3385
1075
1057
4934
6366
7986
5874
5198
4067
2773
5826
283
3515
4473
2175
3002
640
1033
540
4667
2761
6346
7112
2654
1852
4038
36
1585
7559
6737
5129
525
650
2119
1550
925
6475
6635
1084
1396
5736
2889
6786
6022
5334
3095
3505
4234
6137
4203
2103
5207
1851
223
7721
5865
2773
6553
6465
7491
4858
3559
2896
2423
3687
7230
5351
1863
2361
348
232
5066
5891
2486
1506
3210
6264
3462
828
1714
76
2151
1657
5977
644
6810
6141
6650
3586
4575
899
1488
1414
6449
5965
4129
8157
1358
6210
5475
1752
6358
4726
5689
7005
4924
6602
6121
7303
5356
2734
735
4249
2571
6217
5252
1692
6895
7493
5468
3270
441
3791
923
3376
7985
4037
156
4505
3571
2557
6121
1472
6701
4832
3280
1796
3295
2358
4899
8105
2729
7609
4944
3712
830
6448
4590
4500
3514
5346
7359
7785
7613
7546
6604
5376
8105
3695
7723
5241
1309
4062
4792
2795
3644
4601
7561
6476
7030
519
7999
6189
586
2293
5345
24
2255
2656
6792
5718
1437
8069
7848
4237
5997
3594
5779
4755
144
5095
4361
2764
7913
6262
7255
6262
5399
7778
7975
6990
7441
1645
814
7295
1595
1357
5044
2671
4811
5583
2171
5584
3695
1515
460
2500
4202
4568
2343
7344
7005
615
4521
2240
5000
531
2663
7956
7520
6064
7837
3434
3833
6934
2006
5998
2840
5449
2041
5804
6844
6630
7260
7970
3163
7342
2042
6740
2192
5185
5997
4214
5767
2641
4553
978
4270
2345
1988
7882
1656
5871
5348
5040
2897
7203
4005
2383
5093
3487
4442
4577
319
7384
6740
1485
4781
6277
6096
2514
574
7301
811
783
1774
6391
3403
728
5833
5332
5682
4703
3316
518
3593
2563
457
4590
3257
7174
3589
7432
3642
679
4995
456
3356
669
3595
1221
4083
882
600
4319
5896
7294
6417
643
6753
3589
1741
2272
3391
250
4526
1504
7438
5923
1585
1972
5233
6810
3938
2611
3390
1671
6839
7349
4830
5871
6551
5964
5364
4569
5801
932
5805
2494
3835
4472
4609
3039
199
309
2283
3835
8091
3814
2893
2924
1810
7195
747
3789
1473
434
807
6726
3361
3871
3716
7752
8090
19
4034
515
7910
4100
411
4448
6820
4340
4312
7631
1899
5059
7177
3398
1275
797
1958
4439
3384
705
807
6114
6983
6040
586
5627
2607
6844
3814
4500
7107
5828
4083
3136
8160
4796
4372
4785
6703
203
5805
5309
7386
6110
3521
2349
1009
5250
1872
1253
3859
1253
2389
7234
1171
6898
792
4482
3047
7184
7415
160
794
2311
7154
3389
4842
6089
7070
948
709
6526
2526
4962
2711
4249
7960
1266
959
2972
1413
7542
5341
2384
4310
5867
7935
2006
6806
6247
7363
8049
5844
706
4941
6861
5694
6380
919
5840
3048
7975
7623
2330
4129
4283
3808
3026
95
1528
951
5810
3812
6804
3198
10
2727
5367
6194
6124
4607
7457
6612
3151
7657
722
727
7437
84
3617
1479
403
7706
3978
438
7232
3467
1239
2595
2956
1818
2589
7691
1675
3572
1970
7915
6875
1998
1191
7610
6847
2158
2897
4115
3606
477
2510
1539
1414
5472
2881
7442
6450
4517
6204
3858
6463
5598
5583
994
2208
2199
4707
4842
7561
4139
3098
1850
7219
8119
3699
7803
4230
57
4851
5169
2751
3044
6103
348
3358
706
2613
6075
266
4312
3059
7179
4011
5492
3971
7416
344
3078
5796
30
3560
5344
1029
5403
2260
7484
4543
3407
7848
7525
3326
908
8025
5928
5129
729
1554
272
6929
4543
2152
6780
6091
3750
1905
4769
810
4166
1953
3749
2047
471
1556
4145
6000
5672
1589
3682
649
2320
2727
7452
2118
1466
4766
7406
7518
3047
7196
1270
5798
4912
819
6368
5512
507
6308
4741
310
850
6769
7469
116
2265
7664
5644
5394
3291
4134
257
1046
1750
7229
411
1312
8080
7196
6700
3039
6089
6818
6413
4549
6635
7118
4781
6304
4487
2234
5421
2316
2186
3066
607
5133
2276
783
4202
2799
5477
3240
5129
4207
466
2277
7739
2257
5277
4315
91
6650
4568
5579
1060
6083
2656
5150
5214
7850
7212
5923
1435
3473
243
4979
7177
2082
5412
4542
1989
5545
2796
6258
2325
3584
2773
45
4204
7393
1709
3267
1159
4187
1712
7640
2907
3661
45
6583
7165
2400
5565
2979
1851
6798
2647
2272
725
908
649
3572
7067
2553
3389
1803
7451
2629
4609
1893
2408
1944
5430
6176
7311
1956
3171
4735
7570
5547
3598
3245
5779
601
3519
6504
2991
5127
6858
1332
296
2752
1893
2737
5164
3741
6417
4224
2285
7872
5537
722
7995
1009
3220
7716
201
5489
2684
4291
4399
3702
1009
7279
998
6202
6074
7244
4750
4345
6239
3733
831
3331
6215
6997
5143
4809
960
2309
7419
2285
4361
2496
2106
7294
7013
7940
6447
276
7591
5019
7418
2022
1733
6069
2015
5288
966
4162
1220
7773
320
200
2004
397
2916
3995
2015
729
7861
2325
5779
4077
2166
6824
35
4139
4011
7940
783
2736
2343
6677
4581
3358
4353
7861
61
215
4608
4885
746
5882
2855
7901
4509
3608
980
2705
7798
6945
5226
7056
1313
1576
2459
4441
3433
5909
6141
4326
7901
1740
7901
4448
3358
5024
137
6679
2105
6649
6973
6877
7845
6650
631
5272
5997
4647
1579
5352
3188
6258
1241
5102
6895
6533
3807
5364
5385
8176
1312
1103
5643
3585
7866
123
6645
5066
4472
6932
4339
1527
1852
913
1245
5167
1550
5272
925
5285
