0
0
0
11
6
1
0
2
8
2
5
0
1
1
0
1
1
3
0
0
0
0
2
0
0
0
0
2
0
0
0
0
0
0
0
0
0
0
1
0
0
0
0
0
0
0
0
0
0
0
0
0
0
0
0
0
1
1
3
0
0
0
0
0
1
0
1
0
0
2
0
0
0
0
0
0
0
0
0
0
0
0
0
0
0
0
0
0
0
0
0
0
3
0
0
0
12
0
0
0
0
0
0
0
22
2
0
9
7
5
0
0
0
0
0
0
3
0
0
0
2
0
5
0
0
1
0
0
1
3
0
0
1
1
1
0
0
1
0
0
0
0
0
0
0
0
0
1
1
0
0
0
0
0
1
2
0
0
1
0
0
1
1
2
0
0
1
0
0
1
0
0
1
0
0
0
0
0
0
0
0
0
0
0
0
0
0
0
0
4
0
7
0
0
0
0
0
0
0
0
0
0
0
0
8
2
7
4
4
2
22
2
1
4
1
0
1
20
1
0
0
12
0
0
0
1
0
0
0
1
0
0
0
0
0
0
0
0
0
0
0
0
0
0
0
0
0
0
0
0
0
0
0
10
0
0
7648
6563
6391
1179
4570
7452
3786
6303
1944
7173
1742
4874
7613
30
2280
978
7861
6827
5997
5989
5682
3358
4852
2410
2009
966
5760
3980
5377
504
5785
4482
1709
8021
4011
6072
4270
7950
4995
3816
3585
4987
1182
4777
2635
5434
5149
7723
7209
2464
2049
2127
679
39
1040
135
5159
6935
2649
2707
4737
61
5531
933
4931
644
6137
2002
5419
3238
5998
1038
4775
5560
3492
3271
6141
5993
4497
3715
4858
4339
1462
4229
7253
6253
7691
6650
6165
7570
390
6677
4050
4425
1091
2248
6574
5739
373
3051
7518
7518
5542
5850
6253
1277
684
2772
248
4457
3047
1217
802
1822
1478
4472
2464
5499
5767
2844
6990
1350
4643
3732
1944
532
2379
7466
7233
7214
2663
883
2671
3460
4498
4975
3347
4441
3740
5915
906
6740
7911
5780
7723
8128
8135
460
5531
1698
3857
4431
3530
1057
479
3524
1494
5408
3255
3055
3769
8023
4516
7785
123
7138
7689
7570
6533
6176
3740
4291
6248
2576
5273
1441
6895
614
4881
6000
6016
6053
8025
2796
995
1409
1531
8050
1752
5013
3381
6121
5189
1777
4424
1048
407
7739
3465
2516
7570
4881
6139
5576
2541
3314
501
6265
3114
409
2558
2248
2601
418
1550
2799
6384
534
709
3468
3209
5566
842
1485
1820
3086
7679
2100
7384
3503
5957
4038
6997
5933
3740
7823
5997
1011
4505
6776
2982
2619
464
6972
6227
6061
6138
3628
5472
2155
1818
6310
2263
20
7211
4223
3722
758
1798
7312
3305
4462
418
6053
783
2629
3851
7613
1821
5220
912
5132
770
2342
6999
7596
6045
7305
2965
7227
2487
3061
6934
3532
2920
4579
4160
6053
5131
2546
8018
4583
2379
8010
807
6221
369
1401
7101
1323
6261
2737
1824
7769
325
5039
3011
6814
7610
1008
464
4353
1661
6353
3812
712
3712
2221
4340
4361
733
3324
5928
632
4292
6740
5867
7915
3490
1950
640
7440
2067
7602
2336
6044
4081
887
3646
1796
3813
4923
7166
6166
5086
2647
4526
5419
2381
568
2629
4065
6941
4214
7670
3916
5613
746
7064
7762
2569
2407
5101
3102
6657
3227
4142
7523
2194
6733
1234
646
7525
7760
2635
156
165
1675
423
3639
591
7699
30
297
649
6041
4852
5322
2773
3191
2379
2261
7910
3613
3336
5070
908
5443
4967
3708
4310
6528
1837
253
3805
3277
6243
7530
8135
3224
7384
6160
1029
4049
2248
702
450
4291
4049
2119
2489
2676
418
2538
3096
6326
4168
456
3280
7302
2179
3294
2944
8181
5806
3218
7873
3740
7739
3795
7234
5097
6099
5801
7235
5272
797
4011
3572
3732
26
3732
6831
4094
3480
4419
2766
7803
75
3029
6220
3158
2715
8091
1804
4515
7380
59
5145
5057
2766
7299
5760
7874
6168
4264
2419
1285
4017
7143
600
7823
5295
4538
4297
3207
4914
7399
7205
3254
493
4248
1990
6558
6335
5260
459
4672
6064
5372
3062
7833
7633
3483
254
5560
4689
323
1015
4531
4569
6395
8006
2949
2679
460
7330
7429
5130
5526
6849
3037
8122
1064
6883
7896
4957
5144
5091
4829
4168
4064
5289
5
8119
4074
7527
1289
3762
7845
6876
1245
6034
6289
5066
740
7915
4079
702
3828
7367
3289
464
3130
2662
4048
7154
626
6044
2809
4677
6002
3850
8040
644
270
4038
3416
4067
4526
2110
2967
5419
3740
5149
3671
591
2118
3686
5921
7798
3396
4036
2878
3257
1822
5145
1972
1827
1468
2092
674
4610
6765
835
5980
4078
446
4600
5322
3974
5419
3233
6069
3245
1217
5149
4209
2894
7143
811
4504
1965
1576
3030
7993
2060
5672
3313
323
1724
1911
6768
443
30
4893
1203
6714
8041
2436
7071
2679
920
3492
2613
60
3455
3391
5350
1839
7258
2248
1581
4950
2410
5898
542
4997
5952
5824
2492
6959
7918
7557
1582
127
5299
8073
3755
1640
2615
7258
4689
1733
6824
6892
5560
4543
2911
4422
3795
5739
5997
4270
5687
5164
2890
2727
640
6066
797
8098
7847
3510
5019
5101
7342
7127
2450
4092
8014
4345
4456
1155
7995
5531
4708
2578
95
310
5984
4099
5350
5332
2679
7798
1225
2067
886
41
3289
5584
6798
4617
650
7318
6758
2463
1296
8037
1531
2973
6998
7916
591
7910
7592
5739
1217
5272
3376
2110
1129
4232
8048
4800
3148
6322
3578
4572
4226
510
4036
4171
6614
199
1552
5172
6850
1149
7636
6458
2000
120
8144
5584
7622
2907
7798
6307
2415
1565
1774
6663
2613
7011
6639
2802
6950
5204
278
831
3101
52
7602
1552
6268
6572
2372
3452
3393
3489
7683
2532
1569
4088
4298
925
1965
2581
1830
4442
418
916
6845
2513
4509
3186
3322
1661
3358
3287
1551
995
2303
4698
91
1356
7080
3230
3014
4396
5094
7529
5242
422
2127
3571
5654
1129
5160
8048
7476
7118
6689
906
7755
715
2635
4273
1105
3950
1009
297
7258
4812
2995
5477
4477
2346
2751
2021
6885
3470
5489
1651
1247
1970
6479
2276
174
1459
2015
7520
87
464
5933
6776
4800
2379
5293
3218
1733
7872
208
3348
2603
2679
7143
372
3254
6111
4512
1334
1208
1857
2907
7229
4944
5092
1367
746
7561
7034
7048
1900
1241
5796
3715
5762
8191
3791
7283
2916
2255
1020
4211
1965
5242
3654
6735
2410
2679
3192
1590
702
657
4194
531
7143
522
1091
6612
8144
6540
1871
4400
4643
1472
7699
4538
2903
2289
3151
3594
907
4940
746
2780
5248
5013
3346
8094
1473
4975
921
1160
8011
2467
6720
2558
1105
5045
3834
1479
7067
752
2393
3853
6740
5374
5176
968
2753
1056
1105
3888
4644
7871
4934
6776
5975
5185
7670
6450
1129
1965
6720
6973
2405
1732
1680
1241
951
8075
1865
7739
6247
805
1647
4173
84
2530
758
1598
8190
3240
1600
3212
4475
1425
2938
6822
5398
1581
7871
3321
6583
320
7090
7545
5594
7785
4007
5332
740
4383
7647
2544
6612
4087
4377
1426
5228
7747
3255
5374
4718
4569
7723
740
3220
7223
1634
