0
0
0
9
8
0
0
1
7
3
2
1
0
2
0
0
0
1
0
0
0
0
4
0
0
0
2
1
0
0
0
0
0
0
0
0
0
0
0
0
0
0
0
0
0
0
0
0
0
0
0
0
0
0
0
0
1
3
1
0
0
0
0
0
1
0
0
0
0
3
0
0
0
0
0
0
0
0
0
0
0
0
1
1
0
0
1
0
0
0
1
0
0
0
0
1
13
0
0
0
0
0
0
0
15
3
0
6
3
2
0
0
0
0
0
2
5
0
2
0
2
1
4
0
0
2
0
0
0
3
0
0
1
0
1
0
0
1
0
0
0
0
0
0
0
0
0
0
2
2
0
0
0
0
1
0
0
1
3
0
0
0
1
1
0
0
0
0
0
0
0
0
0
0
0
0
0
1
0
1
2
0
1
0
0
0
0
0
0
6
0
5
0
0
0
0
0
0
0
0
0
0
0
0
8
6
6
7
5
0
22
0
1
6
0
1
2
19
0
0
1
10
1
1
1
4
1
0
0
1
0
1
0
0
0
0
0
0
0
0
0
0
0
0
0
0
0
0
0
0
0
0
0
10
0
0
8023
2629
8075
1971
122
4594
2019
6791
1075
4070
1864
1009
5314
1941
5731
7861
248
3795
411
6312
4089
4070
2502
1231
6847
1056
7232
2195
7533
743
5157
2661
2560
5412
3888
6258
2426
2274
698
1029
783
5314
7559
335
4007
7413
7154
7234
3051
1823
4667
5113
3454
6186
6980
2938
7753
4817
5430
7680
2175
2059
7582
5168
5427
421
5579
3512
1117
4345
4074
3106
2835
5447
1595
1253
1989
764
5833
2787
1447
6502
7777
4536
5608
672
6035
5867
4482
2137
7
1140
5344
2907
3196
5896
5798
6002
841
7665
2811
1979
3158
2202
7344
5214
384
4594
4517
4423
22
6555
4330
2183
3543
4277
753
7905
6733
4390
675
7034
1488
6708
194
2560
1680
484
6761
1105
4689
1733
2071
4925
4667
1824
6053
5120
4224
15
6358
4174
5207
7649
6023
2091
2228
6892
935
160
2855
2736
3321
3443
6645
46
1012
7860
1799
5650
7223
5682
4339
2283
919
1038
1523
1581
5762
1593
2459
7438
6924
1656
4583
3639
6444
5942
901
5117
3834
1027
3836
7194
5801
5805
331
6332
2650
7924
6198
7413
6227
5288
7013
7154
4851
1774
4867
1971
708
137
5182
133
7018
354
7694
2603
463
7486
2194
3841
1007
6927
7801
7441
2645
5077
7764
4707
2080
87
8080
5185
6481
492
7391
4710
5048
6937
7190
3625
4628
2780
5838
2984
7639
404
333
5510
1258
2252
6339
5420
2563
6687
5591
4515
7093
1554
4759
7956
4224
7236
7717
5997
7271
5648
2496
7811
1010
6000
6215
6411
4242
1750
5162
6427
6715
7577
7931
1566
996
204
311
2320
7002
8041
6426
6107
5850
7415
335
7910
2916
5857
2066
7205
217
4878
5690
5559
5445
698
1544
2717
5975
4399
3744
227
2715
2934
2600
5433
237
7687
1170
3664
7934
2585
1411
117
7149
2999
5232
5470
1124
7178
7063
5013
6437
3575
6760
8133
4294
2166
1776
7484
7543
2136
4453
6636
2280
4689
5715
1835
488
2303
8010
5558
2227
2077
2333
2427
7444
2256
5144
7978
4610
534
7845
6926
208
7165
4291
7442
7289
4812
575
4303
7984
4950
4874
388
2616
4533
4796
5930
5736
6011
3329
725
1560
7274
6467
3238
1262
7818
3532
7098
6232
3155
390
7596
7011
556
411
5494
6144
2374
2271
3378
4900
1402
6996
7740
30
3184
214
7092
2811
1155
1957
6928
2140
5082
442
2444
6915
1036
3946
120
3404
3282
1616
7022
684
2137
4701
3469
3457
7788
921
1755
2766
6303
3974
5514
1430
6460
7984
4646
5567
138
6735
4820
1783
7483
7324
8012
6444
6904
8043
7024
689
6732
1189
3106
7592
5748
790
1567
7101
769
5363
7844
5308
1962
1164
4934
4800
5975
4415
4270
4294
214
1853
6627
972
3075
3998
3211
625
3760
2033
1795
341
62
5543
7480
5701
2656
8096
7576
5630
3704
6710
7346
2023
7921
2454
4295
4190
5332
1253
5482
7230
1040
1709
1437
2530
1620
3021
3834
6145
4481
5862
8068
4295
7140
3178
3666
4560
3791
6110
3289
2895
2815
4081
2765
5368
2275
5222
919
4845
7059
1900
457
297
5403
1733
4340
3783
2715
7993
2649
1396
2715
1642
7752
5263
2276
3858
4226
1798
8129
602
1078
6036
1800
6238
306
2660
5210
3486
7645
4718
4426
8184
214
5896
684
2741
4984
2165
4435
4083
1872
6198
5856
6788
1980
2994
3289
7911
6661
866
1645
3331
2253
584
328
7420
2164
4933
6146
2735
6694
6680
4175
5181
6215
5057
1114
3671
3934
4326
6551
7
3979
8144
2973
6348
7926
2920
7177
4034
7460
7852
8156
7457
5871
3708
1196
4209
2565
5808
7490
2342
7649
4455
2777
1467
7312
217
8103
5514
7894
1010
7932
6198
5487
4523
2803
3389
2465
6548
2318
1890
7835
1237
2715
2317
2685
3845
3294
519
8027
7234
5871
7619
7085
974
4578
764
7419
6503
204
6588
6761
7049
4020
3433
727
6820
3809
4569
7753
1
7595
3942
255
1515
1979
6898
3491
3162
3827
5649
1773
126
2258
54
5402
5917
2041
3980
575
7230
4830
556
1023
3386
3420
5993
5494
722
5738
5661
6776
5999
1550
2134
2089
7765
403
4806
6284
396
2478
1346
252
7384
7138
1397
5624
2038
4619
2650
4118
3997
2041
4758
3326
916
4858
1732
2922
5332
7548
7350
2916
7980
4998
6756
6038
1744
5865
1433
6030
6233
2601
6839
904
3279
7242
6294
5074
3833
7525
3755
8155
6480
7854
3452
1997
5077
434
7556
7319
254
1969
2379
4372
123
5275
746
437
2530
7755
7785
2457
4044
4889
7620
2578
6740
1237
6752
4205
5782
4237
7371
1320
5475
7155
2410
825
7163
1854
2512
6000
4329
7936
6756
575
1631
6041
7196
2603
1292
3749
5767
7714
3841
7251
8175
8012
1924
5598
2539
5636
5649
4716
797
4525
5168
6550
6833
5423
3731
3666
8187
3475
6233
3494
3223
5248
7665
4139
1497
5185
1644
4919
6520
936
5356
4424
4658
3921
7432
4599
2457
947
7342
5623
7011
7995
6237
3492
607
4478
4264
6437
5682
1046
4039
3071
3389
7107
4256
338
568
1550
1028
4211
7787
7240
1756
4306
942
7048
5156
5816
179
6744
476
4202
1048
5531
1768
1331
1588
5730
2999
7915
28
985
7806
4670
5279
1003
3240
80
3475
7205
7697
6349
731
8078
6247
4946
797
3784
6736
1074
4032
4265
7301
897
2106
1331
1759
3153
2049
7134
1589
3528
45
778
5100
5232
825
4580
3911
6635
5374
508
2127
8160
1145
3814
7317
217
5604
725
508
1825
7765
7013
592
4428
5936
3240
2252
1118
4702
1430
1675
6258
4183
2418
3775
5332
5275
6320
4670
6828
2915
6795
5690
437
5079
2892
2411
783
7258
6438
1331
3739
2934
7665
7118
4478
4856
423
7299
28
5731
2663
8135
4475
912
3809
4973
2766
4881
4851
2791
45
1492
6587
5292
2464
4878
5928
3541
30
3010
6000
896
4089
7223
1830
2732
6307
6552
3860
6553
1948
7371
2894
7520
4755
6818
6602
542
6249
5689
1733
6761
3797
1090
7431
