0
0
0
9
10
0
0
0
10
2
3
1
0
0
0
0
2
0
0
0
0
0
4
2
0
0
2
0
0
0
0
0
0
0
0
0
0
0
1
0
0
0
0
0
0
0
0
0
0
0
0
0
0
1
2
0
2
2
3
0
0
0
0
0
3
0
0
0
0
1
1
1
0
1
0
0
0
0
0
0
0
0
0
0
0
0
0
0
0
0
0
0
2
0
0
0
8
2
0
0
0
0
0
0
18
0
0
7
7
5
0
0
0
0
0
0
5
0
2
2
1
3
3
0
0
1
0
0
1
1
0
0
1
0
1
0
0
1
0
0
0
0
0
0
1
0
0
0
1
0
0
0
0
0
0
0
0
0
1
1
0
0
0
1
0
0
0
0
0
0
1
0
0
0
1
0
0
0
0
0
1
0
1
0
0
0
0
0
1
1
0
9
0
0
0
0
0
0
0
0
0
0
0
0
5
10
8
5
2
1
26
2
2
5
1
1
1
17
0
1
0
13
0
1
0
3
0
0
0
1
0
0
0
0
0
0
0
0
0
0
0
0
0
0
0
0
0
0
0
0
0
0
0
10
0
0
5561
3022
3433
783
5034
2915
7617
5722
4353
1971
4962
1003
5730
2405
83
4229
702
4609
507
208
1217
332
4291
5224
2663
6389
54
6198
7823
536
2887
6271
3123
4303
5997
3851
5019
765
2607
831
3460
89
5115
8159
7398
1048
34
5693
5248
4164
4997
4800
4400
297
1173
4385
6441
2856
6849
6354
4467
2152
2041
727
1029
978
6535
6089
4478
5778
474
7985
1659
2034
1157
2290
2780
4294
978
7752
5877
5650
1551
1564
3176
4352
2905
5376
3995
951
5997
704
4940
587
1929
1631
7143
3186
722
5157
5048
1118
4869
2634
722
4441
619
504
8047
6405
3847
5906
14
2133
649
5130
519
7573
471
1661
948
7745
297
4383
5477
7825
6256
4793
1566
1675
2576
4385
7041
7592
3469
6384
3847
7209
7061
6391
3732
2780
5560
4857
6587
165
7823
1155
4120
1638
4526
542
6036
7207
4852
4849
2662
1155
4053
6027
675
4517
1833
5760
1466
7823
4702
1576
6395
2110
7723
87
5682
3230
1733
7424
8116
6829
5092
7415
7689
559
5151
1581
1506
3571
5688
7524
2938
6510
3477
2405
819
3911
6384
2333
1506
3348
5000
4716
7491
2541
1253
2741
7753
3180
393
7102
4856
4368
4939
1556
6104
1075
2400
1777
6730
4479
4516
3644
5168
973
1740
6636
7940
7872
3240
6384
5831
6775
3597
2678
7419
7940
212
7755
5252
344
5325
496
7343
7329
3521
5288
3835
2777
3589
4340
4383
3100
896
4053
1137
7011
250
5454
2513
1209
7451
4718
418
4202
7014
8
1776
2974
5517
698
1036
4598
4104
7438
6829
5040
7963
3005
6580
390
686
2586
5608
423
7154
5077
3413
7258
4092
4955
2907
6926
1929
1988
2285
591
3483
7029
3402
438
7386
4178
7177
7811
5970
2824
4810
1078
1515
8105
8134
7671
6677
5013
482
4426
4017
684
4707
7910
7533
593
1769
686
2639
7
4950
1023
4796
3481
7798
240
4422
5274
2981
354
3488
6951
4649
7965
3467
2381
22
6531
699
5874
876
6253
3196
4707
1024
4011
7776
1924
680
6258
5742
8046
1830
1105
7011
7389
5272
580
6752
4843
581
6736
3230
5855
4866
5433
4859
5238
5005
5422
78
89
3402
383
845
3481
6124
3143
7053
7167
2676
2309
7940
2277
2663
5248
2068
676
851
5812
6408
8137
6659
1130
4944
4810
7973
7326
6526
1825
3149
4021
1008
7302
2676
480
1631
8046
7517
6276
418
3477
7244
5574
7940
4183
6450
722
8179
6843
6534
1472
7569
6558
6994
8162
3567
807
325
6752
5576
1047
7141
1317
707
637
3656
2285
6104
857
6590
4644
2080
6082
1821
7584
7615
7615
4342
1430
2268
3997
3910
344
4035
5816
5200
5057
5545
658
4172
4590
6892
3286
5871
2706
7441
1968
5102
123
2916
2967
6996
4950
2907
6041
2663
227
1971
960
7940
6680
4732
565
1048
2641
273
7086
8119
6612
5588
2979
6499
6331
1134
828
4523
683
1047
7896
7421
1057
731
6456
1472
5705
683
951
6165
4881
2558
1856
1414
1776
5898
1560
3862
8006
2427
377
3544
7963
7821
7931
2663
1357
7831
1998
8144
3578
1123
4642
7242
6756
3367
4337
2754
3809
8047
6795
488
2271
335
4340
2271
1331
5754
5310
8147
5348
1356
7297
5819
3775
7894
4903
3120
5675
8081
4382
153
4678
5624
2175
3732
4570
3575
2499
2996
5181
7984
6583
1160
4213
4975
3732
2463
5948
45
3604
7056
6638
5330
999
6663
5233
3628
4769
5201
3841
5922
1254
4608
3230
786
5337
5596
5993
3191
6552
4291
8078
601
331
6926
925
3706
2978
2271
2558
5275
4569
889
6636
7334
6224
7509
8043
5646
3911
6990
2337
72
8091
8045
270
270
1590
418
6201
3492
4869
2764
4796
2902
5232
6955
2406
6195
4536
6635
6089
3457
2600
7031
1767
5123
1008
4249
8119
7339
5924
235
4778
5341
6515
1095
303
18
5013
2104
2166
7210
5333
1534
845
5332
5019
4952
7539
3986
8
1859
704
7889
3199
5192
5460
1145
3133
4943
504
5431
2727
7602
7333
6304
2518
5377
5529
4702
4874
899
3046
7143
5325
684
1965
7292
848
6276
2271
4950
5079
1062
2252
5896
1698
6709
5892
6561
7046
7563
6299
8068
4059
1202
2765
4789
83
4521
1965
5739
1241
383
5530
6829
2229
4796
4788
534
457
951
484
4017
825
4492
1971
740
3497
5808
5156
6547
2460
6764
8073
5535
7541
5475
358
4350
1453
7915
5920
1979
1699
2137
6449
4339
7738
1217
1672
5375
7384
7787
859
5831
4406
3666
3358
1988
331
3069
6244
986
1461
5145
7748
7398
1534
48
2540
6824
4796
7029
7798
2671
2354
3077
7613
1579
6450
8004
2968
4944
3037
1823
2851
8190
6495
4749
4830
2137
5701
1765
4484
2285
7151
7636
3340
2341
1956
633
2118
3519
7033
7598
8157
795
1544
169
1581
7679
5982
5730
2015
4489
896
7670
1607
4628
7153
447
3765
7745
7665
7435
4089
486
941
4866
5080
3576
2856
2110
6249
756
3743
3706
1247
4987
1506
5128
5871
1045
45
7545
6089
1241
6217
778
4361
3809
1736
4689
1051
3572
3174
1488
4482
491
3835
5288
2916
3477
96
7344
3962
5369
4374
4516
1958
1554
8191
60
7924
4888
1821
1607
96
3304
1010
7755
2907
4152
4644
5272
7910
5375
2894
1830
5627
4702
5024
2661
2002
6907
1075
6031
6011
5344
6121
6578
5128
7196
6121
738
4222
3022
4630
7910
6271
4406
3197
5587
1067
4900
3427
4053
3454
5492
5232
1830
1581
1466
1414
7415
7053
721
1395
2999
4630
5507
4666
1615
2177
4940
3742
7601
3576
4291
4708
7078
2684
591
851
3002
1784
3712
2489
6252
7240
5128
8135
6035
8023
6501
4812
2676
1038
1965
6000
3642
1105
4729
5171
7956
3483
6501
2513
3771
390
1029
5024
5767
3572
7592
7670
45
4651
4794
1544
4568
7798
1532
2905
4793
8138
1774
7190
276
2325
3401
1954
6307
4881
3153
1217
6660
7094
7545
7223
2676
3600
7178
1309
746
4851
6552
1620
