0
0
0
10
10
0
0
1
8
3
4
0
0
0
0
0
0
1
0
0
0
1
3
0
0
0
4
1
0
0
1
0
0
0
0
1
0
0
0
0
0
0
0
0
0
0
0
0
0
0
0
0
0
0
2
1
0
1
2
0
0
0
0
0
2
0
0
0
0
4
0
0
0
1
0
0
0
0
0
0
0
0
0
0
0
0
0
0
0
0
0
1
1
0
0
0
8
0
0
0
0
0
0
0
18
0
0
6
4
6
0
0
0
0
0
1
6
0
0
0
0
1
1
1
0
1
0
1
0
1
0
0
0
0
1
0
0
1
0
0
0
0
0
0
0
0
0
0
1
0
0
0
0
0
0
1
2
0
4
0
0
0
0
1
0
0
0
0
0
0
0
0
0
0
0
0
0
0
0
0
0
0
0
0
0
0
0
0
0
4
0
8
0
0
0
0
0
0
0
0
0
0
0
0
9
8
8
3
3
1
22
1
2
1
4
2
1
16
0
1
1
10
0
0
0
1
1
0
0
1
0
1
0
0
0
0
0
0
0
0
0
0
0
0
0
0
0
0
0
0
0
0
0
10
0
0
7253
2172
2958
2916
3600
4857
1430
5224
2975
2002
574
4578
5682
26
2358
2405
5050
5173
2777
3240
5682
1786
7205
1270
1948
6677
4146
3728
1270
4207
255
4707
283
1038
7468
4270
2629
2754
1506
3346
6540
4700
3153
3235
5839
5921
5514
4710
243
297
5915
3893
1204
1733
3186
3995
1932
6680
5517
3263
2327
7011
5024
7613
606
7784
5223
811
6041
215
973
2915
7752
7691
8127
1103
6820
3391
722
2354
2105
2308
575
4646
5365
2015
6847
2260
4852
1362
6940
2613
5145
3809
5100
8167
6041
2459
722
7546
5982
390
4735
7058
5169
5145
2684
8016
7454
4926
2248
1989
4355
3510
1238
5605
5993
6369
4209
966
7495
1295
2661
6680
5589
6454
2049
4876
7591
1631
7722
1965
2135
5982
5701
4115
6456
3322
5242
4881
3997
5189
4511
7844
3980
6070
4712
2737
4092
7721
1057
6069
966
6651
5751
1023
4735
5133
7739
4703
4194
8190
298
6144
4847
5145
1023
1709
6384
5408
7913
1217
5802
2922
951
471
2015
5619
2370
1733
6791
1243
3695
1919
1631
1842
795
4812
8011
1576
1749
5273
7178
5790
7978
1360
7195
6361
1046
4702
4878
1664
7622
4339
4858
7
7722
7243
5730
7820
1556
6724
1478
3682
1774
7176
2679
852
6070
6895
6645
5540
5778
3576
5129
3942
4878
7940
4406
8191
174
229
7491
686
6818
5993
3457
928
2405
2907
204
6335
7737
7737
2491
731
5928
2070
6210
2047
5064
722
7692
5948
7013
6384
4950
3454
1774
3071
348
538
6027
1780
1425
348
5643
472
1241
3330
4636
851
356
8122
1489
4303
6830
5902
4594
6495
1229
764
2934
4546
831
3432
7118
4312
5874
5275
3237
1270
3212
2676
4644
5203
7190
3443
393
7940
6042
2012
7281
6133
6562
1974
7531
2656
7583
3835
5778
6737
7679
6973
3402
896
1550
5627
7997
7258
2777
1786
4291
5833
2459
6395
6053
3401
3682
3100
5392
4352
1447
3078
5395
5156
7232
2943
4149
7838
1460
7877
2483
5874
3741
8143
5761
460
568
7205
5290
5408
783
6386
3071
7033
4580
3851
4007
1029
3600
2364
4863
449
1382
5516
2172
949
3903
5920
5383
7192
6601
2910
5556
7901
6417
534
1137
5403
3433
536
5801
534
6661
7940
4670
217
4229
2459
5024
5403
7051
3835
6251
4149
6562
3646
5463
8045
1259
6731
5737
6522
7696
5109
1258
7829
1550
3835
3245
6262
390
2405
1103
5145
3661
6929
1238
4867
3176
4312
2825
3667
1765
6722
5135
2688
3017
3261
3777
773
1064
6659
3882
1694
239
692
4583
5047
643
2773
5913
389
7229
2922
6403
3359
5066
2024
6980
8025
3974
2922
6697
1262
1398
6712
1396
5964
6449
7086
1551
7748
7973
8010
6793
5751
4021
2029
6254
4607
1808
7451
5954
5371
7154
6753
7197
2676
7679
7980
7209
1863
5643
765
3187
3363
2336
826
1276
4791
5353
2448
549
7303
999
4583
1241
5844
6478
6095
3590
6712
6801
8025
411
2405
2112
8025
4202
4569
1539
5107
2907
7745
3123
559
1581
1396
1660
6559
6667
2662
2976
7823
6668
523
2972
3294
906
1340
2613
2256
1329
8085
1590
5531
2894
4708
6895
3575
4007
4007
3572
2157
5608
7011
3577
1488
4578
2330
4010
4599
303
6498
6352
1485
6449
2799
2112
2532
1646
1783
872
320
7337
6785
4746
3980
6307
5743
3809
7041
1592
7860
5840
7160
3439
1395
6645
3816
2086
1472
8122
1107
2992
565
1464
7661
470
363
2304
4925
4153
3789
628
1339
5478
4943
7438
2308
7755
2189
714
1666
3123
1536
5171
4312
369
1057
3821
7258
4202
1586
7851
7203
8159
3001
2424
8002
2671
743
5748
7303
2226
1784
4903
1305
476
1650
5687
1733
4856
6791
7918
3814
4670
4739
8138
6141
4616
6189
4522
7570
2684
3675
4186
3989
5240
552
2635
145
3473
787
6839
4358
5871
2091
6415
6465
1702
633
4619
7064
966
914
1576
5998
3809
3004
5229
1823
6864
2754
2634
4867
5874
6233
3594
3893
5883
4643
6254
805
3113
2178
4524
406
3089
2766
8129
7306
5353
1276
4644
2499
6740
5034
6411
1075
7722
3510
6980
2225
6831
5778
2949
5430
7096
1562
7369
6692
3681
1199
5401
3325
4953
6798
7037
4605
1541
2486
1028
4967
2270
466
139
210
3168
4154
92
5077
3572
5066
5290
2916
2907
215
3464
2894
7258
2844
4119
2086
2148
7457
2574
6521
6951
7098
6736
1702
2177
2178
129
2715
534
4874
6639
4207
4835
3568
3642
2907
7823
1038
61
6263
5850
4319
4329
2459
5997
3173
581
3478
6831
5957
7591
2450
1314
7312
4855
3857
2516
280
2137
297
6262
1613
383
2309
6141
2467
4812
2489
6104
851
5608
525
123
920
746
4011
2464
395
6129
6518
4086
59
1262
7269
3726
7192
5596
6411
5242
2229
2219
1234
3120
3158
5332
6449
1600
2967
5739
1698
7371
747
2441
214
5754
1087
5738
6438
2137
6818
1748
481
1892
209
6568
4692
3161
959
3667
3790
1118
5427
2489
255
3862
331
5998
2907
3494
1584
6147
1584
574
1129
297
4950
1607
4419
7467
3159
4106
1787
1048
6635
2441
724
2165
6567
6437
7067
5225
7688
2015
3575
7598
765
1062
4858
2252
3196
4340
5077
1539
5682
1706
2474
3995
2916
7995
2066
8011
2031
1769
2260
6227
7997
3861
5288
1739
4270
1209
3100
2753
3096
3700
48
1714
6522
4926
2905
7723
1479
3809
7665
6320
5594
4643
7982
1864
7798
1281
525
215
5746
7303
5290
3631
109
2934
7570
7570
2916
4703
418
7588
7691
7234
1042
5376
1732
2780
3055
2903
7299
3959
7391
4053
2080
3154
5672
1971
5762
1076
6303
5482
1611
3510
5232
2459
1217
3468
6031
361
3184
1852
2907
7229
2856
7524
5890
990
3186
966
7256
3555
3943
1576
5275
1105
6053
3676
2459
7451
6447
3712
6041
2080
1494
5975
5175
7785
332
4654
3004
1863
6954
5514
4796
5248
7229
5120
5782
3526
2677
2219
1631
5309
3585
1155
649
1453
3861
2639
1546
