0
0
0
10
10
0
0
2
10
1
3
0
0
0
0
0
0
1
0
0
0
0
2
2
0
0
1
2
0
0
1
1
0
0
0
0
0
0
0
0
0
0
0
0
0
0
0
0
0
0
0
0
0
0
1
0
0
0
4
0
0
0
0
0
2
0
1
0
0
6
0
1
0
0
0
0
0
0
1
0
1
0
0
0
1
0
0
0
0
0
1
0
3
0
0
0
11
0
0
0
0
0
0
0
18
1
0
6
6
5
0
0
0
0
0
1
4
0
0
2
0
0
3
1
0
1
0
0
0
3
1
0
1
0
2
0
1
2
0
0
0
1
0
0
0
0
1
1
2
0
0
0
1
0
0
0
0
0
5
1
0
0
3
1
0
1
1
1
0
0
0
0
0
0
0
0
0
0
0
0
0
0
1
0
0
0
0
1
0
5
0
6
0
0
0
0
0
0
0
0
0
0
0
0
7
6
7
6
5
2
24
0
3
1
1
2
0
18
1
0
0
12
0
0
0
2
0
0
0
1
0
1
0
0
0
0
0
0
0
0
1
0
0
0
0
0
0
0
0
0
0
0
0
10
0
0
3288
4214
2958
6332
1534
1015
1453
8075
2017
5260
5350
2535
6667
5743
7171
1255
684
109
6233
3506
5332
8184
7380
6481
7613
1587
2059
4186
5149
120
4199
5225
6796
1131
3047
4424
1289
1253
2825
2157
415
4701
7720
838
6545
2303
649
1913
7207
5810
1824
764
7078
3676
1798
4160
7012
4379
4646
2773
1662
6588
328
1258
2066
6973
6552
7506
6999
1483
2856
486
215
3240
2938
8073
4390
1067
4878
4317
6569
1554
7591
7344
123
5938
5867
6510
2830
6227
2066
5335
340
3098
7716
1241
1849
1661
4722
2343
1672
4146
5343
5165
3861
7389
6954
191
1050
7980
1948
7984
4628
2110
4881
2533
2509
3258
1106
679
1709
482
2405
5031
4634
3795
3186
7227
1129
6198
4472
7901
5013
4644
1776
4270
1105
951
208
3607
5514
2252
2080
3504
393
1944
1406
3303
7973
7381
6531
8045
6695
7052
502
3810
2379
248
3775
6276
3684
4849
4011
4074
3861
6677
393
6104
1733
7061
6249
7196
2325
2610
5143
2533
5751
7679
7884
1909
6892
7807
4786
2424
4802
4374
3763
4443
4522
1929
1613
6041
8080
7700
6437
1969
7294
4150
3071
5530
1452
4949
1285
1989
3220
5428
6829
4874
1497
6727
6326
2566
3307
6991
1998
6710
134
3692
5023
2757
3586
4698
4880
921
3013
715
4478
6535
4233
1613
4628
7940
5653
6117
14
6761
7563
7615
2377
2635
706
6589
882
5855
7831
7912
7762
4281
3707
403
2535
3580
4978
3416
4291
3438
746
2630
2182
6060
7666
480
5272
5720
5542
5250
507
1067
5687
5024
3123
7613
7454
6486
7639
7232
7725
3151
3024
1137
1963
8107
3463
584
2482
3911
2418
4618
1041
4482
7223
6590
7699
4478
4912
4763
3480
1270
2798
2410
8190
87
7995
7753
3345
6836
6663
2122
2612
6627
1207
1041
7027
3214
459
4313
5293
3755
4290
7011
7413
3352
7029
4652
2635
5163
6556
7940
1118
650
3904
208
3378
4583
7064
1821
5600
7111
2965
238
7085
5516
5123
711
908
6216
6642
1226
4926
7041
2999
5482
6384
4914
2578
5982
1524
6473
519
5542
142
367
8047
1594
4007
559
6521
486
4010
1615
6070
4361
2778
83
5217
4703
1170
4375
4976
4053
7988
7743
532
1531
606
5664
2835
6036
522
5732
2791
5964
4950
7982
8066
4596
4708
3577
4575
5896
4233
1351
4192
3433
1998
6497
538
5139
6561
4396
7760
6352
733
1800
5348
4598
2507
6307
5140
1236
6724
3849
5332
7517
2629
5112
6724
7337
6009
2229
6587
846
5448
947
758
7533
5650
1320
921
1011
5252
7058
7946
2976
6752
422
6083
6497
3367
2119
3085
383
8040
4643
7011
7517
832
3682
6988
4309
1087
5266
7347
4481
6281
4482
1163
6060
3038
5762
390
1105
7074
4552
3307
5274
593
6247
1196
333
2265
665
5224
4623
5374
258
4361
2015
5343
323
3924
3862
6321
88
5853
3642
5397
4521
5128
4297
3642
8159
2629
1530
3404
7139
6775
3648
869
6388
5473
7081
4830
5709
1173
4339
4984
1961
7011
4618
3635
1595
5321
3432
123
5629
3352
5821
7995
6664
109
341
2662
959
6499
2657
6655
4985
7936
5350
6072
2032
3167
2685
8023
8047
2049
4194
2663
4062
7294
3529
3832
5484
1795
6412
4031
2170
3230
7256
7978
7928
1699
5350
6474
1395
1217
237
803
6415
2374
6108
507
2490
4070
7657
6271
8094
1017
2152
6321
7443
859
7619
368
5803
7444
1382
3578
3838
2158
6735
4273
5161
6263
2557
3106
2252
7011
2137
6645
3973
603
4986
8091
79
6103
1183
174
7673
3997
6810
6767
2724
5416
5922
7141
5192
1973
1262
6865
5770
5598
1329
6074
4670
4143
4525
5623
7011
5975
7207
560
536
8002
4827
439
6915
6971
1773
1009
7665
348
139
5252
7500
6169
3224
7963
796
5695
6594
6601
2951
6175
1635
4875
5222
7413
4152
4192
7415
5780
5168
4204
2957
3819
6411
771
2910
2541
7615
5224
21
3185
2049
4400
2660
5937
8062
1777
4571
1170
6220
6594
6785
8171
7855
2455
4510
6635
7294
3730
3460
3542
5744
2892
12
942
3862
2421
1163
3959
4594
4312
5403
1666
439
4313
6785
3728
4283
5386
6014
2033
1061
4889
872
1168
1334
7825
3599
919
6441
2441
1721
3352
3098
1029
7781
7398
8078
4390
5475
3741
5857
3358
4202
7931
2259
2372
4827
4526
4766
3361
3026
1439
7540
2427
3434
439
464
2915
4512
1672
2972
3995
5567
990
6535
591
208
6015
7785
5332
4896
4237
2894
4194
4291
5735
2876
5463
2962
165
8081
4518
415
8155
456
1939
7393
7056
861
2457
1203
4303
6656
5762
2354
2100
1076
4950
5724
5682
5933
4700
1969
3999
7613
2915
2967
7121
1694
7586
4038
7404
2011
4040
3697
2112
3628
3523
5455
3279
3804
2262
1628
1341
2284
2831
5863
4543
1620
718
5109
2512
3589
7591
129
4365
7816
5374
266
4791
8186
6626
7203
6533
7785
2585
73
5978
3932
457
1972
1702
796
7374
1131
763
6824
6233
1943
6937
4813
2854
1042
2127
1050
5276
8073
7940
109
6679
421
5165
2876
1474
3069
7697
5871
8091
397
2277
4913
1796
5770
134
4410
7169
7687
4628
4796
7823
2805
132
4274
1497
3589
1217
297
4971
1969
6258
5144
1776
3959
3585
6518
3950
2214
2656
2431
1638
4894
5871
5284
8035
7432
3726
464
7250
5894
4568
2252
4290
4688
1917
6495
5751
5576
7584
3010
6761
5153
5165
5997
4618
4521
1105
7901
2478
7476
3992
3407
2225
3565
6765
3503
7924
7817
2042
4437
1049
283
3071
1600
1425
6354
4406
4005
2130
7598
5779
6188
5166
5739
7143
1948
2684
2901
6259
1803
7452
6775
3819
5877
1183
3992
3828
2780
4174
3780
6151
5917
6884
4867
2754
373
4644
4925
556
2780
1434
6635
4089
6066
1083
2379
254
2907
5288
4340
3352
4089
1319
4547
680
1776
3973
481
14
7805
3740
3494
7886
5343
3004
7445
1659
7517
1767
109
740
2308
2283
5736
7013
5704
5517
1597
174
5730
