0
0
0
8
8
0
0
1
10
4
3
0
0
2
0
0
1
3
0
1
0
0
4
1
0
0
1
2
0
0
0
1
0
0
0
0
0
0
1
0
0
0
0
0
0
0
0
0
0
0
0
0
0
0
2
0
0
4
3
0
0
0
0
0
1
0
1
1
0
3
1
1
0
1
0
0
1
0
0
0
0
0
0
0
0
0
0
0
0
0
0
0
1
0
0
1
9
0
0
0
0
0
0
0
22
0
0
8
4
4
0
0
0
0
0
1
6
0
0
1
0
1
7
0
0
1
0
1
1
2
0
0
2
1
3
0
0
1
0
0
0
1
0
0
1
0
0
1
2
0
2
0
0
0
0
1
0
1
3
0
0
0
4
1
2
0
1
0
0
1
0
0
1
0
0
0
0
0
1
0
0
0
0
0
0
0
0
0
0
6
0
7
0
0
0
1
0
0
0
0
0
0
0
0
12
3
7
4
2
0
31
0
2
6
2
3
2
24
5
0
1
11
0
0
1
0
0
1
0
1
0
2
0
0
0
0
0
0
2
2
0
0
0
0
0
0
0
0
0
0
0
0
0
10
0
0
1774
4348
5094
2973
5516
5011
1534
2768
4530
932
2411
5982
3934
254
1346
6013
6892
7305
7120
6013
4700
2653
3039
662
1584
1733
1898
7912
4428
4202
1774
5549
4578
1693
6720
2004
463
444
7631
5848
8046
3224
35
2354
4310
3144
1049
2835
7933
1348
5803
834
6622
6404
344
1784
1048
36
5913
8027
3588
758
2244
4630
3768
6604
3489
7532
3508
1823
2023
7017
3813
2276
2338
7121
646
7735
3330
5200
3162
6004
4580
1209
75
92
6053
2244
7976
6932
1089
2686
6761
6253
5227
1581
254
1905
3447
849
5029
458
423
696
5724
3334
4707
4735
6885
1487
2725
2668
7728
7227
536
1765
6820
7491
3449
4800
5833
2429
945
3797
7155
6648
5012
3598
7230
4229
1155
1112
2506
721
5095
8126
3232
794
1766
4149
6928
5917
7668
2187
2544
7814
2275
639
34
5369
2199
1048
3288
5666
426
272
1873
5557
1153
1536
913
7757
1757
4509
7665
2916
1105
5808
3024
6777
3393
2711
7694
4298
4430
4313
6083
7084
5550
2181
4385
1447
654
1965
5627
7610
2280
3166
6650
958
7324
5715
1028
550
731
6227
3490
4835
756
4569
5928
3847
5836
7024
4466
1760
37
7581
3546
3325
7610
4313
6217
3146
650
24
3263
1105
6075
7235
1661
6531
3732
569
8175
500
568
1534
7869
7869
2330
894
1155
2854
4741
7536
6727
3198
4776
3325
7020
1500
3878
8172
7834
650
838
726
7520
1473
7107
1893
3320
5459
6738
2578
3200
217
1978
3542
7167
1943
1062
6721
6269
4064
7514
3155
5433
7518
8123
5867
6130
1431
2852
3622
7872
925
2489
1391
37
7493
4782
6864
7269
7533
5942
7909
686
7196
4654
6635
389
4498
2894
2219
7549
1168
2977
3644
4518
1693
7364
2039
1137
3721
906
5983
4359
7468
3196
3402
1617
2926
4095
5168
7316
3254
6886
305
1613
1479
4048
4256
5143
5143
3326
7910
6262
4750
2550
6659
4530
491
248
2979
869
3517
5630
5872
4069
6053
2624
587
6370
1595
5547
1024
3664
4590
2006
1170
5542
744
5322
6720
1483
2027
159
3631
4270
3415
1507
4277
4322
2890
6999
4153
4769
6984
6666
5204
2578
5163
2217
951
4426
7180
683
625
1438
6622
6558
2865
7596
2500
4361
6818
3280
968
3666
7948
531
5730
6941
1722
5516
287
1760
3164
2337
3939
6801
8078
6440
4948
5810
4707
5896
466
2811
7871
3673
871
7301
5476
5248
5542
6645
536
2328
4914
3427
6558
3849
2248
5821
7081
7520
756
2401
4887
5217
231
2833
409
6225
4556
7795
4568
6851
960
1744
2736
1736
980
8083
5326
1488
5324
2421
98
7615
3220
5965
2380
5853
5915
3331
1942
887
2228
2311
808
6134
7640
6666
8037
6321
6898
8019
2679
1830
4673
2421
3438
1672
7716
2546
6441
3145
534
1673
662
2940
4000
3764
2209
3786
1556
7371
6181
6671
6911
3531
3089
2262
2142
4578
7033
4329
7482
3353
2487
1050
3416
6847
7082
3980
5551
1241
3609
6262
3391
6262
4485
3764
4923
2844
4164
3247
2875
2238
2765
2550
3903
1292
100
6637
5516
1595
1048
248
1699
4339
259
3424
2278
7497
6571
7227
5445
1287
675
3487
7491
2780
7143
395
5350
1579
4867
916
5204
4721
2041
5292
7460
1295
618
1378
1971
7910
5143
8046
5514
2049
6251
3863
2838
7622
1234
6294
7585
7056
4595
3391
4817
254
802
3320
7823
1559
704
6417
3998
3833
671
1896
5113
5623
2190
959
5332
109
3728
3575
434
4984
697
5596
6622
833
4160
5791
5292
5608
5185
331
5095
4264
1631
4056
1631
6437
3995
4740
6452
5650
3186
3391
740
2684
5874
1584
2252
1331
6552
1856
6545
7865
7451
6038
4308
7186
8191
3839
3699
4491
8160
4387
3714
8174
2359
7414
5006
5264
2774
4912
5077
2411
2405
1409
1129
14
418
653
6884
763
574
3433
3244
733
2540
1633
1275
1735
1630
2419
2024
7527
7882
8176
4467
4857
7227
7034
7503
2688
7798
5024
2773
2629
450
1520
2510
896
4973
7831
2753
1025
7253
7739
2972
1870
7858
3768
471
6648
1885
7503
5012
7978
5245
3177
3348
1661
4192
6613
7484
4712
4881
280
1319
2773
6395
6799
3835
4022
4341
5601
5796
2441
88
1231
7829
2929
6515
5770
4509
248
6342
4561
7034
1780
1765
7442
5636
1816
2648
533
2662
3085
5385
90
2907
5112
5314
5591
202
4934
3631
4835
5661
4509
7887
5173
5742
323
4953
7526
2339
6041
2479
6578
7915
947
1522
4139
3851
4329
1774
3997
1090
8135
2408
7059
2410
4881
2558
2453
525
568
61
7059
1733
7739
6759
5297
407
3170
2209
3620
47
7227
6307
8111
4606
4003
1114
1823
460
6549
3790
4069
6116
3762
5890
460
5398
7997
194
5902
5595
2684
332
760
5993
5092
5225
5154
519
6608
1048
5010
2802
6997
2780
1057
7197
8075
6907
6650
3229
2957
1117
6109
5777
5672
7686
2015
5376
1463
7451
2285
5129
6258
7231
406
6569
3608
4497
6098
7123
1864
7106
3445
5205
2390
1299
428
3923
4326
2040
5746
1713
4640
5785
4800
5652
2709
4303
4987
335
1512
7545
1082
4004
4207
6103
3200
6875
4461
1635
4192
7562
2547
5012
6179
3210
7407
2436
7805
5803
3835
5320
6677
631
2574
4805
382
4194
4824
6069
2979
752
1243
7806
4479
7148
541
2823
79
1189
990
6370
1187
6254
6286
6499
845
5167
256
4017
3402
2453
1702
4785
3481
3481
5664
3494
2727
5644
7463
1661
3124
5375
4018
1944
4482
6321
421
74
2219
8156
7577
7610
7960
287
1259
3352
4873
8128
3732
2327
1492
7296
4346
2016
7995
2558
1803
1849
1534
3682
3854
411
5857
5272
2464
2558
6233
575
4263
3106
7226
6726
664
1336
5613
5203
7099
4372
4853
133
5402
3560
1010
5489
4598
4418
4950
1944
4392
232
4867
715
3741
4545
492
2772
6660
8030
6520
1733
5164
3176
5478
1013
7626
787
3557
814
1959
1746
7587
1881
3775
4087
7527
3941
5322
2829
