0
0
0
9
8
0
0
1
11
2
2
0
1
3
0
0
2
1
0
0
0
2
0
1
0
0
0
0
0
0
2
3
0
0
0
1
1
0
0
0
0
0
0
0
0
0
0
0
0
0
0
0
0
2
0
0
0
2
4
0
0
0
0
0
1
0
1
1
0
2
1
0
0
1
0
0
0
1
0
0
1
0
1
0
0
0
1
0
0
0
0
0
1
0
0
0
6
1
0
0
0
0
0
0
24
1
0
9
5
6
0
0
0
0
0
0
6
0
0
1
2
0
1
3
0
1
0
0
1
0
0
0
0
0
3
0
0
0
0
0
0
1
0
0
1
0
0
0
0
0
0
0
3
1
2
0
1
0
2
0
1
0
3
0
1
1
2
1
1
0
1
0
0
1
0
0
0
1
0
0
0
0
2
1
1
0
0
1
1
6
0
4
0
0
0
0
0
0
0
0
0
0
0
0
8
6
5
16
10
2
29
2
1
8
2
1
2
28
1
0
1
14
0
0
0
5
0
0
0
1
0
1
0
0
0
0
0
0
0
0
0
0
0
0
0
0
0
0
0
0
0
0
0
10
0
0
7086
2950
7477
5909
2426
4786
5927
5631
3533
1463
7229
5279
6384
1776
418
7570
255
2736
2441
4914
7940
7940
4233
4847
2850
841
7389
2538
8118
2359
5434
1289
7416
3517
1724
2722
3657
2163
5977
6544
1183
2461
6417
5514
2285
7190
2441
2684
2916
5057
4139
592
4670
1664
5376
5975
4689
7061
2929
3810
8176
5095
2578
2426
2385
3692
4511
5109
2795
1586
4519
793
7839
2771
2343
421
1988
5874
5428
7670
1620
3433
721
7663
5701
472
5149
1048
4353
5933
2597
4561
2967
2679
2629
6384
8139
5139
201
4717
7988
1462
6962
785
6963
7130
5375
6053
4950
3541
1279
4630
3391
7227
229
5066
7901
3240
1160
266
169
5374
7755
6847
8021
3510
4809
2080
5395
6065
2878
5217
6544
5888
7181
541
6803
107
7209
650
2405
1087
7011
5332
2907
6436
6835
2343
6385
2080
5903
4074
501
5567
7061
675
1317
121
255
5077
3209
194
1946
5228
7332
112
386
7756
6659
1697
5417
884
916
3433
5385
6053
2248
8022
7975
441
7603
3811
1263
7940
466
6593
4232
3152
574
559
7013
4670
1856
7234
7247
6971
6052
7192
7122
3010
6117
3597
4283
2796
3402
4609
4367
7302
8134
4997
6865
2413
6136
735
2606
3154
2676
7391
7051
4340
4718
7570
4594
4008
5452
5188
2413
7353
1949
1411
7666
3163
3136
4018
6677
7389
7061
3044
7398
3337
6679
2439
2486
4408
1798
1317
926
8069
4580
6674
5741
6307
7011
7882
3504
4950
471
3350
3413
3897
3066
7006
4363
7701
3651
1313
96
7872
6824
7528
4800
754
7030
5515
5719
1092
4005
3878
6458
2962
3637
6342
7355
4568
2868
3475
5350
1464
2364
3819
3501
7666
2927
1548
4980
8065
3039
8096
3704
6437
7241
4677
3340
6975
7532
2253
6896
21
1805
3813
4672
1476
5545
7181
2994
4867
797
6393
4609
5725
637
7593
6486
5028
7298
209
2136
4921
4854
6125
5205
6408
1585
266
439
6270
4275
4436
1768
5624
5300
7675
3017
5747
3946
7532
6547
5428
5997
3959
3240
2697
4064
46
5886
626
3149
3017
1740
3950
5131
3768
1071
1668
5942
2543
1397
3267
2427
179
2549
7894
1503
4856
7142
2561
697
3210
4950
5275
919
740
7872
1309
584
3066
1469
3452
925
2426
937
4013
691
3273
6412
2607
4637
868
6459
6927
4263
6800
5580
504
1909
3995
6589
5177
2911
1667
3290
559
384
2204
4365
1664
4442
4035
7874
6492
764
2570
2824
7963
2712
333
3657
6017
2397
3043
6494
5630
8117
5148
1117
4926
439
3037
2743
2038
2544
5276
3686
4867
3225
817
2434
6329
1821
972
6518
6404
5913
5928
5798
3004
6289
972
7141
2805
5401
545
5704
7960
1074
1850
5785
2951
4662
1661
4741
4620
2635
2541
698
4867
4712
6820
4259
7135
2860
9
67
5049
6720
1576
825
2411
56
3407
7247
5162
6764
6892
6138
4601
1113
2196
458
7694
6544
6210
4946
2581
4315
4788
2558
4522
1734
506
4889
5701
411
7972
7089
2918
568
1944
6243
359
4490
5008
3814
4263
6220
3710
805
1613
7138
5527
4525
5452
2632
2550
675
2751
7956
6740
5537
1550
1279
7755
5993
414
2358
7940
7419
2907
3600
5994
7734
2682
1851
1170
189
6935
1981
1981
4454
2863
1586
2492
4829
4951
7479
6114
3710
4007
7570
7823
2979
5892
6395
6384
5107
536
390
1550
3220
1576
1163
3199
10
3003
7178
1293
1930
7630
4859
3143
705
4145
6829
1170
5347
6963
6752
5185
5048
1082
1769
7887
1965
1048
7575
5343
210
5836
4255
1488
5874
7419
1664
5209
3750
6602
72
4011
3671
4047
2038
2563
1396
3179
7631
4424
1226
2481
477
4809
5756
7823
6761
4630
5376
5107
747
4840
4448
254
4448
3106
4341
5077
3811
2669
7184
2819
7186
5210
4482
4283
908
3654
366
6731
3965
235
1855
1503
6659
2499
522
3115
4153
98
1513
4294
2080
6000
6303
7613
5643
1021
5704
797
6971
589
587
7203
454
1171
1318
6411
1689
1048
4924
5675
1954
7980
7752
8078
896
2248
6590
6395
1576
1776
2533
6776
2327
5643
4700
466
5874
3682
7279
1613
5285
7570
7028
3037
6806
2655
6569
6762
7694
5202
4627
2716
5558
3309
6752
2796
924
7845
5185
4274
591
6053
631
7190
6615
6441
2835
5343
3610
7269
2999
4984
4880
921
5281
2014
4983
1628
7169
4805
1253
2630
2457
8173
7374
3159
96
4478
2934
6799
5126
1776
3600
7872
2560
3741
907
4793
1595
3686
7866
4264
4011
2130
4160
4291
143
1760
6733
2349
6798
1835
2252
5350
6983
6847
4341
3600
2907
5404
5288
5874
2459
3153
5428
5019
2771
6510
6635
6973
3849
4809
1309
3995
3252
5403
4521
731
6895
4319
1275
1919
6020
383
3275
2128
593
6320
1057
4255
1944
7258
6104
5079
4053
6983
4291
6395
6761
3600
4670
4670
4812
5896
7094
5384
6437
4011
951
2015
3207
5489
6362
8125
309
3814
712
725
3389
4858
7011
3660
7070
811
1988
5403
7679
7461
7995
8023
1944
491
2773
4670
626
169
5376
1353
6827
355
1856
947
5079
5775
2250
7923
69
3077
4880
1769
7670
1931
484
6724
2579
5079
6053
6553
7180
7029
4475
1281
5627
3888
2441
2676
4867
6973
1309
7933
7202
1830
1404
30
4310
96
6481
5268
6895
2137
7997
6440
2002
4224
335
1506
4701
6553
2465
5279
2166
4053
6306
6271
1988
2894
4950
4214
5129
5283
6141
566
1954
48
1082
7845
4339
215
1380
1317
5975
1441
4881
3762
30
2663
6137
3077
783
5363
3959
6124
7093
5010
2610
491
1160
4383
8080
5332
6818
4700
4441
3732
2483
3614
3158
2671
7196
897
4243
6069
1105
4457
508
5739
6369
4851
2532
3861
3004
649
4594
4703
3851
1160
876
2411
740
30
5107
4340
5514
5398
4412
5000
7090
3025
6124
568
1057
6826
6359
3847
6053
1522
1163
4984
5833
681
1523
740
1739
7545
4291
1155
3861
1620
6926
1046
3541
7094
684
3443
6776
4851
