0
0
0
10
0
4
0
2
8
0
0
1
0
3
0
0
1
2
0
0
0
12
1
1
0
0
0
2
0
0
3
0
0
0
0
0
0
0
1
0
0
0
0
0
0
0
0
0
0
0
0
0
0
1
0
1
0
2
0
0
0
0
0
0
3
0
0
0
0
0
0
1
0
1
0
0
1
0
0
1
0
0
0
0
0
0
0
0
0
0
0
1
0
0
0
0
6
0
0
0
0
0
0
0
31
3
0
7
7
6
0
0
0
0
0
1
0
1
0
1
2
0
4
4
0
1
1
1
1
0
1
0
3
3
5
0
0
0
0
0
0
2
1
0
0
1
0
1
1
0
0
1
0
0
0
0
0
0
0
0
0
0
3
1
2
1
0
1
0
0
0
0
1
0
1
0
0
0
0
0
0
0
0
0
0
0
0
0
0
4
0
12
0
0
0
0
0
0
0
0
0
0
0
0
11
5
9
7
3
5
30
7
2
4
6
0
4
34
0
2
1
12
0
2
0
7
0
0
0
1
0
1
0
0
0
0
0
0
0
0
0
0
0
0
0
0
0
0
0
0
0
0
0
10
0
0
26
1287
4613
738
4499
7258
6735
1046
5308
7389
1521
7854
4331
7244
963
4623
4900
3167
6493
6973
1319
8187
4112
4350
97
5301
123
1613
7777
4061
6660
5785
5385
740
702
8016
30
740
1124
5536
5537
4346
4291
2405
6566
5255
3475
575
2034
7492
162
4340
2265
7176
2347
1550
6183
2905
2483
7926
3773
1765
4521
5731
3600
5531
7908
4056
3617
1309
5077
1857
1302
966
4472
749
7568
2177
1965
1927
3936
3061
597
1333
2713
7869
7568
1940
6312
3299
7418
2780
2123
4779
1521
7067
5092
450
3642
1017
6331
3571
6895
8030
6506
2603
7520
4441
1965
2200
7371
5965
1029
1179
5991
7040
2531
2487
7845
2094
7044
3792
7180
7350
777
6406
3085
3398
4482
4812
2986
7575
4640
8083
3402
1767
2654
1628
4929
2854
4008
6049
6487
4222
5395
3417
4306
1220
5402
2679
4752
7974
5636
7289
1544
7332
2378
4822
4606
5780
7229
1105
2546
5012
394
6018
2974
7106
7056
1029
5969
3857
6366
1829
7504
7504
2598
6471
8124
1207
5288
3563
2036
1346
3925
7024
7155
1157
6366
1965
1067
249
3773
35
1287
3252
7342
7454
6117
2311
7958
4600
4109
7433
51
4999
4252
6418
6684
5060
4437
1300
7850
5327
2456
491
5975
7398
4290
4017
2635
6075
5332
492
4294
7143
6395
5596
2277
2615
6534
6354
5366
5697
3423
2607
3521
5560
4838
306
3552
6298
4990
5318
6729
7991
1779
1197
5110
5544
4472
7995
3153
7039
5891
6183
7527
4851
7040
2100
4533
5173
3861
6443
3417
2094
4132
4723
3700
578
175
2706
3864
2450
645
2804
6500
2411
3432
2921
6855
7068
5989
5935
7379
7823
4623
6124
1217
1074
515
4003
6648
2057
2152
3546
3327
1766
141
8099
6909
4158
5262
285
7164
1984
3794
1451
4630
7339
5959
7352
659
4791
7798
4561
3684
6650
2544
5494
1067
6422
209
5288
3056
722
2748
3437
6910
3159
7921
2936
408
6751
6159
1403
7230
3330
5841
6855
5262
3973
7390
1216
6757
4619
200
6569
4740
7056
7253
6876
3786
3321
4735
6677
4630
6141
1716
7668
184
4472
2130
2955
7589
2700
1575
6518
5451
2619
5160
4629
3833
2148
6073
2051
409
4006
5224
5095
3161
169
36
7025
1438
2057
7389
6508
2527
2120
1359
3644
2390
5219
1386
6665
5417
2707
6607
1668
5666
3065
5944
3419
5330
5781
6792
5183
6961
1832
7503
6293
7039
1576
7911
157
3055
6569
6569
1760
34
7209
1217
1676
6627
3261
2237
160
1647
5462
638
6298
6081
3488
4477
5179
5885
5252
7143
2661
4284
4677
7380
715
7244
5398
2597
1709
2339
5405
90
6879
4504
2831
1370
3192
1589
56
6551
5657
1584
6865
3201
1733
6534
622
4958
659
5549
5392
3309
2022
2150
3030
5856
4565
3445
5791
1870
5092
5477
6553
5751
6691
2607
6307
7218
6031
7824
3050
2922
6460
6484
1656
3511
4588
8171
4983
7652
992
6201
5591
275
1555
4812
1160
297
5975
7067
1430
7207
8187
4340
7871
3732
5301
7182
4065
7190
3168
6474
7398
460
6593
7700
7320
2310
4923
4597
6773
7815
2714
3120
6321
6317
933
6332
7497
6953
1581
5801
7497
7788
1154
600
46
1879
4074
2922
4504
7908
5308
2057
7316
2306
2156
5115
4064
2383
5856
1372
6866
1139
4940
1769
7966
1545
7102
6972
6876
5403
8075
763
8048
5997
450
5964
4644
7505
1830
2265
7442
2491
4809
4504
3870
1229
6559
2943
7527
5981
1620
4027
1221
7737
1714
6906
1460
1336
1336
696
4631
2761
4845
6847
3161
5183
137
6983
1873
615
3823
5140
1200
64
2024
2672
4689
4947
6676
1995
6555
5247
1941
1608
1029
2453
882
2635
4329
6498
974
535
3658
2243
2579
4412
3571
966
2137
1200
1564
5086
7584
7582
5418
7908
1823
2398
6727
8185
8119
6307
6172
4988
7308
6419
7654
306
1104
3807
450
4472
7210
3013
805
2205
506
7811
7389
7995
2560
7670
2533
4841
1900
471
7415
4329
6789
769
5424
7985
2922
6154
1928
8084
41
4642
2261
4221
1283
2230
6321
4294
6776
6228
174
2002
6234
7503
1532
6183
3969
6271
1084
36
4950
393
7188
919
286
5357
4970
978
61
508
772
3508
8026
824
5762
1314
3247
5044
6167
1160
4718
6371
4623
7887
1003
3294
5984
3252
2441
2063
2359
2252
5048
7012
3995
6397
5449
5118
5285
208
7745
4361
6093
6314
5396
7184
1029
7692
4272
703
515
6104
764
7545
538
6475
2493
3294
7776
7405
393
4812
139
5434
6876
1767
3732
319
2238
3647
7148
2558
5489
6828
2093
2508
3663
5743
2015
6677
7923
8152
3361
4374
8159
3386
8083
947
5951
1361
2796
5445
3161
1595
5805
4758
5790
7691
7012
3271
5449
15
4210
4934
5805
212
7655
5434
1954
5664
217
6708
2467
5531
919
1009
503
6036
5048
4975
3478
3851
7143
3851
4852
5248
6645
657
1430
6950
4834
4383
7569
7758
6072
6137
7575
978
2046
6243
7398
5877
3299
5175
3391
4596
4350
3724
2671
4533
3775
4147
6020
2796
1949
6384
5279
7570
4224
2106
4561
7415
2676
1565
4568
4020
6571
3115
4007
90
7825
3571
5092
1522
1818
8135
5654
932
7691
854
2887
3245
1880
4489
1463
4812
783
3835
1478
1576
8083
675
6983
2219
7236
514
4847
6262
1415
7155
2464
4504
335
966
4339
7187
3299
3621
4412
1817
5938
5791
4192
2166
2015
6179
2463
361
4472
5654
1600
1492
5890
3391
7995
2679
1550
5801
1051
3589
4290
3969
3391
675
5232
7155
6820
3497
4753
2152
1817
2487
4290
8135
7250
4858
448
7908
2777
7235
2654
6521
2410
3006
6253
5918
2118
4472
778
7153
5470
675
919
1565
3161
726
6438
2022
5975
1769
2308
2920
7064
8061
4217
4339
4779
2277
7860
7788
5308
6735
4190
4340
3888
4312
5092
2713
1472
3402
727
1046
2192
3995
4194
4004
7587
335
4339
7389
1395
5705
2308
2915
1136
5402
4349
2425
2713
383
6002
6549
1105
5654
248
5730
6310
