0
0
0
9
0
0
0
2
10
1
0
0
0
1
0
0
0
1
0
0
0
1
5
1
0
0
0
1
0
0
0
0
0
0
0
0
0
0
1
0
0
0
0
0
0
0
0
0
0
0
0
0
0
2
0
0
0
0
0
0
0
0
0
0
3
3
0
1
0
0
1
0
0
0
1
0
0
0
0
1
0
0
0
1
0
0
0
0
0
0
0
0
4
0
0
1
8
0
0
0
0
0
0
0
29
1
0
7
5
7
0
0
0
0
0
2
0
0
5
1
0
5
8
0
0
0
0
0
0
0
0
0
0
1
3
0
0
0
0
2
0
0
1
0
0
1
0
1
0
0
0
0
1
0
1
1
0
0
0
0
0
1
0
0
0
0
0
1
0
0
0
0
0
0
0
1
0
0
0
0
1
0
0
0
0
0
0
0
0
3
0
7
0
0
0
0
0
0
0
0
0
0
0
0
13
2
7
2
1
2
26
5
0
1
2
1
1
14
0
0
1
11
0
0
4
5
1
1
0
1
0
3
0
0
0
0
0
0
0
0
0
0
0
0
0
0
0
0
0
0
0
0
0
10
0
0
1965
1513
290
685
5581
124
5308
777
3821
1769
4478
5277
6919
3027
1300
778
4628
684
6124
1709
4340
5531
2410
4270
47
4809
6973
3637
5346
6492
6441
4341
3712
4294
6899
7763
4539
5367
3189
5194
1024
4017
2894
5308
336
669
3590
5160
1395
1544
1453
169
7997
1204
3096
727
1029
6227
3154
7786
1212
5026
4211
6031
1584
335
4067
7888
3478
7296
6356
7505
5024
2459
3541
2850
6919
1225
7340
7227
1849
2410
4830
297
254
1544
7861
1217
4880
7887
2684
407
8003
3590
8094
210
4310
1546
7823
3588
4632
7455
951
2130
4708
7143
7545
5247
4421
7602
1773
2463
3600
7716
1576
6041
7258
2922
2922
4880
6552
5507
1279
5277
4220
2126
6521
6031
2878
999
7722
1031
5820
8093
6950
6262
1733
1343
7190
1051
2749
6806
6345
1566
390
1576
5013
7820
3001
3358
4390
4858
4361
8030
7582
7002
371
5855
9
7613
5863
715
3453
1230
4036
2727
123
109
2252
320
7910
200
7817
5059
1851
7209
2679
1395
1709
7237
540
361
675
6035
5128
722
2907
841
6966
6046
6804
7294
4375
2219
2558
4732
644
1554
109
169
3374
4031
5232
6634
6435
7690
640
6533
2002
4521
6735
997
1628
1595
4851
8176
2538
4623
254
3420
7707
5062
6288
8106
4077
48
4492
2916
4608
7722
2002
1046
574
1003
3011
3850
927
7257
1549
665
4340
2248
2679
514
7734
4175
6735
7755
3186
3642
2907
4335
2519
7438
8041
1606
3463
61
1062
2684
8086
3732
4255
432
7011
7011
1029
6549
118
3850
3985
1554
1105
5143
2130
5801
7705
959
335
1833
2104
208
6053
1588
4946
2893
628
137
1476
7012
1333
6817
1711
4194
482
1042
6614
5332
5143
5166
5159
5377
7080
8122
163
1733
5531
1023
599
335
4732
2955
163
1023
5007
5328
6147
1495
7566
6836
4600
6480
59
7906
1965
7090
3159
1590
5218
6281
1023
4689
6340
7085
2386
4855
1494
7449
6571
6781
2769
4976
1755
5991
35
6767
2179
1931
5012
926
2656
402
7607
6575
5877
200
3969
390
6781
5802
1315
4282
2794
5817
3403
5834
7903
7465
7399
7683
3129
1338
68
7834
5017
5971
5033
1229
3077
7887
2330
7954
1696
597
5692
4658
6346
7116
6962
4951
1364
7877
357
118
5957
6999
962
3549
153
3978
6523
7242
3446
5937
667
7932
4401
2939
2770
3125
4151
4148
8111
2305
1477
4496
7525
5358
6010
6268
2356
1976
3470
7735
5425
1930
172
4893
687
8106
514
7735
4481
3165
1183
6979
7212
704
6325
3685
4014
3312
3965
5465
1528
4455
5713
6374
6940
1613
7353
2997
7963
6377
680
3466
4382
7006
7404
3331
302
7240
4863
73
3125
2808
5080
5090
415
3136
6224
3857
3165
5747
6897
1431
6793
3857
2187
7737
1040
35
3469
1788
7704
2300
4432
3090
1207
1654
8067
5726
4077
5267
7525
514
8126
6369
8026
7271
2855
1613
2427
2843
5124
4265
4027
5323
3183
1613
1103
7057
6989
7497
802
6700
7811
2166
6745
6536
5447
611
7140
5026
1026
7430
5772
4903
4465
7964
3881
6914
7567
4904
4132
1429
1465
7841
2461
6099
2847
1560
8100
7879
1105
2105
3834
3834
2635
2009
1347
1296
1
968
6322
4916
5256
1461
5289
6150
2494
7607
2986
3159
2792
7769
4119
8078
6376
8137
5945
3077
7304
2502
1184
3100
959
2015
1760
1324
8076
770
5744
751
7240
7420
7521
6661
3075
2991
1331
2139
3404
995
7615
4449
6272
505
2629
2855
3279
1356
107
2840
838
1139
7648
8035
1105
2916
30
7894
5056
6976
6968
6929
1515
4197
5778
568
7294
5574
2285
7572
1623
5242
1863
6011
3965
1773
7334
7582
2397
3279
4611
4379
7246
2947
540
4680
6441
702
508
30
5050
6361
2932
3489
6501
5371
4719
6179
4131
2584
6172
1727
7355
6884
3551
5079
1602
3068
1442
4878
6510
5261
8147
3394
5071
1556
488
6092
5839
2283
7155
5092
2772
672
6016
5503
5904
5825
428
3968
6737
7013
1552
2020
3112
3581
4396
4965
6414
6272
715
2628
6472
941
4620
2291
2540
7767
7726
1957
2449
4754
5918
5791
5339
6353
3742
2276
3092
5445
7908
1544
5241
5332
2285
3835
491
4496
5705
799
5756
7541
1608
4735
907
1856
7650
358
2734
3445
1521
7757
6615
1220
1289
7034
4489
36
7436
2531
7568
6262
3074
6521
2923
5203
6438
1849
3581
7679
5530
2166
1160
6914
14
973
5185
2296
4503
3233
3460
7573
5580
3229
6724
8176
3445
1514
7155
6906
3445
7908
2790
4851
5890
7924
3111
1074
382
3312
4545
7941
4979
3185
1
7229
6202
4319
4551
1246
5301
2527
6353
7155
7587
7398
2009
7040
6906
2265
6075
3571
7040
7216
2123
4503
7908
3762
7607
5007
6638
488
5048
4594
1942
14
3464
4788
1156
1623
1935
4921
1556
673
6877
6776
7415
5376
4793
5402
6724
1289
7216
7507
1220
6144
6531
3717
2507
4502
6370
219
8160
992
6750
692
2585
4453
6836
1276
5317
3671
5284
8006
7233
1289
6906
3571
7415
1009
1940
6144
1556
5684
6319
8133
7739
7176
4869
1509
1826
2135
5877
3023
4389
424
6791
1515
6010
4018
308
6486
7593
1186
672
2476
2929
1289
7924
3245
36
5308
6249
2903
1289
4174
8004
5264
2905
2915
1946
4339
1819
3554
8061
2723
2173
5086
1024
5970
101
8080
8188
4980
7877
1849
6175
8122
3364
1556
7176
1289
6353
7463
8187
7691
966
36
3666
3348
1520
4489
1564
5232
5537
2229
5668
3666
6183
4087
7645
4888
1
5135
4955
5815
5747
1153
8075
4519
6304
6179
6650
7034
4758
7119
8138
3684
7706
7587
919
6877
6906
2713
3769
4596
35
6438
1453
34
1521
881
7784
744
400
1785
1590
114
7441
2527
428
5301
7269
4489
2270
7845
2654
3161
5198
7077
91
7913
7692
5339
3706
8187
6615
2267
1703
3146
5998
4017
2278
6340
7180
4017
7507
3025
4410
4383
2150
4640
3936
6391
753
7463
3259
7722
3969
6475
