0
0
0
9
0
2
0
2
9
0
0
0
1
1
0
0
0
6
0
0
0
9
0
1
0
0
1
1
0
0
1
0
0
0
0
0
1
0
0
0
0
0
0
0
0
0
0
0
0
0
0
0
0
2
2
0
1
3
0
0
0
1
0
0
0
2
1
1
0
0
0
0
0
0
1
0
0
0
0
0
0
0
0
0
1
1
1
0
0
1
0
0
0
1
0
0
7
0
0
0
0
0
0
0
17
1
0
6
1
7
0
0
0
0
0
1
6
0
1
1
2
1
5
1
0
0
0
0
0
0
0
1
4
0
3
0
0
0
1
2
0
1
0
0
0
0
0
0
0
0
0
1
1
0
0
0
0
0
1
0
1
1
1
1
0
1
0
0
0
0
0
0
0
0
0
1
0
0
0
2
1
0
0
0
0
0
0
0
0
1
0
7
0
0
0
0
0
0
0
0
0
0
0
0
11
8
5
5
2
1
28
4
3
0
4
2
1
14
0
2
2
12
0
0
2
7
0
0
0
1
0
2
0
0
0
0
0
0
0
0
0
0
0
0
0
0
0
0
0
0
0
0
0
10
0
0
5107
5434
2418
2463
3676
589
5438
7915
3510
5328
6727
2433
1556
2733
8080
2548
8191
7976
6886
1740
3876
5332
5920
4081
7333
1583
5557
6827
3806
2009
4192
3685
6366
1838
3882
6362
8089
7755
6650
2442
6438
1452
2283
2607
7191
506
1817
3899
1815
156
5933
7625
4084
3995
511
3876
2415
3589
2442
1900
4689
2459
5516
959
3710
5802
7530
1520
4359
7275
5203
4087
6983
1285
8160
1464
5095
3925
7186
7393
852
5149
1074
5669
1440
3250
735
7262
2042
877
5780
3348
3876
978
5791
2127
7995
6876
2277
4457
5721
6999
1114
5332
7642
3936
1556
5434
4431
4758
4409
4640
1769
4634
5891
3117
4339
6889
1304
8176
1050
6366
4830
5718
5401
7757
5396
932
3847
2369
6508
7077
3265
5094
5906
7913
6249
2029
5066
2024
3224
3666
3358
7188
7209
788
6533
752
8190
6749
1564
5293
5301
2920
2716
3159
3085
3322
7034
1333
2708
7913
5292
6549
6820
758
2579
6290
2407
515
2903
1453
1057
5989
1490
2999
3416
2099
1163
6243
7823
5128
4926
2515
1245
7250
6992
1535
6691
675
7034
6819
3719
7599
3992
3617
6983
1513
7531
8099
2284
7722
6648
5871
1409
60
3753
2527
5993
2825
3405
7745
5889
5259
3259
7782
7692
1040
2242
7061
869
5647
331
3047
4181
2716
6869
5870
2429
4847
2131
252
3229
391
2425
2173
7908
6406
1840
5870
2716
7191
515
4545
6030
407
4256
6887
2429
2740
3535
8133
7191
7747
5166
4147
5891
2081
7034
1769
5975
7442
4007
1722
3152
4577
959
6583
4950
7470
7542
2672
3995
1438
4776
3669
2910
895
28
2654
5820
5162
3133
1916
3918
3707
4270
7389
7464
6861
915
2737
7823
5867
727
3245
6959
1984
5751
740
2907
1492
464
7995
4353
1326
629
4830
5166
2428
3732
852
5007
26
6657
6717
6005
1822
3322
5301
8011
418
1439
6514
6706
6810
6820
2850
5548
3613
3118
7587
4851
7376
456
6031
947
5699
7590
3775
7793
5402
1157
1254
6441
3811
7999
5366
3885
2823
1843
4942
7182
5248
7866
2374
578
1324
5166
5322
1812
4149
3606
6273
7135
2900
5787
295
7366
6319
2557
5232
6204
7040
2427
5434
660
5883
7590
5531
60
7694
4009
4329
7811
1919
2410
5092
1232
7146
1884
6797
6428
3484
2834
2436
1997
1400
1555
5094
6581
637
4788
1580
866
694
5881
6298
2635
5095
2407
7721
3896
4613
1415
4290
7652
4407
5402
2022
3186
5288
4760
4360
2603
4765
3295
7412
5923
4408
7797
6723
3203
4746
4223
56
4838
2094
476
6776
61
5028
2727
3555
1201
8080
6009
5063
2681
2190
1970
5468
2316
953
7681
4696
1326
812
3511
7975
294
1879
445
6875
7499
3967
794
5876
6350
258
7428
3681
6602
4290
7219
6111
573
581
1821
2119
3453
3995
139
1697
2625
761
5852
6997
4472
4284
2094
7938
4617
6346
2375
4141
2553
7729
3944
2637
2393
1914
1773
6834
2338
4441
370
7175
4995
5275
7497
2345
1675
7497
683
6985
6753
1960
2863
3150
479
4868
455
6047
6944
6867
7847
7573
5704
8002
2609
2794
7410
930
3828
1984
3595
6493
4533
4876
4099
1067
4858
234
4263
1521
684
7902
2472
2579
1656
7559
1702
5788
2094
7143
6465
1337
6533
6997
4217
5376
3674
856
5935
6724
7616
1451
6007
957
7739
4290
3706
6267
2337
3994
3732
2713
5739
1997
978
344
1105
2684
435
1878
1339
1570
5189
1911
6116
2366
6469
1658
8071
3172
5670
7281
4271
755
3243
3211
898
7185
886
3533
4911
1535
6958
5115
4525
6058
6903
2728
4290
3589
7433
906
2017
5330
6262
6742
5159
1007
3471
2427
3777
4006
7530
919
7441
6723
1705
4005
1618
5281
7119
4568
6031
7948
1539
7301
3660
8190
3287
1680
3589
3322
5133
1765
5259
5998
3842
364
471
6047
257
5390
3465
6624
4090
4426
6473
218
1984
491
2832
7176
6560
335
7590
3037
1522
1767
3326
4934
6321
1129
24
3732
4640
6685
3242
254
5245
4655
4338
4753
4724
797
4862
1300
701
1658
2270
1017
4145
3210
7497
5739
7688
5372
6889
999
7442
6869
7011
7887
5024
7545
2136
4461
1735
7911
945
6520
5107
4340
2558
3358
1437
663
2369
1239
3570
5636
2741
5095
1522
5419
7148
1836
5933
3862
4718
4361
4311
7911
7887
7415
916
3599
3811
3765
1062
744
795
5559
5642
1935
7319
2548
4400
3870
3077
400
4331
4005
2907
6256
625
7823
740
1245
4003
1870
5891
1769
280
3391
7747
7064
6664
1473
4777
5857
5019
1886
7324
2158
7538
7383
389
5715
1048
1593
4049
884
5322
7585
3686
1158
6776
6656
6271
7910
60
4451
1334
1733
2284
5128
4022
756
744
437
61
797
5288
1513
7747
3101
849
335
4339
3304
6800
4856
2408
3078
1748
5514
2286
727
8138
2671
5687
1253
1087
5997
7592
4329
1452
1931
4698
1544
705
4383
6776
6252
4383
2557
3597
5177
1415
4851
6243
1631
5523
5047
5694
1600
4374
97
5884
5890
4116
4885
7781
7924
2459
6321
3386
4412
8106
7051
4007
6089
1023
7699
2057
1716
6756
2772
6648
2987
4329
3074
8138
3457
3322
3407
1321
3571
2022
675
2544
5057
1546
1546
4847
5559
6760
5531
763
6203
702
7494
4383
249
332
7196
4422
2780
727
2364
5821
2478
6438
4842
6989
3821
2229
1522
6281
2479
7767
1864
3617
1413
1769
7887
5163
3055
6450
7148
1343
5127
1670
8105
5350
2527
5938
3684
2002
4056
7230
5985
1680
650
4934
702
1709
7180
2654
5985
4707
1067
7210
2654
1751
5118
2219
2489
4492
5232
3037
4011
5997
3449
5332
1275
2512
7887
48
2217
210
920
7625
4710
4570
6735
3455
1958
1767
4830
7028
7640
3321
2878
6000
607
4596
8061
2663
3326
4643
4858
5249
3635
508
6737
4498
2922
1035
6009
4329
2661
4474
6440
5482
1181
2410
30
2558
2248
1057
2558
2369
5950
5196
7874
7350
169
6203
4349
4389
5101
1237
1595
4361
4242
702
6012
