0
0
0
9
0
1
0
1
10
0
3
1
0
1
0
0
0
0
0
0
0
0
0
2
0
0
1
0
0
0
1
2
0
0
0
0
0
0
0
0
0
0
0
0
0
0
0
0
0
0
0
0
0
1
0
0
0
0
0
0
0
0
0
0
1
2
1
1
0
0
0
0
0
0
2
0
0
1
2
0
2
1
0
0
0
0
0
0
0
0
0
1
9
0
0
2
6
1
0
0
0
0
0
0
22
1
0
6
6
5
0
0
0
0
0
1
1
0
2
2
1
2
7
1
0
0
1
1
2
0
1
1
0
0
3
0
1
1
1
1
0
0
0
0
1
0
0
0
0
0
1
1
1
0
0
0
0
0
0
1
0
1
1
0
0
0
1
0
1
0
0
0
0
0
0
2
0
0
1
0
2
0
0
0
0
0
0
0
1
4
0
6
0
0
0
0
1
0
0
0
0
0
0
0
13
7
4
3
5
3
26
2
4
1
2
0
1
15
2
1
1
11
0
0
3
6
0
0
0
1
0
1
0
0
0
0
0
0
0
0
0
0
0
0
0
0
0
0
0
0
0
0
0
10
0
0
5661
6481
601
5661
5579
1467
7527
369
2748
1053
2062
3223
3541
7405
5048
920
1243
2676
2958
5798
6796
5661
2958
5661
4202
2325
3477
1969
960
4053
7986
1836
4146
6588
631
2958
4609
559
631
3561
5112
5982
568
4702
531
6227
6737
2002
6437
3207
2066
5798
5856
631
5661
6791
702
6060
7806
4712
7665
434
2958
2459
411
6548
1949
3686
7986
559
5579
783
389
631
6060
411
7070
211
5077
3541
5748
4753
5928
6677
2086
2411
7405
374
2773
2325
4120
6320
6587
896
5436
7545
7665
2343
1774
5279
5661
5798
4484
2676
811
170
4475
4368
3291
3449
7484
4578
4492
723
5997
5736
4354
825
348
631
4475
5579
3747
5436
4651
6548
348
3497
3454
1620
6791
649
7784
6548
7092
1488
7901
4952
5507
2199
148
5791
2422
4478
1765
679
2684
1776
5604
7223
1767
4323
4735
5643
7484
1748
7901
411
5436
1803
2736
4594
6587
3586
4050
6058
1364
3159
4484
2916
7884
3634
261
2884
1299
7894
1483
2450
7898
2011
4823
6698
2965
3207
2958
5661
5579
6053
3074
14
5165
4522
7844
170
7389
4213
4846
2339
702
1357
1452
6549
2039
4562
4934
3301
6864
1774
2339
2174
3839
5471
4649
4388
914
7246
559
4569
3658
5848
4939
899
5165
7223
5412
1824
4484
6761
7633
5998
1776
1783
7615
7941
5005
1991
932
7941
7940
4880
7404
7449
5991
4014
1628
6403
6384
2958
4442
7005
1429
7223
7092
255
2411
6548
8030
5168
170
1579
4202
1913
5692
2331
3658
2995
8177
6119
6982
3477
6417
709
960
5931
3892
4903
2952
1296
4475
2465
5910
6040
907
4522
1866
4735
213
1803
8167
5220
4237
4297
3274
3056
7286
2992
7402
1769
7657
6077
3214
153
7060
1076
2513
3765
6255
6272
6630
7190
2676
7602
4096
1557
3986
7223
1535
4202
7491
2509
3610
5661
7506
4077
48
5798
7242
153
191
5111
7486
5785
7317
2594
7399
7951
3466
6164
2720
5033
2019
7875
2109
7272
896
1209
7246
3389
1988
6677
2736
4575
5951
2854
5594
1607
7675
6452
1341
6072
3602
4265
7095
6957
938
3771
4281
5201
6739
6948
4119
4976
4178
5072
1262
1049
5129
6677
2958
5079
472
2118
4406
5475
338
1447
7195
3659
5040
1730
93
5687
1967
2400
5886
4712
3501
415
1792
6630
1913
789
5340
1962
1707
7259
2435
2904
4569
2338
4259
4088
216
6891
89
3100
2458
350
3602
7953
2193
5218
1582
1776
5599
7735
7396
3933
3597
1831
968
7424
6858
1623
2156
2024
3076
3351
3661
4971
3865
4552
7469
658
5856
3397
3678
2238
631
4251
7594
2443
3130
6038
3380
3743
2631
6292
6073
5986
1465
1607
505
2311
6744
4382
2011
2802
7924
6589
4523
1999
1991
5056
1967
5637
5104
1550
3220
210
4628
625
1532
1452
941
6317
1423
2303
6177
7414
5787
3090
2096
770
6668
6489
2300
434
949
7416
6065
1259
550
7194
4665
1943
960
3678
3980
5798
7160
7926
5733
6078
6041
6365
6649
6334
7399
1638
6224
186
3783
3299
3024
391
73
3444
6164
7273
5662
1284
3214
3262
2984
1551
8076
1471
5129
2343
3356
3542
3570
348
2892
250
6393
4419
6457
7602
598
2474
2272
4981
8035
597
171
1167
6948
4265
5799
5930
1179
2112
5662
3848
6305
2973
611
1692
4784
7781
4569
7344
2494
4340
1254
2177
2339
3356
3486
4119
5608
2656
1262
3647
3363
4983
6761
4195
2193
5453
3709
5104
7005
5034
635
6608
1672
8025
1131
3495
7899
287
5701
1926
4251
6720
7419
2062
2559
1360
3726
4322
3622
4454
3754
3279
5651
5529
6746
3538
3524
162
1465
6858
3593
3754
2281
5679
7195
5798
960
418
6937
938
1431
5663
4312
8167
5220
5877
5579
4702
3106
2094
7929
3100
997
3443
1727
6974
3258
6619
8150
1280
4958
8100
2815
540
2151
1999
2655
5673
5594
7673
3004
3947
1048
4605
5856
202
2686
4237
2271
1279
8185
4152
191
606
5077
4322
378
842
680
4755
415
4818
4823
3198
6563
4265
133
3502
1010
6754
1264
1238
2777
1275
7613
6722
7615
8018
3911
5292
14
205
2175
5404
2535
1243
5928
5081
585
6745
1844
3634
1863
7045
803
3771
2443
656
5952
4161
6338
5181
655
1992
4880
7011
3541
7710
425
5779
3978
2736
327
1488
3220
695
1551
1852
6297
4866
3148
2730
288
3232
744
4748
7837
4939
3483
2112
1045
679
5769
2030
7313
7762
6096
7679
3175
848
4251
631
4303
5928
4338
6587
45
4568
6334
5798
6298
2421
7521
7645
1262
7491
290
7264
2506
825
4148
7976
6255
404
3397
191
4712
92
4958
698
7940
2061
522
3682
2892
3947
5436
3454
5214
7344
4484
6550
5335
1011
7901
924
6998
4164
601
6065
6668
5381
6338
1615
8
8065
59
6952
3585
3901
2738
4955
202
4647
3682
744
559
1787
4484
3561
214
5661
5364
6004
4399
4293
4017
1680
2610
606
4183
4741
6755
2835
3347
4743
6215
53
6561
8113
8167
2868
6215
2952
4647
7548
7642
698
7258
5412
832
3625
4341
4735
7816
3004
7419
1752
5790
3443
45
574
7989
3417
911
4270
7419
4182
6980
2051
3956
4475
3721
7405
2002
3690
2642
2271
1238
7092
3816
4237
8048
7665
2678
5643
5643
5643
7582
6041
3220
7884
2860
1607
7613
4639
7468
7940
1497
3755
3068
348
8064
6384
8064
7497
3860
414
4295
7506
6980
3433
4647
1863
7982
7246
472
5470
2650
5643
1774
606
3225
7078
20
1620
4716
3575
990
7419
45
5130
7246
5928
6309
4233
531
61
5779
1652
5798
8071
2002
3541
7092
2868
2657
6791
5596
4089
5948
2958
4237
5982
7940
3240
3207
3383
7349
207
5953
5517
4452
3941
3747
3207
3993
7940
5890
4164
3908
5485
2516
508
5024
2958
631
6737
389
3004
7926
348
2662
5724
7882
704
2958
5048
7484
7921
7419
3242
4723
4065
215
6796
3322
3167
3220
5945
4851
348
1331
1879
3153
2901
2325
5013
