0
0
0
9
0
5
0
1
9
1
0
0
1
1
0
0
2
5
0
0
0
1
6
0
0
0
0
1
0
0
0
0
0
0
0
0
2
0
0
0
0
0
0
0
0
0
0
0
0
0
0
0
0
3
2
0
0
1
0
0
0
0
0
0
1
1
0
0
0
0
0
0
0
0
1
0
0
0
0
0
0
1
0
1
0
0
0
0
0
0
0
0
0
0
0
2
11
0
0
0
0
0
0
0
22
0
0
8
4
4
0
0
0
0
0
2
0
0
1
0
1
3
5
0
0
2
0
0
0
0
1
0
1
2
3
0
0
0
1
0
0
0
0
0
1
1
0
0
1
0
0
1
0
0
0
0
0
0
0
1
0
1
1
0
0
0
1
0
0
0
0
0
0
0
0
1
0
1
0
0
1
0
0
0
1
0
0
0
0
1
0
6
0
0
0
0
0
0
0
0
0
0
0
0
9
4
7
1
1
0
26
2
2
1
1
0
1
18
1
0
0
10
0
0
3
7
0
0
0
1
0
0
0
0
0
0
0
0
0
0
0
0
0
0
0
0
0
0
0
0
0
0
0
10
0
0
10
1528
2872
3473
5904
3902
1024
4349
2218
5724
1450
6820
4329
2378
2645
1857
2467
2903
8135
6141
6253
4543
4441
7788
932
2654
6820
3084
4194
8105
2378
3416
6202
30
3676
6853
1770
1732
2483
7888
2661
1576
1119
3084
7571
2693
3186
4412
1009
2780
6997
35
6346
5384
7389
210
959
5654
3936
5095
2015
4353
298
6533
6482
5247
6983
5560
2903
8187
820
1997
932
5909
6012
1031
4793
3772
1200
4109
1024
3835
3589
1535
355
3571
4732
1287
3079
4009
541
6020
249
4020
6273
3177
7520
7911
2979
298
6560
7911
6203
4457
6920
4771
6012
7090
1042
2286
6330
7155
7384
3358
7507
2538
7056
6533
4608
2558
1513
520
3230
5975
4112
5652
4792
558
341
8047
5175
3589
1132
8016
6833
1746
5160
1709
749
6877
966
6997
2057
5445
4339
6508
2608
8187
4350
486
932
2152
5751
2895
7846
4037
7189
7256
7464
6958
6903
6997
5319
4112
4498
7606
916
6830
5857
7398
6756
6776
5232
6776
3386
1513
2106
1312
1090
7051
5869
7912
1842
6849
6131
4037
6560
1272
2372
423
5682
4703
7005
3564
4504
951
5915
558
5921
7788
5882
6183
4217
1600
4604
6075
2672
6011
951
188
5985
1733
4983
6141
2327
7184
3853
1508
4851
5308
6997
778
61
2248
2209
5654
7158
6981
5915
3051
2557
1163
2467
208
932
1794
6958
4474
6215
137
1786
4831
3518
966
4571
6895
7591
1649
6926
6128
379
4282
5585
213
3274
3773
1694
3279
3397
1652
7536
4616
1478
1333
8016
1024
1893
7336
1600
508
1522
6887
932
2787
8156
3558
5909
1751
679
1931
1718
6909
8014
6912
3228
7899
4268
7505
4882
7379
2382
3622
1484
668
6203
4020
1221
3811
535
7392
6292
3588
925
1559
1337
6723
1650
2730
3552
1652
7713
408
1545
5848
3496
6563
4329
1129
8187
5248
7235
4630
701
7683
1378
2770
7066
6835
7697
252
3441
6767
5564
6563
1813
804
3622
2291
3545
6939
927
5327
5256
961
1405
1484
4930
5266
304
7243
6441
1513
1965
1834
2815
3087
3866
3985
6443
6855
7117
2818
2220
4108
2888
4030
1080
2568
1477
3215
3195
8057
68
6270
7889
6994
2187
2237
4460
611
6048
6462
2088
7012
7048
7011
3732
7840
8073
2998
4730
4333
1802
5358
7037
2803
6910
723
3236
4890
1337
856
5354
4682
3564
8078
544
4166
1894
7875
7762
6566
4429
6664
2560
4880
1709
702
297
4983
3545
7318
6617
8135
5908
5769
146
7437
4113
7066
5956
4393
7683
7521
3426
3446
1722
8109
2379
6747
7459
1396
2818
4388
7501
7788
3995
4880
7505
1857
7487
1332
243
3967
1362
4046
962
6269
3413
3162
7903
1778
4143
4010
962
856
5110
6570
1444
4693
4350
4593
4170
3105
3759
3657
5249
951
3995
820
702
5227
3252
1767
5801
395
4084
5682
856
3183
1825
1062
2741
652
8000
7971
4869
1991
5801
7346
408
1791
1177
1506
2130
6215
4150
3161
4847
4175
1600
5102
4856
5236
8187
1287
3732
7408
1857
1337
7174
3562
3637
2374
1372
3882
5094
5886
5628
5138
7954
5869
4077
7093
4039
725
3052
6571
4067
4847
4504
2654
5802
2558
6434
7519
1362
2635
7398
2665
3609
2143
3410
3520
7502
6377
7719
4789
183
3435
8067
4128
2684
2134
1850
341
5764
5785
4698
3876
1514
7121
3635
8138
1084
2244
988
6719
2177
3751
1136
2123
7034
1781
117
4858
2013
6488
649
7270
2158
3980
7820
2020
2340
844
583
1646
1862
2354
2558
4217
1958
254
4788
5997
4361
4852
79
7739
310
2208
3645
2903
1245
2022
7654
448
7810
4929
2105
1081
6172
5574
4940
3156
2183
3786
583
1850
2026
484
6332
1600
5531
2114
1035
1886
2483
4367
3152
4815
2863
1584
3435
2597
7788
6202
3943
6578
5762
34
3047
2346
2346
777
3433
2960
4604
5708
5163
5613
6906
6406
210
82
1224
8143
1593
2499
1690
49
2408
522
6886
5118
159
5476
4020
6058
132
781
5369
2318
1583
3292
5882
4533
1155
4175
4842
5103
8086
5467
6015
7686
6203
6973
7910
4004
7405
6761
1821
3290
4412
7094
1254
39
1965
5796
6921
2509
6244
1317
2712
4922
2022
7056
650
1173
4067
3876
7235
7055
1650
7179
1254
2013
7788
1709
1554
2024
3077
3077
921
5019
5537
6820
2817
1817
5791
3445
1874
2320
1085
3773
4412
749
3229
5975
7911
947
5166
7573
6058
6422
409
7688
3303
200
921
1464
6843
3862
5024
916
2016
5102
5476
7788
1362
361
1896
5820
1213
3472
2635
6202
4472
6202
1395
7051
7113
1765
5470
5882
4596
1446
3606
4742
6244
980
5048
7258
383
4887
2410
4175
390
4478
2696
4294
6583
4007
4198
803
4367
3155
158
2166
7505
210
3806
139
4546
744
2610
1583
1535
2684
4942
1358
6230
698
3490
7258
2922
5576
7236
1279
2068
7781
1248
6202
7040
210
3679
6873
7522
4199
5249
3694
6009
6385
5171
4383
541
2484
3821
932
1709
7389
3152
5956
7153
6203
3647
2856
5173
3806
2768
3472
2810
6719
5017
6202
7113
2975
5439
3283
4536
7300
3682
1600
5102
4361
1160
1839
3916
1295
6344
1452
820
2597
6441
1063
4934
7777
4732
2402
2377
944
7010
6944
1306
3142
5572
7073
4109
6820
2115
7147
6653
7906
1997
4020
1914
2526
6799
393
3916
3823
4545
1997
7570
4478
2907
4389
7381
4915
2626
5031
1233
4998
2716
7895
7420
3892
2468
7521
4231
7654
5082
8100
4868
2368
4383
6400
5805
6821
4504
3142
5479
7391
951
4533
2217
4472
6571
7684
3247
4623
6375
2311
1907
5675
3299
1035
35
4472
4882
352
5806
5327
755
1749
4773
7975
41
3622
2692
5289
5297
4443
7334
1233
2022
6760
3302
5825
823
844
2206
938
868
3769
5592
4356
448
5825
7627
5825
4514
2190
3775
6981
5000
4683
4126
4464
7646
2098
265
5262
2077
205
41
5042
2350
1511
6611
3832
5143
1900
6905
5045
3476
4267
7308
4131
2168
7818
5003
3879
