0
0
0
8
0
3
0
1
9
2
1
0
0
0
0
0
0
1
0
0
0
0
0
1
0
0
1
0
0
0
1
0
0
0
0
0
0
0
0
0
0
0
0
0
0
0
0
0
0
0
0
0
0
2
0
0
0
1
0
0
0
0
0
0
0
1
0
0
0
0
0
0
0
0
2
0
0
0
0
1
1
0
0
0
0
0
0
0
0
0
0
2
9
0
0
0
9
0
0
0
0
0
0
0
20
1
0
10
4
4
0
0
0
0
0
1
1
0
4
1
1
3
7
1
0
0
0
3
0
1
1
1
2
0
1
0
0
0
0
3
0
1
0
0
0
0
0
0
1
0
1
0
1
0
0
0
0
0
0
0
1
0
1
0
0
0
0
1
0
1
0
0
0
0
0
0
0
0
0
0
0
0
0
0
0
0
0
0
0
1
0
4
0
0
0
0
0
0
0
1
0
0
0
0
9
6
4
4
4
2
20
1
0
4
4
1
1
14
1
0
0
10
1
0
4
7
0
0
0
1
0
1
0
0
0
0
0
0
0
0
0
0
0
0
0
0
0
0
0
0
0
0
0
10
0
0
869
5570
2152
6663
1450
6844
4165
1823
5842
5791
7726
1769
5103
3229
731
1890
7816
3165
7980
174
5105
5921
5536
3355
4449
6166
6663
5092
7615
5911
6449
1863
5273
3214
5543
3553
7863
602
7217
3667
852
5721
5739
5520
340
5913
1157
7245
1552
260
7582
3875
4172
1266
4214
2513
3471
3072
6038
1023
4357
5183
5842
562
4027
2098
5363
3762
1040
7894
1019
7932
6228
2923
5715
5824
440
3747
5398
5954
6048
332
3196
4229
4206
7476
3391
1534
6046
2753
6189
3997
1424
3560
3475
4217
4519
7785
2661
4948
3879
3862
1242
2999
3007
5934
3415
1231
214
4685
1012
4614
2585
5945
4623
3524
1927
7436
2464
4697
2990
7989
4651
2464
369
8003
6135
5715
172
5224
3448
6176
1103
7275
4885
1348
7945
5182
7739
7691
3753
3535
7160
3749
6575
6945
5339
6463
5558
5921
6827
3959
4469
1620
3115
3667
5109
832
3287
1949
2277
1027
6604
4534
7303
718
7176
3196
5750
3038
6532
6283
4110
4361
2063
4326
1757
1067
6989
2972
7242
2225
243
4563
6033
7587
2656
666
7271
1279
2820
5191
2177
109
5649
7672
5135
1961
3304
1299
2279
3174
1520
7623
3277
3229
5517
5701
128
4340
1089
5857
6970
7405
5193
7867
7174
3899
7850
266
3809
6954
4343
6478
4796
3092
2949
6661
4359
3996
6600
3997
2532
4851
4187
8070
2715
1443
7064
1169
6326
7415
2552
2376
2611
7781
4934
5077
8145
8014
7067
1607
3475
7250
2693
1595
7863
842
297
5063
7702
4400
943
5193
7910
1577
5994
547
6151
1613
6031
3809
7541
1638
4515
3275
5793
6217
7711
332
4454
6160
5292
6082
702
5891
5704
695
6263
1898
2166
3407
6320
2265
5012
626
5574
5196
3028
2173
3634
1394
1
4354
7259
6463
7533
5797
985
4543
1364
6091
4774
3715
5732
2081
3631
421
4532
2735
5730
3936
4796
1818
681
3936
6069
6181
847
5366
1367
428
843
323
8166
1913
1130
3673
3671
5302
7652
58
6077
3771
3634
258
3119
3694
6193
7919
604
6479
585
3960
7424
5048
4697
6411
4580
3742
4588
7166
5737
3530
3843
3742
1913
4094
6030
6119
3809
6054
2789
6922
2019
4517
133
811
6405
8112
3694
471
3623
4793
7041
7916
4430
6044
540
6251
284
250
7763
956
4755
3991
3914
6063
7524
1571
865
4624
17
4946
5899
4675
5770
3111
6906
7131
6557
3608
5558
2023
4316
1913
5595
7307
3740
7806
369
5517
7093
464
7567
6224
1858
4328
5020
2208
7373
4740
3612
4086
2712
1742
3557
6048
3843
2070
3192
3644
7964
4899
5091
4309
2884
3353
8048
5364
3346
5945
48
963
2419
7199
4523
5591
5394
4199
4486
332
4639
4976
3642
6092
2121
3136
1658
5033
92
2000
6091
5658
1073
3751
7207
61
1564
5689
1453
2757
2681
4776
1757
3486
8100
796
2098
2420
4765
7818
4702
6242
5725
6322
7548
3748
1341
20
1799
6940
5142
787
5382
2221
8035
423
7575
3702
2379
1600
3719
4648
7714
4967
10
1159
7253
6649
6520
257
1435
618
5742
2631
1483
2112
5588
6186
7180
838
7945
7799
171
1450
6458
706
5999
5453
4385
462
475
1581
842
3179
678
2479
5534
8128
7732
7477
2134
6151
1894
5409
12
3916
1694
2844
928
1792
7399
7907
674
3145
2727
6365
7179
8067
6399
1139
7377
7371
4726
1204
4707
2788
3560
3392
1937
453
3190
2750
2145
3839
5328
7501
3452
2295
6386
803
302
4301
6354
4998
2840
823
7916
3347
3980
3991
3141
4110
2000
1777
7623
4666
7134
2761
6648
4530
2032
4639
11
1139
6301
1551
5138
1551
3965
6301
3401
238
811
2150
238
6214
3326
8046
2050
343
3119
6479
904
7399
2183
5732
7107
6613
6228
4763
3284
2137
3177
2881
5786
3403
7436
357
4343
5353
6181
6242
2336
461
4317
3824
14
4396
3279
5466
6353
3743
2504
1890
2548
6449
189
2130
2106
2903
7561
5227
4948
6656
7398
3480
994
7688
1514
1097
5200
6488
2995
4651
3275
5430
6356
3279
3635
5756
847
3279
4537
7497
6761
5762
2552
5693
5883
2248
7692
5605
715
3405
1010
3623
4150
3430
3480
7910
1836
342
787
3254
7463
833
5503
4655
3331
2585
3755
5238
4697
442
7807
4086
422
4779
7415
2795
4070
1677
7207
2196
3658
6183
4217
3427
4618
4545
2916
6294
7572
206
1680
170
3513
5865
4000
7525
1623
2457
2330
3376
6546
6181
118
996
5887
3244
3840
2707
5933
3307
5691
133
1030
826
2538
3216
39
3074
2737
4962
2601
5071
2422
5904
4967
6732
5274
3232
6642
504
6281
6556
5644
6172
904
5328
3161
5166
7113
5493
2211
3533
4927
831
7753
5168
3475
5896
4618
1706
1265
5444
3067
2825
7507
7887
4637
5503
3576
820
4088
5446
6227
8048
2513
5801
4281
4515
1437
1275
1964
2527
4111
5582
5860
3949
6059
3541
1824
1836
704
1483
6320
3561
6674
6263
2173
4804
3965
4485
369
4932
2116
4916
5579
3684
5038
1087
2086
5066
1145
5168
3405
1243
4485
990
3673
686
1724
7960
1003
2688
2318
2479
4441
3897
3754
5718
2124
4182
4359
3680
6141
6281
1913
5581
5096
7290
2806
7436
4300
5637
5250
6474
7887
1139
6980
3326
3115
6189
7090
3582
6430
6975
6040
6932
4150
4116
2577
5301
1140
5586
7173
7894
1157
2519
5883
1917
6202
5899
7588
4413
6452
4934
2912
3960
2369
3271
7116
8048
240
6741
5873
47
1757
6589
1025
2427
6294
1204
3445
957
6653
6926
2295
3007
2527
3258
2475
1009
3934
3443
3974
987
4763
7269
5339
4400
6650
6139
4857
3191
5500
320
827
5853
7362
6643
6193
5761
2215
7700
5791
1081
4779
5911
7436
2942
7112
1808
415
7415
653
8021
2215
156
6600
7542
79
3974
3301
1331
7753
8006
213
3668
6436
534
2426
1760
5994
5613
7902
2303
5232
2498
3843
4342
6955
3492
3530
2009
480
5229
1395
1342
6941
475
4109
1924
853
717
3364
1441
4484
845
618
2547
