0
0
0
9
0
0
0
2
8
0
0
0
1
2
0
0
1
2
0
0
0
0
1
0
0
0
0
1
0
0
1
2
0
0
0
0
0
0
0
0
0
0
0
0
0
0
0
0
0
0
0
0
0
1
2
0
0
0
0
0
0
0
0
0
2
2
3
0
0
0
1
0
0
0
1
0
0
0
0
0
2
0
0
0
0
0
0
0
0
0
0
2
10
0
0
0
11
0
0
0
0
0
0
0
21
2
0
8
5
5
0
0
0
0
0
1
2
0
2
1
2
2
5
5
0
2
0
2
1
0
1
0
0
0
4
1
1
0
0
3
0
1
0
0
1
1
0
0
0
0
1
1
2
3
0
0
0
0
0
0
1
0
0
0
1
3
0
0
0
0
0
0
0
0
0
0
0
1
0
0
0
0
0
0
0
0
0
0
1
3
0
5
0
0
1
0
0
0
0
0
0
0
0
0
10
3
5
3
6
2
31
5
1
1
4
2
1
15
2
1
0
10
0
0
2
11
0
0
0
1
0
7
0
0
0
0
0
0
0
0
0
0
0
0
0
0
0
0
0
0
0
0
0
10
0
0
1715
4719
4013
4529
2259
426
3904
2224
518
5523
7828
6475
7499
720
4154
8085
2749
2619
1830
7314
7881
5468
3267
6238
1407
6435
5888
3435
4589
2408
3453
1561
773
6966
954
4529
1909
836
2414
5046
3836
5074
181
2653
4275
516
3288
8099
3736
2039
4150
7497
5771
1235
10
3360
181
6966
5367
6923
5119
5914
651
4085
5521
173
4589
5603
936
5603
1814
5694
7667
3472
4984
7475
7529
1100
7557
1623
1911
1123
3358
2679
5241
6581
4506
1520
2735
5971
4107
4839
3410
3687
3420
25
2189
5016
4169
2668
2508
1093
1336
5812
2910
333
4387
734
3159
4980
903
4576
3986
1191
959
5385
3271
3261
5156
3979
5114
7060
7914
5055
6172
2253
5082
2501
3535
6806
1548
3334
7850
3998
5044
6443
2498
7524
5223
6318
2427
3622
4682
6966
323
6516
5543
5385
6000
1058
2568
7525
3842
833
5144
7531
1042
4893
6216
1791
3233
1647
2189
4607
1418
3203
4354
6534
6486
4848
8106
7177
3921
7060
6675
2707
903
7667
3472
5364
2074
8072
4929
6547
2249
3302
2425
7918
4388
6281
7664
2829
2201
5348
7290
594
3652
2582
8027
1659
7378
2945
6105
422
4943
3036
4354
842
3891
3603
7601
2130
6581
7057
995
1899
10
4719
4869
5991
6330
8132
496
7456
2371
6492
7537
2188
1506
7817
6363
6349
7650
1548
5008
3066
1832
2853
724
6969
4769
3193
4503
6188
3198
5146
5454
6459
5122
2498
975
1980
8059
1583
148
7456
3247
4220
1501
1499
570
546
5154
5421
1650
4454
6670
7225
1713
3990
113
3432
7514
8066
8069
7626
7364
1999
1714
7839
512
5503
7000
3267
2535
3288
6689
1721
3102
7988
7616
5788
5757
4006
3973
5243
4919
4907
5310
7834
2951
2172
8141
6750
6463
2239
2536
8134
2225
7071
5230
2234
565
3726
7839
7900
4234
6995
6488
8076
3519
3634
1695
2834
824
1418
3164
1995
8012
6659
404
7158
3771
5358
6518
3272
7657
2853
474
3356
4599
4454
2516
7101
5503
2561
10
8069
656
6377
1112
2448
2158
6817
3164
7736
5088
5122
5008
7409
2346
6687
4038
3634
4197
4514
1708
939
3678
2101
1246
8166
8072
4268
5801
724
2041
5196
1136
6264
6522
3601
7097
2585
5991
6300
5634
2585
6555
1333
6406
304
4946
3858
5952
7895
2050
6843
2571
1999
3813
6133
2579
5037
5991
1292
5555
5359
4767
6543
7524
3721
2795
6406
6709
5066
1662
4021
3613
7880
7074
7074
4335
4849
2969
7897
2396
6544
6305
7364
834
1193
6636
1995
6733
7929
7306
5953
379
1079
723
6692
5430
2853
3863
4847
1732
4529
7367
2304
697
6705
5775
2518
6536
8126
129
5910
656
7490
7895
6894
2104
5080
2170
70
2738
1292
6595
1031
6782
7697
4199
8065
847
6365
4280
8168
7314
716
5442
5476
4967
4297
7742
5865
924
5599
6762
2330
1741
256
62
3538
1347
3622
162
6631
5868
2564
2291
7934
6048
4780
5080
2109
2923
4559
7482
2019
2193
3620
5835
560
6338
4471
7476
3998
4750
5358
7085
52
1551
3629
3966
4197
1326
1844
4722
7963
6544
3102
3070
7333
3538
5258
4001
703
3324
5301
4436
7216
5430
4979
6132
393
926
3792
1206
5968
1657
847
863
1881
1740
1569
1659
6441
1657
3475
7086
6673
3017
127
7082
7242
3701
7404
3030
2585
7014
1306
2527
5878
5749
673
7380
2843
2907
1786
690
7364
2380
7162
7380
125
4305
6176
7841
5617
5991
5775
7664
929
7380
5144
4858
4917
1219
4338
5585
3290
2751
7329
5918
7676
7845
2605
5144
2446
4689
6441
5786
5535
5392
1151
6571
4100
4825
7812
3428
3214
3893
7117
1462
5240
1474
6547
1458
1696
3038
1571
1551
434
5022
7768
7439
2747
2866
5712
2531
7637
4005
15
74
122
603
4074
6355
3553
7800
7686
2301
2187
715
7800
2639
7240
6754
5608
377
1788
8122
4951
1933
5799
3627
3325
3364
1544
3408
5732
5926
3543
2268
3684
6744
5139
5125
6663
3438
7527
1089
2559
2949
1790
5444
1643
1600
243
5980
2867
4387
7163
2330
203
164
7487
7169
6969
5468
4416
4173
4927
2726
3392
2067
7972
6150
7404
68
819
3927
8018
5252
6322
7974
3272
5749
7075
7119
7777
296
3901
6170
7022
6377
3470
2704
5611
1354
3367
3305
99
7624
3364
6560
744
6228
2913
6106
4010
4810
5785
355
1147
2498
2214
5282
3993
5825
473
1299
3449
1343
2260
5716
3592
4551
1289
5613
2209
5034
4545
234
1633
3383
987
4607
5403
7180
5770
3808
6509
6601
5088
5292
650
3836
809
5354
1224
2917
5895
4087
7995
7921
3100
323
4849
5709
4173
7252
2204
7732
2124
7574
3734
6007
3364
7630
3186
7679
7067
2607
2001
5033
7351
1581
4798
3472
672
1132
4753
6719
5294
2790
6749
2583
3559
491
7034
5203
3994
5666
3826
596
1021
1474
6093
4779
426
7276
3903
1029
673
4407
4290
3652
4375
4034
7642
6392
7963
2591
5057
1303
5294
4389
6141
3348
1799
5682
752
3016
7693
6988
6279
5631
6705
4595
6174
7010
7241
2619
7261
4812
2057
7010
7908
7449
865
5156
1767
3570
1027
1322
6183
824
1779
6650
5891
1964
5250
4700
64
4279
829
2203
1354
3544
3390
836
3994
1714
6082
2749
4221
2795
3497
2173
3734
4272
1878
179
1050
6031
7944
1410
1253
5721
473
8191
6513
5086
1050
6993
6267
2985
4147
7447
542
2099
4817
2925
7722
7218
5537
6459
2183
6603
2579
2369
5219
4431
6267
539
3440
3120
113
5895
64
693
7175
7186
5729
3992
7153
4497
1379
7186
3571
1673
5878
1322
786
338
5463
841
4892
539
2217
7439
2348
2942
3571
1880
6431
7182
2633
5877
749
6881
854
7590
5318
6239
1455
93
7090
2704
1779
2123
7237
4294
1674
829
8080
1469
652
6238
5553
7587
7505
7408
5016
6306
5128
2100
6604
2081
1540
4825
4595
543
5884
4489
6513
7219
1897
4503
7106
6267
6111
4732
5954
5504
7186
1842
7123
5987
3166
1800
7141
