0
0
0
10
1
3
0
2
9
1
0
0
1
1
0
1
0
5
0
0
0
0
2
2
0
0
0
1
0
0
0
1
0
0
0
0
1
0
0
0
0
0
0
0
0
0
0
0
0
0
0
0
0
2
2
0
0
3
1
0
0
0
0
0
1
1
0
1
0
0
0
0
0
0
2
0
2
1
1
0
0
0
0
0
0
0
0
0
0
0
0
1
8
0
0
0
10
0
0
0
0
0
0
0
17
2
0
5
8
3
0
0
0
0
0
2
1
0
1
2
2
2
2
0
0
0
1
1
0
1
0
0
3
0
2
0
0
0
1
3
0
0
1
0
0
0
0
0
0
0
0
0
1
0
1
0
0
1
0
1
0
0
0
0
1
0
0
2
0
1
0
0
0
1
0
0
0
1
0
0
0
1
0
0
0
0
0
0
0
6
0
8
0
0
0
0
1
0
0
0
0
0
0
0
15
6
7
5
5
3
31
6
2
3
1
2
0
5
0
0
1
10
0
1
5
7
0
0
0
1
0
4
0
0
0
0
0
0
0
0
0
0
0
0
0
0
0
0
0
0
0
0
0
10
0
0
2941
4384
469
7323
6370
639
2251
130
4535
2930
2584
4450
810
545
8132
5405
5953
6112
3146
8132
7231
706
836
2505
3793
846
5732
4234
449
6052
1376
1256
3360
4369
1599
2930
2352
1539
6634
6743
7367
617
6458
2737
7722
7967
5751
1594
2594
26
7369
6058
4435
7002
7645
6661
4509
7764
4933
2414
2224
4138
4159
3146
172
4194
3478
2484
5417
6109
7289
4965
6344
4742
5725
6562
3189
6631
7998
4476
5081
7798
7162
4346
5920
6967
6714
6836
568
6384
2676
1523
3504
3326
785
7736
5554
6312
2809
3272
6714
1426
7695
6003
2368
7818
6816
8122
3267
2206
4794
3761
6952
2195
1855
3082
4562
4289
2347
22
5260
1821
3741
2520
499
2423
5928
3004
2594
3592
3351
6580
8117
6634
6012
1690
2647
2569
3933
4148
5868
3696
1131
4039
279
4616
5603
5821
2397
3717
4979
6631
6863
8139
2402
3884
2813
8139
5150
7606
5953
7188
3910
4493
6249
1673
7226
6498
5319
7099
1615
1336
2634
1290
7695
2839
4620
1256
3364
5690
1336
5574
535
5122
997
1898
7800
3410
1639
4570
2583
2485
7372
5835
6295
4551
5820
1855
5440
562
1004
1695
4044
3432
6181
1041
5671
7149
4827
5163
2708
4301
6979
1280
940
997
3980
7564
5720
4476
1638
718
6978
2803
8015
3478
6187
1681
3650
7074
7271
6745
5672
6701
1788
5574
2264
1734
2099
5050
6304
3601
4148
2198
4453
1898
1354
4710
638
6501
674
1347
1525
2418
1227
1508
8131
3455
4169
5751
2460
4539
588
2663
1693
3549
3729
5282
4904
3743
1474
5937
3519
4825
7664
5240
1607
2561
1539
4515
2632
1474
2404
569
4842
1354
1142
5671
1665
2554
2785
6232
2691
4046
5086
3601
6069
3475
5999
5042
5003
6750
914
6378
4896
5297
4955
972
3466
5425
2448
1465
5040
2518
6117
3122
596
3719
5811
7909
4915
1201
2785
7564
6109
757
1665
6074
930
4912
4338
5972
7411
2465
4379
5258
3241
7404
1075
4238
1112
2051
7664
924
5840
995
5664
7090
2925
5615
2149
2925
6248
1566
4742
7292
866
4519
7224
7854
8137
6457
5714
7764
4780
6119
7430
3165
4398
6463
53
3770
6976
7954
6532
5497
3698
5953
5299
2593
5888
6908
7199
44
8154
4866
6125
6850
2166
1825
8020
7796
3317
5821
276
4453
3066
6862
5497
5450
3321
5608
7117
8156
1360
4442
7013
6976
4535
7746
98
7373
6714
1436
6208
617
4882
476
937
1230
7738
4450
5335
2175
2732
4949
6449
4442
4655
2686
8055
3934
111
6708
1579
6393
6348
5325
2683
7387
5079
1484
5753
777
5422
3108
5835
2583
3496
7302
1333
7003
2809
2802
4893
704
922
1296
5115
7607
1224
3483
6796
1863
6770
5579
3148
7790
3148
695
130
7193
5714
2168
1013
6383
6985
4769
1951
4318
438
1431
6616
557
6222
4535
3331
6546
3792
2757
5042
764
4297
2773
2182
5746
5285
744
1050
3038
8143
176
4042
3807
3997
5965
770
1854
5615
1797
3637
4574
7696
2521
1087
1782
6616
1282
7224
6295
6208
3799
1387
2686
916
472
4022
526
7548
7415
2002
3475
170
2708
2649
4535
2726
2165
1431
5150
6908
3044
3410
1951
5005
2171
7890
469
4777
2124
6908
3045
4616
3399
3130
5417
3726
4007
6332
4475
3947
3253
2405
1988
6009
6106
5265
3439
7090
6184
245
2696
4922
3601
6291
7998
464
322
2022
8139
6132
4813
7099
5063
6616
6808
3476
5075
7714
4342
2343
3363
2304
88
5960
3085
2345
692
6631
7109
4109
2069
4675
6475
6017
2829
2090
1785
4780
6287
8080
8078
2511
1252
5318
3958
4350
7252
5635
5749
7323
4874
5829
2691
7430
6117
593
7127
3567
2139
6117
3544
3497
2185
656
3666
1058
1738
5745
6956
6858
2069
7193
5829
7695
7074
6443
1681
3081
5857
2867
4435
6386
7313
789
1673
3542
1948
115
2353
7704
6047
5284
5986
5115
3213
1073
3799
3966
6170
837
3714
3859
6908
7921
6208
2785
2951
131
1492
4476
3106
559
6227
7901
6384
475
934
3240
1593
721
1502
2268
5028
4574
1256
5267
3241
6284
4860
6791
5489
6590
2343
2253
4959
886
6790
1497
393
495
504
2925
2724
531
568
1944
6189
1244
3542
2676
7615
2732
2370
4227
5479
2735
6132
5317
4906
3743
6697
181
7495
6238
5189
1041
1306
7406
2511
4418
757
2383
7683
5987
6353
2452
4515
6135
2219
4644
1550
4880
3449
5432
2958
4281
5798
5412
1635
1055
2723
2518
294
692
7945
6279
6132
4804
7183
5793
2314
3696
3848
419
3130
3894
405
1058
2629
1032
6188
3022
2796
2404
3148
1535
3769
4151
4491
390
1393
4418
2691
3967
464
247
4325
1951
1470
7517
3769
830
6001
786
4349
2792
3859
692
3399
6054
5343
2223
2861
5997
4892
5010
6430
1523
1709
1669
5574
2579
6634
2502
2351
5287
5430
2315
3369
6554
6047
2116
7113
2598
6344
5367
5720
4431
2585
5208
3799
504
919
5552
7967
1697
2182
7651
1980
554
1836
5292
7811
1852
5655
2597
2351
4938
1224
6350
7998
3958
8186
3054
3988
2598
1791
7702
2925
4553
1551
1256
6808
7406
1213
1344
1836
2796
7408
4449
2135
6470
1538
3052
4691
1856
2485
6616
5807
4357
3861
5306
5278
6291
8039
2032
3988
4768
4641
2161
8040
1034
3178
757
495
2544
7756
7314
170
7497
663
1755
475
215
3682
1032
247
945
7373
3612
5722
7099
4335
6232
4418
2731
3910
3118
937
4768
6544
7527
941
2549
6844
6132
6881
7330
3544
5383
6139
3058
7077
1751
5361
702
1852
6680
4418
4450
6616
2843
5440
3408
3584
2315
7658
8163
2336
5856
1717
4052
3581
5496
6634
1315
476
4616
5318
4658
7534
2368
3410
5536
4217
5003
7371
671
7910
6697
6672
3441
572
4535
4283
1952
7031
2809
4963
1376
4493
5856
5150
7231
619
6616
7547
7010
3130
1559
3633
5255
1938
3958
6294
451
1824
2189
2356
1062
7408
5956
155
1219
2511
5608
6808
6212
1266
44
3825
3825
7547
