0
0
0
10
0
5
0
2
7
1
0
1
0
1
0
1
0
1
0
0
0
0
6
0
0
0
0
0
0
0
1
0
0
0
0
0
0
0
0
0
0
0
0
0
0
0
0
0
0
0
0
0
0
2
0
0
0
1
1
0
0
0
0
0
0
2
0
1
0
1
0
1
0
0
1
0
0
0
0
1
0
0
0
0
0
1
0
0
0
0
1
1
0
0
0
1
9
0
0
0
0
0
0
0
21
0
0
7
5
5
0
0
0
0
0
1
1
0
2
1
1
2
8
1
0
0
0
1
0
2
1
0
1
1
6
0
0
0
1
0
0
0
1
0
0
0
1
0
1
0
0
0
0
0
0
1
0
0
0
0
0
1
0
1
0
0
0
0
0
1
0
1
0
0
0
3
0
0
0
0
2
0
0
0
0
0
0
0
0
3
0
7
0
0
0
0
0
0
0
0
0
0
0
0
11
7
7
1
2
3
24
4
0
1
4
0
3
10
2
2
2
11
0
1
1
4
1
0
0
1
0
1
0
0
0
0
0
0
0
0
0
0
0
0
0
0
0
0
0
0
0
0
0
10
0
0
428
4041
2391
6497
2392
261
7869
8170
6616
5751
1596
6239
7172
35
981
5005
3135
189
4533
6185
4187
959
2684
4467
6204
1750
5434
7850
4032
7723
5255
7039
771
5534
866
2825
6756
2400
7741
2491
382
1878
3361
6267
6583
2419
7978
5991
6692
5786
5494
2311
3292
7398
795
6046
4162
6551
7688
5293
7955
5906
3259
4497
7772
4182
2568
5708
1235
1457
1761
4905
2058
305
4604
7221
2074
1997
7884
8054
6957
3549
402
1294
7399
6897
1628
6925
7642
2688
1081
382
6061
5609
4339
7995
61
6871
6472
8100
402
547
7297
7367
1788
7985
64
8191
3612
1358
5817
7264
5597
5586
152
4212
4248
2569
4468
35
1447
3865
6692
3659
2568
4953
7886
7042
7911
1540
7589
521
5692
1990
2185
535
3998
3678
4299
7115
3753
5184
3228
7317
856
7062
1162
3104
5740
697
7644
1514
5358
7954
666
6463
3376
4072
6184
4583
6064
5198
3103
7219
4229
5883
5640
4299
7954
6809
8150
5884
524
4398
8147
5980
4868
6631
1696
4360
1696
2982
4576
5353
7650
1305
5088
3408
6205
3280
1540
84
3954
4915
7112
749
881
4333
7318
2185
6604
4446
5848
3056
2771
2800
5042
6905
6532
2448
5519
5230
624
1696
4752
5291
4456
141
2738
4201
1538
7407
361
6453
4902
6763
7646
6653
7392
1491
2502
1560
3954
4342
107
7523
6058
5444
5042
5462
6744
4323
3940
2898
5407
3985
6580
3183
646
6443
5256
4780
31
113
3960
7974
5445
3700
74
3503
1623
5366
4730
2794
3072
6172
4680
7212
1679
1124
6692
6443
3726
498
3496
3671
2660
7748
6048
1696
196
3048
5299
1608
8074
7521
162
2165
3202
2641
6678
1329
2139
8026
927
7761
6762
6170
1696
5940
701
338
6399
3940
4655
498
3072
560
7521
3678
7046
6688
5080
5908
8054
2847
4780
1650
6157
7839
3775
7594
4611
2688
1482
5937
5251
6269
7465
7771
6928
74
7697
5552
6336
1986
7607
4132
4546
7264
4993
2738
856
176
6541
655
4678
4333
3613
5442
7876
6885
2943
7810
4752
2070
7932
5670
6214
6557
5770
6128
7556
1608
1694
1710
7388
2450
2072
476
187
4527
6325
1950
3672
4343
3643
1846
176
4730
2770
1145
6163
5352
7300
535
3799
4327
6010
1284
3977
3070
900
5358
7212
3081
5546
6151
2568
285
6116
5552
171
5458
3479
326
1353
523
2341
7367
1329
3195
5462
5240
5486
2990
8133
6248
7466
756
428
99
2891
6663
4992
7787
7317
2291
3698
1115
3759
3963
7476
3599
3467
5256
5353
6105
6325
6269
196
1681
2856
1429
1638
243
4939
7748
2622
6778
2100
3560
6792
3734
3994
2993
3141
4961
523
5240
313
447
1429
3012
7671
5257
4868
2991
4730
2251
3195
6366
8057
6269
1100
7398
829
7182
168
6361
503
1663
2037
3768
356
5422
2867
2198
6269
5462
2318
5284
2352
1140
900
7664
6338
813
3149
5317
2934
2129
4537
1477
5683
4212
379
6346
2912
3791
7112
3061
3636
6361
2539
304
5873
3002
877
674
3511
500
340
3432
6509
4947
4286
1707
5299
2843
6673
1276
942
4445
2525
1296
7006
3466
5358
5683
2094
8074
4660
5800
7075
898
2138
898
1817
5301
6605
5972
1681
3604
4576
7619
2157
5597
5124
4373
680
1284
5848
5174
5462
6010
8057
4919
5458
3166
4319
2502
4827
4205
4373
4961
4991
2451
7309
106
6061
1367
5535
3283
2482
306
2529
3291
7003
265
961
856
4747
1600
1761
709
7974
186
7242
1608
313
4697
4971
5191
7533
476
4706
3420
6061
6431
898
479
2577
3706
4983
7456
6561
7437
3983
6708
572
162
523
4682
7733
2507
175
7465
5597
1349
3363
3178
1719
5699
1482
359
6726
8060
222
2435
6290
5984
3885
5538
1
3783
222
8054
5115
5267
3966
5569
6547
7159
7822
7249
6532
2522
7074
2670
6754
6957
2133
68
5005
3048
851
495
64
3293
3671
1477
6869
226
6353
519
7191
7357
1070
3003
4106
2412
6200
4011
6041
2699
6411
5017
1532
5846
7323
1294
1892
2115
7409
419
3998
377
7735
7955
3925
1129
1812
5245
2487
6248
1304
7099
29
1433
585
2605
7172
6001
2572
1559
1685
6554
4861
1802
3390
7679
7857
5981
5831
1561
3988
1402
1286
5937
4286
5895
4593
1478
7636
7908
234
2138
4280
1707
6833
7505
4234
3308
5231
3783
4020
6482
7445
7692
5325
4282
4625
2129
5742
7899
4847
3081
1757
7127
2448
3012
1945
5323
5440
1313
6613
2548
1089
1104
5251
1922
1283
1099
6434
379
926
216
2994
5267
514
7961
4338
4123
5444
5654
3533
856
1031
1725
646
2625
127
2582
7804
4863
7658
6443
8147
4025
7534
751
6485
6242
2943
7430
1360
5972
6999
6825
216
7430
2304
5182
3502
17
1023
1104
915
2004
132
976
2984
2156
6129
5497
4896
7233
4088
6771
623
4790
343
5354
6157
562
4696
2150
6203
8157
4809
6748
6244
6091
1896
5240
7098
7835
3568
2591
1545
2750
6891
3189
6912
1188
7280
6749
5969
2060
806
4288
2397
7278
2487
4315
5694
2525
2631
3824
5307
8162
6108
130
5809
699
3030
4432
1115
1727
6821
6746
4676
8183
2427
3266
7097
7095
6594
2283
6521
3926
5431
2832
4604
3938
7599
5884
573
4036
7867
3453
2726
2383
5766
851
6399
4665
7430
3527
5908
4855
5775
7166
1730
5910
4180
5578
1782
67
7495
1798
2920
3442
3203
7171
5027
5533
589
2287
905
2346
7886
4407
7869
240
4732
1725
5569
107
2519
4440
4676
1708
5334
4248
733
6757
5323
2550
4401
7476
1450
2646
2107
2306
6602
3943
8133
6317
29
7608
6193
7886
3211
7125
2433
3723
7839
1669
2482
4
6010
1710
4868
168
4374
2558
4697
6999
2800
3327
5910
68
91
6132
4640
93
7580
7647
5312
1616
4741
7196
7788
2654
4953
2923
2936
8079
7352
459
5115
1347
1860
6754
7729
6410
4679
35
6163
5246
91
5240
2738
5634
1509
5792
5551
4154
865
3311
2427
6610
