0
0
0
10
1
4
0
2
10
1
0
0
1
0
0
0
0
2
0
0
0
0
5
1
0
0
0
1
0
0
0
0
0
0
0
0
0
0
2
0
0
0
0
0
0
0
0
0
0
0
0
0
0
3
0
0
1
0
0
0
0
0
0
0
0
3
0
0
0
0
1
0
0
0
1
0
0
0
0
0
0
0
0
0
0
0
0
0
0
0
0
0
0
0
0
0
8
0
0
0
0
0
0
0
27
0
0
10
7
5
0
0
0
0
0
2
1
0
2
2
1
2
5
0
0
3
1
0
0
0
1
1
0
0
6
0
0
0
1
0
0
1
0
0
0
0
1
0
0
1
0
0
1
0
0
0
0
0
0
0
1
0
2
0
0
1
0
1
1
0
0
0
0
0
0
0
0
0
0
0
0
0
0
0
0
0
1
0
0
4
0
6
0
0
0
0
0
0
0
0
0
0
0
0
10
3
6
4
3
1
24
5
0
3
4
3
0
16
0
1
0
11
0
0
1
6
0
0
0
1
1
0
0
0
0
0
0
0
0
0
0
0
0
0
0
0
0
0
0
0
0
0
0
10
0
0
2707
7860
3020
4340
5516
1628
5993
7405
1368
7153
3198
7405
4627
341
1559
234
4161
4926
3886
6591
4753
5275
390
4580
1940
743
738
5063
5125
1074
7172
1134
2197
2856
1965
2713
4754
7791
7755
6243
8144
1581
728
5710
7184
454
1810
7374
7643
2963
2429
4972
5672
3510
1849
4270
4568
6683
7944
2081
369
5223
7048
7436
6666
7294
735
5708
7782
6762
7409
323
6363
5365
7591
702
2110
7663
519
4472
7582
2661
5732
5241
4356
7568
6583
472
6002
1928
43
6525
7613
2422
2289
7213
7761
2130
1430
1844
3558
5478
1431
1604
7080
657
7174
3713
354
5805
4812
4716
6165
5890
7241
301
5054
3579
471
6989
295
5718
262
1129
3682
228
64
1677
1431
4478
420
2431
6180
1894
2175
3604
6997
2619
3176
2887
6578
30
7072
4852
3910
5935
2979
64
974
5601
8151
2278
6915
495
2681
7670
6205
6713
875
1071
7318
4880
2069
1226
4966
6596
4315
6054
5535
4501
988
4446
2054
2871
983
7700
1087
3613
1569
5078
8001
909
1157
7017
3561
6646
2281
7012
1194
3569
1368
7154
7057
5322
3563
2707
68
5478
1788
7496
7773
1812
4423
2036
7581
740
3682
2271
4017
3827
2254
2435
3684
6664
1118
7115
2395
5293
2894
3305
1322
6977
4407
4950
7299
4412
3366
2964
4300
6244
378
2198
7147
6616
7521
6872
2711
1658
6436
7497
4514
3958
3208
6712
4929
3472
8191
2940
5764
2565
2057
1549
1520
5310
248
2464
6580
6801
4285
3895
3567
6790
809
2941
6755
5930
22
6191
1833
7163
4983
2778
7430
4369
69
5876
2952
5535
2576
1409
609
3158
3487
6437
3682
1824
3572
1041
2965
5705
3839
3364
7762
6001
5075
3910
3613
7798
7766
2756
2086
51
5841
2071
6047
4624
7863
7994
545
3034
5642
3460
4407
4940
3361
217
7866
6295
5290
1817
7998
3491
2462
4620
2259
2893
1914
4771
2707
6307
1555
6754
4360
3403
687
172
7921
7068
5260
1551
5035
1074
673
2713
7717
673
7924
1321
7177
4713
3415
4039
5933
3333
1777
1922
6170
4132
1802
1387
4576
2404
6496
6754
5670
3868
941
7718
41
4876
652
7981
4464
7748
3463
4342
829
1637
7691
6906
5449
401
1925
7934
7046
2504
4868
7735
4286
4868
2168
3034
4966
619
2818
3985
353
6138
5591
1277
5646
1898
5274
5487
4676
5699
7390
4369
6669
43
5339
4337
5203
6892
3834
140
498
7367
5240
2792
2052
4369
5435
6551
4244
4450
3116
5940
2637
69
2463
6930
7233
6356
3526
337
1422
3775
5274
6596
6064
7714
248
5787
2975
3113
1272
6365
3979
7822
5967
5927
7811
6460
7818
796
7007
5317
962
6897
762
7907
3511
5413
1030
4205
5951
3272
424
2962
1275
1198
3599
7418
1424
6210
3992
2190
3292
2300
1773
4823
7919
2197
7147
6744
7814
2530
6675
1411
7768
6123
1654
4282
2550
3698
5022
1145
5345
5110
8126
3541
4852
2359
7798
4896
4192
6218
145
4542
5364
2289
5110
7346
7388
4323
5449
1855
3867
337
2966
3750
6747
2268
4168
5253
7367
2794
993
3915
4682
2846
7464
434
2684
1748
7155
4372
7252
539
6558
3802
5394
4070
598
942
2331
5496
6631
7306
780
4452
5787
5584
7607
4793
5984
1628
6486
7804
549
3048
5609
6759
22
7598
2470
7590
2297
37
3560
2010
7886
4489
736
6863
5292
981
2643
8098
837
6263
5383
253
8061
8091
7388
4655
5729
6318
357
1197
3593
2867
6052
944
5683
258
3487
3434
7186
3314
3632
3013
3811
5767
6167
1471
3384
4620
1252
7477
6755
3795
486
5581
6123
2910
6745
4286
5614
1530
541
4849
2007
7358
7264
5184
5974
5956
6157
5024
5024
2015
7583
123
7583
1811
6267
7309
4934
5530
2686
4395
4194
2291
2949
3447
6984
2498
4772
5980
4289
259
7758
6399
1950
1945
4693
216
6862
1030
7720
797
4568
3682
6089
3457
568
2684
5529
1253
4153
722
2625
505
4622
502
7843
7787
2448
8061
949
520
1687
3453
882
2171
4551
5850
8187
6535
1833
5334
5982
7876
4290
1265
7
137
6552
3341
4300
138
7171
1533
5958
488
7392
4749
2175
1377
2122
740
705
7995
3247
3835
8127
3072
5246
2336
4207
4630
2002
4716
5292
7466
2812
4375
5531
4011
369
5238
5290
407
4273
4576
7058
6174
2020
5267
4266
3063
4697
6398
1534
2764
7619
7711
249
718
3698
5011
7273
2861
2684
1057
4474
2130
174
72
7561
7910
1319
1852
5024
7408
1802
2303
4029
3221
7163
5840
3371
1208
4863
1387
94
1625
4406
4478
3933
4363
1582
2427
1013
5608
1114
3739
6116
1124
4975
4390
2677
109
1748
7153
5024
3900
3900
7408
2817
7111
2785
6335
5286
7781
491
2833
6495
4384
6580
3732
4065
3391
2173
1226
2647
3534
4291
4698
4568
4511
5161
1740
3068
5448
5364
1279
7434
2716
4079
568
7449
6011
7586
2568
5075
5682
5801
3631
1029
5276
5355
7775
6076
7173
7267
1981
3036
6247
5566
4568
1944
7520
6534
5884
854
4431
3992
1595
2972
2869
4934
2339
8068
1849
7738
1184
6383
3348
3747
5470
541
5682
4651
1613
3322
1589
6427
5338
7109
4355
5761
1739
1048
5542
6703
6911
7136
6290
7175
4168
201
2316
2130
3173
6044
417
709
4658
1753
4554
7956
2850
5063
1721
4950
4630
1620
3487
2968
6469
4251
2182
1602
5364
721
6320
390
7874
7413
6307
951
2421
702
4242
7910
1203
4887
7931
1034
2144
3533
1238
4588
1235
5308
6096
61
1958
7497
5024
7106
7304
4407
6103
5710
3326
7570
1620
1620
6262
3784
7652
2210
1709
7995
491
1023
3695
3268
4160
3105
5871
5715
4242
618
6249
7520
4703
7180
6294
8034
5376
2328
4729
7115
4424
2591
4153
7063
7798
4448
2119
1450
2409
7503
61
5494
3876
7670
7933
4736
7200
3349
5272
7497
6989
925
4830
5403
6940
3469
7153
4794
6904
2209
1513
6128
3421
5494
3633
457
3600
7497
7723
2672
1312
3440
2272
7441
2375
