0
0
0
11
0
0
0
1
11
0
0
0
1
0
0
0
0
3
0
0
0
0
12
1
0
0
1
1
0
0
0
1
0
0
0
0
0
0
0
0
0
0
0
0
0
0
0
0
0
0
0
0
0
3
0
0
0
1
0
0
0
0
0
0
1
1
1
0
0
0
0
0
0
0
1
0
0
0
0
0
0
0
0
0
0
0
0
0
0
0
0
1
0
0
0
0
9
0
0
0
0
0
0
0
24
3
0
9
4
5
0
0
0
0
0
2
1
0
2
1
1
2
6
1
0
0
0
1
0
0
1
1
2
0
2
0
0
0
0
1
0
1
0
0
1
0
0
0
1
0
1
0
0
1
0
0
1
0
1
1
1
0
1
1
0
0
0
0
1
1
0
0
0
0
0
0
0
1
1
0
0
0
0
0
0
0
0
0
0
2
0
7
0
0
0
0
0
0
0
0
0
0
0
0
11
4
7
4
5
2
24
4
1
3
2
1
0
11
2
0
1
10
0
0
2
6
0
0
0
1
0
0
0
0
0
0
0
0
0
0
0
0
0
0
0
0
0
0
0
0
0
0
0
10
0
0
7215
2702
4184
5969
5524
518
2299
7501
7367
5783
7404
2561
2413
6742
5483
905
8026
7283
2490
7166
6497
7619
2893
528
2903
7642
2265
1556
3956
3786
6144
6724
689
311
2779
1563
6461
5912
5832
1732
5248
1753
2091
7691
7886
7837
5700
6177
4642
2168
5156
6307
4422
197
8015
849
5975
7573
1605
2278
7398
1929
7691
4353
2903
4782
6890
6917
7690
3297
2579
4160
959
3676
2289
5380
7489
7107
3297
1984
1995
7517
957
6691
84
2445
7366
1173
947
7721
7690
3027
2635
1748
3386
2975
1389
3626
3898
3757
2417
3689
843
6018
2838
7559
5086
4995
2667
1761
638
1537
1162
6665
6404
4269
3763
578
7025
4058
1334
7993
895
6362
5263
8162
3471
6190
2725
5763
1093
834
4797
246
6236
1455
6573
7265
5994
7590
5065
7768
7849
7412
7242
3678
730
5570
690
6270
1530
4302
879
36
3047
3590
1503
4024
8118
7244
2607
1522
471
7176
1798
1626
7375
6209
2291
6500
8116
6953
3276
162
6988
3366
2660
3426
1167
2384
5951
6862
7438
5971
6820
4478
7389
5694
5177
1200
7679
2071
5636
295
7865
1735
3199
7993
3251
7735
6924
1326
915
5890
4217
7762
7460
6269
168
7352
2539
8135
100
4602
2360
1922
5209
7068
2316
1333
3506
2119
7584
2467
3061
829
1412
6783
6153
2213
6803
1694
3850
1599
2391
1289
2467
8062
86
1945
697
8119
8142
6177
1761
1262
4231
4890
3508
3195
804
1980
7230
4310
4424
1684
1692
7571
834
103
7987
856
2168
7520
2654
6244
1628
1289
6237
5883
505
7317
7259
834
1246
6762
5001
4401
8037
3850
4983
2879
5927
5844
5128
507
5376
2653
3867
3926
6434
8070
365
2794
3779
2052
4634
2654
4495
6809
3673
285
2197
5462
1833
3423
2353
2291
6318
483
7412
3356
2740
5370
6760
5445
3233
4623
5494
3635
5577
1597
7762
3135
4180
7771
7212
3198
2234
6835
4890
6754
7982
4947
7212
4083
2549
3850
4752
5692
6010
5699
4858
3292
2810
4503
8004
8105
947
1534
795
4349
4936
5434
7494
5202
4890
5683
3508
687
4967
4302
6909
7991
6407
172
3780
689
5604
7264
4091
5353
2020
6909
3863
1947
1940
6903
3044
3519
3134
7823
7172
2384
4154
7886
4623
4125
5937
6090
7728
4982
6890
7306
3156
724
7538
2368
6090
2313
2065
532
7708
4958
2168
2794
8120
2779
3101
1986
1986
5568
4231
5743
5055
1714
1556
4192
3722
2391
3366
5435
3283
459
2353
3672
4601
4212
2991
461
7728
5358
326
2144
2943
7323
7370
5604
7648
2291
287
1710
3169
2792
318
4604
8043
7441
2196
4294
1009
1509
1753
629
150
461
7687
1360
8093
4527
5465
5604
929
1827
476
6151
4000
6151
8100
7841
2468
976
6352
287
1149
755
423
1217
6327
3379
2805
4329
4412
6823
435
5289
5940
7374
6962
7988
4939
2794
505
3788
2263
3331
5056
3069
3390
5578
5617
7068
1527
8111
6167
7749
2628
1634
1900
1816
6758
335
3150
4576
1477
7768
2163
7088
7650
4611
7523
1258
350
5144
5358
8082
3759
6653
1742
4432
4119
237
8174
8072
4755
6559
628
2406
6058
4296
4486
4928
7121
7418
6762
1498
7875
4132
5624
395
4660
5042
7456
1145
5017
1753
4665
2550
4382
7834
8005
1349
2041
1288
4602
6488
856
2915
367
193
2654
2510
733
2972
5739
6152
5740
3283
6209
3839
4798
4158
3198
7644
1296
4576
7847
7720
2769
5151
496
983
5971
7216
3593
3092
4572
6575
5783
769
4111
5236
4486
833
5853
16
6354
3299
866
2475
6057
5654
4313
1827
6485
176
7805
1730
3973
7404
7881
6509
706
1691
5759
7587
7466
727
4789
799
2165
1704
2104
7426
2095
808
5629
5485
3414
7070
5402
3161
5652
7012
2960
6732
1961
3363
3291
3776
4231
7066
718
2578
5531
4027
5177
2369
6700
1217
4318
2475
6493
1713
1159
2613
7532
3980
6013
5335
2854
6059
3676
5890
1164
2271
1313
1354
217
7314
806
5564
8037
7500
2172
4280
6069
109
4521
6013
2258
3451
4962
7418
3571
7176
5374
7649
4413
859
5475
5335
1818
522
369
5364
1473
2381
36
7688
3960
1207
1694
5151
4975
2669
5783
995
92
3529
6480
3933
3631
3183
6766
2256
203
4160
7747
5086
3651
1880
7685
1137
5984
2449
3643
5742
5330
3391
8047
1601
6564
2677
6871
3900
3101
2457
2690
3695
4508
6630
2686
5992
5494
6726
6437
4759
2068
6253
3712
3847
6521
4859
625
5457
6940
4008
7572
3451
1581
2137
2780
4355
4355
2462
7196
5810
6047
255
3820
998
2364
2675
7911
5991
2968
3452
2707
3659
7503
2100
1293
6263
4415
2632
4173
163
1849
5220
2917
7720
7968
5812
1724
2235
1140
988
2993
5812
174
3515
1706
2868
4763
3414
3288
441
1998
3242
3305
1643
6410
6710
1216
1445
310
1615
4067
1883
6756
727
2190
7213
3911
16
6438
1768
3448
5998
3045
6351
7499
6353
3684
61
1017
7982
5344
3326
6415
1234
7176
2248
2929
3885
2875
6690
2804
2650
6371
4812
7823
795
7755
2938
3651
4070
5305
2948
3911
7618
8006
3783
5413
6583
34
7197
6082
2283
8073
7216
3059
4530
2132
2464
5482
524
1570
2786
1460
4491
139
6203
4492
5077
2787
7034
2265
4505
4448
6135
4348
7416
5898
8119
7602
4943
5049
1085
1085
2140
1314
84
5833
5169
5210
5567
5485
1532
4905
1177
6778
8121
1046
5886
2271
5731
6193
234
6604
7747
515
4582
1836
6004
7457
2498
8095
6614
5785
3460
1506
6274
2375
1409
1420
988
815
5118
1706
6015
2467
1661
1958
4479
3541
6417
3389
369
1441
1958
849
1121
2546
4375
6059
3565
2177
2783
3414
5485
2105
4162
35
7675
7885
5364
6015
1420
4542
106
5468
8128
149
1321
3969
1270
7484
2464
1062
2130
802
5567
4940
406
1658
4150
7488
263
6203
1050
7618
4944
4504
6329
5012
2654
4759
4634
3992
2286
3460
2118
5015
4604
4759
4272
3589
5024
4448
4975
3936
702
