0
0
0
10
0
0
0
1
10
2
0
1
0
0
0
0
2
1
0
0
0
0
17
2
0
0
0
0
0
0
2
0
0
0
0
1
0
0
1
0
0
0
0
0
0
0
0
0
0
0
0
0
0
0
2
1
1
3
0
0
0
0
0
0
3
0
0
0
0
0
0
0
0
0
0
0
1
4
0
0
2
0
0
0
0
0
0
0
0
0
0
3
2
0
0
0
7
1
0
0
0
0
0
0
28
0
0
6
5
7
0
0
0
0
0
0
4
0
0
2
0
0
5
3
0
4
0
3
1
0
0
1
1
1
3
0
1
0
1
5
0
3
6
0
1
0
0
0
2
0
0
1
0
0
1
0
0
0
0
3
0
3
9
0
2
0
0
0
0
0
0
0
2
0
0
0
0
4
2
0
0
0
0
0
0
1
0
1
1
5
0
8
0
0
0
0
0
0
0
0
0
0
0
0
14
5
11
6
7
4
37
8
2
7
0
0
2
24
3
1
0
13
0
0
1
2
2
0
0
1
0
5
0
0
0
0
0
0
0
0
0
0
0
0
0
0
1
0
0
0
0
0
0
10
0
0
2464
7415
6983
2677
8082
4678
7496
7177
6596
3865
3671
3169
6057
1124
3432
7279
1680
5048
931
2949
3850
464
6650
4339
1949
7156
6648
912
4836
6082
5322
3475
2421
550
5043
6994
5358
5022
3183
74
2351
7538
7875
2670
3283
4637
3647
4232
2336
3790
4397
729
5264
1171
1964
5380
1395
28
8004
3063
4053
1989
3911
507
3283
3198
5358
5683
7370
3819
129
7648
695
4637
4983
7073
1112
7404
768
4932
2217
4651
52
4395
1207
6150
7227
908
8190
1159
6088
2024
1473
3162
4800
1385
1608
8037
2990
7073
7073
2020
5952
674
7776
939
7855
6325
7835
6523
378
2967
7666
3842
1844
5407
5980
5261
8030
2130
1032
6824
5172
1003
7976
4273
3810
7965
2955
7875
5144
5555
5844
6348
1552
7758
5804
1276
2939
7743
6754
3881
6167
1879
2197
7761
3032
3125
8037
5274
3819
6200
4887
5801
7357
4353
1217
872
6847
211
1801
5353
8185
7212
2011
6809
1515
4827
7240
7225
2649
6349
6754
313
8122
4430
6091
4676
1608
1727
2792
3865
2021
2308
3897
5156
3986
4079
7371
3070
1845
1287
483
3069
4496
350
5340
5478
4706
8147
5516
2799
6048
7894
7799
377
1374
3865
7875
89
31
5353
3426
3283
4423
2764
4880
4815
6358
5370
5289
3125
5952
7575
5416
5289
4527
481
584
4613
7306
7683
8185
4686
7370
7212
7317
505
2168
3331
6499
2792
7270
1515
8035
1986
1827
6284
2330
1928
3579
5159
6704
22
1229
5364
5834
5124
2526
6348
1088
27
2585
5274
3283
8076
7683
5478
5240
1694
1329
6532
4354
6536
3620
3427
3953
7477
4132
1788
5629
1849
6540
7978
8166
4655
1833
2271
358
7430
8062
4344
1695
233
22
6119
7404
5289
4678
7212
3032
5797
6414
3427
1030
7469
6119
2251
6414
285
5274
4369
3971
1332
6762
3012
481
326
1280
8100
258
6709
3169
7257
5299
7306
7212
687
4446
6793
5182
5692
8084
7271
6979
3997
1229
8137
6266
98
3657
5151
7644
4696
6352
1477
4258
3657
5744
3077
3282
163
4702
1707
7286
2893
961
306
4680
1515
1461
4780
3489
7037
779
4939
542
7456
540
680
1590
8036
4720
132
1477
4676
7412
6755
7317
4104
6151
3432
1662
4843
98
7548
326
8014
6348
4720
1727
4446
7477
4678
4306
8147
5546
5258
6575
2428
7776
7954
1913
3576
2076
1439
1329
7232
7370
3130
6732
3998
6601
3198
1824
5191
7664
6979
308
3634
1548
107
7370
7687
4446
7523
6809
8037
5455
3350
4115
4523
3467
118
4322
89
8137
3011
2145
1083
3136
6348
4962
2444
270
5556
7755
2902
1571
6979
3602
2792
5980
4322
5407
6809
7404
4780
7212
1461
6318
2984
6532
1234
317
5064
2973
7444
2798
5246
7521
3426
1461
5455
7318
3865
5564
4523
5077
8103
440
6181
2231
5289
3688
664
1591
5939
971
7875
5783
2984
3567
5144
2662
5470
1784
1654
1080
3130
2893
2670
4922
5496
7317
3657
5358
3426
7460
2119
471
4377
5250
6129
3283
2802
6410
7240
1988
783
2844
1680
435
6631
2982
2992
407
7071
2540
5479
326
3283
5772
5535
7140
8036
6928
7212
6971
8185
7696
8191
5344
6691
2584
7018
4138
3884
441
5921
1029
1029
826
5968
1276
5496
5064
1429
923
3971
6969
5465
1525
6687
5182
59
6159
6045
4158
3508
464
7692
7176
1928
2693
1523
5726
6750
3998
7988
6352
7721
744
6194
7438
5585
1525
5940
1429
5261
358
4855
1654
4780
3883
7306
1323
7945
476
5231
2308
4329
4784
5374
1367
4521
6741
7258
150
2984
2904
5042
6596
2981
1326
5617
4983
6842
8037
6463
1013
4919
6091
5011
7480
378
7787
3070
8100
4720
247
3271
2130
1522
698
5762
5273
857
7924
5492
2740
6557
1827
4919
5991
476
7404
7306
5462
2847
7805
377
551
4014
3317
3554
2712
1461
4388
4052
153
7875
3198
5261
508
947
6548
6124
5350
857
1661
129
1037
3488
6010
5289
5593
7748
6318
5358
2011
8027
4993
8185
1477
8186
7814
1580
1258
1070
8035
7046
1642
505
7264
3865
945
6583
4310
4484
1671
3911
7924
680
4496
3778
6299
4446
7367
5578
3488
755
7875
6181
1460
3508
3672
2352
584
3610
971
4810
2446
2621
961
5379
8185
3169
6971
6167
7913
7645
705
2532
5993
5037
7404
7405
7374
1726
7388
5240
4527
4258
7805
3488
7521
2434
5585
2792
5874
5997
2291
4919
459
8072
498
1788
4676
1305
7734
2957
1907
3730
7745
457
3571
5868
7482
437
6000
3463
6412
2984
5240
1552
8057
4680
6468
2550
7080
5935
4361
4326
5024
1080
2197
4430
427
3678
3985
768
7374
5332
852
3783
968
98
5168
4955
4491
5629
1280
2137
5998
1654
4933
4678
5274
107
7761
1326
6755
4788
1988
6973
7816
6495
2981
6754
7697
2448
8036
961
1827
4217
6450
1075
4521
1907
1565
4239
1824
4017
686
3785
7997
1824
4398
6418
1149
2908
1332
7318
6735
1488
219
4925
7882
7618
1950
6971
6754
2550
5358
2431
5478
3503
5343
6831
97
7067
4062
1461
6004
7910
968
3141
6195
5403
5998
725
819
7225
2152
6660
2557
7980
5909
1469
5778
7592
4361
6057
1332
1604
1528
3529
6485
2808
4008
4214
2762
4308
4754
2198
6303
1228
4509
5578
4939
6164
3414
5731
4950
4094
457
320
2977
4442
6198
7408
5986
5623
3805
2851
7691
4614
7860
3851
3741
7178
2059
2622
747
372
8191
785
2464
2271
4472
2504
4384
5412
5998
6824
2494
5679
457
39
7004
46
2741
2778
2586
1468
835
1750
3699
5896
5398
4399
7615
7380
1048
7811
2601
7679
369
1913
6864
534
3888
6262
3414
3943
4017
5560
4375
4415
7234
3617
2586
7491
590
4651
1821
7029
4426
24
6659
7706
3712
3536
7582
5675
7197
5731
6263
6660
7171
5324
1231
5151
4939
3490
5384
5091
1168
4851
7995
2690
1479
1254
2405
5816
4569
3560
4524
5833
145
272
2773
7777
1440
5780
4499
845
7015
6673
7563
2405
2080
5599
