0
0
0
8
13
0
0
2
11
2
5
1
2
0
0
1
0
1
0
0
0
0
0
3
0
0
1
1
0
0
0
1
0
0
0
0
0
0
1
0
0
0
0
0
0
0
0
0
0
0
0
0
0
0
0
0
0
0
0
0
0
0
0
0
2
0
1
0
0
1
1
0
0
1
0
0
1
0
1
0
1
0
0
0
0
0
0
0
0
0
0
2
0
0
0
2
10
0
0
0
0
0
0
0
23
1
0
8
4
6
0
0
0
0
0
4
1
0
5
4
3
4
3
1
0
2
0
2
2
1
0
1
1
0
0
0
1
0
0
2
0
0
2
0
0
0
0
0
1
0
0
0
0
1
0
0
1
0
1
1
1
0
5
1
1
0
0
0
0
1
0
0
1
0
0
1
0
0
0
0
1
0
0
0
0
1
0
0
0
3
0
5
0
0
0
0
0
0
0
0
0
0
0
0
11
8
7
7
9
2
29
0
1
3
1
0
2
29
1
1
0
10
0
1
0
1
1
0
0
1
0
2
0
0
0
0
0
0
0
0
0
0
0
0
0
0
0
0
0
0
0
0
0
10
0
0
1826
1374
1046
7885
7234
1441
6254
6393
1746
7416
5079
825
7776
5112
5921
4662
3008
1454
6876
5714
4743
5998
7997
7078
3841
3862
3475
1185
778
3224
3888
319
7435
4703
1319
2934
6474
186
6303
3469
5109
2106
5629
933
4506
5859
6145
6082
6817
1538
3020
4608
117
6370
310
684
8023
6105
4874
5077
1206
5796
7545
3483
6864
3988
2747
2459
6398
2489
5767
740
3158
978
7901
4109
1065
818
7462
8159
4232
740
7216
6370
1849
6897
3154
4675
1613
413
6304
7696
7941
1139
5796
383
6589
3571
2401
5761
7207
5185
992
2002
5720
3668
4668
148
2264
1055
4729
2629
2629
684
4759
5495
1436
5953
7985
6388
4273
4038
2741
3433
3261
3228
8064
5524
6824
1835
2358
3196
338
7910
2337
7300
2595
6539
6142
3452
721
2532
6271
7269
6493
1732
8160
1740
677
6474
5961
3257
3991
3628
5772
1443
7255
5010
1251
5646
1973
6781
6393
740
81
4788
7044
4466
4182
6539
4674
8064
7903
2118
4699
327
1108
1149
2854
5288
5951
3294
5931
3164
5898
996
7490
5099
5071
6308
6939
3845
5427
5573
3162
1319
7051
2610
3311
7493
194
4459
4083
5545
4115
5804
268
73
2194
679
6829
4878
2756
4469
7990
6668
6920
7551
1944
6004
2182
7700
3423
8179
4818
4070
7028
1989
4975
2516
2154
6303
7171
7273
5762
7171
945
7183
6539
7273
456
6990
3118
6912
522
2381
7819
7880
4310
2194
2685
4646
7135
6195
7717
3874
4474
7994
504
219
4251
3562
3108
4232
3162
6787
4517
7643
201
203
423
6892
8106
6939
1682
1366
4172
1139
8018
2253
6636
760
7273
3251
6975
4619
2043
5706
6843
7844
4639
4531
769
1431
3831
4482
7143
5672
756
1835
5739
8103
557
380
7210
5449
1869
2575
3932
366
560
871
7086
5862
1646
4736
6114
3574
7300
3174
6354
5171
1932
3108
3628
2085
1134
6114
2948
4149
1350
3300
4022
7798
7162
5679
660
705
5126
5862
3760
1963
2685
6572
7031
4062
4524
6013
7125
872
4642
4840
2516
955
4388
5830
3421
6592
1655
627
8114
3831
4469
5761
785
5600
8107
690
3709
7518
1760
2720
3186
5761
627
7515
725
677
2849
7912
6152
6977
7766
4498
1899
3181
2872
5938
6941
3209
4889
448
39
723
3353
747
2118
2154
4590
123
3162
3153
6013
2973
3873
1289
4588
4916
6130
5473
7685
5164
5871
2432
472
249
873
2451
413
3257
386
999
294
4869
3366
3285
2023
3642
2077
5419
4310
2164
1241
373
5913
24
4345
720
6263
7416
1076
1699
5584
1185
857
2379
6263
3717
5499
7004
3514
4528
4524
1590
346
3271
7622
2006
5931
4258
3932
5637
5276
904
273
373
6301
4172
4874
814
5675
5830
1882
5398
7303
743
4153
3649
4424
5867
455
5938
7393
145
1635
7031
3743
6013
6103
747
1671
5938
4278
6579
6925
904
7166
6667
194
102
2139
5942
7600
2032
7825
3535
165
5133
4523
7912
21
5675
6551
5509
4273
7953
3209
5454
2076
6990
7528
1551
747
3331
4273
6898
3024
6598
7071
3986
6839
4278
7620
79
4674
3108
4571
7944
4028
6286
2161
6788
3750
6990
102
760
556
4743
3257
2911
584
1211
768
4639
7303
1989
1025
4811
1047
129
2116
7645
4944
5225
7461
5072
2544
5263
303
2116
5132
7556
6593
4192
2965
3946
4165
2720
4528
611
5762
7493
1563
7024
1285
1453
5361
4749
504
8107
7469
2381
4333
7518
5962
1671
747
3024
2253
3164
194
5762
3120
584
870
896
705
7827
8127
78
6375
4645
3491
1486
1956
145
75
3001
3130
5361
3962
310
5527
5529
6488
5168
8064
6198
747
831
6065
1699
6451
1976
3876
1435
778
933
1823
7059
227
6384
2715
7532
3257
266
5612
3300
4439
6263
5542
4698
4710
6167
1865
2082
6092
7227
3191
5097
3132
807
4345
1401
1646
3120
3186
370
7001
1023
7717
3134
5013
6393
3428
235
3132
2319
4592
7384
317
1346
1401
7218
5855
747
2252
857
3153
7620
5923
6720
705
6522
727
4759
7939
2339
3546
6114
3349
2948
1025
7011
1944
7549
1919
5044
3437
5204
4036
5276
2694
6030
7081
4741
4662
1989
457
1982
4080
5862
7559
8118
2317
8073
2229
4491
3642
5160
1366
2544
6284
4199
5896
5048
1706
2592
3724
5426
7431
7623
5176
2190
1646
1835
6939
1971
5853
4749
807
7587
1699
5913
3878
4931
4107
5709
6289
6415
6124
5977
140
2730
6735
2019
2333
4950
3874
6853
5651
7405
3577
7854
905
3822
4528
4232
6137
3170
37
2167
5979
5461
4011
7195
4426
228
463
4724
2721
2676
1913
6212
4428
6252
4887
1440
7554
7982
4182
4752
411
6953
272
4661
3465
6339
807
1064
690
4048
3642
7996
2429
8113
7447
7785
6668
7493
632
7785
747
433
3038
2251
251
5019
2987
4152
5791
2181
1379
1835
5332
5567
3731
4083
7526
6311
217
3650
8043
5397
1835
1546
5770
3012
2685
1368
3299
7154
4526
6303
7154
3206
4902
28
606
4310
4571
3684
6041
1523
3785
5844
5507
2405
3526
4816
7020
2956
248
7013
3270
4400
4097
4310
3969
5948
4075
6339
3318
3476
1724
1989
8074
2509
3013
6807
1783
7160
3068
2939
7796
7070
4340
44
4533
4643
6312
7185
7078
2006
5936
7036
3707
7717
5520
1697
7700
5629
98
1435
5379
2618
4307
6883
5938
7806
7009
6990
1956
2195
3284
7546
5475
3191
5993
1702
2464
1069
853
7000
1869
6040
1698
6348
5944
6234
2404
4317
1252
2118
727
1750
5438
5723
409
2178
3536
3876
2434
6339
507
945
1143
5398
2229
7230
6483
7343
6253
1177
1112
7258
6152
3696
5704
4234
224
5909
6070
5390
4292
4077
2080
7064
2872
2965
4329
4278
1680
5282
7663
3696
6411
4357
2216
3158
5066
4486
1403
1958
7810
5150
7211
382
2881
2425
4976
3475
261
5566
6924
7387
6193
1087
4691
1169
2320
4502
2973
916
6139
6685
2643
1590
7
4278
6339
6761
5176
1682
