0
0
0
7
1
0
0
2
10
2
0
1
0
0
0
0
0
0
0
0
0
1
10
5
0
0
0
2
0
0
0
2
0
0
0
0
0
0
0
0
0
0
0
0
0
0
0
0
0
0
0
0
0
0
0
0
0
0
0
0
0
0
0
0
1
0
1
0
0
0
0
1
0
0
0
0
0
0
0
0
1
0
0
0
1
0
0
0
0
0
0
3
2
0
0
1
3
0
0
0
0
0
0
0
17
2
0
9
7
6
0
0
0
0
0
4
1
0
3
5
1
3
5
1
0
0
0
3
2
0
0
1
0
0
0
0
0
2
1
1
0
2
1
0
1
0
0
0
3
0
0
1
0
2
0
0
0
1
0
1
1
0
1
0
0
0
0
0
0
0
0
0
1
0
0
0
0
2
0
0
0
0
0
1
0
0
0
0
0
4
0
6
0
0
0
0
0
0
0
0
0
0
0
0
12
2
7
3
4
4
27
2
0
0
1
0
1
12
1
0
1
11
0
1
1
1
0
0
0
1
0
1
0
0
0
0
0
0
0
0
0
0
0
0
0
0
0
0
0
0
0
0
0
10
0
0
3489
8100
7174
7687
1642
8057
7367
709
1913
2197
2427
687
7190
7648
461
6129
326
6535
7628
1945
1079
1374
5146
1374
5455
107
4890
6399
3125
6805
2145
1083
5617
6754
1307
1525
1332
3426
2943
7761
27
599
505
2921
1280
6705
8113
7683
6318
5834
1863
6736
5289
7662
5945
3879
7523
7932
7521
379
5910
3030
1945
4323
5461
4604
3998
3069
7043
1911
5274
1477
6443
770
5373
2213
3090
1156
6463
4258
6754
1560
2778
3985
7525
6123
4679
721
5585
5289
3489
7800
6754
4890
8057
8147
3445
945
118
3256
5728
2625
4352
3634
709
7932
7356
3977
8096
698
7420
67
4430
2660
3090
1
2445
5425
3030
476
5844
2030
8027
4052
6673
2187
6809
1259
3055
2389
5617
8147
2796
522
4678
4382
5377
4446
5042
5927
4226
4568
6181
4123
5980
6738
6940
116
2554
3733
2446
7800
4827
5596
7804
2311
5182
7500
5848
3283
3238
5231
4776
2329
1425
7053
118
5425
3032
222
3998
961
1079
5670
6662
7714
2615
7367
4527
1229
6325
7675
6809
3659
6704
4980
1515
4827
1429
2740
160
3531
737
6433
1461
1374
2439
3998
3283
5358
4401
3780
6891
2982
3169
7140
983
1957
7800
5585
498
5972
5099
3221
3921
7367
858
6596
5699
5274
7117
2285
5377
4038
7758
5114
4810
4810
7181
118
5865
1695
3069
5256
1378
2187
74
1112
2159
440
5585
3819
7737
1617
3958
4780
6601
5578
3283
7523
1431
3178
5246
896
1244
6656
427
3363
5972
7465
107
4322
2655
7317
7650
6692
6692
1477
74
7697
5797
4142
5061
2076
6746
4939
5407
7140
1608
1727
176
2990
461
5572
4369
5392
4070
1746
5261
7834
6348
5497
1560
2526
4730
8119
4780
8036
6957
5546
222
6194
2982
6757
5358
5692
5952
4972
7758
5246
2990
3198
4976
1491
222
7748
2994
4421
5945
3389
7387
7370
7460
476
2030
5572
6862
5258
3634
8137
5289
2139
2427
2955
7903
4527
2098
5246
7037
7807
4993
5358
7374
6348
7748
1986
5366
6485
7111
6561
5756
6089
4976
7429
1844
1528
2187
5834
1892
5182
5842
4322
8072
4333
4789
7650
2187
8035
5783
4323
4468
1021
8035
2582
6692
5972
3659
5080
1986
2660
7572
4166
7068
724
1276
4680
3489
6596
5556
7460
222
4110
6414
2574
7607
2660
1719
7271
3282
6704
3839
6561
5094
7367
4720
3198
6532
7000
6160
7903
3998
2366
6596
6676
7687
2559
1608
3063
7367
4446
4893
8084
6905
983
4680
176
709
5001
6532
1707
3283
2792
6809
911
1905
5000
3090
549
942
3838
7650
459
5005
3508
4212
1528
3508
3169
5385
4747
1694
4228
6229
1694
2756
889
4678
3176
4978
59
1608
476
7875
5991
3034
3678
1242
7429
2059
4992
562
2284
1707
4010
2799
4680
1262
709
2305
107
2489
1595
5710
3585
3090
2348
7572
5377
2756
1276
3178
402
2011
1844
5578
5056
7123
1045
1799
7748
6750
3178
8166
7863
6414
3308
7650
5949
7607
1799
1073
1881
4578
5143
1989
2345
5304
6930
5007
2320
1226
6242
5099
1243
6336
2431
5578
2439
1079
5578
74
4769
4827
3900
6175
5465
1719
7787
976
5042
5455
2457
889
6862
5332
3847
135
7460
3881
7460
7430
2011
5497
6979
2366
1753
2712
2094
5556
5022
3602
2149
1431
1892
7041
6214
945
1186
3169
2582
7460
3508
5358
5585
1710
5585
3228
768
2792
8005
7263
1374
6979
7650
1259
3595
7386
995
1694
5358
5358
515
3643
1259
2446
3503
4196
5785
7076
6214
666
5425
4510
3397
2982
5585
7367
2994
4929
2094
1477
7687
74
5099
27
7697
4132
1378
5409
5546
5578
3069
6811
8147
92
2284
4104
5417
785
7414
2829
8046
1957
4693
171
8060
1117
2351
7098
2341
4430
5289
5005
3136
427
3657
7875
2431
3657
6185
1259
3283
27
1477
3283
7523
2076
3567
5064
5634
2142
7650
7399
3865
3850
7903
6996
3068
536
2499
2318
3629
1515
6348
4509
2353
5379
1477
7420
8009
3279
2846
2431
6754
3489
7043
67
1903
4680
5535
7768
6468
7404
8035
7452
422
2847
498
3221
5250
6271
4478
6361
4630
461
4446
3135
7761
3370
3169
129
1801
107
5842
6463
6930
476
6010
379
1326
294
2330
3998
7140
5786
4423
5670
3549
1801
2469
1727
6151
382
5172
4274
2870
5328
4014
1694
5670
2792
1694
4655
2655
6284
2423
1013
2792
1528
3629
6930
3256
1727
176
1229
461
1578
7306
4073
7240
7177
7907
5989
7356
2792
2934
948
2753
6996
7664
4104
476
5670
7477
7381
7043
393
1087
8009
5797
381
5289
1396
961
1608
5455
3678
1881
4726
652
6754
4890
4637
7805
1528
7317
3183
5330
5113
2028
208
4007
1329
1005
5927
1728
7460
7424
7269
4647
4688
709
2187
313
1525
1892
3489
1477
6044
5972
5120
7500
4688
4676
6400
4863
3865
7540
3178
5634
6800
1443
4183
4736
3673
8147
4939
6595
5102
7235
4242
414
1313
1757
3295
3881
344
5782
4993
5617
1429
6013
5798
2619
5631
5328
498
4132
6318
5848
7477
1186
1005
6104
411
2465
6996
3389
4950
1600
825
3847
1941
1607
2215
378
889
7212
5692
1597
2893
3865
5232
6932
6508
671
7501
5972
1728
2435
2427
8057
6754
6557
4275
3011
6089
5292
470
4340
1522
5643
6361
2811
1778
6312
7596
1774
5623
7380
7460
4265
129
6765
3205
5150
7025
7235
558
3467
6414
6809
1378
709
3198
8134
5011
1846
5112
7281
7478
2958
899
3004
7593
6411
3469
7588
3136
2933
7230
6276
3572
5986
3936
5018
3542
3454
7277
5748
5687
2142
2448
6224
3198
3069
8009
3183
3657
122
3178
1819
4125
6164
1035
3185
3260
211
4342
6230
4798
7388
7282
215
6945
845
6450
2059
2784
7524
1699
5398
1929
1030
3646
4678
505
498
153
5274
1328
2582
5375
820
1506
803
1151
6041
1620
2165
512
6299
6430
5057
1699
3615
1238
1965
5493
7571
3577
6824
1217
8187
2119
3732
27
277
7480
6387
972
6318
4980
1243
