0
0
0
9
0
0
0
2
9
1
0
7
1
0
0
0
1
1
0
0
0
0
3
3
0
0
0
3
0
0
0
1
0
0
0
0
0
0
0
0
0
0
0
0
0
0
0
0
0
0
0
0
0
0
1
3
0
0
0
0
0
0
0
0
0
2
3
0
0
0
0
0
0
0
0
0
0
0
0
0
0
0
0
0
0
0
0
0
0
0
2
0
9
0
0
1
7
0
0
0
0
0
0
0
21
1
0
10
5
7
0
0
0
0
0
2
0
0
1
3
1
1
4
2
0
3
0
0
2
0
0
0
1
0
4
0
0
0
0
0
0
0
0
0
0
1
0
1
0
0
0
1
0
2
0
0
0
0
0
0
1
0
1
0
0
0
0
0
0
0
0
1
4
0
0
0
0
1
0
0
0
0
0
0
0
0
0
0
0
8
0
5
0
0
0
0
0
0
0
0
0
0
0
0
12
6
6
3
7
3
27
2
1
0
6
4
0
20
2
1
0
10
0
0
0
3
0
0
0
1
0
0
0
0
0
0
0
0
0
0
0
0
0
0
0
0
0
0
0
0
0
0
0
10
0
0
7735
6537
2516
5713
6431
2899
7703
953
4716
7014
8024
5568
7728
6447
6499
6503
6507
812
5597
4105
7796
1402
3439
2672
6002
6227
4291
2489
5472
492
1009
6571
7710
865
3449
8031
4286
3606
3516
1318
643
5995
5617
6174
5062
5715
5339
7815
4576
7152
3837
1695
5432
6533
1819
1090
721
4491
4011
8080
4033
1372
2278
902
5640
6763
6483
2683
1221
5134
3967
5274
5288
4959
5597
195
3838
7231
5482
1880
7255
6274
7904
2494
193
3252
1513
6791
6761
4708
7051
7786
1034
38
1246
7803
7032
5621
1821
3605
6056
7268
1922
3238
6677
5556
2287
2818
2406
4207
7675
3975
881
4511
1372
2063
2415
4367
6041
7670
4796
7143
3637
1639
4058
7649
824
5131
3682
6090
2244
3820
4288
5554
3518
8179
600
7602
3425
589
3600
2002
8052
5242
5182
3469
4255
2209
1819
4820
2513
5998
1765
5587
7106
7119
2364
8017
6397
5644
502
6041
5272
6404
2962
7674
3383
1303
4600
7921
7728
1316
6332
6436
250
6700
2076
7895
3692
6011
3007
6867
6262
1734
6664
7201
1121
2810
4624
3424
2917
3752
6180
2209
1224
3584
7777
2919
4957
7507
2915
4349
2922
6062
3258
2478
7404
6844
4976
6999
427
5797
3148
7405
3475
2433
5088
2925
547
4517
3761
4936
7026
1853
4514
1390
1789
7162
1819
2196
3773
5909
4448
1794
4872
646
144
1186
3977
1338
3272
5987
3488
7323
6044
3469
4489
3119
6924
6982
5627
4950
7805
4723
8003
2293
138
7727
2192
3111
1620
2344
531
850
827
2431
5783
7661
6732
2448
3567
4369
5282
2304
972
5353
1458
1324
3233
4609
3936
4479
2432
3074
5896
591
4779
5773
7592
6796
4011
1622
2540
3731
5270
972
5863
3528
3192
6456
2984
168
6601
2994
6937
7648
4863
3489
1571
787
5715
2271
631
6175
3480
1100
7378
2865
7057
5224
4157
2850
3835
5547
2386
2672
5981
6705
3718
2583
4784
1744
1800
3672
4446
1957
1281
6105
7964
4369
3446
5940
2366
3183
3059
8092
8023
631
5693
2368
389
4114
8109
6771
1570
6830
5802
2377
5452
2496
1296
5655
6743
5071
5181
1184
3915
6960
1231
7964
6066
8036
5574
2583
1797
6129
6229
358
4478
297
6407
7283
6191
3180
6113
7441
3238
7869
4441
3394
2809
2992
8186
3449
680
7006
3544
2889
810
6526
1266
2019
5274
1162
5911
5056
6123
6352
3657
1276
4777
6988
656
3348
5470
4418
7963
3453
7642
7767
1372
7533
3441
3446
6790
3467
4038
466
6195
6976
3792
6979
1281
2751
3965
5465
5274
5064
1070
6850
2195
498
277
2559
6456
3167
1440
3477
3114
4701
3969
3414
2411
2229
4396
2994
2529
4446
810
2939
466
5561
4110
3148
502
899
3991
6979
5588
3232
6164
1483
3168
930
7317
5983
3304
2516
4542
457
1117
4777
7108
84
4491
1734
2284
7031
6485
1070
4791
6686
810
396
3174
3585
1863
7916
3468
6995
3792
2304
5291
4205
810
2507
1411
6663
2671
5743
4578
3196
2994
1374
6559
3334
534
1029
2120
2284
7192
5714
4354
4863
2064
1892
6595
1331
7796
2263
2574
4021
5144
652
6242
3714
7500
5217
6318
765
7439
5718
7004
2907
3966
466
5217
2879
1352
4976
4643
7903
6458
2511
4727
6664
4369
6976
1360
6976
680
5250
458
2368
5446
2574
6044
549
2978
5465
440
879
6075
3083
20
453
4152
5785
500
845
3304
5447
7277
5458
4598
1711
3567
7111
5453
3390
1560
2808
427
3730
1073
4106
877
1613
1259
6229
7534
2574
7720
4779
7897
966
7119
143
8162
1730
8176
3959
307
1280
4679
2785
3351
1115
7282
2446
2519
427
6850
2762
970
2820
3966
4369
3466
7332
3759
7982
2973
743
807
2152
210
3504
2339
2663
3359
5034
6282
3616
4175
1409
8137
3714
968
4907
6636
1730
2895
7274
7430
2443
1943
22
4060
7614
5614
7776
1429
7405
3443
7258
3432
2232
1043
1021
4118
6588
5982
575
87
7505
5739
2894
3363
5064
6456
1744
780
2366
2353
5631
3363
4963
1083
2353
6107
2368
7748
674
6092
170
811
3634
4993
709
308
8111
4836
7607
7610
5536
4120
2221
3305
7980
5786
1276
6456
5972
427
449
3390
5447
6411
2157
1070
3714
6279
2262
6738
5496
6348
7230
1296
253
74
4104
5744
4119
2077
2261
5833
1535
432
5815
3036
1476
1620
4000
7563
2732
276
972
6960
6705
3942
6467
1156
1360
2691
972
6264
3141
3667
4027
3077
7941
995
7103
1719
6374
6615
925
3338
7524
1890
45
5596
5514
98
5077
1753
7801
6709
4369
4396
3428
2279
4655
1804
6836
404
732
7500
4722
2254
3432
6796
783
5778
3576
3305
30
1680
1988
5972
3607
6307
5364
2358
6415
7673
4237
4561
4624
8031
3557
3620
35
1830
7089
1209
4452
819
4465
3959
5292
811
6580
4789
7028
727
6438
4881
5364
3504
827
7776
1150
5973
7110
1048
2601
5945
4796
4798
1424
1659
4342
1767
702
7408
7213
1698
6966
1734
122
6296
6789
5706
2994
1296
7923
3223
2892
7205
5181
2474
2395
1021
2884
4443
4491
6619
5522
3469
1157
3809
6164
6619
7371
1997
1029
5537
1821
3029
2777
6709
939
2820
283
1130
4010
985
6044
3947
4747
6995
2939
481
3503
1954
174
3253
5629
271
1082
3364
1607
500
2061
5056
6409
35
5077
5343
6545
6334
6921
6349
838
3942
6749
5578
6588
3526
7758
2450
1470
6673
404
1719
7800
4326
2892
1620
5326
7882
4291
7012
4939
1238
7936
985
921
7344
5112
845
2856
5335
7806
2019
2474
5687
8065
4372
482
2527
4000
461
2736
7662
8084
6234
2934
5344
2723
7330
6554
2379
4628
1593
1024
597
4453
985
531
1830
531
744
6950
5821
1467
1238
6796
3167
6626
8118
7034
387
5037
858
7160
1275
2987
3790
2777
6712
168
6243
6889
55
7491
531
3541
5249
6003
5690
684
3391
1988
5209
137
2815
3585
2254
1289
2805
2119
3161
6353
1527
5444
894
4341
7051
5780
7573
1824
