0
0
0
9
0
0
0
0
10
1
0
1
0
0
0
0
1
2
0
0
0
0
11
5
0
0
0
2
0
0
1
3
0
0
0
1
0
0
1
0
0
0
0
0
0
0
0
0
0
0
0
0
0
3
1
1
0
4
0
0
0
0
0
0
1
1
1
0
0
0
0
0
0
0
0
0
2
1
0
0
0
1
0
0
0
0
1
0
0
0
0
0
4
0
0
0
6
1
0
0
0
0
0
0
19
3
0
8
1
4
0
0
0
0
0
1
2
1
2
6
1
2
3
4
0
3
0
0
0
0
2
0
5
0
4
0
0
0
0
0
0
2
2
0
0
2
0
1
5
0
0
1
0
2
0
1
0
0
0
0
0
2
0
1
2
0
0
0
0
1
0
1
3
0
1
0
0
2
1
0
0
0
1
0
0
0
0
0
0
4
0
7
0
0
0
0
0
0
1
0
0
0
0
0
9
1
8
6
7
2
28
7
1
4
6
3
2
26
2
1
0
11
0
1
0
1
0
0
0
1
0
6
0
0
0
0
0
0
0
0
0
0
0
0
0
0
0
0
0
0
0
0
0
10
0
0
559
7872
7582
1395
1789
3402
2796
2958
2958
7419
3542
1944
418
6677
5661
1774
4242
2650
2958
2736
7246
5798
2958
3477
5874
1787
2958
1787
2796
6135
1787
5779
2958
6677
3901
6926
722
3862
4224
1550
2285
5173
4202
1826
7976
4644
7872
2478
707
5416
6105
2867
983
4718
4475
4609
6571
835
6395
2916
3433
3600
899
2958
5643
4475
2796
2402
7736
5066
1576
5874
960
3741
5129
5382
2996
4809
5661
2762
4388
4132
5274
1276
270
4313
6417
390
4474
5171
1820
2372
34
5730
2958
3454
1155
3490
783
783
1279
2560
8030
649
2777
4291
7246
2854
6892
7067
960
1827
1788
3270
7761
3881
4527
6400
906
1774
6053
4788
4853
8190
361
4788
6053
3600
7235
6295
5537
215
2080
4950
3477
4202
5220
7596
4120
3068
7208
4489
1527
6632
1753
4323
7834
7734
7043
4369
7381
2411
1944
5165
6289
3290
1331
4651
2948
96
5403
6472
649
5579
5798
2066
5214
414
1620
390
6761
5661
5044
4887
248
7452
4658
584
4468
7429
6843
1545
5683
332
1709
171
7516
2139
7868
8153
6273
3477
4718
7545
7405
2907
5412
4609
5778
8025
3741
1023
568
2918
5775
6474
4027
3642
985
6352
7174
3270
5972
4979
7424
1010
2051
1343
4430
4228
5070
5527
4932
6548
1776
3600
4202
2777
450
6041
698
202
7013
649
7798
6818
6384
4218
4521
531
5168
7914
7521
6909
2612
7607
3741
2195
1635
2847
648
1183
3010
4679
6571
1281
4448
5778
7596
2343
2285
283
4644
4475
1593
3443
3682
4594
8025
4227
3486
5629
1620
7205
945
6662
1753
7769
2773
3287
483
7931
5011
6170
1104
6873
317
411
2489
4609
1944
5928
1565
6089
1620
5874
5412
649
3959
3542
7872
6677
5479
3977
6721
6999
1855
1762
6443
3714
6468
7748
1282
1896
277
6107
3136
8099
344
5798
7596
649
631
4475
2736
1024
4065
1709
4202
1595
5579
5798
5013
1347
4810
2142
277
7370
5341
1323
1130
5261
1623
3900
2284
2496
3363
2090
5634
2647
1491
7419
46
411
411
4202
559
3433
2916
4329
631
5778
411
1774
4575
552
7697
7257
6352
3592
6561
961
3985
7212
3251
2448
2939
2260
3629
6318
1352
2020
6119
4083
6417
5997
4291
5024
5928
2411
797
1488
5874
4202
5798
6703
3742
5741
5834
8147
7212
7381
5240
6825
866
4875
6138
4060
2474
1296
2076
5903
2792
107
5667
6091
1944
5272
5322
5290
783
7246
45
1944
4383
5427
783
3795
7303
459
6666
4983
1402
6010
5042
3749
5064
2978
7246
6818
288
4722
7482
7371
2655
7562
3277
5151
2736
4594
4609
4950
6791
6791
2736
4892
384
3481
1023
4007
1037
6825
5416
8185
1528
5617
3657
1980
2712
3629
3272
5952
4060
4846
5578
396
6189
6743
3136
132
3389
2513
4594
6677
4718
6002
6884
2629
6227
3600
215
2496
5701
7523
4527
505
1846
270
5980
5572
1688
6105
715
6868
2612
14
4018
3966
2984
4382
3183
1489
4214
591
1776
5279
3402
7788
4343
124
4921
1664
5129
5650
348
672
1226
7720
3003
3390
6509
7919
3470
7241
1070
6077
7424
2854
444
2746
3489
6003
4253
7404
740
7110
6588
6973
1055
6714
6804
5680
947
5107
4618
2560
7670
2777
1262
5564
1525
3003
1015
4248
7905
6673
4859
4182
5844
4018
2366
3011
5529
755
828
7645
2496
4164
797
5322
1732
1838
2414
7285
142
3121
5248
7123
3821
4383
5928
6186
1545
6468
8100
2320
6038
7667
378
6399
5144
6495
4777
5700
1349
2600
6138
350
1209
1523
1464
2405
1024
7086
1411
4065
4574
3716
5680
3592
657
1664
1787
5705
4509
5565
7163
5788
2251
2475
1788
7425
4177
1468
3685
1307
4774
6962
5042
1545
6791
6384
5013
96
1576
4809
2737
729
4037
403
1007
1843
6395
5517
4580
4929
2171
2263
3567
2311
2824
1604
7525
5353
3198
167
1231
5298
7317
7043
2235
4943
83
393
7236
3220
5279
6552
5115
820
817
3802
2103
6827
8155
4830
4237
6467
4983
2669
2213
4527
2187
6712
1117
7438
4790
4649
1107
7822
2706
1548
4878
6677
6427
4605
5977
4207
4568
4065
2443
1256
2195
6714
4921
7806
6059
3686
6494
5617
6754
381
2893
4678
6825
4369
6780
2291
5683
7931
4810
871
1628
7404
4199
3207
3660
5063
5576
698
4876
3695
6533
6146
2099
3751
4718
531
3475
2916
2669
5848
5358
4678
3921
498
3784
7197
7713
7212
67
5284
1640
1390
522
8071
2159
7934
2214
4312
4608
7591
384
6843
3078
4397
4318
3457
5115
4950
6989
3989
2893
7683
5274
5007
7317
6522
1957
533
4777
1332
1528
4693
5144
1326
1628
476
4388
7381
575
1029
3577
7484
3959
5687
6465
3557
6884
7890
4688
2422
5739
1979
5472
3467
7805
5274
6925
5042
5048
2792
6619
1233
3198
5510
5834
107
2197
5753
6468
4676
4475
6031
3541
4950
3068
5909
5107
7598
4880
1508
1407
7210
4504
7691
1672
1593
971
4052
2187
6323
783
6796
6796
5801
7734
2197
3678
1461
5274
3678
789
3819
1787
6552
657
6262
4689
7401
4987
681
5625
486
3581
1941
5344
783
2676
3220
3183
2250
6045
5883
5650
1748
405
4788
3148
3915
1487
6971
1604
1461
3070
5144
4644
138
8083
4698
7995
1617
4987
520
5566
486
5066
6041
6973
121
2441
7063
4120
4651
5801
4569
1836
6410
6193
550
6417
5791
4505
5883
7787
13
4333
414
1821
4841
4735
5998
1105
83
5075
951
6041
5687
4735
3888
5013
1343
3166
2663
1824
631
4164
3483
2531
7520
7998
7594
1664
3223
5287
5778
5928
4007
1576
5798
7135
7722
5057
7995
5997
3413
1944
418
4718
2661
4491
1774
4644
1343
6926
4338
4343
1824
1823
7246
3020
2557
6578
5786
3741
4202
4718
4202
7615
740
3433
5874
7332
7851
6469
3600
907
2676
2066
3207
6791
3237
3584
3542
3835
210
1786
2533
963
6082
4735
7405
4482
5332
2232
3326
1024
4876
254
1513
47
6031
6447
7246
