0
0
0
10
0
4
0
0
10
2
0
1
0
0
0
0
0
1
0
0
0
0
6
5
0
0
0
1
0
0
0
1
0
0
0
0
0
0
0
0
0
0
0
0
0
0
0
0
0
0
0
0
0
3
0
1
0
0
0
0
0
0
0
0
2
0
2
0
0
0
0
0
0
0
0
0
1
0
0
0
0
1
0
0
0
0
0
0
0
0
0
5
2
0
0
1
6
0
0
0
0
0
0
0
18
2
0
5
6
1
0
0
0
0
0
1
0
0
1
5
1
1
3
0
0
2
0
5
1
1
0
0
1
0
2
1
0
1
1
0
0
0
0
0
0
1
1
1
1
0
0
2
0
1
0
1
1
1
0
0
1
0
0
0
0
1
0
0
0
0
0
0
0
0
0
0
0
0
0
0
0
0
0
0
0
0
0
0
0
1
0
9
0
0
0
0
0
0
2
0
0
0
0
0
12
3
10
0
2
6
26
1
1
3
0
1
0
16
0
0
1
11
0
0
1
2
1
0
0
1
0
0
0
0
0
0
0
0
0
0
0
0
0
0
0
0
0
0
0
0
0
0
0
10
0
0
5256
5081
222
6891
2847
6930
2351
5453
1687
3183
7389
7517
5358
1841
6809
5256
3508
476
5366
6891
3508
6692
1305
2992
3979
7317
5409
5353
5447
2446
2175
5366
789
7771
4752
1477
2574
2847
3104
2660
6325
2187
3086
6225
7269
6551
1442
74
3940
6557
7954
5462
2399
1305
1099
5806
2748
4180
3940
6891
89
6325
6790
1687
3113
6007
5462
379
6269
2291
2943
4893
4637
4464
178
5123
1312
5732
6723
3948
4780
7674
7800
3127
6269
1305
1283
505
1126
6325
2574
4655
8076
3012
7015
1831
2252
4067
5555
3880
129
1986
431
7748
6348
5951
4356
3885
6928
7352
222
379
5989
7279
7443
4481
3614
6378
144
2187
5366
7146
1208
7760
4679
1184
2889
6705
1535
2560
7423
7465
4682
152
7857
6557
5042
4776
2226
3571
3985
3104
7771
5740
7095
4505
1880
7171
3941
7084
6679
2686
6463
3483
6279
2368
5260
4979
3879
5834
4464
3966
5597
6160
7465
3397
190
7875
7989
3492
1646
868
3508
605
4401
7875
1687
5890
5403
4971
7091
717
3969
8137
7012
1754
926
1208
3466
3308
1378
1628
5042
3770
6348
5256
4629
431
3827
7116
2354
1270
2110
2603
71
4401
1788
7903
7671
811
1652
3104
7317
5683
1992
7859
3729
7098
1099
751
3567
6561
1218
3819
6738
7429
7430
3629
2792
4963
6761
3668
7595
5041
6749
2271
4854
709
2750
7907
3030
927
5981
5256
3104
1710
5080
1414
5288
7366
2360
6400
4827
2684
4950
2513
6159
1695
5487
3012
1688
556
1091
5764
6612
646
4576
1710
5740
8037
1719
2574
7465
5740
1687
7005
5124
4682
7411
7872
3480
3370
7358
3183
5756
5403
5185
3401
3171
4448
7196
6581
6755
5407
6450
5143
5592
1477
7465
3104
5462
5231
5050
4010
3726
5910
4373
4069
2098
5910
7300
5995
5021
3021
3221
3223
3490
5048
6980
6980
7070
6309
379
2990
1710
4682
381
6011
1477
1710
4752
7465
3940
3948
5157
8147
2134
3398
4899
1206
6930
3508
6479
7175
5874
4061
7456
1024
254
2987
8048
1699
1535
6989
3508
7981
5740
7771
5908
2794
5407
2052
842
5910
222
1307
709
5124
5971
6000
2252
1930
7264
1521
691
531
5998
423
7398
3348
1217
5092
8018
5890
3740
4009
701
856
7771
2847
5786
6010
856
3729
329
3104
7249
6485
216
5261
3733
2558
7241
4896
4162
7427
6677
4718
8191
3092
7978
4634
2704
7623
3607
1472
406
6844
395
6269
1710
7271
889
7396
781
7907
6957
1710
4682
7412
5786
565
3363
4576
6930
6930
6335
2785
2519
5735
1289
3445
234
3750
2815
4120
4416
4640
3628
4237
2369
68
6930
1710
3228
7907
2350
7771
4893
3940
2847
3940
5612
3048
4180
7465
6160
5740
379
2770
3082
476
135
1402
1262
2411
1620
783
6989
2881
3299
5557
2283
324
379
4752
129
5145
1622
4682
2847
7650
6266
4992
755
1788
5256
4868
3940
3048
4286
7145
7000
3717
6723
4452
7013
4478
2303
5364
4580
7186
1521
7382
1294
3030
7863
7981
5124
4354
2251
4180
3104
6305
1026
680
4992
5960
5498
6305
7650
856
2957
7155
719
5366
7429
4855
7405
3911
1137
6789
1279
4547
7113
3104
7465
2990
3048
4180
4212
3030
4446
1831
4231
1766
1477
53
6463
3629
4446
7430
6400
5597
3589
5531
7427
5597
7412
6399
2271
1775
2458
565
4835
5245
2094
431
5981
4180
1477
8036
6322
5535
4354
2978
942
5466
7761
6745
4110
6335
7650
8057
5462
7479
5144
6418
7181
74
182
725
2008
98
973
3816
4641
2760
2098
7263
5908
5740
7430
2933
4486
216
74
5042
2525
6699
7521
3136
2030
1039
7399
1283
5670
6899
8153
729
4716
2854
7258
4809
5520
3483
783
7484
6429
740
1295
1802
5683
1858
4803
2021
5231
4333
5291
4947
5231
6692
6769
357
5586
8150
4346
7074
7429
5358
8057
2508
8138
492
7561
1830
4888
5896
3120
1836
3575
111
5485
295
2378
4997
3305
959
3754
6734
4982
3090
2094
4772
2450
2420
3308
4514
6862
4655
4988
6048
4401
751
41
5430
531
1836
4618
3299
1534
3414
432
4710
7121
6811
4317
7968
7911
1293
6687
5462
4780
3629
674
7392
1569
5090
1184
6414
8137
2233
1104
1338
3125
1986
5366
505
1976
4491
4022
973
7620
1164
4759
4485
5201
1270
7811
1395
4202
4947
3985
4398
6010
2427
4333
2353
7534
6299
4398
129
6816
2735
7855
1208
6399
7658
4205
8057
6930
3857
5833
3584
5111
3383
2229
1686
475
5817
4291
1595
215
1283
3567
476
6624
2925
3985
5042
7818
6010
2251
7430
3987
2854
2800
1347
5634
8100
6010
549
5634
3397
6759
6112
1523
3308
3276
2263
5940
5332
2265
5896
119
2291
8057
6631
5366
8132
3827
7683
3446
100
6048
5256
3881
7716
4317
635
4138
6676
1858
6400
1992
959
3671
5716
4094
7382
6041
740
7012
765
4698
4155
33
2094
4205
1922
1695
562
5740
7903
3776
1986
6160
1687
1635
472
5364
870
6828
5377
7214
1492
5654
2100
3432
7031
3046
7788
8046
5427
2041
4609
783
3719
2092
4401
8099
5597
4401
4796
1652
5366
5366
7317
3104
1922
7582
14
6761
3167
5761
6824
3304
7845
4147
5293
6227
531
5489
96
4735
2773
2572
1606
8030
4795
2390
686
6488
2405
1443
1287
4983
3104
3030
3866
962
4702
6041
1917
1244
3631
3541
3120
4950
3750
299
3911
4950
2229
556
6980
538
250
1744
5252
5448
1137
7424
7583
2051
1155
886
764
1718
5462
1922
1477
8155
2271
6639
7746
1749
5591
3068
7492
3290
2754
5164
2411
5066
8151
97
5229
2229
5332
7003
7180
4343
7902
5183
2266
5850
310
6189
7408
3686
3776
5052
5591
6320
5143
5168
271
1767
276
6830
7615
4819
6828
1043
5687
4569
7357
24
5430
8190
2995
338
932
8047
3467
6680
4568
992
1115
7405
6580
8151
4291
1224
1944
5995
4851
4022
8143
4150
4372
472
2015
727
1473
5975
1040
1046
3068
7059
4975
7916
5412
