0
0
0
10
0
2
0
2
8
0
0
0
1
1
0
0
0
1
0
0
0
0
15
4
0
0
1
1
0
0
0
0
0
0
0
0
0
0
0
0
0
0
0
0
0
0
0
0
0
0
0
0
0
0
0
1
1
0
0
0
0
0
0
0
1
0
0
0
0
0
0
0
0
0
0
0
1
1
0
0
0
0
0
0
0
0
0
0
0
0
0
0
3
0
0
0
9
0
0
0
0
0
0
0
24
0
0
6
6
5
0
0
0
0
0
5
0
0
3
4
2
3
2
0
0
4
0
0
0
0
1
2
2
0
2
0
0
0
0
3
0
0
4
0
2
0
0
0
0
1
0
0
0
0
0
0
0
2
0
0
2
2
2
0
0
0
0
0
0
0
0
0
0
0
0
0
0
0
0
0
0
0
0
0
0
0
0
0
0
3
0
8
0
0
0
0
0
0
0
0
0
0
0
0
8
4
10
3
4
2
30
3
2
4
0
0
0
15
0
2
0
11
0
0
1
1
0
0
0
1
0
1
0
0
0
0
0
0
0
0
0
0
0
0
0
0
0
0
0
0
0
0
0
10
0
0
2949
6311
2972
2943
5151
1326
6431
1748
2271
6756
4348
1813
5470
1067
2796
1787
7545
3515
4273
2784
4647
4644
83
211
4442
7063
4849
5326
6053
5643
3004
3585
272
3098
3330
4369
6928
7146
6400
4983
4704
4676
6468
694
7689
3240
7941
5165
5248
390
5566
6973
4651
2629
2777
5428
2736
7645
1610
899
5194
4569
4722
7506
411
7910
3193
7973
4123
1112
6557
2991
2904
7123
181
3273
5530
825
7344
4074
1155
5220
2464
7887
2826
4543
36
6824
1425
3326
3959
2629
5909
5798
3851
167
2654
1544
1224
5144
7704
237
107
614
4213
3636
1396
2791
1680
4521
4397
4594
121
6973
6761
4569
3959
2489
1544
7279
1441
1944
1776
1275
138
3625
5024
4017
7424
5993
2954
3634
2090
3243
2888
4630
6109
6132
5220
1620
6438
7691
7190
7063
3542
5364
3402
5738
646
7396
2777
5165
2405
3712
6271
7358
2319
3220
3610
4340
5606
1875
6555
4907
2557
8120
2658
7974
6833
5987
2352
163
188
7901
4735
4306
2513
7269
5364
7492
7949
4715
3972
8080
4475
1155
825
8076
381
4104
2851
575
6805
107
4624
1730
416
4228
5496
1528
4090
2330
885
5286
7362
8075
4053
3280
4575
3120
6000
531
2083
5496
5968
4917
7135
5643
6899
1486
5170
7438
5288
6053
2643
4890
3866
5930
4121
315
1208
505
6676
3714
7938
5417
1003
320
541
4543
3959
2541
432
3776
5261
6399
449
3606
1009
7224
3827
5514
8168
7796
2130
5048
1532
6400
4286
68
2428
6555
7749
1898
687
8084
1502
1197
7421
6715
7068
5564
684
6552
5112
261
7875
216
6010
4437
7153
6905
6808
144
1633
105
5048
4950
2137
4702
3940
2528
4620
4918
5786
5135
378
5788
7068
3426
5556
7536
8185
4857
5767
3383
5748
5735
2669
6692
6048
3273
516
7733
2197
6850
2197
6666
6794
6332
4296
3918
594
3657
4313
3657
2893
5972
2168
1378
610
1695
4360
1294
3827
4858
4716
7491
5185
2260
4663
5007
4452
8185
6443
4691
5417
2691
1525
5799
7317
5313
6727
516
2366
315
5496
7804
270
3659
2165
162
1552
5299
4244
3488
7894
3572
2967
3851
7987
6767
5366
2165
6414
1347
285
1326
7370
6010
67
67
6133
6400
4963
5182
5151
3295
3779
4868
4827
129
6301
1572
4562
5989
4430
5967
5404
2938
2701
927
3221
381
2171
6897
2892
3012
6905
3221
7388
780
2834
1247
7435
3813
3221
6336
2691
7973
7306
6666
6999
5228
2824
17
2050
6443
3865
3251
8103
7451
4510
1563
2427
2098
89
6732
3308
624
5328
596
4963
449
1016
3854
2894
5514
1681
2508
7060
6555
7060
2945
7025
3567
3622
1271
4601
2495
3865
6269
2740
5778
8047
8031
1710
6754
4622
2647
6172
596
2561
4220
2434
8003
442
475
255
1473
5587
1283
8120
6554
2960
3331
7973
6608
1799
5117
4750
4890
6909
7412
2521
958
4249
2516
523
8100
3472
5617
2731
6555
107
6523
8170
2621
1009
806
2753
6579
8
1050
1184
8003
734
377
6638
8113
2561
7855
3652
1613
7346
1477
648
999
3271
165
703
6909
1528
2749
5011
3657
1439
3824
1721
2105
1224
5644
8028
4988
6135
4159
6132
1333
2978
2259
3998
6557
7714
6736
5005
2195
8100
449
1730
5649
4273
2995
4036
498
4306
7460
7146
1208
247
1830
1029
3636
1254
1494
1767
3321
6215
8139
3236
6960
2983
1336
3611
1924
7404
6348
5417
1825
2139
7981
5940
6966
5236
7755
2378
6665
549
7954
5005
7370
2943
7111
1589
4280
6488
1705
684
1050
2989
8139
4658
6921
6801
5286
6978
4515
7720
6557
1104
692
4611
2291
1104
7137
666
5364
8006
7376
5188
7564
5569
6998
6305
5935
7496
8100
5224
5636
4314
8021
3805
6631
1224
5132
7855
4539
3184
4863
4961
1685
6336
5027
4166
2991
1326
5670
7877
6768
6066
332
1623
6638
7720
1951
6816
7387
885
1021
3577
4830
6975
2190
3440
1483
2261
2233
1801
1693
3998
2658
5983
2206
1145
5425
4149
287
3514
4600
6612
6896
832
2868
1545
8031
6687
1176
2195
2583
1403
652
3681
2558
2110
7191
111
1661
3193
7323
3688
7903
1121
3759
2957
5332
2825
1177
783
4568
222
1733
6549
2772
84
2496
7181
5940
5967
733
7818
5847
125
135
6850
5565
4790
6411
2690
4194
5246
976
7743
3717
1686
2137
7913
4192
8134
211
1057
3051
698
335
7216
217
258
5374
6571
71
5565
67
3332
3010
2308
3152
3815
5487
7188
966
5398
7459
7058
1695
7644
6438
4339
1017
2923
4649
6902
5890
1597
7723
7210
1588
4505
3795
2632
471
5608
3676
1992
1065
900
2684
3391
1664
3892
6249
919
3793
7011
695
5714
1597
5402
1564
7252
696
2856
5279
5877
5644
3899
1522
1027
672
1289
4517
915
2677
4017
3123
1037
5238
2391
2023
2442
2676
2016
7138
1820
7722
479
4805
1964
3276
7994
3178
6950
4867
7190
6552
4621
5951
5853
5906
262
7623
7507
1570
2949
1289
1453
4491
1673
7777
1453
3617
3571
3188
5664
1675
1544
1709
5800
990
7384
1157
8025
3835
6002
7940
5687
3610
957
8152
2110
1907
5396
4903
1521
6741
5293
5382
4703
5232
4580
1724
7463
3155
7138
4505
7753
5810
932
2459
4009
1521
1768
4146
4522
5428
414
3220
1748
2441
7615
6788
4931
2875
2095
7236
1060
1902
64
3710
5382
3911
4796
7308
1439
262
1570
7924
1428
4525
5364
1105
7067
715
4475
96
418
5024
3220
4522
7063
4007
3477
6089
5640
1261
7545
4594
2657
5816
2256
589
6895
2948
5833
3685
5579
4613
1321
7985
7924
7622
6761
684
6937
3004
2080
6791
7910
3600
7389
3477
7940
2907
6227
390
1060
1664
5874
6271
7940
5398
5385
1834
2969
5975
4489
1698
6553
7872
5107
5812
6342
4173
7622
5801
5013
5279
5024
6227
3223
2271
6227
4335
2629
3959
4609
7408
1944
7872
5650
3625
3454
6828
3158
6677
6914
5649
3233
1131
3207
2736
5428
2411
3148
5979
4995
5020
