0
0
0
10
0
2
0
1
9
2
0
1
0
0
0
0
2
0
0
1
0
1
11
3
0
0
0
2
0
0
0
1
0
0
0
0
0
0
0
0
0
0
0
0
0
0
0
0
0
0
0
0
0
1
0
0
1
2
0
0
0
0
0
0
1
0
1
0
0
0
1
0
0
0
0
0
0
2
0
1
0
0
0
0
0
0
0
0
0
0
0
1
1
0
0
1
6
1
0
0
0
0
0
0
25
1
0
12
6
7
0
0
0
0
0
3
2
0
3
3
1
3
1
1
0
2
0
1
2
0
0
0
1
0
2
0
0
0
0
5
0
0
5
0
0
0
0
0
2
0
0
0
0
2
0
0
0
1
0
1
1
0
1
0
0
1
0
0
0
0
0
0
0
0
0
0
0
1
0
0
0
0
0
0
0
1
0
0
0
2
0
6
0
0
0
0
0
0
0
0
0
0
0
0
10
4
7
5
4
1
30
5
0
5
2
1
0
24
1
1
0
11
0
0
1
0
1
0
0
1
0
2
0
0
0
0
0
0
0
0
0
0
0
0
0
0
0
0
0
0
0
0
0
10
0
0
7484
411
3541
1836
211
3389
2560
7613
5536
5220
3389
1595
5886
899
5019
2999
6475
7584
5385
2271
1023
30
2419
1105
4291
631
631
1620
5048
7887
369
4340
2271
5982
1621
170
1824
722
5625
5576
2271
170
7679
1285
5403
4707
4735
914
5248
7587
7902
531
4017
7415
6776
61
1105
631
3682
369
5232
740
531
5982
575
421
4237
5364
7860
5915
47
5412
170
744
7915
778
7882
2513
7484
3851
533
2410
3969
727
7679
5833
2013
2975
1709
2629
1395
5403
5077
2488
7753
5364
7258
450
951
7243
5248
8160
215
2513
4609
5751
6469
5514
5214
7596
1988
1285
3993
3823
3695
36
4340
372
4217
5339
6571
7613
4065
4628
6653
5392
1483
1105
5160
7369
4796
3443
4707
3641
7346
4715
7784
6002
491
3389
2513
4491
1046
5975
5682
6294
6294
1825
4516
2271
727
1057
3851
491
851
3881
1110
6723
3311
702
6427
486
740
5220
6796
2399
1528
6299
5407
1834
7716
1029
4830
1415
4596
1200
1675
1057
3835
8075
1660
2894
783
1917
5132
3881
5261
3879
3030
4946
5980
744
5157
5287
3389
631
5034
3221
6399
1730
1855
4919
3343
1769
7121
7196
7061
7121
61
7121
4290
7497
390
7173
8157
4999
3657
371
5353
4983
2197
107
313
1576
2219
6035
2010
1043
5705
6627
2637
6687
6107
5366
3776
7174
4880
2679
1534
6571
2916
1029
4812
2478
638
6736
7181
5556
358
7476
4166
4620
755
270
7375
7814
7893
20
4740
4373
2750
7733
4051
4855
976
3282
5407
762
2893
1769
1295
7043
5532
1747
5416
809
505
7981
3634
3759
594
107
6591
4149
4166
6486
3382
6272
381
755
1730
4220
4855
1687
3069
3711
3759
2960
6268
5407
1623
1992
4944
7308
3221
3125
7476
5634
3659
5989
4401
1474
5967
135
3261
3728
6325
8185
7523
5792
7430
6352
7375
2893
2943
4452
4446
3184
2660
3331
7163
3990
7271
6048
4620
7150
2094
4180
2098
498
6557
2235
160
1365
5011
3221
6010
1292
6181
2943
2658
7557
1474
7919
2139
27
4095
2427
5201
2641
1913
5535
5346
923
5991
4212
8185
2420
6269
4180
3866
8099
6918
3020
1170
1827
4980
1530
1145
2962
1628
2893
6399
3657
856
41
1922
3657
4611
1623
7241
733
6865
1107
4539
5464
2011
5080
6608
8098
431
2307
6754
6964
4226
6297
3486
3704
2726
5510
2353
135
135
2943
1569
7367
6443
856
1922
3879
3371
6687
2412
8067
1511
7463
3359
2002
3960
5672
3717
545
2959
2908
1858
6687
4847
4789
4260
6443
350
7534
3718
371
7146
7375
929
1336
5024
1451
7257
956
5251
67
5634
4696
1338
5515
2794
7416
5359
6015
2142
1338
2427
5465
2168
6627
2380
6175
1930
6557
1727
51
4275
3032
7375
5799
1578
7375
1046
6940
216
1984
6494
5011
3717
6348
5265
51
4933
7743
4615
882
4696
701
3678
1283
6400
4123
4123
5156
4683
2601
7602
67
100
1436
2658
3998
6399
6687
6000
6000
5364
7781
2311
1628
4678
5713
6284
6744
2928
6963
8163
8014
449
7761
40
7761
6443
5555
1578
6862
2414
2101
1847
1552
3659
3602
1604
3953
594
7569
7011
2512
4491
6163
3466
1295
1336
2904
1876
1344
4301
732
706
1899
3003
5657
7249
7352
4767
4624
5512
2428
813
6092
7675
880
270
7446
2683
923
3443
6320
727
6000
5775
1123
2156
4001
55
3251
5940
2834
2637
6555
6257
4624
2353
222
265
2769
1992
1491
3820
4981
8099
2238
1806
8122
513
3657
2981
956
2410
2679
959
1029
6443
3717
2722
5496
1589
1847
7055
2834
5417
7919
6175
7818
2139
6269
4682
3940
3979
6862
6194
381
961
4848
6305
1489
4398
3657
4138
5346
2032
1620
4796
1059
1460
67
7430
6653
2264
5353
653
6419
3659
562
7855
1474
6106
4231
6666
4808
1387
4138
6971
7864
6754
734
4088
3563
1911
1898
2427
3718
2158
6677
5385
648
6399
2943
41
6486
2561
7277
3488
8008
6891
5460
2439
6897
1623
68
5597
6965
2943
4041
5341
1968
2900
7257
7743
2197
6676
976
2427
1730
3334
5423
51
8100
6745
1687
2291
762
3879
1005
5047
1282
6486
2352
449
732
5353
3114
4773
4682
3563
3397
2517
217
3835
553
4715
6757
3940
6400
976
5261
1730
6365
6468
3131
3881
51
944
7511
7511
3282
6082
1023
5337
5745
2735
7855
2139
4212
431
4212
287
962
3327
7781
5322
2736
578
1730
1695
2094
3985
1898
7480
4322
7713
1687
3820
3850
5998
421
3847
820
7575
5185
5132
7409
7274
2448
4576
7352
7073
7536
7293
4676
3469
4835
7484
4202
3941
5641
956
5907
755
789
168
4611
7257
3135
7177
4017
8092
2512
7752
1767
2104
3481
868
2427
6638
856
7016
1710
491
1595
6415
4448
3391
1488
783
5778
3389
437
578
3987
6930
1922
6631
3776
3130
4809
5739
747
4017
320
201
5687
5514
1472
1280
3704
3463
1855
7478
3942
5915
1395
2825
4270
2248
1550
6053
1816
5507
5173
4651
4306
5052
1766
4946
6638
2419
5627
2716
2902
5292
6243
3162
1043
2603
2557
5801
1930
4611
1258
6687
3709
8143
7061
2665
807
4069
5489
3695
2342
4892
7798
4950
1105
2130
725
4212
2910
4067
7692
7442
2372
795
61
3995
2950
4194
4343
4830
8113
7257
4946
3717
1305
2285
3475
4525
266
3121
1736
7997
5743
6041
2405
3600
3433
5682
5290
2464
3178
6243
1450
2487
4926
795
4759
3391
4009
6321
6989
919
2002
7431
2213
8099
3737
96
7028
1114
7209
1698
722
4658
2465
1046
744
4007
4609
2777
6041
5629
2459
2684
4689
519
1213
200
7398
3405
6307
4708
2560
7823
7061
6735
5408
6736
2187
5185
2136
6853
952
7861
6520
4916
910
7406
1523
2856
591
5701
6395
4809
47
4017
7781
341
6465
5283
1204
3391
6869
5560
6600
266
2679
1395
7391
5874
7229
4007
5982
726
7530
3858
5902
5784
584
7215
3712
372
2854
5244
5209
3599
6447
