0
0
0
7
0
1
0
2
8
1
0
1
0
2
0
1
0
0
0
0
0
1
3
5
0
0
0
2
0
0
1
3
0
0
0
0
1
0
0
0
0
0
0
0
0
0
0
0
0
0
0
0
0
0
0
1
1
1
0
0
0
0
0
0
1
0
2
1
0
0
0
1
0
0
0
0
0
1
0
1
0
0
0
0
0
0
0
0
0
0
0
1
9
0
0
0
8
0
0
0
0
0
0
0
18
2
0
13
3
5
0
0
0
0
0
2
0
0
3
5
2
4
4
2
0
2
0
1
1
0
0
0
2
1
2
0
0
1
0
1
0
0
0
0
1
0
0
0
2
1
0
0
0
1
0
1
0
1
0
0
0
1
3
1
0
0
0
0
1
0
0
0
1
0
0
0
0
0
0
0
0
0
0
0
0
0
0
0
0
7
0
7
0
0
1
0
0
0
0
0
0
0
0
0
7
4
6
3
3
1
25
2
1
1
5
2
3
18
1
3
1
10
0
0
0
3
0
0
1
1
0
1
0
0
0
0
0
0
0
0
0
0
0
0
0
0
0
0
0
0
0
0
0
10
0
0
897
2474
6826
6409
3502
8110
6925
2124
7270
3393
7998
3858
5248
6465
1007
4601
5923
1238
5714
5129
4722
1238
4199
4323
3214
3885
64
4507
1238
6195
7223
8155
5111
1231
163
5695
4093
739
933
295
3050
1479
1895
861
1086
5431
1923
6760
6887
6996
606
5250
4214
5744
2889
2193
5181
2066
7723
5588
4453
3656
5619
5712
7915
2947
2346
5629
3153
98
1272
4661
8048
6612
7666
5598
8082
5061
5386
1180
5447
3503
6400
444
5588
4018
4442
4382
4710
2136
4882
904
5714
6259
999
4509
4160
4141
1487
5493
6955
1189
3484
2429
5739
1822
1997
520
1075
2484
650
2727
2678
4935
365
5064
6727
4955
466
7452
7664
6649
4781
466
6547
8152
520
5403
1394
1834
7509
2486
4769
5877
7859
2317
3478
786
7323
4835
744
7722
3443
4594
1238
5561
2751
4701
1430
2104
1209
2309
4177
2320
5781
4270
6240
7359
6474
4491
8043
24
4099
4975
7598
4707
1470
1469
1463
8029
6803
4608
7867
4097
6522
4509
2496
3427
6195
7796
2560
3786
5066
1238
5447
7416
341
2407
5435
7079
3058
1620
102
288
865
2973
170
255
5979
1978
7017
5864
309
1756
7740
6367
5591
1429
5940
945
7013
2615
4680
1415
6571
5762
3585
3947
1096
367
2866
2151
7960
396
280
6904
2671
3162
5629
1308
2271
7180
6864
5434
5647
8184
7995
1256
5744
1442
6631
6692
6709
3308
7748
3717
3299
7258
5531
4563
3831
3871
1298
4446
5685
4280
3106
6746
882
7554
5053
5266
1544
1613
2219
3093
38
4047
2943
6775
46
968
1681
7146
2502
3685
5972
4680
7829
6460
4340
4126
5174
6844
2260
5849
7544
5729
1483
4568
8019
5068
6659
2500
6659
7239
818
7543
3916
439
7797
6510
1608
549
5479
7919
1943
3792
7748
7496
2157
5165
5029
3993
2012
5144
1881
783
1435
2721
3004
1430
5820
7806
3716
4335
2283
1232
5064
6448
361
7155
3534
4701
6673
1678
1045
2675
5714
5714
4018
4992
476
7178
5405
652
27
523
2011
3075
4624
4348
411
3454
4182
1026
6123
7563
1285
5023
7256
5187
884
2597
36
204
7764
6348
7593
2076
4507
2516
1331
3551
6750
7367
5366
5940
1728
1992
1528
5246
2076
3153
5629
4290
1231
3692
7806
7699
5982
7011
5633
2660
83
6744
3238
3466
5540
1305
4955
3942
6272
3965
5701
4507
1659
2893
4212
6825
22
7181
3063
2994
1734
5364
1620
6679
942
7343
3971
8000
7588
4253
4276
6850
7963
7919
459
1397
3594
4702
7776
606
845
415
536
968
889
5358
786
6259
4515
5188
2943
7895
2862
836
1961
6976
1038
6259
7257
2730
4260
3452
4575
5578
5240
7264
4313
51
1258
466
5744
1488
2541
656
536
5112
7916
4265
4164
3002
3238
222
5535
427
5562
8123
3175
5446
3993
4326
6099
1374
4527
3141
2254
3136
972
2197
4831
5284
4130
323
7437
2662
536
6976
3594
899
6164
4507
232
3272
8060
997
3489
3012
7874
1556
1713
2836
6259
6334
7396
5722
551
7212
3865
4678
5328
5544
8057
5425
5340
4794
7142
5093
5343
8166
1539
6595
4979
7796
1449
2981
3165
4060
5282
3085
6025
2297
3012
1374
8074
3188
3232
4369
7456
3755
4907
3441
7907
5753
4132
7356
1608
4701
4955
914
5282
3792
6376
5574
2855
7784
4693
1560
7796
4399
4110
6488
2124
3551
2203
3441
7367
7697
1999
245
2717
3188
3669
4450
565
5251
4890
2990
6204
6105
2855
80
276
6976
1185
7482
5945
4554
1724
486
5743
396
6936
1663
7581
6257
6992
5911
697
2833
1511
803
687
6520
4701
3214
5367
709
1727
2238
751
5940
8065
1231
2494
7313
8100
1131
2380
4935
4465
7822
1976
6227
7679
4482
6778
1075
6058
2493
4000
6704
2457
6976
3148
2461
6948
7548
6662
2962
7329
2020
7907
4819
5572
2494
4658
4465
7461
1238
5714
7411
4696
1477
4130
6467
3809
1836
320
1488
6281
3946
4399
7445
4018
3594
4399
6818
5093
5728
3291
1281
6744
7899
150
107
4260
3524
536
6861
4435
11
3888
6164
7737
7537
4282
4696
4036
8046
28
1075
4701
1949
894
5706
80
968
5744
5726
5574
3212
5453
1231
6548
411
7370
6928
1707
7292
6066
4152
4481
3668
6091
6387
22
5168
4827
459
7800
8072
7683
6179
3730
7936
5714
6520
4701
3066
2574
2494
8065
1341
5714
2434
5470
7699
4919
7761
3614
6449
2982
4976
1719
7399
3937
6897
3921
4496
1186
2351
4599
1560
7666
2789
2615
2992
4979
80
7482
6595
4955
1347
5447
882
2260
5024
5780
5107
4663
4430
5026
4142
4510
162
6998
4611
1545
1305
3258
8137
245
1458
488
6580
4791
674
4229
2225
5447
6456
5714
466
803
5714
5895
6586
1241
1713
5332
109
7197
4663
770
3360
2122
6378
3820
7271
4369
7835
4515
5291
7400
2157
6937
5714
7841
6478
2114
6108
55
8034
4110
1045
7796
3347
6642
6640
783
3628
3353
4644
960
5353
6998
6642
7604
1013
7307
3819
7440
5631
2675
2586
1942
1184
6066
8065
6826
5447
1643
4065
5855
4014
1281
4903
7982
390
749
2421
2271
7497
1331
393
2892
7460
7572
285
1515
2585
7748
6436
1292
1007
7702
7895
4119
606
5960
1694
894
7882
3951
1201
5766
3460
6088
4326
3968
197
6236
104
2697
7384
4707
7230
8030
4456
6046
4329
4514
1530
631
1281
5288
3577
985
6898
6348
8065
810
4554
4693
1686
6803
8175
3764
7057
1238
6976
4442
6995
6660
5019
3925
7902
5739
3959
783
3682
5046
8087
98
6791
2080
5095
6190
984
3445
7190
4270
2979
7442
622
7441
7135
4924
19
4252
1066
4830
2678
7031
4442
2939
863
740
3224
470
1157
1743
6977
1949
4926
2601
4609
421
7737
7895
3075
2612
5736
1836
5715
2118
2345
6038
3594
1287
792
2774
4872
7734
8156
4935
2474
2309
232
6164
7011
5165
6089
6254
4955
4670
2731
7059
783
5168
1988
4565
6002
633
1118
7327
971
4661
62
1740
1774
