0
0
0
8
0
1
0
1
9
1
0
0
0
0
0
0
4
0
0
0
0
6
18
3
0
0
0
1
0
0
1
0
0
0
0
0
0
0
0
0
0
0
0
0
0
0
0
0
0
0
0
0
0
1
1
0
0
0
0
0
0
0
0
0
0
0
1
0
0
0
0
0
0
0
0
0
0
4
0
0
0
0
0
0
0
0
0
0
0
0
0
1
0
0
0
0
8
1
0
0
0
0
0
0
19
0
0
3
3
6
0
0
0
0
0
0
0
0
3
3
0
3
3
2
0
1
0
1
0
0
1
0
1
0
1
0
0
1
0
7
0
0
9
0
0
0
0
0
1
0
0
0
0
1
0
0
0
0
0
1
0
0
2
1
0
0
0
0
0
1
0
0
1
0
0
0
0
0
0
0
0
0
0
0
0
0
0
0
0
5
0
8
0
0
0
0
0
0
0
0
0
0
0
0
8
2
10
3
4
2
26
6
1
5
0
0
1
15
1
0
0
10
0
0
2
1
1
0
0
1
0
2
0
0
0
0
0
0
0
0
0
0
0
0
0
0
0
0
0
0
0
0
0
10
0
0
4625
1377
4138
5334
4707
4707
1087
4499
5520
736
2009
7121
200
411
601
6839
230
948
169
6320
1011
5990
1326
362
244
2310
1971
5794
1725
3369
7488
3122
4094
6319
1359
1310
5896
432
3414
5176
538
2513
3348
4192
7176
3807
2339
7873
5559
390
4426
6069
3563
4838
2020
2627
2637
6434
3133
5701
839
6225
941
1336
5896
1319
1767
421
1776
2868
7418
2002
643
5877
2958
3503
1345
2100
1497
6897
7196
8083
7459
4687
4850
3558
5042
5315
3879
2658
7088
795
4594
306
5892
2301
2105
2105
1689
3115
5948
6761
698
7468
6550
4819
7586
6549
7967
695
4390
6858
6667
6975
7639
2398
7412
5366
5786
6557
1720
6163
3327
2740
4147
2933
780
5967
3710
2647
1767
5877
2662
6552
8000
4408
4626
1451
5626
508
3161
4255
111
7154
5744
3854
946
3824
6854
1922
4562
3072
3659
603
3172
5627
3969
1858
7332
2933
271
1709
5079
4670
1620
6007
4490
2387
5170
5504
2213
2602
1232
4521
7034
4422
7788
1040
5975
6929
6086
5487
976
4354
362
4870
6582
6674
2984
6884
3136
5634
7063
897
3004
3542
3240
7569
3652
7818
5799
1876
6194
6284
4698
7590
7869
1010
5668
1148
4372
1188
6755
7282
2284
5786
6369
7864
1833
6210
2445
2222
5379
4123
5928
3389
825
3207
2398
7655
6546
3488
780
6638
1390
1455
4291
332
2459
3004
6156
1781
7469
1516
2568
6214
4354
122
5007
6699
3836
6343
7611
993
1861
2859
5292
4491
5220
2907
6961
7667
6757
3247
7539
404
3327
5852
4645
4175
7816
7781
1018
3606
2943
3828
86
1678
5972
1707
4868
4681
3083
51
6300
244
7323
6814
1009
1750
6307
7679
2626
4929
3334
4666
2295
6414
6443
6494
3606
631
5733
1451
7864
6086
7562
7864
1347
2225
74
6985
610
1474
1210
7311
2353
5487
2476
41
1769
5579
7178
1038
2066
2455
4108
2569
3629
5786
4602
51
5550
7382
1903
3866
1894
7375
3879
7903
3390
6557
2762
7158
5732
5745
6125
1492
813
6676
2101
6745
2916
4238
5920
4136
3684
5995
2101
3857
2072
7982
5786
6010
638
5809
5379
6314
6090
7713
3698
6214
4205
6738
562
734
5353
7704
993
2998
2818
1386
3516
5442
4690
5307
1691
5550
4184
1511
955
2643
2135
1693
7737
2448
3603
1686
6243
8075
3867
6277
2712
7963
1338
2021
923
2206
1077
3836
1858
546
1223
6723
3511
7409
8036
5717
5368
2834
113
7106
6745
3179
549
674
7954
7737
3603
4408
4812
1680
4707
646
8185
5182
8134
717
3895
6398
5003
7677
1018
1081
3499
3604
379
1744
5770
6197
7557
2412
5286
2352
5487
3140
2973
1284
7907
1259
3629
1149
2168
2223
5813
4760
6424
1449
5354
7713
7356
6172
2073
3327
5799
6205
6086
3659
6988
5944
4138
2090
5496
4993
3238
562
2647
74
1707
2139
122
4515
1608
67
5803
1940
1909
5049
6133
1392
945
866
4963
6653
659
4336
8122
4479
3909
3308
5143
853
4772
2222
5907
2387
6174
5251
4803
7060
1347
4696
2448
8057
6107
3634
4401
5471
5170
1530
1460
3738
5989
7749
7981
1361
6356
4862
6535
6456
2679
389
1157
6307
2874
6930
6723
4868
3606
381
51
4138
1121
5417
7658
1293
6562
1347
3635
5261
6399
2582
3535
587
3125
2792
2434
5967
2460
6998
125
5813
3443
1287
6674
4390
6425
5381
1730
5301
7704
2393
7778
3987
1104
4967
6129
258
6398
5070
7818
6930
4868
7793
152
5003
2440
2094
3247
4696
5967
4624
6312
716
3716
2483
3722
3821
8142
7656
3138
6930
8008
5708
6998
2101
1616
6486
7193
6350
199
8078
1100
956
5597
152
856
2382
7322
1899
6172
4868
6163
2750
4624
3338
2365
6691
686
6864
1709
7242
4167
6090
6177
4025
5203
4947
7095
6036
1876
3441
6160
6112
3146
4929
1390
3953
1260
3138
6054
4822
2834
7903
291
5774
4624
4138
2809
2859
6959
502
6722
255
4609
7679
7575
1105
3469
218
3825
337
7242
8013
8136
2420
40
7261
7616
291
4802
6780
7604
3373
58
7311
1104
5017
7991
6653
7604
2637
5307
7061
5596
2868
2868
8151
1733
6452
7881
4767
5512
7650
1582
2134
6241
4803
7534
6048
1092
7168
2738
4208
8134
4498
1832
8008
2381
4354
3268
1887
4660
706
7574
6861
6060
254
4492
332
8128
1063
5799
7271
5655
7859
6925
4856
7478
1235
2683
155
5471
3657
329
7655
1753
568
3682
1924
5885
7818
5876
6757
6676
7534
3987
6720
7622
684
249
1029
3256
846
1725
7934
1587
549
5677
5749
5144
1950
1639
5521
3508
7095
3776
5550
5653
1356
1969
3747
7430
7876
993
2858
7733
4138
3441
5954
5896
6886
1595
1622
8008
1623
449
6777
7478
4625
3392
546
4707
2806
930
6156
2366
1390
6400
4968
3159
5220
3389
2736
3225
212
3918
190
4025
1784
5193
2958
3120
3158
4232
1761
7817
2809
7498
218
2099
6947
2362
6668
6677
6380
1426
2508
762
993
1166
6994
6031
5066
1680
7484
4291
1425
4140
5077
250
1024
5985
2855
8103
6761
2271
6715
5820
1342
8099
7360
7637
6326
4809
783
4492
2130
1995
6780
2818
5869
4681
1584
959
2270
7230
4112
2629
1041
3037
8023
1732
7389
3754
6632
3299
109
1307
6717
4549
4025
3172
8002
5077
170
6082
5332
4290
5403
395
6723
3104
2735
6312
3626
8025
897
1275
30
7967
1472
7028
3259
1009
4194
5777
5476
7861
7435
4900
744
210
2737
2854
1824
2464
7861
3455
1514
7622
783
559
4726
7759
8116
5367
993
3792
2066
7664
897
402
4852
5748
7415
3533
4027
7121
7956
6902
400
705
1137
2130
764
1971
3414
6144
750
5434
8111
214
6735
4812
1620
189
8069
4159
2749
6697
4007
559
2657
1472
4492
7861
2022
2675
3262
2799
698
6820
4293
2663
4070
372
4092
2112
6366
3969
323
6000
1607
3004
1969
6198
5332
783
6746
3554
5003
5323
6034
5778
6473
2922
3322
1864
4734
5779
3668
5810
6259
