0
0
0
11
0
0
0
2
9
2
0
0
0
0
0
0
0
1
0
0
0
0
14
3
0
0
0
3
0
0
1
0
0
0
0
0
0
0
0
0
0
0
0
0
0
0
0
0
0
0
0
0
0
0
0
0
0
0
0
0
0
0
0
0
0
0
0
0
0
0
0
0
0
0
0
0
0
0
0
1
0
0
0
0
0
0
0
0
0
0
0
0
1
0
0
0
6
0
0
0
0
0
0
0
21
0
0
9
6
5
0
0
0
0
0
1
0
0
1
3
1
1
5
1
0
3
0
0
1
0
0
0
0
0
3
0
0
2
0
0
0
0
2
0
0
2
0
2
3
0
0
0
0
0
0
0
0
0
0
1
1
0
0
0
0
0
0
0
0
0
0
0
0
0
0
0
0
0
0
0
0
0
0
0
0
0
0
0
0
4
0
11
0
0
0
0
0
0
0
0
0
0
0
0
9
3
9
1
2
0
25
4
0
0
3
2
0
16
0
2
0
10
0
0
0
1
0
0
0
1
0
0
0
0
0
0
0
0
0
0
0
0
0
0
0
0
0
0
0
0
0
0
0
10
0
0
8105
5531
1988
2546
866
3130
7931
2598
7166
3136
4595
1874
3666
4643
7145
1299
1017
2383
471
2266
7077
6353
4019
5368
2491
4033
2270
7573
4169
2836
6868
4553
7011
5839
354
462
4842
1351
3388
3714
3489
3578
3427
1506
2681
5790
2805
7850
6679
159
460
6829
5999
7777
5255
1302
184
7319
6981
7227
6069
1468
5040
3050
3364
4347
4625
3455
7745
2264
1986
961
1945
5980
4270
531
6176
7342
6650
3353
857
5560
5474
3334
5806
7062
2957
777
3449
5079
6623
1999
4788
678
1871
849
5620
3085
8040
4852
8132
4014
1477
7899
3819
2672
1733
3700
1980
7274
1805
1522
2240
5284
5564
6269
7370
7073
5699
1015
1476
1458
1474
640
851
3882
7183
2977
1770
3405
7139
2177
2039
7080
4286
1374
3614
6583
5183
1269
10
7395
2283
3608
5856
7479
498
7212
505
1728
4827
7966
2410
2907
3888
4741
1148
6551
5350
1220
2933
826
4201
2277
902
1213
6823
3620
3353
7454
2024
422
2870
6805
4962
7002
8044
3613
6809
6601
5289
4611
7768
3769
93
4504
876
1743
5273
7908
5493
6536
4352
1709
988
3597
3748
2209
3161
5176
5092
7034
6377
7181
2550
4130
768
1352
3190
6842
3331
1079
523
6399
6153
1528
3821
3645
1506
1472
3953
7739
3953
5288
1012
2653
7398
3168
3510
550
3891
4407
2120
5376
5354
6754
3508
4682
5274
5865
6971
6854
7158
132
7456
1707
5981
5519
5989
6202
7739
7210
5419
4280
7753
393
5902
2543
959
468
4184
7698
7611
7200
1398
712
6909
2526
2794
1571
7460
7523
2098
2452
2675
6066
1662
5983
2982
7847
5421
3198
3282
2214
6679
5906
3050
6741
6119
3460
1785
2166
4533
6996
1859
2865
703
4308
7998
768
3940
6971
4678
7456
6414
5240
7895
7964
1615
4981
442
7095
2094
7370
5585
5585
6058
6932
7676
6906
7855
3475
6273
355
5166
2063
1087
4381
7845
508
7613
8070
5935
6957
1374
3672
3711
2341
5200
3452
3839
7835
7702
7988
7317
6523
2669
2955
7921
1453
2557
7739
4898
1103
4330
158
2013
3347
3351
3903
1698
3577
4735
6337
7095
7370
5358
5917
5624
2139
7581
2134
7370
1608
4678
1247
6736
6485
1559
615
2359
3960
4741
5078
2546
7533
4753
3706
4093
4355
7064
1513
508
2430
5749
5107
5052
2609
4336
7847
7735
8036
8033
7427
4686
6077
6809
4527
4720
2624
7968
7706
6912
4108
752
5439
4067
1935
5902
510
3835
5445
1556
650
36
5906
186
987
4693
7683
4780
7037
133
6642
2591
6598
3784
6762
2382
1977
373
297
8117
5933
7908
2688
5389
1361
4037
3092
7461
4182
3229
7911
2790
1057
857
5066
1582
5699
5151
4637
3634
1833
1335
5114
6532
3614
1394
6378
3426
687
2661
2671
1204
706
9
749
4639
5983
7785
5375
7033
1734
5765
3391
2389
2290
1453
2459
7562
5358
7761
6091
1460
3865
6257
7727
7046
7319
3784
2778
2519
1545
3356
384
1020
2753
5350
1438
2671
4975
1988
2546
1351
1978
7482
398
4022
307
2543
1003
3195
7875
7657
2187
4704
5556
7021
2251
2997
2093
4637
483
7080
8037
1489
4149
1752
6563
8047
849
7144
4352
2929
7692
5194
5066
1494
3082
7447
2284
5766
1169
2893
505
1229
41
3508
7875
1528
3868
2171
505
1728
6928
7212
6463
6754
5624
7106
7061
1367
1709
3229
3487
2487
1217
1513
1580
5902
5201
7459
8135
6233
7592
2550
7212
7429
4434
755
313
5866
4149
6129
6399
4983
5848
379
5366
1844
3921
1415
2790
2679
5627
3732
155
1513
4734
4975
6353
7057
7811
2859
35
6571
4007
2420
2730
1374
7370
8177
4622
4916
7350
7602
7212
961
4132
6930
4360
5358
313
2836
2639
84
6176
5892
4570
6645
2907
3322
2286
8094
5430
5964
7039
7823
6009
980
6005
1521
2531
7415
5560
7011
5185
505
4966
3881
5478
1710
8057
1294
7212
1812
3288
1502
5122
2552
6369
6203
5292
3061
5636
7077
6252
6732
583
369
6307
3085
6346
7777
1743
3812
5128
87
2454
5272
206
2792
8185
5848
5
5392
787
2811
5154
1514
1907
915
7086
5882
3608
8047
7011
6645
3166
6522
4007
4504
959
5402
5390
1617
935
5128
6248
2110
5419
522
5390
4847
1588
5098
461
1551
6949
1686
7017
7024
1661
1289
6810
5709
4525
4533
2654
750
7039
2662
464
1009
2665
1521
7995
5322
4633
829
5691
6551
5149
1021
3492
947
4309
900
7188
5715
143
5815
7623
4485
5205
7182
4375
422
5581
6615
6615
7854
4159
7166
756
6355
6391
2741
5779
3347
7735
1724
1030
6776
3824
6421
5722
4033
3229
1114
6913
6095
6181
7861
7227
3334
7568
853
2975
2496
75
3435
2265
2713
2620
5717
5868
2346
1820
721
3542
6346
7636
4467
4506
2342
4551
6306
3544
307
4347
2152
4124
1482
7806
4047
7924
5653
1031
1293
5558
1024
1613
6217
2034
2419
5921
4727
229
7195
6440
1947
7031
4880
7040
1588
5133
1118
2177
1354
5343
4509
6047
1989
4857
6631
4366
5810
7039
4315
107
1945
1844
7155
7573
7894
6040
4155
1075
702
7921
4226
649
5537
6222
109
558
1791
3322
5430
6070
7219
5170
6650
2308
7851
1522
906
7520
749
7002
2251
6766
6809
3678
1767
6932
5766
5722
6013
4207
7491
3402
5957
5793
4349
7155
48
7636
6005
3413
3685
2374
4418
4869
2713
2795
4312
1487
5154
7258
2728
3455
2597
1213
5392
6485
5559
2684
4892
6089
5188
6167
1450
2137
7178
2815
5653
2022
2347
1406
3364
1493
7214
1290
5175
4290
4353
5577
5572
826
3289
423
6925
4505
1900
3468
400
1552
5115
3849
4294
4892
3405
6998
7442
3807
1287
5547
1385
1032
7803
3617
7252
8073
7948
2915
1527
1050
1031
449
2300
4009
3839
3367
3734
1415
6724
7111
8044
975
3455
6307
750
7155
7909
932
5796
2466
355
7319
2284
3189
2359
7560
1114
5333
5971
5715
4716
4206
7954
4792
7590
60
7821
947
4830
675
849
4740
828
7404
