0
0
0
10
2
4
0
1
11
0
0
0
0
2
0
0
1
0
0
0
0
1
14
4
0
0
2
3
0
0
1
2
0
0
0
1
0
0
1
0
0
0
0
0
0
0
0
0
0
0
0
0
0
1
0
0
0
1
1
0
0
0
0
0
5
0
4
1
0
0
1
0
0
0
0
0
1
2
0
0
0
1
0
2
0
1
0
0
0
0
0
0
0
0
0
0
7
0
0
0
0
0
0
0
21
2
0
12
4
6
0
0
0
0
0
4
3
1
4
4
1
3
2
3
0
2
0
0
1
0
1
1
5
1
2
0
0
0
2
1
0
0
2
0
1
2
0
1
1
0
0
2
0
2
0
0
1
0
0
0
2
1
1
0
1
0
0
0
2
0
0
0
0
0
0
0
0
0
0
0
0
0
0
0
0
1
0
0
0
6
1
10
1
0
0
0
0
1
0
0
0
1
0
0
10
4
11
2
5
0
25
5
1
5
6
4
2
15
3
1
2
10
0
2
3
4
1
0
0
1
0
2
0
0
0
0
0
0
0
0
0
0
0
0
0
0
0
0
0
0
0
0
0
10
0
0
3373
6895
7072
5010
1931
4739
6227
3610
6795
3642
8058
472
5494
7045
2039
6749
5326
1644
872
471
931
4103
7300
7488
4970
4008
2192
2513
1087
1212
4707
1610
6605
797
5489
1799
6467
51
5777
772
930
5527
4652
5407
2984
2235
1229
5144
6595
7591
7527
2978
1986
5935
2475
3591
5429
1664
5489
289
7956
369
568
472
2328
1119
6708
5033
7231
2582
5917
3382
121
1207
4041
2020
6495
53
7480
701
4982
7038
5614
7595
3828
6181
665
4706
5951
2630
8086
1595
6706
3209
5778
138
521
1713
5465
5578
1693
3979
3384
4501
2023
3811
2669
6825
5291
6976
2145
5564
5188
7945
6400
755
6873
26
1683
3711
405
5909
4236
121
721
6674
2127
2163
7200
4737
4710
7166
2994
1707
1604
1086
4373
5662
5064
5289
6631
2615
7467
6738
5617
3327
5624
6596
536
6895
710
6438
6342
1984
1032
2123
6569
6235
5294
8035
2708
1854
1736
1279
4777
858
7650
1788
2435
5788
672
7306
6234
2820
488
5005
2351
6269
6666
6797
8073
1567
5282
6660
7540
1928
2582
1085
428
5676
4592
3526
572
3847
4824
5928
353
118
3678
6897
5987
3247
6125
1360
6532
1488
4319
3730
3228
666
1659
3732
2275
2951
6796
6336
3858
5893
6377
7174
5270
4040
4215
6447
1606
1296
5289
7163
1588
2090
3282
7687
1130
7015
2475
5756
606
3621
764
7332
118
3159
2922
1057
4807
4448
8057
1992
8149
2098
71
7021
7091
2123
2489
276
3251
643
3993
4326
697
5572
6561
7783
122
1942
945
5231
505
8076
5510
995
415
671
5867
3244
2869
2706
3247
6930
7899
3759
1461
2792
7561
1160
4535
1207
5956
4502
6705
643
6966
4197
6089
2220
3282
4197
6414
3095
6978
4753
5011
4452
1230
6563
1830
2557
6269
5421
3192
5945
3441
6809
6909
8153
2645
7901
5309
1112
7928
2478
5071
4955
5291
1978
6811
757
6738
5944
3730
5865
2304
751
6151
7440
5829
8060
6138
1089
3859
7411
2099
1727
5144
5980
2984
3806
6796
721
5634
4637
229
3836
2993
6736
1539
46
4301
7864
1694
5807
3701
5997
2941
8035
2370
4665
2871
7932
5174
3183
1477
7834
1681
7420
3261
6631
7901
2676
657
4693
5843
1296
8002
5578
1026
5289
4440
2770
7533
578
2050
1602
1281
825
5019
3168
7217
4780
5174
1429
4907
5071
280
2529
4333
2197
6998
3980
2626
7892
3278
8186
7006
2175
1565
2856
212
794
1633
4794
4369
5617
5370
7022
3860
5024
4238
5450
7735
3726
2497
6616
7242
7650
3792
1415
5040
3626
834
934
2032
2642
2453
2572
3526
2304
4289
4676
5289
7433
3752
7787
5064
1623
4983
1734
7954
7205
975
3581
1296
1258
3865
5104
6117
4907
4208
4014
3672
2018
2165
4890
5634
4360
7847
1115
4092
3861
6052
118
7810
6305
1104
1657
6705
1744
4899
6988
5099
2778
5111
5200
2142
1844
3701
1744
3783
6743
2007
4921
6976
7429
4360
2730
7264
755
8183
5478
6138
5843
3886
5003
6754
900
4983
2993
2830
5720
7697
6673
2395
118
5297
6270
5104
656
2584
4509
5182
5893
1349
5019
652
7015
2893
504
3501
1844
709
2990
2733
7367
7013
4602
1892
3221
2488
4676
5981
5042
7929
516
80
1236
1424
2134
6940
6601
1070
3688
5760
8044
7964
4004
8
3100
7430
3426
659
3508
6643
2947
778
3066
6318
1565
6371
6909
4360
3143
7611
856
5848
2094
5416
7639
2516
4346
3030
2778
6738
2615
6433
7147
7022
838
6318
3317
2574
4907
1688
1587
7013
7886
6271
6271
3291
3350
3896
5683
1219
2994
5240
6151
3606
5806
7251
7005
7165
4552
3830
5848
2304
3067
7840
3426
5512
3090
2939
4496
939
7197
3526
245
2287
3799
5890
6902
2175
3966
7799
536
5104
5446
4992
1229
378
8009
4868
910
5033
1528
7556
4672
3678
5145
1623
6971
6125
5622
5406
7911
3560
5741
7710
5984
7084
6520
1928
1650
1360
4904
2586
7013
3581
3701
8117
1984
2627
7293
7251
4228
1349
3397
5017
8082
6770
3144
5726
7592
4123
7645
1303
7599
6249
6904
3852
1198
4656
7475
7398
4242
4697
4455
643
1296
488
1458
5972
6580
488
7954
2021
1560
1868
789
518
1329
3643
771
3221
5572
6998
277
3812
578
6776
282
4316
7253
1477
625
2043
4948
7528
3503
5816
434
7162
2584
5911
1878
1233
3140
6236
6732
6270
4322
945
5182
1028
6631
2550
1379
2737
3526
7436
2201
4263
6244
6039
6855
8124
3111
7182
1858
3886
4317
7582
6227
7453
249
1718
5974
1130
3273
3107
4847
2641
2770
7346
70
6978
4253
3555
5917
6673
116
3363
3812
6039
3863
3849
6724
3710
5301
711
4640
4394
2413
4600
635
2796
7871
3869
6613
2830
7073
4128
7167
1337
4750
3215
3381
1261
5720
143
3178
6400
2529
939
4658
701
8152
6364
3438
5255
5255
3936
3161
5819
2696
5477
3767
1535
35
7611
7572
7875
6984
4000
672
1545
6400
3631
6495
8160
6078
4248
132
443
7068
550
4178
1383
3871
6937
5874
591
6384
3212
5892
7582
7606
121
2328
5277
1478
3778
3243
7438
1352
1945
171
5855
5997
2217
5669
390
6645
5380
6174
176
3136
7941
6875
6726
3532
4534
1160
916
7236
4568
4892
7130
7886
1893
5650
1075
6141
6593
3273
4430
4041
5527
2305
3002
4718
1249
696
7831
1029
1556
622
254
8143
1576
4698
501
7609
7561
5225
393
1941
4792
290
3737
5246
6899
4035
1391
297
5285
6229
5585
6723
233
2712
5489
7236
7155
7339
2289
6701
7187
3992
364
7845
6552
4478
984
3617
2603
6975
6227
1620
7153
1938
1505
6907
6947
6253
1312
390
1620
323
225
520
2020
6649
1550
5530
7012
3507
829
6791
418
5175
2081
6713
7712
1540
6161
5665
1661
1817
5892
5798
4594
4568
7794
6713
4996
715
1944
4628
783
5418
5284
5574
5428
1550
1535
7583
2686
473
3689
2973
6089
671
2915
754
6428
5342
2833
6834
7528
843
4211
4569
1620
4399
