0
0
0
9
0
1
0
2
8
1
0
1
1
0
0
0
0
1
0
0
0
9
10
2
0
0
0
0
0
0
0
0
0
0
0
0
0
0
0
0
0
0
0
0
0
0
0
0
0
0
0
0
0
1
0
1
0
0
0
0
0
0
0
0
0
1
1
0
0
0
0
0
0
0
0
0
0
0
0
0
0
0
0
0
0
0
0
0
0
0
0
0
1
0
0
0
12
0
0
0
0
0
0
0
23
1
0
6
5
6
0
0
0
0
0
2
0
0
2
2
1
2
3
2
0
2
0
0
0
1
1
2
1
1
1
0
0
0
0
2
0
0
3
0
0
0
0
0
0
0
0
0
1
1
1
1
0
0
0
0
2
1
1
0
0
0
0
0
0
0
0
0
0
0
0
0
0
1
0
0
1
0
0
0
0
0
0
0
0
3
0
6
0
0
0
0
0
0
0
0
0
0
0
0
12
5
7
2
4
0
26
2
1
4
0
1
0
22
0
0
0
10
0
1
0
2
0
0
0
1
0
0
0
0
0
0
0
0
0
0
0
0
0
0
0
0
0
0
0
0
0
0
0
10
0
0
3242
102
7188
6495
817
7117
7619
699
47
6498
2427
520
3241
5487
2973
6196
4256
4707
5191
2607
1675
568
8148
971
1730
861
2430
5786
7787
2485
4000
2284
1590
8036
2707
7551
6649
5647
1950
5184
5547
61
301
5440
2610
7206
5440
2948
7603
471
2710
7524
7034
159
3472
2859
823
2667
7498
3441
2198
3567
5940
6485
5778
7112
6303
3594
3466
7590
6973
273
3602
6756
8043
1932
2610
2715
7387
6311
3263
1824
1275
6082
1709
4184
5103
2352
2809
4871
6340
2090
6999
1006
2020
1708
7821
4805
3724
1547
6018
2411
5125
5291
3948
1345
7252
5778
1836
2737
3389
7376
2057
3526
1767
507
7101
6425
826
7534
2315
6157
1619
7206
6233
6589
7254
6555
2148
7055
2387
5702
1616
7811
2613
16
6202
310
1815
6517
3804
785
4375
1636
166
850
3526
1241
0
2065
6374
1347
2331
5947
703
3894
6664
4000
3463
5170
1127
6866
4506
7534
4208
7428
5077
2716
1943
3712
5202
4270
5408
6603
3488
3820
4529
7983
6205
4881
6780
1210
5238
4679
5786
6687
375
4666
2583
3003
3788
5677
3815
5003
3338
2090
3371
5976
106
5725
1346
3668
7441
5754
5044
5370
2073
3334
4691
1876
5177
8112
2428
1812
1349
122
1788
8122
5876
5550
5027
193
4624
5353
5550
2167
1347
1347
68
5389
5964
8055
705
7079
5350
5471
2789
956
7062
7658
5003
3410
8163
1511
6133
2165
122
5146
6662
4730
4019
6283
1677
1230
6304
2460
1625
1596
1833
7954
7787
4456
2931
990
3483
4273
4275
1141
6006
8142
5655
6689
2198
732
5745
4410
3371
4328
7197
6591
7648
3857
7478
7778
5939
2158
5640
758
3840
1726
842
4979
8122
4803
6413
1781
7351
7583
2702
2870
3423
5052
7055
6398
4697
1347
1013
7174
258
2284
4515
2070
3997
4794
6805
2809
1738
2924
2310
6559
6237
6231
2519
3268
3772
5659
4215
1639
2155
2498
4929
5487
3268
1908
5307
81
1336
1104
7534
1980
7271
1070
306
4437
709
4333
7950
179
7534
449
10
4918
8105
7704
6627
2874
2871
2900
1623
4030
3355
6617
516
4333
4509
6476
5570
880
846
3717
930
2448
27
1587
6214
3321
3839
3331
2893
1692
8003
7702
5659
371
6075
7786
4778
2802
7879
6494
2448
6745
7650
2658
826
2584
1788
89
7612
6504
2207
4131
1578
1336
5522
5306
7982
4618
5655
459
449
6138
7804
5353
2353
5496
1582
4039
3299
2364
1202
8168
2472
1725
6638
7787
7675
2460
3011
1360
6176
5698
4503
6340
6638
5215
5496
3733
4562
1940
6146
3895
2643
5090
780
314
1860
196
2420
1762
239
4019
1676
4556
3638
5286
4696
6106
664
2254
6144
3879
4967
3189
4610
2865
4169
1458
4109
4354
5353
5055
2582
5286
5315
4506
2893
3606
8084
3215
7966
1182
2943
4688
6998
4850
3674
1121
6229
3351
7627
4746
3788
5135
7738
6555
5369
4697
4963
3825
1347
2519
5783
692
3657
3568
637
860
3820
218
5689
7909
354
6363
6988
5631
6689
7478
4394
687
758
7329
3355
930
5417
2984
6299
4863
354
1077
7702
5417
6692
7630
5417
5135
5709
4971
2424
1599
6549
1872
4289
7512
2428
4427
4213
7314
4421
2430
1572
5903
6443
2945
780
449
1707
5458
2090
7702
3371
7938
3880
193
4776
7271
2099
6132
1666
6494
4085
1256
5526
6762
6112
206
716
7470
3364
7935
2627
7973
5944
5230
6187
2090
2090
7704
1898
5286
2363
7818
2353
4223
1107
2815
5005
1140
2583
2605
1300
4691
1041
954
2122
3867
3191
5413
1548
4935
2748
6694
7804
5417
7323
1617
6716
2658
3987
1578
1894
2315
846
2315
6003
4086
5603
3728
6299
2691
6007
52
6398
3371
4874
2683
8174
6374
3125
4570
5623
7435
6163
5535
5417
4602
7122
155
4123
6998
1159
7274
5815
4
5096
1159
1342
4108
2385
1951
3613
1376
5526
4344
7818
371
7596
901
1481
7942
4149
7000
8000
6649
2427
1587
4593
2709
7757
7737
4338
5202
7091
6551
993
806
1853
5407
6057
5918
7900
4138
7388
4872
4838
1077
4946
2858
626
3442
6719
247
6745
2809
845
6322
2893
4613
7776
4979
2062
6322
2792
6106
8186
53
7841
3543
5325
3778
1426
1096
1365
5442
7290
1449
5847
6624
7375
3484
7482
916
2436
3535
4420
697
5335
4275
845
5412
8121
1530
4637
1290
3637
3439
2030
1360
8
1258
856
7957
3367
2022
7040
6146
1597
2286
1785
4401
4184
429
6501
2464
5995
2230
5745
2910
6555
1914
1306
5570
4941
1554
7289
6605
2341
1132
2735
6350
2519
2809
4204
2933
179
2805
6499
2161
427
6612
6359
2801
3392
4149
2339
457
1048
1627
3338
5772
2834
4309
8085
7735
2740
2914
3904
6336
7002
1512
2800
4362
879
1260
1914
6603
1226
2013
957
5279
2796
4400
3174
454
2310
4663
7806
7493
61
6279
6745
596
833
6393
1073
2519
4387
1623
4985
6122
3825
8113
4579
947
6638
377
1333
4323
6372
1213
5241
2987
7418
5982
933
3997
6780
7423
1234
1971
806
70
5012
8085
2112
3682
3541
943
4598
2368
6052
5888
1027
7287
5430
5034
4572
3621
3267
1799
5352
954
4640
2734
7419
4419
466
3911
3086
1887
1239
1453
2868
5989
1654
3463
4472
6587
870
7557
7998
2195
7938
1365
7169
928
4485
7753
2230
7210
5417
2206
6216
4410
130
754
3469
7468
4578
2613
7563
119
8006
4590
2907
1664
6310
8059
896
2303
7329
1376
2206
4839
843
7362
5079
6263
327
8025
4245
7765
665
3824
1256
404
5422
3119
743
7154
1062
7997
7063
772
5145
4017
1988
8006
4208
1470
3947
2387
8163
1587
8069
6695
217
2271
6135
37
2364
7408
1824
7859
4272
3807
7938
7998
6299
1481
7821
3443
1988
4881
6306
6053
764
1467
851
3343
930
520
2279
5736
1548
1591
7259
3947
5019
4735
6541
2511
5868
3771
1988
4209
3271
2915
193
5090
6052
3463
3272
3443
7620
7468
7954
5385
1440
2894
1589
1773
4883
4570
