0
0
0
9
6
0
0
1
10
1
1
1
0
0
0
0
0
2
0
0
0
13
0
5
0
0
0
0
0
0
0
0
0
0
0
0
0
0
2
0
0
0
0
0
0
0
0
0
0
0
0
0
0
0
1
3
1
1
0
0
0
0
0
0
1
0
0
0
0
0
0
0
0
1
0
0
0
1
0
0
0
0
0
0
0
0
0
0
0
0
1
0
0
0
0
0
7
0
0
0
0
0
0
0
27
0
0
7
6
7
0
0
0
0
0
0
0
0
2
5
1
2
2
0
0
3
0
0
1
0
1
0
2
0
3
0
0
0
1
2
0
0
1
0
0
1
0
0
0
0
0
0
0
0
0
0
0
0
0
0
0
2
2
1
1
0
0
0
0
0
0
0
0
0
1
0
0
0
0
0
0
0
0
0
0
0
0
1
0
3
1
9
1
0
0
0
0
0
0
0
0
0
0
0
8
4
7
4
2
4
28
3
1
5
3
1
1
35
2
4
0
11
0
0
1
5
0
0
0
1
0
2
0
0
0
0
0
0
0
0
0
0
0
0
0
0
0
0
0
0
0
0
0
10
0
0
4767
1847
1961
5748
574
4369
2809
6106
443
5115
6176
5208
6408
2024
4397
1060
5888
6761
2142
5146
7011
2801
6795
7888
5348
4011
4340
270
7156
3166
5938
1680
1824
4019
1282
4491
3162
3581
1124
4927
731
1029
7440
4259
651
295
3564
5965
5354
5715
3581
2637
7432
4561
6608
6004
2331
3184
4492
502
3173
8084
2118
811
2663
3747
168
6139
3020
3044
5198
6919
531
1775
1117
3005
3544
6443
8170
8185
2158
2977
7023
1255
3490
6578
6161
5924
399
3178
3414
2164
6624
6217
3196
139
3063
6436
2271
5335
7436
5298
4476
5527
1319
4796
1760
1056
7145
780
3302
2067
381
1766
4006
7612
7840
5024
1171
4186
738
5723
2405
2761
4760
5531
845
3631
7658
4171
5475
1319
5347
5458
7759
4255
1988
6276
3681
4760
879
1081
1805
7881
5852
7879
2523
1336
2039
7588
4737
7457
2517
2667
1319
932
3309
3503
1598
7181
3954
5230
7896
4372
4759
243
3193
3541
7781
6303
1422
3387
4344
5330
6025
7270
1063
3878
2038
3193
2286
8109
4887
4577
7594
7351
2532
2459
6401
7825
3833
2943
2778
941
6396
4418
7753
2887
1479
2464
5921
1768
5721
936
5293
2393
5126
1661
72
1372
654
3674
7611
725
6839
4786
4855
6159
365
4950
4995
5976
4360
4379
6117
5361
1411
3544
7015
1382
1732
255
1971
6920
2198
7528
7644
5762
5335
7172
4209
2962
553
10
7172
1816
4005
1645
834
4006
2707
2271
2875
399
6719
7028
1597
4643
1634
6830
3592
7928
898
1944
7207
7985
6723
6875
7722
6720
1584
724
465
1850
2833
6646
3203
1073
4173
6426
1063
3649
2772
1620
2223
6806
8173
6508
2576
1200
2359
263
3969
3783
902
6591
5780
6634
259
6624
3356
6198
7785
3838
8073
584
6819
2908
6136
2160
4171
3568
7896
7692
7442
2464
5235
784
3066
7982
1252
2076
8040
7196
3793
2795
4255
6013
2532
6193
932
537
6516
1699
310
584
5335
394
1536
6719
4328
4174
6144
3900
6895
6040
7739
998
6788
3221
5735
2112
4845
2133
6454
5394
7492
3647
5160
3577
8113
7570
7333
2681
99
4916
1706
8046
4749
78
7120
1898
7493
7507
2169
1009
2104
5761
5870
2868
474
2181
725
5364
4658
2829
6040
7079
7718
3544
4519
704
8056
4998
5371
8008
5074
4659
4856
5344
1809
5955
6426
754
4082
861
1770
471
541
4887
6235
2459
112
778
7205
928
2115
3544
2948
5168
643
5875
8008
5711
1887
6536
5519
4121
1390
5133
217
2072
7305
329
7407
3470
7227
6810
423
3263
7749
6249
235
613
201
727
5012
596
1567
4502
2892
928
1018
1887
8005
7159
5179
1960
7626
6972
6435
38
2015
1962
4292
492
5647
8080
2491
4353
3762
208
2734
5817
3077
7110
6243
3230
3469
1408
1053
2746
5283
3120
7970
7489
1587
7918
1937
6078
2311
1929
3891
8013
967
172
6733
5434
915
936
6345
7617
5543
5493
6176
8030
7882
8155
6320
702
3528
6673
87
1021
5202
5998
6436
5538
4169
4347
4006
4221
3833
2908
6521
7638
24
4050
1902
6209
3597
3117
2843
5521
7475
3900
255
1988
3862
4270
2671
1094
6172
1519
372
3504
3196
3760
7308
7215
4576
7667
1960
7864
3138
1233
2102
1445
1277
1003
2944
1633
3717
3371
4425
1617
6303
1620
1509
1941
2090
4047
4406
7389
2137
4543
5096
6360
6320
7258
3909
7107
3073
3369
7702
4006
1390
7548
6574
4249
3769
2161
1633
6397
4271
4208
2523
4426
4202
1009
8116
2523
6109
5933
2449
101
2516
7011
6262
7259
5430
3790
1944
20
99
7850
5766
8132
678
3671
2766
6695
6200
7206
2846
5144
4169
5170
218
4769
1269
1917
3966
5847
3953
1024
5720
1232
215
1538
4887
7976
3728
2354
2650
538
845
163
7129
6605
4957
197
3392
1630
6312
3987
2382
3558
6133
7738
3969
4948
3457
593
5236
6358
2860
2012
2405
5756
1156
4329
1414
1156
6868
3677
7167
4561
1979
1660
4178
4269
4347
3355
6848
4999
1336
7146
1806
6801
5976
678
762
1322
8073
3851
2600
7285
1485
3098
2533
3272
4426
1565
5493
1248
82
3688
1483
1900
8046
6307
5344
1280
3277
4823
868
7730
1481
2387
371
3101
7711
5512
1485
7193
4083
7716
6656
3438
951
5383
4355
4151
7092
8143
500
1176
2273
276
4061
3795
7281
5403
1147
783
3682
393
2754
2566
2726
1704
826
5907
3535
1653
2131
7803
7411
5530
8055
3551
6348
5909
6395
1395
5099
656
6465
538
6374
4793
6104
1989
2577
3120
8159
2186
4533
3066
2529
4826
1951
5175
7315
6716
7707
5815
2286
359
5131
4062
8186
7039
6798
4651
3581
5914
6770
5019
4008
1241
4030
4353
1027
5896
2557
2949
5107
6612
35
852
7398
762
1095
6396
563
5745
4052
7759
7738
762
5086
6307
2727
3554
1213
1242
3986
4242
3051
3816
6369
7944
3621
3623
200
1979
7011
5888
3631
5264
4934
2276
6636
6307
880
407
1864
7557
2460
2073
2677
6133
5748
2686
5143
3882
3148
3551
5507
1565
7716
849
3981
5095
664
6656
4211
7038
4950
4830
3263
7244
5824
4082
1579
119
8162
6394
885
6823
5899
7663
8031
7340
1931
2557
1322
7682
343
7334
4444
1217
4275
3888
1064
7995
2246
1015
4581
1581
6450
7570
3096
4200
7512
5343
1673
8064
2139
127
7560
224
4700
5100
879
5240
6242
4965
280
3068
3775
4644
5594
7568
5892
1255
194
4266
7024
697
5013
8048
5374
7942
5077
5786
4422
5168
1593
6863
4609
3616
7308
6631
1346
2782
3836
4718
3290
6902
3592
876
1769
4232
4245
97
2772
2271
7788
1706
84
5440
3317
1534
325
2799
109
7148
7207
3386
7666
1631
7779
481
7540
2906
1854
5423
5102
2318
2586
5292
7049
4051
7013
2442
4925
2013
1672
2357
4291
3153
6681
3290
1188
2015
3346
181
684
3740
7048
6031
4150
6035
5690
5997
4399
4841
3600
1469
722
4658
3959
558
3712
4151
2582
3446
1443
4396
1833
7664
