0
0
0
10
0
8
0
2
10
2
0
1
0
0
0
0
0
1
0
0
0
0
6
1
0
0
1
0
0
0
1
1
0
0
0
0
0
0
0
0
0
0
0
0
0
0
0
0
0
0
0
0
0
1
0
1
0
0
0
0
0
0
0
0
3
1
1
0
0
0
0
0
0
0
0
0
0
2
0
0
1
0
0
0
0
0
0
0
0
0
0
1
2
0
0
0
6
0
0
0
0
0
0
0
25
1
0
6
8
7
0
0
0
0
0
0
1
0
1
1
1
0
6
2
0
3
0
1
0
4
1
0
0
0
3
0
0
0
1
0
0
1
0
0
0
0
1
0
0
1
0
0
0
1
0
0
0
0
0
1
0
1
2
3
0
1
0
0
0
0
0
0
1
0
0
0
0
0
0
0
0
0
0
0
0
0
0
0
0
2
0
10
1
0
0
0
0
0
0
0
0
0
0
0
10
4
10
5
6
2
28
3
1
0
3
3
2
14
0
3
1
12
0
0
0
4
0
0
0
1
0
0
0
0
0
0
0
0
0
0
0
0
0
0
0
0
0
0
0
0
0
0
0
10
0
0
1381
3933
3806
6914
4442
6447
6430
4833
1542
1567
3240
4575
4813
5227
1439
5151
2513
6635
4114
729
7788
35
1784
2533
6830
1380
7940
4712
458
3809
5746
1035
7326
121
6879
5619
3494
7063
5878
4292
1631
202
5129
1148
2330
6680
6399
3567
8122
4863
4369
7430
350
5542
6553
592
3240
6746
6482
4867
6258
4237
558
3693
6179
2356
4670
3512
94
5963
1250
7113
5667
960
960
4515
5565
381
2187
7213
2098
1687
206
1788
41
7037
1209
1381
2835
592
3240
5371
5470
4015
623
3402
2992
5579
1380
2529
907
6583
4625
7121
1672
7468
6398
5261
7351
2847
8084
7159
972
6399
216
4145
216
7430
6730
2182
643
2916
1592
1111
1459
8151
4294
189
5596
6003
2059
8030
3576
2121
6511
7989
5279
1035
7893
6957
5597
4917
5260
4535
1284
5868
7804
4983
2319
523
5144
1590
4066
5068
1203
8119
2168
2248
7546
1091
7408
138
6053
7466
1060
7865
4397
7207
7720
7527
3999
2291
498
3247
2284
5546
5572
3012
7588
7300
839
6747
5251
1429
1834
6112
3572
1751
899
5916
7253
1009
6864
4867
1717
1917
921
2766
7451
5470
2453
7605
6596
7803
4360
5662
976
3503
972
5998
5972
549
3019
1378
3221
2007
1707
6363
2803
6058
7940
3240
5664
1494
6635
7651
4399
741
3061
7428
4502
2991
2752
6305
6755
3372
4966
3423
2156
4152
1439
6164
1070
1280
5458
4041
3879
3567
6557
4993
1382
6384
6635
5988
2851
592
4239
2497
8033
4086
6634
87
1323
3866
3622
2311
4868
5673
7264
1374
250
8111
607
3503
7650
5284
7000
4855
8057
5284
3770
1197
5797
5120
6744
3333
5945
4089
7570
5634
1714
349
3653
4697
2540
5284
5011
1695
2386
646
3657
1619
4253
277
6744
1226
7158
338
1693
7799
981
2643
3998
3659
2496
7940
8055
5507
4789
673
718
723
7759
3546
624
2972
7720
68
7704
7074
7743
5138
6816
3082
3559
5174
6214
6336
2660
942
1619
6010
431
5132
3865
5373
8025
4867
4089
907
4425
3287
7940
2198
1532
4948
6144
980
68
1604
2094
4373
701
7612
67
2139
6692
1688
733
6665
2251
4547
3998
4855
3776
7257
6631
3059
2182
4867
202
2309
7419
2496
4089
202
4207
2184
208
208
3879
4676
4221
3518
2792
5289
4132
311
6383
7800
3956
5250
523
1623
2614
7257
1326
6010
1707
1695
3472
6384
4821
7665
7063
3098
6481
6635
202
5319
8121
4609
3714
5235
4696
2978
1926
5534
7149
4058
3183
5786
8078
303
7941
3146
1741
7713
7697
5569
8100
1676
2591
960
3553
7453
7207
5020
202
2851
1519
5073
6210
6249
1057
7263
6259
6244
7713
1528
3065
7488
7005
3192
127
5624
4282
3631
1004
4566
4658
2207
1727
2939
993
3470
2736
7531
6975
4431
4114
513
6400
4788
1937
5969
6943
3645
6730
7697
4456
3241
6928
2568
3183
6225
7531
6495
687
1898
1707
826
6097
5146
6989
962
8185
2291
7673
2285
6954
1341
4697
5379
3001
7049
1471
8151
1544
6009
4408
1326
3104
6037
6596
5512
302
516
7060
2990
6930
1586
68
5535
1489
6373
3881
2386
216
1968
2061
5229
7651
202
2353
1858
4293
7236
4274
2453
4233
7197
7824
5144
6443
768
141
7440
1884
1628
7146
692
8036
7864
7179
4212
2482
4280
3034
2897
6909
1730
232
6481
5018
6945
4435
4021
5594
4319
5601
1361
6988
3481
7448
2122
7612
7667
5497
5028
5991
7060
4132
745
2351
2568
6930
3717
216
5614
7075
1528
6928
1338
7497
4293
3253
1286
5634
7875
6398
1730
2360
7663
7807
4293
3494
4021
1710
2353
6631
1477
1569
3866
6688
7751
279
3097
4890
3567
5917
6214
755
1628
1922
2291
4104
3260
6222
5236
813
1695
4104
6399
8075
4964
4796
643
4236
972
7430
3109
4360
7356
3846
833
2427
7433
3215
2706
2197
956
7822
5478
4323
7884
1338
5366
8111
2946
3303
4539
2583
3221
1377
6634
657
702
6215
2121
6836
357
216
216
6399
6814
216
5460
5379
5866
2614
4388
1930
5366
1528
1624
929
2026
6443
1980
1846
6680
5582
820
7451
2785
466
912
7745
4007
2283
820
7230
8002
7907
2984
3879
2291
605
4855
891
6995
3512
7027
781
5448
1628
6805
516
51
3759
3659
4465
4082
372
3120
6635
7451
202
3398
1786
563
2802
1535
2862
6708
2309
202
733
4890
5192
5052
810
4237
1839
7250
5409
5052
6486
2094
4138
1804
6485
80
6481
109
6761
421
1380
4055
4089
5921
7627
7512
6329
5975
684
3084
2650
7275
7311
960
960
1672
348
183
5911
7255
5766
2377
1957
6595
3783
7223
2835
721
7220
1748
3642
5112
348
348
6590
2377
4626
7075
48
6058
5227
3188
6437
2425
7241
2496
6652
4441
1444
5273
7675
3684
5531
7113
3585
601
1060
87
6705
5803
1315
4303
559
4175
2343
2835
425
2201
1626
5339
3229
1799
4914
6565
4194
7091
5043
304
3666
3348
7767
6657
4489
4475
2715
2656
6259
7468
4525
941
6189
5385
460
2308
3004
2835
7451
7451
7468
2059
3136
2421
7871
2851
960
4183
4309
8005
2028
2860
5742
2894
2557
7685
158
2939
6635
2796
2061
4867
5129
4146
7452
3483
1988
6735
4484
3145
3123
825
4089
3494
5477
3022
6902
1133
6954
3576
3499
4240
5555
6456
441
2967
343
3788
1042
5785
4867
7451
7451
6635
6635
4575
7118
484
4491
6827
6450
2808
8025
3585
4089
3494
2184
5161
4419
6954
202
3576
5878
4473
4377
1969
6565
5259
7207
4624
4754
2663
6635
202
3220
1593
1354
2383
1647
2789
327
5746
2987
5596
6635
4089
4055
4937
5071
6357
5450
3690
6954
2639
3410
7543
6568
4089
202
7067
1481
60
8142
4509
6635
7451
6473
1810
3292
3828
65
3216
6410
2110
5735
4146
2343
6481
4089
7468
2059
1893
96
4937
2851
6553
5704
2280
1672
202
6635
5314
3719
7600
1481
8025
3240
2338
6158
5882
3039
2547
6066
5896
7028
729
7556
4670
