0
0
0
10
0
0
0
2
10
1
0
0
1
0
0
0
1
1
0
0
0
0
9
0
0
0
1
0
0
0
0
1
0
0
0
1
0
0
0
0
0
0
0
0
0
0
0
0
0
0
0
0
0
1
0
1
0
1
1
0
0
0
0
0
2
2
0
0
0
0
0
0
0
1
0
0
0
0
0
0
0
0
1
0
0
1
0
0
0
0
0
0
1
0
0
0
6
0
0
0
0
0
0
0
22
0
0
9
6
3
0
0
0
0
0
1
2
0
2
0
3
2
5
1
0
2
1
0
1
0
0
1
3
1
3
0
0
0
0
1
0
0
2
0
0
1
0
1
1
0
0
0
0
0
0
1
1
1
0
0
1
0
1
0
1
0
0
0
1
0
0
0
0
0
1
0
0
0
0
0
0
0
0
0
0
0
0
0
0
1
0
11
0
0
0
0
0
0
0
0
0
0
0
0
9
5
8
3
2
0
22
6
0
5
5
1
3
16
1
4
1
10
0
0
0
3
0
0
0
1
0
1
0
0
0
0
0
0
0
0
0
0
0
0
0
0
0
0
0
0
0
0
0
10
0
0
1684
420
6464
5175
5682
3706
4216
139
3439
6826
1244
573
7686
2558
486
3783
1593
4835
8153
6091
7735
7743
6489
2983
4919
8137
5919
1348
6310
1497
1443
3865
2318
25
1272
7890
4341
6456
2175
460
1244
5489
1090
3490
6117
4214
2419
7566
7869
3402
152
5940
3178
1382
3836
3999
1553
1933
5727
2351
1576
6571
2907
7961
1154
7123
1333
4851
3401
6320
2423
1269
3559
5173
4056
4962
1652
6181
3665
7854
8138
7396
2050
3998
3567
8100
4704
6943
794
4772
4184
2723
6170
2343
4585
333
1326
6386
6958
3067
6384
6884
4553
6080
2197
3570
4239
7762
4890
7646
5288
2429
1930
3198
4401
2347
5049
3238
1299
6735
6531
3036
4983
4872
5163
5987
5986
1591
4021
1477
3195
6498
5794
2291
1710
1297
2101
6605
6536
3567
847
6400
6884
7173
1491
7404
7988
1681
350
6266
4002
2091
1150
1581
5730
2453
1770
1732
6228
2296
5481
6500
7317
5539
5251
3657
5487
6048
7212
3371
7702
6398
176
4323
8027
7735
3604
4974
4960
7330
7843
1582
5910
4248
4087
5555
7321
925
4493
6714
2698
5601
289
2655
7561
2460
6494
6352
5124
6631
1898
7875
7932
5251
6352
5770
5462
5496
7743
8035
3122
6722
6909
961
5935
3183
7589
5913
2764
7437
6249
7786
2813
3441
2016
7240
5874
3665
3776
7743
1115
2448
7683
8057
5353
929
3545
6269
2583
2353
5042
4988
4095
7412
8185
7720
2994
7760
372
4317
8187
3270
2916
7034
4597
8047
551
4379
750
4855
100
505
5546
2434
5622
4401
5670
7800
2519
7843
4696
5535
7440
7000
5366
2714
3032
2574
3012
350
4517
4695
749
2470
6817
4581
6651
6843
5099
2984
5011
5144
168
7875
440
2225
1429
1079
4680
751
8147
2353
3371
6638
7733
7697
2418
2351
1282
5497
4963
5786
1932
7546
2184
6202
5387
1887
1538
5077
6653
2090
2643
6106
4205
4663
5317
4212
7098
7737
4323
3178
3136
74
5274
8009
6010
3742
447
3076
8186
1786
3247
7003
4981
3371
6549
1968
2858
6345
3224
1739
596
7656
7409
3776
3634
2947
701
2027
6948
3700
5848
3045
4780
3178
6485
2177
813
7879
1704
4892
1606
7459
1728
7623
6748
6523
2213
515
1580
859
4854
1566
3601
1802
733
3652
6299
6415
7095
1747
5763
1254
657
3788
3125
7346
6010
6957
8185
7409
51
568
4818
6568
4720
856
4434
4104
7542
7199
909
1534
7928
210
7257
856
655
7412
7264
8037
2305
1332
7465
7664
6642
5631
4958
7287
498
856
5280
68
2434
565
3647
7693
3825
3529
1687
6809
5967
4653
4398
1076
3821
2532
6494
408
4868
4430
3978
5366
4602
5099
942
98
216
7306
6172
4893
6905
3327
3201
7412
1992
2058
7829
4038
7546
6802
2616
7404
3781
7910
7920
1324
297
6552
1725
2948
7074
3090
7367
4123
7973
2448
1352
8036
4767
3397
2171
2427
2330
6305
8037
3714
5260
7735
4083
4175
7229
4426
4975
3879
5617
5927
4689
5272
3863
2799
488
5940
1226
6214
1063
8076
7146
2959
381
459
1336
2847
6723
6930
2094
2990
7308
1968
7265
942
4472
5248
7642
7304
4599
6210
1252
325
3135
3709
7654
6262
6242
6868
5693
8003
1788
5284
3221
6194
5407
1451
3032
6400
1922
287
4576
5883
4868
2197
3417
666
2405
6838
7084
2483
5166
6021
6549
1748
1010
1965
4399
1732
5940
4993
7835
4354
2295
5799
927
4212
3508
3192
1219
5740
2982
2427
856
5240
1477
5049
5256
6962
7920
2063
6639
4007
7827
1015
478
2915
2419
7573
7279
5868
8113
2582
68
1942
4767
655
8147
4346
2933
3567
5353
4779
6988
7249
222
2499
7607
3516
379
2647
5515
4630
1415
1607
4114
2489
1700
1153
7294
4792
3036
7753
2054
2366
2867
1986
562
8112
1260
610
7735
3183
2696
3066
5706
41
4903
4907
5843
5987
1548
5496
1092
1628
6070
3576
4880
1028
777
2622
2690
6549
606
4194
7702
1491
6350
4346
7869
6305
3232
674
7499
1077
6229
3482
7015
1653
1599
7323
1801
186
1825
6138
129
5055
5442
5608
2411
3851
7692
7431
5779
4502
2777
3405
5644
7409
3003
3066
3866
1403
3730
3592
6048
703
1694
6790
7787
1104
7730
2291
4398
7271
289
1425
529
4201
1279
1023
6827
3714
2469
4007
3667
7746
3741
4390
3610
3413
721
4734
2561
6242
186
518
2523
849
6048
3095
5291
3392
5251
2751
1725
6271
4238
6000
772
6731
635
4671
4820
1550
3416
6440
4312
4926
7505
3245
2736
4214
2136
7815
2910
2187
4680
2421
1273
5556
8139
7843
2583
6138
7860
780
4027
2356
3271
698
1029
729
5792
954
1467
1169
4120
2061
7436
2665
2152
1249
870
7033
1083
5456
362
7216
5334
4253
2648
2214
7480
7658
1336
2478
3287
4118
3835
2661
2182
1621
3512
857
6417
4549
3722
2441
202
3071
6672
6575
4018
5116
1411
47
7160
2676
3947
5377
7889
1243
7505
4270
6380
5151
680
6041
6186
5412
3835
907
2336
3977
2513
2884
6361
7764
3159
7246
348
4233
5661
6357
1736
411
4348
6295
3052
2402
6249
471
2483
5019
1075
4020
4359
5385
5031
3402
4569
5048
4428
5576
907
684
2024
5418
2512
6003
7190
1151
2676
2405
7203
5376
5948
3893
1256
4106
557
6708
686
727
280
1114
7466
2558
6668
1284
3572
825
1157
600
1331
1236
7190
1931
3068
5574
580
13
4160
5013
4442
7596
6564
3445
7090
6154
2533
7921
1607
1244
2175
5650
750
2955
1804
5998
1452
450
5393
5371
6150
4568
2411
6672
1576
8030
4718
1576
1852
7294
3619
2418
2513
2465
764
7169
3115
1680
7864
6623
639
6953
4492
3584
7981
458
6571
7910
558
2175
1296
1183
4216
4162
1468
1209
876
4319
3886
1060
4820
7910
960
3249
1892
7664
3599
4504
1893
7375
1110
3733
5684
681
3577
308
4020
3851
2106
4442
1291
5220
1151
4937
4796
1343
5229
5839
4442
3402
148
4255
7615
8143
1600
5672
4428
3358
2285
1467
3503
791
