0
0
0
9
0
1
0
2
10
0
0
0
0
0
0
0
1
1
0
0
0
0
14
5
0
0
0
2
0
0
0
2
0
0
0
0
0
0
0
0
0
0
0
0
0
0
0
0
0
0
0
0
0
1
2
0
0
1
0
0
0
0
0
0
0
0
2
0
0
1
1
0
0
0
0
0
0
3
0
0
0
0
0
0
0
0
0
0
0
0
0
0
6
0
0
0
8
0
0
0
0
0
0
0
20
2
0
7
5
8
0
0
0
0
0
2
0
0
1
5
0
1
4
2
0
1
0
0
0
0
0
0
2
0
1
0
0
1
0
3
0
0
3
0
0
0
0
0
1
0
0
0
0
2
0
0
1
0
0
0
0
0
0
0
0
0
0
0
0
0
0
0
0
0
0
0
0
1
0
0
0
0
0
0
0
0
0
0
0
4
0
7
0
0
0
0
0
0
0
0
0
0
0
0
9
1
8
1
2
0
27
3
1
6
2
2
0
10
0
0
0
10
0
0
0
2
0
0
0
1
0
2
0
0
0
0
0
0
0
0
0
0
0
0
0
0
0
0
0
0
0
0
0
10
0
0
5430
6172
887
5475
4239
6903
6790
4640
432
1550
4199
825
1130
643
7997
2443
7806
7420
6060
5531
968
2626
5547
5110
2271
7915
5144
22
1532
5364
3857
2751
8103
6935
6242
7318
2272
5594
5820
111
7459
6527
853
3844
8143
7041
3264
1344
3686
2770
4002
6449
1976
602
1009
7722
7294
8000
6722
4740
1620
6884
358
6705
6040
1442
787
6293
119
474
6189
973
1012
1123
212
7563
6062
3565
6112
872
3073
2676
1620
5717
6861
4576
7743
5608
170
5782
7357
4420
3145
6141
2513
4718
371
1444
6791
1600
2624
1907
6953
8
4419
3233
1615
5690
6223
7303
4400
2063
2778
3693
4352
7398
5535
6269
6400
6486
3068
7190
5921
5352
5472
3671
7675
6820
3284
1769
4330
6552
6545
7435
254
7915
1284
4255
8083
1830
5906
5896
3229
3690
2754
3195
5465
6167
3659
6399
2847
381
7675
5880
7875
6151
116
6737
7096
4208
7901
3154
7162
7237
6553
2405
5997
3150
4786
7468
4939
4264
4820
4623
674
33
2921
505
6399
1184
4248
2457
1608
2291
2094
6080
7875
3169
4983
1597
46
714
3672
1863
3880
4096
968
5250
8083
3675
5492
2270
2608
4662
5448
425
653
5387
1208
7140
5634
4863
5500
6349
5816
2508
1484
2098
3370
7899
1604
7932
4319
6089
7640
7682
1224
830
2175
972
7745
1361
521
691
6104
6814
5011
270
6745
7181
1569
7895
2336
2990
4863
498
5574
243
3283
189
6928
2098
7660
6532
714
1131
3946
6817
1971
4651
5602
2284
4755
2390
7178
4338
7500
5231
3508
6676
929
5407
1552
5282
2260
6044
3174
7557
162
7445
1525
313
723
5103
995
5542
1312
1620
7367
2979
3320
392
5282
1925
671
4274
2106
3022
68
5556
789
5353
8147
6181
2232
5736
4265
4159
74
6541
3169
427
1461
6930
1793
2990
5496
1104
2135
2034
3052
4855
626
1206
396
7294
1056
5942
727
2349
7282
2213
3881
7465
658
1347
7197
4823
8065
6151
7367
7533
1292
6463
1045
5662
153
4946
4576
3169
3865
4148
3896
7638
6598
8046
4183
6074
7505
2870
1287
199
1042
1021
5379
6172
1283
1986
4432
1694
7737
7257
1347
5358
5409
1266
7662
7531
7991
4360
1378
2350
4576
5188
3631
4315
1182
6387
3641
3143
5265
2954
462
7164
1248
3572
3682
4678
7179
6270
1799
2675
4939
7197
6930
4286
1687
5325
7264
1868
1710
4468
6086
5683
4166
2339
2941
7396
3100
3253
3719
1288
5704
4824
7066
5865
4212
4129
8117
6603
6848
6653
8100
1259
3363
5535
3985
6325
5022
523
6909
7683
7264
2660
3726
6060
5248
369
6548
7218
2499
2324
2553
3368
7585
3463
4231
7263
427
461
8100
2847
5980
6325
3966
3466
4001
5274
6485
3489
6966
2892
8143
4725
2882
4448
7582
3077
3599
3916
4150
1774
6004
7163
8091
7493
797
806
8185
5353
3678
8084
2291
5980
3458
6605
4279
3622
7042
8084
5897
8099
7477
2066
4575
374
4478
8055
1209
83
271
4735
3056
896
4530
341
4384
6036
5450
505
1687
6930
6305
6930
4576
5969
961
7875
1555
701
339
5940
1126
1734
5489
2831
4190
4312
7190
4207
149
2464
4618
5746
492
3396
5542
4905
3347
2132
6276
988
2427
379
8149
3282
2174
1451
6296
89
610
2888
6269
516
961
2550
7084
2976
4233
2892
559
5945
4568
3892
7188
811
5833
3740
2285
7759
98
1765
4632
3109
505
5366
7412
2291
7954
2049
3165
2574
2360
483
1202
4341
1791
1589
2773
2024
5921
5326
5707
331
4442
7917
2915
3988
4809
1883
1999
6545
3250
3978
3125
449
4282
7748
3125
162
74
6414
6164
3238
1451
7293
7330
764
6273
1100
5954
2736
5432
2832
4920
832
2408
8188
2791
1565
4600
2586
5251
3881
107
6400
2688
3998
6687
4678
6107
3975
1431
6181
3966
7804
5683
5574
2423
47
6929
7911
1589
4383
1926
1544
7484
3119
1415
5580
4101
4609
2118
7942
5341
5910
5848
6754
3508
1338
3012
8036
6201
500
4423
7932
3178
556
7187
7972
135
876
5161
5096
354
393
5079
2988
392
4550
2184
3893
1978
4784
4256
4202
6194
1326
1477
379
953
6277
6400
459
1986
4228
4253
5952
4696
287
6180
1558
4096
4092
4446
3168
1637
250
5715
5964
2577
715
1100
6188
4341
5340
4575
951
7972
1326
51
2197
2187
3020
291
3779
2991
8067
1571
5910
4231
2098
1431
882
7453
1270
15
5982
7110
673
4271
1353
542
6680
4536
2254
243
6350
411
3148
1932
4533
944
7410
4814
327
2026
2959
6499
1986
1552
4446
4440
2273
4317
3223
635
2830
2799
603
7205
1539
5324
4110
3299
310
1836
4340
5404
3530
7408
6031
1195
7639
5288
129
6957
6747
7771
1788
3392
3659
6738
3010
1650
5363
6948
6215
2772
1961
1719
6818
4341
4242
4089
6914
7393
3299
1552
4777
4191
552
7012
5805
4266
4594
410
3469
1960
6676
1730
3757
3508
216
4752
5144
2732
2650
5549
1173
6189
721
4892
3672
1089
3675
1821
6436
6498
5412
4747
2976
4903
4301
2650
2049
4635
4478
3145
399
4929
5556
6086
7899
7264
1528
7181
89
7453
7269
7332
5007
5250
7716
2863
5647
5684
176
472
5701
5746
6996
4175
4020
2368
6263
3078
3602
4874
2410
568
2198
4132
1710
6747
505
3426
381
8100
5153
5736
1032
6677
4004
4109
3936
146
4619
7408
200
411
182
4100
5756
7209
3560
2236
3079
4233
5868
4878
1046
4689
5249
5379
6755
2187
6971
5655
4718
4190
5236
5928
2597
2737
4646
6135
7787
5380
5252
4702
7171
254
214
3067
4363
1157
832
6619
6195
2986
575
1287
6791
4842
5476
3295
365
12
35
3068
7121
3470
3363
2892
3722
1581
327
3594
7408
7527
1664
2423
6828
2371
4027
6482
1808
3004
5079
3477
8188
6068
2987
6271
7227
4937
6660
7745
2771
6967
450
6386
6594
3475
2898
1845
8138
3968
6556
4818
3503
2679
4628
2129
374
5131
803
7258
393
3747
5497
7945
1748
