0
0
0
9
0
0
0
1
9
4
0
3
0
0
0
0
0
1
0
0
0
0
11
2
0
0
2
0
0
0
0
5
0
0
0
0
0
0
0
0
0
0
0
0
0
0
0
0
0
0
0
0
0
0
1
0
0
1
0
0
0
1
0
0
3
0
4
0
0
0
0
0
0
0
0
0
1
3
0
3
0
1
0
0
0
1
0
0
0
0
8
2
4
0
0
0
6
0
0
0
0
0
0
0
29
5
0
6
3
10
0
0
0
0
0
3
4
0
1
2
0
1
3
4
0
4
0
2
4
0
2
2
1
3
1
0
0
0
0
4
0
0
4
0
0
2
0
0
2
0
0
0
0
4
0
0
0
0
0
1
2
0
0
0
1
1
0
1
0
0
0
0
0
0
0
0
0
1
0
0
0
0
0
0
0
0
0
0
0
5
0
4
0
0
0
0
0
0
0
0
0
0
0
0
5
4
7
5
11
14
34
3
2
4
11
1
3
26
1
0
1
10
0
0
2
4
0
0
0
1
0
1
2
0
0
0
1
0
0
0
0
0
0
0
1
0
0
0
0
0
0
0
0
10
0
0
4707
1989
4950
5731
6082
7893
2902
6139
6824
170
1824
5245
5101
4985
3897
3592
7440
2024
6171
4852
3847
5736
6709
7006
11
5112
250
7563
6976
3212
5181
5594
631
4478
815
6141
1798
834
7679
7613
7246
4578
3747
8012
7217
80
1483
1193
277
1942
988
815
7559
2766
6264
5574
6722
1424
2586
8166
4935
2474
2731
7736
1023
3968
5325
165
9
2050
7934
5785
4365
2464
1937
6657
5444
3792
7086
3728
3997
1702
5099
8175
4005
4270
1534
6700
7292
1949
488
6264
466
1075
6614
3797
3267
364
428
8173
1786
1508
2570
245
2878
6105
3184
2233
1942
6980
4794
80
5458
4515
4688
1551
7691
6451
7559
8064
4079
6216
4270
3559
6976
1470
7801
1942
6450
6622
5849
5591
7874
2939
1942
3544
7333
7801
3950
7666
4979
799
1424
3966
3308
6601
7666
3617
6740
6108
1479
3305
7362
6131
5527
4238
2474
6822
3078
1954
3617
6604
303
5608
757
2553
2507
6547
842
2076
1590
5909
5217
4527
1607
4326
4318
2358
1010
3998
4368
8152
807
7064
6975
5790
1971
1672
8160
4717
4965
6598
1852
1881
1651
2146
7718
4515
5101
6216
2831
1465
3272
7484
80
3530
2939
4507
3977
5720
674
3832
1094
747
1327
2313
3197
2454
2507
3730
6960
886
6580
680
1672
5385
7995
4060
652
1702
7874
6229
4477
6427
2502
2992
4120
1615
3966
3528
5844
3011
1338
8063
3314
1775
4017
2757
4942
7861
6104
3291
1800
3577
7758
4912
4950
6720
1319
421
7304
6915
7217
757
6352
4344
2728
1881
5736
5343
7662
4010
6259
5631
2508
7805
9
1091
6137
7861
2805
2700
5332
5024
5139
4672
7810
7661
3598
1544
7625
3980
4707
1607
2793
1847
1026
2357
5452
5545
7330
2076
626
1431
6259
3136
7057
518
666
3891
39
386
4525
3510
6691
7876
3184
4397
7563
4979
2915
6977
6448
4291
3154
559
1062
1980
6924
5986
7086
2831
4080
5808
6276
153
1978
2793
6616
2457
461
2784
4140
96
4672
6649
5290
5140
1591
7801
810
3066
5584
783
825
5066
531
5791
7886
2547
5099
132
7586
7162
4935
2372
1804
4619
1012
1491
200
3714
1612
3283
6647
4720
450
4813
2130
1944
7386
6647
7975
7847
672
2464
7596
1067
84
6027
1856
921
4672
2051
7076
850
3002
7333
2813
3711
6754
1608
2446
5816
6596
8147
4833
5465
6668
5412
5536
2610
7536
7317
5848
1604
3167
4291
1157
2920
8060
5275
3066
2507
3066
5726
1356
2630
7756
5425
7456
2240
4997
1788
273
2630
5346
2585
3125
2997
1183
2747
3074
5077
7762
7412
6890
2751
3051
2929
194
5724
5816
810
3272
596
3865
5543
3347
488
2500
5022
7031
4079
2304
4620
3503
101
4997
3232
1242
6963
5109
1506
3346
2780
6048
4501
1332
1613
5149
5273
8064
2584
5037
5909
2731
3884
5124
7771
4997
674
3524
8065
5737
3965
2710
4510
2778
5099
6937
4509
4722
7292
7661
4147
6285
429
710
5322
863
733
4851
1017
7006
5816
5843
2511
3063
3090
3476
4212
6557
3066
2225
6370
596
8037
1103
3329
6673
6195
2385
5455
2732
219
1881
945
2976
199
7098
1046
7073
71
3051
5867
3212
1411
835
270
2720
5908
4922
5218
6395
7031
837
626
3284
296
4611
4035
6580
466
3508
3192
942
8156
4375
1259
5957
7851
7333
1403
5564
233
1217
3061
5453
2511
5631
6209
768
3311
6917
3283
2157
288
4672
1527
386
1740
3030
968
1913
461
3141
4912
6164
968
4453
4580
2164
7031
3538
3278
924
5945
3346
7670
5149
243
3012
5001
2134
4390
4818
5470
245
1801
5482
7796
6164
5465
4455
1301
4637
4869
4962
6109
4509
1094
5377
6411
6894
2225
101
5454
6851
6677
1488
1105
3346
3716
5997
1313
6438
849
2922
765
7006
7031
810
3989
4375
8184
6811
5848
5608
633
5831
5737
7586
6264
4997
2308
5226
6109
3989
4396
4933
6649
6973
3654
1430
2557
507
6480
4356
5791
406
559
92
4965
5726
1285
1855
2598
6793
6252
3862
2385
6595
7577
3360
2077
5614
2778
6636
245
8186
1744
6088
6284
1040
7209
2463
3740
6020
7915
2922
2095
7726
5292
4372
5736
1797
1881
3777
4672
4933
3892
2070
4065
415
510
7835
5539
2794
3145
6252
3557
1560
8136
498
1155
7592
2967
835
778
6020
320
3196
3732
7915
1251
4255
272
7776
1073
5588
4197
5454
3671
7031
6547
101
552
1844
358
6891
3114
1564
1010
5863
464
5412
2459
4491
201
6824
5998
460
6926
5886
5248
6002
7950
2890
686
4921
2986
5282
3544
4605
6378
5191
838
5495
101
1403
5200
7429
4298
1482
2190
1769
649
5661
5107
3790
6152
2922
4038
2136
639
3544
7294
1395
2275
7997
3046
2630
7875
7734
7578
636
5495
4622
5454
6868
7756
6276
4933
2024
858
7860
1830
2131
4491
4237
4632
7613
6252
14
2986
1411
7294
5220
1046
5547
1067
3347
6498
2655
6873
5286
4231
8168
7572
6664
5181
3842
3743
5282
6252
1465
1237
3830
6123
3453
7591
5063
4605
6116
6188
4326
5945
5982
3747
4027
288
8160
1241
6135
7661
6132
5631
6319
4455
344
4038
6264
6503
5200
168
3989
3701
288
83
4397
6323
3237
5915
8080
5608
5383
2829
1595
1319
3747
2654
1241
5915
5975
6135
4609
1180
5902
1411
3595
1555
8082
2529
2164
6522
6924
3701
2124
6743
3482
626
2570
3958
5785
2764
460
4788
2650
811
3747
3414
3271
6170
466
6860
1103
5661
4628
101
2175
617
3486
3248
995
5127
2342
2898
8093
4672
7799
786
3701
7086
1242
1489
3178
4630
2410
1075
4270
1824
1836
2628
2219
591
740
3572
1824
5412
7781
4035
1356
810
4697
1604
7213
2662
2308
4825
1163
4817
8065
939
1942
5902
6960
6523
6411
6385
4950
390
7484
4255
2463
2489
3504
1118
6868
4065
14
6756
396
4216
785
3287
3226
6844
5778
1550
1944
568
3572
4641
6948
1978
8106
3701
2792
1569
1595
6009
5751
5275
