0
0
0
10
1
0
0
3
11
0
0
0
0
0
0
0
3
0
0
0
0
4
12
4
0
0
0
1
0
0
0
1
0
0
0
0
0
0
0
0
0
0
0
0
0
0
0
0
0
0
0
0
0
1
1
0
0
0
0
0
0
0
0
0
0
0
0
0
0
0
0
0
0
0
0
0
1
3
0
0
0
0
0
0
0
0
0
0
0
0
0
2
4
0
0
0
8
0
0
0
0
0
0
0
25
3
0
7
3
11
0
0
0
0
0
1
3
1
2
5
0
2
5
0
0
0
0
2
0
1
1
0
1
0
0
0
0
0
0
5
0
0
7
0
0
0
1
0
1
0
0
0
0
0
0
0
0
1
0
1
0
0
1
0
2
0
0
0
0
0
0
0
1
0
0
0
0
1
0
0
1
0
0
0
0
0
0
1
0
3
0
7
0
0
0
0
0
0
0
0
0
0
0
0
10
1
8
1
3
2
31
5
3
4
3
3
0
18
0
1
0
11
0
0
1
1
0
0
0
1
0
1
0
0
0
0
0
0
0
0
0
0
0
0
0
0
0
0
0
0
0
0
0
10
0
0
8030
3167
4017
2308
6150
3526
934
6393
5664
211
5801
5343
3021
5434
7230
6058
1124
2411
7680
916
5013
393
5495
6755
7381
7370
6049
3803
7438
1604
4430
4676
7304
5290
5998
5675
4560
3106
4480
5187
778
2374
2633
3741
988
3933
2957
8080
1664
3140
3248
3221
7829
7431
3544
7981
4231
4113
2094
7240
1523
3839
2550
7043
7173
2981
65
4998
2676
7419
1269
836
1220
6335
559
6395
3702
6007
339
3282
316
6762
1515
107
1684
3672
6468
502
4474
5821
5705
5288
3686
4257
7709
1739
2427
6494
7027
4618
5682
2676
7391
1998
6301
7419
7956
3600
5687
701
4890
4226
5848
6596
3283
1329
6596
459
7315
2621
1746
4967
5463
6411
1839
2207
2868
698
5246
4468
3112
7301
4111
331
3741
1834
5714
7872
3989
5687
3483
4286
5940
1378
344
1696
586
5353
2457
4655
4527
6966
440
2195
7440
3432
6958
229
1576
4274
709
2712
4958
1598
7520
1290
4718
2285
8025
6737
5730
5537
1361
3508
7140
3268
5358
326
2385
98
8014
1696
551
5330
1491
5237
7667
6107
755
6314
3847
6447
6825
3489
794
3948
163
6141
3571
1425
418
671
6176
3660
6736
3692
3011
7257
1783
6744
1471
6499
2540
866
6457
2168
5980
2417
6918
1525
7460
6909
270
4666
7748
4384
6523
5935
850
6082
3988
2405
7615
7872
6967
6031
2991
22
4682
443
8009
3394
1100
5145
7165
7650
1913
166
5341
2094
5261
5848
1986
5991
7523
4696
1079
2175
7644
2655
5612
7345
3481
3439
5165
3021
7980
3067
4961
1487
7370
4750
8100
3701
3159
5377
2184
7533
8009
6277
7476
3486
4637
2990
687
5
3283
1079
3537
3559
2304
2291
1788
4833
6080
4342
7764
4521
26
2271
3879
1374
6066
1555
5883
5972
607
968
276
3183
7850
723
8126
1487
3363
6129
3192
4992
62
5049
3879
4515
466
3657
7912
1004
2094
4128
2987
695
6438
4868
7460
4649
8147
238
5069
3331
6123
395
6378
7764
7521
1678
4794
2662
5972
1252
5807
6736
7761
5683
7086
1491
4384
7595
551
1623
961
6918
2213
7160
7468
3531
5358
3279
4354
3232
2889
6662
1942
3868
2553
3272
3010
7240
4079
2519
1525
1515
4637
5358
2770
1326
7662
488
7829
6395
1063
945
5940
5080
2688
8096
4872
4868
2085
6129
7572
378
4396
4847
7514
2070
7064
8129
7758
8072
5274
22
7084
7683
1608
3489
5188
3063
7381
1844
1587
5844
4253
8036
7460
378
2398
7847
1525
247
1802
4132
4277
5
1471
942
1226
4487
3282
7400
5478
7683
4686
5040
6692
483
8037
1654
5240
3957
523
7735
4118
803
1881
122
1905
6129
962
6736
7611
6930
1827
5498
100
442
7664
6615
7144
6468
687
3527
7949
1545
4132
5240
5935
3865
7842
4282
2714
7174
4118
1784
7964
6532
3448
3686
150
3672
4688
3125
1329
3247
2510
22
7664
7080
5344
6426
2140
6638
8036
3729
880
5641
5967
6809
6805
7523
5379
345
1986
5272
8136
7480
4108
2536
247
1252
6557
3069
6666
2094
5937
581
431
1959
4676
1911
3776
1229
2955
5246
6129
7318
6705
5299
2319
4999
7879
5262
4231
3002
4853
101
4012
2917
1336
2064
2146
3178
7923
6971
379
3230
317
7440
4138
7942
3283
7140
1741
6825
5358
3531
3125
7404
1905
5458
7319
277
4680
6793
5702
7264
176
4325
7240
6348
280
247
8136
4085
8074
3279
7687
3805
100
4178
6647
6754
770
847
7547
5407
4663
3104
4423
3397
5144
5407
1727
2050
7758
5783
2320
4999
1100
2583
3637
5067
5284
5353
2735
1571
2165
5980
5522
968
1000
6132
7433
7460
5261
118
6601
3657
4676
3757
4313
8120
162
2865
1922
252
3940
6017
5379
2134
1092
6177
2943
1797
1812
1474
6642
4859
22
2291
8005
789
2526
3249
1606
1652
3865
1552
5
6596
2428
7073
7697
7847
3283
7390
1162
8057
4929
1229
2448
3331
7523
4928
7480
2434
7697
6662
6736
168
1121
5486
7762
1013
7095
3396
4888
2305
7381
118
7140
8084
7212
6854
2434
7761
2439
8057
7066
7657
5425
5699
3030
7174
6957
5407
5261
5353
7648
687
1788
1256
371
4515
8168
3470
2670
7987
5340
5462
3865
7810
2434
7370
107
4773
6765
1149
4123
7021
7374
3828
442
3489
5261
5366
4890
755
6468
3192
5692
7429
6299
6296
732
6129
3680
6672
4632
5481
8026
7657
1654
3011
6129
107
3881
2982
3820
4799
7174
4890
709
1788
2730
3971
176
7931
523
1891
3977
6596
6809
2020
1229
2231
6676
7165
7425
2007
4529
3326
7438
107
1696
1079
22
5407
4179
6971
2443
984
1903
2439
4620
2559
306
3508
8035
6673
5797
2427
4613
8057
8100
3921
6964
2291
1590
652
66
6865
6066
6973
7091
5797
4382
1844
3672
578
7032
523
6077
5256
2288
3957
2668
2792
6305
1352
1623
4527
1694
3858
5367
7973
459
809
7400
6202
6806
709
4373
162
5537
2496
7962
2559
2291
7404
6010
4373
7152
603
2991
1829
929
5270
1212
2582
1229
4752
5556
3215
6523
1420
4663
6367
4704
4158
7916
112
1695
1259
5008
6284
1769
7405
5556
6596
961
505
7687
4746
4780
577
7412
1477
1702
3236
2770
5246
2997
2888
8052
7875
89
2786
1181
7046
7907
785
4941
6930
6443
3141
7536
3001
3213
1291
1553
5262
1766
3195
6962
5741
1567
6616
692
2195
1599
8174
4203
86
1984
3312
6789
3274
6445
7392
3886
2889
514
7217
2557
1024
2792
6091
5952
4007
7442
4007
3022
5018
6744
1551
6048
5351
7945
1980
7768
6983
2693
667
2087
5641
2571
3794
890
2469
1558
6763
2889
939
3289
7207
1965
3793
7460
8062
5756
8066
1485
3862
4880
1595
1576
5810
7843
5496
6862
3810
5993
1253
5684
7481
1557
2288
5700
1342
3779
891
4728
1191
7921
449
3117
4339
1027
1407
5612
3827
2862
2196
1946
7752
1312
4708
6473
3853
2577
1346
1440
6253
1479
7138
1500
3116
5866
5262
3035
5876
3116
6420
2955
2921
