0
0
0
9
2
1
0
2
10
2
0
1
0
0
0
0
4
1
0
0
0
7
12
1
0
0
2
0
0
0
0
1
0
0
0
0
0
0
0
0
0
0
0
0
0
0
0
0
0
0
0
0
0
1
1
0
0
1
0
0
0
0
0
0
1
0
1
1
0
0
0
0
0
0
0
0
0
4
0
0
0
1
0
0
0
0
0
0
0
0
0
0
1
0
0
1
9
1
0
0
0
0
0
0
27
1
0
9
7
8
0
0
0
0
0
2
3
0
1
1
0
1
3
1
0
4
0
0
0
0
1
0
3
1
3
0
0
1
4
5
0
0
6
0
1
1
1
0
1
0
1
2
1
1
0
0
0
0
0
0
0
1
2
1
0
0
0
0
1
0
0
0
1
0
1
0
0
1
0
0
0
0
0
0
0
0
0
0
0
3
0
7
0
0
0
0
0
0
0
0
0
1
0
0
12
1
10
3
5
0
32
10
2
3
0
0
4
26
0
0
1
11
0
1
0
2
1
0
0
1
0
2
1
0
0
0
0
0
0
0
1
0
0
0
0
0
0
0
0
0
0
0
0
10
0
0
254
276
4789
1137
97
6164
5116
2265
3482
5608
869
3775
2578
5335
7230
5873
5829
5731
1075
96
211
3260
3942
6545
298
5829
6550
4800
5807
5250
2831
5419
6945
3414
2806
2603
3995
6259
4651
7171
1776
5112
6121
6508
4372
4233
797
6201
4766
5129
2015
7405
14
7413
3631
857
7319
6451
1971
7924
5982
5778
7933
2780
5489
1157
7548
6164
358
4979
942
2541
3528
7997
3933
245
7593
450
2791
5956
3038
6619
5020
2496
3959
848
3682
7153
5013
5664
6449
4634
7442
3120
5530
1428
1078
2149
844
6259
1224
686
6135
2901
6189
3123
8094
557
3352
1018
2020
3652
7743
4032
4291
4926
7588
5079
2271
5403
2232
1969
7205
6498
1900
36
2968
3224
7236
6135
6456
5364
390
973
2707
3249
5742
6796
1948
1950
6607
8003
2834
7473
5793
7475
6129
2773
5343
6499
3682
4950
8003
6548
4055
5945
7507
1907
3096
2062
1238
4878
6954
1787
1962
4472
4297
3834
534
3572
960
1495
6605
2519
6687
7879
6695
6554
3282
4141
327
7633
4875
7887
4303
79
4530
4011
4149
237
2255
1595
1424
4089
2907
5013
4112
414
2057
1137
5052
4221
4201
879
1347
1226
3759
733
7257
981
3900
5496
6019
5512
6394
464
217
7593
1776
6556
4078
4478
740
2253
943
434
536
1776
1607
5920
5975
3196
4548
5788
1616
2320
7954
5786
8036
2734
3972
2834
1605
646
354
3410
4437
6085
5292
6210
4952
3131
1110
3711
5650
3682
7418
1253
6377
1621
8167
1604
2311
3734
6041
7881
5589
4764
6201
176
7954
3041
3176
1601
6719
4220
5512
2984
6956
995
1856
414
4291
1200
7400
7308
7451
5743
6327
4851
4851
1887
755
6627
1121
6419
6159
2405
1460
3317
6414
3136
4118
826
780
2142
7306
6523
190
2787
3982
3959
5214
2938
4950
7236
6159
6317
3910
7415
8167
3186
6958
6401
4131
6010
7644
923
1848
5168
2858
5
2030
7787
2569
3446
1525
923
5379
962
4231
7702
833
3657
3389
649
1652
6939
6458
5765
1800
3668
14
2015
2068
2625
1571
7650
5458
3629
455
5565
2224
6400
4960
2351
184
2981
1332
4663
6551
7473
7367
2064
1587
4457
5295
7984
7157
4159
1045
2368
5780
6384
7815
2197
4529
846
4724
3012
4979
680
2579
7542
6516
2167
4696
7730
1258
3256
264
6870
7175
2893
3594
404
940
8013
8163
2389
7146
6871
336
441
4065
7075
1347
5007
4905
6299
6638
176
1070
5172
4205
3238
5383
1599
3836
7743
1426
1635
8122
4226
4160
972
2336
2682
336
734
565
424
5968
1848
1612
8172
1642
2581
4967
1825
2984
7523
6146
6146
1117
2984
98
6940
983
4929
8003
2101
2770
6743
4988
3761
6964
1352
7193
5876
2792
1578
1726
6783
4660
5246
6172
6426
5053
5018
5368
1235
5888
4529
2312
2749
986
156
2232
5847
1328
6468
687
3828
184
7512
2984
1707
6352
513
7611
1121
3335
4539
8067
8008
323
3714
2726
7759
6538
7405
1114
6564
1365
7463
7112
5144
1591
7444
4562
7945
6919
1511
637
3396
3601
7801
326
7875
3957
6805
3879
92
5370
4997
6214
7400
5104
3317
427
2393
1207
1238
1852
6437
985
5644
7566
2412
652
6862
1898
4511
1300
4814
7426
57
3392
4409
7289
1825
1604
5262
5429
5027
44
315
5317
3631
6430
4979
6758
2168
5096
4967
1534
4164
6817
1203
4611
4034
849
5156
690
2834
1258
7848
6077
1537
7469
4727
4855
336
2853
4974
5335
7431
5888
5286
4487
5370
2276
101
7954
2683
3256
6397
1988
5043
5333
4721
25
2847
1911
512
3914
2910
1637
4221
1326
6623
5544
1938
1362
845
8127
5384
7201
2414
2476
5813
2434
2254
6214
1235
1780
4362
613
6808
7827
4782
3371
8139
1802
5951
2183
6605
4341
5919
7713
6057
4999
6581
7460
7890
4987
7506
3388
247
6555
5512
5074
3282
3364
6335
449
3193
3256
2455
4228
2093
7487
7480
2195
1894
4115
2299
6063
2112
4475
6322
1871
3214
2834
6665
4585
2189
568
4056
5788
1968
1604
5059
2291
1968
6108
945
2498
1725
6353
3092
4169
4436
988
6871
3334
6589
2933
5442
889
1787
4533
899
1457
1481
2299
3193
5240
4796
5143
899
1892
7043
4221
5478
1143
788
7375
4624
5040
7283
5364
6649
5430
6195
7910
3203
336
2859
8008
4766
2411
2271
4175
2780
8021
7538
3761
2619
6898
3455
1607
6481
1395
1279
1352
3659
1471
6358
4529
4128
7611
2928
6256
5220
2137
5948
48
4242
6378
990
1062
7940
5112
7582
5982
5672
5408
3572
2421
6844
3443
1776
907
4274
5627
6761
4950
6980
6438
63
3611
3140
6205
5369
5526
8023
6953
5133
3158
3326
1620
4017
852
7013
7090
6759
2612
1424
4809
7437
4255
531
1988
8060
3778
374
3980
6082
3196
4372
5343
2948
8052
5749
5770
2621
1712
4794
1467
7405
5092
1049
7234
1043
4525
7064
2921
5713
5565
7887
6639
3885
4759
8103
5172
3566
7222
4835
877
1989
2512
3809
450
2405
6367
2749
1548
513
3062
27
2464
5077
3077
7827
7303
1129
2229
1332
5122
1999
59
5850
3046
4618
1943
5326
1725
7892
1823
3123
5982
4940
4851
7785
2411
5997
400
1016
6159
3815
830
5282
632
4242
5223
6790
5214
7218
6553
7396
715
4291
1049
6902
7325
250
5623
4372
1720
6023
2986
169
2992
271
2920
7098
5715
2002
4609
4776
971
6010
5695
5433
1015
6262
7726
8000
7866
2986
1295
2716
1988
4255
978
5324
283
5997
4644
3572
4628
704
6082
5790
1038
960
5667
2178
5450
5232
1029
4857
783
6060
297
4266
1699
1830
7902
985
4874
536
6022
8176
1345
54
3661
5536
4016
7070
7214
999
999
5143
4492
8030
2418
6587
7205
3123
202
3038
5682
4491
4735
5731
3167
4703
7205
3541
4623
7258
7452
1010
2613
163
7419
7673
3512
6117
1607
6121
8021
7207
1900
5326
5364
3469
5335
5107
2901
2785
3253
7625
1473
2118
1823
3816
6680
6548
7405
1836
