0
0
0
10
0
1
0
2
11
1
0
0
1
0
0
0
1
1
0
0
0
2
16
4
0
0
0
1
0
0
0
2
0
0
0
0
0
0
0
0
0
0
0
0
0
0
0
0
0
0
0
0
0
0
0
0
0
1
0
0
0
0
0
0
0
0
0
0
0
0
0
0
0
0
0
0
0
3
0
0
0
0
0
0
0
0
0
0
0
1
0
1
0
0
0
1
7
0
0
0
0
0
0
0
31
2
0
10
6
7
0
0
0
0
0
1
2
0
1
4
2
1
4
0
0
0
0
0
0
0
0
0
0
0
0
0
0
1
1
3
0
0
5
0
0
0
0
0
1
1
0
0
0
0
0
0
1
0
0
0
0
0
5
0
0
0
0
0
1
0
0
0
1
0
0
0
0
0
0
0
0
0
0
0
0
0
0
0
0
4
0
7
0
0
0
0
0
1
0
0
0
0
0
0
18
3
8
3
2
2
29
5
0
3
1
1
2
23
0
0
1
10
0
0
0
1
0
0
0
1
1
3
0
0
0
0
0
0
0
0
0
0
0
0
0
0
0
0
0
0
0
0
0
10
0
0
3581
3851
3052
4798
5801
5288
3614
6152
7012
5485
229
7559
2459
5430
4478
857
1483
2421
1824
5220
3077
6012
4950
4007
6327
1886
1093
7938
3272
5876
127
6601
1678
2458
3148
2497
939
5618
3711
507
4900
1775
4779
916
7765
6361
4662
1997
777
5986
3541
5874
4707
3615
2462
7637
3990
1147
3334
3001
4382
7373
2505
5144
4718
2854
2544
857
747
8103
2854
538
5762
8064
5536
7135
1796
566
6784
4616
5594
907
3290
1270
1415
2586
4208
5016
879
6955
6208
1070
970
6484
594
5949
4914
934
4356
5790
1689
2552
3676
2100
2552
2459
361
234
5520
1119
4753
1871
1024
5858
7482
7763
4078
2945
7522
5090
6846
2683
5367
1801
2368
1892
7343
2219
6651
4644
7198
3517
6724
2713
6479
1458
5714
1566
807
5843
2516
2851
230
4477
5599
2042
7435
2560
3327
4220
5655
6978
5317
7440
813
1258
1183
3010
881
1067
3585
4146
6799
4236
5079
2586
4053
4273
3186
28
5629
1716
7013
5736
7219
8060
5224
61
3728
6093
2943
3880
3327
596
3177
1386
4506
1685
1587
2749
1540
6492
4114
7670
1082
5816
4207
4293
121
2133
1883
749
8151
1699
1253
2861
64
6953
6198
5112
1995
518
6279
5315
1555
5873
7680
7443
7156
8117
6350
2293
7350
6919
6417
2773
5041
5427
3494
5720
7941
7106
2270
5227
6315
6139
2459
6660
5149
7679
6124
1532
3815
130
3003
3388
5799
7171
3167
1929
2486
2505
4796
7933
7968
4907
2013
1602
3481
3751
2136
8016
2573
5347
2544
5206
4053
1532
4395
3563
624
6582
4160
4028
8059
2412
2385
1951
5442
394
2422
7149
5569
3848
2459
3541
3488
197
596
1778
4545
2402
7777
6294
5109
5485
3697
5118
6152
5223
8027
1685
7702
2637
1847
5362
1121
2834
5622
3410
5003
7815
3718
1005
4270
3161
5896
600
4830
7902
2676
4289
3592
2248
4953
2662
6011
2948
5350
920
1598
5322
645
5512
1184
6638
6685
5943
986
27
545
5522
5603
3282
1377
7274
2464
4005
3469
683
96
7
2796
390
3445
3617
5347
7767
2442
7180
1836
4491
2811
6833
5179
7375
3857
4333
7954
7818
1481
7306
2658
7206
7616
3441
1180
2104
6593
5547
744
7013
8083
418
6089
3515
3628
1817
2379
5987
3647
3594
3449
5456
1732
1559
7663
8005
2139
7650
4333
1707
3880
1339
4138
7214
1223
8162
5368
234
8058
480
1401
4007
2423
5835
2003
1895
2713
95
6385
1295
5172
1119
7206
6170
6395
1534
6000
2331
2621
6638
4979
674
7713
7919
3554
51
2338
4131
7106
1578
5836
4426
1319
6015
1606
6385
944
7818
4997
4569
6833
2491
4759
276
5041
4920
4150
2713
5997
1849
4974
7473
972
7748
6010
7446
1189
813
3807
4691
5546
7938
1578
7408
5112
3022
4778
2309
2054
6687
1730
1497
907
5442
7590
7491
4216
7391
6617
5890
4635
5947
7611
4086
4446
67
6825
596
1858
1785
5090
7146
8122
7074
706
7022
5579
340
3482
1821
3445
3595
7903
3828
7692
4600
1584
4759
5801
5671
5063
1319
3442
5603
2312
1858
2792
3776
3410
2439
449
2380
6865
4767
6107
449
7938
7630
289
4569
2402
4834
2280
6194
4855
1898
2231
5815
6864
3851
4442
4175
3348
6827
1233
6088
4697
993
7875
3176
4369
4443
6968
7711
2368
4957
4734
2914
4436
3371
2497
331
3992
7332
4017
4398
1088
1104
1115
6299
5260
5246
6988
7978
5354
3055
6623
2834
8076
1183
2933
6546
4875
2583
1569
5911
845
2791
7658
3238
2252
4759
3077
2920
7559
4641
899
7160
1616
5522
7146
3488
1578
5481
8099
5565
5246
248
683
513
1416
6398
1951
2101
6300
323
5634
130
4793
1100
4950
3158
1824
7882
24
64
4858
457
6668
6872
5170
6159
1738
1260
4696
3236
6048
3836
6759
1182
2130
7583
377
4810
354
6788
3918
1685
6003
4030
7060
7307
2229
7029
1830
3120
705
3795
3599
6303
7692
4018
2007
5827
1628
5442
1816
4695
5251
1258
6159
2957
5892
2130
3684
3347
7121
3600
5094
5876
8099
4205
6087
3933
5068
673
5924
3876
6137
5731
7997
5507
1155
550
4140
6125
2185
5410
513
2353
2090
1730
3862
6902
4628
1043
4374
3884
3134
6303
4569
1853
6172
5417
3548
449
3338
1479
102
4580
3287
288
5249
1565
4809
4818
7253
3988
8061
4277
4967
1708
6964
724
7790
6395
1522
4759
7827
3711
698
248
6104
7405
5333
2945
5820
2090
546
5567
6330
2533
4841
7451
8021
6065
3637
6889
7070
2768
4010
5278
2291
1578
3193
5772
7938
3682
7767
2265
7584
2639
7057
6000
24
1836
4058
4208
5286
5745
2979
4053
720
2572
1427
1961
6271
2727
4667
5793
5785
1849
4271
6979
1337
6291
5603
3586
5909
2459
1155
2531
6391
4710
5344
7827
1017
536
6818
1930
1654
5238
4017
2214
6208
1567
7236
1133
5726
5129
3389
3747
4658
184
387
4196
5304
2148
871
3690
4047
2361
4475
7679
7869
4594
6680
1699
999
4194
2022
5019
3225
3497
2104
1356
6306
3720
1087
1774
2654
7162
4017
4255
2422
6160
3095
6417
7375
2818
7064
959
7956
3883
1532
7258
4713
5495
4301
4295
1554
8138
3264
2270
7497
5031
4903
3542
721
1752
3684
7908
4017
2280
7625
210
2277
6722
1453
1680
3371
1887
4561
6953
90
3741
2925
1810
4820
914
4809
7825
6614
2411
5183
2705
3560
7691
7895
7679
6983
919
4634
1584
7160
7093
3347
4291
6588
3790
7093
3625
388
6204
1534
6877
5933
7408
4214
6306
1338
7216
3266
7127
3849
2648
2229
5536
1319
2459
8002
1836
3158
1598
174
2398
2724
3188
3120
1775
1680
6000
96
5285
2404
2308
7070
28
7989
423
5214
5408
914
4242
132
6450
3081
722
7180
3299
4609
4202
5147
4237
5731
7793
7103
5469
694
7545
7497
6450
6117
3494
3741
2365
4270
4628
7845
2653
3876
4202
1621
170
7764
1319
1836
6818
7720
3415
5024
6303
899
5982
1249
3806
7816
5505
2722
5107
7169
3144
