0
0
0
10
2
0
0
2
11
1
0
0
0
0
0
0
1
0
0
0
0
0
14
2
0
0
1
0
0
0
0
1
0
0
0
0
0
0
0
0
0
0
0
0
0
0
0
0
0
0
0
0
0
1
0
0
0
1
1
0
0
0
0
0
1
0
0
0
0
0
0
0
0
0
0
0
0
4
0
0
0
0
0
0
0
0
0
0
0
0
0
0
1
0
0
0
5
0
0
0
0
0
0
0
22
1
0
6
6
6
0
0
0
0
0
0
3
0
0
2
2
0
5
0
0
1
0
1
1
1
0
0
1
0
1
0
0
0
1
6
0
2
6
0
0
0
1
0
1
0
1
0
0
0
0
0
0
1
0
1
1
0
0
0
0
0
0
0
0
0
0
0
0
0
0
0
0
0
0
0
0
0
0
0
0
0
0
0
0
2
0
12
0
0
0
0
0
0
0
0
0
0
0
0
10
3
10
4
6
1
31
7
0
3
2
1
0
15
1
1
0
10
0
1
1
0
0
0
1
1
0
0
0
0
0
0
0
0
0
0
0
0
0
0
0
0
0
0
0
0
0
0
0
10
0
0
2002
4339
4934
3740
2421
4099
7243
7135
1009
4194
2290
3684
4374
4422
4422
8105
5688
5688
1778
3848
3410
2535
160
5780
4869
6683
2703
5802
7681
663
5041
2444
6760
2927
5205
7407
543
5186
6537
3041
5932
1728
6037
2888
5421
7394
2897
7249
1829
6773
5895
2344
2909
1754
468
3092
6776
8159
6847
6731
2579
4226
3387
7867
5767
1712
4728
1829
7768
5665
3425
6280
3869
2213
6909
1063
7875
7080
7068
7612
1337
1368
6101
2559
3215
6682
6224
5299
2719
4137
7175
5526
2870
6438
5654
2630
1106
8130
5932
4401
1000
2655
3135
687
1323
6957
2475
6638
4527
1431
1326
4663
1491
6717
7082
7612
6930
5358
5
3752
4983
4179
267
5697
6364
3417
7536
2509
3210
6840
6614
3169
5478
4430
1491
2197
2432
6692
789
4258
5358
3247
4401
1604
2706
2897
3426
2213
5
3282
1528
2094
2792
1410
3779
1779
3763
5304
5341
3826
7893
3133
2682
4432
3192
4678
4360
1903
6754
2660
8122
3780
1913
7242
4827
961
6006
6138
4000
1784
6352
4890
8072
6687
5940
6792
4828
7751
612
424
2598
2369
2916
717
2171
8062
4666
7840
6734
1612
2305
7804
847
3247
2026
1913
2311
6138
1829
1058
2675
4863
1992
3283
2792
2311
7687
3238
3065
6260
2259
5829
830
429
4386
4715
4665
1294
1903
379
7668
7735
3998
5991
5883
3838
4916
206
1571
976
2812
500
1913
2300
3865
2021
4014
8084
5770
7429
221
195
8178
4560
5127
429
6962
3009
6962
1730
733
1773
2456
6523
847
6925
6181
7264
6338
2502
6709
3331
6494
1932
2070
1229
6596
6349
4890
4678
4306
1872
6043
864
7927
5697
2597
804
6971
2893
6930
7212
6727
1186
2874
7248
5325
2070
7787
3140
1064
3526
3611
1741
5250
3489
3270
7404
4766
7521
5395
1569
1694
4527
5300
6394
2619
570
4374
2413
2893
3865
4282
2792
160
505
4001
68
3239
6107
3232
3458
8147
7445
1360
3232
6052
5624
1266
1623
5005
6499
1338
3678
2559
7630
4807
7462
831
6268
6993
7270
3283
118
8147
5200
5786
3726
5917
565
5497
4748
6746
6411
4620
116
5064
2296
7514
4958
717
285
7650
2021
8035
7370
7212
5848
6697
2328
1890
1372
1048
1067
6642
7835
3971
2235
5056
7177
5865
7399
3832
5409
8137
4148
5586
469
129
6862
4000
358
3678
7557
1374
2159
4282
1221
7249
4862
7352
6993
3196
356
8048
5896
344
6736
1968
4890
7683
7212
3519
5546
5335
6662
1650
7787
1013
5029
237
2675
4333
3828
4663
1258
3972
1676
1541
1695
5952
5246
2682
7671
5778
3875
531
3480
7476
1710
498
2769
6399
5151
2171
3014
5328
4602
3634
7954
2200
4741
5064
1833
2550
1487
107
4128
6646
7433
7352
3192
6175
5407
505
52
285
7854
5412
2519
5358
7460
7317
7242
2991
4922
8076
3215
2291
8035
709
2032
6567
6497
3251
4260
7098
3283
5917
1484
1305
6844
4688
5261
2990
6129
2893
1727
344
6996
7968
7994
7356
3169
2342
5240
2300
5289
2893
961
6930
6496
1654
7103
942
6735
1757
3283
1844
7523
7934
5375
4405
4277
1528
7521
5042
118
1329
1692
687
4401
7951
4157
7496
719
2237
7671
4510
1525
5261
2291
3198
2882
3780
890
3468
2165
333
2305
2021
3135
1149
3215
7875
2833
3627
7400
7103
8031
8185
1477
5008
3689
3906
1222
2680
3366
1412
7687
8057
4520
687
2171
5144
2908
4408
2730
6712
7480
4686
5556
2669
7538
8100
505
709
1013
2457
5240
8100
1229
6010
6537
862
4246
1116
1116
3334
2874
3075
2162
5262
5387
4681
6496
6418
4440
646
5564
6138
4676
818
5600
2288
2893
809
2427
2197
733
7317
1515
107
3424
7168
4144
6138
659
1052
4773
833
239
2434
7420
5425
5407
3429
3169
6493
4704
5158
3273
6054
1387
7536
4902
3107
2779
6399
7043
5358
4676
5151
5330
4501
6998
7084
5655
1525
7367
4967
4929
5047
51
476
5980
3977
2460
2209
4629
3451
498
6862
5510
1398
3776
7080
4576
5462
7088
6971
1005
661
5841
7793
66
2134
3135
476
8147
5455
1461
3282
2984
1984
2528
483
3692
461
612
265
8170
4456
4752
464
2991
4855
1844
4983
505
7174
7392
6206
4993
2959
4752
459
3183
1370
6234
7456
6957
7098
3634
4823
5980
4635
1757
1547
6585
3529
7743
4132
7066
7683
5565
7521
2990
8173
6998
1687
107
755
5328
1903
6608
386
4323
5
6209
4115
2149
8111
5737
7032
803
3966
4946
5347
1234
3778
1006
6958
13
1229
2386
5642
2475
7804
2526
4872
4430
5358
4752
551
8185
473
1905
1403
7932
4382
1013
647
532
1083
1659
6536
222
1528
13
6523
2342
4170
3288
3821
7674
6905
2187
1604
8057
6426
2670
5144
4286
22
1491
5556
3692
4890
6873
5944
724
3881
1881
5381
1912
3652
1403
3977
7037
5188
5274
270
459
7343
355
4027
8054
4520
3221
1945
7523
4527
6349
6129
7404
22
3940
5358
8007
1451
5944
4919
1374
216
5772
3176
2925
2847
7810
858
2643
7907
3467
4855
6523
6463
4069
7218
1361
7671
498
6596
107
6010
2990
7367
7988
4686
2582
498
2908
7814
2951
4158
326
2094
3711
5111
4036
1403
3063
4060
8184
4323
4976
3883
1123
2935
6824
7070
5896
3678
1461
4871
5991
1992
5005
6596
3169
2386
5049
6666
961
512
5306
2319
2049
2990
5261
8147
7306
6811
1797
2457
132
6616
6151
1711
6687
2478
2271
4543
2868
6722
2663
1652
3273
7761
8100
6754
8134
3583
3125
7242
5928
5530
7440
4275
4373
3622
6151
4258
2139
751
1162
8113
7737
3467
6242
270
5144
7376
6064
3129
1164
6595
671
1279
459
6727
2893
3195
5330
491
5288
6053
1595
2993
1986
4432
4993
768
4676
3397
4890
377
1730
6010
7737
8
7644
5702
3488
513
7807
2715
4950
5544
6019
7235
2411
5538
4676
7841
4892
4880
4809
2498
4430
4686
5416
5274
7607
277
652
4693
476
3692
552
8145
3095
2039
1374
