0
0
0
10
3
0
0
2
11
0
0
1
0
0
0
1
1
0
0
0
0
0
12
1
0
0
0
0
0
0
0
2
0
0
0
1
0
0
0
0
0
0
0
0
0
0
0
0
0
0
0
0
0
1
0
0
0
0
1
0
0
0
0
0
1
0
1
0
0
0
0
0
0
0
0
0
0
2
0
0
0
0
0
0
0
0
0
0
0
0
0
0
3
0
0
0
5
0
0
0
0
0
0
0
22
3
0
5
7
7
0
0
0
0
0
0
2
0
1
1
0
1
2
1
0
1
0
0
1
0
0
0
1
1
2
0
0
1
1
5
0
0
6
0
0
0
0
0
2
0
0
1
0
1
0
1
1
0
0
0
0
0
2
0
0
0
0
0
0
0
0
0
0
0
0
0
0
1
0
0
1
0
0
0
0
0
0
0
0
2
0
8
0
0
0
0
0
0
0
0
0
0
0
0
11
3
9
1
3
0
30
4
0
2
1
0
2
10
1
0
0
10
0
1
1
0
0
0
0
1
0
1
0
0
0
0
0
0
0
0
0
0
0
0
0
0
0
0
0
0
0
0
0
10
0
0
8086
2766
1029
2459
916
6464
5338
4224
6660
3995
2995
4880
7745
882
1487
2706
2076
7967
7745
4788
36
1094
3637
3119
541
4707
3167
904
6303
6778
6756
4353
3326
5319
2459
7236
3278
4260
8091
1813
6715
4020
581
7227
471
7957
2198
6301
157
5839
3732
7408
756
3969
7275
785
6116
8096
731
272
16
2922
307
307
1859
7889
4632
7198
4166
7082
2475
962
7016
4601
5806
4536
4392
5790
4809
3168
6852
4934
2136
3497
1544
3301
1949
1015
5117
2012
2012
2639
5340
2766
2041
5485
3366
498
5392
7381
3509
498
2187
3881
3283
107
7460
7147
1243
4472
2663
368
2166
2484
8025
7911
5810
98
5354
998
6940
7364
4362
1024
1113
2339
3513
3432
7523
7768
4791
4772
6037
8003
3865
4527
3149
7521
5556
5991
2409
1576
959
5701
1015
1424
3455
4563
6483
4580
5185
8103
7679
2057
7810
4963
2204
1168
2352
6316
6633
3069
2291
5617
3819
7306
6957
2997
7225
4104
7602
5
2769
2354
3783
8160
7
3300
5172
919
7670
5803
184
7171
5655
918
2626
2780
1751
2188
4413
4027
2145
427
6666
5261
4601
4827
1374
5
4118
1329
2258
2366
7815
6593
148
3959
5191
6108
6301
3995
1087
3699
3893
5016
5668
1988
3407
1090
2120
4059
568
1949
847
3142
2655
3331
4637
5353
3976
6858
2572
4649
516
961
2148
1633
1555
7472
332
5551
4365
921
7621
5448
1708
2653
793
1275
683
272
435
568
1949
3052
949
4983
6747
1788
1696
1292
6643
2254
2991
5151
4298
6077
7768
5585
7232
7444
6080
3252
2499
8013
1432
5865
551
6762
3086
1619
1279
4796
1584
1988
1576
1450
5139
697
5392
2792
17
7406
7895
171
2116
7127
1130
5586
3921
3971
5353
2448
2249
3486
4361
701
2291
7521
2448
3678
2669
2720
6708
4663
1431
6371
7269
777
4021
4680
5992
2457
358
4863
5743
2890
4435
7167
8147
7158
6378
1471
1525
377
4437
5138
1034
1991
5240
1431
5246
1515
7523
4620
929
2997
755
2094
7433
7162
3075
5465
6352
2457
674
3752
2844
296
2304
5104
1
3258
7748
4791
1282
8171
27
5013
6715
4313
7370
3973
1259
5848
7420
3839
2050
3141
6129
2050
2824
107
5274
4369
4306
122
3848
4748
6315
6259
3886
842
5022
98
422
7367
5510
1625
8054
7406
8054
8026
3125
551
4611
7697
5455
8100
7370
8062
1477
27
7931
3972
2050
4993
3953
7964
6172
98
1662
6545
1360
3002
74
3183
3238
6229
3944
66
3226
3176
7390
498
3752
5358
3784
3678
505
4958
6793
7500
3721
5940
4890
1757
253
1180
3176
6499
3263
1083
1688
2096
3957
2256
2360
2885
336
4446
4974
2021
1229
3977
1528
971
3567
2598
7367
6463
1013
5556
5070
2157
5848
6633
7264
2904
2197
3817
420
3914
3611
3993
652
5125
7370
2386
5917
7841
5715
5801
1575
6523
2159
7525
2427
107
3063
5407
7370
1013
5980
253
6264
7375
7758
7523
1431
7242
3672
5465
1844
3915
1374
3426
6224
5359
5848
5377
5980
1147
6031
7559
7032
1761
4566
2778
4610
6696
3141
3206
3282
1259
2098
253
3733
3270
3467
1727
7306
5692
3198
6318
2643
2049
1567
4399
3426
7879
6284
2127
666
2157
5252
7386
4277
6570
2888
6090
3643
1461
6825
7430
4752
1162
8126
863
610
6712
461
3283
5455
796
8033
3971
386
7877
1130
7411
4264
4520
7907
1734
1160
7920
2852
2893
5556
3221
3957
7305
8183
7970
1186
2142
1477
5797
2187
4780
1374
2457
7657
5005
7932
89
1604
6864
2686
4359
1453
7811
1494
3432
3274
1019
1932
1903
2893
755
7404
4855
22
4890
2893
6080
2893
8136
7602
4323
8126
5005
7490
5980
7525
550
3054
1487
1360
4680
6627
4504
568
5332
7956
635
4038
7246
7280
8063
1477
5980
551
5144
6534
4527
3247
2291
6609
5299
6523
1276
92
3729
4872
7084
3998
4855
7533
7850
3701
1606
1219
8171
3214
916
7063
5166
1680
2676
7901
799
1149
6825
7963
476
306
3678
5261
6057
7988
6905
2706
7140
1449
831
5585
3634
6123
2634
4333
5952
6860
652
4791
810
590
1258
8133
2639
6820
7806
2676
2676
619
1332
7761
1335
7477
4052
7697
5753
3819
847
7768
2026
5458
523
7394
1590
2939
6746
985
89
3553
1560
940
1797
488
6705
5260
1656
6068
6117
4710
3098
1356
661
505
7683
2172
3183
5793
7317
5261
2675
2156
7400
6125
439
6066
1045
6639
7664
3272
7923
3701
5972
6106
2984
1797
5139
1590
4450
3704
923
3220
3057
2678
3972
5392
505
6809
2981
4678
6762
2020
3692
7500
4658
2967
7021
7836
4655
6709
6066
3489
847
3993
3272
6850
4791
560
552
1347
3733
5888
4228
7929
3145
7989
1270
7237
4663
1460
6971
2568
3865
1378
1092
7212
7260
4478
1934
1681
2171
2427
6696
3215
3295
2304
1070
6709
652
549
7523
8129
8129
8155
916
1595
3806
7491
331
7716
4651
787
3040
6387
3776
5683
1460
7212
5980
7318
2076
1360
4777
6224
5416
4432
1426
5099
6348
7998
1968
3671
157
1107
8023
2684
1595
8160
5010
5701
635
4175
5530
6227
3744
4052
1429
4430
5246
1654
4637
3141
2139
5455
6596
3540
3819
4983
3940
2511
189
3602
7564
2353
4077
7929
3835
1631
4423
3857
2398
4715
7043
2550
4527
1525
3078
6662
2490
1665
2319
1753
5240
7404
461
1541
4982
6270
2291
523
3819
3460
4181
2041
1256
6709
427
7896
6104
2931
1229
7400
3283
7404
7687
4052
5188
4877
3592
3287
7240
1802
6909
2897
3940
6017
833
7465
3690
2629
6194
498
5274
3257
5065
1156
7800
858
1186
449
793
5474
4430
709
8037
1515
1079
5670
4430
5289
216
655
3819
3819
5478
7370
3467
5407
8100
6583
1029
4628
3433
3097
5008
3016
3495
5893
652
1458
5702
5346
5440
590
3850
1358
7906
2457
5980
1694
1461
7657
7232
2099
461
2585
5865
4823
4823
3149
2730
5735
4749
747
8046
6186
6744
