0
0
0
11
0
0
0
1
9
2
0
2
0
0
0
1
1
2
0
0
0
0
13
6
0
0
1
3
0
0
0
4
0
0
0
0
0
0
0
0
0
0
0
0
0
0
0
0
0
0
0
0
0
0
0
0
1
0
0
0
0
1
0
0
1
0
4
1
0
0
0
0
0
0
0
0
0
0
0
0
0
0
0
0
0
0
0
0
0
0
0
2
0
0
0
0
8
0
0
0
0
0
0
0
19
2
0
13
4
3
0
0
0
0
0
3
1
0
1
6
1
1
4
3
0
1
0
2
0
1
0
0
1
0
1
0
0
0
0
1
0
2
1
0
0
0
0
0
0
1
0
0
0
2
0
1
0
1
0
0
2
0
1
0
0
0
1
0
1
0
0
0
0
0
0
0
0
0
0
0
0
0
1
0
0
0
0
1
0
9
0
7
0
0
0
0
0
0
0
0
0
0
0
0
8
9
8
4
4
2
26
0
2
5
1
5
1
14
0
0
1
10
0
0
0
1
0
1
0
1
0
4
0
0
0
0
0
0
0
0
0
0
0
0
0
0
0
0
0
0
0
0
0
10
0
0
1934
354
3413
4961
7330
2512
367
3082
3778
2421
4570
7939
6683
1411
4809
2210
3238
5791
2595
5344
8153
6119
245
1541
4140
5970
6378
3130
703
2174
1360
7981
2634
8157
3992
4583
4644
1010
1769
2799
5546
1651
229
1155
5529
367
5916
4452
1615
7221
5644
5007
5909
1439
5313
2574
746
6377
854
6691
6262
3714
2559
3850
2968
705
7442
2830
1539
7334
7278
5161
3819
1911
2669
3100
6818
2836
5168
469
5250
7570
389
3729
852
6605
3085
7250
5049
5736
6929
2685
2405
7623
5243
118
471
6121
684
152
5935
3489
5125
3563
3069
5366
4693
4354
7676
7033
3044
7174
3348
6252
481
4094
7243
8094
2531
8070
3223
2341
6677
7752
289
7493
2622
2710
4094
3533
393
7657
551
1608
1329
7242
1360
8057
2943
2250
961
1545
7835
4623
3401
4264
6967
6172
1999
87
4039
4716
8186
7357
1474
7329
4872
7110
1030
709
680
5246
4810
6048
3030
7364
6601
6750
4599
6897
2943
7931
5624
5980
1784
5161
4594
6437
1844
3198
4495
2008
4796
5191
2420
238
6276
6227
2450
2211
1157
972
3759
4693
216
5425
4767
6662
4752
4658
7919
1130
2508
4430
1004
5797
5537
5472
5097
4683
6754
8057
4360
4748
6337
5937
7286
2993
5574
6372
3762
5335
5535
3755
3077
7963
2448
3770
4992
2669
153
3178
6979
6557
3247
5371
8084
1352
5033
551
4360
5848
1695
326
4868
5407
871
2448
6957
5848
4432
3927
2236
49
5495
6151
5489
7737
237
5261
7787
5000
2301
252
6689
4520
6463
3965
3865
7317
3486
1019
8120
6930
1788
3331
4333
1827
4613
6561
7263
7687
7477
657
3432
2410
698
2669
7203
6172
2139
3602
5022
5604
7548
2893
5042
4197
2978
3192
5358
5981
4678
2982
7240
5917
2750
2139
5834
6072
7430
404
7761
3183
4123
3366
6151
6532
934
5954
7294
6325
5328
7683
1571
3567
2516
4149
1654
5572
2481
7668
3169
5409
168
2094
5478
22
6662
1773
2396
4253
5104
6399
1688
3130
4678
7644
7257
8147
4698
3254
332
1426
6692
4432
7215
1943
4716
3401
3075
1477
666
7907
995
1284
5782
5188
4678
523
1229
5353
7841
8111
6485
440
3140
5366
4676
1945
4552
6789
1788
3504
6396
1229
5699
2955
129
4478
7477
3004
4884
5927
3819
5940
2238
7650
1276
5071
2847
1657
2291
796
2304
3183
1905
3178
1635
7370
7318
7460
2457
6675
310
5786
2353
8113
2457
949
4478
7289
7098
5650
258
1282
5540
4446
2893
3678
6891
6662
1471
6204
995
5285
27
7500
7645
6299
1096
5572
6334
795
4329
5993
7
3978
1941
5412
340
3245
4830
1030
4583
5985
6575
5850
1930
3957
789
584
237
7714
6325
4984
2254
721
3626
709
7687
1968
6692
2908
2624
2634
4273
320
6140
2885
3483
5146
5982
3159
2868
2573
2712
5010
4406
7864
4430
3838
733
216
5940
107
3484
4892
4527
5722
7863
7084
4780
768
3881
313
5416
4022
946
1591
1815
7056
7931
2488
1040
1613
6104
2539
951
1786
6666
6809
7080
1378
256
7073
3125
6596
7538
3549
3751
59
924
5240
260
2707
2341
7771
2550
107
6897
6540
3719
3492
928
2348
3491
20
4878
4856
787
6454
5797
1945
597
4596
1911
1943
2559
5022
2519
3090
116
4430
2615
5937
7046
7664
5409
365
2197
59
4976
7321
6691
7825
5043
1485
1203
7452
5020
2155
1209
1382
6500
5793
4290
4819
5097
1423
2559
476
8037
5980
1846
6636
6316
2615
7409
461
1651
8036
5546
1431
47
536
7324
5097
3943
3786
7384
1608
5380
7723
1350
3668
6193
3775
184
6704
7514
5699
3776
8037
3940
326
7521
51
4935
4545
1276
3283
2990
3063
6354
4892
250
7491
2538
24
3516
6990
7384
760
5780
2356
1409
6137
6137
7533
6673
3169
7607
4680
2893
5546
3678
762
2171
6805
184
2569
7460
1696
5358
8139
770
7419
2737
7877
5314
4526
731
6886
97
857
2261
2449
3691
3055
7207
3347
5353
5465
7761
4130
6738
6532
6414
4992
8057
7687
3370
2095
5980
2324
7264
4323
4983
22
4178
1567
5687
54
6828
1327
1346
2624
3449
5439
6021
326
584
7900
1791
7805
6497
6352
5848
3977
5897
6704
5188
1741
4730
1719
6979
3629
4205
6957
6755
4083
4430
6793
6958
2024
1585
7059
7319
1830
6822
6843
7440
1049
1275
597
250
2271
1823
2815
6999
6010
1073
5425
1696
1282
3631
3350
3317
5972
3770
945
7748
1305
5991
4282
7932
1595
6706
1236
8014
5806
580
3806
6355
5743
437
4202
704
1129
3463
4665
7374
3489
6679
1833
7768
7399
847
985
5952
8129
483
52
3426
7771
5578
5958
5952
8167
2722
1440
4050
6038
6047
6997
939
450
4060
1787
2285
3195
8185
4680
1571
8185
153
7758
5358
7907
1801
2485
7675
8137
2660
7177
3011
7226
1183
1788
6668
5224
4465
857
5717
1158
6871
6369
432
5150
3284
4873
2094
7404
6348
1687
1696
107
5240
222
2213
789
1846
3865
3486
3567
6410
5664
7049
7527
1841
7243
4467
5027
2657
5487
3608
3287
1819
4436
1935
5975
3405
5451
1352
5940
2990
1844
3463
3549
2444
5585
1451
2550
7919
7644
4520
4354
3780
5261
4835
4758
2425
4099
1443
2868
1929
7315
2384
2062
7872
3860
3472
6578
2983
7547
4478
4229
2366
6842
4676
3542
6700
313
1727
6105
346
7087
306
2669
8057
1844
5054
3999
6627
3577
4716
4424
2988
1874
6065
5627
765
450
1091
6449
3389
684
5536
5450
4322
5048
250
1023
848
4430
1945
377
7662
4242
7165
3125
4286
5585
6964
2642
6989
3481
5111
7178
7882
3933
6475
1164
1345
3536
457
1719
6664
5752
4634
7160
7810
5579
3068
614
7028
2648
7916
3980
2474
5724
916
7141
6957
4527
755
796
4317
7424
3467
7650
6649
7127
2312
1599
4354
7613
5394
6460
7779
6257
4169
3733
1235
4419
4237
3445
3825
2728
4475
6724
8030
2137
4851
7720
7523
4195
1212
995
4698
3098
5274
1957
