0
0
0
9
0
12
0
1
10
0
0
0
0
0
0
0
1
0
0
0
0
0
2
5
0
0
2
0
0
0
0
3
0
0
0
0
0
0
0
0
0
0
0
0
0
0
0
0
0
0
0
0
0
0
0
0
1
1
0
0
0
0
0
0
2
0
1
0
0
0
0
1
0
0
0
0
2
0
0
0
0
0
0
0
0
1
0
0
0
0
0
0
2
0
0
0
7
0
0
0
0
0
0
0
28
2
0
5
6
7
0
0
0
0
0
3
4
0
4
5
0
3
3
1
0
1
1
0
0
0
1
1
0
1
3
0
1
0
1
1
0
0
0
0
0
1
0
1
0
0
0
0
0
1
0
0
1
1
0
0
1
1
0
0
0
0
0
0
0
0
0
0
0
0
1
0
0
1
1
0
0
0
0
0
0
0
0
0
0
1
0
6
0
0
0
0
0
0
0
0
0
0
0
0
11
4
7
5
6
3
26
4
2
1
0
2
2
17
0
1
2
11
0
0
1
0
0
0
0
1
0
1
0
0
0
0
0
0
0
0
0
0
0
0
0
0
0
0
0
0
0
0
0
10
0
0
979
6480
3775
1048
7258
1148
3688
6653
5531
3577
7494
402
4869
4291
797
2248
343
4822
3631
4812
5882
2832
5160
320
7913
7779
3969
4007
6294
802
5802
2248
1739
7235
835
4698
3416
2652
6816
6757
4751
4343
6646
1377
5251
2907
1858
678
2382
545
762
4971
6599
520
6827
3897
7235
6000
2248
320
7207
2015
1584
1988
1965
5514
1534
6393
5601
7409
4697
1708
7276
2626
314
762
1226
1738
5471
8013
2399
7478
4683
3558
1709
4491
3433
5501
6117
2998
2338
2737
4361
5576
1464
5208
1733
7148
5403
1062
7454
7388
529
1644
7150
3827
1477
1416
2948
3836
4947
3030
5820
6669
2998
4868
1961
5514
7613
1234
2380
5556
7083
5634
7670
600
2146
8047
6902
90
4340
5505
7667
68
3104
4868
6197
6699
7000
6872
3893
6400
6226
5323
5195
5017
2874
41
1337
6452
6168
851
6701
2427
1731
7082
4056
4847
3571
5629
1279
7913
3131
5251
993
2004
1718
7729
5366
1960
1695
2222
2517
1059
5907
6716
7150
381
2627
6574
5323
5496
152
7919
1417
5243
6312
4540
5555
1478
7915
3541
4729
5558
4121
3963
6816
3333
2295
314
6930
645
5088
6723
3479
2954
5052
2643
5052
1386
1474
5667
5373
6282
2399
701
4760
1898
2943
2913
143
6062
6656
5892
3588
3617
7733
7308
7323
3187
7082
3122
3330
2862
3139
3828
7062
1337
7307
3826
2098
4537
5256
7793
7047
3160
781
1922
7719
1685
1226
127
7677
6646
3776
1659
8060
2120
320
7864
3023
2945
2083
2505
4267
7563
3879
1894
8141
7624
6872
1996
7274
4433
176
7150
7840
1223
7308
562
2643
5215
6200
2472
5366
1669
1747
8009
5452
169
201
4412
3836
8163
3131
6010
762
1015
4537
6699
5124
3698
6279
362
3879
1351
3351
6191
2627
381
6433
2515
1812
4683
5195
1747
6433
1980
1738
8122
7591
5682
6363
1104
2663
353
3902
2199
5880
1914
4753
1858
3332
853
1069
594
5366
2073
1619
420
41
1708
7614
7000
7146
6484
3963
5286
2515
3880
2505
5066
6831
6400
1069
6128
2382
2135
2643
6225
7478
1914
534
2643
5474
3317
3638
7664
1018
5907
7150
5880
6787
6817
5569
785
2748
5022
4138
3105
7818
6716
6988
6332
2390
1417
4613
1292
2590
4868
3081
5987
3844
8099
3997
5354
2295
4863
5653
6555
1059
813
6757
2614
1708
277
4820
2122
1250
4467
7704
1686
1377
4473
4880
5322
381
2291
5907
1530
6214
2098
3838
2692
1766
5869
1271
1069
5726
6201
5099
1180
7346
5410
8098
5481
4535
6689
2003
2472
563
6572
3152
127
8132
3584
595
5998
2268
4134
4947
3558
2998
6653
6309
666
2407
7062
1324
6574
4906
1468
3413
4
5474
4041
6399
3479
6348
3612
4547
1351
7713
3693
3122
4243
3391
1534
358
390
3526
4450
6282
868
2073
187
2295
6192
5256
1337
2440
6400
7483
3638
6985
4267
1858
3341
4946
206
2192
3612
1681
3562
1976
5256
6322
2073
4446
6843
1534
4961
1980
5073
6661
4904
3957
6241
5479
5230
7663
2643
8117
1577
987
3023
1390
5323
6993
7314
5157
6200
3696
94
6336
2314
3987
4477
4342
5184
113
6322
2615
3682
5410
7476
3140
3223
183
7308
542
4334
435
2759
5653
1140
2652
7276
2301
4697
882
6541
5370
7058
206
7211
4844
868
3963
4248
3169
400
4960
8073
2223
6168
1644
6433
1718
7241
3677
1922
1922
3377
6723
5967
6123
4094
4746
6653
4508
3717
1230
8099
4508
2160
3958
1077
337
2723
1104
6716
3219
5505
41
840
6443
1377
8132
7003
219
4655
5251
2586
4775
4683
3048
4868
5859
4058
4540
1337
7818
4123
621
8031
1223
987
2206
2781
2353
3613
997
6317
7446
634
1206
1986
40
1624
1286
8031
6748
6568
1519
545
1176
3696
2584
783
129
5353
5184
3606
67
5551
5775
4696
1718
1782
5027
1704
1242
2453
6817
4166
976
4992
922
3401
772
5068
3659
4756
219
7131
2482
4338
1892
6386
83
6639
5099
7628
1095
3235
3073
6112
5775
267
4697
4697
7502
7276
2001
5174
5466
6433
347
447
2584
558
6442
3420
7388
410
2867
3372
3122
7388
3353
98
6738
1291
2357
692
1616
3974
2268
7843
4844
3566
3778
1377
2004
3566
7787
2184
7165
2541
6921
2627
5907
3606
3914
7045
7289
1377
244
4123
81
2397
7432
3258
7445
2485
3696
4227
6398
4868
5471
2005
5361
7743
6748
3122
2365
1416
6162
7812
2759
2545
5505
2440
3104
7159
941
2135
100
2476
127
3963
2809
5430
1892
2007
5873
6344
4585
1594
6872
6163
856
269
5775
2637
4449
4563
6429
7113
3122
6158
2301
2251
6557
2708
4713
6790
4289
7534
6227
2987
4198
4606
7679
744
10
5569
1685
6599
2781
4119
997
6172
1501
4680
6484
7713
7647
1439
7139
1930
3082
4641
2129
2650
7467
2867
4435
7714
5320
5115
450
6104
6593
8100
6417
4702
7903
4775
780
3548
4946
450
744
7446
2627
3327
4484
3824
5774
1802
6817
353
3266
1083
3770
2482
5361
1119
3696
2274
6433
3734
4359
2907
7448
5353
7405
2531
7367
2913
6638
314
7117
3055
1160
7570
133
603
7605
7000
3963
1644
1685
1051
6150
7388
1347
6176
1070
4323
2633
6282
8032
1140
421
5890
2545
6399
3490
5244
5655
4121
4624
5799
6411
7240
3848
254
5627
3466
159
6282
2472
706
695
885
6784
1619
607
4939
2893
6975
7282
5774
130
2271
2051
1020
7467
5591
6677
6042
110
7308
1616
7542
5166
4950
61
5587
4533
2271
5268
4838
4271
4697
1611
757
7193
562
4435
2261
7522
1978
6705
5843
2411
7613
6271
4784
1786
4224
3600
4701
7345
4189
2427
5833
7617
4329
671
2975
4099
2500
7463
1502
2346
5627
2754
6336
2472
6282
7916
2411
3155
1600
5874
215
6053
5019
1232
5664
4718
3291
1105
4689
5531
945
7453
7823
3092
1245
2907
649
411
4237
5476
6147
959
255
217
1569
81
3902
1801
2066
575
1688
2961
764
7223
5165
