0
0
0
10
1
1
0
2
7
2
0
0
0
0
0
1
0
0
0
0
0
5
10
2
0
0
1
0
0
0
1
1
0
0
0
1
0
0
0
0
0
0
0
0
0
0
0
0
0
0
0
0
0
0
1
1
0
1
0
0
0
0
0
0
3
0
1
0
0
0
0
0
0
0
0
0
0
1
0
2
0
0
0
0
0
1
0
0
0
0
0
0
1
0
0
0
3
0
0
0
0
0
0
0
26
2
0
10
4
9
0
0
0
0
0
1
1
0
0
2
2
0
4
2
0
0
0
0
1
2
1
1
1
1
1
0
0
0
0
1
0
0
1
0
0
0
0
0
2
0
1
0
1
1
1
1
1
1
0
0
1
0
2
1
0
0
0
0
1
0
0
0
0
0
0
0
0
0
0
0
0
0
0
0
0
0
0
0
0
1
0
10
0
0
0
0
0
0
0
0
0
0
0
0
10
4
6
3
4
0
29
2
3
2
4
2
3
18
1
2
1
10
1
0
0
2
0
0
0
1
0
0
0
0
0
0
0
0
0
0
0
0
0
0
0
0
0
0
0
0
0
0
0
10
0
0
6714
5465
7758
6408
3482
3714
770
2366
7258
2004
4360
687
929
1628
3779
7496
8074
6270
476
1695
7875
3366
7934
7483
2175
4205
2986
1315
830
803
2511
350
7628
2655
5478
6561
458
5726
3508
703
3125
5980
2291
7657
6301
5462
6754
8054
5240
8037
1604
1741
5246
1515
794
1013
3447
1817
6002
5535
5421
7998
4696
4527
2578
4196
1330
1070
1797
3317
73
4373
4620
3634
5927
3192
3629
3871
2448
2770
1525
5
264
377
6092
1079
7438
4388
8071
5392
1944
3455
118
5284
2427
1525
7598
1193
6348
1797
6208
4562
422
6270
1229
2431
1572
7799
8055
5486
6090
1461
3672
830
1914
4958
6266
995
5634
1604
8183
3887
2796
580
6793
3183
2893
5151
4384
7367
7111
7375
6657
658
4401
6958
2197
7460
8091
5188
4239
8009
7656
8185
7456
3011
188
4148
3886
1659
7232
7212
3221
2291
4129
1402
7847
2352
1525
745
1107
306
7137
3652
1173
1058
4903
5987
745
5940
995
7799
4396
3486
5274
7521
6873
4780
799
396
942
1302
5910
995
4686
118
1545
1531
7919
3282
1612
4790
4872
8084
5238
2285
6982
8011
7005
2148
3567
1086
7804
1930
7617
1087
3593
2770
5865
715
7292
1673
5282
8147
5821
4021
2434
5240
1741
1945
1852
3541
6104
1551
425
8025
2676
1550
68
6723
2250
5151
3076
277
8084
3692
5458
678
7142
498
8147
7514
4769
6951
5261
3865
3865
5358
1727
2431
4495
5591
2868
5984
5288
6053
1947
5326
138
1769
6951
7460
3865
3069
1305
7847
7460
8185
1058
5240
7146
107
5897
5440
7975
2982
3757
4360
3221
4052
4983
236
1063
2062
7622
2112
4350
3487
7061
7418
6012
1333
6482
6224
22
1229
8147
5353
107
8149
1528
6979
1079
3283
648
7646
237
794
2052
5981
7412
2730
3030
3013
680
4192
3843
4530
1082
2009
80
7805
1778
590
211
1250
1884
7370
7875
7361
4360
3397
3749
7644
8147
2342
7521
646
4676
2893
755
3327
1582
367
3759
2464
421
7240
885
6219
503
7764
5494
3908
1576
5129
4614
2986
7046
6277
5299
3476
2750
381
5797
5670
4649
107
7456
3757
4676
3567
2792
3567
6269
6621
2663
4880
4372
4685
7995
6147
1088
4835
7568
2347
5187
6069
3911
6000
3290
2918
7545
5857
6571
4286
5797
3169
5866
7329
3221
2052
6080
5940
6596
3183
8100
7257
2877
6041
7911
5580
491
7627
754
7420
5724
817
1415
7297
7953
5567
389
4758
5171
5487
6510
3135
771
6567
1060
7264
2770
256
4440
2094
5240
1013
4527
5407
2655
3783
6899
3676
6554
7210
6006
7362
7497
2520
4634
7976
1589
1137
4099
2892
308
6677
916
7188
1513
5997
2796
7901
2579
794
4327
7147
5059
7460
5274
7066
1398
3631
8073
879
261
7256
4347
1088
538
825
4475
7313
3642
1522
1615
8167
5277
3420
3304
1289
338
6787
2655
6202
1896
4501
431
2541
4360
7317
6655
1332
5748
6295
3203
920
3233
1690
2211
752
2421
5277
1209
2835
5641
4286
6320
4114
2424
5436
6089
7728
6046
4430
5940
6825
3193
5921
1248
4600
4916
2411
6203
4270
742
7337
6695
899
3457
6353
2130
3763
254
30
3577
4756
1545
6284
3807
2405
7223
3084
3481
2050
68
830
995
1259
160
8109
4803
2858
5382
2796
3185
5531
4501
1495
5876
6822
568
3469
7714
7480
6307
2869
7257
3990
4693
6530
358
1309
8025
3572
865
3356
6755
7787
89
1360
3680
5262
7602
5151
2706
7749
440
4816
403
4236
972
7188
5063
4948
5303
218
2860
5772
1212
2311
6272
3688
505
6721
4478
6571
7888
4430
1628
7737
7548
6150
755
406
1694
2431
176
1489
1777
4292
7149
1140
4849
7049
5427
5653
4597
5306
7917
2669
7323
1957
3183
7716
7349
2213
2032
7984
6045
7758
5085
4432
2639
985
6979
7799
5944
2519
7212
4231
5402
1428
2251
3118
1878
7068
3803
6043
2528
5895
2638
6766
6596
4083
1030
2634
7430
6326
7263
1654
4212
707
910
7022
4124
3360
2904
3749
7381
709
7306
7438
1402
4099
6555
6743
4554
4263
2072
4488
4488
2984
5024
3511
3883
523
5455
1560
7197
7355
7264
4512
8005
7907
3976
4082
7702
7807
2564
3595
5358
1628
3829
2027
4018
6123
326
1353
923
3133
5440
652
8136
4983
1448
5725
1223
6538
7950
3616
5497
1083
7532
1973
2198
7523
216
4221
5935
5139
5409
2094
2213
4180
1483
26
7650
7483
6299
757
1030
1704
106
3738
5211
1629
5798
6417
5798
3729
3030
5682
3894
2448
5421
5868
7183
3275
3977
4750
313
6736
6825
4621
4836
4024
7804
1208
3470
2368
168
7703
4231
339
4902
5331
7668
2153
1550
3610
7901
3766
181
2933
3939
8076
7425
7259
6348
5585
3141
6352
71
4676
216
4752
6762
7317
4983
1162
7973
6287
4787
6260
4252
5597
4901
5610
86
1166
6209
3488
6125
2020
1654
118
8057
4696
7762
6534
5258
4159
847
3865
6854
2738
6862
505
6485
5261
2893
667
2525
962
3456
4982
86
544
804
86
4500
56
1730
1578
6398
4929
3289
5455
826
7265
706
2227
703
5328
7805
7602
4752
5083
3221
7931
1229
3011
6091
4663
1677
3794
3195
3511
1214
6666
2921
1412
233
1303
4676
4132
3221
4446
7748
3198
1604
5952
4218
6214
3046
1905
3283
2874
3622
5995
3053
350
4637
687
1608
6361
3035
6944
6513
3142
883
5180
3243
2681
3719
689
1332
287
2769
2943
4204
57
79
1604
5978
2303
32
1323
2706
4373
7264
71
5373
2011
7381
4752
6891
1499
3718
4500
6647
6763
287
2018
4871
7352
1332
7293
505
6325
3466
643
3526
47
1788
4088
5692
7012
2686
1305
1477
4199
5236
7507
1556
8115
6854
7101
4041
7891
6840
287
1451
6240
8052
4875
2568
7433
694
7511
2059
1158
7015
3503
1468
6540
6583
6767
5527
5950
26
5288
5882
6540
1346
6253
5203
6901
4724
4671
2814
7091
839
3873
4871
6570
6157
305
2350
8063
2413
1557
