0
0
0
10
0
4
0
1
10
0
3
2
2
0
0
0
3
1
0
0
0
0
7
3
0
0
3
1
0
0
1
0
0
0
0
0
0
0
0
0
0
0
0
0
0
0
0
0
0
0
0
0
0
0
0
0
2
0
0
0
0
0
0
0
2
1
0
1
0
0
0
0
0
0
0
0
0
0
0
0
0
0
0
0
0
0
1
0
0
0
1
0
4
0
0
0
7
1
0
0
0
0
0
0
21
0
0
5
2
6
0
0
0
0
0
0
4
0
1
3
3
1
3
1
0
0
0
0
2
0
2
1
0
0
2
0
0
1
0
0
0
1
0
0
0
0
1
0
1
0
0
0
0
0
0
0
0
1
0
0
0
0
0
2
1
0
1
2
1
0
0
0
0
0
1
0
1
1
0
0
0
0
0
0
0
0
0
0
0
1
0
7
0
1
0
0
0
0
0
0
0
0
0
0
8
2
4
2
2
4
22
8
0
2
3
2
0
17
1
2
1
13
0
0
2
0
3
0
0
1
0
1
0
0
0
0
0
0
0
0
0
0
0
0
0
0
0
0
0
0
0
0
0
10
0
0
5975
6850
4949
4346
5689
4920
155
8135
2696
2315
6355
7039
1970
7788
1786
3732
803
7473
736
3893
5176
1935
4948
6176
249
5825
1614
8120
8141
5255
3432
3443
5595
6165
2441
533
4877
7467
2248
432
7255
7327
6031
5301
5350
3455
4017
210
157
6656
7377
3671
54
5691
1014
4621
4521
61
61
8023
7121
263
6906
1057
3244
2922
4689
6681
8143
5715
7739
4160
4274
3715
1620
673
715
3358
8021
705
2013
7924
2512
5171
5751
5024
4467
6365
4472
4448
7995
249
5745
70
179
5192
191
7882
702
1768
5384
2635
4056
8103
6281
3440
6761
4885
2802
4329
708
1600
4887
1900
4604
5567
7227
1003
3196
4415
6475
5671
5122
7655
5358
2305
6657
4450
1415
3405
2762
3301
2479
5810
8023
2217
4516
448
5933
5975
4491
2661
7040
448
5627
650
4824
3645
3642
5739
3077
1046
678
5310
91
3651
5364
3997
6605
3848
3909
1048
5277
1596
3161
932
7279
2002
6183
5620
4585
1669
2916
763
7997
1441
1048
1157
736
2306
5065
6228
4070
7821
4839
4677
2679
5232
3667
6247
5745
2557
727
5611
5402
7207
2690
4796
2217
568
2672
6583
5051
492
1224
3610
4413
5933
3051
169
4911
1163
7359
5307
7507
842
6722
7121
8048
1048
996
1084
6139
3908
7227
6116
3443
6889
3722
3469
2515
358
2023
1401
2949
2266
5017
7293
927
4047
3336
959
1441
6000
932
2095
3606
5933
4639
4634
1217
6928
2196
1709
1699
5027
3647
2270
6864
1896
8174
5786
3859
1357
3232
89
3452
1435
7934
7523
5306
2352
2419
5171
8048
4504
1584
5332
6361
6622
2376
5764
6947
7726
7108
5627
702
4497
5748
1894
8120
3315
8072
4662
3452
2634
3795
1784
3452
3011
1435
1360
755
1326
1728
7698
7621
6827
5364
5419
932
3262
2426
6498
3719
4154
1286
7860
5095
6685
2908
1687
7667
7875
2284
5145
6189
1686
1615
3029
2675
6189
6284
1037
556
3836
762
4221
5017
4167
5933
297
3284
3899
4830
486
5731
6411
3460
7861
8119
7575
3030
2770
1968
7907
374
4710
5145
2569
5146
6761
4777
1100
4448
4317
6498
2251
5103
5809
5366
6525
2908
2354
6674
1453
5898
3423
5654
2429
2271
2272
1114
5292
1802
68
1548
5772
5314
1607
5382
6737
4229
3909
896
7548
6233
6746
6150
7060
3717
2231
1695
2382
57
3611
5041
1137
4521
3992
7816
7518
8023
1716
328
5933
6063
7711
1980
4625
5520
1133
211
7297
783
1284
6482
4880
5746
3326
5306
4957
4446
2574
7414
6309
222
6837
1840
1857
6876
6473
5118
4069
5627
7933
3599
6522
4819
4946
4980
22
4363
1037
4442
260
536
170
4707
7806
6545
6864
5786
5834
2733
3566
6116
1707
1297
3442
1126
3129
1512
1598
714
3576
102
4275
5896
2663
516
1233
790
2749
1283
7829
6350
2663
4937
6060
4685
450
3503
7994
3343
3879
5385
6591
3829
4006
2583
4983
6525
3842
471
1534
5411
550
7640
3750
1598
1798
1451
2220
2722
4868
8062
6296
51
1147
6378
1106
7340
5741
3022
2130
1761
2020
7879
2167
4478
2039
4221
6132
4983
2991
1030
1129
2166
4763
6720
8151
2101
7507
787
1578
2818
4855
5256
3327
1757
7276
1657
1622
3776
1628
8074
4175
4796
6837
68
1741
6623
1748
7903
7261
6411
818
4359
4017
7882
2118
521
1709
7362
7887
1077
6090
8120
1145
1911
1297
6322
3820
285
5052
929
3251
4868
1050
369
5278
6755
1145
1761
3957
7123
6998
2558
6156
3392
6600
3469
2560
5059
7911
8034
482
2579
7879
6618
2094
2382
4752
371
291
850
6676
2770
7991
3203
1436
35
4340
2625
2508
2738
41
5935
4085
7980
6445
4755
3588
4759
3775
5615
3338
5482
725
6757
1858
152
1687
3606
2392
4306
7701
89
5379
3327
1652
1695
7634
4340
7028
3443
2921
171
8070
6300
2957
4441
2491
6488
531
7070
501
6078
5598
933
4578
278
5971
443
1247
5328
6652
4373
3606
6950
5389
603
3114
3135
638
2177
6735
6041
6914
694
1059
3327
4149
1124
1971
3162
5143
7491
2722
4504
1680
2648
4359
7478
1359
5366
362
5820
6767
3247
5389
7798
1609
3203
5624
4983
2625
6500
3092
254
7229
3836
6999
7733
7562
2648
2938
5965
475
39
5149
3391
1907
3403
2498
135
7346
733
315
7534
1695
880
3101
6082
1530
516
3759
3131
3836
1905
6371
5791
932
7777
1297
6745
7815
508
7662
6262
7902
5020
5496
5034
4426
7788
6963
22
2020
1416
6714
3657
1104
3828
3836
5364
3811
3836
3659
1847
51
4855
1279
4291
2531
7781
3643
6962
603
1893
695
7902
7399
1523
3885
6357
3443
7587
8151
1474
6687
5027
3943
7370
6172
7569
4855
744
2470
7329
1623
2412
8168
4306
7497
5220
7798
4623
7389
7068
3839
2285
2411
2309
280
7823
7333
7642
8187
1345
8103
1474
4967
237
2268
3717
7818
4208
6994
8103
2916
2262
168
865
3788
4149
35
1534
2271
729
7205
2398
7318
2916
7380
2229
332
7575
3506
8159
5982
811
4600
2352
2726
4692
4151
3657
1347
2749
2448
684
2271
690
67
7738
3371
1280
7205
4605
5272
3835
6243
2002
215
7039
1453
7594
4251
6176
1287
1534
6041
5896
568
1899
4753
725
772
6486
7714
4131
7931
2686
5403
6215
6426
3652
3714
2405
4367
7851
7015
2826
3642
1270
7190
6262
4479
5143
5920
3444
7745
1589
765
2761
4017
7494
4604
6735
5874
2621
5007
7213
2507
7269
5403
3481
7569
1613
4016
1201
7289
7167
6686
7296
1746
3741
4535
2487
5791
5567
4900
1265
3676
6829
1
12
8021
5283
2713
7642
783
7857
1662
3057
7492
7269
4759
6321
2771
7545
3584
47
6297
7398
1821
5107
280
6117
2002
3923
1514
7995
1494
6691
5890
4361
2752
7244
6776
845
3686
6346
2560
4224
4074
7028
1600
3055
3469
5791
1157
5322
1595
6265
1009
4933
3732
6651
6475
1411
2318
1411
5893
6203
4759
109
1200
5997
2408
7040
4291
