0
0
0
9
0
1
0
2
10
1
5
2
0
0
0
0
2
0
0
0
0
0
8
5
0
0
2
4
0
0
0
0
0
0
0
1
0
0
0
0
0
0
0
0
0
0
0
0
0
0
0
0
0
0
0
0
1
0
0
0
0
0
0
0
1
0
1
1
0
0
0
0
0
0
1
0
0
0
0
0
1
0
0
0
0
0
0
0
0
0
0
0
1
0
0
1
6
0
0
0
0
0
0
0
21
3
0
10
7
3
0
0
0
0
0
0
1
0
3
5
1
3
7
0
0
0
0
0
0
1
0
0
0
0
1
0
1
3
0
0
0
0
0
0
0
0
0
0
4
1
0
0
0
0
0
0
1
0
1
0
0
0
0
0
0
0
1
0
0
0
0
1
0
0
0
0
0
1
1
0
0
1
0
0
0
0
0
0
1
5
0
10
0
0
0
0
0
0
0
0
0
1
0
0
9
4
8
3
2
0
24
0
2
1
3
1
3
18
1
1
2
11
0
1
1
5
0
0
0
1
0
3
0
0
0
0
0
0
0
0
0
0
0
0
0
0
0
0
0
0
0
0
0
10
0
0
3454
5066
1852
721
4841
2150
2104
6700
2835
4164
1593
3475
5874
5579
5172
4175
3051
4707
4651
7505
3575
7028
1957
5802
6227
2513
4526
5408
1309
4525
4514
1220
3304
3180
4559
2999
4708
3969
3191
5982
7901
7149
368
4174
1081
5043
4251
5102
5095
765
4329
7887
2672
2308
1593
6980
4164
3667
785
435
2717
4822
7546
6499
6592
4668
640
6808
4194
2152
2479
5874
400
8047
2713
3530
1467
1698
7411
7546
4533
5118
4365
4194
6222
8048
1823
4812
1664
4037
3413
4640
3515
5273
7405
4140
2238
990
5050
7253
1669
1467
5268
2949
3849
3643
7691
1864
5434
2677
3419
1973
4472
7332
559
6759
3445
7827
3706
5650
3676
7867
3012
5257
2462
3077
7679
4502
4655
7194
5840
7893
5055
4948
6535
1554
2464
4727
1752
2123
5708
7901
33
1632
1337
7001
6011
3022
1606
7029
7389
3292
7053
758
7682
3074
2778
2377
5748
590
7303
2856
5705
2265
135
3159
7901
1732
217
358
5334
6437
2066
6369
2922
7257
6805
6890
2597
5224
3020
6059
4347
7675
7518
7029
6508
5403
4846
1401
210
7722
491
2810
4011
1485
7968
20
393
5945
2698
6973
925
1024
5222
2654
5187
2356
505
4360
6561
8167
227
6128
4211
7966
1040
3326
6980
39
4604
1713
7398
6243
187
990
2727
4857
4448
3733
4874
5038
3348
1062
7781
7782
6724
6183
2369
7963
709
5917
5585
152
5049
2955
5673
1742
686
3084
2411
5375
6972
3914
2854
5063
3259
5363
5537
6522
5579
4716
2573
2915
7950
7051
5915
2446
6756
6996
5982
6963
6194
7159
4665
5815
1528
6928
1628
740
3886
340
5997
123
4906
4027
5361
4303
2208
959
4340
6262
4562
5647
241
2672
4890
5539
7562
7346
724
5147
6791
2165
1384
6999
6400
6305
4388
2427
6601
1886
167
4364
6912
7982
1675
2810
5998
8010
3576
6588
1836
5227
4264
1965
6242
6690
1879
5252
2991
4360
3881
7174
1326
5916
3353
2232
4662
5118
8046
1338
4576
2955
5299
5728
92
6132
3044
2560
3416
3666
4578
3570
7134
7573
2379
3702
7014
3828
4678
3531
3397
7771
2990
3215
6270
6957
358
4659
1435
2856
1971
6948
6999
2991
7101
7487
5894
7101
1914
287
753
2279
7584
6877
1295
1823
1049
1581
1431
7536
1902
7233
6352
794
809
7334
8074
6430
6263
7192
8046
5682
715
2186
1659
6596
1288
1
2318
3289
6627
4755
3927
4061
3060
1658
7250
6284
5690
797
5654
5112
2339
6348
3432
6822
7919
2792
7942
5172
5145
2715
4319
536
2553
8073
1073
6557
7683
5144
7430
2750
3254
4274
4270
6183
3482
3532
2999
7494
1163
5739
4029
3795
2690
5847
67
5274
2427
1692
7306
626
2499
8073
358
737
6457
6501
7910
5174
7046
2982
6418
8005
7257
2734
4367
1232
2015
2854
3986
5149
651
5873
7733
2893
1911
4282
5065
5052
5231
4789
2600
6244
5730
4809
214
260
14
536
2560
3351
4814
7534
3821
1788
1986
8027
2213
5406
5857
3706
3119
4763
3384
6783
5240
2847
7306
3032
723
5873
3446
6551
7095
7644
2448
2370
2764
6320
7205
5921
7945
6322
1548
6930
6500
2889
5440
569
562
481
1027
3132
3510
2591
2214
7033
4697
6125
4058
7257
5240
8057
3593
1528
2368
7146
8018
7438
1833
3755
7259
17
3226
6214
4750
3836
5556
1633
7453
2104
270
7480
795
1062
3875
6737
2805
6971
3537
6930
5617
2733
7409
4360
2428
7645
5383
1687
152
1229
67
5777
7449
3282
7540
6010
1898
6557
7257
4611
2277
5537
30
6159
7033
7886
3007
1890
1539
2376
4158
1491
889
680
7181
2299
7806
6336
3387
2178
4663
6692
3776
8122
956
6825
2039
8185
2660
6057
1938
6045
3657
1817
4849
5292
5547
4628
6724
6137
3586
4618
469
1062
4383
3613
1228
2483
261
6523
162
2912
6971
1013
7480
3282
5940
755
629
1628
2011
826
217
4742
1323
7430
8001
5470
3098
75
4489
1768
727
7188
1220
5840
3311
217
5112
1029
3403
794
3483
3875
2655
5591
5151
8067
1461
7346
7367
7476
2021
1104
2897
5077
3717
794
5408
971
6393
327
5183
1220
156
3795
3271
4609
6895
6128
2002
6104
1837
4939
7716
1628
956
2217
4258
2870
7988
7446
6971
5260
809
4515
6523
189
2133
694
1489
5288
2165
6843
743
3244
1027
1803
1620
1046
492
5595
6002
4128
7847
35
30
2669
5124
4977
3356
6689
1328
4000
7257
459
4724
7400
67
2897
1513
143
1903
1582
6552
1443
3835
3503
831
6313
1979
1600
8138
2560
4721
2955
3599
1767
7101
5392
6164
7793
1525
6380
6486
1259
3836
2291
1788
2921
4435
648
1896
7956
4578
2291
1302
7442
5715
4340
7753
527
3642
2130
978
4069
7147
4150
4492
4852
7562
1451
3052
6965
2434
4733
4980
6010
2665
5968
2973
868
4661
6194
2256
4504
4099
2684
2272
7427
6440
227
3134
6737
237
5715
6069
5230
4525
5107
1538
6441
5698
4899
575
6755
3238
4236
8185
523
772
5564
4855
1620
2158
7396
2396
4812
4634
5222
7588
2165
7227
6824
5689
3406
1009
3443
1767
731
7642
1613
6756
1333
5911
2610
2934
2900
5586
7570
3019
7814
7798
6581
1728
1997
1023
4096
7344
139
8021
2654
6167
7482
4568
4628
4319
3021
3754
3790
7497
3960
6215
6759
7034
3548
4472
4578
5343
6140
4944
1999
183
3743
1067
5801
6742
369
4700
6545
3435
7093
5107
5191
2825
2459
1607
2444
4864
2209
4292
4273
2483
731
250
6353
7827
615
3084
3747
7798
3326
5245
1062
4472
26
7269
1441
2418
1021
5382
2166
686
4319
1406
2934
4534
7722
974
2303
4237
3358
2975
5730
3469
6789
6724
3911
7229
7180
4070
6656
4735
6824
1836
7230
1600
3480
5810
5168
8075
4294
5802
3460
1664
4280
6356
2650
8075
933
1361
3427
1830
2166
5647
435
2894
3432
6322
2708
5168
2339
6600
7029
1576
4618
7269
6141
6438
3229
1467
6660
6958
7408
3886
7243
1775
651
4381
851
