0
0
0
10
0
3
0
2
9
2
0
3
2
1
0
0
0
3
0
0
0
0
4
2
0
0
2
1
0
0
0
2
0
0
0
0
0
0
2
0
0
0
0
0
0
0
0
0
0
0
0
0
0
0
1
1
2
2
0
0
0
0
0
0
3
0
1
0
0
1
2
0
0
1
0
0
0
1
0
0
0
0
0
0
0
0
1
0
0
0
1
0
5
0
0
0
8
0
0
0
0
0
0
0
23
2
0
8
4
4
0
0
0
0
0
0
8
0
1
2
2
2
4
2
0
2
0
0
3
0
3
0
2
0
0
0
0
1
0
0
0
0
0
0
0
0
4
0
2
0
0
1
0
1
0
1
0
1
0
0
0
0
1
0
0
0
0
2
2
0
1
0
0
0
0
0
0
1
0
0
0
0
1
0
0
0
0
0
0
3
0
7
0
0
0
0
0
0
0
0
0
0
0
0
11
9
7
6
5
5
28
8
3
4
4
4
0
14
0
0
1
16
0
0
1
1
0
0
0
1
0
0
0
0
0
0
0
0
0
0
0
0
0
0
0
0
0
0
0
0
0
0
0
10
0
0
6627
2993
1924
7426
2393
2579
2498
1556
1601
2726
3788
7886
5301
6319
3155
4292
5339
3348
8004
836
1299
1246
6668
4198
1981
471
3493
6650
1865
1173
5766
1245
5074
7307
3535
4814
6256
7326
2625
38
1848
1093
2917
4409
1081
7489
546
2752
1081
4807
7129
7760
3535
7815
6139
2207
487
6359
5046
3788
902
2805
7574
2682
7246
4291
568
2303
4835
5495
4238
6937
6667
7292
5225
1796
5737
6594
2765
539
4024
3231
173
2095
1246
6397
6307
6033
2201
3843
4311
824
5832
6600
6675
3385
4796
2327
6820
5531
3706
7148
1312
4651
7722
5292
1931
421
4236
2411
3541
7344
4950
6041
4609
2629
1331
5833
574
1296
3557
1465
6134
6478
1800
2698
7846
5263
8133
8116
3515
2283
4187
715
6147
4847
4174
1639
4593
7788
5411
8039
5175
6226
2967
492
777
6820
2731
2466
1217
3720
1279
5292
7380
6708
4628
6041
5077
6791
7839
2430
1940
3259
6610
978
2539
6797
5704
986
3392
2843
4436
6374
218
2900
550
4311
7275
3782
7499
7078
4625
2127
5790
6406
3804
3267
6237
6131
2365
541
7119
8066
8105
3842
1848
5647
1136
4948
2740
5303
881
3259
7935
3238
11
6649
4119
7166
4802
2859
7656
4759
6419
1286
4562
7568
3722
3233
665
1666
5352
4349
7119
2683
471
5824
5757
967
5749
7767
501
7410
3674
3769
7089
2076
1073
3232
894
6979
3854
3987
6022
3702
3036
3472
2189
2278
156
5315
5681
3608
7383
2548
1940
5096
7938
7122
2810
967
7950
2935
5688
4405
3674
753
2076
680
4618
740
6761
3010
3557
4624
618
7188
4154
6777
6820
3843
5682
3674
5306
1336
6685
5227
5043
4051
5688
665
6394
6257
6422
3241
5601
3233
8142
566
1075
5945
7884
389
7093
250
7294
5829
743
6988
3324
2219
988
1402
4080
2498
4215
5348
6932
5227
6823
6605
2829
4318
2207
5078
2004
4885
7591
3385
6434
806
2892
421
7484
6135
4317
7615
2489
853
2248
6614
4640
4918
1641
2270
142
1260
7757
5068
1947
5227
295
7557
3805
5227
2505
7203
3301
2462
2843
1014
6692
1569
6485
7604
725
3844
7916
1107
6519
253
2748
5587
1246
3229
6249
3151
7727
4138
1556
5301
8066
853
987
5745
1951
7401
2859
4228
4604
3715
6972
4126
3879
5299
505
1451
7548
2658
4730
7212
7931
1930
1258
7547
5918
1940
3367
4503
882
3061
7216
708
5346
2548
7064
6758
5704
3922
5717
1430
1249
1940
1329
7045
4682
3866
2990
6930
5091
4527
3048
7899
6930
6160
5683
5806
2028
7436
1709
426
7966
5876
6237
5501
4051
2975
5890
448
6248
852
512
3393
7314
6998
3152
5017
655
2094
6048
1687
4947
459
4617
7465
6723
4432
856
1710
2221
117
6351
2531
1785
5876
5278
2460
773
4614
987
6419
7097
7210
3899
565
3811
4084
216
313
5908
7683
3131
1687
7409
6692
927
505
7981
6930
4844
5683
3104
6795
5159
3462
2905
2757
2013
5919
5122
1287
3868
1609
5090
7193
7206
2444
3398
4613
646
523
381
6692
7875
2750
2427
709
1652
6692
6305
1528
1462
41
7073
7264
7211
2782
1536
3061
4392
3645
4807
3161
7559
4731
2178
2229
7426
7030
3902
6057
313
6723
7735
1378
4221
1462
3776
4369
8070
2291
4946
1687
6687
137
1687
2908
5553
3570
5405
4807
931
91
817
4343
1308
7618
1043
5485
5485
4070
3083
3411
4430
755
4042
4715
1358
4210
2197
7367
152
794
2052
1451
5240
4758
7527
2769
3639
7216
2591
8142
3609
1810
4169
1287
1775
1589
6626
3974
1699
1308
1308
2308
5252
624
2870
1545
2546
354
5311
5482
3945
7629
7928
2908
7735
7845
1012
7482
5350
881
6955
4807
6823
7169
4159
6464
5003
4110
1578
7315
244
6410
6877
1164
3475
2810
4154
7230
1220
3247
2585
1620
6146
2705
124
3820
6862
8135
5183
2002
5368
3377
1169
3493
2189
6317
6435
5035
1511
6040
6425
4108
2930
2619
6797
4171
2316
1062
6788
1842
6330
5012
783
2459
7775
2782
3267
3642
4125
569
2782
7980
5259
3241
7803
719
3180
2167
7265
7090
1319
531
4570
5206
1466
7611
4449
453
1094
2467
1481
2628
5339
3385
1824
3589
6811
4296
4292
1319
6021
1548
5534
7180
3144
7537
5862
4900
3683
3899
3772
6464
7061
6000
2654
1689
432
7611
6464
2189
127
7254
6695
1785
3896
8061
1824
4266
6802
2954
5156
1775
1136
2813
1027
8128
587
6144
731
4710
1823
7524
4387
7090
1940
266
3471
6613
462
7307
3259
1147
4271
179
3566
1078
6777
6107
5112
1677
1570
3398
6871
4492
1121
7571
802
3301
2523
6880
1530
6119
8128
6806
7499
4975
4595
5985
1878
2791
4839
824
3259
5096
7852
2166
958
367
419
1254
3747
6120
2920
5870
3155
8151
5832
8163
320
1397
5007
1140
6804
6489
7679
419
4822
7090
4737
5034
1114
6433
4325
6340
3152
1141
7811
963
6120
829
7191
7831
5112
3713
4407
4407
4623
1775
790
305
7902
4606
5378
7933
3262
3726
8021
7881
7265
5390
2753
2491
6198
2637
7914
1537
2933
1476
6458
756
6137
2229
1345
5344
845
3761
2444
1506
3191
3333
5097
479
4426
3960
5681
2859
6419
8145
4416
5016
738
1706
5075
7507
7584
6685
2979
336
7079
1689
5577
5653
5442
6627
7060
4780
3682
7206
5417
6913
4295
4215
7861
2624
2834
7265
777
5832
6351
4306
6680
5394
5840
4900
6615
3570
7034
2538
4489
97
6517
145
2753
5252
7778
5422
8109
5743
744
4410
3580
7314
2252
6764
1896
2479
7817
394
1699
5485
3651
1988
5475
4900
2854
7901
1466
5790
5369
7250
6929
1520
7633
3975
6304
516
462
5920
1924
415
5748
4087
8047
6226
2825
2413
6034
4070
5038
1043
432
3790
4759
7643
2130
8023
4160
1958
2560
3747
217
3245
7106
6183
4836
6185
666
209
4707
3304
3318
310
6877
1212
5346
6288
1275
6219
1699
7882
1680
4303
2768
6093
988
6272
5947
6246
4691
6802
