0
0
0
10
2
4
0
2
9
1
0
1
0
0
0
0
0
0
0
0
0
0
4
4
0
0
1
0
0
0
1
0
0
0
0
0
0
0
1
0
0
0
0
0
0
0
0
0
0
0
0
0
0
0
0
0
3
0
0
0
0
0
0
0
5
0
1
0
0
0
1
1
0
0
1
0
0
1
0
1
0
0
0
0
0
0
0
0
0
0
0
0
4
1
0
0
6
1
0
0
0
0
0
0
22
0
0
8
7
4
0
0
0
0
0
2
3
0
4
4
0
3
4
1
0
1
0
0
2
0
4
2
0
0
0
0
0
0
0
1
0
0
0
0
0
0
3
0
2
0
0
0
0
0
0
0
0
1
0
2
4
0
0
0
0
0
0
4
0
0
0
0
0
0
0
0
0
0
0
0
1
0
0
0
0
0
0
0
0
1
0
9
0
0
0
0
0
0
0
0
0
0
0
0
11
6
9
2
4
3
26
9
0
0
3
3
1
13
0
0
0
16
0
0
1
1
0
0
0
1
0
1
0
0
0
0
0
0
0
0
0
0
0
0
0
0
0
0
0
0
0
0
0
10
0
0
7011
4707
3631
5346
5406
4209
1971
457
4824
1395
5276
2986
8155
1934
4329
5232
3647
6926
2630
5514
2166
3571
4017
2601
1331
116
4771
7258
5079
979
845
1767
3772
4004
4089
6735
3793
102
5322
7258
6839
4310
7592
738
2713
7902
2557
341
4022
4594
14
5739
684
5024
2358
2894
5566
3298
3184
2489
3326
450
857
1048
6035
2002
7497
4880
899
5890
6474
2934
1570
5335
2402
1566
5780
5234
659
3492
1428
1037
5226
3475
4017
47
7545
4255
925
2418
4521
1962
2260
4542
1600
30
2271
7882
5314
5766
3401
7451
3153
4356
3314
4152
4011
1539
3068
7467
5684
1440
4781
7985
4856
2219
5112
3564
4053
7143
7911
4413
2863
807
1
5403
722
2119
4708
3793
6906
3326
2690
1595
3134
3264
209
3120
7997
7593
1209
437
3223
5647
3361
5669
1633
5225
7808
7005
1613
1220
3617
5086
3096
14
2358
2459
1697
4858
2903
883
4059
8116
4626
2127
788
3000
2009
5332
4426
7941
2851
4575
5019
5998
7138
4308
2985
7603
636
3978
33
850
7452
6154
728
1105
2464
3720
3795
4160
7276
5422
7497
2299
933
5945
4478
6397
5357
2462
1395
4491
5902
2560
5063
437
6926
6535
1145
5111
3356
1348
1776
4682
441
7158
7834
651
7827
7722
8151
2632
7934
5385
7034
7676
7625
4422
2558
2826
451
7955
8142
6415
358
7588
6743
1787
5107
1226
447
536
7806
6633
2510
7063
5256
7101
35
2463
2232
7915
1830
5601
1824
7059
2907
5411
2288
5884
7191
6396
4516
1868
2023
3859
5935
3486
3857
6348
4368
1099
1209
3389
1579
7719
3742
5021
3494
4958
7679
7722
5293
4249
3475
6659
5405
992
5997
5579
2795
6428
3904
2010
6982
1494
584
803
5145
5911
787
2320
7177
8179
7190
1774
5279
5623
6259
5826
995
5340
5997
1395
1127
4413
4217
5276
539
6571
6009
5112
6737
4409
7752
6982
6769
6259
1079
2331
5145
903
5499
7177
695
5057
527
4196
3225
896
2901
2851
4730
684
211
3504
3290
6058
1395
1195
7
212
1453
6141
5019
7143
5770
699
6750
811
3594
1439
4481
3997
7903
358
5282
3390
2874
2059
4644
2610
437
4702
2392
4881
1965
5168
5826
1009
1308
672
1430
702
1588
7102
4212
1727
1083
6414
3947
283
7806
1280
135
3790
2569
5750
7916
5408
3557
1846
3869
4509
3123
2949
5991
740
4377
5767
1554
1473
3196
2948
3347
4974
5416
5064
3351
1361
1360
4166
8092
3123
3207
8167
6980
6259
3860
7087
3585
7246
3166
1589
6001
5848
7962
7836
660
727
3849
1464
5689
3732
2260
3804
7847
8184
3559
6336
2198
3174
585
5276
7799
5916
1787
4712
1425
5489
5279
214
1244
6498
819
2304
3567
4790
27
3215
5001
1900
4172
4164
4492
1863
3454
4712
1559
1693
3759
5572
4747
7097
1183
2642
3174
1978
1539
5664
3207
348
4735
2835
5972
4229
5578
2970
2830
4360
7994
2198
2381
7051
2175
5408
6060
5285
7784
4914
928
6557
4435
7534
1694
206
6346
8153
7323
5064
1252
1823
7666
6552
7662
7661
2862
3516
4223
5354
731
4441
929
646
216
2521
1029
1244
6639
5229
979
6487
2007
6631
1894
6738
5500
5380
7857
1898
5786
3998
1673
1759
6242
5340
5081
1604
5497
8168
8070
8054
502
5232
4457
2068
8037
7032
3072
7205
1522
3483
3240
6587
1730
1336
7031
5833
7886
7923
2691
4863
2324
2443
2574
6715
2785
3717
1431
7376
8100
2762
3366
3953
1378
5631
532
1070
6801
6715
153
5482
2597
705
250
6945
2165
1301
2284
649
6680
7556
1695
942
7650
347
3468
5670
3317
3327
1528
4301
264
7131
7954
7423
5487
6670
5944
684
4147
5940
6905
3933
1209
2015
1472
698
4698
1615
725
4565
1590
2740
5042
6748
5174
4142
1943
2933
4979
1802
2435
1462
1815
6897
5937
5786
1166
786
4682
1744
2433
5228
4890
8185
4628
4361
7594
6594
3557
1458
3154
3634
1543
1695
3432
4322
1176
4562
7104
3688
6632
2641
7562
4624
6073
3744
6001
7400
1633
1400
4883
378
1666
4152
4819
4083
6905
6926
829
6526
1256
3849
5899
6123
923
4455
6929
3726
2353
2047
1519
5634
4509
6048
6688
4988
4789
428
162
6816
5883
6870
1707
4767
3308
728
5364
7493
6998
5673
6724
7067
2156
7082
5242
6146
1477
6150
2311
1543
4810
6266
1349
3403
6743
6670
7808
3688
5461
1939
5869
6001
3657
733
4090
5027
995
8150
5975
5739
2219
819
1850
4548
3207
1424
6631
216
5730
4515
3174
1077
1855
3468
2341
751
1896
697
141
4118
6578
328
5322
7735
4435
3921
5828
3552
5967
5809
484
3747
47
2271
3096
6022
3207
5820
2122
2564
1069
5829
3726
1377
5622
2001
8184
3714
6266
745
6611
66
7176
1733
369
7145
4515
7683
3868
4681
5260
5935
1645
6776
1709
5232
536
5650
3021
7973
1455
1294
2785
742
1617
3169
2368
3631
4535
6738
542
2769
1337
5435
7849
4864
2948
5024
7735
2251
1753
231
6854
6225
4149
4926
6836
3676
1579
2799
4159
6146
7032
6657
1980
1629
6913
3279
6968
7598
6336
3082
2122
6734
1504
1507
1224
2489
899
1076
1927
2353
5624
1337
6928
2794
4173
832
4809
2632
3318
7732
1352
7615
6484
7667
825
5223
6319
4693
5880
2951
6638
5972
5903
3065
5291
2307
2740
2280
109
4017
3376
7981
2897
4011
5953
5907
6444
3037
4710
335
4643
5701
5279
5129
635
7416
721
4492
8062
4984
8124
7954
7146
672
4249
7772
3752
2347
7791
3060
6648
7230
1157
257
6808
6750
1209
7214
618
5999
4055
2219
5403
2679
1824
2676
7451
4233
1989
7592
160
206
4164
2485
7306
6498
2271
7067
3709
7722
97
1114
6413
5422
2119
5273
7575
5945
1787
2654
4220
5833
6945
721
3849
1010
4399
4914
3936
1823
4651
6639
723
7679
1932
6981
5504
255
2825
2454
5978
421
5048
6810
7155
8106
6796
7243
3413
6796
5255
4154
3625
7235
3162
1105
6438
4011
