0
0
0
10
0
5
0
2
10
1
1
4
0
0
0
1
2
0
0
0
0
0
5
2
0
0
1
3
0
0
3
0
0
0
0
0
0
0
0
0
0
0
0
0
0
0
0
0
0
0
0
0
0
0
0
0
0
0
0
0
0
0
0
0
0
0
0
0
0
0
0
0
0
0
1
0
0
1
0
0
0
0
0
0
0
0
0
0
0
0
1
0
9
0
0
0
8
0
0
0
0
0
0
0
27
1
0
7
6
4
0
0
0
0
0
1
3
0
3
2
0
3
6
3
0
0
0
0
3
0
0
0
1
0
2
1
0
3
0
3
0
0
1
0
0
0
0
0
4
0
0
0
0
0
0
0
0
1
0
0
0
1
0
0
0
0
0
0
0
0
1
0
0
0
1
0
0
0
0
0
0
0
1
0
0
0
0
0
0
4
0
9
0
0
0
0
0
0
0
0
0
0
0
0
12
4
10
2
2
2
28
4
1
0
1
0
1
14
0
0
0
11
0
0
2
3
0
0
0
1
0
6
0
0
0
0
0
0
0
0
0
0
0
0
0
0
0
0
0
0
0
0
0
10
0
0
942
1060
102
1824
2870
7882
6082
852
16
6436
61
6560
6112
4359
7496
772
2778
6005
1046
5332
7876
1937
607
5915
3792
5373
7692
1907
1836
6876
3884
6781
7304
7040
7292
4521
3899
7812
3448
1320
335
4497
6953
5707
912
3797
7188
8083
6315
7015
3085
8046
5712
3465
5975
4346
6703
1535
5915
735
87
3379
54
7199
4651
480
2538
7869
6600
3463
2446
6733
5979
7865
4649
7078
6869
2366
4907
7663
1531
1675
2935
5889
2690
5344
6932
7721
3658
785
1917
1404
3821
2614
3067
6593
7138
6869
1817
756
7911
5858
4472
2217
2217
3368
2546
1767
7085
6291
7297
1797
5264
5790
2766
865
3347
920
457
4444
6777
4812
88
2997
5319
6836
2485
1673
7339
2164
2252
2699
606
3223
7908
3684
951
1600
7012
925
1600
3927
3212
3048
7767
7415
4256
7352
1431
3006
1059
1237
3168
2368
6409
885
865
3043
1708
2356
5343
5153
6202
338
4907
7615
3766
2967
7654
1769
7989
6848
820
6549
912
7352
819
3702
5379
379
3397
6836
2830
5878
2167
758
6238
757
6816
4466
5417
3762
7916
7911
4152
7028
2572
5456
1269
753
7094
5531
2661
5683
313
3876
5115
6269
4620
249
4682
5597
1784
6722
1675
5979
2993
2285
4635
448
7948
1376
3821
7051
6078
673
5266
6972
2650
5208
5877
7022
7587
2447
1532
3048
265
358
772
379
7662
2004
3508
2094
4998
4505
1900
5910
7352
7520
2825
542
2485
520
7285
4825
2603
6248
1870
673
1289
963
2249
7243
6645
1535
2418
5824
1294
6269
6058
4141
434
7382
2990
7095
1514
5292
5910
5683
6270
6058
4150
6986
7211
2485
7900
5373
1236
7590
5086
2972
4505
5157
3426
646
2900
5361
2080
4475
5366
4682
4000
2545
4264
5910
8054
2435
5603
1922
3426
7066
4029
1106
962
7521
4350
2420
3085
1067
6882
3159
3483
2533
2376
4966
5910
5740
5462
5683
5556
1886
508
1528
3426
1813
4011
7974
379
143
8153
1992
6269
3432
6780
2350
1378
3048
6269
6540
5405
545
5470
2283
6724
6473
7625
1923
7066
6269
6160
6747
4212
71
1140
6322
71
3048
6897
2094
856
4020
5683
4682
5806
41
4118
7903
5981
287
961
7812
5115
6531
7219
6869
1817
1382
2313
7134
3413
3003
5617
7390
431
5462
6930
3562
5366
6400
5555
4983
7696
3563
4682
2094
222
3563
5786
4683
7433
1477
6706
7806
6411
2453
2238
6864
1748
5687
8023
1748
4600
5428
4892
4847
7043
3384
222
6964
4092
5574
4979
7387
2150
6971
2847
3698
3104
961
2094
3195
6925
702
820
5408
4346
6759
1978
2662
49
2639
3869
1914
3104
7974
5910
1250
1634
1673
377
3010
896
1281
845
6449
3576
1208
5354
3104
4576
6269
3780
3969
4765
6078
3614
2359
1958
6571
3623
3607
758
1557
6269
4682
5683
4576
3104
2094
2730
2991
5742
5746
1280
3947
4053
5145
6449
4338
483
5080
7046
7096
1652
3508
1294
1558
4388
1883
4503
1147
702
1602
6000
7198
7429
1477
2291
3783
1552
7046
5747
2800
1010
5690
5945
7494
4194
3223
6595
2254
5742
4617
5462
2237
4180
7412
5683
7317
289
5308
7077
3694
3290
8167
6649
980
2130
5801
138
1739
7344
2028
6823
1669
5596
5574
896
5024
5112
6639
7304
5145
2167
5747
4401
961
8062
1688
4503
1333
3161
7494
4472
4478
825
4061
8023
6720
3614
5474
3104
5462
8183
7066
4576
3135
2139
2987
5250
2254
1621
896
5168
2631
7664
4575
4533
3092
749
3455
7568
4561
5551
6645
4565
7098
3202
1767
7962
5910
5683
5462
5407
3104
8026
5358
1378
5366
449
6940
7784
3106
5250
5250
7784
186
809
4983
870
4887
3117
7189
4160
5013
5997
423
7609
3579
6756
7518
1283
4966
6269
7875
505
7399
12
4121
4132
2990
5088
3602
7954
5608
5172
3322
4602
1089
4460
4360
5683
5612
5430
2270
5278
4039
6735
319
1784
1042
2057
2713
6650
1597
8030
916
2676
2016
6930
3030
4682
8141
3549
3330
7477
6299
6685
7663
1229
505
1326
5946
1992
8054
5407
3953
5264
3725
2507
7587
3747
7279
1300
2512
7155
7886
7299
2419
7782
5462
3104
4682
523
3397
316
5392
6897
4132
8168
7225
1233
3940
2990
6269
1307
4730
5683
6930
7005
3614
7482
6876
2273
6660
6705
5684
2051
7827
7056
988
6930
3866
2847
523
2991
4472
3426
856
6508
7249
68
6666
969
3426
6670
7263
7066
6692
7264
7066
379
6042
4343
5801
4759
4565
1408
8023
2531
1391
1447
7412
1922
6305
8084
1326
4880
1755
4682
7264
4568
313
1378
1766
744
7095
1687
523
7062
5683
4166
4884
1332
7412
610
3389
2489
6248
4940
4806
5013
615
6410
3721
5908
7073
768
4150
7153
1687
1710
787
4242
4132
6305
1528
7629
2418
71
5462
4452
5366
1294
2168
5715
4993
962
6304
2105
6998
3809
14
7230
61
4578
1031
3107
4919
369
1160
7321
313
1528
335
672
313
7650
1710
498
795
7713
1710
1687
33
755
6269
5935
4932
3145
5403
5583
4297
2513
5999
6315
7545
5403
1706
6378
534
3364
2459
4947
3104
1326
1534
3752
1687
2642
1922
1710
4339
1062
1687
1294
1992
6980
7317
1557
7537
3888
5517
1538
5843
3811
2260
7706
851
4053
5092
7573
5668
5361
3055
41
1484
787
6438
4280
313
3117
41
1710
6162
3560
2603
6930
4682
216
4027
5777
5853
6103
3161
2957
2629
4491
7039
4422
1299
2339
5487
726
428
5013
7967
4682
313
6383
4672
5094
379
825
3717
6269
6769
722
5413
260
6269
7412
3407
7011
3576
1346
6778
8080
7827
2513
2825
6829
6450
2907
4114
6656
6756
5198
1293
4982
358
721
7901
3140
1728
1849
6307
4231
4929
7827
5364
5364
5116
67
5762
7993
300
2374
3459
2339
531
8126
3813
3734
565
4166
118
3214
5736
8
5418
377
3572
5920
5650
2441
1489
5403
5292
849
7493
843
4152
5283
2716
448
769
409
7363
5762
6196
2518
6120
