0
0
0
10
0
2
0
2
10
0
2
3
0
1
0
0
1
0
0
0
0
0
6
3
0
0
3
1
0
0
0
2
0
0
0
0
0
0
0
0
0
0
0
0
0
0
0
0
0
0
0
0
0
0
1
0
1
0
0
0
0
0
0
0
4
0
1
0
0
0
0
0
0
0
1
0
0
1
1
0
0
0
0
0
1
0
0
0
0
0
0
0
3
0
0
1
5
1
0
0
0
0
0
0
23
3
0
5
5
2
0
0
0
0
0
0
6
0
4
3
1
2
6
0
0
1
1
0
3
1
5
0
0
0
0
0
0
1
2
1
0
1
0
0
1
0
2
1
1
0
0
2
0
0
0
1
0
0
0
3
0
0
3
1
0
0
2
5
0
0
1
0
0
0
0
0
0
0
0
0
0
1
0
0
0
0
0
0
0
4
0
9
0
0
0
0
0
0
0
0
0
0
0
0
11
6
11
4
4
5
27
7
2
5
0
0
1
17
0
2
0
13
0
1
1
4
1
1
0
1
0
0
0
0
0
0
0
0
0
0
0
0
0
0
0
0
0
0
0
0
0
0
0
10
0
0
2727
462
641
1534
500
4539
196
2234
4685
736
544
196
1560
8155
7405
559
5530
949
5874
1415
2494
2654
7243
4448
7882
4072
3615
3577
7258
7843
5661
1600
6445
7234
6531
809
6722
2908
7772
5416
6965
1977
5969
2874
4192
5489
1620
4812
4628
3586
1600
2648
7408
4812
4532
5822
2912
1922
1340
1982
6085
2288
7495
5165
3712
4022
3346
7312
5623
3410
2507
3422
6633
3341
7437
2532
3223
3364
7381
1757
2000
7004
3277
3075
2256
3391
4641
237
4681
4943
3212
2601
6252
3815
3426
1460
1607
2948
8116
5172
4341
4340
5710
4475
3682
959
6227
5537
1773
3277
7880
6301
4375
1280
7745
7416
4524
3277
1079
7346
41
5820
2790
4143
5490
5260
6841
2217
7595
4255
1014
5146
4594
6139
635
6510
7408
1129
5193
7807
456
4524
1073
1131
3728
54
3185
6065
715
2225
7990
6035
3068
3907
1044
2997
86
7433
1279
4490
1593
179
3292
2892
2938
758
2512
7806
5778
3455
5931
3634
5375
3011
3232
3934
6969
6139
194
6154
3809
3673
7378
4524
7963
7687
1143
3166
3982
1529
6187
4207
1103
4389
7049
5574
3893
2729
3617
5924
6830
7371
872
4794
54
2791
7205
4229
3892
7098
4352
3468
7548
4789
1494
3010
7313
4543
7640
7679
5705
6761
2002
1067
3263
169
1550
2339
7344
6934
5434
2384
5412
3482
7041
7396
5785
5785
790
4448
2112
1734
1011
5916
3501
4342
6940
2540
2186
6301
6660
1535
5024
1852
425
6000
3464
97
3274
2736
4667
6144
4792
3631
3512
4327
3729
2279
7548
2238
7548
1243
7892
5520
2840
8155
2229
3253
1818
3363
6668
6174
6097
6002
4698
2060
5762
7598
5120
6876
6737
568
7596
388
3224
4364
3881
5797
810
5743
2027
973
5850
3690
182
389
4939
7332
3253
4342
5145
3510
4979
3762
7668
2307
2039
6294
4211
4766
2499
7442
3577
6417
1672
1408
3221
3710
1652
5510
2420
5019
6259
5574
765
1650
3998
3304
1976
7844
4962
5145
1719
7445
4333
7538
5028
751
7147
7249
1520
3712
7593
3849
4881
7615
183
253
3516
2311
1398
2943
7282
3320
7484
8
4442
3575
211
5343
3029
3690
2987
3068
1830
2184
4998
2427
1149
5815
8039
2291
3829
386
6082
6228
6649
3908
7629
7981
1704
4983
940
7119
3135
5614
1062
6743
2610
7013
7484
1787
3816
3253
4216
6104
2405
4497
3995
3868
4282
1761
3718
6299
67
4158
1159
4618
209
3428
1336
4517
6930
7702
8122
5311
7213
2400
6492
1833
930
4046
4148
5102
5850
5361
7417
940
1713
5599
5379
6031
6090
1491
599
6010
7714
2834
4806
3038
6307
2259
7282
7875
6398
6443
2065
4780
5907
1336
5325
6523
8099
4997
7923
6419
1231
3811
2510
1691
826
4481
6697
7815
568
3757
6811
313
2165
3883
1482
1067
629
2481
6930
6555
603
4221
7264
6797
4226
4697
4576
5481
2738
5888
2900
8134
256
2268
2874
7446
1991
1860
1099
4661
5852
3835
1676
4437
856
5487
705
1442
4138
3866
5702
7760
1695
6723
5531
2475
6993
449
1851
1652
6986
2584
5164
7903
6299
6767
856
3620
6688
1582
1078
7412
780
1398
1931
3898
3371
2168
5283
7244
1872
5565
6687
4983
5995
2104
8168
1855
6653
7440
5535
3428
6918
5915
1123
8122
3825
1761
4336
8100
603
4715
8132
8122
971
6605
5492
3706
86
4138
4067
6669
5852
6589
7045
3507
5971
6243
7305
7711
2740
2014
7542
6057
7163
2290
8185
2750
6116
6723
6905
6010
2233
3397
2090
6922
3201
6555
1398
3416
2707
5327
2922
4726
92
1600
2920
4624
7910
1148
5156
6745
5907
7977
2003
7346
1590
6574
1212
6457
4418
6723
7602
4437
5027
409
1397
5090
5091
3248
5003
2308
559
856
93
7454
289
4017
985
619
5077
1328
5090
3717
1359
1489
6500
7983
5067
1223
2259
5260
4241
8168
2846
8099
866
5869
537
8132
1262
2382
315
5856
5165
7153
1245
6863
5449
6824
2442
1709
7397
2981
1708
5702
2468
3680
51
7264
5893
2625
4138
2368
7658
1802
578
3836
3620
2561
4980
5260
5713
1849
5564
5323
6871
2105
7917
2217
5012
5629
7779
820
821
2183
1894
7855
2701
6410
646
6132
1403
5556
5745
237
1725
438
4423
956
2943
2414
3248
3884
5370
2354
927
6919
597
2648
4377
148
2152
2948
7877
6483
58
3463
2621
510
1996
6236
5785
1785
617
7460
3761
4988
1530
3012
4663
603
3884
1923
3827
762
1685
7503
7398
3521
8098
5187
2063
2892
946
4824
7029
450
1633
3334
2158
338
4094
857
7153
5847
1256
3537
7060
4030
7656
5275
6755
5040
1858
2476
6556
8170
1115
1846
4319
7139
2488
6047
3600
2029
4658
7461
7196
4190
5180
6866
1635
4716
2650
1824
6082
20
8129
2991
6268
1855
944
6031
1754
1451
6964
6163
5714
5641
3718
4366
5292
5798
408
2950
7040
7077
4116
2071
2261
3061
4449
4512
6406
3305
4294
1849
4716
7642
5897
2900
2834
7702
3752
210
6203
2769
956
7488
415
5082
2275
7478
1084
7582
2522
421
2527
2265
5000
845
5627
5466
8176
35
1200
5176
4345
1958
6440
7290
7395
6174
8003
6398
132
2130
5364
2701
755
3247
787
6791
818
1691
4543
491
30
7866
704
1062
3995
5709
6735
3037
3254
1929
7012
5412
1863
1544
6137
7389
4504
2218
1489
5481
2360
2130
4274
4261
3053
2158
217
2672
4906
4592
4374
2777
6475
2989
6722
1890
2467
7241
4372
4503
7497
6321
1220
6321
7866
764
1479
5112
919
7823
7091
5389
999
3773
2761
492
3867
3356
978
4290
3391
6263
3229
297
3570
3224
744
3144
1826
2013
3196
2679
3493
2133
3492
3335
8176
1029
448
1581
5482
3969
2935
1911
684
8176
4009
2780
740
7061
421
2648
1057
1287
3161
4596
4900
1818
7781
831
7788
4349
2244
1852
2059
7893
5095
5183
7740
3322
848
7294
1414
2835
7745
1824
7230
2189
568
392
3161
6760
4125
8047
2009
6760
1220
7573
5166
2345
