0
0
0
11
0
4
0
2
10
0
0
2
2
0
0
0
0
1
0
0
0
0
7
2
0
0
1
0
0
0
1
1
0
0
0
0
0
0
1
0
0
0
0
0
0
0
0
0
0
0
0
0
0
0
0
0
1
0
1
0
0
0
0
0
2
0
1
0
0
0
0
0
0
0
0
0
0
1
0
0
0
0
0
0
0
0
1
0
0
0
1
0
6
0
0
0
6
0
0
0
0
0
0
0
22
3
0
3
5
6
0
0
0
0
0
0
1
0
2
3
3
2
4
2
0
0
0
0
3
0
2
0
0
0
1
0
0
1
0
0
0
1
0
0
1
0
2
0
0
0
0
0
0
1
0
0
0
0
0
1
1
0
0
1
0
0
0
3
0
1
0
0
0
0
0
0
0
2
0
0
0
0
0
0
0
0
0
0
0
1
0
10
0
0
0
0
0
0
0
0
0
0
0
0
12
7
8
1
4
3
25
6
2
2
1
1
1
10
0
1
0
13
0
1
0
4
0
0
0
1
0
0
0
0
0
0
0
0
0
0
0
0
0
0
0
0
0
0
0
0
0
0
0
10
0
0
450
5629
7823
471
727
6332
7598
2560
1219
979
3542
4867
7940
45
7940
3220
7451
3004
418
2411
5292
1576
4647
1787
6588
5129
4867
7582
6553
6635
4670
3004
137
7260
715
4340
3572
5077
5322
3435
4487
7801
1697
46
7790
4146
2650
4525
6580
3178
98
2244
2843
6005
4600
1155
7258
1425
1620
7645
3741
6954
1672
6553
2686
4525
6761
1620
2679
559
1279
6321
5647
6070
6265
7570
7615
1678
1527
6948
3011
2553
6649
5454
3232
7689
5172
2009
4918
947
1127
7571
7135
3584
4134
825
5412
4293
472
5412
4618
7615
2411
6262
4255
3443
1105
820
3631
4662
3771
6066
8065
427
7166
6976
7593
6181
8065
2778
3913
1683
7472
2838
7290
3497
4087
5560
5288
2916
3542
3594
6547
14
744
4504
5385
5332
7028
7389
5743
3232
3100
3690
5545
2675
260
1971
6066
415
3557
6164
1613
1909
7590
521
6422
2385
1347
4606
7415
978
121
2145
4979
606
7910
5077
7582
3067
255
7049
3677
1999
5999
2112
5954
7984
4939
6234
5250
7380
1943
4119
5447
1466
1314
919
7314
2977
6549
7611
3096
421
3068
6850
7006
5079
3240
5279
390
167
4420
5968
365
62
3585
6565
3947
2855
7984
1621
3443
3860
4973
2059
3888
942
4421
4858
2119
2679
5791
5560
1003
1852
6320
170
7582
4594
418
6081
5692
2621
4032
1831
5662
5747
5690
4207
3240
4175
7940
6954
3352
6945
896
3542
5619
6639
7389
5150
7598
2271
7679
4796
6784
7592
5048
2648
5248
3893
313
826
6443
577
2574
4846
6244
8177
2572
4649
4449
5579
5279
7451
348
8143
6590
5436
5875
5283
1739
3600
783
3577
5730
4858
5013
916
5290
3068
5742
5049
2014
1831
6493
6673
1099
3238
2213
5892
2380
4916
1398
2831
1076
7387
7645
425
8025
1425
5238
6372
6082
6000
2764
4365
5890
1333
1281
3207
450
7082
996
5017
1276
5252
1231
1502
323
6723
5407
3806
6704
1731
1555
5427
5487
4831
5987
3350
8160
3326
215
6176
4361
959
2283
2799
2713
2015
4735
5120
6809
1079
646
544
7683
4437
4485
2030
4149
7751
1844
7431
1158
4620
2098
1242
3527
7991
1525
6335
5071
3100
1999
2699
2905
5689
5095
3391
1544
3391
6031
406
4974
4642
7317
2276
6224
4000
3317
6225
3104
86
584
6201
4547
826
1986
5909
4981
213
2142
5599
1296
2051
2482
2184
2150
6983
4824
7723
3628
1234
249
358
5877
3477
5440
7847
2938
1734
3487
3850
1558
4665
7941
1070
2867
3101
6662
1926
6414
2377
6616
1664
3526
7015
6002
2434
1273
4345
1989
2459
2118
5322
6889
5542
6677
400
5261
8025
1748
7787
1338
6086
6080
6979
1411
2529
5317
1813
3965
1567
8166
7294
4021
4888
6833
3993
7424
2837
6750
7377
3386
744
7582
7910
5172
4472
1824
4524
425
2676
7063
6146
4776
7027
6723
1360
3783
6123
5614
4960
2064
6743
2225
7197
826
6348
1119
6709
2499
2762
4446
1273
3405
254
1917
7187
5013
5778
1944
2676
5874
1787
5667
4905
5597
6854
5123
626
7645
2420
1360
7616
2941
972
6266
2855
2569
7236
4509
2296
2051
3886
3317
7015
6389
5975
5403
1675
7190
4712
6245
4718
5013
5650
8002
2568
2344
961
1283
7645
7800
5373
5444
6909
7716
5444
5250
4701
3541
1075
939
6170
116
1238
7292
1284
1151
7064
3115
4505
1988
425
5650
96
7872
649
8027
7068
5585
607
7184
1926
1442
6123
3359
4195
514
2615
5999
5079
2039
2136
590
3290
5071
5079
2860
2529
1151
5146
1129
169
4442
96
96
2796
4644
4644
1608
7367
7391
162
6344
338
6790
1070
4473
4152
7332
2443
4949
3557
6351
1565
718
3082
2572
2808
4238
6201
17
643
4338
727
6635
3542
960
2676
425
4301
5820
2671
6305
4475
5288
7111
5373
5075
2386
6902
488
7376
3594
3893
5273
1011
338
6816
1567
80
6150
1881
7861
2284
7916
675
4312
6041
7871
4841
4569
2150
5657
5670
5166
177
1132
2882
2187
4041
6520
1242
7737
6780
6770
7376
7138
7196
2860
1707
1678
4784
2502
2904
5731
2137
3443
2130
7063
3051
5896
4707
7484
2851
1331
5439
6923
7860
486
3744
5577
378
4214
5843
6940
6169
6770
542
3346
2248
2496
2482
1291
1678
606
1855
3785
6989
5364
3682
5650
2679
5687
3291
4670
4089
1863
979
783
7408
7408
764
129
698
3886
5444
243
5671
1296
3701
7148
2248
1522
5756
1360
6123
5324
3910
5945
5077
4796
7781
2130
2354
3686
1075
3240
3240
4594
5798
5779
5531
1596
1550
7223
4092
1070
449
6587
4644
2586
2441
7781
7823
852
5371
1284
3308
3136
5444
825
3600
1453
1965
1830
7187
6041
4670
3071
2610
684
916
215
6828
7543
6926
2066
3223
4957
1467
5477
7013
5574
3402
6958
5232
2244
5434
7588
5250
4094
4903
684
109
7121
1581
919
4255
5874
6553
2773
2421
7216
1544
1595
5283
2497
591
5507
3326
7665
2377
5671
7527
4545
5749
4640
6438
4703
6735
3320
4340
1852
3483
272
8048
448
2654
7442
7910
1748
2405
2080
4818
7028
3414
5385
2832
876
3581
3095
8046
5279
2478
4754
773
2916
2345
4268
3598
6027
8190
6612
197
7591
6571
6929
4521
4022
5232
4346
7484
82
3600
215
2309
4319
6438
1453
6677
6553
3730
4835
6263
45
272
5708
5871
7901
3861
5063
7254
7990
366
3763
6885
2384
3724
3035
1661
450
1839
744
6273
2541
2405
5248
5982
4568
2214
2541
3741
1602
514
3068
7482
1776
5225
681
5566
1978
1527
7303
2389
5737
3010
7756
1078
2046
6713
8181
7024
3621
2418
5403
3642
7180
740
1989
5890
1958
4830
536
6770
6871
1797
1709
7926
6135
2067
4269
7717
486
2553
5492
5970
7324
3878
3056
5263
2243
7133
2543
3648
5318
7568
411
5623
6020
6082
2665
7706
471
3443
4319
6417
3148
643
2378
5945
916
6467
4204
2682
6749
4106
2653
7985
3870
1239
5630
4642
1479
2501
7775
2432
3591
2936
