0
0
0
9
0
2
0
1
10
0
3
1
1
0
0
0
2
1
0
0
0
0
9
4
0
0
1
1
0
0
0
0
0
0
0
0
0
0
0
0
0
0
0
0
0
0
0
0
0
0
0
0
0
0
0
0
3
0
0
0
0
0
0
0
1
0
0
1
0
0
0
0
0
0
1
0
0
1
0
0
1
0
0
0
0
0
0
0
0
0
0
0
2
0
0
0
7
0
0
0
0
0
0
0
21
1
0
8
5
6
0
0
0
0
0
2
1
0
5
4
1
5
2
0
0
0
0
0
1
0
0
2
0
0
0
0
1
1
0
0
0
0
0
0
0
0
0
0
1
0
0
0
0
0
0
0
0
0
0
0
2
0
0
0
0
0
0
0
0
0
0
0
0
0
0
0
0
0
0
0
0
0
0
0
0
0
0
0
0
2
0
7
0
0
0
0
0
0
0
0
0
0
0
0
7
6
7
2
3
2
20
1
1
0
0
0
0
13
1
0
2
13
0
1
1
3
0
2
0
1
0
0
0
0
0
0
0
0
0
0
0
0
0
0
0
0
0
0
0
0
0
0
0
10
0
0
247
6159
2991
6687
5655
6657
1395
3435
3388
2206
619
4853
7547
3410
940
5383
596
4450
7131
7131
2330
4777
4384
5716
2691
569
2829
4963
6350
1336
1336
4963
5286
755
6687
449
2007
1449
6307
6088
3221
3884
7614
6978
2643
6687
6159
1336
2353
6225
1208
3325
3008
11
8089
184
2129
155
7122
7483
3171
6175
315
7738
7231
2363
2801
155
5417
501
492
7760
2427
603
2809
4325
826
5170
720
3193
4697
5622
6572
1934
1822
1821
914
2082
2029
7094
3457
6847
615
1954
6427
791
617
4350
2916
5319
2637
5993
2622
6687
6159
6494
7855
7718
940
1968
4220
1876
2090
2535
6941
7031
5547
255
1821
6547
6798
1127
5521
8190
1822
2358
7926
1103
2688
7437
4698
3453
5259
4339
6955
5315
3463
7557
3404
2570
6850
940
3884
7534
5772
7313
2662
7689
2303
4507
649
5902
7880
2765
2749
2826
3922
6915
6948
8106
2893
8026
2865
2558
123
1900
4934
6829
930
2353
8139
5745
3388
7718
2368
2925
6798
1411
3584
5892
899
1620
7258
1539
1978
5979
2259
4691
4957
1797
2449
2511
7645
4863
6805
1477
5169
2907
5220
4194
1838
6714
7718
3343
1977
6964
2691
2357
3950
6089
4735
3477
1944
4609
5290
2441
4074
7018
1656
826
4967
1855
3688
2785
2583
6132
1702
2427
8084
5769
744
4329
2227
2925
5601
1256
1144
3881
3595
3446
2802
7916
6227
5928
6553
2958
5798
4120
1944
1256
2722
6425
1005
7146
6352
4515
7994
5383
5998
5048
6862
1397
2291
6176
4159
5478
222
1833
2115
1019
6065
6898
3029
5233
5328
8011
1576
2918
5594
5428
8083
462
3603
5311
1460
5967
6399
2353
549
553
7497
1852
2271
404
5144
4983
4780
2994
7973
3717
6959
3277
6501
3576
7452
3755
1494
5058
2206
6383
3830
3797
181
652
7323
6555
7308
5251
5634
277
8099
5949
313
5698
4798
1730
3762
2139
6400
2867
3446
5510
2164
704
6154
5181
3501
5033
924
507
2291
809
7605
4220
5286
809
2427
6242
6106
2142
4957
520
6299
7748
4680
8035
3622
2568
371
3236
5230
3865
5673
1494
2639
7548
4789
2968
211
1243
4939
1613
2170
66
7919
6957
2352
7534
2955
755
5011
4802
7510
2519
1977
5052
6133
1474
5028
6862
2990
6692
1758
6767
3548
3443
1664
2118
2639
7424
3127
5623
2181
8
3962
7743
4323
1560
1107
6193
5677
7848
1261
7855
4500
8142
523
5123
504
4514
1282
89
4680
6181
6224
496
5624
2080
845
4293
5661
89
3389
2008
5181
7984
1699
1934
5071
5444
5149
7997
3284
3338
6854
7760
4695
168
7408
4812
6776
8084
1747
5659
6599
5338
6222
471
1631
2662
5129
5214
6588
2329
4888
4475
2254
536
1029
4634
2268
8168
6957
2291
3183
476
3183
461
1305
7683
4412
1548
3957
8041
5737
939
1262
6157
2605
3643
2943
3960
219
1550
3123
3747
3220
414
3004
7190
5255
5834
5578
5465
476
7317
3030
2353
483
4946
780
1104
3704
270
6732
5408
1886
1099
6754
22
4696
1884
3135
476
135
443
6301
4937
811
425
4644
1075
276
5588
4036
516
2268
1364
2975
992
2631
3862
2904
4221
6175
684
7582
6380
687
6010
6443
2908
2955
1468
2772
962
1332
4982
723
14
3704
7524
3165
3007
596
4296
1311
4475
810
3404
3749
4430
2991
2627
7663
8011
4290
6735
7497
6999
6928
2291
4360
498
2130
4224
4983
5358
6723
7095
1776
3098
5151
3881
6493
5291
6999
7158
3275
3815
762
2197
2333
5099
1403
3063
6909
3101
2137
369
4611
4946
7562
1977
489
5715
727
3684
6496
4322
2882
4291
7901
6795
6298
1326
7412
4110
1474
2305
6322
2008
2615
483
4032
3940
6581
3012
1219
3446
7798
1930
2021
4983
66
7540
6660
6438
1534
2398
3366
4000
3956
3682
1824
7226
1914
3657
216
4105
7190
2020
5935
2187
6194
212
5566
6352
553
3940
2168
3002
4504
3295
603
1555
4780
7545
6252
7207
6480
5824
1451
6801
6687
7689
7408
1078
5667
313
8084
2568
3771
4698
4980
1491
3567
5106
5439
143
1702
2427
3247
5011
5882
6638
5584
2662
6259
2934
4155
6095
1623
1184
5478
5052
3718
3394
2071
239
4672
2098
1891
1555
1905
4472
7527
1528
5407
3488
6982
158
90
3066
1560
3833
2798
2426
6276
7548
2496
7205
5343
3993
1276
1707
2427
610
1258
3776
5494
4872
7122
4016
2908
216
7815
35
1105
4857
1326
2291
1968
4531
3773
837
2978
900
6800
3986
5746
3576
1049
1038
737
1301
886
1855
4946
5910
8084
3868
6634
6966
5205
6508
6689
7212
956
1767
5531
1709
3868
1728
3030
7743
948
2485
4369
7800
3503
5999
3106
4710
5447
4973
7596
6619
6761
949
7864
5407
8084
8098
6562
3132
4830
295
5322
1628
6400
3721
5531
4830
6645
2291
1326
1555
6054
2022
6299
1560
2586
4575
1948
5750
3512
414
6517
5746
3701
1881
2295
5379
7080
7903
4335
5403
361
1136
7613
4256
5617
6897
3405
7061
6141
4112
3135
6930
2991
5236
3751
664
825
414
3494
3454
3253
3253
1579
2901
1488
6634
5254
3957
7257
6119
6227
369
3637
7948
3541
4361
1628
5492
30
5232
4441
5166
6222
52
7095
2300
6508
7262
6544
202
2958
1425
5643
3625
4575
3225
7013
615
1024
1666
7215
7689
744
6005
4539
1050
1824
3793
6322
3284
4700
5232
7587
3405
2467
970
4128
3595
820
3969
4574
2175
2411
2066
5798
4647
3220
4146
2130
919
8021
5290
7716
3572
4830
757
5569
4011
744
2280
3700
1571
951
7135
3405
508
5166
2013
2022
4533
6997
5531
1338
7373
5772
2257
2878
138
643
5594
5291
1564
3571
783
491
61
1789
2785
4967
4491
925
23
2318
4663
7012
959
208
1965
2558
1057
2418
1057
4934
4708
1525
5512
5714
685
3149
3052
7343
2351
1411
1140
7059
6791
2557
4521
4502
4289
6714
4950
7244
3995
4689
184
4329
1581
797
7148
1087
5915
2922
30
5332
2361
