0
0
0
9
0
6
0
1
7
1
4
1
0
0
0
0
0
0
0
0
0
0
3
5
0
0
3
1
0
0
2
3
0
0
0
0
0
0
2
0
0
0
0
0
0
0
0
0
0
0
0
0
0
1
1
0
1
0
0
0
0
0
0
0
3
0
1
0
0
0
0
0
0
0
0
0
0
1
0
2
1
1
0
0
0
0
0
0
0
0
1
0
7
0
0
1
10
1
0
1
0
0
0
0
17
1
0
5
3
4
0
0
0
0
0
0
2
0
3
6
0
2
4
2
0
0
0
0
2
0
5
0
0
2
2
0
0
1
2
2
0
0
0
0
0
0
3
0
2
0
2
1
0
0
2
0
0
0
0
2
0
0
0
1
0
0
2
3
1
0
0
1
0
0
1
1
0
1
0
0
0
1
0
0
0
1
0
0
0
3
0
6
0
0
0
0
0
1
0
0
0
0
0
0
15
7
6
2
6
4
24
12
2
3
2
2
3
15
2
0
2
15
0
0
3
8
2
1
0
1
0
4
0
0
0
0
0
0
0
0
0
0
1
0
0
0
0
0
0
0
0
0
0
10
0
0
310
4056
7361
6930
7232
374
5340
1429
3446
8091
665
2654
5016
7636
882
3469
675
1578
508
2015
6892
2560
5708
1105
4355
6957
186
2150
4345
276
3068
2040
7782
5272
1734
733
5478
610
3508
6670
4043
7098
4043
3858
2869
3589
2690
3443
1769
986
1577
87
7441
690
248
1157
1475
1725
4396
861
4141
7090
332
2576
3985
7151
5424
1773
3985
6998
1061
8121
4932
2798
2697
6338
2880
5140
7143
3541
7028
3936
5398
1534
2118
749
5370
7387
5201
2997
3291
4742
2869
4779
7767
7600
3104
2251
1439
1890
5397
5714
6252
2977
1979
1005
1513
996
7336
6409
5132
3391
5577
4359
7274
5933
266
6095
1208
736
2577
6486
5361
6355
7861
2161
5933
1029
2998
8122
749
5309
6970
7424
7570
5977
910
400
5722
4855
1587
2539
513
8080
3461
1287
6243
7676
2345
2678
7419
6317
5627
4441
3580
2620
2426
2442
5225
2591
1860
6638
3238
1827
4038
215
5798
2465
692
4245
2291
1858
2004
7255
5156
1931
2015
7861
7420
4349
5993
3848
7716
5925
3186
1029
7747
2229
1961
137
2690
1534
5820
2957
7604
7683
488
3084
340
4696
2897
33
265
8115
6855
2833
7464
8021
4892
2270
3092
6358
5332
3725
7274
2887
2512
1873
6895
2512
4080
1854
5767
5232
3672
2295
7293
8057
8099
3508
6434
1894
4982
803
41
5949
1860
1521
6374
6940
2645
1578
2645
4009
4091
3368
4308
1965
4353
6889
1463
6007
3933
1853
7497
722
6291
4773
6957
5256
6763
7523
701
3567
856
3129
2427
1323
5551
1277
6679
3427
456
456
540
7477
5416
529
5383
2442
7520
6218
1870
5745
8138
1394
1438
5918
7376
7416
780
701
1557
7321
254
2759
4715
137
2932
2467
5860
6210
1064
3523
456
656
2070
4916
8177
1551
1352
5652
7638
6307
254
3914
4858
3666
7437
4187
1634
1535
5534
4430
1751
6369
2597
7415
1297
4312
1743
3229
6069
5784
7225
2578
7982
4554
4053
796
5145
7142
709
3867
4808
6581
6312
7592
4449
1468
8052
3159
2248
2280
4217
948
3359
3300
6353
4309
4392
6740
4604
7207
1139
6092
3575
500
4481
4481
386
1943
787
3452
574
6754
7697
41
6327
7995
6473
4222
5143
2593
4190
2733
2120
705
3271
3257
6958
8099
7803
1009
7633
3915
995
6499
1784
7041
8155
1976
779
4789
5145
1344
4322
4333
3979
5740
1461
1163
5012
4635
3229
34
3461
4573
4294
591
6653
2922
2479
382
200
569
4495
666
3192
1615
3486
6498
5145
6189
3253
6998
7371
584
811
8111
1292
5769
3563
6835
1420
5095
1818
36
857
3460
3995
5993
4578
3572
2825
7765
47
1761
4982
2170
12
3196
5250
7452
1615
4027
7371
6517
5453
1823
372
4406
2658
5967
1986
4983
4868
1761
6165
4046
8030
750
8143
7661
7921
4339
1286
484
646
7147
3466
1183
3671
1917
6746
214
7371
53
5596
2851
2732
5596
4152
740
6005
68
1018
5471
789
3940
6494
3368
8078
2410
7491
1598
3028
4965
3254
7147
3104
590
7743
498
1846
3551
704
2165
5999
5050
4707
7546
7205
2061
210
5157
5182
5417
6457
7263
4868
1695
6400
6047
5155
3115
5654
2155
3292
5364
953
3215
277
7743
5262
6048
1183
1693
2771
3860
5220
5181
7806
5746
4818
407
4904
6125
6399
4395
5634
6233
5531
8031
6670
1742
7312
5595
5374
1304
7040
8013
6666
772
4978
287
3458
2643
6723
5000
464
2406
116
2759
6104
6222
111
1110
3030
4961
3122
7903
1326
1894
369
6012
4880
7989
7049
6465
7393
7827
5332
1145
2557
1452
6747
5373
5967
646
1696
7478
851
724
6284
5346
4888
5535
4464
549
3850
1922
2568
3880
7903
2908
7214
1514
726
1464
5731
2905
2370
1675
5482
5693
3721
5327
3351
1104
3048
4244
1938
5407
2600
3827
7271
7146
5586
449
3776
1378
41
2070
7095
216
3880
1347
7257
2261
2459
1900
407
3101
4856
1886
3835
6066
3518
8009
7534
5740
7728
4958
7702
723
1855
5017
1347
6692
7734
6433
5240
7349
1089
313
7981
5052
8074
4683
7430
313
7012
6989
1826
7620
4934
1030
4385
3908
2409
5284
6757
2026
4287
7556
8098
6568
6631
6747
1644
6692
4665
2054
6399
856
571
4752
2991
1833
7249
171
5471
152
6488
7494
424
2464
5514
3020
91
1761
5278
5286
431
2871
4432
7388
3527
2397
5251
378
2614
929
7249
5937
2331
6581
5001
6723
2738
3135
2070
1323
2324
4946
3827
4315
3960
6879
2493
3050
3121
3678
213
5505
1378
71
7645
377
1784
2643
1616
162
1619
929
1326
3130
6787
6998
3426
6817
3509
3866
5366
7430
4637
4891
6757
3259
7755
3572
121
2654
7675
6407
2133
4868
781
4432
6336
3563
6968
2643
1922
2457
2600
7430
71
162
7213
1695
3827
3109
1687
352
3866
2331
1628
545
4138
4345
3490
3927
7587
574
7358
1130
2608
3508
379
1031
1858
216
206
5634
1451
5670
5535
1104
1687
2200
4537
5256
1451
4939
51
1687
3866
2847
2168
3678
672
1883
1709
2713
6329
2679
2161
853
3821
7181
5586
3122
5908
5519
6071
7146
856
6468
1898
171
701
5081
2397
789
4373
6463
3453
2991
755
2083
171
4715
2470
722
7201
6163
1453
4635
24
3074
5514
3059
438
152
2874
191
4151
5496
1766
5842
7308
1718
379
2457
6817
5910
196
7834
4343
3684
3030
3327
4946
6486
1434
2057
479
3460
2248
2782
978
2196
7568
4367
8174
8026
3201
1784
4190
7743
1484
6744
5251
100
379
1694
4697
1652
6928
7441
3936
6660
4405
7062
4993
2442
4792
7086
6777
5220
7723
550
6703
3740
1220
3560
7398
3518
2386
5748
4361
1451
8054
1243
2058
152
379
6663
81
6692
2998
6663
6791
6384
5601
615
7160
7205
170
3274
2558
3533
881
7154
2430
2016
6438
6760
3635
7346
7438
1160
4735
1223
5379
6941
3746
67
1451
942
8132
4696
7605
5343
825
2654
5654
3876
541
5434
5516
5608
