0
0
0
8
0
3
0
2
11
2
1
1
0
1
0
0
0
0
0
0
0
0
6
5
0
0
1
0
0
0
2
0
0
0
0
0
0
0
4
0
0
0
0
0
0
0
0
0
0
0
0
0
0
0
1
0
4
0
0
0
0
0
0
0
3
0
0
1
0
0
0
0
0
0
0
0
0
0
0
0
0
0
0
0
0
0
0
0
0
0
0
0
4
0
0
0
10
0
0
0
0
0
0
0
24
2
0
11
4
7
0
0
0
0
0
0
2
0
2
5
1
2
4
2
0
0
0
0
2
0
2
0
0
1
0
0
0
0
0
1
0
0
0
0
0
0
5
0
0
0
0
0
0
0
0
1
0
1
0
0
0
0
2
0
0
0
0
2
1
0
1
0
0
0
0
0
0
0
0
0
0
0
1
0
0
0
0
0
0
1
0
8
0
0
0
0
0
0
0
0
0
0
0
0
12
4
7
0
0
4
25
9
3
2
2
1
3
16
1
1
0
20
0
0
1
3
1
0
0
1
0
1
0
0
0
0
0
0
0
0
0
0
0
0
0
0
0
0
0
0
0
0
0
10
0
0
3363
5580
7244
209
3358
6646
3830
15
3150
4817
4724
2244
1841
4362
6378
3927
4976
2374
1050
3704
7074
5115
3410
4270
4565
6421
7682
4524
4662
1978
2175
2553
6134
6329
7011
2339
263
6634
6361
3614
6666
4084
5376
6436
2410
6107
6430
526
2957
297
3188
3646
3773
1329
3896
5235
2525
2149
5334
4925
1103
896
2686
7816
5427
2806
7227
1664
6124
1230
2856
2419
2286
4241
683
5557
6406
5655
3752
693
4147
7253
6332
5815
8077
2174
6097
1547
755
6623
4876
649
5112
4594
2901
5536
1594
7773
7791
3521
3872
6664
2092
508
7913
18
594
1801
3538
6937
6884
1784
6948
3102
101
2570
3499
1943
3457
6123
6138
253
3858
2796
4594
2061
5181
3541
289
2843
1155
606
7965
2706
8015
1765
2548
4
4965
8065
2601
6520
243
1329
7816
5093
7057
3538
458
6940
6910
3850
2568
3201
7974
4483
2677
960
4712
4120
531
3072
2701
1575
5934
33
2765
6957
8006
2793
3504
3504
7548
2662
4888
3413
7689
6937
6532
5250
3538
7648
216
1557
5246
4142
1732
2014
7949
6117
4841
4569
8126
7147
2550
5151
270
6412
2085
1412
8109
2026
5048
1595
1038
2650
1038
238
4120
4342
5750
1579
7827
5902
6664
2726
686
3923
5811
7046
7944
5341
3417
7707
1477
8109
927
1451
6270
5465
6414
2183
7055
3968
1424
2586
5531
6393
4255
3207
8030
5687
3389
7258
6761
14
560
7536
198
3219
6770
230
6596
7595
6194
6201
5337
6077
626
5079
2016
1099
6687
5927
5201
8041
2569
1424
1209
1425
4341
6386
4575
6826
3642
960
4878
1709
4362
4536
2177
287
4576
7998
3682
1839
5261
1732
1035
651
349
6381
540
1964
6305
3604
6873
928
4660
8136
6860
6555
4939
3253
7419
2453
1380
7041
4568
4618
5283
3360
4171
449
505
2882
5155
6510
6510
725
1445
962
7769
1224
2306
7906
2383
2461
441
7425
4576
7488
523
1691
500
5257
6598
70
363
2884
3688
7800
5565
6968
7645
7374
5040
6994
6782
4568
3188
2868
4073
4150
155
891
2076
455
3965
3368
6083
2818
1145
287
5670
7091
1038
5659
3627
3397
7370
152
1650
5737
3563
4715
469
4533
1474
6755
6528
6971
425
4594
6645
5650
6080
5591
6652
5327
3168
793
2269
3857
313
352
1694
4282
1943
2206
3868
216
3953
4663
129
3427
2707
3622
1162
6464
255
7702
1991
4611
2293
472
4985
1914
523
2314
265
7479
3924
7656
3130
4983
5358
3382
997
4373
5552
5417
7358
7476
6156
2275
7520
5775
3109
379
5017
6940
508
3920
2427
4619
7981
8119
6618
4231
82
7352
1650
937
7262
378
1894
5769
5983
6125
1708
7476
6129
5671
7768
6048
4617
4221
4291
7507
2836
3508
1528
2256
1275
3089
5868
605
3503
6159
1914
6272
4373
5379
1032
7801
762
3700
2982
6930
6716
6608
4373
6010
3718
6203
1058
3114
8082
51
2166
7587
4060
3759
3776
610
2410
1576
3194
7353
7734
4343
8096
447
3622
7932
469
5367
6129
6757
1337
7232
6232
2614
3827
733
4967
7922
377
3563
459
5478
1513
6571
1694
1652
3776
270
92
3835
6291
3692
1416
3443
3404
4660
5478
5889
62
6010
4611
4678
929
127
2149
3463
8168
3761
8139
4159
7477
505
549
5939
3572
5127
2457
5094
3567
6352
1833
6243
6279
7760
2709
2303
4467
1619
7343
4820
7209
7714
7743
5106
7963
2090
3592
270
1145
1980
6214
4052
6897
2457
7713
2342
4291
4504
7963
6787
5353
2197
624
4836
1104
944
7811
1498
744
945
784
4291
3223
135
7973
5251
44
4717
6968
6107
806
2156
1439
7919
7705
4369
2893
5317
959
5476
2142
5581
3567
5366
3776
4011
2101
7629
4024
5695
4350
7155
1224
6334
6009
6638
6123
8136
1377
3910
441
1797
7818
2519
3627
244
709
6745
5261
7893
2917
7861
4226
2166
3183
3868
5011
5743
2497
7192
6846
4823
5579
2764
2512
5652
3665
1403
1681
6616
5101
2948
567
3718
5090
2984
626
2291
6336
3657
2385
4007
4822
7502
1212
5801
1569
2735
5151
6167
6706
6001
6263
6272
6737
2464
7691
6419
1930
4369
7217
1256
6634
6188
7374
2434
545
3441
1899
5064
1104
1107
545
2022
3911
724
1107
2066
1104
3688
513
1650
35
9
1849
825
7942
6139
181
7638
4611
4562
3784
6214
2411
2713
3194
6106
560
2156
216
6336
4855
7547
1193
2412
7216
4967
904
1023
1347
3688
7557
1483
1857
2830
725
2586
255
4543
3682
6222
5749
7329
5090
2189
2684
7533
4383
4810
5944
1145
7323
7733
2448
6433
837
2654
3271
2722
3001
5364
7704
7919
1578
4934
554
4155
7890
3526
4472
4375
6649
5545
5551
8093
3533
6122
4128
5756
2903
563
7122
5005
762
2439
3559
2978
2696
4000
5847
6175
6543
4045
607
2342
6010
2014
6806
7409
6434
1695
6346
2989
3096
5542
919
5196
6436
987
2099
389
4242
5338
216
6928
6107
2511
3236
6709
2583
2238
2264
2296
4067
5092
1031
6367
6301
3835
2893
2213
6905
4395
2347
6918
4595
3326
7679
1929
8186
4131
5402
7015
1620
2400
3295
3388
3043
6634
7818
1785
449
6408
174
2672
1114
1075
2671
1073
7419
5536
4950
4976
4676
5866
2494
1414
7269
6517
5874
5739
5272
4475
35
6752
7188
5778
4892
7085
5458
4094
5940
100
406
4150
575
2665
123
6879
491
7246
3225
5643
1620
1235
1035
7229
5433
6945
3542
1970
6293
1287
4109
6391
148
3077
8190
1852
6393
2002
2464
2339
4264
1707
3623
5047
736
5422
4793
5151
7312
6053
5798
3661
3449
596
7283
4798
5403
215
2546
6956
4707
4609
7563
67
1564
3252
2494
3773
5534
935
4707
3541
2607
7980
7301
1534
3582
6540
3777
314
1715
3249
3066
2114
6806
5013
3572
1694
3635
7592
7718
7583
6735
372
8190
4664
7063
747
6406
2224
664
7753
5185
2405
419
1660
2764
5150
793
1290
5982
7344
2146
4535
7655
374
5655
3662
1931
5915
