0
0
0
10
0
3
0
1
10
0
0
2
1
3
0
0
0
1
0
1
0
0
7
3
0
0
2
0
0
0
1
1
0
0
0
0
0
0
1
0
0
0
0
0
0
0
0
0
0
0
0
0
0
0
1
0
1
0
0
0
0
0
0
0
2
0
0
0
0
0
1
2
0
0
1
0
0
0
1
0
0
1
0
0
1
0
0
0
0
0
0
0
5
0
0
0
8
0
0
0
0
0
0
0
21
1
0
5
5
4
0
0
0
0
0
0
2
0
5
3
2
4
6
1
0
0
0
1
2
1
0
1
0
1
0
0
0
0
0
1
0
0
0
0
1
0
2
0
0
0
0
1
0
0
0
0
0
0
0
0
0
0
3
0
0
0
0
2
1
0
0
0
1
0
0
0
0
0
0
0
1
0
0
0
0
0
0
0
0
4
0
9
0
0
0
0
0
0
0
0
0
0
0
0
10
9
9
1
2
2
24
5
2
4
0
0
2
9
1
0
1
13
0
1
1
3
1
0
0
1
0
1
0
0
0
0
0
0
0
0
0
0
0
0
0
0
0
0
0
0
0
0
0
10
0
0
4361
1395
6307
297
137
7011
7745
7011
5057
3732
7591
7591
5248
7051
1395
3433
2916
5248
2410
5248
47
591
3577
2916
4291
5997
4340
7910
2405
5997
4950
5997
4796
6262
297
1217
5332
335
1581
1581
1057
208
6895
4851
5332
722
5975
7230
1395
684
7230
6262
1767
684
5403
778
7592
4881
4796
2907
2558
3077
5998
4950
2907
254
2002
5332
2558
1733
7823
6262
684
4017
4353
4385
1009
5332
4830
1046
6735
1105
7823
7230
6735
684
47
684
4291
2916
48
369
2271
3443
7613
1075
7995
335
978
2922
3358
3096
4353
6735
8048
169
2252
4830
2248
4194
7415
2467
3405
1009
30
4504
254
5232
3642
3320
5915
4011
3077
7910
7011
4796
1680
5608
4361
6262
5833
722
541
6124
1395
4830
2558
1362
1965
169
3161
5227
4572
3503
4119
3232
89
6759
3161
5531
7823
1105
1581
684
7613
7823
3469
744
1105
4796
7995
3642
2907
1395
4830
2248
7230
684
7230
6735
4194
4294
7954
3771
584
6449
985
894
3452
6449
4939
6776
4067
4881
684
3642
2002
5403
7827
4011
2459
4835
7592
3186
7995
1965
3740
4934
169
1733
1581
4851
3229
5785
6948
1131
584
2076
7841
3196
6259
4979
6449
5591
7398
1600
1046
297
3358
684
297
3077
6824
7258
4361
7230
1965
7995
4194
7722
1864
4194
6307
471
3348
896
1579
7057
7941
214
6082
7087
260
374
3557
1527
6361
1009
2244
6735
7915
5272
1954
297
3443
8030
7592
5739
4830
684
6660
1217
8048
7915
4700
2799
5344
6520
5754
1209
8006
3001
5340
6639
1243
4888
2496
6276
2186
4858
6321
7823
7995
7592
778
1709
1395
3475
2560
6124
3732
2248
7051
169
2780
1965
2015
2887
5584
6164
2496
5351
3477
704
4448
7784
6761
3291
4507
8106
6415
7861
7823
2679
2002
320
3740
2558
6188
1435
47
1217
2248
48
7592
169
1733
4851
5975
7861
1613
7784
845
4809
3460
6791
4707
4164
4710
6320
211
411
2553
6437
1057
1600
3358
2252
369
30
4700
8065
4796
1217
7230
5232
1767
7230
5403
2015
4290
6864
4766
4120
4053
5579
3389
1209
3625
1836
5112
170
2533
1331
167
3367
925
7823
3358
1046
61
7788
7333
6520
4361
7011
7011
3642
6307
3051
208
7823
369
471
5099
568
4914
5735
5079
5430
4937
4707
8143
5743
3196
4077
277
7805
6138
2353
6386
4329
508
1733
1835
4152
2907
3642
7230
1965
4194
7823
3577
5595
2351
674
1935
858
566
740
5144
353
7490
517
7965
585
250
365
6738
1980
17
3090
4345
1560
4354
7680
6544
3188
4796
4881
3358
1105
491
6689
3718
5578
6994
3221
6066
2943
4649
1849
5637
6129
6631
1231
6536
7111
6041
7000
2792
7158
2893
3883
1307
5834
8174
277
3678
6354
2679
4796
2916
5535
2259
5465
1492
6400
4855
7015
4946
350
8147
4652
3131
5353
1569
3214
2268
6825
4401
1746
67
5512
3351
2187
3537
67
1307
3973
2347
5944
4291
6233
6468
7375
7800
4108
7602
6010
835
4085
4527
5967
7835
1087
6736
3567
3221
7478
467
2197
1569
842
8011
2508
5330
3351
5409
3537
3718
3891
5256
3060
122
1247
3446
225
956
498
1104
7982
4011
3657
6638
1623
3129
4009
6999
6998
2427
7542
5482
2508
4855
2519
1749
4340
4875
6523
1347
5497
2264
7480
4401
1980
8044
5465
4907
7815
3282
7658
1494
1534
3999
483
3003
1104
3980
511
1247
168
5151
7804
6304
3250
2792
3657
3308
7861
7094
6494
1460
1623
692
789
6806
4696
1403
7799
6928
7607
1104
92
3469
2679
7375
7062
5535
449
6234
6823
7735
5967
809
3759
5555
2731
6805
3776
6159
6123
4877
83
6801
4980
4855
6336
3317
1123
8078
3567
3082
7060
132
4361
5833
3358
6999
4767
22
4988
2219
471
5197
5522
5910
4696
3714
2484
3140
7988
2020
7400
4613
1602
6306
4611
809
4855
826
3581
4658
3082
7760
3176
4361
254
6000
1600
7735
1474
2943
2800
491
5384
6468
1788
3135
1336
3272
2024
2051
2993
3657
6400
549
1243
533
90
7146
5968
1730
7923
7843
1968
4354
2130
254
1965
1217
261
2305
4086
8009
8117
4011
3252
5144
3629
3135
7055
4509
1539
5909
4106
4929
3125
2893
6745
6770
2304
2402
7074
4929
3343
2021
6897
4361
7011
5332
4521
5232
932
1773
8031
6557
5614
1314
1132
483
3072
7370
8099
3416
6616
2206
1107
5291
2231
1730
5770
1892
1767
675
4830
5248
3183
2266
2410
7823
254
4521
1965
2137
208
1258
2122
6242
5018
5348
6345
5799
8076
3135
1578
5417
2834
3467
1539
7910
2393
3135
2893
806
3391
4634
5143
7913
2130
7910
2137
4881
1415
4851
1415
3186
2558
3883
7720
5284
243
6307
5688
2658
7460
3828
8009
2834
8184
2402
335
1522
7823
4611
3135
2021
7640
4521
4521
335
5975
2558
3642
2248
4830
6020
1057
4858
1395
6638
2122
5284
1686
5514
6009
7211
4128
2065
7799
8156
7788
675
4634
3391
2248
2558
67
6805
6468
4934
5398
1453
7722
684
4851
7230
1522
722
6124
2248
7011
2658
7919
2353
6437
7415
5833
5844
7367
3783
5048
7739
4634
7845
5975
3186
7845
4858
1105
4855
8185
932
6124
7845
3096
3358
2780
4339
4830
3391
1129
4339
3358
2004
5510
2448
727
2229
1453
6776
3051
631
7269
7924
3571
1217
4353
1430
5975
2015
4851
137
229
4521
3186
335
4700
3358
7915
4830
5975
3642
2248
5975
5143
6386
2020
1226
727
169
4521
5092
4800
1944
7910
6253
4339
4851
6307
978
266
5975
3186
169
4521
722
4851
3186
4729
5232
2015
6124
4290
4851
335
5975
1453
5933
5217
7916
2015
7845
1129
1675
3055
411
7844
3492
7061
335
3051
675
34
1522
1544
4339
1522
7845
1217
1453
7722
1733
5975
7722
263
335
6895
7913
1129
5975
5232
4830
335
4339
3186
3849
7053
390
7844
501
6776
4851
4851
1430
7913
5975
5419
335
3995
7913
1965
4851
208
