0
0
0
10
0
5
0
2
10
2
1
1
0
0
0
0
1
0
0
1
0
0
5
4
0
0
1
1
0
0
1
1
0
0
0
0
0
0
0
0
0
0
0
0
0
0
0
0
0
0
0
0
0
0
1
0
2
0
0
0
0
0
0
0
2
0
0
1
0
0
0
0
0
0
2
0
0
0
0
0
0
0
0
0
0
0
0
0
0
0
0
0
5
0
0
0
7
0
0
0
0
0
0
0
25
1
0
7
6
6
0
0
0
0
0
0
1
0
3
3
0
3
5
1
0
0
0
1
1
1
1
0
0
0
3
0
0
1
0
0
0
1
0
0
0
0
1
0
1
0
0
0
0
0
1
0
0
0
0
0
0
0
0
0
0
0
0
1
0
0
0
1
0
0
1
0
0
0
0
0
1
0
0
0
0
1
0
0
0
3
1
8
0
0
0
0
0
0
0
0
0
0
0
0
10
6
8
2
2
2
24
5
0
3
0
0
0
14
2
0
2
12
0
0
2
2
0
0
0
1
0
1
0
0
0
0
0
0
0
0
0
0
0
0
0
0
0
0
0
0
0
0
0
10
0
0
2684
4291
1075
2907
2405
4478
6295
1050
4796
6660
5576
5255
1768
2967
4605
2764
3740
1217
2227
4615
8039
7890
2214
1343
1155
3402
4880
4852
1291
538
390
7570
1478
6012
1767
361
2558
6681
4771
34
5975
1820
5095
6141
4615
6473
2569
3228
5689
3245
3775
7732
3903
7948
1554
8187
2308
5403
7389
155
5671
5107
2405
7153
7327
2731
2951
6950
4350
791
4292
6199
186
1290
3637
3658
927
7973
549
270
3508
3740
6935
4308
7442
5560
1272
3055
248
7995
5290
1595
3773
876
4796
5403
2829
4046
4493
6307
3515
2430
2161
574
1344
11
2311
7761
449
5256
2098
3881
1652
3150
6912
7740
7442
1733
8159
7520
1395
1488
1576
5608
7591
5248
3391
8023
6052
6235
644
644
3045
3060
1835
6164
3010
904
2496
5820
3678
1968
5910
1099
5910
6325
6673
4441
2015
7699
8083
4788
3052
7153
2764
5232
8030
5332
254
3391
3788
4087
5411
6932
4241
4212
6668
3634
1784
2634
2254
3326
5556
5299
1294
3215
6270
4642
4969
4630
3478
591
6203
7201
2930
4751
6895
6124
3577
5998
2405
7143
4377
3177
6036
4107
3321
1178
3232
2634
1943
6980
1948
1595
7427
4166
3268
5230
3236
5191
3178
2591
5730
361
5752
9
7132
1289
722
3322
7380
2402
5288
5107
239
2967
2967
6249
5187
868
7029
896
214
1787
5013
4450
216
6048
1162
7735
1461
3833
2690
1524
6660
1040
4422
5732
4037
229
4708
3287
1697
6222
4934
2916
2439
2359
4851
4294
4869
5980
5352
3541
450
4061
4289
2156
1894
5407
1644
6363
3567
1695
6957
137
5405
4516
477
3716
492
2244
7592
2832
2347
3598
2597
6735
5131
1851
7924
933
868
7388
2770
7000
4551
7323
2448
762
523
1687
6767
6593
2712
4611
4413
3267
2731
2925
7189
6149
712
6800
3804
791
5820
25
2327
4580
130
6934
2741
1395
5274
2738
2026
7662
7478
2448
4212
107
3125
2943
8084
4313
3416
492
5766
5259
6508
3410
1711
6936
5177
5210
7243
7122
7564
1796
6294
7798
4346
3177
5647
8148
6129
4682
2399
3331
313
3567
2353
1727
4041
3331
5487
6494
5365
992
7090
2372
617
1252
5100
2280
5149
48
2484
835
1941
1232
992
1602
249
7699
6447
88
3273
5001
762
6322
755
4767
6242
100
352
5311
6436
7859
459
651
229
5248
6480
5041
1711
7090
208
3237
5742
3879
237
3773
6005
4765
4718
6393
3806
591
2143
8147
516
5278
2893
4000
2353
4435
5260
3737
2564
6241
6932
1556
3346
8187
4046
7211
5006
6654
3530
5240
6010
2488
5499
505
1991
6862
2916
5801
7995
3950
7376
3673
3646
6237
6399
449
4009
1855
5745
3178
6198
11
1185
1790
1884
1017
2826
3715
2900
1491
7429
2691
7991
5586
4722
3029
6970
8062
7592
83
5226
1290
7722
7239
1780
8159
4988
5772
4017
4019
2186
6948
3232
8
4939
8065
7154
1498
690
2943
4993
7000
1208
6964
6092
2892
5335
3184
3452
1494
835
3457
5587
3044
1407
5175
4926
4217
6577
565
4444
7623
6668
2634
8
536
260
89
6639
5139
4104
2090
6631
1980
3545
2350
5250
3452
6040
2540
6272
308
3044
5041
6784
7972
566
1527
719
962
8185
6138
1995
5783
6198
2634
3947
6954
3947
2254
1823
5066
449
7841
4118
3759
5004
733
6066
1823
6639
3947
6980
4878
6419
836
1119
916
217
7225
1131
2550
4576
8185
8057
5591
1281
2662
7162
437
14
6587
6259
1319
2498
7787
2271
7858
2979
7686
5546
1823
5181
3942
3225
1748
2885
1643
5267
5168
6970
3010
7378
3504
3682
2829
2627
4750
1784
536
1049
3501
6587
1621
536
3001
4993
7179
1448
4461
7658
2157
5522
5944
595
7344
3581
4624
6922
2327
8011
5821
4675
6636
1823
2061
1224
3833
6057
5471
48
2634
3352
211
14
6588
531
1560
5479
3208
3958
5722
3487
2427
505
1802
4396
826
7945
1208
5171
4065
5288
6805
2586
6588
1787
425
6200
523
549
5601
7650
2119
2496
3947
5079
2686
199
1422
2090
8057
1347
5174
7718
6745
1378
6998
553
5462
3953
6557
4600
6973
4844
5968
5868
7956
1595
3592
5325
6399
6208
5256
7395
7257
1617
6348
4289
6743
6139
3936
2412
516
7146
1104
5843
7903
135
6399
701
7465
5556
6984
5805
2361
1684
523
2187
4697
7242
569
6666
7718
1898
7749
6172
3838
7255
7388
5535
2448
6993
4881
3196
7159
516
3879
1801
7367
7870
6744
6006
2670
7903
2197
5308
7239
5967
51
5586
498
3426
316
5772
7201
3003
2139
1283
6208
391
7323
6557
2073
4011
5764
1534
8021
7650
4405
5967
7855
3979
650
2197
6809
6322
1623
6829
4124
377
3827
6337
498
5407
7188
1855
5284
6383
1582
6463
2785
3828
1569
976
780
5591
4094
5821
5948
6346
3892
7146
4715
4276
8094
7370
2197
3963
27
2092
3463
505
7804
6374
3030
2291
3933
8162
6692
6214
5323
4450
4655
7055
6138
6745
7323
5201
4007
4931
5653
4584
4013
2605
3865
1947
6791
7897
5478
6689
2904
1839
5366
3125
5601
2772
3030
5366
2031
2092
5793
1439
2943
2643
5546
4
483
2251
4450
7818
7154
2236
1965
4314
3704
1313
4425
5223
1319
5408
112
6541
3488
5275
6801
270
2361
5484
5556
6557
7887
492
2336
8084
449
2353
6714
1115
5144
27
6383
5820
2436
2271
7089
4655
5038
2434
6515
5185
1824
5112
6705
2130
7861
3481
2318
7143
1513
3056
7697
6304
4694
7860
8080
4722
4697
6745
3538
4640
1107
6214
6872
2712
3028
2459
6179
5115
6741
8004
1699
3541
3414
1823
6791
491
3826
3835
6469
2999
7851
4778
3307
8144
3132
3435
6820
5587
7607
6638
8023
4175
6408
1250
4123
67
5708
34
4340
301
6872
3658
7405
389
7882
7882
3747
3911
7160
7235
2597
3706
361
7746
791
3346
6714
2801
6171
6025
1396
865
6453
3712
785
7913
4398
1107
3687
5521
1118
587
7640
4950
5536
3541
1823
4609
928
2464
4950
