0
0
0
9
0
1
0
1
10
0
4
5
1
0
0
0
0
2
0
0
0
0
9
7
0
0
3
0
0
0
0
1
0
0
0
1
0
0
2
0
0
0
0
0
0
0
0
0
0
0
0
0
0
0
0
0
4
1
0
0
0
0
0
0
4
0
0
2
0
0
1
0
0
0
0
0
0
0
0
0
1
0
0
0
0
0
0
0
0
0
0
0
1
0
0
0
9
0
0
0
0
0
0
0
26
3
0
10
5
5
0
0
0
0
0
0
4
0
4
7
2
4
7
0
0
0
0
0
1
1
1
0
1
0
0
0
1
1
1
0
0
0
0
0
0
0
2
0
0
2
2
1
1
0
2
0
0
0
0
1
0
0
0
0
0
0
0
1
0
0
0
0
0
0
0
0
0
0
0
0
0
0
0
0
0
0
0
0
0
5
0
8
0
0
0
0
0
0
0
0
0
0
0
0
9
7
8
6
5
5
28
3
1
5
3
3
2
17
2
0
2
16
0
0
0
4
0
0
0
1
0
4
0
0
0
0
0
0
0
0
0
0
0
0
0
0
0
0
0
0
0
0
0
10
0
0
2339
3416
2697
5283
4585
5306
7568
2620
4504
1849
8160
5594
7887
7332
2629
7453
7806
7012
6227
5445
4112
536
6227
2441
657
1090
3876
2632
705
5403
6031
5166
7106
1964
3322
5874
4568
1535
6078
5752
5808
1769
1075
2002
6000
5731
6320
5048
4194
4413
6276
6058
158
6041
7235
531
2799
4343
6824
4399
702
7094
8021
1775
1824
541
7601
7226
747
5347
194
3004
390
2489
7063
6983
6307
1870
2512
1534
37
1967
4659
1486
7755
1776
2411
30
4970
5708
7437
5418
4796
1062
6152
7886
3477
2133
736
5853
4400
7442
6070
1600
1620
2489
1620
8187
3469
5166
3453
142
3993
606
5714
7689
6810
7570
6440
4192
5086
743
6319
7620
1944
3414
3120
2131
4399
7866
7299
7885
2894
4017
3445
1245
4315
8118
508
6228
2546
7472
8005
2213
7879
5055
3057
4008
6350
5829
3775
5232
3158
5126
7717
1680
5485
1308
2538
2351
2684
96
6321
1155
5013
6989
7908
1127
7663
3061
4294
8116
6356
5251
1487
4877
4216
5444
8170
3343
483
5702
1181
5077
3542
2464
2805
2907
7882
5232
8069
3911
5701
5129
1158
4374
7910
4940
4209
5681
7119
7463
6041
5173
244
513
4109
5292
6262
4325
4231
8185
4983
1726
1030
2405
1443
7350
3609
7028
2478
915
1535
4707
959
7967
4651
8016
109
4372
7408
3535
5681
460
7901
1150
5852
6790
4175
5292
4950
4849
1451
5011
1697
5306
2041
5857
3229
5681
4217
2271
4215
4759
2105
411
6110
6319
7865
6615
234
369
4236
1260
6776
4892
1550
5655
2949
5596
4479
2975
3851
5928
5976
7261
4568
684
7702
4451
4472
4948
3158
6215
4346
4319
6139
4596
3954
2771
3298
4842
2214
807
2533
2022
3577
6415
3859
3300
3854
5350
5762
6405
2082
686
81
253
2057
4491
2414
5011
7613
1309
5143
197
1744
4055
5077
3566
1047
8172
390
2817
4056
7384
7570
6053
4628
1437
4783
6284
5335
6415
6940
320
7192
3859
1784
4716
2868
4207
4742
4511
4008
3188
1534
8085
208
4920
3120
7106
3414
6012
3055
6599
2895
1907
649
211
3562
6580
6460
1943
7117
796
3576
4789
92
5785
7990
5020
6320
6828
3572
1620
2339
1576
3483
2283
3229
6791
1308
22
4255
4735
4029
2938
740
6327
4340
3835
4123
6761
4888
4094
5382
2254
6189
3576
6377
680
2957
1734
3835
2136
7051
5024
6417
2410
5322
6031
5445
932
3480
310
4718
7484
6031
1534
2283
3732
1021
5132
3014
280
7063
3068
6587
6639
2650
6588
5687
2405
440
6418
1891
755
1628
1924
2356
3610
2271
7484
5173
5682
3667
2544
6041
2654
4623
915
1295
7733
6971
1229
2038
5603
7387
4568
6796
6945
3004
5831
825
3847
5732
4143
2706
2847
6957
1400
2528
6269
3659
4849
3477
6218
6218
3647
6075
7121
4950
4685
7988
2792
8084
2197
523
2434
6675
4649
2691
4499
5326
1531
7261
562
1436
6468
6457
1545
6159
7675
7595
6666
6965
6755
7123
5778
148
6344
2002
5412
4058
5261
1569
6400
6805
2904
4138
3759
6805
1283
2155
1726
5207
2624
2738
5328
3125
1911
247
5634
3971
794
5687
7575
7773
7386
6080
1011
4716
6321
5288
2264
1144
1801
3657
8084
247
1104
1555
4123
3198
624
6534
1827
7733
7164
3714
4231
449
1911
4611
5722
2251
5464
5812
7398
795
2130
5572
4663
7180
389
4704
5186
6408
7375
1628
4450
1587
2579
3394
2722
8072
5910
6523
4527
553
4387
6427
7257
2669
6350
2070
4831
1474
2448
4611
6451
3229
3732
5873
2975
7287
3809
1079
238
173
2770
4094
5515
7430
7713
2600
7306
1599
5328
6862
3247
3820
6998
1599
3359
7536
6010
5286
7062
505
5286
5812
3782
3849
2870
1817
7210
5449
7623
2938
2486
1784
3220
1619
315
2740
3634
2637
1753
7274
2233
5624
7562
2900
5624
7427
1896
6805
1528
2735
4688
5989
350
1104
4560
2548
7462
5266
3077
6517
1870
7082
5188
7160
5024
2746
6010
6555
7702
5383
4988
7367
6291
997
1651
6623
6201
4624
1232
2122
794
1491
7512
3359
1911
4810
6205
91
7757
7587
811
6289
4027
5865
4812
6645
261
6246
7005
7177
2448
6322
5693
6294
1525
2090
6399
8099
239
3458
5334
5495
1489
1390
8168
2368
7480
1489
4435
1365
8176
5172
3585
2854
6454
2458
3274
4533
1771
107
8003
2513
6875
6399
1226
5581
7805
2183
1089
7769
488
4346
7662
5472
2708
1903
4158
5558
6914
6426
6559
1124
8092
4698
4813
504
2916
4741
367
2501
4814
1339
1934
4341
3388
2341
5458
1951
866
5510
2809
350
774
7420
7804
3403
7123
5260
7392
3370
4242
2074
7602
4100
114
5248
139
5220
6475
5322
6761
731
5330
7082
1534
2854
4855
2809
7483
5353
4066
3958
6685
4295
6293
6232
2109
2183
4545
6871
5493
8064
6320
5470
4830
3443
7680
3504
3747
2825
1534
6384
2056
3720
7427
2601
8023
1441
6805
8099
1147
1357
1917
4810
6605
7926
3635
3289
5466
5337
6619
6116
173
8014
5790
7119
1029
5314
170
744
2679
4618
3443
5129
2115
3457
5710
6820
6082
330
7037
8100
2900
3561
2754
3063
3371
7155
508
5048
6047
4691
7367
885
1144
7041
5102
4610
3028
795
7582
6082
531
2690
3904
3600
2271
7882
7258
4202
947
1928
2799
4270
4229
868
1313
6153
1162
2705
7568
331
3068
7601
5497
6132
7773
744
1620
6183
1260
732
531
6228
8047
7561
6615
6724
5668
4472
6393
4796
2459
852
1200
7568
2654
4800
4202
944
966
2217
1699
5077
3960
1273
2676
5888
163
5024
4007
6828
1453
8141
2633
2379
6759
966
5232
2123
2498
1289
7757
7902
5731
5469
3115
6391
4953
7059
6791
2653
2266
5517
254
5102
739
960
7506
4255
1680
4575
5220
795
1200
6929
1027
4082
2316
5681
215
932
7997
3533
3847
1733
4702
7424
7585
2137
1416
4722
6722
5309
3767
2780
4491
2533
2773
7028
5629
4950
1836
2560
4422
3161
5531
4525
7950
7561
7294
2676
2676
