0
0
0
11
2
0
0
1
9
0
2
2
0
0
0
0
2
0
0
0
0
0
10
7
0
0
0
0
0
0
2
0
0
0
0
0
0
0
2
0
0
0
0
0
0
0
0
0
0
0
0
0
0
1
0
0
2
0
0
0
0
0
0
0
4
0
0
0
0
0
0
1
0
0
1
0
0
0
0
0
0
0
0
0
0
0
0
0
0
0
0
0
5
0
0
0
7
0
0
0
0
0
0
0
21
1
0
4
6
3
0
0
0
0
0
1
1
0
2
10
2
2
1
2
0
0
0
0
2
0
1
1
1
0
1
0
0
0
0
0
0
1
1
0
0
0
3
1
1
0
0
0
0
0
0
0
0
0
0
0
0
0
2
1
0
0
1
1
0
0
0
0
0
0
0
0
0
0
0
0
1
0
0
0
0
0
0
0
0
1
0
10
0
1
0
0
0
0
0
0
0
0
0
0
10
3
8
2
2
1
25
4
0
2
2
1
0
14
2
2
0
14
0
0
1
1
0
0
0
1
0
1
0
0
0
0
0
0
0
0
0
0
0
0
0
0
0
0
0
0
0
0
0
10
0
0
4881
6263
7945
788
5844
335
1282
933
3793
7537
4217
5151
6756
4758
6436
2280
3995
5191
7442
6895
2805
733
61
2887
5189
4238
778
332
5230
6649
3067
201
2573
4194
6035
7287
3654
4545
5969
7817
5023
6073
6200
3245
1213
4856
3407
1613
1733
1670
4441
4562
484
4514
6304
310
434
2907
4667
3536
2410
2679
283
591
6827
6983
1527
6335
3614
1290
8023
2633
1656
4563
6369
1473
4038
5443
7172
7415
7699
2119
7287
5272
2127
691
1056
7239
933
7823
6263
3933
651
5748
4202
7070
263
4413
3812
1012
6787
7258
4011
5039
1805
7804
1861
2516
7056
1981
970
5374
403
8136
4109
3775
3264
5576
2726
1055
4170
2884
6307
5321
1138
7123
2894
4858
2799
36
2280
1028
6598
811
3726
3607
4059
2649
5817
5340
1083
5459
6125
3613
3833
7704
1087
7713
6055
683
4124
7226
5707
1097
3924
1958
2308
6864
6450
1090
6927
7229
1544
1402
6137
4476
3728
884
2826
712
6069
1937
7011
6383
168
1259
8064
4518
2540
6941
4379
129
5911
3995
708
5761
4546
1623
2365
1078
7828
5770
4852
1468
3922
793
1523
2591
3082
5232
69
5543
4152
7209
3936
2546
3271
904
4843
787
5527
8177
4958
4523
3486
5952
6919
947
3480
4153
137
5489
1822
925
6877
3761
4211
2385
2929
2466
6139
2393
7592
1290
7061
4833
5802
2501
904
5104
5351
6189
6996
803
6066
3486
456
3008
5050
6238
2420
7995
1416
1587
1798
6955
5907
5337
1799
2109
2917
1947
3377
6907
753
1322
6988
1441
673
7894
896
2496
536
4092
6661
5048
896
4874
308
5250
7416
7908
540
7180
2054
4019
7254
8040
5868
16
7882
1319
7782
4058
7686
8138
4309
6889
3632
3598
4007
1940
3010
5314
2854
2405
3947
5214
2988
6639
14
2496
7162
7472
6253
2825
6279
7658
4741
1117
2464
1137
7093
4881
7343
4309
3348
1856
4998
3036
7106
2954
8067
3102
3037
5112
2089
215
1849
6553
4874
8167
1550
744
5709
7740
750
109
5659
8103
208
8043
4082
8103
3167
3682
1677
7180
8092
4492
5063
623
7562
7404
440
3704
3726
6266
5344
8171
5077
1778
2339
500
5952
7989
7400
7675
7995
4561
7938
4521
981
229
1548
5896
5920
5840
2512
6517
6656
83
5910
56
6891
3659
4663
7650
2347
8100
5269
3253
2661
5855
3892
6448
5484
8091
1707
6387
7829
1053
8135
3480
3849
5999
2663
8023
5482
7093
1775
6737
7894
6971
5416
5549
107
2655
6201
7950
1986
8084
2982
374
4683
4277
6662
1336
4874
1487
1898
7240
1515
2893
1606
1824
1308
2238
4088
6795
211
2329
255
1177
6971
2428
5082
5246
160
89
3206
5980
4401
5968
2112
1944
7438
8076
2959
5007
1183
7460
2020
3549
1650
3578
5770
2684
1584
7243
1988
2493
7730
7908
7294
6805
2792
3610
2366
3883
4000
4947
7501
6692
5330
2982
4175
419
7687
2982
4132
4280
1753
4961
1229
755
7822
5820
709
3170
6708
4484
1319
1288
4504
3038
3039
7602
4792
6380
350
67
171
3045
7974
253
2908
6059
744
7562
523
1727
7977
4280
5940
3317
4258
2508
5927
4777
6224
1619
7163
6508
5840
2271
5654
8010
4373
7654
2817
4810
2264
4863
3045
6692
4810
5311
8048
7235
1680
8033
3567
4890
2897
1104
1827
7736
7460
6443
270
2331
4142
5476
1394
4616
853
8092
5322
5130
3185
1365
6366
1328
5940
7547
6692
6862
6006
3178
782
7034
6007
2342
4401
6971
624
5135
2682
6201
7096
6106
4919
4515
7644
7587
7524
6758
1824
7682
4639
1024
1823
8159
3190
7438
6850
516
1525
2955
889
8128
8048
3358
7604
7896
1352
3865
3567
2266
3441
7323
1100
5188
51
1180
2787
1824
3092
5994
2223
6987
900
4898
4732
681
6322
3903
3627
4637
648
2457
1589
5048
2057
5028
2434
67
7743
5855
3282
1218
1711
5655
3592
7657
1708
3149
1004
1924
731
5749
1336
2934
2515
6683
7692
1852
4824
1429
391
5311
6873
6968
272
4100
3896
1988
2508
2291
2231
4823
6460
6577
1827
4696
4325
3463
6299
306
5868
3391
2784
6617
7074
705
2235
5430
4311
2166
932
117
1908
7195
7650
1443
1534
5891
2271
3835
3371
4423
4855
2726
1658
3077
5917
826
6603
1502
3646
6299
7282
7877
1871
4385
7074
5020
2907
5485
7063
7823
3274
1288
6498
5949
3835
5994
5187
5166
2466
6163
7720
1458
306
2414
5048
5113
730
7381
944
3647
1930
5330
3857
7679
6926
5363
3934
5717
4806
411
28
4698
1140
4812
6005
6243
3115
4875
7782
1139
6304
4579
937
1724
4691
6092
2217
7968
6282
6727
8060
5906
2217
1398
5185
6761
5660
3586
6295
5973
7923
3188
2257
4343
6313
6993
788
5627
14
2464
5482
3600
3487
2173
3092
2815
923
1488
382
5736
4255
1329
6000
5485
3186
5725
7328
4822
6330
2389
4856
4259
5882
7013
4881
2826
4294
5273
899
3702
1776
531
3443
5689
749
7408
623
3435
7093
215
1415
3647
3541
1595
1415
7435
1473
5975
4990
3245
6330
3010
5038
2791
1928
2929
5096
6445
5163
482
1769
3862
7098
1062
7933
1127
1103
6677
2777
2603
2244
4707
8103
6778
3205
2640
2448
6737
2105
2476
7218
2137
947
2496
7304
4120
4346
4379
2753
6453
1816
900
3390
6021
5882
4927
5694
6005
8025
5220
568
3679
1872
536
4634
727
5896
559
3851
4242
7131
4840
7887
7011
3844
6831
48
5984
2777
1308
3274
2346
3776
1600
7780
6009
5964
3186
6590
1473
61
7584
3284
4242
3134
7784
2304
3469
8044
5408
6215
6393
5660
8030
61
372
1810
450
6135
3577
7089
1448
2929
1751
3824
7512
3682
6332
5853
6568
3599
2459
4017
297
3173
825
4053
845
7784
2343
6760
7777
3959
4304
2795
7910
5364
1706
6533
6060
390
3134
1932
2586
5419
3941
2802
4601
7663
3326
4794
8092
6571
7980
8034
948
744
1093
4154
3888
3842
6193
4479
6321
7077
1751
8187
471
8030
1206
3166
3304
