0
0
0
10
0
0
0
2
9
0
2
1
1
0
0
0
0
1
0
0
0
0
10
4
0
0
1
0
0
0
1
1
0
0
0
0
0
0
1
0
0
0
0
0
0
0
0
0
0
0
0
0
0
0
0
0
2
0
2
0
0
0
0
0
6
0
1
1
0
0
1
0
0
1
0
0
0
0
1
1
0
0
0
1
1
0
0
0
0
0
0
0
1
0
0
1
10
0
0
0
0
0
0
0
22
1
0
8
6
4
0
0
0
0
0
0
3
0
1
5
2
2
5
2
0
0
0
0
0
0
2
1
2
0
3
0
0
0
0
0
0
0
1
0
0
0
2
0
1
1
0
0
0
1
0
0
1
0
0
0
0
0
1
0
0
0
0
2
0
0
0
0
0
0
0
0
0
0
0
1
0
0
0
0
0
0
0
0
0
2
0
6
0
0
0
0
0
0
0
0
0
0
0
0
11
6
6
6
5
4
28
4
1
1
0
0
3
16
0
0
2
15
0
0
1
2
1
1
0
1
0
2
0
0
0
0
0
0
0
0
0
0
0
0
0
0
0
0
0
0
0
0
0
10
0
0
5800
4747
4426
6859
5394
2451
4432
6383
3492
1547
6317
2504
301
1046
4992
2076
8106
2747
3288
1819
2421
2513
4524
2601
5739
7689
1234
176
1043
2296
3716
1023
3996
7472
6751
4901
5787
6759
4641
5675
5627
3697
4889
3282
255
1964
2949
6953
2778
2558
5537
276
7344
2497
3153
5066
2901
2004
331
2939
3154
7676
785
7995
2178
4075
6311
39
2402
538
7938
4871
4806
602
534
5317
2983
1047
7577
4624
2684
6948
1584
698
392
7747
5670
7311
2594
6765
612
6930
266
6068
4202
7345
3170
3064
229
4900
1440
3271
1989
1137
4413
7782
2860
7345
7381
7415
2405
1067
6997
4175
121
7704
4720
6236
2421
4158
701
2086
745
612
3985
5151
7545
4237
1716
6679
205
2663
4542
6212
6939
3695
2499
94
3669
4528
4096
7349
7438
5207
6708
4878
3475
4966
6928
287
7607
2094
8149
6662
2706
4871
162
3446
6151
1273
3300
2324
1358
2447
1553
5511
4700
1589
1740
4524
3859
3771
6040
1943
4916
1437
6996
7190
4408
378
755
3622
968
8084
6971
5455
7604
2779
2982
4446
4052
6411
4070
4017
7011
4606
1207
5185
4264
5542
7569
8177
787
4618
3576
7117
4148
3501
7406
2892
6866
3130
6762
745
4718
1725
7212
1545
2024
6971
847
101
5125
6284
3790
811
3642
3222
4216
2773
6259
207
3832
3452
4229
3159
4182
4372
3893
5690
7162
904
4275
6349
7783
7815
2285
259
4750
2526
6458
7442
2450
5695
7259
1331
4491
2137
6988
3884
3580
4488
3388
4390
3008
6066
2516
6940
395
4484
3205
1943
6189
1010
373
1064
7449
6534
6677
4092
6361
5302
4094
6468
2868
5520
2502
6945
6361
2435
4528
456
7278
3241
6463
1615
3029
5340
5785
3120
4679
3860
3942
6744
704
6164
999
4575
5599
7089
418
1852
994
7160
2182
559
6791
5846
6218
5266
7004
1266
2662
2629
48
3185
1075
1437
3452
3726
5735
6354
432
6189
238
450
5112
2650
3642
2171
1545
1206
4395
1743
1934
3741
7063
7253
7663
1989
6415
1234
4270
5314
3123
3389
2850
2936
4090
7623
5423
3120
4794
5982
5850
6289
4094
1125
4372
421
2907
4397
2007
8009
1654
3014
4527
6523
4874
6850
6036
7294
5092
6065
6950
1062
1579
692
4983
5981
7629
7696
2076
2229
12
6980
5112
411
6619
7984
6587
7405
3096
7648
7367
1704
7082
1930
2098
7174
7657
2715
4315
263
1698
1748
2409
1104
2594
5609
6755
7317
5692
3170
5725
5902
5024
450
3352
5181
4293
6954
4255
2764
1442
861
846
672
5746
3130
3118
2427
6399
483
3886
1502
7779
6791
2770
1898
1431
7643
390
2235
7438
118
4199
2426
5762
1029
968
6821
4789
6922
3148
7444
2397
2918
3331
2706
6399
5325
7258
2737
7523
5144
5144
97
4944
1789
6971
1608
365
850
3521
4512
976
5565
3283
2305
7452
4471
7482
4894
6744
1199
5673
111
5328
7879
2405
5111
1541
6106
1460
5596
5826
1396
5261
2540
1311
5840
3325
1608
4180
4179
7687
1302
7875
7787
3815
5574
5935
3881
7173
4663
5446
523
4360
493
4611
3850
1323
527
7822
7270
5260
8185
6535
5507
6467
1827
2760
1631
1476
1405
6867
92
1802
961
2139
2702
415
1652
6765
4455
3282
3215
697
6383
5856
445
7194
5565
4149
7734
1138
4452
1110
6242
4814
1279
6357
3578
2104
491
3437
1489
1590
1802
5991
6557
3887
985
5880
4168
5533
655
8091
2174
4307
4450
3567
6999
3116
353
306
3838
6971
611
5899
3279
6106
2320
6791
2547
5865
4341
7278
1659
5088
4258
323
3309
6284
2784
1640
7307
3417
2050
5460
4831
6688
1130
4872
7400
2656
6747
5835
6638
1282
2955
3468
2233
1276
3388
3237
1024
5509
5687
3634
1560
2094
3519
7381
3426
5024
6767
4637
7847
3437
7353
3048
1992
3366
4939
4696
6557
5455
7007
4110
6125
2007
7323
7949
3046
3692
1107
3838
3542
2023
5165
4693
1398
498
4855
2319
2894
2907
4388
5510
2982
2730
5458
5612
3476
4483
7029
5196
3282
1608
2792
2564
3559
4021
5284
2834
4119
4092
5359
7177
7505
5220
559
3045
7147
5935
7438
378
1029
3893
6762
8003
4752
3270
7800
6270
1555
166
4291
7396
4696
1571
6181
4083
3495
5317
1079
6631
7557
3835
470
6092
4214
1497
1050
6010
7101
7438
6314
4319
4716
2407
2011
5940
6855
442
2449
498
8035
7977
4950
6548
996
3282
7919
6242
5312
3726
7420
945
4051
4150
3020
3325
3821
3483
6053
5714
5641
2893
2435
2405
7011
1439
2792
5991
6314
7934
1208
7742
7318
1165
5997
7806
558
6296
2341
5834
2090
1657
886
7420
7111
5785
7910
2308
6141
3440
5112
5801
6984
7671
7378
2684
421
4829
7460
2457
8020
1599
1619
1387
487
3112
2679
1997
7229
189
4872
6224
449
6350
2663
6732
6614
5785
5364
6799
6469
2512
2115
1090
7043
2874
6552
8011
5220
4862
3915
5991
1436
1560
3135
1229
3463
16
1182
1709
5029
1513
2439
1079
1079
4421
2405
2649
7406
3538
5576
2042
4022
2856
4809
6031
6666
2770
6358
7980
5778
1041
498
5274
3054
7440
5699
2559
6229
3994
123
5682
308
5324
7479
2342
6105
8171
820
6233
3286
4796
6000
1965
1989
2766
3911
5507
5992
1387
3224
4294
39
6565
1891
7404
294
2444
1640
4539
5050
2429
974
5629
1209
4341
7613
566
4879
69
6626
5279
7223
2374
6549
7995
763
1450
4343
6276
7075
394
5232
6228
4162
722
3295
6561
6727
7542
6143
2951
7437
5249
1669
1835
1597
1255
3433
6031
4352
999
6535
2441
3274
7915
3043
6009
6409
6230
2672
1620
2610
1057
6820
7887
2999
4319
2865
2256
5081
5684
6064
920
2916
763
5067
7302
7663
1856
2558
4150
2114
3863
1664
7063
1965
4056
7722
2405
1345
5712
5224
3585
6417
5710
5993
7441
3934
6722
4069
2251
5324
5756
7592
7595
2753
727
6775
6013
2063
5877
6041
6215
4147
2186
4114
2494
1395
2520
83
5921
1973
2672
3860
