0
0
0
10
0
1
0
2
10
0
2
2
0
0
0
0
0
2
0
0
0
0
9
6
0
0
3
1
0
0
0
0
0
0
0
0
0
0
0
0
0
0
0
0
0
0
0
0
0
0
0
0
0
1
0
0
1
0
1
0
0
0
0
0
1
0
0
0
0
0
0
0
0
0
1
0
0
1
0
0
1
0
0
0
0
0
0
0
0
0
0
0
8
0
0
0
9
0
0
0
0
0
0
0
18
1
0
7
8
2
0
0
0
0
0
2
4
0
3
6
2
3
3
0
0
0
0
0
1
0
0
1
1
0
0
0
0
1
0
0
0
0
0
0
0
0
0
0
3
0
0
0
0
0
0
0
0
0
0
0
1
1
1
0
0
0
0
0
0
0
0
0
0
0
0
0
0
0
0
0
0
0
0
0
0
0
0
0
0
5
0
15
0
0
0
0
0
0
0
0
0
0
0
0
12
3
11
2
1
2
26
1
1
0
3
1
0
10
0
2
1
12
0
0
1
2
0
0
0
1
0
4
0
0
0
0
0
0
0
0
0
0
0
0
0
0
0
0
0
0
0
0
0
10
0
0
2958
1932
3454
7679
7882
6332
6638
2066
2732
1948
1774
45
5013
5643
6135
559
3542
1038
5031
4429
283
6796
4139
4233
2066
6320
5620
1156
4326
6796
1049
7901
5661
4091
6588
5618
4178
1319
2066
5690
3641
5889
1824
4920
6164
5798
2736
6191
7596
8025
4004
6041
2489
1787
6384
1970
7871
5786
4291
6454
6414
4701
4202
7967
3220
6552
6320
5165
1967
2513
5531
3542
1803
6845
7931
3414
6384
6031
3504
5482
5279
1425
811
518
2808
5623
4406
6384
6320
92
4569
6384
6384
138
4880
5475
4479
2582
1080
1803
5661
4448
5874
4412
1155
4207
4120
6384
8151
6677
4233
5436
4618
1620
3698
4554
5279
744
4507
7967
2353
6945
6761
1280
2423
5220
2223
7916
3661
7940
7108
4341
6791
1672
7428
3881
1392
3449
764
4484
2533
1899
6864
960
4950
5131
1255
2271
4794
5150
4623
3096
3480
3386
3666
2802
5536
3348
5371
849
7246
47
5107
3256
794
1762
7150
707
6676
231
1887
6721
5539
6837
1844
7218
2280
4543
4931
3722
7012
1234
4628
2516
4817
3986
5985
2629
2150
3226
4487
683
1129
254
717
2213
3135
498
2234
5564
5465
74
4354
6498
2934
6485
1913
5878
3559
5223
4531
109
7209
6791
6355
5293
4942
2053
288
2034
7384
3359
2146
6188
4569
522
8005
1326
2213
2148
3283
6639
3576
6189
3631
7784
2934
4722
6377
2540
5848
322
1188
1497
881
7232
6589
6238
2286
2986
4067
2950
6480
6070
6442
5100
2768
5179
3761
7429
2991
7400
1467
5821
6948
5997
2405
1534
3469
2405
3993
7482
1360
498
6666
5408
7800
7028
5501
8047
5547
1931
3715
4085
4325
6594
1711
6372
7362
3446
1844
794
4395
1280
5672
4939
2560
825
4609
7196
7717
5514
1944
5314
1131
4819
1604
3451
2706
4316
7674
7332
4651
7138
5587
3045
7327
5964
1009
5006
1489
6957
3836
4541
1193
4580
4722
6066
2892
2405
7596
783
4950
4609
783
7784
1010
656
5475
5219
1622
2884
6349
4507
7938
5933
2446
4211
3732
3044
5187
5063
7538
313
7734
498
3729
3947
2175
1234
5145
1607
6761
6393
7901
421
3223
8046
2076
6501
1021
5155
1305
2669
1977
4697
1524
304
3623
502
4766
1838
4213
7890
3295
3295
7476
8062
5806
3413
1823
6499
8060
3892
1424
2892
5185
7989
7162
5145
7197
1357
1978
3030
2098
2134
2360
7988
7346
6363
5226
4077
5232
7664
3819
1333
6971
498
7374
2897
1862
5314
2634
5091
2112
6189
6789
4094
1613
6066
6532
7916
440
3809
3559
7257
1555
4974
4395
4091
4282
687
1628
4998
4385
7957
2470
3165
7429
5125
2177
2351
8036
243
3068
4479
3892
6189
811
3947
3253
2254
3785
3809
4297
5574
491
3973
7975
4676
1604
8076
2305
2655
1378
3995
4778
5451
5914
3487
6646
107
6493
7346
5261
3238
3148
3690
4507
1062
5340
437
2062
214
5091
973
6818
7679
5889
1292
3698
5392
2094
3881
4443
1309
7776
8039
5888
1213
181
6829
4660
2158
498
326
1692
4855
3373
5957
5013
5945
4914
3427
1688
6954
6038
2339
2715
3339
1163
5593
5409
859
3030
7386
1687
5018
5150
5688
5601
5092
156
4920
7438
1654
6488
1977
1545
4855
7687
7371
3226
6818
3469
1776
4419
3350
4733
837
2064
2496
6613
4678
4816
5740
3832
222
888
498
6940
304
2597
5422
8021
2182
7919
6194
1563
1541
6010
8084
4256
6046
7657
8044
6523
4842
365
7970
6554
2475
4334
2267
3135
5549
4727
4894
6755
1460
3675
7266
3131
3168
3360
4878
6588
5116
7257
6909
3282
6057
5311
4441
2770
6399
6400
1080
7834
5240
5274
3135
5552
2706
303
1489
1891
5558
2026
4478
7942
6766
3595
5267
4495
6237
2029
4568
7548
7739
3273
5353
923
3337
6714
5740
3879
8134
489
5460
7903
2668
6010
7043
1730
4884
5379
2331
6957
7879
7179
2026
35
3168
3919
3838
6440
7692
4812
1466
5350
4515
8072
5770
3919
1184
3987
926
2879
4665
6692
6692
4282
1911
3659
7181
5759
2023
5241
4195
7668
4401
3881
7994
7259
7012
1709
1837
3978
5921
97
5781
6454
1776
1968
3919
6414
7757
4958
794
1555
3514
7214
7469
1000
1229
3659
6971
7538
7667
6495
648
7358
4434
2434
498
4922
2753
6571
7910
1628
6994
1395
1030
3284
1948
1614
3308
4385
523
5505
5927
7361
1730
2310
4730
3521
4527
6999
5379
2508
4130
5939
2005
3486
19
7460
1397
4890
3256
4329
7995
5364
6054
5340
2635
5965
7178
6548
4546
3879
4862
2879
51
5642
7931
4983
1104
2213
7697
7438
3256
2735
2959
3387
8186
7375
4333
1557
2291
3135
6805
5375
5178
2631
7887
3445
6979
6640
534
7798
1895
7242
5617
3657
5564
4437
3083
7469
4980
2991
7400
1727
2158
5340
6401
5462
4980
5835
4958
3003
5539
599
166
6998
4608
2459
2002
6967
7781
727
5371
7173
6523
2382
2320
5392
5330
7430
6425
1104
1374
3869
67
4752
2921
7411
6746
755
1728
1753
762
2354
1377
2521
4344
723
243
7860
4472
7389
1556
3162
2663
2993
7697
6201
2955
8119
5346
3857
5585
5016
8166
3836
687
7460
6418
6517
5165
6932
6909
8170
2583
4078
1576
2184
1105
487
4297
1907
3443
7398
139
6131
5434
784
4789
4781
4999
5842
459
3566
1551
112
418
5406
4715
1149
7291
4753
6791
4878
596
5917
7523
3836
1783
418
4644
5890
3391
7362
3363
5948
3363
6544
1937
2175
2625
4332
5945
4159
5078
5407
570
7416
7901
2156
6132
2357
5522
985
7615
4290
8121
6304
1460
6897
2564
3254
2854
2465
906
83
5413
5363
3843
4238
7218
6796
217
5687
4242
4512
6964
1458
7111
4568
5412
2954
4535
2867
7564
7160
6168
5767
6776
951
1324
7085
2158
4291
4700
4339
5715
7749
5133
4339
2426
8111
7524
7160
3077
1544
7820
2997
1343
157
5746
5536
4628
5690
7122
6686
5986
1550
5874
2648
675
6735
6571
1280
7187
2105
4340
5921
6508
5403
5829
2338
6076
6830
920
