0
0
0
9
4
4
0
1
9
0
1
3
0
0
0
0
2
2
0
0
0
0
6
4
0
0
3
0
0
0
0
1
0
0
0
0
0
0
0
0
0
0
0
0
0
0
0
0
0
0
0
0
0
1
1
0
5
0
0
0
0
0
0
0
2
0
0
0
0
0
0
0
0
1
1
0
0
0
0
1
0
0
0
0
0
0
0
0
0
0
0
0
0
0
0
0
9
1
0
0
0
0
0
0
19
2
0
7
4
7
0
0
0
0
0
0
3
0
6
4
0
5
3
0
0
0
0
1
3
1
0
0
1
1
3
0
0
1
0
0
0
0
0
0
1
0
0
0
2
0
0
0
0
0
1
1
0
0
0
0
0
0
0
0
0
0
0
0
0
0
1
1
0
0
1
0
0
2
0
0
1
0
0
0
0
1
0
0
0
1
0
8
0
0
0
0
0
0
0
0
0
0
0
0
9
11
8
6
5
5
25
5
1
6
1
1
0
8
4
0
0
13
0
0
1
4
0
0
0
1
0
1
0
0
0
0
0
0
0
0
0
0
0
0
0
0
0
0
0
0
0
0
0
10
0
0
208
248
3949
5789
5021
1740
2214
5374
1831
6596
5915
7745
4491
4618
722
3161
6926
7235
6307
1204
48
2410
1253
4729
3598
4851
2002
7995
7995
3348
5185
5715
1949
2015
6634
3063
6549
1040
2152
1581
5507
7798
1217
8190
3790
2459
6735
1965
2390
4660
2460
7570
1281
158
7256
4700
5210
507
1535
6307
1272
6648
5701
3876
5608
7039
999
2661
675
4109
2002
2130
5514
3572
5171
3654
4708
649
1023
4360
6688
6534
1431
4340
5403
5402
5890
2228
2273
568
937
4310
6321
1661
536
1275
8105
5653
6121
3995
1939
2130
4881
3196
4788
137
1914
163
591
3334
5327
1710
4752
3518
2228
7011
6141
8187
1395
7230
2558
4339
4270
3699
6262
2219
2496
2957
3229
2001
501
492
3170
3600
1319
5048
1935
3605
599
2888
4667
7212
8054
7974
5299
5262
4349
1733
1591
6623
6010
1140
7507
7755
6082
4242
7493
6000
3600
2418
6000
5647
1971
3391
4249
722
740
3212
4440
5597
4430
5270
3003
1855
4144
4617
7066
7349
210
2264
1741
1727
3836
4929
3862
7011
4521
6307
5839
320
2137
3637
1824
1217
2252
5531
7913
6441
3647
7102
7729
1992
4244
4868
5699
1376
6314
2039
6910
715
3190
4750
2990
291
6957
6997
7371
5153
1353
8088
7722
6262
5805
5140
1415
2280
7908
1430
5187
1009
3107
2599
1477
3362
6172
5554
874
4839
7068
4373
1781
7188
4663
3104
3437
3178
5055
5383
7480
7370
2722
6721
4340
4851
7344
320
3577
7867
5630
3740
690
6855
5624
5246
6905
1922
2599
3827
6688
206
4088
1799
37
6070
1107
1802
4856
6555
7855
7743
3243
8099
176
5377
7416
7739
7143
384
7882
1415
2555
1451
265
4440
6763
3105
1256
6046
4629
850
923
1971
584
6139
6198
4789
4525
6649
1855
1940
5770
5377
5185
763
20
4159
3717
4855
6494
5132
169
1660
4536
161
4180
7504
3567
8140
8007
2420
983
1911
1494
4524
5739
3077
3576
4110
5475
1243
2956
3470
2684
1883
3193
5348
4855
2740
2809
1336
5512
7261
208
4796
7111
3794
5262
2237
7352
761
408
4501
6656
7416
5672
731
3785
8030
4707
3077
6436
4979
3785
5403
5144
6175
2195
2353
3446
1711
1725
3998
1552
2118
1395
3835
7497
8056
5202
687
5353
8145
1868
5787
6040
2041
2532
7205
4789
4004
12
4094
5750
5168
6449
5335
7706
6268
354
7743
2897
2897
6151
1762
1275
857
3700
1557
6037
6280
4180
1022
2307
5424
4553
83
320
2178
1830
6761
1049
7676
7277
8030
3785
2199
1971
5743
4800
1407
1235
2622
4560
7174
8074
6138
4967
3637
1557
2237
3034
3034
3034
1271
3034
5593
3097
4633
4789
5168
3077
6761
5470
7497
704
7882
2512
6979
985
3575
6303
6358
535
7060
70
3516
5230
6242
4369
6657
2307
5932
3040
2814
5262
3195
6855
761
6097
5911
6066
6189
6139
536
8030
6761
1301
271
3174
3602
2987
8073
942
7483
6125
368
1728
5683
7080
6754
3718
2004
3966
2852
5262
3215
7370
7066
7659
236
4440
5328
5250
3790
2178
3575
4372
2184
6189
6456
4789
595
432
1830
7998
5702
6694
7101
3308
5578
7562
927
1474
4688
7502
2669
4282
3846
8183
1387
7668
5556
790
4009
5384
7093
2968
7916
4702
3077
1037
4819
14
3575
3129
845
5071
426
1085
8183
7899
2621
4381
6634
5416
1229
6965
4682
5262
5674
6314
452
312
161
7066
6766
6894
4022
1424
5168
8155
5066
4399
5112
4027
2303
574
6132
5203
238
3813
2098
2237
929
5353
2972
5581
5346
3779
1332
236
6067
7016
4073
5235
5597
6910
1911
6653
5894
5736
7929
4492
1792
4331
14
872
2499
5417
2985
181
2955
4259
7127
7326
1477
6277
1104
7738
4492
4007
5034
3009
7381
6240
4682
7969
6763
771
2311
5262
1631
3836
5353
729
6016
959
3806
7201
273
5263
1695
4930
7401
2722
1816
3223
5771
7062
2550
8134
1376
8128
161
178
3040
6751
1912
4014
2083
3476
5262
2435
8084
4158
4899
6019
2770
6283
7230
1239
3053
3447
3827
379
962
6356
3388
2765
6227
4855
4875
2847
8171
5262
6269
161
5676
147
8134
5910
3476
3873
4157
7743
3104
3583
3704
6298
1431
4257
4789
3956
4629
2750
1071
3926
5769
5407
1649
8003
5492
5874
7165
7879
5159
3724
1558
4982
2706
765
6734
5978
6813
5253
4663
6506
3873
293
3312
1383
830
661
5586
733
1868
231
1089
3866
7540
7612
2647
6279
3657
83
6089
4242
6540
1765
6091
1050
4224
4090
577
5861
6840
6751
5796
4720
345
8084
3104
7168
5808
5262
5462
724
7349
4728
5842
5922
2888
7981
2427
172
7855
7400
6243
8187
7722
4340
7415
951
673
700
4682
6180
8007
523
6930
4629
7248
5796
342
4137
2573
1868
4966
1145
4922
1455
439
1695
789
5539
5809
2519
7371
5702
1506
6290
7155
6372
7723
208
141
4682
7095
4113
4244
7220
2821
5861
1528
7729
5907
7073
187
1868
4244
1802
6611
1337
2564
6047
2769
605
5151
7111
5260
2142
2104
126
6907
3925
2265
8187
3657
6101
5617
5060
4931
3856
5910
2528
1486
3514
7412
1013
3496
1387
313
8005
1197
6596
701
3686
691
7349
8185
3410
732
2259
5785
295
7191
1428
6307
5531
6645
404
332
6965
2818
7073
5869
4113
3419
4258
2769
2740
1387
3397
7249
6767
6017
1294
7066
1396
6031
6080
1378
4024
7396
7960
8075
6569
8107
5247
5277
2374
6724
6604
2752
4286
5683
1528
1297
5299
7772
3866
5358
3817
3496
7066
7538
3948
4434
4982
1555
6138
5024
2957
5719
6862
5024
1021
3732
2119
4003
2753
4232
8021
1667
436
3856
3104
3201
6842
6140
5861
4286
1891
584
205
3496
1484
5158
6950
6840
7729
1710
3226
4194
2558
404
1217
4881
6307
6660
4623
1919
3849
331
3263
1929
1009
7200
2154
7374
4007
6222
4144
8185
4226
7592
5043
6037
1528
160
1105
678
5699
4620
707
7699
6307
6307
2002
2635
492
3732
4737
1331
