0
0
0
10
0
10
0
1
11
1
0
0
0
1
0
1
1
2
0
0
0
1
0
0
0
0
4
1
0
0
1
0
0
0
0
0
0
0
0
0
0
0
0
0
0
0
0
0
0
0
0
0
0
1
0
0
0
1
0
0
0
0
0
0
2
0
0
0
0
0
1
0
0
0
0
0
0
4
1
0
0
0
1
0
0
0
0
0
0
0
5
0
0
0
0
1
9
0
0
0
0
0
0
0
28
0
0
6
8
7
0
0
0
0
0
1
6
0
0
0
0
0
6
1
0
3
0
0
1
1
0
0
3
0
4
0
0
0
1
0
0
0
0
0
2
0
0
0
1
1
1
0
0
0
1
0
0
0
0
4
0
0
4
1
0
1
0
0
0
0
0
0
1
0
0
0
0
0
1
0
0
0
0
0
0
0
0
0
0
2
0
10
0
0
0
0
0
1
0
0
0
0
0
0
13
5
10
5
3
6
35
6
1
5
10
3
1
20
1
0
1
11
1
1
1
1
0
0
0
1
0
4
0
0
0
0
0
0
0
0
0
0
0
0
0
0
0
0
0
0
0
0
0
10
0
0
4479
3124
3672
1425
4029
1752
2854
4207
4522
3656
3348
5285
3477
8023
4491
1823
3512
7590
1023
3506
6610
3205
2339
420
3770
4572
2529
3839
5650
4946
6557
381
1664
6796
4698
6454
6587
7844
2903
4497
1502
1953
7915
1367
764
6135
5748
5066
5572
1231
250
6989
35
160
826
7743
7588
6954
163
7647
5343
6862
6443
5080
6498
7940
4628
657
2130
5412
607
3264
6042
4935
4317
407
2949
3542
3607
2059
7940
2676
726
7916
4390
5033
4183
6010
5146
2499
5579
1787
4293
3192
5467
7642
1291
2540
6565
7107
3068
2015
979
2061
2470
3443
3004
3477
3968
7753
5732
254
7070
5623
4605
2663
4251
5024
2336
2448
535
4846
7545
425
7673
5745
856
6398
3651
7916
852
3010
4867
4365
4139
5623
5066
4707
4491
4594
1234
7506
1213
4498
3819
2975
4425
202
5322
7755
3190
5634
7158
5624
1462
2573
466
1447
216
2943
6761
6980
5079
3225
5687
2938
5045
3508
2590
6454
6503
3092
2513
4270
1424
2634
3541
5184
5471
7864
3352
559
3020
3879
5366
6123
985
2938
5279
316
5366
6930
5654
928
1698
7042
7480
2197
6723
3998
6757
5170
2148
7258
6791
3322
3432
2066
86
6890
2982
3327
3757
6452
4498
2233
1669
7445
3225
2958
8188
7381
3511
4780
7913
2343
3848
2897
3125
5323
3334
2569
1898
2295
2291
1159
721
924
817
4704
1922
381
5124
3840
41
1557
5327
7131
5181
2257
1709
7162
5325
3104
237
4812
1425
5643
1005
127
806
5535
4974
2569
172
3072
2434
762
2220
6245
1417
1604
3562
7060
5124
20
1652
6443
4868
5123
4547
8122
1569
447
5366
5028
3229
1732
4280
4140
7988
1208
5146
1833
2900
3468
562
5146
6010
3563
6040
4800
5415
3273
2614
1307
2668
6852
279
2750
549
313
5354
7060
4148
7060
6086
7662
947
7254
7388
2368
6336
5230
3686
3183
1148
1719
6925
4939
6010
1283
1619
4696
2168
549
8113
7005
4322
4906
4846
1347
6163
2301
3685
6299
5842
3030
4710
3534
1159
3995
216
3879
4622
2840
4333
865
3754
6164
5460
4774
6638
835
1543
5184
3567
6988
2122
7139
7548
6557
2215
2750
4767
1326
5609
6225
5880
6676
411
7950
689
4085
196
1307
5917
2134
1250
4301
111
5326
3570
111
3614
732
3690
5505
6998
2638
5591
6154
4594
3007
4874
5202
3646
7388
610
6905
4509
2041
3186
1871
7720
5493
5146
6443
3268
5725
653
7399
3783
2808
5343
5033
691
6197
5387
2121
1258
5340
1288
4937
3004
3993
1619
1693
2633
3680
7903
6723
5856
1333
5959
4405
7244
3548
4136
5916
3997
7429
1037
4562
3886
7673
7013
626
599
3109
3881
2540
6608
7545
2737
2736
4202
447
7445
1950
6692
6535
5256
6692
2908
2099
1665
7463
4570
7520
4484
2732
6377
1075
5844
941
5743
7451
4004
1799
4061
438
1484
762
5418
3625
4670
3207
5846
6761
7905
819
585
4755
5626
4617
5243
4982
2177
239
2127
1213
6325
6940
5279
4507
182
5530
2773
2896
979
3959
5908
4641
2386
5007
695
7092
2736
4146
7665
536
3477
4155
4216
5071
6334
5146
4129
1099
7412
7412
4570
7942
4248
2170
5071
2066
3240
4670
4670
2896
6481
7569
2737
6145
51
1230
2202
4465
3271
2343
3389
283
4114
7063
3223
2867
5028
7735
3397
2847
8057
549
843
7002
1927
5786
7430
695
4575
7868
2896
3220
3114
3045
49
5788
1799
3443
3068
3207
2343
2513
395
5115
4628
827
5404
4444
7922
400
7101
927
7945
2596
2924
7281
1802
5146
186
7736
5174
3260
5436
3676
7448
6750
4546
7146
5662
4993
283
2860
7387
2257
283
1273
502
4884
831
2263
4354
2642
2331
7430
5328
4995
8047
4737
6443
6443
222
5608
5279
348
4089
1787
5244
4455
381
7981
1652
1494
1280
4448
2377
1060
2257
5077
1004
1474
7062
3678
706
2485
5634
6811
5237
901
4754
836
1307
7522
276
1238
7484
3494
49
1209
3341
7370
7390
6814
1927
2428
4710
3576
4029
5250
980
1133
6864
1004
929
6669
2568
381
7636
3412
4314
3617
4905
5007
7306
5324
4685
1183
3504
7033
4346
4139
5775
6862
3558
505
929
3998
6071
1569
3100
7480
2988
3958
8188
7456
2086
5325
7334
5967
6567
3425
6788
3611
5603
7523
1519
6159
3466
5596
2187
4354
502
7934
2762
5522
7922
962
7840
8127
1833
5842
7165
1307
3486
5472
5821
7198
258
27
6010
1104
1841
7128
7407
1704
516
368
7181
842
1502
6662
7358
17
4730
3680
337
4929
4716
3881
5910
1206
2893
2134
6042
7259
5184
3892
7476
3205
2969
5029
929
781
3221
816
3324
6244
5303
3493
2900
7430
302
391
4452
7533
5132
3109
395
7667
925
364
5123
755
6692
6443
7748
1813
2756
2532
3685
806
5484
6534
5946
2094
755
1416
2700
2095
5337
3203
5256
3114
1439
1722
8100
3604
3235
1707
2331
780
4297
3890
5366
287
2871
68
8099
3698
2688
1722
6160
7174
2540
3953
4611
3327
1687
7503
7462
5564
3566
6788
3718
4946
1338
2691
7650
5354
5353
1722
152
7800
396
7582
6776
7153
4401
4983
2098
5770
5251
3643
1911
3880
1451
6148
4905
751
3312
6813
1150
5052
7864
6434
8148
3914
851
2839
1115
5323
4946
5256
3183
29
8121
170
3367
5057
1737
3839
6771
5577
3657
6676
3219
5471
41
7477
3043
7187
1480
3005
2621
1876
3874
2704
2513
6804
654
2890
6397
2331
4368
7382
4524
3128
2719
2282
3812
4689
5467
2814
3064
8101
7836
6631
1247
3803
7644
7308
6487
166
3323
3752
3817
4741
637
8008
411
7200
7573
5501
5680
4272
5333
594
1735
6062
891
6646
7589
137
3846
4179
6090
282
822
274
4581
66
7703
5362
982
7091
761
5757
6231
1891
7478
1586
1824
6328
7261
6908
2713
2597
6088
1605
4187
667
2609
861
3315
6984
2819
1676
3417
3087
4402
822
2971
947
1691
282
570
640
2403
5799
1197
5866
3772
6694
