0
0
0
9
0
3
0
1
10
2
0
0
3
0
0
0
0
3
0
1
0
0
6
2
0
0
4
1
0
0
1
1
0
0
0
0
0
0
0
0
0
0
0
0
0
0
0
0
0
0
0
0
0
0
1
0
0
0
0
0
0
1
0
0
0
0
1
0
0
0
0
0
0
0
0
0
0
1
0
0
1
0
0
0
0
0
0
0
0
0
0
1
2
0
0
0
5
0
0
0
0
0
0
0
20
1
0
7
4
4
0
0
0
0
0
0
4
0
0
3
5
0
2
1
0
0
0
1
1
0
0
0
0
0
0
1
3
0
0
0
0
0
0
0
0
1
0
0
1
0
0
0
0
0
0
0
0
0
0
1
1
0
0
0
0
0
0
1
1
0
0
0
0
0
0
0
0
0
0
0
0
0
0
1
0
0
0
0
0
3
0
9
0
0
0
0
0
0
0
0
0
0
0
0
10
6
7
5
4
4
22
2
2
1
3
2
0
13
1
1
1
10
0
0
0
0
1
0
0
1
0
2
0
0
0
0
0
0
0
0
0
0
0
0
0
0
0
0
0
0
0
0
0
10
0
0
6052
4385
5352
6187
1643
3904
2013
3968
1511
2280
7573
3060
3061
130
4539
3177
2539
6804
1512
7767
2802
2038
650
6022
1587
5653
4957
1402
5513
4918
3245
2099
2491
1121
4754
1594
7571
1643
2347
6078
307
7711
7199
7727
2099
3843
7281
5369
7002
2910
1947
8012
7507
4918
4226
650
4215
3335
6627
6889
6823
3597
7231
7568
1940
1536
5192
6363
3515
91
247
1725
954
4421
3904
5119
1115
2099
2622
931
1235
1407
7463
7569
2310
179
5876
4059
2579
7326
7571
7287
7775
3424
2910
2439
173
1402
6273
59
5904
2910
7048
7119
4802
3045
4030
5273
6846
7289
8004
4159
735
8005
5904
833
6374
3724
8069
4625
1153
2455
1805
1851
1601
1605
4822
6172
4013
958
4170
6391
7950
754
6617
1591
2278
6521
6133
7254
3848
4036
5907
4741
6273
4169
2183
6675
861
101
6662
1924
7283
6021
1321
6823
2038
7119
4344
6296
8039
7757
7025
5196
4570
6453
8141
6521
7472
2816
4220
524
2930
7315
6256
7375
6235
4347
1815
1930
7650
5960
5578
6894
6325
1605
4597
4541
7176
8002
4740
244
5006
197
454
7757
7360
3627
6092
3815
5369
7573
4987
4740
665
1322
6330
4271
1711
7172
1530
5413
810
5572
3860
8147
4510
5377
7903
2286
4898
947
2286
8094
2265
6719
2207
697
889
6348
3069
7374
6618
7210
1481
1354
1556
7566
7886
1336
6759
5241
1626
2859
2881
1608
69
6661
8
2574
7567
1329
1426
849
125
10
6313
7594
2351
6673
176
2574
2187
3069
3069
3090
6600
5771
4409
4363
3534
3471
5481
3754
2460
4111
2201
51
4253
1539
757
3883
2947
4465
985
7954
4024
2705
4726
751
3332
3069
4680
4148
5981
222
8037
4678
7005
7488
6760
3843
5401
5411
4292
5500
998
537
2161
6366
929
7761
5085
4266
1762
5572
1957
176
4145
5717
7525
1696
1831
1945
4253
1999
1905
222
7650
1477
3032
2431
3759
4328
1150
6685
2733
4634
480
6085
2834
4993
5972
1657
7761
2982
3282
6138
1569
6349
1429
4640
7687
1305
5981
7907
7477
1999
7954
7841
1986
8147
3678
5231
3032
5005
5124
2561
6479
3121
3953
5174
3986
395
1163
3092
789
6666
4148
7411
4780
5498
4149
7778
7162
4893
7367
1551
68
4322
3627
8137
6580
2844
2569
4166
6305
5782
6979
5832
7244
5226
5629
4534
5046
1328
2230
7106
4898
4205
2550
803
5361
1734
6547
3857
6709
4446
924
2353
3282
184
5724
3489
7784
326
3032
6561
7771
1305
4401
6536
4739
852
7626
8073
2139
1890
3292
4410
2286
2798
5455
655
4730
4730
7488
8069
5358
6325
6325
3258
6746
6356
3401
4641
7841
3363
4446
5409
7771
3069
5289
5985
6319
2259
6350
2607
6823
258
6199
60
2790
3302
7799
7521
6754
5289
2305
7314
8147
1305
3282
3135
6001
2377
1812
499
3136
2574
153
326
5728
6809
3130
3987
4802
4410
1738
5188
1785
6351
4311
7740
716
6453
7595
3178
222
7212
1552
7477
8082
4455
6979
3726
7060
3085
3702
6151
5980
4446
3998
1802
1692
6608
1703
6330
1365
3722
777
6760
244
3045
624
1923
6956
6234
7805
7523
6456
3998
7771
1305
7841
8057
6485
5022
3998
5834
1276
2675
4676
1831
4455
5289
5354
2119
6733
4572
7732
6144
4640
2813
6401
7289
4420
453
8067
3012
7523
1442
976
4149
7964
5289
3998
7465
6325
222
5728
7429
3390
2529
6160
8037
7771
5289
3611
2271
7902
7231
6700
2393
1705
5745
2167
7765
6199
3334
3559
7111
7271
2519
6561
6377
5278
5806
6349
3032
7771
2670
4323
7404
4599
2994
4322
5299
5728
6591
7
4347
1365
5876
6885
3136
5337
633
2156
865
5046
1193
6123
4794
5614
2049
6947
7201
5717
4271
2008
7804
7572
723
1349
3032
7771
2990
1688
4432
7062
137
1716
5096
5383
8069
1804
3241
1312
4123
7169
7321
5556
1938
4979
3559
354
5170
5103
1643
817
2009
1260
5717
6540
987
3960
6181
5001
5001
4939
787
7778
3884
6877
7631
6172
181
7865
4461
3214
2679
4003
1669
1073
6170
2346
5771
1235
7311
133
7201
7543
6820
879
4377
2286
3736
1407
6554
387
5832
4488
1514
1121
2774
2654
1110
5339
6052
4271
6714
7201
1817
8078
5903
5456
5592
834
2810
6675
7040
6021
3177
5352
5346
3229
6435
1420
3722
4309
2312
5369
2004
8162
1408
665
7604
5890
2765
5490
2414
7119
7818
5815
879
6497
6761
3458
5461
1295
6958
4270
1881
3772
7537
6074
6359
5732
8012
4487
6200
6714
4489
5383
5192
1946
727
173
5897
3391
8059
2539
520
775
1121
7568
3036
725
639
829
3720
5747
4717
6875
3772
2539
7281
2608
4987
3146
1200
1855
836
6141
7942
7207
7287
3385
6405
4272
2834
7121
5156
299
7221
7714
4422
2346
7244
5629
7038
3672
2262
1669
84
846
954
2616
7803
6865
5468
2905
3221
2240
8085
2099
2781
5876
5175
7711
6319
607
160
3969
8096
4830
6321
959
7415
6012
2419
7976
4758
6817
3463
7886
1290
124
836
1147
1858
5303
2723
5187
6372
6083
4366
4988
4602
836
8002
3601
1336
266
3795
966
5176
4700
5739
3969
2466
6021
796
8168
8041
3883
1684
5390
130
6627
7854
2467
3958
6296
7617
6163
5704
2954
5370
539
836
777
1639
1599
5122
3772
6123
7442
966
3658
5538
1336
2159
7656
5627
2414
5027
4593
7966
3463
1713
4187
7241
7617
2363
6391
1730
4013
596
5717
7312
8039
1796
1277
7725
5277
6021
1088
7785
61
1173
295
7656
6291
193
5522
2975
3045
1791
503
6003
4596
6681
181
849
5090
5411
2327
650
7199
7757
2167
5752
3435
6391
1725
1290
843
7557
6187
2230
1513
1080
5166
7311
2749
1876
747
712
734
7948
2352
3392
1564
4625
1256
6419
5694
5367
529
6131
1140
5245
3761
6078
2749
1909
966
7702
732
1235
5882
4436
6070
7142
6284
6172
3193
4583
1173
633
2173
4421
2566
6802
3802
2726
5544
1876
2637
7638
2259
4988
