0
0
0
9
0
11
0
1
9
1
0
0
1
0
0
0
3
0
0
0
0
4
0
1
0
0
2
2
0
0
0
1
0
0
0
0
0
0
1
0
0
0
0
0
0
0
0
0
0
0
0
0
0
0
0
1
0
0
0
0
0
0
0
0
2
0
0
0
0
2
0
1
0
0
0
0
0
5
0
1
0
0
0
0
0
0
0
0
0
0
0
1
0
0
0
0
7
0
0
0
0
0
0
0
21
0
0
7
3
2
0
0
0
0
0
2
4
0
0
1
3
0
2
0
0
0
1
1
1
2
0
0
0
1
3
0
0
0
2
0
0
0
0
0
1
1
1
1
0
1
0
2
0
0
0
1
0
0
0
0
0
0
1
1
1
1
0
0
1
0
0
0
0
0
0
0
0
0
0
0
1
0
0
0
0
0
0
1
0
3
0
11
0
0
1
0
0
1
0
0
0
0
0
0
12
7
8
6
3
1
24
8
1
6
3
1
0
23
0
3
0
13
0
2
0
4
0
0
0
1
1
2
0
0
0
0
0
0
0
0
0
0
0
0
0
0
0
0
0
0
0
0
0
10
0
0
2837
2090
2397
2195
3168
562
7656
670
2882
2473
4217
6386
2295
2643
4369
2748
8144
1127
5745
6170
6669
5151
3879
5470
853
3795
5876
4390
6760
2608
4206
5718
3941
6978
5532
3268
5967
6801
7674
5243
7146
5298
6266
5667
2296
1502
6493
94
6808
6172
5283
5775
350
6719
1764
1525
6363
7414
7759
3299
4551
4009
8030
256
1219
4993
670
2039
4706
646
6045
7433
6773
2165
671
1659
2851
7409
2590
436
7293
3605
4535
6007
6620
2673
6628
188
2583
1328
420
7336
7560
2028
4539
2593
6192
171
99
5362
8005
445
5757
7439
2585
4053
3993
6552
1176
4943
3324
3829
660
7733
7791
1625
7449
5673
5698
1695
3509
4266
404
5144
4108
5339
8061
6615
7031
8069
2175
7456
1461
5935
3729
5843
3901
4208
1662
2901
7445
4394
5827
553
198
1728
6322
5389
1498
6998
7903
7177
4633
6734
4176
1474
4169
7793
6464
1577
7190
2224
3475
4237
1709
3490
3250
58
2240
2647
5846
2257
5664
6348
3366
5270
5787
5659
5170
1332
3107
2786
1960
1202
4767
1652
2985
1764
7332
3489
7919
1176
1269
6486
3244
6510
2629
5757
1934
240
2837
5373
206
885
5174
4146
263
1898
6929
2397
2637
5040
6418
962
2148
4696
6194
4598
7300
7836
3114
703
65
2319
595
5019
377
899
46
1501
3763
6708
1836
776
2239
3174
3729
5570
6317
3387
2158
1123
8061
5718
5991
6231
799
6814
2117
6956
7733
4354
4666
6010
516
1840
897
214
7063
7011
7530
5368
5000
5778
5816
2422
6459
5573
2160
6646
6709
1923
7713
1397
840
5082
152
2584
1619
6780
5550
6277
2886
3826
704
7005
7351
1504
4146
562
2232
4572
2271
4802
7679
4812
3925
2448
5472
5313
4929
7815
3165
1841
5157
3839
4660
6795
404
6503
505
3203
1555
5872
4221
6494
6652
8015
7055
67
5746
4608
7037
3701
421
6320
5326
4453
1587
4625
3122
6268
7062
4443
6631
5268
2198
3516
7271
4844
979
6631
6618
7342
4704
7095
4988
1841
1426
5354
2412
1578
1592
6284
5248
7573
8045
5687
1808
6071
6426
6646
4611
5770
2052
2331
357
1579
5889
5770
4683
4155
636
3140
1802
6540
3570
1018
6676
6557
182
276
214
5725
1740
7424
3058
3916
2444
308
6956
3603
2291
5571
2874
1307
6319
4460
5957
3494
283
5479
3762
8143
7843
7850
4683
7307
1489
5788
2571
2197
5319
5892
5794
3175
2709
5696
7872
718
6426
443
7988
733
6998
7358
562
3985
4969
5245
629
7297
7223
1664
1698
4317
8099
6557
7280
6653
6400
5052
7952
7241
2131
5625
5620
4214
4175
4618
5113
5082
6938
685
4962
3516
5230
941
7127
5340
6519
2251
5944
7527
897
4146
4522
6945
5631
6661
6519
3770
5458
4696
5170
762
6279
5688
3271
3823
1181
5590
3483
2259
2264
6486
5049
2655
1633
7062
1788
5937
182
1133
1273
8055
4151
2496
4670
283
4734
1708
1894
546
7836
108
2295
1894
2809
4572
7861
2227
3747
6411
4448
4245
7864
7660
6848
7733
4126
4166
7311
823
2600
302
6748
5911
2610
1397
7645
762
4282
7743
667
6780
2275
6762
4676
1212
4162
7171
3177
7914
4349
2915
6359
471
8099
648
1418
404
224
4770
3479
2353
935
1644
3770
2534
5283
4134
7616
5243
66
1903
4968
1758
6624
2377
1046
3385
6340
1631
3674
193
2672
7911
6827
3947
7872
8032
7605
7701
1460
3839
1914
7473
5182
2135
5256
7616
3273
6400
3829
1758
5170
2262
1887
306
5306
5998
7384
8072
1458
6000
1881
5191
2024
2062
1285
2678
5779
2650
2921
1887
2102
3881
4437
4435
1747
1390
5389
2897
1887
5562
993
6170
2520
4343
3673
2620
529
1003
335
4461
2870
3936
7489
3171
14
4575
3047
7665
4217
7967
3187
1144
2158
7793
5713
7793
4500
6964
1690
4667
3002
2759
4010
5129
3621
5128
6405
4369
1844
3162
2379
375
2389
7759
1418
2709
4237
5479
6385
5547
2001
4678
2150
5799
4983
6208
956
5311
1758
3212
1787
5290
3432
1600
686
2309
3666
6053
7447
7096
4763
2676
6248
7973
4457
2157
1041
2507
837
3835
4367
5113
7980
3174
6335
5659
2517
3082
1209
4143
3449
3561
1566
2629
3542
5608
7556
202
3576
30
6668
5434
83
4359
5149
2410
2916
4519
36
2548
2705
6199
6843
5975
7013
414
559
2465
2522
6950
30
5214
729
7893
8094
2560
5475
535
1539
4708
488
7256
4950
7389
5947
986
35
6660
531
3959
26
4266
8092
6227
6677
7887
5767
2650
5584
310
6395
390
5272
931
4264
2868
5351
6135
3631
7038
4677
3068
8128
1131
4053
1942
6705
5883
1857
1709
8075
3475
825
7093
1600
6038
6937
4851
2697
6831
6553
7013
6167
2686
6864
7857
5779
1252
1050
602
3145
2736
5476
6110
902
4810
1688
3058
6677
4448
6535
3806
4317
2303
5444
7967
7591
4604
6258
3240
6475
6960
3240
4670
843
6553
657
4914
4146
2136
1664
7223
3240
7940
1565
4029
3999
2591
2089
4840
7490
7885
3275
4050
2410
4920
289
177
5024
1606
3071
7665
3123
7419
4670
3220
3092
4580
3741
4914
6553
7377
2470
6383
2854
202
7756
1593
7692
7246
8155
7211
5749
3074
1534
297
6073
4182
8155
1926
825
5403
4493
6472
6465
3715
672
4867
167
6533
3071
5779
4233
1698
4197
2345
7015
4546
4742
1672
2867
3410
5340
4667
3079
3792
2202
5829
4022
3732
404
5948
6227
5456
4340
4101
757
2916
8105
852
5279
5545
702
4406
3656
2325
2513
6818
212
5273
6441
7229
3058
5019
1224
4264
7670
4670
3240
1209
3004
6195
6124
4353
1803
1160
5843
2271
1024
4350
1733
5277
5308
7827
393
1565
6170
5450
6826
7665
1188
3471
7188
2284
4270
2309
1969
3148
8040
1411
4670
643
7673
7868
4867
8
4207
5290
4651
7294
7497
6203
7989
1424
6749
4863
3175
214
3542
5129
2513
4722
7013
3528
7246
960
5255
4004
2631
7982
3533
1464
2309
3220
8055
6635
7223
1125
