0
0
0
8
0
3
0
2
10
2
0
0
0
0
0
0
0
0
0
0
0
1
10
0
0
0
3
1
0
0
0
2
0
0
0
1
0
0
0
0
0
0
0
0
0
0
0
0
0
0
0
0
0
0
0
3
0
0
0
0
0
1
0
0
0
0
0
2
0
1
1
1
0
0
0
0
2
4
0
0
0
0
0
0
0
0
0
0
0
0
6
2
0
0
0
0
7
0
0
0
0
0
0
0
34
1
0
17
9
6
0
0
0
0
0
0
4
0
0
0
0
0
5
0
0
0
1
2
0
2
0
1
4
1
1
0
0
0
4
0
0
4
0
0
0
1
2
0
0
0
0
2
0
0
0
1
1
0
0
0
0
0
2
2
0
0
0
0
3
0
1
0
1
0
1
0
0
6
2
0
1
0
0
0
0
0
0
0
0
2
0
7
0
0
0
0
1
0
0
0
0
0
0
0
14
11
7
4
2
10
27
6
1
6
7
0
1
35
2
0
0
12
0
2
0
0
0
0
0
1
0
2
0
0
0
0
0
0
0
0
0
0
0
0
0
0
0
0
0
0
0
0
0
10
0
0
3521
2969
5472
7241
5666
5131
3356
7994
1457
2858
678
36
359
3061
6724
1541
221
4623
1522
3899
503
1816
7845
3028
2985
5396
7491
4081
2552
5903
2754
7184
3885
7372
2013
5802
2677
1958
468
7075
4431
3617
409
7766
1817
495
7968
2531
5890
2579
4538
2975
3791
234
3616
262
6986
4634
4039
3724
2504
746
7183
1010
1899
463
4862
5560
5906
3666
7426
3666
1817
3092
159
4462
4192
2761
6121
3813
6249
1148
5848
6862
7982
2284
6556
6240
6683
3734
7115
3060
2001
6111
7342
7207
7040
5065
3303
4391
2369
7040
258
849
5301
1304
673
6600
5732
36
4462
7064
7974
5001
7683
1934
6123
1999
7318
2642
1853
6996
617
6176
4753
955
4179
5975
5369
1817
5413
5613
4336
3729
5104
4666
4869
7276
6982
6985
7897
7307
5721
3114
5578
1696
6747
6181
924
3629
4455
7932
2957
3154
2573
3490
2697
2825
3162
5595
2248
4634
2297
3689
3332
326
6092
858
6732
2187
6809
3503
5465
7420
3369
5462
5231
4166
5056
4939
6639
7317
1986
7771
3069
2139
5687
4067
6121
1163
1733
981
4858
4069
164
7987
5972
5425
7905
2516
1477
2994
6809
6519
6894
1004
799
2094
5377
8009
6488
3892
5120
5834
7761
4893
5670
2982
961
4365
3055
8103
5738
758
2110
6450
1870
889
7317
1305
7483
6921
1799
7810
5546
3989
5404
709
889
7766
1130
7756
6087
6940
3022
6601
7805
323
6378
3998
4455
2770
3405
8151
7497
1870
1080
5691
6703
4678
7771
6747
2574
1942
3610
469
6411
4359
4641
8100
655
4333
83
1697
2370
1360
4065
3287
1552
4845
3067
3165
3090
7317
7696
2825
7788
1675
2074
3361
391
7317
8037
4322
889
2582
6649
8143
7003
2934
600
6634
3446
4344
2662
4784
5507
1423
1765
7714
8132
1606
6499
2266
6754
1986
2311
2654
1453
6480
4407
3129
7317
1552
3892
5231
6105
4223
3897
1291
6377
4114
7049
6150
5842
7264
5772
1931
1279
7167
2406
5991
461
3575
7098
6305
7835
3090
1992
2597
4623
6422
3748
2602
1305
5377
2982
5972
7923
3001
3043
186
2005
6981
1427
3415
2397
7426
4085
2520
7972
692
7236
2712
3978
2163
2499
5937
111
4893
5425
1491
1514
2576
7781
2129
2990
2847
680
7230
6580
3356
2847
7521
785
5071
3614
6749
3022
3220
414
3926
3327
2954
5835
6754
7404
447
7737
1613
5797
2070
1986
6957
3072
6975
8078
4194
3508
5692
4443
7496
8188
7317
7264
3263
5314
4291
4742
4349
47
4600
4419
4755
4195
3352
8002
2898
2478
3862
4780
1552
1831
5080
2574
1477
8014
5249
5786
3005
3629
3130
6485
308
937
2168
4373
2448
5064
757
7956
7866
347
3254
1361
7072
5220
1849
1812
4509
6104
374
308
5404
4702
7875
7771
4455
4527
959
4069
2119
2737
4983
5940
1961
1228
3483
1252
2217
3526
1852
6371
7446
2647
2534
5107
4845
1176
3717
4381
2975
340
6552
4605
2712
6709
7650
1305
6979
3678
7398
5806
1627
1145
7687
89
1552
2586
395
942
6821
7491
2811
6211
17
7467
3166
472
6215
2356
7950
1690
4383
6186
6980
2499
83
1571
7521
523
1431
5458
7405
6120
377
4752
7771
2990
3136
7941
3821
2290
2840
3959
1944
1280
702
603
3584
2760
5250
7472
5481
6495
1855
1248
1279
3647
4061
2192
1678
3192
5377
1778
369
5868
1188
8037
1986
2450
1932
3894
4437
7905
7901
3449
2529
514
6157
455
7086
4338
1284
5486
3237
7671
7240
6962
7167
6681
296
7748
7945
6830
7399
2027
6521
7098
5484
961
1986
4903
1825
545
7063
1595
3401
7086
2762
186
1788
5618
1070
3975
6234
4256
4747
5806
1539
2064
5883
1442
1079
2990
850
7835
1552
2360
2173
4618
2614
7761
6704
5284
2572
4094
6472
5282
4099
1442
8076
5935
3427
2650
6066
2004
491
2411
2861
3696
6667
4342
3317
1229
5258
7271
6662
176
1030
343
1522
560
2133
2660
1382
4554
2388
1229
6181
5240
3100
1607
566
5940
2059
3145
2225
7735
121
3501
1576
3950
1704
4820
1846
6891
6666
4148
3592
189
7077
6075
2713
5732
1812
6411
5018
1037
3612
7805
5099
6998
7192
3503
5618
2443
450
1494
6750
2525
5743
3934
575
7332
6968
6468
7903
1945
502
3076
7680
7463
7112
3834
5121
2183
4375
7750
6795
945
2431
3998
7841
2129
3612
6299
3879
138
6266
626
6686
7954
4317
4685
4065
6214
7972
5662
481
687
7573
7869
3799
2123
5644
7183
760
3848
4949
1754
1832
1445
4992
4455
8037
6414
6478
2020
973
4346
1833
3192
4319
7319
8084
82
5226
2434
4375
7404
2668
4354
6369
6756
8176
7740
1148
5492
727
2677
4090
6912
5357
7433
7923
3397
1431
7318
4890
2178
1070
498
6348
290
461
7664
1917
1439
3956
7237
2792
1696
3378
118
1468
3773
966
4974
5736
1057
5183
7983
4486
5638
7253
7679
1105
4350
2168
1445
8056
6183
7364
7476
5458
1069
3776
785
2175
1351
2809
5409
162
2844
6561
7761
2316
4560
296
7484
2309
7544
87
3142
7845
2975
4548
1171
3374
369
3682
795
2137
2884
5971
7981
7374
1696
1986
1799
1284
2847
8009
1551
3011
2145
7761
4789
2562
899
4670
3058
4914
2390
4689
2752
8151
5143
6626
3617
1735
6982
1618
2922
1767
3936
7573
542
1011
3446
1305
1259
5340
5421
6272
3629
7877
2733
963
4812
2229
1650
4641
2773
7806
6977
5810
5004
39
6353
2838
3744
2102
3817
6849
2297
4604
2205
7573
3809
7676
527
7648
770
4767
7572
4827
5241
829
966
5790
5567
4472
541
4160
6828
6553
4496
4521
4917
482
4505
5526
769
1337
984
6578
4387
4411
4311
2791
3599
5853
959
7221
5043
527
4374
1105
1952
405
4505
4505
6451
2130
7012
2130
6216
6248
3352
763
5307
6776
2504
5331
7220
3143
234
6183
7299
622
387
6495
866
5398
1157
6183
6788
4374
727
2512
6569
1601
1153
3568
240
2130
7592
1217
508
7389
2805
7609
