0
0
0
9
0
6
0
1
9
0
0
1
0
0
0
0
0
0
0
0
0
0
9
2
0
0
5
1
0
0
1
0
0
0
0
0
0
0
0
0
0
0
0
0
0
0
0
0
0
0
0
0
0
1
1
0
0
0
0
0
0
1
0
0
1
0
0
0
0
0
0
1
0
1
0
0
1
4
0
0
0
0
0
0
0
0
0
0
0
0
1
4
0
0
0
0
9
0
0
0
0
0
0
0
26
1
0
4
6
8
0
0
0
0
0
3
6
0
0
2
0
0
5
2
0
1
0
4
1
1
1
3
2
1
2
0
0
0
0
0
0
1
0
0
1
1
1
0
0
0
0
0
0
0
1
0
0
0
0
0
2
0
0
1
1
0
0
0
1
0
0
2
5
0
0
0
0
2
1
0
0
1
0
0
0
0
0
0
1
2
0
5
0
0
1
0
0
0
1
0
0
0
0
0
15
8
6
1
8
6
24
6
2
3
2
1
1
14
5
0
1
11
0
1
0
2
0
0
0
1
0
1
0
0
0
0
0
0
0
0
0
0
0
0
0
0
0
0
0
0
0
0
0
10
0
0
1849
8060
3788
2801
6074
6222
4058
7271
3533
2772
6229
219
3884
8095
1599
1013
2730
7080
7396
5425
3865
1957
5363
6816
6066
7941
461
2187
819
1275
999
7294
5970
1466
6047
7978
5980
2847
5001
1305
2435
1961
2198
2427
2818
3966
4216
2759
3466
6737
8135
6048
2096
1693
5289
6325
5042
4276
7907
8037
2000
4472
4361
1275
4809
5667
5765
8044
6704
1694
7841
7317
2670
4147
3720
68
5967
4614
751
1180
502
6165
843
7429
6305
2990
6957
8057
7317
6957
1349
5289
7082
3373
7155
2494
5322
3631
7736
5612
5
3947
4594
1694
7430
1652
826
5622
2884
619
1242
6968
4441
1965
99
2862
3069
1957
1719
5786
3283
7932
31
2569
5718
951
8078
8187
6243
1521
5339
3678
3466
3287
5432
1037
7404
6017
2000
2686
7067
541
1686
4461
4723
4431
6926
7844
3734
4824
2418
2709
3244
6929
997
2468
3570
139
3185
6228
48
2558
463
2994
7650
2427
900
7430
3090
2939
3117
2626
7600
1004
2920
7342
8004
7413
2922
7869
7908
919
2713
7250
4489
6027
4158
5001
4010
313
6766
686
1601
3445
997
1112
5231
2792
4780
5358
5042
1551
6022
428
2727
6638
2177
3847
7155
1544
919
906
902
6303
7941
7246
1443
4800
5325
7696
7140
4893
1029
4017
2026
6366
3857
1079
74
1710
6325
2574
1743
2150
4003
97
1089
3426
6557
2002
5292
531
671
5124
1719
5353
7922
1218
3440
3162
1173
3706
3000
4290
4343
4194
5692
7055
1367
2392
7264
6561
3032
7841
2369
4504
7692
7767
4730
7264
2990
1710
944
4418
1186
6408
2584
1184
306
5231
2770
1833
6508
3850
7526
7726
5608
4340
6809
3258
4489
4876
2798
6556
6488
5278
1084
1324
1477
7465
523
2450
6930
5910
1986
2550
1011
347
2829
4756
2368
5479
3446
2427
531
2166
2875
6877
795
3367
216
8191
3863
6788
5933
3896
5780
5654
3392
3527
7771
431
7317
5782
7748
7771
1710
3940
1528
3667
6317
3844
7140
3592
7523
4578
2639
7903
6854
2929
5380
5077
5972
6482
4764
6451
2881
2057
7910
3469
2100
1555
4682
8037
8147
2574
1070
5834
1305
3508
1378
2756
5407
1687
1100
2610
3443
3811
3508
5289
5042
5657
4009
7350
118
1291
6989
4147
6124
1524
4339
3778
1466
4730
3130
5409
5834
3169
1799
4993
5546
8057
7650
2847
7465
2990
1477
3527
2482
3390
476
1184
6047
1491
4104
8037
4791
4563
1424
7067
7829
2376
2014
2847
2094
1831
4682
5425
4976
1571
3432
5005
3183
5740
5425
4455
3998
1710
1710
2094
2094
976
4077
500
4055
4888
3629
6048
3183
7427
749
5266
1374
3198
1831
1477
2847
5425
5182
6805
6463
4791
6649
2157
6352
5952
5182
5353
4104
476
1305
6891
4149
2094
5446
657
2629
1219
2184
7748
6048
1477
903
508
100
7521
3104
7771
6325
5182
2007
7799
4323
4199
1852
695
4295
3592
1193
5022
7737
3432
997
222
176
354
7857
2615
5104
7748
5614
810
7374
1986
1687
2756
4401
431
7465
1477
3032
4993
118
7364
5099
2958
5220
4004
3207
2260
434
5535
7683
4678
1560
4655
5353
7212
972
4680
4992
2994
7748
1707
6891
6891
222
1945
1688
7919
4446
6042
5949
5532
444
444
2164
7606
4242
5687
5428
186
3819
118
326
3466
5409
2847
5358
6696
3046
1079
5944
1608
799
4342
8076
3104
7264
7683
980
1623
1515
5022
4680
3069
8037
7037
6352
5911
6429
6631
7431
5647
1719
1604
3940
7771
6305
1305
7761
7759
372
7984
7710
3739
3276
5918
2847
7465
1477
6377
4698
498
1986
3998
74
2098
3508
176
3238
6284
3183
4637
1471
3602
1276
7431
7317
4752
379
4919
6162
5143
7452
6228
726
1564
7779
9
7650
1710
5683
3682
7408
2197
1305
7771
5462
1710
176
7430
3678
842
3678
3678
6305
871
2660
1694
5479
4333
1292
4846
6438
6193
448
297
5584
5130
6823
1954
476
5240
358
4852
5531
3614
7438
2847
3032
970
8057
216
7225
6957
3048
4401
5299
6930
6272
4323
6485
7317
5462
5848
4111
8066
4926
2581
7887
1380
3628
2106
2550
6532
4007
3373
60
1438
3322
1447
1326
2990
6692
1477
5937
4455
222
5366
1477
6557
313
4509
4678
7046
6160
7212
2175
1195
3994
2501
2901
2496
3085
3030
1282
1312
7798
4499
2881
7571
1360
2982
6305
3940
5597
2574
6930
6692
176
949
1525
7046
8057
5585
1681
7317
7771
6957
2761
3083
3280
7191
8000
1641
1652
7761
4812
208
1441
1979
6473
5465
6170
505
3998
5740
1710
2331
4682
7263
7317
7841
2098
3032
74
3940
2450
3030
961
4322
3307
3186
6571
6798
7845
7389
7005
8037
2418
4700
7028
6035
3235
4682
7264
1644
2670
856
2450
5740
68
6692
5597
3397
3104
3940
5231
4680
2847
3048
961
1521
2690
3719
8105
7025
4735
3561
7074
1477
1890
1395
4140
8071
7903
379
8147
4502
7687
3940
3048
7761
6325
2847
7771
7264
6443
7761
8037
6557
1707
2770
961
6796
6851
2850
488
7419
7063
8190
7
5981
7844
7713
7761
1710
8147
1687
2670
7332
718
7349
3104
6325
3032
476
7329
3136
5599
1352
6399
5124
3489
7060
3161
3262
3464
2002
3667
916
1589
508
4698
6666
332
2990
3104
4682
3030
1693
7697
7921
4835
6631
5585
7523
2427
3125
5022
2572
858
3584
5977
2943
5444
4430
903
1114
7723
1546
6475
3862
6128
2278
5654
2639
3643
1992
4682
431
5910
2559
1801
5395
1852
3068
7598
5377
3701
3140
5358
5535
7060
3232
488
5952
6557
5991
1112
279
3676
5077
2922
7887
2339
2519
1467
698
7429
1305
7771
7374
1552
889
3178
4498
382
4618
7049
3003
8076
5462
3940
8037
7683
4789
4973
6266
7841
5572
5585
5582
3264
4237
7823
2410
1776
2648
5092
7011
219
3317
3770
7158
7388
1719
1881
1892
1762
2898
4873
476
6485
1831
751
4435
5182
3993
7598
3363
1079
7117
1292
7568
7040
1520
1777
6074
921
931
966
3481
