0
0
0
9
0
8
0
3
9
1
0
1
2
0
0
0
0
4
0
0
0
1
4
0
0
0
0
1
0
0
0
1
0
0
0
0
0
0
0
0
0
0
0
0
0
0
0
0
0
0
0
0
0
1
0
0
0
2
0
0
0
0
0
0
2
1
0
1
0
0
0
0
0
0
0
0
1
5
0
0
0
0
1
0
0
0
0
0
0
0
0
0
0
0
0
0
7
0
0
0
0
0
0
0
21
0
0
10
5
7
0
0
0
0
0
0
2
2
1
0
2
0
12
0
0
3
1
0
0
2
2
0
3
0
3
0
0
0
0
0
0
0
0
0
0
0
1
0
0
0
0
0
0
0
0
0
1
0
0
0
0
0
0
1
0
0
0
0
0
0
0
0
6
0
0
0
0
1
1
0
0
0
0
0
0
0
0
0
0
2
0
7
1
0
0
0
0
0
0
0
0
0
0
0
9
1
9
2
2
0
27
6
0
1
5
5
0
18
1
0
2
12
0
3
0
3
0
0
0
1
0
2
0
0
0
0
0
0
0
0
0
0
0
0
0
0
0
0
0
0
0
0
0
10
0
0
440
2710
4019
1581
6581
7571
4524
3613
2872
2175
5608
5608
4214
5242
2166
3940
3020
7345
3426
1992
7263
7658
3722
7405
2344
7009
2344
4524
6870
5510
3539
8022
4904
3148
5911
1779
117
6527
1043
2512
6660
4874
3148
4794
7382
291
3971
498
2706
4929
7066
6673
8148
4395
6408
2981
4161
2272
5256
7799
5519
7294
2972
7405
5843
1492
3005
3099
7125
7372
4759
6082
3698
5728
7297
6399
2564
1477
2291
8168
4244
3048
4132
7380
1530
7469
1218
1926
1262
2129
5284
1176
6672
7658
372
6262
2732
6801
8122
222
7829
1357
4950
6831
3021
643
2353
826
5634
8145
2011
2568
7032
1911
3627
3508
287
1528
3317
122
922
2368
5033
4515
2353
1707
1824
4491
5989
5972
7167
514
5618
7822
6249
2467
308
3352
2021
222
7988
3219
3331
1632
5869
3819
751
6180
5519
5631
94
4359
6386
3317
2482
111
5458
6737
5982
783
6790
7297
6259
1037
6456
5617
1264
1998
7243
2600
7875
6999
4446
7035
4248
6180
7735
6378
6090
5969
706
2129
5104
7595
2047
4789
6709
5628
2464
3682
2015
7693
4907
2584
2800
2221
3599
7127
6576
2109
3373
1569
6468
379
850
1006
2450
4696
2427
89
4388
2435
6146
6790
4238
3671
3860
5479
4907
3872
3575
2118
6901
2883
2529
3568
1368
6290
1413
2716
370
4391
5884
7167
7658
3125
4205
3776
6709
7533
6151
1673
5478
3082
5079
5945
1004
5782
7984
2502
1360
7373
815
70
7109
220
5382
5614
1651
2613
1466
7680
5833
2581
4005
2353
5846
5565
6897
1582
1934
2638
7919
4562
6370
5756
5750
3551
2482
5746
5736
1151
5754
1403
6691
1532
5201
6489
7384
4061
1219
7742
3885
1473
4614
5366
6352
2307
6897
2511
7824
7863
2115
3100
4717
5184
3993
2051
5129
49
985
3526
5326
1425
4907
6123
6985
2920
4209
2654
976
3959
437
835
5673
3276
5634
7212
1197
4212
265
7097
1133
280
1133
4580
8133
2639
5275
5343
7294
2076
1565
2533
7784
572
2748
2584
3420
2521
3465
3469
6737
7918
2783
6945
7901
3717
8057
4166
5462
7771
4001
3136
2800
2708
1744
7445
912
3291
4146
5129
3291
2465
3702
4697
3404
1112
6732
5033
757
1638
743
1927
3358
6228
140
1082
915
6107
2187
7612
6715
5312
2614
8067
8147
2197
1686
2496
8143
1948
4892
5214
3207
357
5139
4077
2330
751
6463
427
1834
3167
1433
1631
4471
2337
3376
4796
171
3125
4166
2701
3564
2380
3030
7531
5820
3701
4509
680
6830
5746
2061
6649
5184
1651
6268
3979
6601
3857
3034
5243
2650
3765
3128
1134
3996
5969
2487
6436
6010
7476
6670
3366
5848
7907
3620
5404
6709
702
6089
5129
5013
5322
5954
4937
7688
6242
6998
5407
5110
3243
3215
67
1635
8009
5208
449
7696
4464
281
146
7317
3508
6269
6591
5487
222
1259
1846
1252
3528
46
698
1863
3308
1979
1932
8191
7695
266
1681
2000
3516
1710
5683
7091
1110
4664
1938
3710
933
4094
6411
5848
4682
3975
4682
5197
2993
8136
3612
3443
5494
4955
308
5326
3468
1599
7647
5465
4613
4435
6850
1999
4599
1582
7101
666
7430
1442
757
5309
5527
4462
2223
3979
8185
3846
6930
4922
1515
3287
2600
6224
6132
6266
184
3542
3551
2860
4387
3857
116
7367
1284
1083
5465
877
3466
5812
4814
3012
308
2223
5372
5021
1939
7884
1528
655
4730
3489
5899
6805
1468
865
6979
459
7522
1698
5019
472
111
3657
8009
6348
7146
4165
5242
1259
2353
143
1571
5873
4904
3373
532
3202
60
3358
6909
1484
5358
5366
1461
302
5608
1693
5251
4432
4541
8106
3188
2762
2934
2572
5262
6662
7476
27
1037
3559
1762
3717
4395
1112
2696
2359
5225
188
3013
5767
7158
3135
2098
168
1765
4384
4342
6054
5978
2026
7438
6818
4326
1011
7954
5408
7271
5262
2198
7080
751
1856
799
6088
3757
6010
219
5644
4431
743
7299
1479
2445
6048
461
4739
751
374
7346
264
4730
5462
7251
6960
4442
1678
6631
3205
7548
1609
1991
4166
6754
5989
4967
3892
7945
2708
4619
3099
3639
4573
8048
5086
6488
5197
5770
810
1230
3544
1651
6280
8076
5299
549
6687
2496
566
4060
5772
416
7127
1891
6939
701
6160
505
2098
5889
2800
5364
5787
5449
675
2313
7441
5993
7182
5511
1968
5041
1031
5775
4902
4455
7264
6138
7073
5756
7205
3403
3403
7277
8065
4890
4629
2750
1392
3282
2730
6862
3002
7408
737
3916
7195
106
240
6490
1401
3095
6596
1031
2955
7538
1766
4946
4890
313
3066
4509
2062
4333
763
1659
5450
1406
3031
2874
17
1451
2874
3201
5348
585
1698
1803
1550
1819
252
6417
543
1304
4897
6914
5407
5585
7264
3496
6086
3482
2860
415
2478
7546
6272
786
5999
6679
6581
279
5510
903
5289
264
4132
3311
3799
7454
3004
2806
2190
5762
4076
6986
5896
7901
726
2417
233
6809
3290
2860
3081
3785
3458
3174
5383
5599
6616
1858
6621
5407
4514
7705
755
4430
1451
2225
325
1827
808
5290
4856
6808
2685
7821
4261
997
7963
2368
2803
3068
5282
447
6795
4334
6272
6601
347
5191
3805
7147
7249
505
7367
4030
3256
1461
1193
2835
7398
6458
702
1836
2483
6573
6626
5290
1582
1825
2529
6705
8
562
2933
2129
6456
2519
353
4535
3783
3582
2271
1999
71
2213
7557
219
5714
6384
5661
2661
396
7160
5779
7087
4856
4699
597
1852
6328
7944
578
5144
1206
8183
5683
6897
3012
1069
6279
6940
4431
8146
6791
1944
2411
3136
1076
6708
5965
5643
4183
2863
7277
4303
5714
568
5956
4358
649
1352
1401
2464
2639
6636
2865
6734
6754
5104
1156
3249
7784
1750
4627
463
631
3682
4478
2422
7259
3721
1000
4507
4242
4932
3942
6587
3542
1075
2043
5891
2108
7831
4758
3386
1988
3006
6228
3508
2197
1483
2338
3469
5412
3682
42
7304
258
1552
740
568
3682
2684
6796
7413
448
7824
