0
0
0
10
1
3
0
1
11
2
0
0
2
0
0
0
0
3
0
0
0
8
6
1
0
0
3
1
0
0
0
1
0
0
0
0
0
0
0
0
0
0
0
0
0
0
0
0
0
0
0
0
0
0
0
0
0
1
0
0
0
0
0
0
1
0
1
0
0
0
1
1
0
0
0
0
0
0
1
0
0
0
0
0
0
0
0
0
0
0
0
0
0
0
0
1
13
1
0
0
0
1
0
0
25
2
0
5
4
4
0
0
0
0
0
2
3
0
0
3
3
0
4
0
0
1
0
0
0
0
0
1
3
0
1
0
0
0
0
0
0
0
0
0
1
0
0
0
0
0
0
0
0
0
0
0
0
0
0
1
1
1
2
0
1
0
0
0
2
2
0
0
0
0
1
1
0
1
0
0
1
0
0
0
0
0
0
0
0
1
0
10
0
0
1
0
0
0
0
0
0
0
0
0
9
9
7
4
5
3
19
3
0
0
2
0
2
30
1
2
0
10
0
0
0
1
0
0
0
1
0
6
0
0
0
0
0
0
0
0
0
0
0
0
0
0
0
0
0
0
0
0
0
10
0
0
3730
7506
5028
1824
5220
2496
5129
2987
5877
5536
5412
2464
1155
4053
3225
2232
167
4609
649
7251
3599
6371
272
621
6317
3959
1046
4143
7158
2308
1680
7517
7980
851
5145
7160
2958
5118
2851
3123
5403
3480
7665
2376
6572
4475
5077
7055
762
5077
5112
1620
3857
2501
416
2954
1291
3589
8138
6474
1681
1582
5112
531
5945
4716
4998
4237
1824
6227
194
1467
5579
4478
1948
6791
2796
6791
3562
5153
3258
1808
1824
1988
8092
5430
1138
2930
4824
2516
7110
3651
4835
7195
5024
8151
5982
5229
31
3225
1824
2066
3291
5013
6796
4120
48
4120
568
4609
631
1620
7893
4428
3196
3120
1680
1319
4291
3117
5122
1067
5798
6953
421
5165
3055
3186
4164
5412
6481
2835
896
1502
3356
7430
5928
5536
5536
5536
2464
2464
7917
6796
1944
170
3512
5896
1075
1988
5048
1620
7919
1541
785
7405
2868
390
5723
5272
6462
7418
6588
7689
392
7212
8057
2275
4443
7689
1836
2496
4818
4448
6305
56
3196
6482
5798
8153
5240
326
5240
7429
4280
444
3455
562
5662
5715
3673
4824
6303
1238
7321
1891
5407
27
6557
5556
3386
5520
5536
372
414
348
6227
6186
4120
525
6041
3985
1992
7743
8147
7317
7735
1747
5522
6809
5358
3178
626
2066
3635
7371
1528
5634
7429
8117
5572
5170
4475
5778
250
211
3454
1620
2916
631
5412
5536
5687
8076
1687
2324
6214
3966
5634
2669
6383
3612
129
5498
4323
3501
6811
8084
7733
3718
5291
2502
3458
1186
5209
2934
3304
2736
6588
3253
3625
758
1319
5860
4800
5274
6561
6325
353
6259
2762
4496
6653
107
5377
505
326
7697
459
4602
2837
168
1208
6010
5834
1695
2197
4260
7405
6038
5928
390
2422
506
5461
1331
6310
5229
2559
6692
5042
3012
2374
6104
8147
2175
74
6305
1730
5366
7683
1858
2232
2040
6862
3069
6048
970
7743
1451
1638
3585
7484
5619
395
5529
4341
6588
4475
7246
7905
6762
2098
2291
1617
5198
7923
4446
1058
6133
222
6414
3657
4696
4138
4831
67
3503
7954
5908
505
4676
5516
3223
4867
3207
4647
6746
4647
5643
5161
5244
2276
4207
5786
5240
5151
402
7068
1688
3966
2811
6872
7146
562
4863
789
4360
6129
7662
3629
5151
8057
7735
1281
4647
3741
2465
5285
8025
472
5295
3303
1483
432
1786
1789
5451
3503
483
216
1652
1831
1305
1305
476
5834
789
4680
122
199
5323
2331
31
1831
4464
7673
3512
4553
317
2693
400
1471
7048
2657
5998
4820
7409
992
2728
4019
332
7317
7835
5624
2847
3567
3998
5812
6048
7374
5222
5628
6147
444
6692
2072
6519
4796
2089
2794
373
7591
3651
4233
6950
1117
7117
4309
7242
4605
109
4950
4146
280
6663
5440
4132
5311
461
2584
2994
1429
6138
8105
8190
1347
5465
7771
5407
8073
6791
423
4270
689
4353
3575
5091
1944
2248
5340
8156
2907
649
2339
5279
2325
4735
4594
1011
7776
6722
5182
1424
2318
7656
7129
5057
432
4333
5634
610
4399
2271
2957
5226
2368
1357
3497
5499
531
4017
1281
1532
1164
5077
8021
1949
1774
7344
6677
7405
2958
1576
1555
7875
5289
4993
7200
3280
926
2614
549
5151
7798
1748
2896
6580
2248
7121
698
1270
3265
5385
4856
3492
3959
5112
7679
2016
2256
3432
4867
5579
3207
2958
462
7000
81
6194
242
5849
4167
7323
3125
2164
3490
2459
334
2768
6810
5574
7755
6608
7600
7121
4721
1601
7582
1534
1803
4670
4139
7451
5408
631
5661
414
6754
5240
476
6867
5519
5132
4323
755
8185
5687
7110
6950
740
2061
5459
3074
744
6831
1304
845
6791
1041
6220
1948
4568
5120
3942
4670
1787
2907
7901
2958
6485
3183
1390
1761
222
4637
755
1184
3477
7784
5998
8103
4361
5354
5735
8175
1438
949
6884
3542
7980
3173
5840
5428
7246
559
7389
3942
5220
2026
8021
5874
7542
2847
7650
2090
3776
7875
7370
3123
2894
208
3389
2835
2676
5403
504
558
4718
7093
2676
5385
2338
134
1521
6677
5220
5661
6135
8030
6954
202
2325
6522
7875
4446
2187
2847
107
7257
5048
2635
2374
5579
6245
3071
1774
7160
4007
6326
7454
4651
1988
4823
3728
7886
6569
7230
1664
1787
5412
4175
3260
5279
7116
6565
4863
7271
8084
6352
6494
7294
4670
80
4670
4670
592
7986
5279
3911
7405
2458
3121
5290
450
7405
7901
46
2662
7601
2343
45
450
3541
1803
3610
209
7784
4323
3183
7875
3657
4038
3805
2343
3068
6796
4448
6186
2051
1209
255
5292
2113
6053
5514
5536
1776
2279
6310
8071
4925
6975
6989
783
1852
28
3326
2929
4255
74
2427
4359
4784
5071
6764
5798
7940
5214
4207
2835
3240
1209
5514
3682
568
405
2489
5579
4089
7868
6002
6196
5963
1071
4192
1289
3210
754
601
2677
7721
157
5893
3581
3166
4955
2482
1037
960
1664
2851
3223
631
3477
2429
6000
297
7232
4492
5412
4120
2271
2066
4950
3991
1631
5933
1940
7330
5687
7689
6791
5220
6954
778
89
3225
674
2785
5353
2736
1948
525
525
2958
5579
1021
3326
7596
5129
424
7753
1988
3747
3747
1836
6677
1275
753
5166
3220
3389
5214
45
3128
7596
7075
6791
591
3681
972
7748
3123
897
631
631
7246
4475
5798
2958
2958
1787
3123
3585
3443
47
7028
3225
7940
5418
1139
6563
7328
3477
559
5661
914
7680
689
393
6441
5250
7916
3792
5779
4475
5536
5779
5536
631
631
631
5579
5579
7246
2061
6481
5112
1579
592
139
1028
1785
2939
1664
45
4237
5748
204
6041
852
2381
1230
7665
1824
4880
3942
7673
2736
5945
631
6481
5661
631
631
7246
2958
2066
7063
4952
45
1029
3077
4771
61
1311
3004
6796
5798
2772
7915
1944
2593
6384
4670
6945
1319
1620
7442
6384
631
3207
631
6481
631
631
631
7246
5579
6587
2736
6791
5997
783
3161
7384
1767
3055
5000
1200
6717
4521
208
