0
0
0
9
1
2
0
1
9
0
0
0
0
0
0
0
0
1
0
0
0
1
8
6
0
0
2
2
0
0
0
1
0
0
0
0
0
0
0
0
0
0
0
0
0
0
0
0
0
0
0
0
0
1
0
0
0
0
0
0
0
0
0
0
2
0
0
0
0
0
0
2
0
0
0
0
1
4
1
0
1
0
1
0
0
0
0
0
0
0
0
2
2
0
0
2
6
1
0
0
0
0
0
0
26
0
0
9
7
5
0
0
0
0
0
1
2
0
0
7
1
0
3
0
0
2
1
2
0
2
1
0
5
1
3
0
0
0
0
0
0
0
1
0
1
0
0
0
1
2
0
0
0
0
2
1
0
1
0
0
0
1
2
1
1
0
0
0
2
0
0
0
0
0
1
0
0
0
0
0
1
0
0
0
0
0
0
0
0
3
0
7
0
0
1
0
0
0
0
0
0
0
0
0
8
3
8
5
7
2
27
10
2
4
2
1
2
23
0
0
0
12
0
3
1
0
1
0
0
1
0
3
0
0
0
0
0
0
0
0
0
0
0
0
0
0
0
0
0
0
0
0
0
10
0
0
1158
6694
8064
5254
2195
8162
744
6452
3393
2012
5117
1140
5445
4374
1163
7587
7497
853
6975
1362
6075
2688
8059
394
2460
200
5057
1587
3946
1009
988
4472
2008
8089
2038
8122
6681
2579
7887
2677
2527
6667
5566
5566
2238
1873
6906
5993
3849
4759
2354
5984
1494
7767
7514
2295
2217
7094
3684
4858
7039
7061
358
744
881
2892
6128
1189
2733
3499
5350
2713
5344
1821
4605
3095
4065
3740
358
1937
4147
6069
5183
4719
7682
7279
7954
7491
423
1870
3085
1105
7121
959
6613
4361
2316
1396
8048
2679
4366
6626
7609
7216
8103
1062
1606
6770
1356
83
421
721
639
1087
1565
1789
7415
5364
1046
8103
5890
2265
5791
7933
1513
3480
5739
3806
258
2458
1870
978
2772
2780
840
2922
919
258
1012
4427
1333
5227
783
4945
1318
2443
272
1391
2379
7121
61
4561
8013
1899
6932
4630
163
7688
4880
83
1453
7012
4194
5507
1279
6361
3643
2972
5857
2843
4419
4009
1434
200
1620
4056
5520
3004
1672
2114
4505
4604
988
2134
961
7687
4752
2199
2150
4017
7823
3835
1039
7213
8122
7697
6809
6754
176
7404
3198
5358
3978
4082
7777
5906
2411
1296
5850
5532
8076
562
6756
2654
6998
7521
5425
1305
5981
3283
7362
3927
2995
729
8009
7404
3508
961
2847
5670
6754
8147
1305
6957
5980
4323
7942
7437
7604
4100
2021
1844
5289
7404
3839
1755
7758
1719
6325
5425
5274
4827
7460
3284
5332
2802
6091
2990
5358
6891
5231
1184
1442
961
2990
961
1719
2582
3283
8120
3011
1237
4979
4446
3714
7805
1282
7460
1727
6348
6601
27
5578
7271
1844
2655
4020
5102
3012
3466
464
5246
523
6325
6825
5182
5289
5940
7197
5042
7771
5683
176
5957
2446
4525
5104
7737
1429
6850
5188
2446
4382
1561
3771
1229
176
4446
3178
1515
3678
4432
6266
7737
858
4268
1569
6662
7805
4021
4359
3169
4014
5578
523
3140
5972
3634
6601
1403
3631
2225
7737
4060
3010
217
5115
3283
176
3489
3678
8100
2984
709
7367
8082
2984
1181
7737
1881
8136
5458
2104
5274
1552
4993
4446
5358
2457
4904
972
2448
461
7805
2124
4383
2796
7350
827
2434
8100
7521
5462
2096
5099
7800
5572
858
4993
176
4791
6672
5507
5507
7866
666
22
4430
1305
2213
3508
1608
6399
2550
7317
476
4197
5909
8039
5501
568
7431
3519
6692
1349
6399
1569
8100
929
3135
1727
7521
8036
3714
3660
2811
6391
4106
464
4791
1707
222
153
7212
3136
1608
5772
5104
7527
8072
8009
1801
5150
4502
1753
7404
1657
3678
6305
176
1831
666
7766
2139
2076
3482
2139
4767
6634
3402
3081
153
4455
5425
3940
2291
7748
2030
1442
7658
7356
6048
2660
552
6749
6229
1659
5834
523
6485
6399
4752
7761
2990
6301
1360
1234
3283
889
709
3592
6383
5986
7841
7103
6957
6692
1604
129
3413
7855
7521
6670
118
5358
3178
4384
1471
5797
6181
6891
4495
8057
8037
7496
858
5736
1623
1696
6998
6809
1846
6378
4515
2431
4649
6750
5783
5274
222
4843
6336
476
3332
6809
5042
5848
5972
6214
476
4780
4430
8100
4333
7687
5274
2992
7884
1844
4432
789
7465
1922
3973
6119
5005
3865
1831
4676
3012
6325
4686
3678
5614
8137
4678
4679
3508
961
3489
5535
1905
7683
3466
1727
5980
7420
4509
7146
1461
6414
7521
152
1013
7465
3717
3011
789
8147
4195
8036
7697
7835
6891
1811
4613
326
3136
22
2990
505
6119
565
118
3183
4678
7907
5274
1158
4676
5274
7964
8057
4827
4678
6443
3394
7875
6744
523
6305
323
5834
3069
5358
8084
6057
8137
3390
6242
4322
5478
476
4823
6214
8036
7650
6930
2982
3090
5358
961
2994
7429
3090
3508
3183
107
4655
2187
4827
3069
6400
6272
7697
2847
5578
6809
5231
3136
2232
1833
7349
1305
7875
6673
5135
6754
8037
1922
2847
5578
7687
4893
2582
118
1687
3178
7607
3998
6957
6754
7411
5692
7903
1844
6348
1710
4993
1844
6634
1070
4780
1623
3726
3178
8057
5042
2434
1477
5005
5911
6957
3283
118
1719
5231
5740
3069
7387
3595
4827
2670
3169
3178
7805
3178
2168
6601
2187
498
6662
7165
3063
7683
7264
5546
8009
1477
3069
2434
7761
4993
222
5683
7697
6467
5358
4637
961
3501
7212
1305
5481
5289
7683
2076
1694
51
1831
1727
2550
5556
4880
7408
3254
7847
6662
5753
222
2792
1259
4496
3678
4401
3678
1477
3678
5542
3238
4720
326
7460
2847
4827
8037
7683
5274
1083
7521
2847
8037
8100
273
4568
686
2560
7582
7370
961
655
6378
2098
31
5634
6048
505
5617
715
6332
5408
3732
5715
4340
4983
3678
5425
3090
5366
8147
5546
7317
2847
3426
7847
7887
5077
3304
7011
2916
2645
4527
6957
5670
3508
4780
8057
7761
2094
5516
1534
5364
2285
7845
959
2679
2631
3198
107
7521
1710
2450
3678
1477
768
6463
1535
200
297
1441
1733
932
2916
249
135
1528
2550
3183
2550
1528
6732
7012
369
1709
271
2639
684
531
7887
2916
1569
4430
5683
3971
3198
961
6411
5470
2747
2049
7691
2244
4194
2002
6321
683
2106
7788
1462
1635
1329
5682
4504
1441
3443
8159
2124
7584
811
1732
2516
1048
4504
6321
3136
31
4700
4290
7613
2784
6307
3161
7691
3755
4700
1535
254
3631
947
3684
727
30
4009
3684
1021
1944
1588
1522
5537
5531
5482
7093
6068
4881
61
7415
6906
6041
7040
448
48
261
5163
3571
1118
4183
6583
7587
7418
6969
7543
61
6183
2501
7006
704
3732
740
97
4543
7389
2229
1473
1834
3353
5715
5403
254
3455
4835
4222
1254
6202
3667
6369
5896
3433
1709
1030
802
6183
6735
7918
159
6370
3477
1787
7221
1820
6703
3280
726
820
1600
5833
4504
3939
2957
4640
6211
261
4190
1864
2015
3359
2662
6645
2780
7592
5892
6563
7722
4623
1057
5654
947
437
3585
7447
1878
5647
2081
64
7252
