0
0
0
8
0
13
0
2
10
1
0
2
0
0
0
0
0
0
0
0
0
2
0
2
0
0
4
3
0
0
0
1
0
0
0
0
0
0
0
0
0
0
0
0
0
0
0
0
0
0
0
0
0
0
1
1
0
0
0
0
0
1
0
0
3
0
1
0
0
1
0
1
0
0
0
0
0
6
0
0
0
0
0
0
0
0
0
0
0
0
3
0
0
0
0
1
9
0
0
0
0
0
0
0
23
1
0
13
7
6
0
0
0
0
0
0
6
0
0
3
1
0
6
1
0
3
0
0
1
2
1
0
0
1
3
0
1
1
0
0
0
0
0
0
0
1
0
0
0
0
0
0
0
0
2
2
1
0
0
0
0
0
0
1
1
1
0
1
2
0
0
2
1
0
0
1
0
1
0
0
0
0
0
0
0
0
0
0
0
5
0
5
0
0
1
0
0
0
1
0
0
0
0
0
9
4
6
4
2
6
25
7
2
4
4
1
1
25
3
2
1
11
0
0
0
4
0
0
0
1
0
0
0
0
0
0
0
0
0
0
0
0
0
0
0
0
0
0
0
0
0
0
0
10
0
0
2591
7995
4707
3432
6737
68
67
5018
751
7697
5232
1620
6638
1520
6307
4270
2464
4387
5513
1076
1029
2024
6332
6210
5160
960
3513
3467
4109
5545
4870
1434
4340
649
7502
4676
3985
1761
4248
5182
1898
68
505
1922
1525
3152
2944
421
2894
7307
6871
6307
2252
3701
1209
6824
7592
5730
7921
3899
7798
7725
1409
1978
1029
3096
3563
1687
2083
7981
67
94
7430
5505
7431
4946
4655
5569
3642
1944
3647
3544
3290
1075
6483
4965
1826
4454
2063
2973
6438
286
1641
5438
5419
852
5816
8040
7264
2251
8057
4680
545
1659
2723
2574
1622
1477
5409
3985
6930
6092
7570
2121
2963
2129
4535
7197
2576
5726
7745
5367
5874
5584
2868
6095
6792
3474
2976
7182
5232
6433
3698
7430
3526
7236
2448
6899
5455
7487
7430
3629
1898
8067
2703
3971
5256
449
3368
47
5283
3676
369
6132
5514
3469
450
4353
6336
189
1585
7135
1581
7743
5908
3508
6653
5165
7289
354
3866
7476
2847
68
4212
3377
1107
3941
6964
6787
5440
7067
4985
5232
286
4346
5053
7584
5762
1798
5140
7864
8160
7223
1620
4422
2846
1378
2943
1799
3462
6928
152
3940
3985
5291
856
6189
3895
4810
6872
5859
2305
3637
3553
1567
5583
6615
6831
6329
1795
1534
3793
8046
6041
1269
2397
6623
1544
7101
5366
2712
447
2353
7158
2943
6048
5908
6692
1730
1644
5902
1782
326
6638
7229
5066
5778
7424
4543
7303
3751
5514
4319
6303
7901
2318
5017
7683
2098
3501
2382
2990
5908
7159
7158
1695
1673
4680
3940
3048
4983
979
1273
5261
1133
2658
744
1319
6059
389
5364
2671
6951
5412
1473
6346
1076
2291
7981
7271
1720
4835
1446
7146
6930
5366
3446
813
7264
5880
751
6485
7000
1606
4683
4401
5487
6757
1497
3433
2905
1440
3028
1497
6137
6940
7754
2366
4267
3117
5634
6057
258
1155
4342
6557
7249
4118
3795
2446
6436
6305
687
5522
4175
5100
3966
2825
5162
7282
8188
6672
5811
7337
3756
4608
2031
6058
937
41
379
869
5284
865
3167
1600
7446
1031
4683
5164
5077
1620
5166
4887
2280
8048
4595
6190
6074
5715
869
3682
4809
3619
6002
5906
515
725
2283
7600
1377
751
5366
5853
6661
1041
5422
1628
1986
6048
5740
6400
6649
1873
3897
7049
4528
7201
6158
1630
2829
4950
3786
2956
3443
4017
1103
3460
6761
2956
4383
6531
291
1894
1788
1935
1281
1519
314
5471
362
3940
4401
2098
683
3045
165
7886
7915
2686
626
7745
2645
5495
4065
1241
1824
3186
5020
3402
1176
1377
6964
2991
1894
5683
4891
5099
2419
95
6305
7263
1477
1283
5670
5143
6256
4099
7051
1809
3992
3186
170
3747
6262
6276
4920
2372
5273
255
1471
4872
1377
3567
1894
7875
6433
4946
4398
7875
4338
3161
565
3235
3985
3940
6167
4165
94
6816
1673
5033
4525
8160
2285
845
7882
1602
3266
3773
1939
469
1860
4946
357
6816
1898
7713
2643
1069
6738
4248
3881
1087
5910
8099
5634
8067
2382
4873
3770
4844
1681
751
4148
4293
5418
7777
2464
7806
8085
5560
7258
3895
6930
3104
3985
1681
122
4515
2529
718
3317
5853
3125
5398
3742
7941
3290
7919
5407
1427
2482
922
1208
5018
2545
505
4868
1247
1944
7995
2591
6810
3851
4926
3125
3104
291
7713
1069
1284
5071
3148
6417
753
7527
2766
4467
171
813
5325
6723
3869
6186
4499
2135
6593
3963
4576
41
1184
7903
3096
5403
6022
2671
3577
1898
1922
3030
3985
3985
7429
5291
4545
2343
4920
5230
6975
1382
4983
8057
6723
1922
2122
4398
8076
2291
6930
3247
7263
6591
3048
5407
4885
3810
3253
5245
3475
6862
6816
6816
1894
2098
6745
4401
3688
1333
4446
687
4209
87
68
3866
1477
549
1059
5940
7981
1283
2990
5740
7840
1894
1687
5908
7609
3654
5874
170
5272
5820
6816
1898
5505
5366
6399
5104
937
1730
6429
7412
8000
3930
6443
5740
152
5889
2269
7212
4983
789
7412
5366
7748
1673
7263
755
2907
1042
4660
5915
6124
6648
1140
7000
505
1208
2572
4844
4863
1858
2572
751
2572
2638
7412
1687
3985
6463
5354
3866
41
2482
549
3866
8168
6998
5251
6498
2708
6047
2840
2076
2442
6592
5420
1520
1708
5569
7800
5182
2003
7429
2862
94
94
4061
889
7982
3567
7159
3940
3030
6557
2485
1708
7804
171
7083
6957
5967
4983
5743
2464
5290
4835
1062
1939
4868
505
6816
7159
1898
1687
5907
978
5325
222
168
5896
6899
107
3104
929
1104
1104
6770
1230
4803
7855
5409
5908
6485
5256
6233
6179
4659
5874
5778
2826
5256
4655
7857
6557
152
222
1788
5738
1094
5256
4239
4413
5471
4730
5910
3963
4435
3066
2736
6677
7156
4683
41
4576
1894
41
6463
6321
2128
2364
7894
538
5291
1284
1681
7981
5597
3985
1283
5350
5837
186
5230
1404
6653
5366
5256
7317
2658
7093
6730
6189
987
3030
5124
4248
2770
6522
1171
3849
7061
6592
1711
4150
2740
751
3567
1687
3104
3104
5366
1324
2170
7674
518
1253
5325
1528
4868
3776
7907
5497
2642
699
1104
4730
3048
6048
3048
4067
4172
4477
959
1117
2733
2396
1040
7704
1695
1687
7263
3985
5251
915
5843
5714
1269
2996
3455
3148
3178
3334
4775
1569
5967
4855
5481
4696
6157
3370
1922
3397
7243
5543
1440
3257
1426
7371
2130
3988
1258
7981
5256
5366
4976
6073
3196
7901
1849
4044
5472
297
1509
7249
7748
6160
68
379
1650
4789
5111
2613
3979
7932
7651
501
5171
3132
6849
519
1637
7148
5220
2374
1691
3410
4444
4255
1076
255
2922
7882
308
6251
2627
41
1922
5256
5366
3606
4950
5767
8006
2685
4805
6513
5365
6622
6256
5405
3548
2091
4353
6218
6264
2137
37
7779
7811
3635
6082
1048
297
7131
2337
2679
6436
27
7713
5240
5937
4766
4950
48
7327
7466
5853
711
3933
3482
5517
1594
5902
835
1159
7378
3058
1024
7618
4225
644
