0
0
0
10
1
0
0
1
10
1
0
0
0
0
0
0
0
2
0
0
0
6
11
1
0
0
3
0
0
0
2
1
0
0
0
0
0
0
0
0
0
0
0
0
0
0
0
0
0
0
0
0
0
1
2
0
0
1
0
0
0
0
0
0
1
0
0
0
0
0
0
1
0
0
0
0
0
1
0
0
0
0
0
0
0
0
0
0
0
0
0
0
0
0
0
0
7
0
0
0
0
0
0
0
21
0
0
7
4
5
0
0
0
0
0
0
3
0
0
1
1
0
5
2
0
0
0
0
1
0
0
0
0
0
1
0
0
1
1
0
0
0
0
0
1
1
0
1
0
0
0
1
0
0
0
0
0
0
0
0
0
1
2
1
0
0
0
0
1
0
0
0
2
0
0
0
0
1
0
0
0
0
0
1
0
0
0
0
0
3
0
11
0
1
1
0
0
0
0
0
0
0
0
0
10
6
9
2
1
0
20
2
2
4
2
2
1
20
0
1
0
11
0
0
0
3
0
0
0
1
1
0
0
0
0
0
0
0
0
0
0
0
0
0
0
0
0
0
0
0
0
0
0
10
0
0
7940
2777
7940
49
4914
4867
3816
7615
7112
3585
4718
7716
1320
2105
791
4251
3864
1089
6452
5927
1244
7523
7748
1404
3875
4430
1015
7064
5402
4446
3228
4430
5579
5655
5417
1947
1402
1917
2483
825
5161
5380
6796
2309
3542
4387
6525
7605
6194
3881
5617
3956
789
7273
2540
2059
107
332
5226
1824
7987
3183
1992
1687
2410
6698
7074
545
6755
596
6416
6426
5739
1675
4722
4395
4280
4665
2098
4159
2897
523
2098
7667
2730
3730
8106
1292
961
41
7257
7062
7567
6009
1378
4212
5372
4634
7318
2488
6381
7123
6296
1009
3642
4969
7926
216
1528
2291
2683
41
3567
1688
1079
3879
717
5155
2168
1451
6727
1986
2991
3171
4399
7357
3857
4346
12
831
1270
5230
3366
4997
5945
4293
4281
4147
3981
4019
7460
7523
6709
4855
5824
7085
4221
7264
6443
1612
4342
3678
7263
2285
4341
3322
6193
4491
2791
255
1620
5707
1631
3740
4099
2756
4031
3966
7590
7067
7121
3558
809
6242
3966
6210
6047
717
5848
6814
546
2893
4967
6791
6384
7223
3691
6501
7284
6456
4618
421
646
3253
1007
3986
4929
3734
2009
4330
2081
7723
3724
1461
3979
2770
3090
5868
7854
4479
3331
498
2770
216
755
6123
1029
2835
3207
6384
3427
3524
6031
7745
2032
1875
8151
3786
7584
5332
3986
4233
2474
1415
5967
2382
7793
7311
6214
6598
856
5769
7242
3678
505
7264
8185
830
2229
4079
5477
5542
7477
3304
6031
896
1449
1522
7179
4542
1103
389
7098
4317
6389
794
6928
3595
4855
476
3011
1525
4686
5188
7875
6676
956
6209
7367
686
4296
1372
5430
7252
5993
7329
5840
5423
3612
1079
6369
740
7672
5623
1748
6677
122
3441
68
794
5624
222
4905
7875
4430
5455
7793
3836
5389
2908
6520
4147
6700
1114
194
6068
7601
7691
6545
2581
6616
8073
466
1787
111
5225
1453
4365
5328
7905
8014
7646
2187
7523
291
4178
7043
8168
4946
5307
7263
7827
921
4518
5874
1482
6831
1598
2082
2796
1025
3881
1338
3892
4293
4233
2066
7431
4232
6297
1555
135
4730
3141
1578
4850
2993
7730
6494
4401
3865
4715
5516
6395
4950
5672
5742
743
859
6925
4233
8095
7271
5956
789
5952
7615
317
4088
5898
3600
4777
5617
3482
5107
3901
3012
7095
4679
4512
270
5670
7386
5353
1797
2178
7545
7570
2756
2244
7912
795
389
5250
4777
3685
5382
7270
3347
2686
5874
109
7613
5710
3012
7060
962
6561
7818
6614
3979
1530
2633
8147
3032
757
7973
5091
1049
6227
4735
1448
374
472
1523
2465
6860
4856
6384
3886
1595
3297
4521
6320
2448
7536
7367
3657
5379
7942
1687
6715
4919
4767
6242
233
2070
7127
3120
2343
4952
1320
6272
4835
2164
4202
686
1282
967
5104
2062
1351
2341
1808
574
5071
1545
549
7370
5011
6400
1858
860
1569
8084
3003
216
794
2027
2072
2366
4242
283
3029
7682
388
7563
3483
5982
1550
4949
2303
5999
3167
2265
4348
5031
7759
1332
107
6485
6209
2658
4322
4
5843
6692
1708
8185
4452
7988
2519
4855
5736
1105
4835
6953
5322
3991
3206
389
5077
3542
5575
276
16
2062
808
681
7181
1687
6400
5246
790
3458
2889
2978
5569
2897
6468
819
5379
6010
4855
1297
6697
6683
5778
1235
7
1589
2308
5350
3443
1680
4429
7781
3733
6405
821
1721
2706
6443
5353
6631
4095
7240
1296
590
1727
3489
5050
1528
2156
7430
8057
7748
3247
5379
5730
4574
3830
5746
4422
1816
4048
4363
4836
5332
6692
6451
6756
1988
584
6172
6716
2809
5614
2051
1468
7829
2791
1397
5692
3681
4960
5505
6719
6631
5546
732
6138
4610
4178
6771
7361
6740
7038
1307
3741
1226
901
4542
2478
2892
3558
5848
5487
7240
2448
3592
7117
1164
5248
1223
3985
5981
1352
3940
1130
5144
2036
900
590
4599
464
7326
5589
6005
5250
7827
736
3460
7414
5647
6824
8122
4132
6352
762
2472
3159
502
7176
361
234
7068
6642
7476
3327
5582
762
4221
6045
3566
7370
532
2770
7604
1042
6719
4372
5428
1699
3810
1965
480
7221
5655
3446
6399
4855
2139
5425
6547
3612
3284
701
1968
830
1431
5240
856
51
41
5274
8127
171
3956
6971
692
6532
2076
4993
1593
1748
5363
1467
1564
7911
1891
6400
6399
4446
6493
3466
3066
6498
5240
4323
6400
1761
3030
1382
2660
4676
7306
2448
6816
2195
3836
1903
2428
6289
2285
2676
5279
2610
4303
2081
6983
3117
5289
7399
5110
5274
4397
7645
5379
6705
7356
2668
7683
7864
6158
3101
3387
3850
8037
5246
4767
6300
7095
3114
2149
5261
7806
6553
1750
5407
5877
5113
7070
6148
1426
7683
3221
8132
7981
4473
6318
4243
1657
2168
2448
3567
6665
6443
5389
2291
7538
3215
5552
89
850
4599
6816
2569
5013
3464
1010
2199
2791
7615
5013
3159
2867
745
107
3717
2360
5460
1021
6805
3998
7804
762
3282
3247
6596
603
216
2893
5793
5999
418
6689
7718
5042
2007
3538
2676
1423
4017
3178
8060
3082
2511
3975
2846
1474
3567
4999
357
5011
6928
4432
7735
6631
2291
1914
6010
7616
809
5556
2499
373
2411
4679
7117
2007
2099
7523
4475
8
3572
7875
5987
1744
3334
1398
3369
799
1541
5527
1481
4946
5251
5274
1491
5622
2197
5052
3011
7374
2535
6041
740
5831
4609
5412
4846
5246
4205
8143
418
3220
2732
823
2529
1687
5011
7713
652
1416
2686
1154
7007
5144
7370
5124
2508
751
5416
3833
5687
5997
7294
2303
7910
1948
96
5066
7570
1944
4892
606
2831
1544
1607
3069
5706
3526
5612
4855
4946
6704
652
2934
3698
4
6410
2770
2943
4943
2908
458
421
7205
5185
4372
2907
7615
2650
1565
575
4609
4484
3942
6384
4628
1217
5893
1721
3082
5479
4919
2020
4143
3441
1280
47
7901
3783
8177
1678
129
649
2405
6831
6761
3806
698
4718
1283
3529
4058
4291
7190
1776
421
4541
1909
7292
