0
0
0
11
0
10
0
2
9
0
0
0
0
0
0
0
1
1
0
0
0
0
5
4
0
0
3
0
0
0
0
0
0
0
0
1
0
0
1
0
0
0
0
0
0
0
0
0
0
0
0
0
0
0
0
0
0
0
0
0
0
0
0
0
1
0
0
0
0
0
0
0
0
0
0
0
1
4
0
0
0
0
1
0
0
0
0
0
0
0
0
1
0
0
0
0
7
0
0
0
0
0
0
0
27
1
0
9
6
6
0
0
0
0
0
2
7
1
2
5
0
2
3
0
0
0
0
1
1
0
0
2
0
0
4
0
0
0
0
0
0
1
0
0
1
0
0
0
0
0
1
1
0
0
0
0
1
0
0
0
2
0
0
0
0
1
0
0
1
0
0
1
0
0
0
0
0
1
1
0
0
0
0
0
0
0
0
0
0
0
0
8
0
0
0
0
0
0
0
0
0
0
0
0
14
4
9
5
1
2
24
4
1
4
3
2
1
15
3
0
0
12
0
0
0
1
0
0
0
1
0
0
0
0
0
0
0
0
0
0
0
0
0
0
0
0
0
0
0
0
0
0
0
10
0
0
2892
4641
5285
4270
4383
5706
6663
6691
6397
8173
764
2513
4569
4312
3373
4617
5985
6500
5370
3627
6899
6371
7595
4132
5542
1697
6721
6125
7453
7517
3778
4704
7890
4948
6926
3638
5250
870
5309
3510
6981
3271
3684
8048
7227
6877
1349
7317
1528
1897
3996
7782
2550
5407
2754
7346
6430
3453
7024
3068
6948
6322
7301
1232
3696
2992
1395
3759
2027
7129
7980
744
1029
3079
7861
7625
6183
6747
2847
431
5462
3753
0
4983
1477
8054
5683
7761
5683
5354
3098
2672
596
5364
5647
4261
6383
6214
3056
5132
8132
2516
2999
7415
7121
6353
2479
6193
3268
1477
7465
1766
5981
8149
2750
505
7249
7771
5080
68
4286
7147
4360
757
1709
6475
5720
1181
4289
2658
1857
899
6365
4214
3449
3083
7739
6445
844
3117
5683
3940
7412
1681
7249
51
378
7981
379
6160
5124
2874
1922
4752
2094
1992
2115
2430
5201
6641
2266
2073
1767
5324
4183
1446
7704
4112
2252
5301
6650
3048
5597
6305
7249
3998
6723
4893
961
976
8183
3104
7771
4730
222
655
5462
3107
8076
4361
7012
3717
7534
1616
2732
138
5628
3611
3893
3212
5530
6307
3114
4682
222
3069
3868
379
5080
5740
5546
5786
1405
1378
7907
2168
6930
5740
6305
7073
5953
3187
6057
2531
5820
5799
7479
900
1978
5118
3022
5831
5532
3927
4212
3030
222
4983
1892
6928
5740
1126
1477
1710
505
3048
4212
5908
3370
4286
5740
6930
1283
5299
961
6670
5815
3183
3610
6790
6271
1834
2610
2887
8183
5683
2888
4212
7263
1305
7374
7822
8054
222
6957
1788
4682
5740
4780
41
2319
5910
4682
5425
6748
5407
7650
6086
5505
6002
411
2184
176
4478
966
7220
3508
3940
7412
5146
8183
3866
1271
1693
6463
3940
8147
3629
655
41
7822
5262
5462
4244
2550
222
976
5240
7840
3248
6121
1051
4892
6117
4502
2466
7339
3201
6957
7264
5409
1477
3104
4974
6692
3426
5085
3090
7374
5552
8100
4148
5908
3518
1498
7404
2052
723
4696
7332
4704
4294
3483
1039
6828
729
825
3691
7068
7734
162
7683
222
3030
6891
3836
4180
6180
1986
3030
2460
7396
5188
5889
2670
2427
1307
3895
4949
4333
6960
5713
2979
4261
2572
418
3066
934
216
431
1400
7805
2251
6769
5231
2982
856
7539
4248
4282
7212
2529
2525
758
5064
8084
313
7465
6485
5191
2529
6266
6664
7532
119
1485
3001
914
4565
1886
4682
1710
4401
8185
7954
7863
4167
7430
4890
3776
225
7046
7919
3238
6884
1678
3241
2981
3012
4845
900
2529
2330
3733
4401
149
448
522
4575
234
5724
4961
6269
431
505
3629
7212
5670
7440
8037
4000
7907
3467
4474
1801
1467
4261
7484
4920
3714
1599
5834
2836
2691
5498
404
483
7396
2393
7064
912
7776
5997
6434
4720
8037
8100
5980
2351
7317
7963
6464
3351
545
6632
2529
4202
472
845
4498
5530
3154
1690
970
7907
3174
1543
7367
1555
6176
1535
7067
1550
1839
2369
4849
7408
3563
2582
3943
4280
3254
941
6123
4794
942
343
2420
2699
6568
5622
5418
6430
3679
7374
3178
461
8057
5353
733
7713
1833
6321
2119
635
5019
3259
4732
781
313
1477
4682
431
5597
4682
3678
5462
7697
858
6172
3988
1347
1652
1833
7213
7308
1555
3659
7822
4981
7046
7844
734
6057
6243
5790
5404
5868
7941
2946
3426
3104
3048
3866
4730
7771
162
4212
3183
6266
1687
4021
4844
1162
7875
2331
1011
1742
706
505
1431
7771
1986
3836
27
4212
2942
4545
729
1024
6745
2094
3104
7771
476
6099
7720
6349
3966
1004
7045
5683
7899
2760
7923
5007
7735
6305
5834
4655
2951
5466
4963
1710
6692
1378
4752
2187
8183
2794
2972
4061
1294
4682
7264
929
74
5535
216
2600
7430
5462
4180
1710
6663
6790
176
3963
4835
2943
6738
7664
27
2485
338
585
6305
5462
4682
7465
1477
2802
5594
5343
3048
431
7465
379
5462
1710
3940
7264
3104
431
5462
6048
3001
6001
5417
5535
2286
1229
7650
5353
924
5284
2156
5614
1926
3136
2134
1292
2690
7494
338
7663
7074
3508
4205
2096
2143
4682
4730
6160
7263
1710
2792
2860
4029
2420
942
5807
7156
7060
1911
4827
7367
7350
7242
2973
803
1767
6823
7823
1354
1040
421
1583
3066
6568
1628
7683
2670
3048
222
7771
4156
379
680
3001
3533
6914
6414
5353
5820
3378
4205
3030
8136
6437
1032
200
4534
4067
6735
7590
4245
1095
2423
276
7211
7072
5408
498
7412
1484
379
1477
5407
3363
94
3363
302
6325
7127
4893
6305
6998
6305
3183
1801
3754
2057
3911
3635
966
1907
5878
5627
1514
8143
7695
5831
4017
148
7119
3308
1688
6957
4323
3322
5120
4396
6790
3714
3998
74
4730
7974
431
1431
5772
332
987
6068
4339
4685
142
343
298
6509
7852
7070
5475
5664
6631
2709
3469
7722
4236
332
1158
2192
1361
2616
2960
3012
1681
6557
3282
2291
2660
2683
1976
4667
2995
2825
157
4486
1890
3927
5332
4259
3259
756
1284
2182
7418
3165
5921
6593
2300
171
6533
7884
1047
7660
5392
347
7855
1578
4264
1269
5261
7388
4651
4426
6012
6737
7980
6549
3936
6000
1265
5569
7234
2860
210
3910
1926
1598
906
5532
7918
3651
7595
2929
1897
4286
7730
2981
5622
3010
5652
7408
5261
163
2408
777
7497
254
1287
1534
6281
5679
7587
3318
7724
6906
2511
4067
5805
7595
6755
2285
6554
2135
4277
6530
5848
5011
7340
6306
3134
1849
4353
5024
7494
4009
4347
335
4880
2698
6549
1084
970
5176
8174
1890
5301
3205
6433
653
7004
5908
5893
200
651
2352
6905
4682
2259
6019
3599
4472
1046
1062
5724
444
6761
6484
3893
5833
1535
1034
6005
1021
3875
227
2211
7587
6023
4038
4112
6850
2946
1319
4779
6222
788
2469
5770
1397
1110
12
921
5954
1046
7448
1236
6396
4340
3469
2922
4906
6509
2152
1453
4217
795
6760
7415
515
4111
