0
0
0
11
0
0
0
1
9
1
0
0
0
0
0
0
0
4
0
0
0
9
11
1
0
0
2
1
0
0
0
0
0
0
0
0
0
0
0
0
0
0
0
0
0
0
0
0
0
0
0
0
0
0
0
0
0
0
0
0
0
0
0
0
3
0
0
0
0
0
0
1
0
0
0
0
0
0
0
0
1
0
0
0
1
0
0
0
0
3
0
0
0
0
0
0
10
0
0
0
0
0
0
0
21
0
0
9
3
5
0
0
0
0
0
3
2
1
0
1
1
0
4
0
0
1
3
0
0
1
1
1
0
0
1
0
1
0
0
0
0
1
0
0
0
0
0
0
0
1
0
0
0
0
1
0
0
0
0
2
1
1
2
1
1
1
0
0
1
0
0
0
3
0
1
0
0
0
0
0
0
0
0
1
0
0
0
1
0
3
0
9
0
0
1
0
0
0
0
0
0
0
0
0
10
4
11
6
5
1
23
0
0
4
7
6
0
26
0
0
2
14
0
1
0
2
0
0
1
1
0
0
0
0
0
0
0
0
0
0
0
0
0
0
0
0
0
0
0
0
0
0
0
10
0
0
3823
4449
2279
7300
5404
6284
6154
928
6265
114
6822
6120
6411
5010
1893
1452
6953
4329
1242
4092
2907
2110
3557
6454
4353
2995
1209
3673
550
7575
7235
5608
683
8086
4874
2935
6335
2642
2840
7173
6053
8168
3590
2053
2662
5611
353
5739
1748
2509
49
3432
7682
4151
5133
5143
4623
5095
2104
6321
1312
4099
1043
4007
6545
4605
3378
49
6147
7946
7549
2338
5542
59
2726
4799
667
2725
624
3030
516
4919
7952
868
7776
6414
5335
7180
4426
61
1750
7012
2799
5220
2501
7371
4609
7595
5977
3166
6770
3582
7030
1525
7523
4174
7733
4328
4974
399
3055
70
5487
5957
1980
7605
6174
8058
332
5143
5232
508
2679
5232
2030
3162
7806
6996
3067
7689
3448
3168
1824
6623
7356
3278
2122
3343
2523
3334
7660
2256
8109
7873
1104
5284
2834
5144
5943
4907
1852
2175
272
3701
3012
2863
5489
4950
3308
5475
3993
5236
3614
6728
5809
7208
7274
858
4696
4095
5049
1338
7760
5044
3245
1684
8132
1860
6077
594
5852
6928
5379
7257
6683
7806
2214
2825
916
1535
7134
369
5101
5101
2686
5283
5024
1079
3903
7005
267
4666
8139
3717
6955
5370
1958
1947
2561
22
7730
3063
404
3759
7855
4159
8003
1612
7503
7887
1958
6327
1621
7892
7061
1181
4987
4718
5107
7150
6400
6194
6805
3776
5578
2420
516
7426
4345
6401
6966
2585
4957
7062
5991
2984
603
1110
5251
6205
7291
7575
6735
7782
4448
2889
4385
4965
3544
7336
2609
2991
3247
7981
4423
4221
6370
3958
1212
6676
2766
1189
3203
7490
5353
3219
2893
5207
7388
7843
3717
3680
3882
7637
2308
731
4907
5746
7615
7162
1364
1887
3256
1328
2305
7906
5274
7879
2197
8139
3458
6489
5238
2491
1651
4147
6488
3680
3045
6631
1778
5655
1968
159
5603
4968
1264
6475
427
7495
3610
6973
6705
3891
3987
1555
594
3125
3883
449
7473
2688
7311
751
3517
3244
1318
751
7346
5799
2622
307
2262
2700
303
3155
7850
1334
4665
6150
899
1606
5744
6761
7015
5575
7278
4030
2658
4366
2735
2038
8122
8005
6605
2116
2815
6248
5062
610
3611
6898
4607
7191
442
2603
135
3883
1935
2925
7760
1962
4293
3287
5963
7860
5769
1977
5179
262
2124
5732
1597
5904
2765
4988
971
5770
2360
3643
1506
8074
3839
7120
4048
6953
5582
2317
7216
7199
1104
2984
3256
819
7143
4641
649
4216
2819
5009
944
4260
1487
7939
1749
7466
7305
6569
5971
8119
1699
967
4696
5870
7356
6438
8069
5046
4814
5657
3985
1104
371
4696
6627
8185
3647
5619
5843
2422
381
1691
6268
7311
3652
7865
5264
6438
5516
2649
3878
6649
2219
2006
7177
4881
1639
333
3060
2798
7232
22
4142
7002
1569
1804
3881
7871
4379
7647
336
7294
1633
826
3718
6555
5681
5885
2991
4855
1372
773
6932
2629
7093
7435
3144
5440
7311
7146
4721
7749
6361
4988
6125
5983
7390
4645
3022
6104
163
2042
1169
8163
7502
2231
4602
5353
6555
6631
2910
5040
8062
3117
2910
2389
4017
6612
3672
2434
7174
3243
7245
755
6812
5883
3563
7145
1968
6676
5312
1309
2558
3790
4085
1104
581
381
2910
1569
3519
786
2628
6817
1858
483
7438
8091
3196
3299
3559
1778
5709
5813
3129
926
6811
2427
6138
3718
8099
6159
3606
7877
5292
5024
2834
6238
1776
2411
6928
518
1336
8026
3864
1623
6623
6399
6996
7018
6759
4721
8041
4022
6066
628
4154
4034
1785
6777
1030
1708
5770
2366
5550
2949
5024
441
6700
728
3586
8006
1709
2057
5564
516
7274
3555
8072
7414
4024
54
4754
4660
2579
1635
6935
5332
2249
387
6434
8002
2829
5286
8129
8057
2076
7570
2271
6069
4759
2603
4639
550
5896
424
7283
5745
7429
5529
4676
3307
453
1522
5780
2479
7733
7488
2122
5765
5975
3321
3179
7793
7793
5910
3718
8123
4818
8157
765
87
2072
6208
2312
7531
421
5043
7329
2268
5144
1753
4405
3385
4477
2810
6107
1039
505
6192
6103
7307
6536
1742
802
2693
7611
2682
2655
4665
4345
4340
7022
4525
8039
6398
132
4622
974
3377
6400
5274
3839
107
2984
2917
756
1500
3883
2385
5544
3627
6400
929
2158
2865
996
2119
6304
168
1481
5828
2673
8121
7679
1752
7446
6555
1260
4270
2419
434
5872
1691
7697
5487
3507
128
426
3836
1212
8136
3987
3311
7695
5702
5967
4943
4138
1428
8168
4187
3412
1211
673
7617
7918
7178
7226
3645
5430
4027
2229
484
6404
1995
826
6928
5387
5620
5803
6646
3692
4019
6555
2792
3003
8076
706
5251
1144
3203
3761
5828
3664
4428
288
243
2574
4415
2167
806
5748
3642
4777
1313
1988
1968
2621
3507
5741
7656
6268
5346
2519
5622
6745
4697
2264
5927
1685
7480
762
2323
4799
3150
5428
7956
4196
4594
7962
3158
3410
2677
7408
3190
3789
629
1767
5701
2197
2908
1874
1651
7864
2347
976
5967
789
107
6300
724
7107
2320
3282
3035
1608
4788
361
5085
3058
4453
169
254
1685
5770
4869
3788
940
5156
7775
8030
2871
356
5389
4282
8099
5144
4855
1525
4430
6343
5796
5292
6737
8128
683
5288
4016
3259
3232
3677
3504
5082
5143
372
7060
1397
1951
2090
7495
2925
5189
1127
472
5878
667
6231
7574
6723
5052
2148
5859
7735
2057
61
6327
2238
1024
841
3643
1680
7158
1836
7158
1593
8048
5143
4905
706
6238
5101
6681
4125
8031
6299
5276
4061
7662
2168
74
6464
3757
7263
5601
5439
7323
3159
4777
2645
777
1831
2422
5782
1598
1957
1160
2683
2229
508
7711
1715
3805
3152
2280
2099
2146
7510
6558
6041
2686
3402
7716
8040
5010
4609
5163
218
6111
7749
8086
5445
74
3908
2225
7652
2225
6440
732
2408
5111
3158
7546
6749
5766
1530
3894
5531
7938
2393
8099
1031
1224
4841
4080
3483
4079
6217
5622
48
2113
7239
1084
1073
7280
2464
6716
4291
4309
6602
3298
6393
7049
2748
