0
0
0
10
1
10
0
1
9
0
0
0
2
0
0
0
1
3
0
3
0
2
0
0
0
0
1
1
0
0
0
1
0
0
0
0
0
0
0
0
0
0
0
0
0
0
0
0
0
0
0
0
0
0
1
1
0
2
0
0
0
1
0
0
1
0
0
0
0
1
2
3
0
0
0
0
0
0
0
0
1
0
0
0
0
1
0
0
0
0
0
1
0
0
0
0
5
0
0
0
0
0
0
0
17
1
0
5
2
6
0
0
0
0
0
2
3
0
0
1
4
0
4
0
0
2
3
1
0
0
0
0
2
1
5
1
0
0
0
0
0
0
0
0
0
2
0
1
1
0
0
1
1
0
3
1
0
0
0
0
0
0
1
0
1
0
0
0
1
0
1
0
1
0
0
0
1
2
0
0
1
0
0
0
0
1
0
0
0
7
0
10
0
0
1
0
1
0
0
0
0
0
0
0
14
6
8
5
5
3
29
4
3
6
2
0
2
16
1
2
1
11
1
2
1
2
0
0
0
1
0
6
0
0
0
0
0
0
0
0
0
0
0
0
0
0
0
0
0
0
0
0
0
10
0
0
1497
5514
3535
4047
3464
7495
6761
4492
4255
7121
1241
7269
4291
100
972
3629
1233
916
4578
4753
8141
7342
6405
1680
2459
5998
5223
843
5708
3561
4618
507
6849
1769
4297
4080
7382
128
2483
4479
8021
7279
7882
4175
5998
7373
5634
6816
6433
5375
3682
1620
4300
217
3702
480
2422
5913
4242
5679
2717
3589
6437
3668
3893
3790
3077
1836
5525
37
3469
1062
3684
3167
7827
4491
5077
2198
5182
302
6666
7590
367
3039
1472
1023
3740
4353
5833
3984
6722
3455
4067
8021
3651
5833
7613
2339
2339
5801
7187
1319
4492
7384
5185
6722
7844
2962
4667
3238
6745
789
1438
7886
8151
5352
4229
5183
2531
5715
1709
5748
5201
7575
3096
4851
933
2165
7609
7980
2017
7692
1775
297
2916
832
234
4953
5061
7207
911
5742
3985
4916
3577
2271
1941
4074
7049
217
5176
4472
7882
1639
4561
7061
401
4560
5833
7528
1830
7491
1029
194
5398
6075
7727
1075
2578
1234
2805
1422
55
1761
2094
6176
5541
5796
4578
1765
3469
1062
7806
6365
7779
5810
30
7893
7755
7398
929
4806
6761
3443
7389
139
8030
4945
4925
4536
2119
3448
6247
6722
5688
515
7861
3786
8043
4600
5066
2489
5118
1589
6829
2100
3589
2284
3374
6012
7279
1048
5364
2478
5364
2552
5715
8030
5048
3783
5580
3748
7180
2379
2769
7916
3251
1840
5531
675
7042
979
139
491
2611
5487
87
1544
7622
3732
6116
3734
6031
3682
3862
5829
6761
1163
2765
7357
5668
1105
6563
2166
8134
7559
2185
2273
6677
1883
3170
1438
7929
121
3291
7781
5566
7258
2377
7253
6650
7219
4869
7592
8056
1856
5773
7406
4340
3254
659
3850
3967
3319
4750
6723
8009
6574
7617
1900
5781
1576
6247
4858
7545
916
6228
3541
4804
6354
3391
4361
2538
2662
4340
6724
3710
2422
5062
4009
5168
3541
1589
7894
169
5868
2083
1860
4435
545
2168
4375
4755
6054
4534
3523
6824
4242
697
743
1750
6000
2740
3669
2001
4284
4890
6993
3562
3371
6124
3480
5517
5982
7408
7753
6618
269
6672
3548
4435
6745
2331
7339
3103
1382
1734
5723
7336
7997
7827
1441
3806
702
2444
3107
7062
4180
2670
6872
1489
7147
354
3667
6082
5048
6340
996
1933
653
3963
7274
3140
1860
7306
2862
1555
7827
3816
6819
132
4017
3651
7823
3150
7551
4398
1337
7323
41
8183
1652
3880
8183
7352
6645
684
4220
3782
3578
5662
1229
6696
5580
3988
6138
3446
5209
3876
48
4017
4889
7526
4950
4255
928
1535
4160
2353
7705
7388
7981
5683
7430
269
6443
7991
3299
4372
6745
2295
244
1208
4666
1586
5478
1640
7612
6007
4983
903
1620
2271
5413
3111
556
5510
1589
3911
4618
1858
7000
1855
885
7604
789
8132
7718
1950
4340
7344
6336
2324
6816
5569
4241
1292
7611
4268
7705
734
3567
6399
5769
729
1884
174
7880
5043
8000
3682
7448
5967
1104
2809
1761
1031
2933
6336
1692
6982
5920
139
1730
7429
1898
3766
2691
6297
6829
4339
6000
3546
1351
1673
4450
7612
5885
2501
106
7696
2297
2130
3717
3688
3548
3146
1221
4440
2633
3613
3466
7146
2168
3541
866
3125
5409
6123
6383
2412
5196
2576
4425
7897
5622
7045
7005
7946
262
4031
39
2277
6111
7768
3895
4697
1256
1890
7846
1105
3114
4724
962
6855
2237
744
744
7096
5328
6816
4138
4697
2975
4169
2749
5144
1069
1477
5262
2027
5281
5438
2323
7253
4003
3140
1673
3293
2933
7201
2099
4497
39
6688
1898
6631
6631
5168
7967
1620
5366
1898
6557
7448
5868
7206
2735
4831
5373
5569
6436
6451
5293
2980
5922
609
1304
787
8139
4138
7870
751
1721
5122
6492
446
7263
866
5479
4218
5048
8030
3386
5353
4891
1801
4756
2099
5693
5256
6010
4141
4229
4229
6059
3584
3332
7576
6380
4435
5634
6631
5018
316
2933
6605
5370
3366
7704
6336
7388
1522
1699
1576
3979
6638
5182
1427
6654
3681
1860
1543
2198
3985
1329
6253
7604
556
3120
1670
527
1069
2643
2448
2472
2420
224
7818
3842
6848
6463
3236
3403
1823
7393
5385
6162
1730
751
3122
1731
2251
751
6816
5174
1206
927
3762
5712
3647
2679
2876
6274
1348
6855
2427
4435
3140
3043
2809
5460
4141
4946
1751
972
4017
973
756
7689
5320
4863
2643
6299
5240
6816
7388
1283
4450
2314
4308
3117
2671
2684
3491
5273
3465
1817
4666
2007
6242
545
6631
4961
1115
2195
7981
1405
7679
7484
3712
845
1771
5286
4767
2959
5967
5569
1059
3183
3776
2569
5580
5185
6805
7821
7749
8001
515
3734
7004
2600
4123
4212
1898
2600
7735
1543
6132
1782
8021
6735
3068
4391
1224
5516
7827
4140
1858
1619
6383
578
6914
4578
1285
6365
1534
5095
6276
7049
6290
7836
4950
4975
7080
3243
3895
7388
7159
2482
3359
2318
7549
6783
8103
3969
1196
1852
7070
6801
5967
7388
2460
4827
2062
7827
2854
7180
810
5021
3969
2851
5731
8048
1105
1748
7679
3867
2643
6383
3351
4398
6336
6715
5220
7980
7180
8006
248
6082
139
5834
12
5613
7344
4491
8030
4255
1680
3667
2465
3022
3158
5743
4017
2560
2057
4147
5185
1747
2643
1977
7946
2583
4373
4944
4604
7560
1589
3326
7078
769
2182
425
5102
6251
4492
2995
2062
5485
4017
3186
3232
7716
4070
1319
2270
6975
1613
1270
4245
270
1898
2959
8073
7997
7845
4329
7882
6663
2825
7102
2686
2487
698
960
6864
6059
7827
3414
432
3541
8028
6858
5403
4739
7059
3911
825
795
8023
8151
684
902
2271
7883
1979
6775
4950
7672
6059
2062
4613
845
5664
7180
4415
6395
3980
1750
832
5748
4950
1880
3812
500
4759
6222
6035
2062
2650
2512
2632
1818
5833
4796
5801
4986
2216
409
4763
3497
2512
4735
6788
464
2285
2184
39
6377
1680
3284
4769
4491
7196
3814
2369
606
4578
4077
7661
5567
396
1752
4017
7180
2679
5781
3552
7214
2677
1534
1564
3077
