0
0
0
8
0
9
0
1
9
5
0
2
0
1
0
1
3
3
0
0
0
4
6
1
0
0
1
3
0
0
2
1
0
0
0
0
1
0
0
0
0
0
0
0
0
0
0
0
0
0
0
0
0
1
1
1
0
4
0
0
0
1
0
0
4
1
0
0
0
0
0
1
0
1
0
0
1
3
0
0
0
0
0
0
0
0
0
0
0
1
0
0
0
0
0
0
11
1
0
0
0
0
0
0
21
1
0
9
7
6
0
0
0
0
0
2
5
0
0
2
0
0
7
2
0
1
0
0
2
1
3
0
4
0
5
0
0
2
1
0
0
4
1
0
1
2
0
1
1
0
0
1
0
0
2
0
0
0
0
3
0
0
0
3
1
1
1
0
0
0
1
1
1
0
0
1
0
2
2
0
1
0
0
1
0
0
0
0
1
4
1
8
0
0
0
0
0
0
0
0
0
0
0
0
12
7
5
8
10
2
31
7
5
6
5
3
0
31
1
0
1
11
1
2
0
5
1
1
0
1
0
3
0
0
0
0
0
0
1
1
1
0
0
0
0
0
0
0
0
0
0
0
0
10
0
0
1158
1594
4497
1532
3688
1236
219
4623
3592
2215
5704
2932
1606
674
4667
4027
1890
308
685
2004
3329
6295
7585
2654
1698
3225
5601
3427
6843
5028
7131
4290
5747
3805
1296
4517
5003
7452
1929
3398
1291
3617
7270
1567
8118
3783
1258
2811
3631
2449
8190
3100
3503
2547
7573
5954
1038
2989
5196
229
2183
1785
7795
4094
4475
960
4644
4216
3482
2727
4898
2976
7978
4842
2347
5484
229
2047
3721
5496
4303
60
7763
79
7278
6790
5444
7187
7563
4346
2853
7512
5127
5494
6233
5834
4644
1620
4575
7408
425
2796
2172
1481
3637
825
2491
6170
2343
6386
484
7841
3334
2357
4410
2119
7945
3207
6214
2713
7539
727
4554
137
168
2164
4245
5486
6393
2901
5450
4710
1664
764
7615
4106
8127
5324
3619
6649
7615
1849
6679
4551
4271
6950
7801
6616
1319
2860
7628
4899
8162
1408
5222
2772
5553
5120
5189
7079
5279
7545
7269
5340
6791
425
5071
5579
7468
471
2441
6590
2285
1163
5292
997
889
6830
197
2650
3614
1802
3703
2307
7614
4497
1171
214
4798
1942
1638
3677
4202
3835
5279
139
5071
5364
6677
1279
5997
1133
3389
979
4569
266
1534
5403
5120
8155
4950
229
283
5458
4871
3201
2305
5262
1410
5662
5037
664
4238
2889
4949
4448
2080
1411
1948
3494
4609
6921
3901
4214
7596
6519
39
4094
2679
6004
4372
4716
3501
2143
4929
6180
1283
6494
2094
8149
2719
4618
6689
915
6289
2884
4238
5540
1866
6053
764
2271
2405
5165
3004
3542
2954
3715
5985
8025
3494
7371
5735
1550
7389
7736
8084
578
7068
5786
929
2893
4244
3064
502
2244
2803
7098
425
4478
8188
7029
1593
3068
4475
3916
5104
450
5489
7798
2812
1760
3559
4112
1105
1965
7408
6982
5841
3659
7476
1442
216
7068
660
6155
1374
2388
2976
1037
5334
1944
7301
4202
3123
4238
5945
4710
538
3930
4928
1250
4776
821
1850
3934
432
3641
3166
6856
6573
2168
3892
7213
505
5243
7974
6805
5450
2746
6460
877
7014
5495
6553
2128
1535
7413
606
7615
6227
7806
2723
5047
4772
4295
2234
1466
5322
3668
7011
6631
2669
1451
182
4509
6532
4962
152
4360
233
6781
1536
2270
8184
2349
7782
1999
6089
3741
7083
470
8143
8030
4258
331
6488
2319
1590
5145
1279
753
4216
912
5571
5262
7650
6743
7429
4890
8054
3509
122
3571
4342
3235
6310
503
1060
2266
3741
4116
7408
5594
1693
2066
3742
3274
3202
6193
54
4089
3264
3079
2089
3533
557
3563
6811
3100
7264
3034
498
3064
1834
2975
5704
7851
6593
887
7593
5710
6289
914
1493
8083
4233
6393
5450
5357
5800
3713
7183
3206
7736
4340
2137
308
5279
210
1352
3657
5497
6909
1498
927
2979
7395
1950
1818
559
4594
763
4273
4740
4824
2784
5013
7160
4878
3068
4341
6135
819
2305
5531
7590
5738
1534
1331
6384
6545
5907
1484
216
3659
6428
6984
7763
4000
2957
4780
7615
1209
1776
2826
6216
55
680
4569
1151
4749
4293
5244
1744
2522
746
7155
3885
5563
2102
928
6557
4132
1332
2237
1991
3836
8101
1608
7093
1273
5911
3401
4569
1903
1451
444
5161
6965
3840
293
4682
7430
5301
112
873
8188
2791
1307
2673
4357
7191
5869
6073
8025
3174
6090
3040
646
1387
5937
4516
3047
2300
676
2755
1528
2867
5174
7487
6573
3201
2319
4827
4803
172
5985
3728
6860
1683
6103
1445
4486
3680
4291
1366
5489
3497
2675
8120
2319
222
2898
723
3168
7240
5596
7263
4266
4961
4143
2871
2897
1145
2187
152
287
7676
4407
3468
2422
332
4299
8064
1513
3106
3223
6174
215
7592
8025
55
6259
2392
7691
8123
3694
2559
2634
5052
2094
2893
5670
6738
1623
6608
6758
2291
6010
2532
3478
1686
4763
3936
1171
3604
6648
4875
3661
4851
2265
2557
2938
4789
7892
3225
5467
5813
6112
7052
2054
4902
4212
7974
7903
2641
3136
2343
6746
3043
4435
3560
597
5013
2592
1817
4829
6649
3824
6981
7497
2922
7067
1840
5965
8000
6980
2676
4088
5833
6777
5045
5574
4244
578
7005
1484
7697
176
6010
4119
392
4456
2442
909
3942
6560
3676
1817
2610
7419
7381
2181
3427
7342
1902
542
1037
276
418
5123
922
1988
3820
6060
1619
5289
4983
2291
2418
6692
216
4935
636
7027
7697
866
2199
3423
266
2755
6713
4119
7962
4042
6354
4569
1073
604
1015
3494
6787
3232
2773
2276
7549
6327
1678
8101
4161
5927
4868
2740
5134
5591
3755
6172
7903
505
287
3397
451
3873
2656
4633
6162
5629
4428
1698
1173
3592
159
2541
742
5343
411
2756
3455
2020
2552
2324
3223
4988
2846
1930
2847
5373
2760
5848
1628
7430
6930
1570
4764
3999
2540
4374
491
7479
960
4293
5743
2316
5383
423
7079
214
3563
6164
2465
4707
4488
3457
1158
5170
5932
7728
8117
2867
3896
6101
8185
972
844
7191
2949
3305
1125
1073
2001
3911
5495
6846
6135
4912
4359
4179
213
1021
1498
7595
6417
20
928
4190
5545
531
6596
599
4966
7472
1747
379
7465
1015
1021
2995
6932
5181
467
5068
1462
4905
6590
6417
8050
1275
7732
7142
1159
6052
1792
2004
4498
3477
5008
684
2215
3576
1876
6761
5260
4501
8136
7793
284
4256
1140
1924
1043
74
779
5549
573
2639
2574
7748
4372
2392
5852
1345
924
5229
3132
848
6259
481
1579
2948
7753
1725
6989
2341
987
3401
1060
1788
4265
4477
1734
6836
420
1301
525
4734
6082
803
1011
6730
7845
7763
7810
6846
4809
6811
3972
3503
8025
7861
7440
7176
2898
2149
4056
3740
4481
3111
5738
4329
2485
213
4745
7188
3701
4819
1979
5043
3478
2390
681
3290
6281
3072
3196
5667
7806
4431
1145
5384
2650
3148
3792
4406
1284
5715
116
7812
1711
4580
8044
2165
6553
6012
6619
7734
3513
4547
6164
7373
6925
4899
2988
4233
5690
3575
5735
2177
247
4710
5495
6310
5200
2066
