0
0
0
10
4
1
0
2
10
1
0
1
0
2
0
0
1
0
0
0
0
2
10
1
0
0
1
2
0
0
0
1
0
0
0
0
0
0
0
0
0
0
0
0
0
0
0
0
0
0
0
0
0
1
0
0
0
1
0
0
0
0
0
0
0
0
0
0
0
1
0
0
0
0
0
0
0
1
0
0
0
0
0
0
0
0
0
0
0
0
0
0
0
0
0
0
9
1
0
0
0
0
0
0
22
1
0
8
7
6
0
0
0
0
0
0
2
0
1
1
1
1
7
0
0
0
0
0
1
0
0
0
1
2
0
0
0
1
2
2
0
2
4
0
0
0
0
0
1
0
0
0
0
0
0
1
0
1
0
0
0
0
2
0
0
0
0
0
0
0
0
0
0
0
0
0
0
1
0
0
0
0
0
0
0
0
0
0
0
5
0
10
0
0
0
0
0
0
0
0
0
0
0
0
9
5
8
3
4
0
23
3
0
4
2
0
4
18
1
1
0
10
0
1
0
1
0
0
0
1
0
0
0
0
0
0
0
0
0
0
0
0
0
0
0
0
0
0
0
0
0
0
0
10
0
0
5251
1922
5366
5967
2943
5251
371
3987
1386
196
498
5578
7697
7274
2098
2893
3221
2291
4131
7399
5487
2550
5981
6757
7478
4
610
1730
6555
5286
1104
8099
51
41
5908
6048
751
5256
1730
41
3738
610
1710
2187
8057
7843
8100
6943
2712
8057
3558
6377
41
1986
1687
3881
7478
717
4019
780
7534
1376
6291
2658
1121
1623
549
1208
6631
1858
762
2301
2440
1685
107
6269
809
7201
861
6920
5556
6180
1305
5417
505
4696
1569
3146
3613
6297
7077
8163
836
2801
1639
7315
4208
2834
4691
3601
8132
1860
1730
762
7137
7315
5983
4423
2616
6246
4610
3423
6965
7411
4077
459
1687
7998
1857
1555
707
3995
4353
5057
1732
156
7911
7732
4946
7478
3638
1791
1725
2073
2605
7060
6556
1860
4936
3319
3560
239
326
626
486
7736
7586
6151
5144
2762
785
8059
2393
2119
1522
335
4881
6735
2119
6249
7713
1922
2291
1149
4180
4054
7586
4382
3134
459
2101
4661
1635
5597
2998
3508
4395
927
7098
459
247
5024
6636
2198
1286
3119
5493
2127
3995
925
7893
1463
1451
1844
6580
7761
7899
1569
4747
7095
6749
4676
2770
2251
1477
3104
1477
6757
856
1332
5353
5243
142
4932
2559
3169
7370
987
5369
2336
6689
2427
7525
2232
152
5522
3338
4676
7875
3069
4576
856
7998
1894
379
6747
4863
5740
6723
7460
2021
6242
421
4029
8073
1679
1397
6132
2550
1258
3824
846
1687
961
4979
5834
4946
1708
5749
6374
244
8014
4982
3866
1474
1491
7095
291
5455
6638
2187
5622
2149
5075
5063
6187
7352
2291
4697
4602
1687
6080
4159
1451
6930
5655
652
6957
4138
244
5339
7470
7585
1337
3104
7390
5783
6811
3563
2445
7043
3857
1652
6723
4440
4000
2134
7743
5284
1377
505
7212
326
5377
1149
498
68
1707
780
6400
7818
4241
7188
1596
6898
3738
7742
152
3971
1812
5546
5094
5379
5597
6930
6928
3135
2225
6687
5135
7667
6930
8057
5465
939
4317
4338
3413
7212
523
610
7713
1115
1351
6930
265
7899
5910
3940
2707
6159
81
6138
5806
3107
5080
196
4212
652
4946
505
152
7899
6486
523
4509
626
1281
6950
6170
3446
5358
3827
7677
7388
379
4682
1710
4767
7412
1960
7087
5852
3620
278
3738
1887
4110
7875
5090
2658
1766
7264
3479
2259
168
523
1469
1180
3490
3329
2064
5572
8037
27
2609
4289
5366
4682
3104
6928
2609
2590
3990
2058
6119
1885
6981
7174
7879
6687
7733
3104
379
5949
4946
3125
7146
8100
4346
8156
1732
6733
4658
1186
5358
6048
5353
5315
1588
5622
4946
459
5204
7981
2604
1641
8119
7886
1642
658
5251
1813
4983
334
1960
6048
6443
8031
5011
4432
4551
6941
1232
3441
2978
6631
6399
7697
5240
1628
6844
7446
5366
5144
3736
3984
4896
3024
3736
1012
2424
5555
7477
6145
4530
2908
2792
6638
67
5261
4665
1242
6216
5495
3989
3592
3559
449
1336
4960
2291
1294
6443
2098
4541
1847
2519
4548
3973
8175
1544
586
2710
8151
850
3815
2908
7864
6214
5940
4398
1730
3426
1242
4933
5909
458
858
1403
6966
4855
6400
1031
6930
5740
1481
7206
3282
1560
7804
3261
3616
5938
6966
2675
3286
4940
3887
5262
8084
1623
5274
2523
603
5987
1801
1356
835
7718
3272
7973
6468
2583
6299
6268
152
7375
7060
3472
4220
1243
4602
7720
3356
6106
4131
259
2481
5777
6579
4799
7500
7855
5170
1911
1620
6242
6557
2064
3559
2615
1070
1730
3895
810
6636
7330
7702
3881
3469
1607
1998
5549
1688
6109
1208
1652
502
3168
6398
5515
6278
6143
1725
523
896
170
3747
3351
4993
4509
5614
4450
762
3125
939
1403
6151
2984
1338
1259
1730
5884
4042
3657
7499
1892
5284
1376
135
3770
6201
5458
658
3185
833
400
8157
5412
3414
7921
6673
3100
2529
5003
8084
2064
7440
5144
1992
107
2448
1858
5571
4282
5377
666
6348
7429
7197
4253
6485
6601
3612
5323
2887
6106
7855
7460
1332
4645
6791
7736
7895
2760
6208
5251
5064
674
7938
4138
51
1992
4678
7729
6837
8009
3729
6535
5124
4997
2220
4453
6456
500
1469
6408
5820
2943
1922
701
2291
1741
787
514
2992
3770
5967
8100
858
951
1669
1644
6631
2722
5481
4440
5934
2886
6891
480
826
7822
4827
6714
7292
2889
1497
6150
5478
216
4212
6086
7476
4323
6801
2182
5099
7800
5834
476
4618
1009
6317
4398
353
3688
645
1687
1604
3903
4344
2368
8060
7265
2800
1707
5417
5107
5408
3884
2794
2094
6582
7271
7146
1336
6676
7936
5254
7874
5834
3714
531
3995
7658
4655
7158
706
1530
4868
2353
68
5788
7430
2900
1390
1451
2143
3135
8137
107
7523
6300
1018
610
6299
6689
2448
646
995
7015
3413
4369
2663
4255
6273
1104
1788
751
1707
8100
1881
3479
291
7742
1960
7991
5052
7263
277
4585
3881
3659
6928
4983
5251
3371
4696
498
1894
1451
5889
3594
5987
3714
3414
4017
1150
6631
1644
3567
3714
6411
4999
2908
5910
3178
5232
4412
5292
1525
5417
7864
4212
2251
549
4802
483
2366
7146
3030
2550
6723
7895
3741
5987
5168
3747
254
6297
3236
4756
1644
1797
6735
1767
4881
4491
2271
1129
6249
4689
4083
8057
6930
5597
5740
41
2098
7367
1881
545
6443
8026
3511
7294
4214
1941
1308
1319
8159
3403
4551
7614
6816
5479
3391
2229
4881
5629
1308
3167
7691
1009
8117
1541
7370
7899
5299
4180
4682
6399
7332
5373
5967
1451
6873
2182
6442
4881
3747
432
3621
4697
4289
6784
3317
6738
4290
7584
7121
727
4017
1308
1775
4623
959
7012
949
7697
4676
6269
6086
7412
4052
6864
4362
7852
6031
1733
6521
3414
1319
4027
3369
5251
6383
1610
7614
3317
254
7845
2283
2597
1767
6082
2464
7415
36
2137
48
7679
1836
7258
5351
4441
1596
1607
1046
2137
4270
3609
5920
1836
1308
4017
4734
5622
6967
7777
1248
4077
