0
0
0
11
10
2
0
1
13
0
5
1
0
0
0
0
1
0
0
0
0
0
1
2
0
0
2
0
0
0
0
1
0
0
0
0
1
0
0
0
0
0
0
0
0
0
0
0
0
0
0
0
0
0
0
0
2
1
0
0
0
0
0
0
1
0
0
0
0
0
0
0
0
0
1
0
1
3
0
0
1
0
0
0
0
0
0
0
0
0
0
0
1
0
0
0
10
0
0
0
0
0
0
0
22
0
0
7
7
5
0
0
0
0
0
3
4
0
1
2
0
1
5
1
0
3
0
0
0
0
0
1
0
1
0
0
0
0
0
4
0
1
6
0
2
0
0
0
1
1
0
1
0
0
0
0
0
0
1
2
0
0
1
0
2
0
2
0
0
1
0
0
1
0
0
0
0
1
0
0
0
0
0
0
0
0
0
0
0
5
0
7
0
0
1
0
0
0
0
0
0
0
0
0
8
4
10
5
4
1
32
4
2
7
2
0
3
26
1
2
0
13
0
0
1
3
0
0
0
1
0
0
0
0
0
0
0
0
0
0
0
0
0
0
0
0
0
0
0
0
0
0
0
10
0
0
4700
3377
7463
3983
3954
6479
843
3734
821
1793
6823
2572
1450
6343
1711
782
7605
1220
2861
7711
8068
2729
6549
7946
7534
5306
7890
4600
4948
824
6760
617
7732
4296
5434
7507
6475
4604
7788
3571
6479
1871
603
3292
1446
4169
4530
5235
2221
7764
7900
503
2082
5420
3639
2236
4822
6784
2530
1097
1933
3092
3720
6291
3617
7121
8023
3635
3229
7767
2467
239
7201
1596
6355
5886
4201
7791
496
3421
5602
3579
3152
2969
679
5612
6460
6179
7590
5890
6391
537
3807
4350
5494
710
4634
5666
1660
4343
7056
2654
5777
541
7656
6398
2131
7236
2208
3707
1058
4524
1582
2685
3211
8127
2720
2720
3332
1359
3374
3092
5103
3904
2665
6615
299
4436
1677
5131
1248
2709
4885
3305
3936
2843
8069
3769
7235
3194
667
5675
1316
4928
5898
6952
7752
8038
204
4748
7414
1351
7488
4806
5862
4931
1692
7276
881
7094
428
4807
8132
2276
6691
3775
5278
2843
2705
1361
355
5570
1297
1682
994
3063
7330
658
7177
1655
8158
7608
7399
2723
2194
4811
4897
7272
8177
6925
4445
2357
1965
474
7199
5875
3719
1143
8129
6681
5551
5445
1093
646
3914
4464
1257
6572
6948
6981
7829
7273
7309
5072
585
6466
2194
6362
5837
4749
6572
1645
5713
2357
7432
2223
6822
8190
7196
2825
7897
5532
6852
7137
4576
3256
2523
1511
4518
6970
6974
519
699
4645
2023
2521
3086
5938
7853
6741
3669
4749
7754
6130
3639
5689
7855
3632
361
1416
6248
1177
1711
5192
2058
5052
2810
2709
2975
5580
2436
7631
4925
310
4899
3282
5662
6891
4639
5837
1398
4637
1833
6853
380
3349
849
7196
780
7652
2635
7637
6193
3252
6686
7498
7935
2009
5654
7654
355
3465
8107
1199
3444
4031
4432
4431
8018
3998
3760
4749
4571
8100
1100
6130
6143
2924
7112
4147
1015
5531
6203
6841
7188
1384
5369
336
1450
5652
5183
5632
5395
5760
586
6924
3597
3135
6579
3841
4368
3536
3026
5233
5804
4276
7831
5922
2146
5339
4407
2704
1147
7691
4765
1848
6335
6913
594
7149
5985
465
2685
1316
2132
7192
8009
6898
2179
6251
5762
1011
1401
6339
5862
3394
1792
3118
7356
6967
3988
7893
6975
428
3719
5232
200
5237
7025
1933
6724
1535
6991
6275
380
3683
2751
6851
4866
677
4481
6204
5133
2165
1850
7990
2540
3007
3611
4125
1279
7564
4898
820
2155
7512
7594
2137
1521
3558
6675
5871
6877
3301
2131
1162
1357
268
3867
3452
4523
5072
8158
8177
7805
4637
5037
3777
5578
956
1501
6913
3098
5247
966
3773
6052
19
653
1472
4187
196
1601
6248
4294
2817
6293
7334
2026
2400
4619
7797
7183
1927
268
7125
2894
4590
5804
1552
1635
7835
3748
7113
3601
6549
1450
7640
1230
956
1312
5332
424
923
1870
3348
215
7401
2073
1537
2138
4518
1646
4357
7922
268
6939
446
7915
7332
6429
4464
597
4843
6292
8123
1610
7145
4392
6202
2005
4271
2843
5057
2387
7656
947
3290
3607
58
4549
5215
5354
281
4357
850
5672
3946
5856
1749
4061
7164
7136
3760
2694
3170
3394
150
1783
1502
4988
1150
2989
6279
2646
5405
1143
3060
1751
3122
2227
7778
8043
6391
6442
8000
317
6013
4149
5760
854
7650
5708
4469
2575
3197
4191
7312
2039
1061
4958
7787
2369
44
3398
7998
1093
5576
2713
3445
1685
61
3396
1963
7831
6883
872
4050
4327
2772
787
787
5354
8018
7643
4749
5931
6129
510
1437
1260
5644
6883
4173
515
7182
3301
7547
7869
2270
1475
691
3359
4889
6490
4477
5922
128
1327
4866
3127
6185
4856
995
4149
1615
7819
5784
507
365
6572
3026
1878
2782
4531
7176
3412
3243
1342
6817
1940
6889
6823
604
4696
5200
5695
5695
126
8081
2082
6527
6301
4000
1850
8158
2208
6466
7990
1982
456
679
7754
6467
4927
2068
6007
3724
5729
6397
5293
34
5110
5703
2014
17
7650
2962
5637
1061
3639
2179
3318
7953
6331
5649
2766
4590
4295
1366
7996
6527
3421
6024
4019
750
5494
4936
506
854
7219
3712
8048
1453
4047
4632
2134
1145
6924
3332
677
2595
380
3683
1401
1357
1994
2082
3698
4056
7167
1266
4439
7020
3275
7233
210
1556
5442
2782
2531
2498
3407
4614
6989
4934
7163
3078
6884
3183
419
6703
6865
3251
3644
5924
5509
7912
7054
3318
2662
4396
3993
4815
1110
5338
230
3953
1009
1275
140
1817
367
2002
7722
2167
7498
4349
988
8034
7592
2764
1940
6691
4066
7654
583
733
5529
2116
6528
4253
2389
1435
294
8043
3401
1583
7759
1895
5686
1105
479
6675
3229
2975
4290
3702
2536
4275
3292
2713
4948
1014
369
6348
5487
5847
6226
881
2057
6329
6543
3643
3956
770
995
3294
3486
3194
4436
4033
400
4984
4093
5512
2621
2539
3292
4604
208
2752
7040
2270
2880
1713
2630
7533
3642
4353
184
6240
1157
4927
5043
3171
1869
3176
7302
4528
3832
5215
7786
5878
2211
5368
30
1742
6801
6802
289
1354
2283
7210
7575
5442
5543
5395
132
3998
725
7908
959
2560
4400
3694
6415
5829
2641
4411
7286
7406
409
1596
4812
6691
159
2073
174
6004
1616
7111
6281
4159
537
1890
2963
2434
3149
990
679
4796
5362
7275
200
4
2374
2949
2948
3570
1115
4435
268
4879
2965
8061
4499
3560
3571
6605
8013
1767
8098
7281
3061
6090
4838
2749
343
549
1569
317
6308
6273
1514
6205
852
5847
2715
7877
7584
2270
2393
3022
1532
6991
3049
1850
2278
1965
6380
1402
4541
4353
3348
1173
6869
1522
1200
34
1806
168
6057
6308
5666
3408
295
8128
5034
5777
597
7255
4881
6556
6758
2218
2130
6817
6951
6939
2207
7642
1675
5434
1420
2654
2466
4927
370
7908
2620
3079
8073
2305
4515
5904
3987
5068
1537
177
7574
5331
7573
2127
6004
2581
4504
2198
7029
2207
4847
5715
4194
1057
6321
1434
7040
5531
6877
1334
5219
8191
5227
6549
