0
0
0
10
8
2
0
2
10
4
0
1
0
0
0
1
0
0
0
0
0
9
0
3
0
0
1
0
0
0
0
1
0
0
0
0
2
0
0
0
0
0
0
0
0
0
0
0
0
0
0
0
0
0
1
0
1
0
0
0
0
0
0
0
1
0
0
1
0
0
1
0
0
0
0
0
1
1
0
2
0
0
0
0
0
0
0
0
0
0
1
0
1
0
0
0
8
0
0
0
0
0
0
0
28
3
0
7
7
7
0
0
0
0
0
2
3
0
2
5
1
2
9
0
0
0
0
0
1
1
0
0
0
1
1
0
0
1
0
0
0
1
0
0
4
0
1
0
1
0
0
0
0
0
1
0
0
1
0
1
1
1
0
1
0
1
0
0
0
0
0
0
0
0
0
0
0
1
0
0
2
0
0
0
0
0
0
0
0
3
0
12
0
0
0
0
0
0
1
0
0
0
0
0
10
3
9
3
3
3
25
2
2
3
7
2
0
30
1
2
1
13
1
0
2
3
0
0
0
1
0
1
0
0
0
0
0
0
0
0
0
0
0
0
0
0
0
0
0
0
0
0
0
10
0
0
6735
714
4029
3162
5579
790
5285
3284
2808
7165
2961
5547
702
3158
3576
7563
4818
1468
6517
999
7915
1546
7070
1344
4442
1971
1497
5589
7941
1863
210
4935
229
1231
4809
4623
4315
348
1581
3686
1689
3007
886
4207
1767
3158
8138
4582
4365
14
7162
5363
4710
2557
5412
2941
6263
2299
3191
4291
3055
5220
7092
320
6818
702
729
998
4800
4155
6081
8073
5689
5038
5743
1311
859
6587
3538
5997
61
1319
1197
7998
3299
2489
6386
4990
8046
5537
7827
832
7453
5574
5382
2405
3729
28
2112
5687
5013
896
2528
985
4372
4820
3253
536
1447
1856
465
14
6266
327
5640
2720
7705
5475
3683
13
4551
5285
4352
6002
4670
4647
7405
4763
3468
3389
122
1724
4259
1576
7444
4169
6498
4763
2730
5092
8092
7675
2074
3386
998
2745
6134
1305
6493
1859
2471
4531
1699
683
1774
2470
4242
3258
5444
896
4443
4479
450
5327
7184
8018
6017
486
7086
3903
4607
8030
4931
5886
1765
2252
795
7377
6265
4270
2426
707
7831
5691
4578
5918
7484
4475
2555
7057
2972
1769
4120
7790
4424
4723
6220
6839
1489
4525
1527
6392
4996
1270
5077
7752
7208
2854
4596
6793
1472
725
5821
4084
7372
6449
2558
1882
6310
4196
2784
6668
6722
3260
5314
16
6677
5883
3164
611
2609
1193
4702
433
4510
4140
6636
7330
1036
89
45
7135
2979
7639
2553
5255
406
2854
3671
5972
2852
1905
30
2938
764
4867
1787
210
7329
5009
7867
320
2413
2174
6640
442
2808
4424
6732
5165
3747
5385
5116
6216
8159
939
5282
7085
7197
7029
4312
4605
7652
4194
5031
6038
3997
1570
5031
7655
5196
2925
1010
2429
4375
908
5924
5446
1593
5282
2721
3542
7098
5153
5527
1164
1009
5690
7242
3421
1023
460
4085
2144
7274
6038
3004
1502
4649
1587
764
1142
8184
7313
3326
14
6431
322
3631
6526
3038
7013
6411
5794
6824
702
6164
4211
3927
3576
7305
3946
7559
4443
2323
1676
6708
6588
6027
470
217
5725
3909
2548
4394
5172
7143
5514
5694
2456
4773
3953
5999
924
5821
5911
797
4385
5871
5129
7093
7585
8166
6060
3959
7194
71
7709
6982
908
4899
3832
5591
7194
3941
7486
5967
4352
7622
7592
1769
4786
4306
6381
4728
5638
5017
928
8006
7776
614
215
6902
1492
6587
1534
5301
3771
6495
6892
1048
1472
6065
5423
1245
682
6904
2499
714
5363
1659
2949
6979
1177
6457
6920
4770
3662
7877
1787
5650
6574
358
6424
6081
2496
5292
3560
3544
3792
5497
5931
6451
7396
2974
1092
6742
5407
2080
4809
4833
590
1280
2284
1859
110
6294
5938
1346
2196
5363
8188
4637
1093
2518
7634
3362
443
2631
897
5129
3358
3218
1411
6948
4295
2110
7529
3633
4919
3384
984
7291
1629
3418
7162
6608
4450
8127
1672
2751
5326
3022
1584
8190
4574
648
1995
6420
6033
871
3058
3213
6104
8
7829
6583
1544
8064
5527
6745
1049
2768
4327
7300
7143
4232
209
1131
2059
5972
6858
1253
1422
6796
5225
2922
3153
3772
6801
1563
6671
2050
3598
7827
6954
6635
2784
2254
128
3814
1715
4566
3886
1821
5191
1773
659
54
1544
7148
7915
7011
6668
2606
4201
4148
6498
3622
7913
4021
7138
3179
640
7688
3424
6746
1787
560
5643
260
2835
5801
3291
2719
4864
1441
6492
4980
3153
7915
123
6262
686
3370
5332
4943
6412
6538
2172
4041
2089
3024
1546
1011
3747
7495
1129
3957
5255
2972
6565
1177
4670
6258
2896
7905
7022
7087
7319
6141
4729
460
2105
4979
3117
5586
6836
2394
5905
473
6744
3510
4485
6284
5145
358
1818
308
4755
4119
7332
5058
1859
5687
7986
2896
6258
202
1969
7618
2736
437
396
240
4507
7431
4456
3010
2252
6291
1294
854
3973
5475
1617
116
1115
1551
7292
5588
3321
1817
6089
4509
2724
4712
1969
7868
592
7419
6635
422
3813
3986
4543
215
4652
4944
7366
6415
686
2466
4605
6469
1971
6925
2059
500
4333
7829
1976
1658
1832
3964
7257
174
4712
7506
6386
6553
4419
4070
2850
5731
869
2088
764
7596
666
1100
3813
3004
3304
3919
5800
1903
2401
1688
288
7090
886
1241
6405
3624
2944
3829
5331
6742
2686
5229
1012
4356
7675
7078
4237
4820
1231
3512
1664
3816
1092
4477
3271
6660
6278
1764
6763
7222
5970
370
2023
1430
6529
2137
6789
785
7337
6345
1891
4850
4776
5982
3007
2313
3358
934
4670
3986
3893
211
6877
6950
6310
7514
2854
2066
2047
2456
5353
7985
2014
5764
3394
3874
660
7518
6904
6419
7897
5802
1565
1055
5706
2002
4259
1003
6761
4052
2896
2823
5202
5086
1012
5547
2835
6354
4155
1822
4074
6493
7708
5312
4078
7079
7964
3617
5883
1979
7011
7921
2977
7329
5399
7634
1280
1962
229
1187
16
2732
1311
4950
3510
5746
6289
3207
3207
3253
939
5566
1104
8082
7058
239
3258
5626
2023
6301
4431
7225
4796
6827
1343
5232
5155
1628
1988
6852
396
2062
2610
325
5743
3729
6135
2954
415
348
6677
6748
7166
4955
6861
5610
7717
8100
4950
3353
2181
1285
1353
6013
4472
2026
406
5772
7445
1775
4604
656
4965
4758
5250
7180
2374
3350
392
8106
5714
45
2422
7548
5145
4449
1029
7418
5507
5292
2051
2639
2688
5868
2966
3476
698
3352
4251
744
7413
1863
6668
1514
4578
3340
3946
4233
3240
5038
7926
6310
2657
5013
7067
348
211
202
3188
4475
7506
411
8191
896
1977
86
5460
5430
227
14
1320
7431
3712
4350
1818
7056
3524
7583
7861
1787
7986
3213
6811
3790
4962
1823
502
960
6635
6635
4475
5165
4343
4749
5650
2106
4832
6278
4751
899
3849
3708
4079
7827
1698
5812
1533
3106
2513
2398
4153
4885
3381
5561
729
4207
3321
5019
4670
4578
4146
3477
4486
631
4609
5871
6996
3947
1600
3002
5650
4628
3712
2972
3469
1017
6677
942
4482
366
8118
6619
4914
5398
6437
