0
0
0
10
7
0
0
1
10
0
0
1
1
0
0
0
0
0
0
0
0
0
11
2
0
0
2
0
0
0
0
0
0
0
0
0
2
0
0
0
0
0
0
0
0
0
0
0
0
0
0
0
0
0
0
0
1
0
0
0
0
0
0
0
3
0
0
0
0
0
0
0
0
0
0
0
0
4
0
1
0
0
0
0
0
0
0
0
0
0
0
0
1
0
0
0
6
0
0
0
0
0
0
0
26
0
0
9
3
8
0
0
0
0
0
2
4
0
1
2
1
1
5
2
0
0
0
0
1
2
0
1
0
0
0
0
0
0
0
1
0
0
3
0
0
0
0
0
0
1
0
1
0
0
2
0
0
0
1
1
1
0
1
3
0
0
0
0
0
0
0
0
0
0
0
0
0
0
0
0
0
0
0
0
0
0
0
0
0
1
0
5
0
0
0
0
0
0
0
0
0
0
0
0
10
5
7
3
3
1
28
4
1
2
4
2
2
18
0
1
0
12
0
0
0
0
0
0
0
1
0
0
0
0
0
0
0
0
0
0
0
0
0
0
0
0
0
0
0
0
0
0
0
10
0
0
3220
3220
2736
45
4647
2958
2958
1425
1664
6384
4475
7872
4715
6736
2735
7523
7536
7815
2513
4568
4341
6335
2621
6380
4644
4202
2777
390
390
5013
6677
215
6384
3741
4644
4233
2918
348
631
7246
5214
3741
3004
1669
6766
2098
7370
3508
265
1528
386
2897
6647
7146
4231
1557
6395
6346
491
7570
5272
591
2405
6053
5129
3741
2343
2343
7190
5661
5661
4120
1774
1664
7872
5286
306
6687
7743
287
2291
6077
2583
2342
5289
7249
7352
4676
6088
3063
5902
6799
3835
1765
1595
7716
8025
6553
5928
2080
4293
5661
631
897
8025
4569
332
5593
1176
7111
7257
2350
8057
3198
5353
1352
6269
4665
5510
1945
4495
6091
7391
5886
2410
3835
2916
2661
8025
4475
2343
7413
3454
4120
3188
7246
5874
7901
1502
4678
6468
6468
610
5699
8057
5980
6129
3881
768
1911
3109
2550
7095
3014
7956
1839
2410
7143
4329
8011
7451
3207
2676
7246
414
7673
3542
1550
1944
7901
2470
4663
7938
6299
2427
5462
3178
1694
3839
8110
1461
3864
6930
1528
4681
2350
4319
7153
5248
2410
3433
5107
348
8025
4475
3741
1275
203
1100
8025
5874
4202
418
1604
3657
5458
2384
5848
5834
3966
7526
7856
4823
291
216
4682
5125
7690
583
1155
7670
5275
3490
5801
3207
783
3497
6825
6105
3030
6965
1271
4344
7950
3038
6172
6138
7111
8099
2094
7367
4979
3211
7183
4649
7687
6723
3426
4681
6809
3133
6860
5173
2405
2402
591
7872
379
5930
7695
237
7702
4919
505
5135
5807
2669
5366
4602
7775
315
3248
7988
1608
4411
756
3680
5539
107
5366
5683
972
4983
3045
5507
3584
4007
7716
6796
7147
3881
7274
2984
5655
5011
1654
5094
2427
5353
5330
2171
5182
2305
8131
850
2598
3239
3664
5723
1433
2431
1557
6129
7973
7111
5057
2411
6447
4291
575
6384
953
4966
2291
1730
2448
505
7257
2910
5240
7370
1145
2200
4075
2872
2493
2849
7302
4040
6323
3486
4750
3652
6971
1183
3488
3168
6480
4318
740
1155
3682
1774
2893
6809
3692
5274
3678
7623
7758
4676
2021
6486
5953
4459
1865
4110
2532
7894
268
1068
7140
6034
6893
6576
7501
6187
459
3588
652
2904
7006
6973
2684
6060
3287
5156
2187
8100
5704
3283
7212
2341
2994
5144
5261
1436
3576
4528
4075
7093
1262
8127
6017
3215
2849
5036
2273
3903
7932
1258
7073
6229
1538
228
5412
3607
59
1654
7450
6003
7921
7111
5007
8057
4993
3363
2904
344
6991
2095
3452
2710
102
4724
2330
1013
32
1436
5063
4872
5334
7073
6666
5977
1799
4507
4651
2564
1332
6151
7954
6209
2352
4551
98
6242
1569
1694
3726
4021
7750
4166
4459
5365
7831
5072
6744
162
4801
2082
3924
5492
3069
655
6045
5575
6590
1414
2361
2374
6485
2427
6151
549
4306
3657
130
4679
449
8067
1753
558
1123
1827
2199
6959
3742
3384
3232
765
1274
1290
3176
5893
3879
3881
5683
6965
7895
1566
121
2072
7483
6743
2353
5968
6811
4693
2434
2981
2643
4791
4810
3238
1338
1402
2139
828
3089
7681
7490
4931
1036
2195
931
3337
1332
1477
505
1297
2984
6749
4949
4685
7292
6408
2449
483
7683
5011
5622
1305
6129
3733
4791
1338
2389
5465
8183
6762
7299
2700
7084
1398
4441
7024
2990
5358
379
7249
1766
1558
2955
2803
5104
7570
7970
7332
6229
935
8170
4790
8037
6601
7748
7521
1096
6943
7265
2722
3519
4104
5201
7739
5197
6534
6163
4455
4791
8057
505
6180
287
71
4826
6123
674
7613
1633
837
1156
8186
5330
5556
2148
516
6862
6138
6057
6732
3275
5353
222
5455
3692
6157
1139
6655
216
6596
1477
4676
41
287
7095
7343
4239
639
227
2907
4685
2064
7015
3166
1898
306
4855
6596
687
7769
3166
2136
2305
3423
3978
7644
3819
6648
304
6162
1545
287
1332
7306
5617
4231
5866
6743
1497
2219
715
4011
5687
3278
7604
5251
7438
5240
7697
2746
4993
1085
6451
1968
8110
2431
4649
3865
3853
5255
5185
2582
7875
3865
118
3076
6046
6106
4369
2443
5743
5627
4836
6824
47
6552
7538
4720
5655
3101
2098
7523
233
5617
6981
768
7406
5537
471
2070
5970
1491
7264
1461
3508
3508
4601
7537
6724
3916
3526
2064
1185
109
3701
5322
5363
2916
5997
1224
4126
2011
22
962
1551
3828
3622
1259
8100
7136
2550
2139
6602
1638
4919
5597
4180
4682
5564
6673
4484
896
6384
1469
899
23
4236
5514
7781
4542
5730
5290
2880
4594
2638
8082
3865
903
7521
3940
3476
3508
6837
3279
1744
4868
1294
4682
7352
7073
513
491
7395
5588
3551
4949
3783
5411
1738
1733
4700
4507
4708
6761
234
3350
5196
1005
2882
7095
7271
5861
5144
313
2305
4405
1528
7783
8185
2908
6763
5483
6170
6914
7801
552
1151
4197
18
6367
297
297
5909
5343
250
5730
2684
6304
2725
2670
7249
3678
4231
3508
3194
8045
4616
835
6486
1461
4450
707
1123
6714
671
2439
2925
1183
7167
1469
6443
6262
6824
7592
4580
5250
5275
3862
7258
6797
7899
1148
4682
3104
5935
7406
158
2481
5886
6227
4616
2570
533
5998
5024
4609
6417
560
2443
1801
6616
3526
7294
5576
2494
7258
5566
3469
4007
208
2986
1457
4231
6269
1710
6666
2818
1559
1286
2950
631
4340
4318
2149
5816
2137
899
1944
5153
2820
4519
1256
5155
5957
3695
6252
4155
2934
7520
167
3469
4077
6950
6562
1557
7212
7412
6763
6712
5284
940
990
2648
5531
654
3045
6691
78
4491
7613
8137
277
7800
596
1070
7556
1949
3212
3066
7785
951
1532
6189
4796
5725
2405
2366
6666
1945
7841
6770
1079
6125
3351
4967
7594
3111
7176
7191
5400
5092
4170
5537
4791
5458
3688
5075
1702
421
3017
3544
4125
5730
3695
7
5730
4099
5886
3936
6204
882
7582
3504
2051
7895
6963
4062
4390
4570
4268
7575
5563
4855
4627
1712
4602
3688
1797
3797
2124
4796
2372
3910
