0
0
0
8
7
1
0
1
13
1
0
1
0
0
0
1
0
1
0
0
0
2
12
3
0
0
0
1
0
0
0
2
0
0
0
0
2
0
0
0
0
0
0
0
0
0
0
0
0
0
0
0
0
0
0
0
4
0
0
0
0
0
0
0
2
1
1
0
0
0
1
0
0
0
2
0
0
5
0
0
0
0
0
0
0
0
0
0
0
0
1
0
1
0
0
0
12
0
0
0
0
0
0
0
26
3
0
9
5
9
0
0
0
0
0
1
6
0
1
3
0
1
6
1
0
2
1
0
1
1
0
0
0
0
3
0
1
1
1
4
0
0
5
0
0
0
0
0
1
1
0
0
0
1
0
0
0
0
2
0
0
0
3
1
2
0
0
0
0
0
0
0
1
0
1
0
0
1
0
0
0
0
1
0
0
0
0
0
0
4
0
8
0
0
0
0
0
0
0
0
0
0
0
0
8
4
8
4
5
8
35
8
3
2
5
1
1
19
1
1
0
15
0
1
0
2
1
0
0
1
0
1
0
0
0
0
0
0
0
0
0
0
0
0
0
0
0
0
0
0
0
0
0
10
0
0
5928
2916
5187
7663
868
2803
7583
3572
6677
1103
6295
8013
3969
2831
3060
846
2449
6299
2809
1219
3441
3401
2861
3304
3259
757
2434
5109
5077
4987
1857
559
411
4609
2935
5328
4221
7018
247
5968
1200
6357
7909
565
2815
444
302
2871
5912
1031
3488
8084
402
3278
5522
3537
4855
5242
4842
2672
3481
1082
6199
7699
2219
2066
671
5510
51
2353
2090
7276
5653
513
7060
3482
2402
6242
7323
5967
396
2303
4602
5471
350
3237
7199
1104
6242
3254
3435
3706
1009
3682
5587
1256
2843
3483
7257
2643
6010
4905
7604
7818
7282
7274
833
6580
2184
1403
1855
2749
1160
3781
6299
6398
1376
5671
4159
7060
245
1834
7262
7002
6237
4812
7153
5839
6730
3595
270
1608
5631
1898
7843
5156
1336
3146
6414
945
2304
1801
6872
4753
7855
2621
7702
7604
3487
2637
733
780
972
6884
7942
4570
520
4926
4007
4812
3174
2726
6978
6709
7737
5843
1282
1208
7146
652
7702
6541
6960
3778
5182
8050
5286
1860
3933
4803
6322
7604
7718
3805
3136
427
2678
607
6615
563
7290
6440
2856
8132
5240
4289
3886
2175
4509
2978
6850
1104
6398
8003
3592
1834
7018
5745
7817
4124
7213
449
6850
2572
6430
5042
4655
1746
4569
7527
3332
4607
58
3506
7963
5569
3478
3892
1468
3449
2586
3503
2225
706
762
3892
4325
7277
3221
7920
2649
7250
7282
4904
5720
1831
949
6631
5487
6509
4602
2994
4616
4443
7060
4280
1338
3363
5843
2986
3526
3363
3551
2586
2507
7488
1016
5053
81
2220
2450
2278
4251
1798
2064
5720
3714
5497
1799
7704
4679
2834
3351
6348
1258
5512
6194
6400
4515
1193
1861
1623
879
5286
4159
6400
2008
6961
2251
496
7172
6189
1485
2956
6903
3385
5909
3272
4679
5099
7213
3948
6313
4693
1205
2600
1933
5366
6172
6616
2943
4398
5498
1871
111
7265
3023
2798
3554
1363
7755
6460
3909
3120
4481
5419
7416
6536
7799
6266
3553
2397
5624
3788
5022
7788
3289
2561
449
2785
3950
2737
6098
6672
2712
4756
2238
7448
3501
5170
4874
1919
4581
5145
1671
7089
2254
595
7439
2156
3001
3287
4679
5033
2726
5572
7595
4791
6631
7244
6330
2318
5075
5146
7162
3783
6170
5631
6850
596
1858
8157
2710
4273
1962
4238
2112
3576
5160
945
5549
116
1539
3012
1347
1104
1282
2529
3805
6336
865
1730
8031
3643
6966
7060
1608
7323
5631
6743
1821
2889
972
1848
1597
5690
3695
5282
7664
7934
2062
4196
2943
885
885
2643
3441
5614
6150
7547
2353
4086
6425
6814
7146
5655
4960
8162
27
6336
5090
6304
1560
596
4685
851
6098
6198
2254
4554
3825
5487
2660
2295
44
4515
3267
3825
8078
932
7800
3003
813
8008
1578
2870
4655
1599
449
583
2352
7111
5496
1195
3641
1747
7477
7356
5993
272
882
6019
1595
4858
3140
8092
6580
6303
4498
8139
3688
1951
2643
7818
371
8013
206
6047
4159
449
2405
6645
3254
4980
4138
6106
6106
1336
2268
6700
1699
6198
865
7720
4065
606
4950
1441
7389
3326
4217
2352
6010
3717
5090
1230
6871
2090
6398
1418
2448
1075
2684
1023
1279
2999
707
944
4138
813
4415
7216
7885
285
2446
7371
3503
6651
1219
4993
6348
8018
422
936
5183
272
6238
4131
4058
7702
6129
7910
3835
2410
4361
6188
2419
2558
4651
4651
3504
2785
8017
2920
6977
3777
1156
4551
6162
3194
3363
3002
536
1673
1446
5722
6753
1272
5245
6598
1460
317
5153
3861
4361
3433
7592
1786
5024
1029
783
414
2777
2690
1279
7582
8067
5278
2600
5496
6145
2930
2315
7905
4554
7998
6897
1938
2443
6850
2206
4108
110
3190
734
7169
3402
1478
2558
951
6645
2916
7887
3161
295
7911
3481
4683
3488
371
7973
2443
1876
7542
2829
5367
2296
1719
6557
6536
7123
219
930
3570
5250
5056
6555
4123
3530
6306
4689
1414
1235
1169
3920
5192
528
5105
6145
7818
3140
1258
5174
3390
6112
3519
6627
5835
1855
6297
8105
2123
1543
2749
502
1112
179
5569
2614
7702
7818
5000
4667
249
124
520
7002
7002
91
2571
2360
5417
6200
2090
3363
5104
7387
6632
6052
706
4883
6052
1078
3778
4942
111
7367
2430
4372
6348
5440
4883
2090
5068
6203
7798
3044
4493
4615
7786
2741
6610
2311
1855
780
5458
3612
4509
7664
1606
6201
6777
2735
7942
2943
7625
5546
2710
3930
7664
7557
4883
5172
1070
972
2352
2220
6041
3044
8105
1132
5405
1287
4842
1336
5260
4697
1232
488
3730
7162
5250
972
1799
1376
2834
4967
4208
4154
7279
5409
5573
6191
6214
8099
1855
5104
4658
2104
1944
7786
5468
2597
2042
6273
5163
3463
3369
2943
2420
5986
5574
6294
2175
972
6266
404
4963
4208
4389
4248
1191
474
2933
6555
2834
17
2021
449
7057
1224
6031
124
5422
7289
931
5189
3643
5834
5820
6398
972
2368
4622
5816
3420
2978
122
7614
2434
8132
7730
1279
1279
243
1515
6299
8010
6555
4961
5565
1590
5223
1620
4493
5468
6237
5749
7464
2004
6107
2368
1855
5631
5572
3751
5997
753
4119
3858
596
5496
1587
6695
7177
1550
7901
5292
7398
5654
7389
3851
1075
2031
4950
6879
7966
4107
5198
4355
5766
7025
5883
1377
5182
6705
488
2175
2515
5944
5245
2925
5655
2315
449
4138
7174
5439
3682
6791
7995
7205
2271
7887
5445
7275
7574
70
7211
8139
6074
5376
1290
4740
4993
3858
2978
2785
5720
591
2030
2803
5444
2809
780
6398
404
4362
1623
4597
2929
5198
4349
563
299
5757
4814
6492
5119
1362
2425
2741
124
6147
8047
2280
7244
1492
4031
6663
4120
7695
1799
6709
6336
930
734
5090
7714
6225
1705
4640
2414
710
5852
1489
996
1842
4385
6015
3623
4493
8105
4581
181
7463
2813
665
5198
716
7730
3041
1750
5135
2368
1336
1707
7510
1342
6304
8044
1973
6063
3904
7463
7463
7106
7757
6760
1639
5119
2826
716
651
