0
0
0
12
0
7
0
1
11
0
1
0
0
0
0
0
0
0
0
0
0
10
2
1
1
0
3
0
0
0
0
1
0
0
0
0
0
0
0
0
0
0
0
0
0
0
0
0
0
0
0
0
0
0
0
1
1
0
0
0
0
0
0
0
2
0
0
0
0
1
0
0
0
0
0
0
0
1
0
1
0
1
0
0
0
0
0
0
0
0
0
0
0
0
0
0
7
1
0
0
0
0
0
0
32
0
0
10
7
10
0
0
0
0
0
0
2
0
1
1
2
1
6
1
0
2
1
0
0
0
2
0
2
1
3
0
0
0
1
3
0
1
6
0
1
1
0
0
0
2
1
2
0
0
1
0
0
1
0
0
0
0
1
0
1
0
0
0
0
1
0
0
0
0
0
0
1
3
0
0
0
0
0
0
0
0
0
0
0
2
0
9
0
0
0
0
0
0
0
0
0
0
0
0
10
4
8
10
7
0
37
9
2
5
7
1
2
41
2
3
1
12
0
0
2
0
0
0
0
1
0
2
0
0
0
0
0
0
0
0
0
0
0
0
0
0
0
0
0
0
0
0
0
10
0
0
5372
4626
8164
3912
3833
612
6260
668
3107
4829
5587
3821
2597
5211
5901
2288
2456
7392
4930
1428
42
2617
2763
1198
1912
66
6806
5241
587
6435
1456
6278
3035
6910
7200
103
7450
2936
4179
368
583
2522
3876
208
5895
6471
5009
6538
5307
5961
6471
5014
6691
7751
6180
4681
6684
3583
2141
7315
1153
7410
7707
7065
5009
5345
2327
2393
7944
4283
1333
2522
1709
7575
6660
7693
2919
5407
2833
6404
4681
668
5676
8005
1780
2151
8026
190
4991
2842
7808
659
7007
6965
3898
875
6090
5392
3367
7788
7085
1600
684
1062
1532
1478
2514
4090
7594
7481
5682
2888
6471
7772
6585
6471
7421
901
3424
5016
1484
6039
2542
5665
7120
5968
6890
7248
3343
2350
6511
5788
1522
1453
2248
6321
3256
1991
2886
5389
5294
5646
3722
1564
5849
5294
6840
6162
5253
7850
6033
4953
2521
8115
6043
4252
3233
4306
8120
7107
3155
4501
1093
8119
1716
3299
1584
3282
7428
5004
5146
1016
6695
7428
6247
7631
3803
4244
64
7442
2985
6471
7213
3407
2804
3211
3737
7770
1909
6468
5261
7274
743
2804
537
6951
2229
4027
5620
3282
1143
2568
2340
70
1153
8069
6103
5287
2980
354
7096
65
1817
7238
6361
7039
6549
646
754
8115
2528
5151
3595
3356
5157
849
7438
4037
2512
3158
7950
1202
5937
4816
6767
1874
1041
4171
5034
6622
5490
199
888
3738
4244
4772
7762
1998
7075
3700
5406
5060
7268
6206
6515
6858
5225
7299
4483
5354
3433
36
286
4848
2163
1722
8099
5047
3538
4306
334
1537
1202
6610
1805
2667
3452
5610
2216
6977
454
356
5065
6537
647
6049
3987
4839
8119
2378
1878
5844
634
7400
3764
2853
7531
4613
2093
1416
5589
4126
6947
1650
4191
2880
5088
3256
1996
6585
3050
1715
4953
7065
4728
8113
984
2237
5872
5346
6159
4815
7913
8138
6742
952
2755
7276
4328
6535
6745
8064
2413
4110
4487
5919
2498
6055
2181
112
7325
7772
5673
1135
5262
5044
6194
2681
503
6727
5959
3723
7327
7919
4426
7752
3267
7352
7792
3273
8085
7489
4805
3955
5184
2863
4413
5679
6198
4003
6120
2082
7026
4512
408
6278
3820
2757
1601
3472
5203
5389
408
5761
3673
332
1046
2272
340
7035
5004
3280
3233
5605
422
17
3473
1927
6284
6319
752
844
821
2581
4686
32
429
2180
242
7611
2607
7119
2924
4486
299
4983
5057
554
6437
919
2257
1105
5621
3756
6022
6348
7041
6027
3377
1460
4145
5495
7810
3813
6263
6994
3332
895
5884
2043
6090
2014
7088
2923
849
6434
1605
6328
2531
529
5422
4175
1085
3657
10
1812
5950
1503
6569
7287
5223
2186
3282
957
3463
7625
7136
479
3228
726
2153
3417
4714
4929
6726
5613
6726
7733
6783
6177
4690
4138
2846
6719
1832
6163
5704
3241
7119
5241
2838
3726
5693
4160
38
4243
842
2647
7005
2068
3533
2702
3035
5044
3827
4327
205
4833
6650
2177
3360
5429
4444
7584
1006
691
1802
3657
7119
4734
4036
587
826
6739
5293
5672
4178
7934
2627
3744
2972
4354
7983
1495
3724
7987
2256
5922
5979
6023
5920
7244
5276
3353
3271
8008
426
5315
2021
3203
462
1855
7060
7426
5493
2722
6697
7334
3492
462
3652
7488
7697
1444
6169
6397
4894
1091
2940
7741
2517
4995
5870
1725
3710
2039
7568
4996
2476
3241
1420
2929
957
3681
6281
1785
986
3233
6492
1113
2165
3119
7529
3577
3937
6676
1081
6604
6118
5641
6530
1555
4464
2221
468
6434
4665
2706
6777
6416
4012
6392
2746
7441
4444
4159
3410
2826
8118
3471
1210
4529
7449
7503
6875
3510
5832
1199
7708
3013
503
5698
6767
1555
687
7707
5159
2900
3382
1605
116
578
6801
4194
6925
3265
62
2104
3589
3641
3974
4234
8003
3939
4744
4144
5986
4021
4791
3532
4410
2656
1683
1063
399
5770
5582
7803
1708
6964
901
1153
698
3396
4675
6031
1900
2236
5177
6087
5122
4174
315
6558
4123
7326
4570
3849
3748
4422
7711
2826
4593
8047
5550
2789
2757
1063
474
1000
762
5241
4347
1641
4061
27
2158
7568
4039
7214
2261
1721
6409
3571
6299
2826
3177
2462
5422
3715
3953
1980
1951
5159
1272
8163
1700
7130
3820
7987
4610
7102
956
6695
1656
7808
410
3279
7864
4208
1902
7630
2740
6631
1030
2622
2826
2345
4019
9
2372
2366
5694
7495
4583
6479
7638
1768
6863
7374
2394
3309
6240
6841
6194
6646
6534
5162
2357
5274
860
1848
2101
1418
6021
3392
7534
5119
7942
6172
5717
1773
3025
3392
3882
6108
1223
6653
4336
6401
1601
7827
2416
8007
4543
5465
1219
1670
4036
2408
900
6129
4226
5046
6453
1081
5370
5681
1594
4551
7702
179
7360
4178
2731
7663
5598
4235
8174
342
6489
58
5510
3303
3573
1317
1009
2520
915
7122
2520
6967
3673
7457
3887
1479
6453
5170
6605
1511
8132
2884
5745
2505
1070
5963
7938
3645
5241
5012
7965
240
2940
1848
5218
3913
7853
2185
4544
5387
791
7094
6822
5265
803
1848
2786
7105
2448
4602
3061
1235
7262
3953
4142
2296
3154
8143
5184
3925
7630
165
4204
3766
6726
1063
7708
3565
3751
5238
4732
506
5691
2834
5917
3508
1288
1700
7359
3285
1186
1276
5801
4161
4512
8090
1542
3155
3415
1427
2071
2900
5876
6605
8013
165
5528
6783
5640
477
1009
200
829
7549
2159
6809
4430
1608
328
4534
2297
436
5930
2897
4224
6931
4627
1805
3876
2547
1900
2229
6830
49
4
7252
4597
3203
8098
6381
7653
4694
1287
4006
6180
2288
5011
5572
5834
7282
1637
1577
3739
7248
7552
6719
4689
7955
6102
6448
6913
705
7415
5993
4824
2699
1997
1208
4968
2476
1884
291
19
36
4684
984
345
5905
443
6106
8072
987
3340
5652
2492
2048
1389
5362
5226
8001
7248
1670
5689
6141
6895
4390
1900
3186
5040
4466
3589
4205
7074
354
7343
6689
6815
5639
3027
954
6015
7955
8171
4033
