0
0
0
10
5
0
0
2
10
3
1
2
0
0
0
0
1
0
0
0
0
0
7
3
0
0
1
0
0
0
0
1
0
0
0
0
0
0
0
0
0
0
0
0
0
0
0
0
0
0
0
0
0
3
0
0
1
1
0
0
0
0
0
0
3
0
0
0
0
1
0
0
0
0
0
0
0
3
0
1
0
1
0
1
0
0
0
0
0
0
1
1
3
0
0
0
11
0
0
0
0
0
0
0
26
1
0
5
5
8
0
0
0
0
0
1
1
1
0
3
1
0
6
0
0
1
0
1
2
0
0
0
2
1
0
0
0
0
0
1
0
1
1
0
0
1
0
0
3
3
1
0
0
0
0
0
0
0
1
0
0
1
2
0
1
0
0
0
0
0
0
0
0
0
0
0
0
4
1
0
0
0
0
0
0
2
0
0
0
5
0
9
0
0
0
0
0
0
0
0
0
0
0
0
13
3
10
4
0
4
32
3
1
5
6
1
0
16
1
3
0
11
0
0
1
3
0
0
0
1
0
0
0
0
0
0
0
0
0
0
0
0
0
0
0
0
0
0
0
0
0
0
0
10
0
0
3071
592
2325
2896
411
5403
5902
6635
5779
7596
4647
631
5643
3220
1748
2376
1846
4331
2676
5643
2218
6408
7306
3965
3646
6510
2958
2958
559
4139
2325
5643
6258
2325
2325
2896
3326
1958
5282
7451
907
7673
5779
4475
7615
5967
6971
2085
1374
1628
7027
948
2305
496
5816
1934
2559
559
5661
7246
1550
7753
5846
3240
4522
2325
6635
3656
1090
5833
80
4089
5428
5279
5507
418
5035
952
5565
4983
7433
3256
5117
975
851
4333
3452
1707
5112
6384
5013
702
3958
7483
2746
2808
4522
4522
4089
6509
1430
5232
4509
6258
1787
7294
8106
1620
6045
4890
4752
3135
2955
5991
6596
1753
7021
674
1844
2090
1728
4406
7512
7490
5246
4678
3830
4359
2896
4522
6258
5666
4426
5168
1039
538
6791
5579
1664
7604
7212
7080
7374
2833
2893
5144
5883
1827
3976
5
7988
6905
1545
5848
626
7364
3198
4430
4430
1487
6548
2896
592
159
4426
4017
7452
3047
2629
5579
1776
5558
3356
1628
7623
4935
3282
7657
459
3521
8134
3356
5852
5564
7438
4980
4780
1654
3426
2669
4676
2939
3071
2896
960
4106
4356
3092
5335
335
4457
2676
418
8134
4515
2457
98
1659
6548
5972
6129
1552
1552
5104
5706
4769
961
5240
5353
2877
5328
396
3004
591
2896
3004
5100
6384
4753
5984
5176
3299
7587
1830
5798
1127
1089
3279
945
8166
5999
5706
6937
2826
12
7756
4291
1693
3051
5741
3657
1483
2285
4647
2343
3066
2896
4293
3600
3741
6553
1830
7259
556
7299
7622
5928
3778
7140
7500
464
4992
8055
7929
2764
7664
3646
1073
8166
7905
396
8084
1328
6590
5427
7332
7419
3017
2896
4216
2042
3901
6799
2533
491
2849
465
2100
1305
1905
5811
3067
3232
3816
5706
945
7758
8156
1266
8055
447
7593
7163
5522
7835
5798
785
7492
1774
5351
3001
5077
6799
6937
2184
3585
4207
565
6210
852
6548
1519
7031
2304
3544
3528
7404
4872
1827
1112
2978
4710
5447
2353
1259
6862
1488
4239
6465
7006
3592
8188
2896
2896
7940
425
6545
6410
3531
4083
4663
4313
6613
1606
1237
7006
7756
53
7540
1515
5098
6846
1243
7874
3056
5737
6862
5811
4852
2402
2678
1425
4569
4080
2896
4089
6417
5479
4501
5262
7392
953
6755
1563
4161
626
1442
2778
8004
4455
3452
2894
4992
5793
2346
4912
8073
6530
2521
4747
2080
348
7868
2796
1774
3959
6258
4644
4150
6905
4810
107
6585
6428
5379
7212
2725
6616
7577
4238
4874
4195
116
5690
896
847
6092
7123
7140
7134
1579
6552
591
5579
4053
7816
3741
1774
2835
418
6225
7657
5940
5330
8170
4158
2311
5078
7476
1696
2574
3841
7004
514
1243
908
7643
6948
6976
1045
3671
6170
1808
6979
5436
6724
631
1403
6170
1672
4670
3225
4123
7055
1079
4780
6957
313
2291
6596
3069
8035
4789
4182
7603
532
5344
8046
2540
1366
7089
3950
3449
3076
4344
2434
1100
4851
4491
3068
6915
4876
4089
2958
2579
8183
6809
2682
5261
1687
2981
1827
4495
5097
5865
6474
8166
924
4796
8166
5527
1437
3809
5999
5117
1165
5797
1571
2091
4560
1155
2066
4475
3585
6481
5779
6563
7355
7411
8060
1924
7450
6999
4283
6915
939
3102
5447
3475
5172
6750
979
8046
2675
831
3451
7460
7460
5261
7317
1945
5927
7541
6227
4809
7484
1787
6571
3602
1786
4079
323
498
655
5377
5377
6272
7292
5440
5608
1565
6544
1321
3100
8160
1187
6885
1719
8072
1654
4678
4676
4929
4890
7438
4976
2958
348
7451
6818
4890
7084
6762
1276
459
8014
3566
4228
7514
1374
2282
4675
4984
4916
7253
7941
1508
3503
5377
6998
8068
5353
7306
666
826
4831
1545
1728
979
1774
6635
6635
1595
6673
830
7521
6692
2094
5981
476
6518
4871
7639
7577
1280
2506
7822
1608
4073
884
4903
4214
296
7538
8027
5358
2706
1528
7095
1728
5574
4341
5129
1565
3957
8171
4515
2156
7287
5803
2566
129
3032
6544
2553
7577
2574
4354
7364
288
6534
7687
4074
4152
6336
6733
2847
8145
4905
2893
7374
7449
7223
7869
3220
7391
8027
6010
1623
1707
488
4118
4890
3295
3472
1629
4583
3950
2443
7977
1978
7154
4359
6520
2507
3287
5218
5612
6862
277
5200
4678
4456
6266
4472
2685
4670
5874
4576
8033
326
6201
3238
1515
709
805
2669
6513
5218
1557
5742
7687
715
4974
5958
323
8046
4228
6754
7496
7771
6105
2059
6326
590
6677
4782
943
5436
8160
7888
5061
6494
3198
150
7456
6224
3776
2473
3508
2909
5216
4443
1839
6917
5698
6786
6825
153
7098
4678
6108
5284
6403
4965
3941
5129
1556
7435
6785
3389
783
1550
1697
3622
2991
2428
344
1553
1326
7361
8115
4219
5586
4903
5687
6742
7145
8063
4855
285
4678
707
6242
6349
847
4661
8036
5906
194
1595
8025
7986
414
5536
4089
1944
6011
5377
3283
2629
1223
6006
7386
6486
1490
2474
3643
4966
3484
6177
2320
6204
2139
806
5940
4166
7174
1259
478
705
1600
6417
418
525
1331
631
3225
4007
7190
3004
4399
4207
5906
1332
3692
5519
3114
2489
7931
2955
5927
5610
7581
6523
945
496
7317
7657
5017
850
2780
5902
6417
2796
4475
7940
7816
7940
6553
8025
783
5220
8092
411
3449
5341
5246
8100
1651
4853
4336
233
2080
5325
1214
3833
342
6151
2792
7602
4831
2002
825
5650
4202
1944
4475
2516
96
1774
6289
1776
4007
2825
4703
4319
5013
3879
4447
6272
770
5601
655
5997
4718
5428
7237
3622
86
4394
7668
5564
1476
3741
6590
5874
4475
6677
5279
97
480
1774
7716
3542
2676
7011
5778
2343
744
8092
3331
6040
3166
4270
6677
4651
4202
6677
4569
5013
5048
7916
6284
3358
783
3148
8011
7518
1170
1655
4297
4027
1091
7299
7872
4569
960
3481
2465
7419
1443
3504
5928
3977
2835
5701
1244
4120
2676
5798
6227
7995
7745
783
6346
255
7884
8063
953
2163
6951
8064
5759
