0
0
0
10
10
0
0
2
10
3
0
0
0
0
0
2
2
0
0
0
0
0
14
0
0
0
0
0
0
0
0
3
0
0
0
1
3
0
0
0
0
0
0
0
0
0
0
0
0
0
0
0
0
0
0
0
2
2
0
0
0
0
0
0
2
0
1
0
0
0
0
0
0
0
0
0
1
2
0
3
3
0
0
0
0
0
0
0
0
0
2
0
2
0
0
0
11
1
0
0
0
0
0
0
24
2
0
10
7
7
0
0
0
0
0
0
0
0
0
0
1
0
8
3
0
0
0
0
0
1
0
0
0
0
0
0
0
0
2
1
0
2
1
0
0
0
0
0
3
0
1
2
0
1
0
0
0
0
2
0
0
0
2
1
1
0
0
0
0
0
0
0
0
0
0
0
0
3
0
0
0
0
0
0
0
0
0
0
0
4
0
9
0
0
0
0
0
0
0
0
0
0
0
0
13
4
7
4
4
5
31
2
0
1
5
0
1
19
1
1
0
14
1
0
0
2
0
1
0
1
0
4
0
0
0
0
0
0
0
0
0
0
0
0
0
0
0
0
0
0
0
0
0
10
0
0
4010
1698
2736
7781
1462
5882
5071
2279
2164
4939
3656
6980
4029
5520
283
450
6107
5972
6418
8096
6520
2175
5714
7082
7963
7656
3414
574
4730
4565
1354
4389
7986
557
702
2851
863
2958
4100
4840
470
4916
4560
477
967
4568
2901
3559
6688
6151
3675
3531
5952
89
1231
5007
7896
2386
4229
6162
719
7381
4696
5855
7647
1824
3599
4118
7313
2511
1859
379
2808
3240
4038
5772
6668
5406
1924
3384
971
1590
1087
6767
5200
7482
6668
7420
6261
4899
2015
6528
2021
7496
3839
8147
5790
5239
590
7245
8089
6443
5454
7070
6777
7604
6202
283
3068
7582
4291
4624
1058
4223
4536
167
7516
1030
2956
7400
3366
3934
178
3247
8072
1999
7882
3785
331
404
3220
3381
1382
3388
3959
7357
7806
116
5746
6980
2064
6186
7784
4685
755
4456
3019
7734
6825
6377
2186
112
4755
1145
3763
6264
8155
2202
4164
1301
80
6673
7845
1111
3356
3230
5690
3892
4952
4207
6128
2701
7733
67
4375
6229
5478
6412
8150
3041
352
98
4911
2391
4443
5162
886
8127
6619
876
1532
2479
1672
785
7057
209
7177
8137
606
2889
4484
4431
7668
2893
3529
1525
2633
6816
6106
5872
2568
8183
5640
6959
3410
5572
3681
3275
4465
5079
5254
1605
6724
4892
5574
53
1777
4123
1288
1740
6580
2352
7305
4611
1505
7671
3898
5144
2448
1429
803
41
3103
2162
3231
513
3183
5535
7420
684
2569
7806
6104
14
6753
7246
6557
277
332
3491
7399
434
4720
2449
4221
2200
2720
5583
4774
961
2299
7758
2448
4776
3211
3473
7104
1487
1107
3183
4313
4973
7230
4339
6248
3203
6004
6358
343
5356
2015
743
1816
3166
6418
944
6356
2020
5754
5050
723
4485
4442
8134
5702
6994
4774
7349
5034
7370
7704
667
2959
14
2583
4173
1409
7169
5982
4359
3169
1783
6579
7997
7685
2630
4129
5409
4943
4216
7324
4481
5563
6556
7912
914
5328
3465
4229
5098
4116
1231
3537
943
2991
7714
3383
4492
7405
5650
1776
2325
3410
4634
3050
1972
7997
4815
1704
2844
2266
7184
2639
2394
5954
2504
6591
1488
7479
4566
4110
625
5577
5705
4513
4464
4897
1776
5436
3038
3542
6587
4120
7063
7091
757
1193
3193
463
1473
4731
3590
4505
500
7603
6535
3280
8014
8014
1642
1698
2320
699
204
5784
4556
5038
2469
7482
2374
3039
6655
1030
472
2737
5779
5991
6508
7367
4562
1337
5123
3536
6263
6572
7657
4300
4981
4110
994
1865
5123
3212
4050
1582
7821
4481
1667
2681
4816
1094
5576
4388
2893
5841
903
631
4670
4238
8166
6517
407
2496
3858
4456
6801
7918
2968
632
6189
238
3562
5222
911
886
6639
5856
3742
4856
204
6272
204
1954
672
2475
4750
8015
3417
2960
7223
1238
1467
934
1846
7985
1802
6410
3393
1645
8019
1689
5091
5475
4981
6451
2471
6668
123
5123
6839
2937
4322
6909
4135
1740
7549
2475
4750
6928
6867
8018
6945
7796
656
8147
2858
5372
4486
4204
5935
4171
5633
6034
4619
2540
4524
4382
7588
7251
644
3393
4110
2720
7519
765
486
6928
6029
1991
4746
6410
5049
5935
7087
2127
2233
163
2475
4607
1911
8150
5956
4556
1503
905
275
3744
5371
723
2634
7154
1366
4427
760
6493
7880
797
724
7707
6087
122
5064
2342
4715
597
1774
557
5153
2134
7634
2052
4826
6494
216
7476
449
1560
2756
1515
5261
3143
6174
4639
2251
4939
5679
156
1871
5218
3489
1352
2030
89
1569
5260
2094
5608
5129
2898
7692
8060
1216
3839
6924
1881
7954
3698
6291
4511
8014
5495
6073
5224
168
1063
2972
5820
4599
2945
7071
7045
2279
4212
3489
5458
3567
3435
1689
4293
2896
2983
1740
5850
7264
2346
6631
6891
3010
6940
4827
1467
1943
3468
1823
6563
4649
442
2630
6667
3475
55
2471
3602
5737
3883
3659
7525
4658
7803
6705
3783
2896
4120
6321
1787
4580
5182
6399
54
3363
1551
3879
4810
2145
296
2360
4579
834
5200
3258
6038
6591
7939
6244
6525
106
1144
5770
4905
3014
2702
1863
825
2896
7092
6066
4155
7358
4306
2628
3714
5352
7704
354
7111
5224
2077
1810
6494
2262
5050
6636
4819
3683
6595
5438
6235
4997
7111
8120
1323
6854
7804
1238
3205
2896
2309
1688
714
65
7386
3488
3883
5770
7605
7305
4468
3659
303
311
3689
3857
2027
8046
6591
2717
2725
2621
6019
1422
1027
5721
3282
5335
4569
1425
2061
2896
395
7545
3085
1283
2734
3554
387
6534
7734
5884
2649
4719
1998
6287
5586
2772
2569
438
2074
1138
4485
7145
162
1467
7588
3809
1029
7863
4827
202
5623
592
1151
3191
4568
2080
3850
719
3882
6476
3937
3492
4529
2656
6917
6632
3930
4452
2756
2076
2625
6998
2840
6639
5536
1218
2862
2170
7254
2897
493
3068
5019
3454
3585
2339
6616
749
1531
7829
3361
4275
4776
301
905
1563
2252
6203
871
55
1990
842
6803
4177
2303
1118
7995
4974
3830
8147
549
7480
3140
5220
5812
2851
5229
7561
2682
118
2459
1209
2061
8147
2717
1162
6474
4484
7205
325
4237
6476
8179
2156
7306
3916
6242
6054
6769
2134
7444
597
2391
2508
7941
3580
4366
8025
7451
80
1236
698
6796
5893
4365
1238
1269
5168
2487
3947
5660
4399
3494
3068
6066
8074
2773
2773
303
130
3521
5999
4223
6905
2488
4722
7673
7839
764
4489
2732
2333
3629
8106
353
6082
6200
6796
6484
5044
2303
6200
7285
45
1514
536
7940
144
4888
6635
8055
7829
7101
2773
4818
2380
36
5661
3625
6117
1658
6131
1270
2675
380
1273
1948
7421
2088
5619
277
7493
2761
960
7171
3405
6193
2851
1818
6436
4229
3220
4712
2309
4575
7665
3775
8176
1281
5758
7190
5707
2881
4217
7223
5436
1380
4707
631
215
7297
414
1284
2806
4268
585
33
1584
1238
4140
673
3575
6000
7956
6245
2896
3494
2377
3560
2009
4878
6587
4207
3812
2009
5833
