0
0
0
9
1
1
0
1
9
0
0
1
0
0
0
0
0
0
0
0
0
12
7
2
0
0
2
0
0
0
0
2
0
0
0
0
0
0
0
0
0
0
0
0
0
0
0
0
0
0
0
0
0
2
0
2
2
0
0
0
0
0
0
0
4
0
1
0
0
0
1
0
0
0
0
0
1
3
0
2
0
0
0
0
0
0
0
0
0
0
0
0
2
0
0
0
10
0
0
0
0
0
0
0
30
2
0
7
5
10
0
0
0
0
0
0
0
0
0
2
0
0
3
1
0
1
0
0
0
0
0
0
3
0
3
0
0
0
0
2
0
0
3
0
0
0
0
0
4
2
2
0
0
1
0
0
0
0
0
0
0
1
1
0
0
0
0
0
0
0
0
0
0
0
2
0
0
1
0
0
0
0
0
0
0
1
0
0
0
2
0
8
0
0
0
0
0
0
0
0
0
0
0
0
10
1
9
5
6
2
37
7
1
3
3
1
0
28
1
0
1
12
0
0
1
2
0
0
0
1
0
2
0
0
0
0
0
0
0
0
1
0
0
0
0
0
0
0
0
0
0
0
0
10
0
0
5376
3933
7722
4241
5653
1019
469
3894
6623
2140
1191
5831
7467
6088
5122
1548
6605
1372
4742
7945
3487
5376
753
4418
4418
3533
6480
5055
4926
5587
560
5249
6208
6664
7704
7000
3369
7547
7230
1153
6783
4999
2413
3897
4291
4521
2249
4967
4541
6392
5888
3988
3825
2418
1213
3478
7893
4418
7893
3933
6608
2347
1713
2217
8135
7113
5622
172
6336
3364
2487
2421
3435
2782
4418
7755
7149
4426
2029
6605
2726
5241
5926
3043
3548
3478
1177
6611
5448
3478
3369
2397
5622
3369
803
2672
2053
7156
6297
2336
5189
7733
3648
5140
332
5090
1028
5847
104
4408
7599
954
573
2683
3990
1778
7654
2625
4026
7532
2925
2975
5376
2280
566
1127
7982
702
691
2577
3548
3369
3189
6486
3752
42
7636
4852
7387
4201
6231
4301
339
4157
5252
958
2506
6538
7824
730
2816
4077
7113
3031
7829
545
2691
2834
5161
2133
4870
775
6222
542
7097
6406
710
3472
1618
5451
3334
352
86
2058
5952
7007
962
2701
1375
1207
2140
5380
7923
7793
5719
3511
3176
3440
1639
7034
170
7887
5389
5179
8171
3548
1042
3548
1804
1713
944
6981
5047
4113
5976
3062
847
7864
2517
6418
1375
6566
1166
5289
3545
6180
2400
6837
5772
3637
3385
3656
6730
4329
4721
7450
4107
3533
1732
3995
4549
4626
7381
7708
2818
5204
5672
7935
4967
7537
2566
1605
755
5635
1310
79
890
6525
3508
3913
2165
2859
7304
4498
7028
3274
3376
7308
4171
1610
8132
1499
3256
6426
6090
666
5327
720
3275
7447
986
2131
5227
3302
6133
3990
4199
6814
5757
6561
6081
6006
5198
6299
2071
6735
2483
4614
3597
6977
7983
4842
2158
160
1189
3763
2804
8115
4331
1570
7759
3576
6145
3082
3999
4199
7817
6345
7104
1851
1367
610
1558
2981
5677
1917
3969
1886
920
731
6096
2101
5180
923
2126
1081
1935
3922
6506
7949
2262
537
692
2956
7290
7607
1177
3754
6572
550
7463
7290
5546
6849
3417
7081
3762
7642
3120
5385
4100
5877
1078
5074
8125
603
2833
1586
5023
2042
7592
2093
6293
5124
1139
7702
471
4363
5118
7749
1624
6934
1272
2112
5481
1804
5859
902
3443
6371
4478
2260
3497
4175
5939
6614
1258
5196
7656
3096
2762
4880
4796
6982
7537
6679
6322
5012
7371
1045
5192
5430
5056
3571
6181
1503
5046
7743
6143
7900
2311
2262
5266
1849
3572
7956
1391
2669
3812
6242
7388
1035
6203
3821
3245
2283
4958
706
7177
5402
7303
1546
5128
7119
1619
2878
7688
3555
4303
5995
5964
720
3064
2488
6083
3724
7526
7753
4937
2731
5059
3012
7950
580
44
5303
1189
2239
6646
5022
5205
6777
6478
2233
1363
5335
3717
675
4744
8006
5356
2140
5551
691
4360
6646
3945
2085
7329
2183
5530
5469
6361
510
1713
4391
5852
738
7211
6571
1282
6622
3321
1011
5028
5672
6459
6363
6095
1799
5210
4342
4420
1709
4719
7473
518
6443
2094
5312
1326
1027
448
324
5519
2784
6194
745
5313
3371
4318
2318
1941
2709
2102
587
6522
7702
5474
5587
7388
5717
55
697
5957
2131
4967
3658
2393
2862
1396
2455
5307
4078
6805
4292
4017
6694
5852
578
1326
1212
7201
4545
3751
6955
5072
927
8132
3950
6016
8055
2837
2891
929
6768
6686
3144
6087
3611
7503
6035
6839
1506
2579
3674
8168
5468
2993
4610
4983
5052
6328
3334
3535
6829
4700
6850
7938
4810
518
372
5245
4322
4196
120
5306
1653
7002
1571
8120
5939
7994
3839
3900
1785
5553
2803
1556
6687
883
1455
6780
7728
2386
6090
4929
6687
4024
4489
569
6923
1954
5743
1322
6437
2918
3095
7495
1661
4111
3663
4808
6912
3843
1247
3292
1799
6271
5279
3460
5362
5855
6909
4132
2383
6909
1991
7955
379
6177
5917
6622
6159
3492
8008
1734
6538
1070
1522
3807
524
6918
6451
4110
4958
378
4048
6035
400
784
6881
6985
7043
6528
4802
5362
1332
5956
1216
3417
6928
3005
4974
8020
236
3335
7024
7096
5943
2603
7293
2163
754
4032
405
4410
7351
4929
6391
2527
4087
983
1047
5743
5466
5369
1081
6351
5770
5951
7145
7671
4938
7085
2068
4728
1214
7313
3304
6236
2311
5202
1214
6585
7276
1321
8126
4776
3426
3973
303
4400
5242
2411
5489
6463
3266
5267
2099
1871
3492
449
3517
2991
8177
1144
2488
4728
336
2021
5264
6841
2391
4549
4156
6381
2779
4405
1628
5331
1817
6600
7282
6012
3559
4847
2830
3387
33
4733
2520
7090
7732
6248
3226
2753
3387
7955
6840
4773
839
3404
1104
594
775
4726
5485
1149
4681
2468
2275
521
8047
6176
2150
1608
4847
5325
2089
4329
4786
6146
5746
1787
5267
4851
6760
7339
8070
2846
3247
7073
1761
5228
6525
1998
375
3733
1460
2769
1504
7960
7531
4362
923
4427
6540
3185
6404
1032
414
5652
1448
6055
471
1446
4291
3021
1773
5169
849
7708
296
4917
3918
2488
112
6488
962
2812
6817
8074
1323
2498
2189
7543
7645
2898
6781
453
3077
1448
3585
2938
3352
4094
7575
7123
5174
7028
6781
6350
6057
5047
7337
3160
6621
7044
3451
110
7147
3613
2250
1914
5330
6063
5192
7818
4953
935
7172
5120
138
5994
4341
2572
6482
4484
6002
6266
5361
2318
4845
4798
3233
6719
1541
6282
3763
3039
3723
4850
1891
2302
962
2468
8073
1833
6665
4640
5641
7683
4242
5650
6440
6083
6730
5174
1031
5283
4106
3123
5846
4937
7297
7492
7106
2616
6231
4361
2394
8149
5376
3366
6081
7536
667
4986
2859
2285
1931
6677
7246
1886
7453
2918
5876
5422
210
3438
1886
3173
3615
7236
3223
580
7063
558
7606
3535
8112
7369
3408
5443
4740
303
4726
2117
622
8143
6340
1971
2056
554
4867
3123
1576
2963
6687
7176
7497
8188
276
437
7582
5794
2817
6357
4317
2988
2460
2347
7014
8129
7358
3469
7409
6611
5947
7375
3068
2423
7790
1458
6481
764
7451
3240
3947
6899
4421
4570
6332
