0
0
0
10
2
0
0
1
11
2
0
2
1
0
0
1
2
1
0
0
0
0
5
4
0
0
2
1
0
0
0
2
0
0
0
0
1
0
1
0
0
0
0
0
0
0
0
0
0
0
0
0
0
0
0
1
1
0
0
0
0
0
0
0
2
0
2
1
0
0
0
0
0
0
1
0
1
3
0
0
1
0
0
0
0
0
0
0
0
1
0
0
7
0
0
0
8
1
0
0
0
0
0
0
27
2
0
8
5
8
0
0
0
0
0
1
3
0
3
4
1
2
6
2
0
1
0
0
2
0
0
0
0
0
2
0
0
0
1
1
0
1
1
0
1
1
0
1
2
1
0
1
0
1
2
0
1
0
2
0
0
1
4
0
0
0
0
0
0
1
1
0
0
0
0
0
0
2
0
0
0
1
0
0
0
1
0
0
0
5
0
9
0
0
0
0
0
0
0
0
0
0
0
0
13
6
10
6
3
3
30
6
1
3
6
6
3
15
1
0
1
11
0
0
0
3
0
0
0
1
0
0
0
0
0
0
0
0
0
0
0
0
0
0
0
0
0
0
0
0
0
0
0
10
0
0
215
3326
6770
418
4569
1672
2411
2405
4237
3282
1229
52
4378
6384
1852
5013
1776
6796
390
2796
5874
5214
3959
1550
631
3959
6227
2285
6818
5412
5778
2080
4735
1296
4641
7793
5910
2668
674
6284
2793
118
6762
1323
4231
5289
2259
5079
1620
425
4594
5594
5874
5778
6053
6053
4809
5536
4319
5874
96
3600
5412
4202
2986
3528
794
2564
7602
5455
6105
1050
3733
2612
2846
1696
22
7662
4636
4128
6770
825
2610
6002
4207
2411
418
4202
418
7596
6677
7246
1425
5874
7872
8025
6469
277
6080
1528
1528
7847
1525
2904
6106
3388
5952
7973
5114
1013
1525
2550
6755
5254
7353
2485
8016
3056
3056
6508
1524
4841
4106
8086
4224
7866
6833
5173
1672
6233
7073
961
5218
2792
4095
7787
7556
7787
7547
7758
7387
2431
461
8129
962
1465
4018
4106
1051
4880
2737
3287
3687
4335
7143
7995
5267
2214
6858
4016
1774
398
3622
2050
3388
1943
7598
5744
4955
7178
4446
3141
5352
3106
1657
4919
4360
1483
1478
2610
1160
5275
3577
1464
1024
657
4007
2916
7570
6140
1954
5801
3490
2522
4471
6352
7480
6272
6937
1688
6195
6750
458
3993
5464
8148
2660
3602
356
500
1739
8058
3861
1154
7229
3572
4383
3600
5272
7258
2629
4407
3835
3851
3004
921
2655
4323
930
1073
1070
4119
6924
3551
595
2304
6456
5555
3809
7973
1112
303
5872
6418
3608
2441
1154
4718
6002
1893
6799
4383
1224
769
1576
7570
5928
7613
1619
3543
2511
277
552
2198
1133
2019
4155
6272
5056
3538
5465
6369
3770
4167
161
5253
5568
1460
2411
2397
1158
5594
121
1523
1873
235
5801
7670
3207
3121
5928
8134
4488
374
7306
4976
3549
8106
1076
4507
6995
1607
6894
4899
6601
7412
4704
4231
6261
6905
1026
6318
3356
8145
764
4651
7599
7980
5874
5874
6945
7816
7413
6041
422
6238
4791
101
404
4238
3575
227
924
1671
4528
7572
2792
1487
7257
1332
648
3501
2532
914
4265
5957
6164
3383
815
3228
5594
5874
7160
1664
5428
5385
2106
3308
3238
1796
3551
5430
1168
6303
4580
6497
4668
2855
1930
3780
4676
7306
2342
3394
5325
6976
643
6370
6248
7599
4372
4894
2444
1944
7408
3443
2439
7963
6467
1978
7391
8147
3106
8111
5168
6318
5736
4481
5672
1565
7748
3192
4052
7080
2559
4654
1633
3771
8106
4073
241
8103
2820
5519
6965
2285
6041
2439
1397
6468
2353
2395
3888
5979
1266
6198
1040
2494
6276
2008
2001
4379
5732
1165
1651
6298
440
3501
8100
731
7485
1541
3258
6091
4979
4676
2456
7049
6545
1110
3446
7400
3488
2717
6395
4152
3669
1613
7816
3730
1744
7942
1209
6276
5444
6098
7111
7242
949
3976
53
4277
3451
3417
7205
118
2134
5261
7293
7648
1571
551
483
4676
1525
1107
3730
3777
3860
934
797
180
1934
3557
1579
2024
7687
7242
1258
118
6091
942
4379
2769
489
4069
2978
2030
1431
5188
1891
3503
1079
7367
1474
5634
4602
5274
7936
5902
3326
3687
2662
415
1357
942
6034
6917
2424
1797
3030
5358
7581
985
6405
251
3038
4524
2051
4722
2675
2647
2197
4569
6352
7043
2990
1846
6318
488
6602
6884
288
6387
2556
5902
5182
850
3384
4214
889
4663
2893
5260
6352
5574
5438
6868
3330
6499
7776
904
3170
6766
3692
4379
3109
1229
7018
4780
5440
1608
6580
2585
4369
3915
6736
256
491
6296
5218
2050
1031
8035
6850
4791
2904
1615
5714
1931
3286
2051
3832
3211
847
5245
3514
8120
3154
1905
1296
1458
1305
7162
2389
7323
6478
1811
7404
2264
674
7391
1494
3678
1945
6596
5538
3883
1110
1971
6817
6331
3007
1296
7623
904
3741
7695
4073
4623
7153
4618
325
4191
3695
7232
6325
1492
5465
6322
6378
3971
1742
2762
2505
2142
483
1623
5231
153
5547
5783
5602
6444
3536
6937
2304
2484
3034
5872
4388
2532
7910
143
442
3467
4680
1226
3657
6313
1773
4000
3743
5930
940
4715
3886
7657
5144
513
6677
6510
3284
7758
7992
1869
2675
2586
5848
1710
4258
3839
6484
8036
3161
6791
7956
7080
4676
5585
3819
5740
7381
2475
7158
4423
5151
3238
3730
3696
459
5935
6041
2494
2434
1258
4060
7515
3452
2243
5062
7662
2273
7936
3966
4313
5107
4609
5997
1247
7875
1608
8072
1727
3881
4495
687
7477
8067
3063
838
3291
2877
5340
3615
121
516
7973
1070
7926
7037
7482
4197
2171
279
8067
3248
2955
4007
7901
740
472
6971
2305
6962
4388
1332
118
3169
3226
6398
2434
8123
3576
1844
4478
5019
4568
4323
5144
1719
3136
5848
7540
7829
3067
6167
135
2908
3148
6117
3336
2907
7901
4849
4750
2086
7847
6672
1525
1891
1191
5067
7049
5608
2402
632
3389
6332
6447
7713
687
277
7015
4783
2669
2792
5834
3690
5991
7977
2059
7649
5864
3663
8160
7408
2496
4108
3865
2304
5521
3193
5248
4383
255
2856
1776
1976
588
410
4419
8157
176
6214
1180
7332
3141
6204
3125
4697
5960
1573
4718
3388
2587
5885
460
7344
2464
2159
1330
4155
4739
4478
5470
2453
4950
845
2686
2645
8016
7205
5629
2934
2019
2030
3672
5816
6843
2111
333
253
6598
5314
96
4150
5915
2059
7582
5024
3464
915
3151
5671
3022
657
4813
3237
5536
421
5629
3389
215
3541
6082
4950
4724
4199
326
5144
5496
1280
2676
5868
6264
2796
2796
8128
3224
1776
2343
6831
5531
1057
4487
3851
8086
6973
2562
7258
1775
1932
2402
4106
740
450
6824
1164
6082
6536
5392
3198
6978
2532
6879
4140
8048
3074
2552
2214
4858
6935
7940
418
2780
959
2907
3861
533
7941
1944
3158
5275
5393
583
2371
1418
1220
5428
783
4707
2410
6965
6151
1726
5785
6035
7608
351
351
4299
3542
7505
2773
7871
4561
3449
1839
6307
6447
5507
5874
7827
8160
7049
5173
1147
4714
7257
5064
3480
6013
3572
3541
876
5585
7046
3600
4609
3713
3222
2937
3671
