0
0
0
9
0
4
0
2
10
1
0
0
1
0
0
0
0
1
0
0
0
10
3
2
0
0
1
0
0
0
0
0
0
0
0
0
0
0
0
0
0
0
0
0
0
0
0
0
0
0
0
0
0
0
1
0
0
0
0
0
0
0
0
0
1
0
0
0
0
0
0
0
0
0
0
0
0
1
0
0
1
0
0
0
0
0
0
0
0
0
0
0
2
0
0
0
4
0
0
1
0
0
0
0
23
0
0
5
4
5
0
0
0
0
0
0
3
0
1
2
2
0
4
0
0
3
0
0
0
1
0
1
0
0
1
0
0
0
2
5
0
1
6
0
0
0
1
0
1
1
0
1
1
0
0
0
0
0
0
1
0
3
4
0
0
0
0
0
0
0
0
0
0
1
0
0
0
1
0
0
0
0
1
0
0
0
0
1
0
3
0
10
0
0
0
0
0
0
0
0
0
0
0
0
11
6
11
7
8
1
28
1
2
5
5
2
1
23
0
3
0
14
0
1
0
1
0
0
0
1
0
2
0
0
0
0
0
0
0
0
0
0
0
0
0
0
0
0
0
0
0
0
0
10
0
0
3620
4489
1505
5905
3912
2488
3833
3116
6260
5211
1640
8047
4545
7788
6823
7565
6742
6854
2882
8185
5329
7631
5380
1371
5676
816
1373
7979
5696
7475
5205
1626
3416
6283
2151
612
5303
5362
7824
2473
516
5166
2404
2478
1600
7415
7065
3306
5727
1656
2468
3852
6471
4923
1964
8164
6837
3511
2857
6910
2078
5096
2571
6428
5344
4284
3887
6046
1040
6608
2432
3821
820
332
1709
1767
4353
5360
5641
7252
5649
3846
6763
7065
7238
544
4174
6655
1741
2517
1868
5076
7224
3737
233
1557
4345
2236
5017
2669
2653
6422
7493
5232
2002
332
2603
482
2680
4871
5526
339
3358
1063
6260
7168
5294
4144
3053
6875
2093
6511
5683
3970
5076
5665
2816
5059
3035
2379
2876
2350
1191
2492
3161
6137
423
7447
2667
3871
4610
1006
1044
5563
1597
133
5841
3425
5204
4345
1764
3509
7489
7649
7750
231
7322
3009
1426
6077
7235
7366
5732
4244
537
4262
4634
3299
7691
7500
2014
65
4443
1191
4503
1085
2471
4548
408
5158
604
6513
7438
5900
6545
6458
762
7608
4447
6373
3704
1110
6397
2166
815
6090
537
5162
2948
8151
6226
483
5410
7390
7284
474
1246
3385
6560
2043
829
5899
5474
4041
5640
647
5747
3896
8138
1802
3151
4681
4193
6909
6504
6319
6914
4192
2171
6369
5020
5567
923
4328
7588
745
1482
1093
6969
8045
5378
4953
6394
3407
707
4838
5683
2818
5699
1809
275
7765
4128
4728
7238
3009
513
7850
644
39
4184
6162
26
4362
5524
5832
4980
3840
7530
6788
3011
4306
334
706
3227
6564
8125
5179
5430
1764
2681
7132
7132
905
3852
1720
668
1984
2834
3388
4512
5226
1564
217
7481
709
2786
7137
3791
5618
918
5667
7554
6591
6610
1207
1913
2869
5796
6665
190
5610
6775
8133
4279
2814
4773
5738
5407
198
1013
4241
315
2471
1217
1354
4642
7578
2755
6819
6394
5241
758
3536
6397
4481
5844
3704
2259
5321
7104
5386
2966
2680
198
3315
5763
3411
387
7944
5943
4706
6430
3052
4984
2368
5398
3191
7909
5932
5083
4677
6087
7169
2928
1093
6457
7821
5054
2263
3576
367
3734
2194
7130
7356
1665
6428
5526
1321
5241
6319
6397
2819
4106
7321
5545
4727
332
4467
4419
6468
1618
5884
2414
4415
5667
3205
4577
6835
4485
5496
1334
1299
4660
5796
6220
2362
1955
1984
2153
1006
64
5681
7747
735
83
3364
915
290
6069
3469
5724
3242
7649
6528
3763
5605
129
7340
1475
7174
7186
3263
3271
1950
4723
27
4126
7085
854
6461
3689
6177
4974
809
6928
5389
5162
169
4154
3725
3407
4321
2492
7058
462
5592
5815
1171
6936
7609
7371
2675
7117
8141
6862
3143
7259
4611
2027
1406
2786
646
3648
6726
4560
6692
3251
5040
8110
7692
6812
4215
6090
5044
2819
1081
2345
7950
4640
1365
7601
5475
1247
7400
7881
542
3381
7829
3331
806
3896
5562
2375
3247
6211
7987
3945
5169
4543
675
3269
5654
2238
3826
7329
1933
3200
8141
1127
7470
4822
2735
2183
6792
5366
1784
5082
2578
51
3411
5747
4962
1065
5943
8097
7511
4382
2169
1870
4431
5183
6366
3500
2558
7559
7283
1511
5122
2366
160
7537
6052
3183
7714
1127
539
2700
6928
1396
7307
833
3700
5151
1996
5372
5512
7219
3408
5912
6866
982
5310
724
2366
6182
3263
6063
3256
3791
2900
2790
7531
2582
6998
6297
1685
3904
6313
4292
7760
6493
2539
2563
3490
317
5565
2212
463
5968
6782
7351
3914
4559
5043
7409
1489
3877
3143
5553
2488
4012
8144
4984
7897
836
5156
2951
7292
6478
788
7630
4597
2897
8038
1684
6036
879
5026
6819
8001
6413
2205
1000
7532
6108
1871
5745
4328
2564
5328
1926
4922
7232
332
1350
1040
1638
4685
7688
8044
462
4754
7542
4487
5383
1992
6864
6843
6233
587
2903
518
2323
3203
3869
262
3535
4047
4033
6964
7257
1608
3022
2707
4944
5857
1094
5589
3802
996
2233
2072
2735
7811
2183
1804
5468
3968
4464
3870
7262
8163
7106
7463
3820
8170
691
8008
7649
6404
7252
944
4104
5944
5393
1846
5052
5046
1633
4779
4116
5985
542
5535
5888
6249
2903
130
156
1289
4793
449
2829
1314
8133
6052
6554
5105
7473
2488
5337
2700
1202
7473
549
4791
7606
5692
7082
6956
6231
6695
1935
4740
6075
5156
7998
7244
197
6022
4729
7362
3674
3055
394
7446
3853
2915
7436
3726
1400
7979
7102
7605
3537
6523
7370
6107
2318
5797
3101
537
5832
7058
5370
6087
4418
6871
2276
6172
3061
733
6383
1115
6885
5164
4508
3384
6418
7340
6875
2118
2416
4071
3478
7874
5254
1117
3248
5968
3056
3063
7362
6918
453
6340
3241
2412
6689
4551
7274
2749
2310
4301
7239
7663
3853
5575
6134
5148
6397
6343
2256
3222
4071
6253
7182
6445
4125
4727
436
1955
3085
2486
1086
4931
5068
6486
3371
5370
3369
7658
3385
7498
4053
5664
5493
1136
1153
8047
1036
1482
4994
7489
4750
6867
477
7175
5639
4262
4441
5247
4684
1618
1003
5876
2180
6815
3467
7954
3960
4489
4366
1426
3893
912
4713
6830
6541
4953
7656
539
2900
3146
252
7879
7708
6807
3751
4441
6396
7035
1507
3657
5491
42
3804
2790
909
5685
1525
5274
6973
2282
6690
2348
763
1008
1345
922
3134
187
537
5481
3407
3649
7842
1092
8131
3346
4934
6406
2323
2673
3063
3865
6794
6586
3650
93
7284
436
669
4746
4630
2673
5814
4228
4565
522
2015
1472
3098
6830
5622
2436
2384
7308
2083
6381
3053
1554
8047
694
4681
4681
7875
972
7653
3181
4037
1577
4490
7248
2337
637
4689
7955
5669
5225
2054
169
802
1900
1907
5476
7494
3562
7793
1862
4645
5052
694
2261
3573
7715
6763
1297
2140
2746
5994
6102
7638
4765
4490
7248
2337
2239
5226
5729
3500
7529
5689
208
3457
4390
1453
5419
7540
5962
1907
2760
343
1069
3646
1230
1487
3514
2885
7786
4825
5562
