0
0
0
9
9
0
0
2
9
2
0
1
0
0
0
0
1
1
0
0
0
1
7
3
0
0
3
0
0
0
0
1
0
0
0
0
0
0
0
0
0
0
0
0
0
0
0
0
0
0
0
0
0
1
0
0
1
1
0
0
0
0
0
0
2
0
0
0
0
1
0
0
0
0
0
0
1
1
0
1
1
1
0
0
0
0
0
0
0
1
0
0
5
0
0
0
9
1
0
0
0
0
0
0
21
1
0
3
3
7
0
0
0
0
0
3
2
0
0
2
0
0
4
0
0
1
1
0
1
1
1
0
2
1
0
0
0
0
0
2
0
1
2
0
2
1
0
0
1
0
1
0
0
0
0
1
0
0
1
1
0
2
5
1
0
0
0
0
1
0
0
0
0
0
0
0
0
3
1
0
1
0
0
0
0
0
0
0
0
3
0
8
0
0
0
0
1
0
0
0
0
0
0
0
11
11
9
2
3
2
28
1
0
3
0
0
1
9
0
1
0
11
0
1
2
1
0
0
0
1
0
3
0
0
0
0
0
0
0
0
1
0
0
0
0
0
0
0
0
0
0
0
0
10
0
0
4146
4914
4914
4914
4914
4914
4914
4914
4914
4914
4914
4914
4914
4914
4914
4914
4914
4914
4914
4914
4914
4914
4914
4914
4914
4914
4914
4914
4914
4914
4914
4146
2896
592
2325
2325
2325
2325
2325
2325
2325
2325
2325
2325
2325
2325
2325
2325
2325
2325
2325
2325
2325
2325
2325
2325
2325
2325
2325
2325
4647
592
592
2896
4522
4522
3220
1774
1774
1774
1774
1774
1774
1774
1774
1774
3240
3240
3240
3220
4522
3220
3220
3220
1774
1774
1774
3240
3240
3240
1774
1774
1774
3240
4522
2325
6258
2325
4522
4522
1774
6384
5129
5129
6384
6384
6384
6384
7451
1774
4522
4647
5279
7940
3220
7451
6384
6384
6384
6384
6384
6384
6384
6384
5129
7451
3240
3260
592
592
4647
7451
2325
1774
1774
5129
5129
5129
1774
1774
4522
4647
3260
6635
2146
4712
592
3220
7451
6384
1774
1774
1774
1774
1774
6384
5129
1774
3240
3260
2851
3883
212
276
7986
4522
4522
1774
1774
7451
3220
3260
4647
4670
5191
4580
4126
5267
6245
592
4522
1774
1774
5129
1774
1774
1774
6384
6384
7451
3240
2325
6889
2208
7766
3752
4904
6258
348
2325
3220
7940
2325
6635
6884
1382
3718
6732
1396
952
5687
4920
7419
4647
1774
6384
5129
1774
1774
6384
6384
7451
3240
2325
2951
2027
785
5722
3814
5361
340
6258
2325
6258
6635
783
7308
4894
3171
6257
1292
1487
3620
5708
4146
592
3220
1774
7451
7451
6384
6384
6384
7451
3240
2325
1288
2358
201
5176
6035
983
2939
8025
6635
643
521
3136
3255
5328
350
442
7307
2386
5207
2249
4904
4914
4867
3220
7451
3220
7451
7451
6384
7451
3240
3260
6411
6990
102
1740
4531
2448
3537
7688
2513
3466
7795
2104
66
1374
6805
3864
724
7017
2893
4990
5608
3240
2896
2325
6258
592
2325
2325
3220
3220
3240
3260
5890
6437
123
4823
427
7657
6463
4620
2155
2345
3503
3868
162
4686
7521
4444
6129
5416
6556
6235
437
6258
3494
1291
6176
1100
4920
3625
592
3220
4522
2325
3214
2984
7230
6735
4401
378
707
33
5022
4228
3749
7721
251
4693
2668
2624
8173
4823
1123
2038
3240
4651
2622
8045
4363
5054
5008
3072
6553
592
4522
2325
4867
973
4153
194
2428
516
3404
1525
5169
799
7610
199
5426
5837
7240
1913
4753
2159
7195
838
2339
7353
7296
1659
2750
7804
5558
7107
6201
3542
4867
2325
3004
6962
5176
1217
4703
1991
270
2299
7111
2142
3258
2939
1784
2540
5830
3743
204
8114
2231
3575
8089
5260
6125
3331
2434
6862
5261
7174
6999
960
592
2325
4670
3741
2443
8137
5324
269
5298
6129
74
6497
6642
4763
1425
2949
5672
6334
1366
4731
4899
3360
3986
4330
7386
5246
3329
3989
7098
1398
1892
4712
592
2325
2896
6635
3240
2851
4670
3220
1415
1853
3535
2000
6886
7821
5114
1360
2502
4426
2956
3353
7001
1527
2612
2706
6696
7855
556
626
5145
3390
2175
4712
592
2325
6258
4647
6258
2896
6635
2465
7451
3542
7525
4913
2540
3683
3748
3236
2947
5207
3526
1650
363
797
7242
3356
3646
1347
5829
803
1073
8046
5989
3494
592
2325
2325
2896
6945
2533
1752
6679
132
2535
1424
6386
323
6013
5036
5527
6940
7018
3318
5461
968
7816
2751
6632
7805
3171
1571
3238
3733
6003
4835
6258
4522
2325
6258
3004
3542
996
4978
2977
1226
3857
2863
5902
7563
858
573
760
4524
5104
7089
519
1792
4399
4375
6296
2428
940
2984
889
4696
5074
2986
6258
4522
2325
6258
5650
3623
2171
216
5328
3238
458
6816
3721
2836
715
7563
5093
6831
5631
5000
2892
4916
4457
4496
6107
2794
3784
6918
6589
2366
2508
472
2325
4522
2325
6258
202
1021
2991
4980
2030
5785
5552
793
6129
2448
7661
3854
7981
6013
3671
4824
3011
3543
6736
5682
1713
3652
5696
6443
3507
2508
5736
5779
2325
4522
3260
2325
592
4647
6884
6066
4270
7787
2878
6299
2847
303
940
323
1645
1694
168
464
7367
3256
7493
6259
5546
858
6844
3214
6348
6041
2465
2325
4522
4522
3260
2325
4522
2325
6635
5031
3032
7934
4929
6486
2893
6523
7232
4350
1827
3135
7271
3278
4810
6301
297
7093
202
5129
5129
6553
2533
5779
2325
7451
3220
7940
3260
4522
7940
3220
592
1787
4239
4644
2059
858
7271
5000
7648
6995
5326
202
4964
1058
7726
5024
1928
4543
3240
2896
592
592
592
7940
7451
1774
7451
3240
2325
2896
2896
2896
6258
2896
2896
2896
2896
592
3542
7451
7868
6635
7986
2896
3494
1863
6515
4229
5020
3789
2918
4233
2325
5779
1774
1774
7451
6384
1774
3240
2325
960
3304
7160
2465
7160
960
6289
4892
8167
3666
4431
4794
1442
4082
2343
7986
592
2856
4996
3585
5396
3317
4914
6635
3220
7451
6384
6384
5129
7451
3240
2325
5188
6146
6825
7038
2273
6513
7330
4005
869
7648
7615
4475
2916
7059
3288
4641
6481
4670
172
72
3134
1809
4670
2325
3220
1774
5129
6384
6384
7451
3240
2325
254
3153
3299
2949
320
5350
4505
945
5019
5730
702
6053
2252
7493
5739
999
5224
4089
3240
7601
5250
6849
3916
3240
4522
1774
5129
6384
6384
7451
3240
3260
1048
5552
3096
7176
5133
1662
3816
7790
4867
3542
1579
3263
5419
6907
4424
5398
7785
3224
437
1380
1316
3974
2976
2309
2325
7451
5129
5129
5129
7451
3240
3260
1040
1367
3884
5999
5664
2896
6258
2325
592
6258
4867
538
7177
3191
4400
2196
84
1472
248
5945
3353
5224
1998
5798
3260
4522
6384
5129
5129
7451
4522
4670
4855
6937
4233
2896
6258
6258
3071
3071
3071
6258
4647
3260
592
283
283
5999
7500
7381
3280
5402
7781
4571
6849
4214
6258
2325
2325
3071
4522
3071
2325
2896
6384
592
7986
3454
3454
3454
3454
45
45
7986
4419
1803
7986
7986
7986
592
2896
7468
6384
6259
4526
7432
4308
4038
3454
3454
45
45
45
45
3454
6481
