0
0
0
10
10
3
0
2
12
2
0
0
1
0
0
0
0
1
0
0
0
0
0
0
0
0
0
0
0
0
0
0
0
0
0
0
0
0
0
0
0
0
0
0
0
0
0
0
0
0
0
0
0
1
1
0
2
0
0
0
0
0
0
0
2
0
0
0
0
0
0
0
0
0
0
0
0
3
0
0
0
0
0
0
0
0
0
0
0
0
3
1
1
0
0
0
7
0
0
0
0
0
0
0
24
0
0
9
5
4
0
0
0
0
0
0
0
0
0
0
1
0
8
1
0
3
0
1
1
1
0
0
0
0
0
0
0
0
1
3
0
0
3
0
0
0
0
0
0
0
0
1
0
0
1
0
0
0
0
1
1
1
3
0
0
0
0
0
0
0
1
0
0
0
0
0
0
1
0
0
0
0
0
0
0
0
0
0
0
2
0
8
0
0
0
0
0
0
0
0
0
0
0
0
13
2
10
7
8
6
32
3
2
5
7
1
0
25
1
2
0
12
1
0
1
1
0
0
0
1
0
1
0
0
0
0
0
0
0
0
0
0
0
0
0
0
0
0
0
0
0
0
0
10
0
0
6439
627
2477
5430
721
778
651
3577
3433
519
1061
2956
1435
6378
4524
1835
37
457
7885
7577
1091
6815
6388
6220
4274
492
361
1997
5833
5586
7071
6642
7880
6119
2192
4605
4847
2780
3320
1364
1362
3453
2154
7303
2186
2019
3191
8089
37
102
5566
5078
4801
4240
6439
6130
8160
8016
5839
2244
2400
7020
6114
3350
1671
7416
2009
2207
2280
2418
4754
3238
8038
7437
2686
4218
184
1777
5821
8065
5913
4911
7493
3486
7681
2595
4768
627
3421
4849
7823
1794
597
7486
2027
5430
5862
208
6361
1071
951
5232
722
2493
1869
627
2965
6859
1134
2332
2872
527
7207
4322
5845
413
2144
3086
1024
2934
7286
2308
7798
6593
2772
3026
4748
1317
4749
7799
5890
5403
1748
7415
5405
740
4738
7004
2033
994
6444
1267
6461
6364
5036
5690
1172
2033
3211
2410
200
1997
1522
5473
1333
4852
2720
442
1760
5784
1462
7928
2639
2766
1039
4147
7957
6062
1696
4044
4469
5782
5938
8158
7001
7418
6883
8068
3026
7020
8177
6549
3044
2022
882
1963
6237
966
4738
3029
4044
1404
990
2075
4659
2639
2887
90
4643
2493
363
2710
5126
1045
2139
7164
5473
4621
2033
2618
7037
3486
7194
4170
8053
2426
3317
6030
7598
3579
872
128
2594
5473
1061
1
2554
959
7227
1600
3096
1865
5845
1061
3976
5962
679
2194
8107
7515
2424
2254
6466
2872
7990
2012
3162
7704
3720
504
7524
627
5433
2033
5784
37
6139
2535
921
1688
689
3280
2922
7939
6388
2644
8177
7517
677
5784
6130
7831
4469
6536
4075
7349
6117
2369
4791
1513
6749
5233
4285
7303
5126
3505
7059
2778
6204
1881
7735
639
6320
1896
5375
4431
7486
2649
4738
159
504
7779
2193
2424
3891
6974
3978
4092
1638
4485
1997
4689
7965
894
1989
4823
380
7486
7880
1453
5416
2720
3390
150
681
4270
2748
1213
4459
4874
4496
2460
4939
5693
1830
871
8009
4721
4864
6526
1366
7992
7519
7396
396
3650
8190
3191
2594
6858
5231
3743
1024
7243
504
3894
1413
1714
4934
4876
1401
677
4958
7884
1757
317
6466
2787
204
2872
4439
2273
4044
3683
2033
1263
3743
6863
1138
7020
4899
4415
1327
1196
3609
671
3405
2753
5423
3754
7369
948
7631
2644
6098
2154
787
6189
1859
2457
6532
7923
3777
5637
1486
5233
2033
4768
3709
6365
6705
5909
4266
1055
2229
6262
4111
1854
4880
7151
8159
2856
4429
2594
6527
2292
3452
6114
585
792
5497
6556
5546
7577
872
7912
1963
1138
3831
4528
4815
3259
2708
7444
7853
4913
944
117
3515
1177
951
1997
5196
3667
2594
380
5233
37
5784
3325
4096
6527
2318
2000
3644
3318
5473
5058
5233
2863
7939
281
6859
6859
1590
1961
2199
4331
7151
1003
740
4374
4406
6645
951
873
5199
3831
4281
4899
180
3380
872
6660
2030
4659
2965
7020
5473
3026
1963
5199
1454
6466
3683
4738
2662
7319
1670
593
2615
7371
5896
2015
2539
7437
4007
2027
4749
2720
4281
4177
5784
4135
6940
7350
1232
6987
5042
2027
5199
2477
1454
3300
4518
6466
627
4285
3385
34
1620
1279
1600
3275
3443
6000
5160
1293
6914
1039
2255
6859
4281
6630
2194
2157
2856
6023
8019
294
2467
6017
3434
2694
3294
6466
2618
2477
6490
1799
7214
5024
4291
932
3722
2577
6925
6663
5007
892
7364
5999
1267
2033
6883
1064
3444
584
6776
2973
2082
4523
2969
6311
7396
7286
6693
5199
4411
3459
4329
7827
591
1765
2244
2265
1929
7148
3284
229
2656
5335
3699
4722
5936
2292
2618
3760
3209
5845
6898
2154
872
6220
3325
6859
3211
5072
268
7797
2076
1105
1404
607
3022
2214
3284
5761
6691
48
3572
4261
3090
5022
1118
6735
740
7195
3801
2281
5784
2644
7912
3831
6388
3946
5473
3024
37
6119
4533
915
3196
2002
1978
7301
1181
1041
6362
501
2128
1046
61
744
6760
1027
1450
30
2772
5024
3288
7133
2594
1963
7349
2595
6388
5233
3421
4768
3026
3313
5283
4732
6183
2463
4190
7914
5430
6013
3143
6365
6069
4296
675
7851
7389
1289
6450
5242
3720
1979
4109
2830
2934
7242
7852
4082
627
5527
285
4924
6693
1172
3726
3052
7077
5272
2130
921
5236
5920
7503
5468
1285
2002
460
7148
2441
6571
25
5166
2166
7178
6075
1132
47
1634
4805
919
6040
7008
1662
1623
6952
3831
4322
7012
1660
6645
2631
6243
1970
3096
704
6005
4605
4009
947
5470
2214
3002
2308
7059
4887
4005
7654
6361
5384
531
3132
3666
6836
7526
5123
4528
4916
6693
2082
4545
26
6464
7389
6201
8174
6863
5031
7394
7398
1544
5352
156
1929
4759
1989
6437
5739
7755
5608
5156
1295
5748
4694
5350
7135
4136
1266
7623
627
6893
6130
7143
3386
1581
5277
3197
2406
3238
5024
1544
5762
7613
5419
2346
6445
2283
3515
7747
1546
369
7154
47
5620
7592
5752
7303
361
6724
3751
1748
1869
2521
4768
5715
6940
7494
1677
5200
4796
1989
2811
1082
6415
3864
5514
3443
7389
6070
4521
6889
2280
2843
1168
5921
6380
5276
2380
5924
7408
210
3010
925
7497
725
1892
1182
4812
8187
4292
852
2464
1046
6600
6442
758
747
3326
2489
6552
4317
744
5332
7786
7463
6889
3196
2915
1581
3722
3051
5024
7012
5168
5587
3623
4788
4009
4796
2607
651
2922
6124
3903
7121
3136
5684
1081
7389
1590
7546
7517
7377
1048
1285
2679
6000
3530
2979
4274
280
1732
6895
6583
681
937
6249
2892
6571
1954
5839
5583
3405
740
7652
1871
1733
568
951
4491
7670
369
369
2948
217
5128
4467
4406
4630
5514
627
4379
1139
1540
872
5277
5185
6886
2144
7497
3676
3824
6480
4338
2553
6415
4413
1721
717
3974
5877
6089
4190
1395
3861
7229
6830
5831
7736
6533
5732
7892
3162
4135
876
5384
6886
1896
1046
3495
98
1468
369
5364
2130
7910
2995
2483
5877
7591
5444
1561
5028
7976
6009
