0
0
0
9
0
10
0
3
11
1
0
2
0
1
0
0
4
5
0
0
0
3
3
2
0
0
0
1
0
0
2
1
0
0
0
1
0
0
0
0
0
0
0
0
0
0
0
0
0
0
0
0
0
0
0
0
0
0
0
0
0
0
0
0
3
0
1
0
0
0
3
0
0
0
0
0
0
1
0
0
0
0
0
1
0
0
0
0
0
0
2
0
0
0
0
0
10
0
0
0
0
0
0
0
23
1
0
8
3
9
0
0
0
0
0
0
3
0
0
2
1
0
4
3
0
5
1
0
2
0
0
0
0
2
3
0
0
0
0
6
0
0
5
0
2
0
0
0
0
0
0
0
0
1
0
1
1
1
1
0
0
0
1
0
0
0
0
0
0
0
0
0
0
0
0
0
0
1
0
0
0
0
0
0
0
0
0
0
0
5
0
9
0
0
0
0
1
0
0
0
0
0
0
0
12
1
7
0
1
2
31
2
0
3
7
0
4
16
2
1
0
10
0
0
2
0
0
0
0
1
0
1
0
0
0
0
0
0
0
0
0
0
0
0
0
0
0
0
0
0
0
0
0
10
0
0
5018
1842
3025
5749
7289
6465
1029
6737
5198
930
5385
868
2384
6088
1195
4641
1702
4033
3385
1470
213
1403
4237
4647
4652
7485
7405
7673
7916
5308
1774
601
5128
566
3333
5417
915
6363
7626
7922
1830
2015
5105
2910
4437
849
7329
4855
907
5439
1647
6545
7811
7063
4735
6722
3433
706
4340
4594
3825
206
2458
2851
4640
2810
7640
1732
6486
1016
2297
648
4851
7384
1367
1708
3836
6814
1815
2579
6605
2465
6770
7182
719
7570
1600
4881
1944
2925
3682
444
1084
5000
4848
3175
7843
4995
2110
4683
7329
3836
1390
7176
4751
4039
7631
5147
1145
5557
7014
2616
2819
6181
314
2148
5870
5249
1395
631
7901
858
2748
25
4108
6366
1141
4912
5724
2884
3554
3334
3371
6090
956
7311
6558
64
8118
1104
6297
6138
3945
1555
2393
930
171
6605
7137
1468
916
5220
5928
7485
7160
9
248
6433
2945
7223
7745
1834
6993
1832
5307
8005
516
4141
6078
7183
3802
4551
1725
4862
3659
7439
6532
6159
4108
996
7960
484
4600
6791
5705
706
3999
3143
3435
1587
6685
45
3674
6442
815
4222
1515
5788
2301
7014
1691
5106
2928
1362
5251
7274
6956
6242
7005
2256
513
546
4746
2104
3773
3835
2232
7702
5043
5871
5791
4208
2984
1311
2608
2905
282
3543
1730
937
2740
5124
3611
7499
2691
6350
6231
4611
1223
4070
2722
1806
3853
1515
1813
7117
5181
7506
5653
2233
3992
2905
6129
1260
2751
3607
6498
7237
1233
7375
1377
4855
8099
7159
2369
7863
2206
7206
6425
326
4178
3613
4230
4220
6947
302
6169
1243
6635
2631
1069
2124
6935
2218
1685
7505
2474
2123
5507
7258
110
1922
4696
5251
7760
4303
7881
3567
3570
6872
5148
7427
2375
4705
8137
3471
7855
4123
371
866
112
7873
4437
4969
5382
1782
5096
1707
4867
5756
4839
2898
6921
5590
5313
7308
1692
2834
7280
787
7307
7136
7907
1712
1062
4995
480
805
2458
720
3371
4378
5049
4541
2910
3882
7605
5644
4691
3371
6186
2650
5267
5579
4818
1817
5532
7450
1847
3493
6276
5955
2625
4947
4800
7117
7566
2105
7037
4532
2991
7116
5261
7047
7557
3334
6394
4983
278
4032
6500
2505
2303
5592
6450
1473
6587
8044
4205
710
5718
3317
1647
7664
3744
1165
1642
55
7374
3719
5527
4182
4919
898
4443
1066
6814
2561
6605
6494
3062
7340
5362
4545
296
2336
7518
4426
7868
1313
3662
3003
4019
4996
444
2782
7325
5899
7460
3930
135
2943
3000
4126
5571
7257
678
5313
7058
1081
2757
1708
516
2058
2352
2825
5574
1577
3068
2958
1852
5024
6359
5182
3036
3262
1972
6700
2199
690
6498
2001
4697
4766
5577
4336
3332
3960
453
6296
4091
7174
1768
7111
7662
1847
5927
5288
769
6150
5153
4575
721
2015
420
5876
535
1471
256
3875
4387
6852
3916
1147
1631
1666
2688
1707
4169
879
2161
7326
4488
2261
6363
1506
7676
705
8023
740
5994
6186
348
2963
6516
1005
594
2072
7624
5394
4259
4655
2421
6107
6059
6735
6724
1697
1951
2206
3410
1147
405
3869
479
4560
2875
3883
3958
7256
522
3469
6413
7796
5794
3611
2924
5603
1578
2161
3759
4745
1000
3155
1950
3174
618
4623
924
340
6052
1354
2637
6605
1810
1847
5655
7495
7097
5472
6691
7537
1741
7119
7489
5428
3371
6775
3879
5346
2933
2723
7938
569
7388
6208
2696
4809
2232
3847
1004
2274
5260
5156
1587
2726
2393
5510
5337
4039
7274
3567
1872
610
6676
7488
2683
907
7710
8168
1005
678
5251
5346
5745
2933
4963
6208
5155
3751
4421
5820
5785
1110
371
4697
826
2809
354
7850
8141
3718
4560
51
3133
839
6523
5251
6661
4056
2819
7733
2627
4764
1426
678
3870
4325
6291
7718
1644
6919
6145
3614
705
1029
5215
168
5323
6646
3119
4822
4541
2683
8095
7730
6841
1887
6745
573
7451
1708
762
3566
6631
7000
6208
4487
1947
6823
836
1785
5496
1077
1626
1588
3853
3535
3388
7950
5260
5016
5298
3472
6313
3247
6966
2619
4221
5011
1377
2109
2678
2057
4006
377
2397
7388
3506
3331
7663
7254
2781
4963
2427
751
1684
5709
4159
4086
3493
5667
887
2918
2547
776
5885
4807
1202
5132
3776
7498
596
5768
5714
3004
51
5251
6010
4497
7681
4697
1566
2393
2693
2315
5634
7517
5042
5215
5103
8041
7863
1804
2233
7451
7642
3443
3710
8173
1623
7919
1980
7557
6473
8010
2505
6135
1604
3259
3719
220
5049
10
5622
1474
4187
5192
7308
5251
6345
2331
7557
2163
6557
3151
5353
4867
4399
4348
3389
3851
5677
5450
5684
7231
7846
2412
5144
2225
303
5402
3113
6885
8084
1492
780
5770
368
2954
1626
7215
546
6336
483
2621
7865
1813
3011
7942
7451
4628
2958
348
559
8014
6282
4814
2945
1353
4134
1191
8121
3712
3492
1254
2058
6106
1104
1481
5260
5745
173
4128
4709
679
3879
1924
5799
4327
8143
2315
7426
5574
1689
6587
744
8121
7090
2534
5827
7850
3966
411
6790
5082
2180
3828
6443
813
7778
7864
130
4802
7560
4443
3057
5157
7557
5251
7488
2743
7451
6022
7144
2582
7160
534
3260
5675
1825
2933
5283
4870
367
4146
3478
4474
7181
7743
4373
2991
6343
6559
1336
7375
7701
914
2150
170
5754
6516
1933
277
5653
2324
2867
4734
7409
4528
5112
5214
4628
7658
7000
4820
6913
6338
269
7764
1644
1457
6757
4875
4983
2621
3203
6397
2889
5165
649
5193
5710
1802
696
4419
1725
6626
5384
7297
2829
6998
525
5436
7405
2933
244
3895
4841
258
5653
2131
5493
502
2448
7409
7480
3169
167
4521
7039
7598
3535
1853
4131
7966
2208
2497
2430
2232
7810
5135
7905
885
3463
4055
7223
6116
7478
2637
5876
4383
5752
7002
936
2284
6386
5749
7119
308
5229
263
2558
218
594
2895
4234
2809
2933
3849
2139
859
7176
4194
7711
1926
6208
2224
4069
6945
5122
4220
4988
1871
