0
0
0
10
6
0
0
2
8
1
0
1
0
0
0
0
0
0
0
0
0
1
11
2
0
0
0
0
0
0
1
1
0
0
0
0
5
0
0
0
0
0
0
0
0
0
0
0
0
0
0
0
0
0
0
0
3
0
0
0
0
0
0
0
1
0
1
0
0
0
0
0
0
0
0
0
1
2
0
3
0
0
0
0
0
0
0
0
0
0
3
0
0
0
0
0
9
0
0
0
0
0
0
0
27
2
0
7
5
11
0
0
0
0
0
1
2
0
1
2
0
1
6
1
0
0
0
0
1
1
1
1
0
0
2
0
0
0
1
1
0
2
2
0
0
0
0
0
2
0
0
0
1
0
1
0
0
0
3
1
1
0
2
1
0
1
0
0
0
0
0
0
0
0
1
0
0
2
0
0
0
0
0
0
0
0
0
0
0
0
0
7
0
0
0
0
0
0
0
0
0
0
0
0
10
5
7
7
4
7
28
5
1
2
5
3
1
14
0
0
1
14
0
0
0
2
0
0
0
1
0
4
0
0
0
0
0
0
0
0
0
0
0
0
0
0
0
0
0
0
0
0
0
10
0
0
107
7746
7901
6320
1046
705
5214
4609
5412
1550
4152
643
4191
2982
5240
1332
1112
6205
4054
5114
6633
7313
3467
1229
3865
7762
5359
1672
411
4716
2442
7135
326
4132
1856
3851
5024
2684
951
575
6767
703
4132
4962
4205
3178
162
4715
1387
8067
2172
7460
6809
6269
4244
4676
2879
3847
5416
539
4497
2196
5543
7966
1352
4665
6349
7901
5997
255
5024
1352
1471
1569
3282
2943
7043
2871
3501
4127
5366
2785
296
2559
819
3557
7619
523
6593
8105
3936
6450
5183
1873
1027
7845
176
4810
5564
4007
2459
4475
551
7232
502
7810
1911
7212
1477
5121
2872
7213
7970
8147
7905
2318
2475
6774
4337
7134
2556
6567
1254
4640
2881
1289
1566
3747
5425
427
3578
5102
649
542
7762
100
1329
1892
5556
5980
1555
7305
518
2336
5358
216
7841
2945
7146
2594
7486
7142
5056
2559
1374
1165
1890
354
6276
283
3631
5231
1545
3481
5874
7450
5555
4619
1011
686
3279
5578
7521
982
3183
956
1013
2457
6433
7400
6194
523
3519
7477
476
8147
326
6666
7400
7569
4014
3283
3090
3228
7768
7246
2764
598
4446
7530
7399
1773
7572
4680
1079
216
6129
7317
476
6762
3838
222
2305
6928
6164
5834
3198
2187
4166
7263
3838
3466
7761
7367
5572
2011
5848
6332
3820
1429
2198
6744
1792
523
6107
500
4515
7787
168
6272
1844
1329
8064
5939
6272
7667
6167
6677
5427
2833
7875
4132
222
3965
3467
4535
536
1635
5138
3592
7562
1827
6532
1243
3140
7954
1403
5268
6873
7945
4780
4709
3183
1026
6749
1004
377
1332
3508
5821
568
584
483
1710
5670
4897
5341
2305
6259
7805
393
390
3465
803
4879
2400
3809
296
2202
3453
5181
1403
4317
1637
3489
1796
8166
2943
4676
3048
7657
2448
1024
1620
3136
5144
3178
6179
2308
7913
6580
1498
5273
1155
3627
2395
440
2808
2808
803
6828
1243
1133
7689
4686
792
894
6633
4301
6501
4000
2955
1694
696
393
6082
5412
4950
3376
7209
3068
5214
2407
5942
6604
5127
7646
3135
5071
6456
5512
4455
7319
1525
6164
6559
4748
7529
6541
1234
961
2608
152
89
1708
4874
6041
1319
8160
4291
7240
1824
5118
2930
5300
7599
367
7182
4134
7212
8067
1119
3100
3749
4979
2273
2169
2181
8127
7953
6195
1107
6894
7541
6099
2870
7657
7787
795
4339
726
1562
4735
2894
7029
2123
3507
6290
3994
3882
4547
6349
5834
498
968
8
2232
1329
3318
214
6906
2254
7141
4152
82
5217
3401
5359
3629
8036
4778
5902
4858
5290
7258
5896
295
7561
5892
2525
4995
6417
7704
7875
7748
3860
7355
3969
4037
3468
2194
1413
5206
3501
5619
1581
6456
3647
1330
2569
459
5001
4875
5596
2201
6824
1709
531
6063
2283
3950
6294
4609
7570
6973
1727
1545
4979
2421
1437
1593
150
6595
7810
6526
145
7644
4582
1083
4743
7312
6073
2978
6618
904
4686
7366
5551
411
3615
4851
1600
3559
4594
4609
1114
5079
1628
6891
872
8036
811
4382
6572
2023
6752
6069
3421
5168
1424
4465
7399
4755
7687
6154
7515
4196
8
2977
6808
7755
2426
2424
4083
4888
5489
1062
4232
3212
1623
4552
3127
7391
2586
5185
1468
5714
1280
5574
7041
1650
1262
1020
810
7445
7057
1045
7806
3575
3232
6414
7768
6020
5023
3226
5392
5797
2516
5514
1979
5019
422
6596
783
5689
6378
6868
6548
437
6924
3289
6254
5217
4453
7874
5535
2357
1551
7533
2947
1818
6639
7787
4446
7517
1129
6085
5478
6151
5608
2464
6791
3851
3958
360
7736
2877
5714
1565
1465
6099
6704
6911
6289
1270
7945
2299
2460
4052
4104
7963
3238
5377
7242
5455
6790
7743
4594
1476
3710
4636
500
5220
7596
4475
2405
7349
6181
3486
331
2024
3594
80
500
7737
3258
1650
985
5960
5960
4680
1305
3283
1560
476
7306
498
1569
216
1748
1029
4290
5572
6520
5214
170
4472
6041
5133
6608
500
6138
6754
3989
2889
3350
5960
3671
6639
5960
1026
4791
4688
2007
523
4091
2177
5182
3169
3815
7482
8028
4779
6332
3891
4939
3747
4809
631
6299
2992
406
7411
1762
5158
27
4496
3249
3733
4448
4322
6960
2463
4100
20
3401
5985
5153
143
2800
3432
718
6808
5915
4950
5778
8126
1038
1852
4120
2420
584
3718
5578
4000
3201
6386
5554
4130
6348
8037
4958
4599
3671
6480
3886
1957
4104
7317
5692
5834
5519
339
5917
6639
6041
2271
2271
2815
5267
45
6795
7177
5940
6378
7714
5335
7696
6636
7808
264
6167
2710
3501
2582
7318
8147
8027
596
5182
5572
2643
2139
3985
1694
3214
5104
4867
3220
4670
3612
4646
5960
858
118
498
3698
2168
3946
3495
4481
7282
7671
6981
4768
7501
6485
7404
7906
7835
5455
5001
8037
1654
6709
5425
3198
7683
7460
5129
4867
5507
3011
6738
3410
3198
3865
6809
1329
1992
4662
6576
4680
2496
7084
2849
2969
3495
5980
4060
498
4678
709
6809
2706
3865
6666
4752
4637
4253
3752
4809
5393
1814
2483
6825
5940
2529
4988
1831
4159
7791
2064
3812
4044
6123
5907
5529
358
5426
3238
5670
4108
4477
4611
3978
3657
5692
4890
8136
4679
2668
5202
5273
563
7282
2736
2550
159
7375
7242
4401
3356
3881
101
7411
5148
440
4794
7963
5806
7631
2743
3850
7919
4676
3317
4306
7085
5883
4289
2534
3592
442
6121
1289
1129
7799
3352
6210
8183
5042
1429
7974
516
1460
5005
2855
6567
7683
5416
2732
4457
4021
5098
4205
1844
8137
5291
2994
4658
1681
294
4872
945
5318
4407
4116
7176
1598
2958
35
4430
2582
8057
1628
6463
4576
2990
6937
1538
1905
4890
6443
7367
4073
3976
1130
7402
6138
7037
3441
1284
4095
7748
3639
3633
612
7979
1916
4996
7631
5643
6299
3238
4430
3508
7212
3838
2020
7770
5066
6677
3921
8084
6905
326
4430
1527
7269
4020
3432
1026
118
2787
7504
3472
6179
7528
5956
2081
64
6564
2080
