0
0
0
9
3
3
0
2
11
2
0
2
0
0
0
2
1
0
0
0
0
7
10
2
0
0
5
0
0
0
0
1
0
0
0
1
0
0
0
0
0
0
0
0
0
0
0
0
0
0
0
0
0
0
0
1
1
1
0
0
0
0
0
0
1
0
0
0
0
0
1
0
0
0
0
0
0
2
0
0
0
0
0
0
0
0
0
0
0
0
0
0
0
0
0
0
9
0
0
0
0
0
0
0
26
1
0
6
4
9
0
0
0
0
0
0
7
0
2
2
0
2
3
0
0
3
1
0
1
0
0
0
2
0
1
0
0
0
0
4
0
0
3
0
0
0
0
0
0
0
1
1
0
0
0
0
2
0
0
0
0
1
1
0
0
0
0
0
0
0
1
0
0
0
0
0
0
0
0
0
0
0
1
0
0
0
0
0
0
5
0
6
0
0
0
0
1
0
0
0
0
0
0
0
10
1
8
1
1
2
31
4
0
1
4
1
2
26
1
0
0
12
0
0
1
2
1
0
0
1
0
4
0
0
0
0
0
0
0
0
0
0
0
0
0
0
0
0
0
0
0
0
0
10
0
0
6973
4900
432
1224
3835
1836
7781
5608
7866
2465
907
7049
7696
1382
6752
2468
2606
1296
254
5881
465
4723
3690
5363
5627
1057
2960
6761
432
7468
6361
560
5687
4900
1830
538
3791
7670
2130
1483
1689
835
138
7003
2487
123
6111
5685
5418
4972
1124
6952
4358
3695
1047
3816
5567
8023
7227
3120
1534
437
1380
7323
7371
4881
5687
1081
784
5018
764
335
727
5288
1739
54
457
6120
7008
7049
2796
4419
1291
5735
3916
7049
3068
6386
138
4702
3391
1105
7679
3686
2600
3806
1684
7973
4562
4611
8059
2058
7799
5165
6150
5073
2645
7447
3448
1396
5805
5100
1275
4667
1155
916
8188
4008
4419
7753
1917
6622
670
7985
1767
3290
250
4377
940
3066
3558
849
5868
336
7503
992
3469
6145
2247
7554
6783
5014
5313
7258
4291
5998
2252
2684
3402
1423
7871
2411
1755
2183
3828
3772
4953
1589
3346
7169
6291
5843
6623
2815
5704
7855
1726
6823
2300
2929
2577
6719
463
6428
5396
358
1620
5024
1423
4573
1709
7091
3554
1928
7867
516
4437
1586
3914
3231
6262
6124
7711
7874
4807
3348
2815
2642
6345
543
3789
1027
387
3203
755
7068
3990
3155
340
3861
5704
7154
5406
6190
1838
1810
3733
2007
2910
6494
1741
6559
6560
1057
4221
3117
2708
6198
6639
7122
3534
1261
7704
7676
3247
1145
6758
2231
6800
1847
5073
7790
5687
6972
4714
954
6225
5897
3282
1799
4435
371
3496
4115
5307
536
7178
1079
972
1699
6527
3120
2631
4302
156
4758
7945
1707
7801
4111
4987
1217
1899
5474
7716
691
7537
1639
1083
5174
4992
7695
176
1855
6443
2616
883
5736
5862
5351
2892
2030
796
3271
3351
6999
4241
4515
219
4435
449
5201
4737
2576
3597
5186
3163
3791
1591
1847
6414
549
6557
7158
6738
7556
10
1104
5264
4506
4273
4481
3313
4398
1474
1561
4095
244
1587
2156
1070
6580
186
3203
2313
5884
603
6569
1
2065
2757
826
3003
2198
4963
6743
674
8078
5816
2638
6467
7714
6303
6437
6190
2135
2272
2150
3612
7557
1256
2029
2164
404
6631
5772
3772
2734
5493
1104
7236
4556
4922
3472
4344
5174
939
1219
3189
5720
3923
2439
4338
1336
6709
3461
7045
3085
1600
5916
2199
6749
3687
4529
6717
1226
343
6398
1612
518
4051
1396
1209
2129
2297
4187
3718
5317
550
2004
6654
2516
6124
389
3282
1976
3214
4398
5448
5667
2732
5314
1744
3638
4294
6074
8094
7571
189
7599
755
4147
7560
7781
4365
5801
4753
4032
3710
1452
7935
2330
5772
191
6659
209
25
6229
7542
7760
7329
1186
1031
7332
5944
2727
60
2492
7675
7034
1708
3945
7184
1810
594
4796
4011
2137
3401
8058
4703
5878
4663
1855
1971
3577
3308
6377
2496
8132
4802
184
933
5315
7736
7787
4551
4143
7903
5176
7959
1428
2577
5331
2752
4184
5078
2684
8021
2254
138
7063
6031
2629
3206
2356
695
5099
2534
3317
3894
4488
1183
4841
594
560
5659
7292
7982
5064
449
8052
1885
4548
2917
1955
7215
7662
7229
2791
2662
7790
5428
698
7011
5209
1381
4228
2840
1151
1930
1481
155
1596
7387
1578
7775
2867
4829
137
4342
552
5000
1847
6622
2517
1709
2059
1997
921
1830
1775
1736
121
7583
988
2413
1113
2152
692
5226
7556
3686
1208
4556
1004
6125
1492
2393
2316
6906
7400
6695
7855
5018
2000
7311
6694
1030
411
6438
3631
2002
250
1917
6623
5406
5234
697
4087
5368
7440
5016
1744
4658
5155
5667
735
865
449
7409
6231
266
7842
3674
923
2578
3613
7978
6033
7602
1830
448
143
7716
6271
5073
2693
834
4167
3215
6087
3695
6562
6719
306
7165
6109
7387
7410
5337
7183
4486
3611
5144
2071
7284
6457
7730
238
6962
4058
1109
7491
123
1576
5664
5756
6799
1155
4275
7824
2757
6738
6266
7122
405
4897
7096
5622
7921
6694
5331
7733
1406
2058
1613
7190
6194
6397
923
6088
5460
8098
4332
4533
8064
7570
7049
4937
517
7670
1447
5246
6242
5622
5944
4085
3399
602
1179
1613
7816
5277
2432
5621
1609
4831
979
5963
5361
3041
6556
8027
603
666
4221
6973
2693
3158
568
5073
2257
2423
5801
1462
6010
4993
5174
2933
3050
4566
5829
172
3428
6430
4807
8164
6607
1046
369
8143
3022
1762
637
2846
4724
1261
4354
960
2137
7442
5364
1155
7236
5239
4419
607
3681
8076
4369
3369
426
6611
5812
2032
2482
6940
5144
132
210
2558
3161
2679
7190
1576
8044
7428
6404
7323
6565
3589
5363
1497
7924
4053
1620
3483
6271
5594
1293
6304
923
7055
824
294
6586
6841
1642
7306
2166
4700
7230
2791
1965
34
4478
2777
8143
7497
4709
6969
4106
8083
6332
5623
5889
2903
3682
1155
1739
96
900
1027
6928
2681
2153
7071
3811
1955
982
4624
4618
24
4217
6864
4896
4492
1234
7520
3322
8187
7827
2423
4289
572
517
1595
7871
6357
448
7806
1984
4484
3244
4825
2498
7865
4408
3402
5288
3930
2700
4149
7484
7258
4194
5581
3121
7941
6989
1680
2260
635
695
2610
2515
1434
6218
6450
3765
1850
1850
394
4330
3834
7371
1213
1438
4405
8048
1057
1523
7049
570
5557
5608
4651
2062
4492
8000
7230
5344
4415
4800
3238
5970
5737
1973
5936
8019
2194
8043
406
519
1959
2162
519
5764
6247
6450
5385
4788
783
6565
4419
3402
4486
7867
6448
6785
4062
6121
5923
2976
1667
5695
6717
394
2235
2077
3789
5310
2246
5836
5563
3179
3179
6807
4308
6892
2471
625
5126
3492
475
3959
5489
1748
4007
3639
4931
3076
1850
328
8152
3639
8043
4168
3579
2246
4636
1570
5633
4201
7668
8119
6655
4999
1080
2733
4425
1998
1479
3465
4931
6451
1972
2169
852
5112
1523
3314
433
2128
2681
3517
3639
4633
7985
1389
1505
8029
2436
7681
809
2213
7386
8005
7457
2566
2148
5956
6205
8173
239
6515
3013
7252
4940
3280
3628
2716
5332
