0
0
0
10
0
0
0
1
11
2
0
1
0
0
0
1
0
1
0
0
0
10
6
2
0
0
3
0
0
0
1
1
0
0
0
1
1
0
0
0
0
0
0
0
0
0
0
0
0
0
0
0
0
2
0
0
0
0
0
0
0
0
0
0
2
0
0
0
0
1
0
0
0
0
0
0
0
1
0
0
0
0
0
0
0
0
0
0
0
1
0
3
11
0
0
0
10
0
0
0
0
0
0
0
24
1
0
5
4
8
0
0
0
0
0
3
2
0
1
2
1
1
5
1
0
1
0
3
1
1
0
0
1
1
0
0
0
0
0
1
0
0
2
0
2
0
1
0
2
1
1
0
0
0
0
0
1
0
2
1
0
0
2
0
0
0
0
0
0
0
0
0
0
0
0
0
0
0
0
0
0
0
0
0
0
0
0
1
0
2
0
10
0
0
0
0
0
0
0
0
0
0
0
0
11
2
11
4
4
4
37
1
1
1
6
1
1
21
1
1
0
11
0
0
2
2
0
0
0
1
0
1
0
0
0
0
0
0
0
0
0
0
0
0
0
0
0
0
0
0
0
0
0
10
0
0
3481
7153
2661
1024
3481
7153
4224
2661
2661
7153
2684
4224
7235
4880
7235
7153
1414
4224
7153
4812
1765
7153
2916
2916
2916
4812
4224
7910
6645
1023
2684
6799
2916
951
7887
959
925
951
30
3322
1709
1767
2130
1709
1767
7389
1767
4361
3322
6735
4329
3732
959
7389
4329
1600
4329
2410
7389
6571
7389
1709
7887
2916
4224
7389
2419
6660
508
4504
3358
1600
4934
1600
30
2419
1309
1767
508
6571
4785
6571
959
2558
4329
4329
2916
2661
2645
1631
5801
1595
1595
3481
1709
4329
7956
2410
4689
3732
4329
7389
5921
7995
4630
3433
7389
2560
951
2410
1767
7887
2410
4689
1105
4361
4329
3481
4150
3304
6676
4663
7588
337
3411
6488
4880
1024
4630
951
4329
4708
4630
2410
4880
1024
951
4689
4329
2916
5107
1024
2558
4630
4224
4329
6645
4329
3481
6972
166
2249
2910
1193
5250
6288
7707
3101
6332
7781
4472
1709
4880
951
6009
6645
2410
729
1765
26
1023
4812
7389
2410
1024
393
6415
1224
1024
1024
1452
5186
3535
7060
3037
6198
4985
5346
3472
57
4667
249
3481
7781
6645
1160
4361
951
4630
2410
210
210
2916
361
4329
5102
2410
210
7657
6158
4011
6973
7589
8112
3736
2612
5772
1232
150
2117
6819
4041
1686
2684
1414
5283
1709
1767
4689
7497
1600
508
4329
6009
4343
369
1029
6571
7956
6277
5922
3231
2143
2650
3484
3250
6326
6925
3976
6478
1212
7793
5506
6090
1582
3835
1024
5248
7591
6997
4812
4150
1513
4881
3433
3588
4796
7781
4329
2684
613
4394
3273
7325
51
6726
1968
5876
7456
7919
1692
666
2897
4032
6767
282
1271
4600
4274
951
6660
6645
3732
6660
2999
7051
4852
7591
2558
2560
2916
7910
1211
2590
4127
2183
3126
2853
113
2021
504
2183
8044
7096
7577
1631
6780
1135
3753
1160
6031
1769
1765
5248
2684
4329
7699
1024
2031
6571
4350
820
3732
1595
7674
4158
79
6572
1352
4296
5876
2174
4957
5717
7434
6323
2280
7496
7530
282
2027
3835
6031
210
4329
3732
4067
1769
5322
3416
951
6645
2130
6645
4329
2684
3963
5905
1254
422
7104
738
5521
5698
6078
779
6978
3870
5258
2467
5550
5727
332
1023
5537
7389
6009
722
4472
7956
4812
2410
951
1767
2410
4329
6645
1024
1155
4983
103
7426
7953
2816
4839
1059
5624
4354
2042
1028
6871
4033
6118
7864
7408
2916
4880
5921
925
2560
4812
1513
2558
951
7153
6009
2558
6645
575
4880
7491
65
4864
4607
1210
7159
6897
3077
5148
320
6923
1643
8159
4127
7987
990
2684
2916
4841
7051
2410
4150
6571
4361
4491
7910
137
7153
7670
3901
1950
667
8149
1622
3041
4610
7517
4481
1307
5690
3247
7982
5335
4170
419
2517
7026
4274
1709
4880
4224
1105
2684
1024
2999
5024
1709
1105
6571
6799
2906
7690
4314
1202
3945
7047
4041
4631
4645
4259
4382
4526
4753
7990
125
3360
7985
7660
4835
7670
2916
2684
5024
7910
3416
4813
2453
2410
5272
1709
7956
1751
5905
1995
1691
5044
6943
6443
7150
1853
1254
6769
1939
5128
7057
7001
2347
1254
4655
1570
7487
1111
7012
3600
7781
1105
369
2419
7389
297
778
2560
6009
7492
1065
2619
4047
5807
2299
3704
3717
5251
7817
7279
5297
6908
1463
5944
6589
2284
1287
2117
4941
2319
2213
3945
3835
7389
5385
1513
6332
4340
1414
4361
2558
6385
4683
1974
54
326
6224
3971
2879
4929
4946
5852
3883
7271
578
7987
933
7090
5096
7489
113
6157
2909
190
1595
1769
2916
5107
4329
1023
210
4880
6645
2405
4342
1476
150
2277
5983
7329
6525
2688
1541
1193
2021
1804
5252
7412
1042
5317
2735
6494
6494
6516
1260
5694
4016
2410
2318
1794
4689
6645
2999
3588
4150
7570
4092
1900
3560
4431
4407
262
5806
92
6510
1041
7096
13
1694
5591
6598
6937
6714
2481
2460
2021
4721
3264
1595
4291
2560
4708
3252
7012
7798
4340
5171
6593
4924
3676
5760
2320
3221
4704
667
2540
434
3780
1118
6393
656
2855
2662
6411
773
3446
7500
3838
7963
6209
7798
2679
2907
7827
4852
1029
1029
6082
3806
473
1626
958
6551
5313
2512
1100
7257
3315
8014
3136
4531
7197
6979
7018
5284
4384
3090
6862
1212
2621
2221
1881
5171
4312
4329
7592
3577
2916
7592
2916
1224
6848
594
7730
7091
5307
3076
942
7064
2379
5274
4132
7648
1497
5259
4786
5309
7894
4660
1475
6877
1760
2649
5604
2661
7592
4708
4708
4812
951
778
4708
2856
2268
7842
7220
6848
190
4875
5367
1357
1962
2103
2795
5752
7588
1093
2928
457
3740
1591
3718
7261
3882
5293
7902
2684
2410
2558
2410
3433
5751
3481
4708
5272
1155
3101
3757
7637
6231
242
5511
247
7247
3316
7417
6627
699
1850
666
3331
6895
5156
7488
2538
266
6563
7825
575
2916
7910
5248
2764
2916
2558
2410
2558
1765
6552
82
7631
3799
7935
7708
7850
6800
228
6695
2065
99
8099
1331
690
492
2637
7760
4556
3597
1189
7252
4880
4361
4329
3433
2558
6645
2410
7592
4329
951
3433
2661
7670
4236
3631
1279
1595
7301
1659
5806
2168
5172
3610
3861
1041
3786
7106
834
6675
5132
3334
7082
2684
3433
2916
2916
3433
5248
4708
7887
4796
2410
4361
7995
2410
3577
4361
2558
4708
7910
3481
6973
7229
5024
7910
7910
390
7346
843
3382
7660
7082
6623
5876
3851
2916
1595
7592
6645
4880
2684
1029
2558
1024
1029
4340
5364
7389
4361
4340
7389
2558
4340
4329
4329
4329
1105
7389
1024
1155
2815
4032
7925
2590
2468
4154
4007
7258
4950
5272
740
740
7258
591
740
4788
575
7294
1821
4950
7258
7258
6761
7258
2907
740
740
2405
7258
5997
3806
5322
3600
1155
7781
5545
4718
4716
390
8030
6041
7910
8030
4628
6332
250
5024
1023
5024
210
1090
5283
2558
1024
6645
361
951
7887
4329
2916
6031
7887
7887
4340
5024
6645
4472
4472
5801
3322
