0
0
0
9
3
1
0
2
11
0
0
1
0
0
0
0
1
1
0
0
0
13
1
2
0
0
1
0
0
0
0
2
0
0
0
0
3
0
0
0
0
0
0
0
0
0
0
0
0
0
0
0
0
1
1
0
1
0
1
0
0
0
0
0
1
0
1
0
0
0
0
0
0
0
1
0
1
1
0
2
0
0
0
0
0
0
0
0
0
0
0
0
5
0
0
0
11
0
0
0
0
0
0
0
32
1
0
11
10
10
0
0
0
0
0
1
3
1
2
2
1
2
7
1
0
1
0
0
1
0
0
1
1
1
1
0
0
0
1
1
0
0
0
0
0
0
0
0
0
2
1
0
0
1
0
0
0
0
1
0
1
0
0
0
1
0
0
0
0
0
1
0
0
0
0
0
0
1
0
0
0
0
0
0
0
0
0
0
0
1
0
7
0
0
0
0
0
0
0
0
0
0
0
0
10
3
9
6
4
1
35
1
1
3
2
0
2
33
1
1
0
11
0
0
1
2
0
0
0
1
0
6
0
0
0
0
0
0
0
0
0
0
0
0
0
0
0
0
0
0
0
0
0
10
0
0
691
3532
6564
7685
7063
5778
2130
7916
8070
2071
411
5013
6989
5044
6397
3994
3061
1220
3028
5717
7845
1621
6226
1241
1700
4556
7119
5994
5570
3650
6000
797
1946
5493
4111
2604
4050
1550
2796
541
4634
3037
4488
845
7218
8125
4154
784
539
5468
1780
1406
8139
4706
3324
7689
2813
1314
4230
4036
568
4341
6791
7952
4842
7663
1890
5653
2637
6176
418
3089
7064
2118
5739
936
8030
3267
5041
853
4077
4067
7450
2604
58
7721
1965
2900
2772
7042
1830
4341
1155
6227
3497
6435
4155
6005
6458
635
289
5373
726
5307
1733
2244
1798
6648
4777
2115
1931
699
1880
152
2604
1712
2095
6237
2127
4087
528
4875
2323
332
4565
7642
1150
980
2835
1312
6215
1244
631
7462
4986
1930
6970
5043
6637
5376
5412
5801
1233
1505
843
2890
7775
6780
2607
3460
1428
3843
5044
776
3424
1907
3777
1523
6645
698
6306
5267
3751
5412
6594
3179
8172
7056
1304
2868
2091
7233
1698
1482
4770
834
8004
5046
453
7214
1798
1426
9
455
4764
5919
2276
4399
472
2610
4109
2836
600
4519
8106
1538
1346
3411
4590
4079
1573
7299
6093
1653
6941
4504
3465
1159
3649
633
1342
1364
628
5131
1479
7120
7283
197
5241
3542
5594
6552
2645
1821
1951
2189
7171
2016
5176
4065
2300
3994
2766
996
1440
6020
7954
3447
7289
5898
2559
5177
2313
2268
3733
3802
5780
2014
6758
1027
610
6781
5551
7094
355
7002
5521
5196
3389
5579
1971
7279
7253
1117
5128
6588
3504
1046
7292
2912
5749
4092
3459
5918
1012
6025
8156
9
506
5771
936
6559
3560
6475
1220
2672
4898
2884
1124
531
1944
7806
5928
7633
3828
3869
4779
1105
6321
1932
215
1509
4311
5225
1705
6721
8113
5298
3021
359
905
1367
7287
7594
2275
1155
7827
8030
4093
6009
3816
5324
7905
1164
919
7284
6538
3387
3227
1756
5311
2276
6828
1443
2960
1047
3754
704
5821
4619
3669
70
22
6716
7489
1495
4477
7910
5629
5627
5833
7143
7506
6722
6997
1105
5875
5179
103
7107
3471
4305
7740
6406
4719
2459
3143
214
5020
217
1366
4514
6453
6217
787
963
3282
2239
4345
7995
4340
2248
3443
4207
7230
4491
7582
121
6161
4814
7629
3882
1334
5771
355
2932
1890
4493
5847
84
5821
1177
3059
2375
191
842
4280
8009
2605
6392
6243
4851
210
2907
3542
4004
4340
6041
5024
4651
6864
6724
5434
5891
6359
2766
1333
6889
3506
2597
5551
4723
3159
6013
3482
2295
1613
7041
5169
7259
7130
568
3391
6450
3443
4568
4242
1709
5403
744
4881
2541
3309
6319
2169
4283
1895
5545
6058
3775
4719
7463
6396
2238
7307
819
6935
2000
2199
5527
6013
7130
2647
6791
5385
34
2489
7484
1105
7491
4340
1029
3443
4994
3833
4607
6256
2577
2905
5133
1600
3598
2196
5717
7106
6202
3124
5580
465
4143
6623
3795
7675
3973
4565
2206
4990
3062
5164
1443
5629
2916
5537
1395
7815
7340
752
7850
6758
278
1570
5983
6012
2127
7587
8010
3385
2539
8153
7562
4751
542
6286
2493
6493
6396
23
4420
1885
305
7935
3739
1048
2898
7180
7755
3610
4870
2413
7107
6801
901
986
996
2753
7928
4570
7216
4292
8133
2723
154
836
865
5950
391
4732
947
5044
2046
7815
5389
6788
6413
4556
1160
6082
684
1620
5609
7161
7107
1626
4486
4145
3652
3193
3168
7039
1042
1639
5301
6436
1344
1067
1447
6823
6122
4640
2107
1815
3674
7721
1033
7473
487
3833
731
568
2118
4491
3631
7261
3119
3674
2566
7362
1591
1587
6367
528
2870
7890
866
1732
7444
2300
8151
731
4405
4024
1322
6256
5791
902
7221
8017
3772
6623
1430
491
7910
4007
1155
5874
350
3918
7935
8112
935
2697
1656
1322
2816
1626
4869
2491
3623
926
6128
1046
2462
1851
4263
5273
4793
34
978
6691
5943
5926
1576
2489
2861
6680
3974
1466
5385
5364
8030
3726
1471
1790
6404
50
6538
305
8017
3955
375
8001
2434
60
901
1692
1704
4805
5780
1272
8094
1675
4789
5998
2411
1462
4741
1522
2229
6000
3358
5232
2995
4478
4472
7679
6679
2383
1109
8052
2582
5054
2446
4809
6144
4272
5598
3956
8134
7649
6205
2095
7329
5176
2411
6227
2411
1709
6031
1452
1441
7933
343
4342
3575
6619
6456
924
7845
4027
6708
4412
5579
1534
4609
5019
2180
7873
1495
1848
6404
7407
633
4208
3028
5286
2182
4340
4261
4338
7524
7929
2076
2405
6447
6321
1129
4881
174
6722
4237
7419
3528
7845
7785
2861
5398
7205
3909
1614
1203
2190
7649
2046
4230
156
7667
1134
3293
7216
3631
5048
795
2137
6973
7798
1155
4568
1675
1958
5531
5332
34
4888
4569
2676
6011
3477
2487
1023
6945
3733
6807
6841
3151
1065
3424
6564
2749
2254
3224
2470
3585
6000
740
6262
5332
959
1522
2661
5024
109
3161
1532
2328
5689
904
5874
4651
3068
7321
4580
848
6552
2271
3081
5604
440
3183
4851
7484
3455
1046
4399
2257
5272
2080
3835
6818
1160
6761
5594
3443
3577
1965
4858
6778
7153
6735
6327
3266
121
4207
8065
4198
3443
8048
7049
2411
2343
7408
5514
5689
169
3148
5489
2907
6009
5475
3358
2854
764
3402
3835
2676
3600
6645
5173
5470
1522
1160
3391
999
974
4569
2465
7688
1029
1900
951
2405
1576
7235
5993
7384
6186
2938
2015
8135
6203
3969
1105
1473
5739
4521
5877
5428
1595
4950
215
3469
4482
1345
3835
3847
4812
3793
2080
8187
4007
1453
4887
8021
48
35
3492
4106
211
705
3386
35
1029
1767
4067
4140
4667
1029
1965
7976
3599
729
2423
2999
7613
6227
5833
7962
684
3084
5013
5149
1062
4851
7613
7995
6571
138
6651
2777
7207
2686
6393
7615
6417
2271
5629
7205
2421
4412
3773
7497
2137
740
5248
369
4140
1075
2684
1155
7755
2811
2777
507
2244
297
4569
4365
6411
5239
1621
5374
698
3004
4651
5715
