0
0
0
7
11
5
0
0
10
0
0
0
1
0
0
0
2
4
0
0
0
0
14
4
0
0
2
0
0
0
0
6
0
0
0
0
1
0
0
0
0
0
0
0
0
0
0
0
0
0
0
0
0
0
0
0
1
0
0
0
0
0
0
0
3
0
3
0
0
0
0
0
0
0
0
0
1
1
0
0
1
0
0
0
0
0
0
0
0
0
0
0
1
0
0
0
16
1
0
0
0
0
0
0
23
6
0
7
2
5
0
0
0
0
0
1
3
1
0
3
1
0
2
2
0
2
1
0
0
0
2
0
0
0
3
0
0
0
0
0
0
0
0
0
1
0
0
0
0
0
0
0
0
2
1
0
0
0
1
0
0
1
0
0
0
0
0
0
1
0
0
0
0
0
2
0
0
0
0
0
0
0
0
0
0
0
0
0
0
0
0
6
0
0
0
0
0
0
0
0
0
0
0
0
8
1
7
1
4
1
25
4
2
0
1
0
0
21
0
0
1
12
0
1
1
0
0
0
0
1
0
4
0
0
0
0
0
0
0
0
0
0
0
0
0
0
0
0
0
0
0
0
0
10
0
0
631
5778
783
783
1425
4628
6000
2271
7028
5928
6818
4569
7872
6417
1667
3003
2094
1604
86
2341
3082
3166
5944
3529
7668
7511
396
1980
6925
2662
3977
6352
418
1893
5290
649
2402
4448
5933
5731
2219
5412
3196
2136
568
7872
5035
1928
7718
6709
3003
4598
7483
3519
661
1604
458
215
5963
2232
692
7086
7921
5144
421
421
2464
255
5778
6089
3051
5183
5168
5412
5982
2856
2080
3542
4065
1473
602
484
38
3534
8129
2156
5945
6677
7872
7419
3580
809
2172
7232
4953
2163
5536
7926
4120
3326
3851
5874
5398
4618
4735
4950
6135
1331
7183
3401
5662
6864
5066
1289
2360
1642
5352
7796
8025
5579
4340
1852
6828
7277
8136
1773
6463
1620
4448
5608
5874
390
3851
450
4339
3389
6677
783
5412
1550
2071
1374
7734
2908
624
4009
5112
4635
1686
6677
3959
2411
4913
60
5870
2578
3936
5301
4824
1620
6552
4007
4007
7798
4007
3959
280
5954
7414
3677
4175
4569
3247
2366
459
2197
505
1402
7357
63
1544
3389
4735
3058
1815
5918
5012
7216
3568
5131
4931
5364
5507
575
4291
4809
7872
3148
2456
2564
1545
6919
2908
2014
1623
3895
5182
2427
1162
5817
5061
6509
3196
6677
4120
920
1485
135
5312
4266
5092
5166
7861
1620
4594
5997
2405
7615
920
4530
7815
8185
5968
3776
2231
4943
6639
2519
6601
2352
5546
2900
77
618
5579
6677
7596
1944
5705
2008
2098
4750
2748
3571
7785
744
6035
6677
4809
6053
8185
5864
7308
7257
1326
1332
6867
505
7111
2697
6125
941
4562
77
5074
3815
215
6677
2777
6436
6653
2448
3446
5512
7926
3586
2460
5750
2576
2783
5874
6417
691
6159
3776
3451
1604
6805
5052
5510
6657
3892
1107
973
5655
5091
2183
2436
2856
7872
4890
4963
3950
2267
5465
1608
2195
1372
6596
3366
6588
2766
60
5112
2533
2981
6744
3971
4104
1694
77
7523
219
209
563
6272
6435
5520
477
7371
3578
7702
4450
2342
6005
1110
3109
2972
1571
2020
5624
762
2657
6550
47
3598
5735
1358
7696
5008
4226
5624
5425
256
30
8113
5520
2563
7012
2463
6139
7056
256
7111
5267
155
6784
2027
7041
5003
1089
5496
3333
6264
5264
1990
5203
1907
7598
1449
4807
1481
1378
2139
7834
8062
6752
2112
4743
1253
6189
7093
6189
5394
3024
2643
1608
4907
2586
3528
2054
5573
1042
7586
302
2942
1590
5567
5701
2157
6795
3403
2311
6670
5269
4437
1924
1923
6638
4800
4662
1043
6065
5430
5552
618
6336
3093
3192
4197
6170
7777
3981
3686
3489
6385
3066
3958
6953
7121
5385
4867
7318
940
3063
107
7375
7704
449
6107
1821
6498
284
3950
765
5589
2256
33
3598
2206
6107
3555
7666
3993
1539
3413
7086
1744
1717
809
7223
5829
1372
4229
3054
2448
7687
6999
7367
8136
6601
3171
1712
6507
3370
6013
3548
3980
1716
5867
2227
5248
5067
3410
944
2030
2502
6681
972
6117
7523
5481
7940
3220
1046
3588
780
2122
6765
1884
8074
5465
1990
2551
6696
7685
3574
5527
2104
1800
7143
6066
7795
4035
1512
4110
3729
317
972
2731
3797
2933
5311
2990
491
425
2676
3686
944
2291
1144
4212
5783
4804
153
4674
769
3029
7958
2685
5762
1971
5997
7154
1961
502
7773
3487
3577
2232
5689
4465
2557
354
4333
2066
1129
4634
6553
6828
3881
4132
7181
3129
7035
3921
7769
2725
530
3764
2082
6389
6334
1638
4796
6441
1201
5240
2030
3973
898
1617
7239
8184
2134
5113
3004
7872
5143
6438
1048
3820
3484
3529
4663
3567
4527
77
5358
5430
5179
5499
6623
1850
5764
8014
2922
7369
5119
2847
6634
585
7598
1961
1938
1213
5587
6369
8025
1852
4074
4716
491
7722
1305
6666
7088
4145
4802
7381
2898
3595
8070
1832
4432
2923
2632
1809
6726
3028
4450
4997
5451
5018
1775
3770
2077
6686
6562
1474
2149
382
2490
4197
5579
2676
2283
7344
6553
1664
7430
2642
7988
2427
6352
6506
6184
2618
2838
6775
5815
2564
6782
6370
2283
5242
440
1242
4904
3857
3833
7879
3643
5957
1425
7872
1664
3225
764
675
7389
7940
8141
5151
6400
7630
3549
2159
7161
660
4520
2764
2347
4486
7977
4624
5535
235
6696
4128
7287
7981
7053
2615
3489
116
5579
1944
4120
4569
6384
7187
6307
2948
115
1628
1262
2643
545
6919
1727
7662
921
3544
7687
935
3273
1159
8063
2146
1115
6625
5366
2424
7907
135
2467
3570
631
1620
7246
215
418
5798
2002
1717
7196
5866
22
7568
5612
3149
619
617
3594
7146
7807
3622
2769
8014
1627
7428
966
6348
4495
1489
7283
3364
5399
83
3477
5778
255
6796
5874
2676
2066
684
7629
481
4583
783
7092
140
5628
5893
212
3648
1704
5698
8082
2706
7116
8170
7478
2059
2343
7326
3192
1280
7788
6447
4120
5661
649
2773
1944
2066
5013
3225
4825
4426
3811
5272
3134
5337
5307
6809
3657
2158
7427
745
8062
794
2198
1123
6500
7319
4341
7560
6384
5749
5079
348
7246
5412
5290
1774
5013
5412
390
6677
2066
8069
5209
7299
484
2098
5478
1651
3900
3537
22
794
67
8003
7804
2038
2802
8040
7413
6518
4818
3055
5715
2560
5579
4120
3253
5798
45
5412
4609
4568
7872
2411
7739
4697
3441
1968
67
3446
3868
2724
5252
13
1898
780
366
6877
2377
2424
1759
4571
834
2907
631
6656
5579
4164
5214
4475
2835
4202
3682
4609
7246
6677
3851
4467
7973
6370
7388
2583
6605
7804
3563
2785
4397
785
2861
7191
3007
924
6674
1683
675
3389
6031
4712
1774
4120
1988
8025
2343
6791
1664
5798
5798
4475
5874
3564
6877
2960
5070
5099
1403
3184
1076
1242
5987
942
348
2283
3992
4274
4296
3280
5290
1057
5447
5107
7596
5579
4120
2736
4207
3835
6227
4475
2736
2676
7871
5561
7494
7384
686
2061
5143
1732
5944
1463
2886
5574
2676
6384
7090
2635
4147
5975
7866
7253
473
5638
