0
0
0
10
3
3
0
2
11
1
0
2
0
0
0
1
2
2
0
0
0
2
11
3
0
0
1
1
0
0
0
1
0
0
0
0
2
0
0
0
0
0
0
0
0
0
0
0
0
0
0
0
0
2
0
1
1
1
0
0
0
0
0
0
1
0
2
1
0
0
0
0
0
0
0
0
0
2
1
1
0
0
0
0
0
0
0
0
0
0
1
0
2
0
0
1
9
0
0
0
0
0
0
0
26
1
0
8
7
10
0
0
0
0
0
0
1
0
0
4
2
0
2
2
0
0
1
0
1
0
0
0
4
1
0
0
0
0
1
1
0
0
2
0
0
0
0
0
2
1
0
0
1
2
1
1
1
0
1
0
1
0
2
0
0
0
0
0
1
0
0
0
0
0
0
0
0
1
0
0
1
0
0
0
0
0
1
0
0
5
0
5
0
0
0
0
0
0
0
0
0
0
0
0
9
6
5
4
7
3
32
2
2
3
3
2
3
16
0
0
1
12
0
1
0
3
0
0
0
1
1
1
0
0
0
0
0
0
0
0
1
0
0
0
0
0
0
0
0
0
0
0
0
10
0
0
617
3435
3995
3433
7077
6088
5175
2430
5904
2312
7938
5468
5196
7773
7788
4472
4478
1105
1163
2099
44
4493
651
6005
4615
716
6724
5798
3389
6737
421
716
5265
5451
1132
5198
1804
7094
4387
3772
1684
4410
2462
5119
1709
5249
2843
7094
5232
4716
3060
2365
6356
8080
8080
2146
2425
716
1136
8010
1619
2376
3415
6653
6199
5581
4581
148
1006
3271
3988
4719
1027
1643
7135
5249
920
1206
6486
135
4210
1333
7828
1248
7699
361
1864
1864
5175
5405
3807
7704
2434
3488
1860
6924
4551
1842
5405
384
5471
4104
753
5055
8187
4478
3274
1997
1930
3343
1623
3828
2197
3184
4853
651
1150
7786
5647
2374
4852
6396
6147
7704
1602
6738
5496
970
7002
1245
4350
1841
7847
3717
1004
7918
3057
2063
3386
6508
603
51
7743
6399
2353
7760
2708
7828
6895
1248
1794
1333
5451
7090
3267
5458
4289
5267
545
5284
6237
4213
7591
7039
5011
4946
1892
2315
6244
4493
3636
6070
7697
1338
5512
4398
6468
1183
26
4708
4630
1941
2832
4694
2741
777
4593
4984
5155
2785
5987
3001
7591
4689
2999
1930
3467
806
1855
5146
5286
7252
4785
2001
4362
5191
89
6104
1617
4708
4708
7148
6660
5647
5376
4493
7211
1245
1042
6554
7843
5174
6208
3482
2916
7051
6441
3643
1855
8050
1208
7197
5772
1813
7528
972
7158
1336
4198
7255
1765
5248
3577
959
4390
5542
6548
2327
4926
4729
6396
4109
1258
2368
6279
2570
4112
7626
5236
2614
2930
7905
3024
6132
1718
1300
1788
789
1567
7015
1560
6350
1236
7235
297
172
5652
3021
1550
5408
5576
5275
4007
5801
4589
2933
2315
6871
652
5655
4967
44
5138
4142
111
4874
7343
3778
4197
5907
5720
225
2296
3559
5286
5191
4792
310
980
2675
7153
1836
4835
2489
649
4735
6297
4138
1855
3614
6743
3317
2583
1256
2099
465
1615
7924
3848
7345
3446
4696
7179
5079
5944
7556
5987
5458
7039
7244
295
5998
1046
210
568
5997
249
3682
459
6960
6208
827
7557
2397
7614
6123
5835
4131
1253
1473
2006
6162
6631
4226
6880
990
2629
5444
5444
596
6799
2280
2859
1312
4525
750
3166
2031
7545
2133
7270
588
914
7006
518
5967
2448
4535
7857
4515
5535
689
6460
924
1744
2900
531
5955
6944
1941
2570
1797
7570
5283
3224
1873
3740
7711
1978
740
5112
6332
5786
8117
5417
7467
7358
5702
6242
1881
590
7015
6743
7388
1725
5354
5497
2800
98
4426
449
5478
6760
2973
411
170
6135
5580
4392
4009
725
5412
5292
47
4208
404
7799
2583
941
2139
2214
83
5099
3363
1083
2149
1855
247
6555
521
3288
4491
7143
2368
5458
3347
5290
1238
1425
7679
4754
4977
4835
559
5412
5364
5724
4421
7534
1497
2366
6297
5236
7887
7928
6396
8080
7440
6664
186
2347
2206
4362
8135
7227
2628
6608
5242
4018
3022
6321
3263
5909
4847
5798
5661
5214
684
3207
3274
2809
1685
826
1256
2485
858
7607
7607
560
954
7973
5383
3410
6398
5286
1352
2757
6631
1100
1719
1106
4170
4383
3258
4818
320
6708
4202
1836
740
1452
2264
7714
2772
5011
6138
4234
4551
6458
2365
2726
5736
631
6319
6605
6350
1219
261
6066
6295
5835
3149
6866
3172
7289
4796
2541
7784
3443
4950
3526
672
5156
2925
596
8186
127
3879
1708
6638
8031
1104
624
5890
924
3468
416
7109
751
2225
5075
1232
2712
7274
2356
2027
2679
4941
5912
2204
4534
4020
7160
2099
4535
5373
596
4509
3657
7748
7998
2315
596
1256
4384
8167
5737
5139
4406
222
5245
6681
6681
6616
100
1730
5027
1230
7049
3802
5815
983
6528
5177
2984
155
7388
4435
5631
5706
1941
2476
5655
520
7097
6047
5260
560
1005
5847
395
8122
5101
6464
4325
4791
7981
6400
4535
4418
4384
8189
5749
3259
7398
5265
7950
6816
6672
7718
4326
3993
5801
1590
7297
1073
3287
7389
2034
3382
6871
5745
7697
1797
4753
2317
4697
2420
6107
8100
3548
3688
2099
2605
633
1643
2653
5458
5631
5893
4515
3576
338
1219
1082
3439
1082
4689
7135
1794
5043
6125
7045
6964
7738
7954
7430
2430
850
4436
1858
4993
7764
7388
2785
6123
5177
2189
836
836
2276
2368
5868
1799
5191
6357
5682
3695
2741
5975
4694
90
1773
3769
6511
459
7158
4267
1235
5869
1799
4960
4138
7440
6170
590
7391
2412
5205
6829
2826
7966
6147
6531
8117
4289
5507
4533
6058
5975
4732
124
3995
2957
6657
4138
5366
5667
1159
4783
834
3486
3825
3463
2933
1938
1821
7380
1490
7291
5832
1136
8105
4771
4926
3807
5112
3390
2453
7086
2374
5055
5376
2429
5964
7373
6964
1704
3946
1590
5366
2295
7423
721
4610
7760
3082
5874
2533
2980
2486
1310
7698
1191
1342
5369
7854
5166
7053
3544
7556
2867
7135
520
6279
841
722
4049
4957
3048
2482
562
7318
7026
507
7405
2197
603
6052
280
7121
2514
4187
5369
5717
1141
7058
3652
3772
710
1530
1353
5417
7843
6222
5376
7740
1825
3298
7890
4433
4226
5184
6159
6719
8172
390
744
2897
2600
5655
2304
2551
5827
5885
834
1814
1639
2801
1407
3637
3609
3435
357
5655
6336
5100
3044
4385
2092
3435
5236
7438
5614
1578
826
4549
4037
3389
5536
3343
5655
6988
3208
4500
7876
7462
6695
173
453
3554
8047
1653
1245
4385
7720
6399
2941
6012
7520
1649
4839
6372
3659
939
1104
762
2346
6841
575
8030
3402
4245
1110
4435
1483
2455
1310
2413
880
1260
6875
3193
2561
2561
752
426
6172
488
5843
5376
3621
4418
5196
8039
672
6545
6468
753
7909
3597
7344
7827
369
5801
5132
6007
4969
6453
6564
5362
4807
2393
2384
426
4169
244
4754
8047
3355
7782
1588
7957
791
3609
5839
4926
4085
6237
1362
8105
8047
715
7235
7039
1794
844
6607
1005
3073
6435
5717
7475
5122
587
6923
5196
2813
3645
6147
5175
3706
7025
5187
