0
0
0
9
3
0
0
1
11
1
1
3
0
0
0
1
1
0
0
0
0
0
11
2
0
0
2
0
0
0
3
0
0
0
0
0
3
0
0
0
0
0
0
0
0
0
0
0
0
0
0
0
0
1
0
1
2
0
0
0
0
0
0
0
2
0
1
0
0
0
0
0
0
0
0
0
0
3
0
1
0
0
0
0
0
0
0
0
0
0
0
1
6
0
0
0
9
0
0
0
0
0
0
0
20
0
0
4
2
7
0
0
0
0
0
1
4
0
0
2
1
0
4
6
0
0
0
2
1
0
0
1
1
0
3
1
0
0
2
1
0
2
1
0
0
1
0
1
1
2
0
1
0
1
0
0
0
0
1
1
0
0
1
0
1
1
0
0
0
0
0
0
0
0
0
0
0
3
0
0
0
0
0
0
0
0
0
0
0
5
0
10
0
0
0
0
0
0
0
0
0
0
0
0
11
6
8
2
2
5
29
2
4
5
4
1
2
9
0
1
0
12
0
1
0
4
0
0
0
1
0
2
0
0
0
0
0
0
0
0
0
0
0
0
0
0
0
0
0
0
0
0
0
10
0
0
5272
3220
4341
4238
538
5130
7518
5746
5829
4552
1984
5533
182
3076
8046
5594
89
5475
1739
1944
2835
4100
4139
3004
7615
6677
7872
3959
5013
6677
6677
7872
5928
5173
280
7131
6860
3497
3992
2648
7581
107
6670
4360
6762
7514
6744
4637
847
2419
3993
3240
3240
2629
6818
7868
1765
2796
3741
2777
7570
1550
390
5013
3363
6697
289
560
3278
3287
675
5323
6727
7111
8014
4725
2675
7847
1073
7367
3718
4902
7784
5129
7940
2465
1075
3389
2405
5013
3741
6227
6041
1776
1550
5013
1493
4519
411
7451
2376
6494
3107
4902
1788
6911
6284
1130
4992
2649
1844
1654
6762
6006
635
6417
2938
6089
5756
3004
5892
5874
215
1776
591
5874
6053
215
5902
7154
5971
3884
2879
1374
891
73
2581
6939
7304
584
7577
8033
1130
1881
1801
7602
96
3220
1593
3741
6384
4293
575
96
215
418
2441
96
5507
418
4680
4428
3232
5421
6765
3417
7659
3702
4481
6499
7976
7302
307
894
6608
7440
5872
8075
6089
7419
2676
2650
2343
4146
825
215
4569
1774
6677
3741
7872
7419
6272
3402
5037
1411
216
6965
7698
1589
6601
4384
3528
2470
6902
4601
796
4269
1784
114
7716
2066
1852
1185
2343
2736
7806
5489
2411
5664
4242
4698
1160
1279
4554
3183
6868
2820
1242
1400
3135
2984
552
1461
4323
4946
6224
806
505
6595
2343
5623
6510
1787
2764
3861
8025
3240
1524
5886
5886
5909
5045
296
5477
6002
2686
4675
1296
6478
488
4831
532
7404
6107
1515
5515
624
7400
6633
5698
3757
957
7408
2684
1678
7180
3168
4569
3038
4114
390
5288
1576
7884
7066
1635
8148
4143
4035
7192
3192
1449
8101
2342
1335
3063
3851
5104
1162
216
2585
5353
4966
818
3806
8157
2050
6224
5359
789
6275
1654
7934
2285
5173
7995
6105
4780
3521
3911
4939
7171
4866
2213
7536
6632
3672
4823
6884
2285
7798
5064
793
1959
5683
5797
5256
7378
2662
6488
7192
5454
3272
584
6732
4341
764
5530
6911
3486
2815
1048
1064
3367
3978
1079
831
2519
6636
5099
3390
1734
3066
101
6318
1130
4789
1458
3075
4777
7359
8101
2936
4617
7441
4356
4736
898
1716
2676
3827
2778
5448
6937
5454
4636
3451
8035
599
4295
6467
1957
296
238
6868
5631
3363
3551
3044
3283
2427
4855
1198
2985
7653
2849
1932
1424
5232
6778
7136
3729
2648
3505
7307
2175
2232
7501
7317
4678
184
3942
4295
5335
5850
4939
2808
1863
2304
4441
5217
1307
3973
3356
7599
7519
8114
7378
7577
2507
522
1617
1944
5693
2506
2553
6908
5430
5274
3331
1887
3881
6077
5662
5470
4323
7548
6495
4888
6117
7784
6334
3698
7166
5797
3198
5007
4027
3347
584
626
6495
3526
7272
82
8089
8055
3011
4402
6638
4823
3283
7697
7080
6387
2885
8136
7548
6105
1483
8151
2601
1532
129
8190
7103
8082
5008
6736
246
962
984
7386
4010
7646
3482
3223
5452
5447
7533
1294
2543
5240
8185
313
6809
2360
3714
6143
1403
7482
7041
4800
3263
4507
1434
5377
3130
3397
2094
3488
4750
7569
8057
1565
3993
5139
1482
960
2047
3238
5995
5861
4130
5289
346
7318
2305
326
1590
4119
3809
6263
5584
1131
3911
3191
5475
1500
4104
4896
551
6254
326
2496
6495
2139
7166
1662
3159
3564
4601
1680
4193
5942
1394
4509
5964
3819
5416
3271
4641
7577
1650
8106
6456
2553
7623
7001
285
4672
4718
4844
104
7154
4354
2889
2675
5453
6259
7714
1398
3118
4856
1706
6778
3634
3634
3516
4556
3620
1694
7140
5056
1746
7806
3290
3492
3981
4877
1411
5706
914
1565
5366
1335
906
6709
17
2863
2027
4979
1710
1859
2923
5528
3202
8152
5583
6793
6996
3275
6478
5458
1276
4766
914
3642
2631
285
7394
4866
2232
1226
6754
6666
3279
6844
6204
4702
4899
3574
3486
5335
6825
6647
1862
5640
7939
5613
7599
2284
12
2559
4658
8136
1590
1732
4780
1545
6642
6119
1673
456
1411
7420
5855
1323
7306
7214
8114
7997
5145
3024
5430
6096
6867
6129
2889
2190
4040
5318
495
211
5236
1545
1461
5260
2149
1590
7964
971
7657
3937
649
5407
1042
3165
3567
1992
4678
4835
985
6520
458
1073
2668
5834
3730
6361
3830
1296
1029
4259
5022
7012
5264
1004
5958
7381
5182
2336
1167
1730
2751
7449
1678
5340
6251
7440
7370
8002
1613
6276
7353
7442
2157
1237
1356
1602
5812
287
6971
13
488
7899
2079
7911
2629
5928
4580
2291
7549
6045
3401
7319
2820
7815
6591
7041
1352
3279
3865
5395
377
3130
2175
7687
104
6679
2070
1615
5692
5151
8100
551
3102
1852
6944
3483
1893
6395
1769
4788
6044
5998
1550
3610
7548
62
3784
1004
5358
5848
8082
4554
6608
4897
5673
1932
4212
1318
5344
2582
4509
5604
107
1070
1878
7734
3325
2325
5428
1944
6009
3642
7670
6950
3577
5288
437
7492
5363
3077
1563
8185
5358
5752
2096
7370
3507
6365
2164
1766
2102
5806
3075
1539
2712
3597
4082
4242
1550
4568
7350
7104
698
6289
2112
3480
2662
575
5343
6953
5916
2080
6214
2706
474
3757
1607
6679
464
891
4979
3650
2564
4527
5246
3272
1702
1525
1467
3202
5049
1319
8179
1349
1
5654
3223
8175
5185
8160
3927
4342
5288
2405
6447
6950
3192
5290
721
907
7469
5297
6045
6150
6493
4983
1827
5692
5353
6030
3739
465
7149
8154
2112
5833
6121
372
4319
5853
5086
4297
7078
6593
3728
8160
698
4788
2907
3589
6053
1776
5922
3030
1461
7687
1968
8063
4919
4430
3971
6789
1428
4352
8106
7594
5801
1173
6267
5338
271
1415
3115
4622
3477
4224
7746
109
740
568
8071
5145
5428
2676
420
7318
5930
787
5165
1913
5125
3279
6244
8073
3383
6505
4429
2496
5226
6677
6215
2956
2796
4372
3676
6884
1739
4969
4935
3483
6824
2684
5874
2465
7408
4266
4372
5139
4323
390
7258
568
783
1620
4339
4350
3153
1971
5979
