0
0
0
9
6
1
0
1
12
0
0
2
0
1
0
0
2
6
0
0
0
0
17
3
0
0
0
1
0
0
1
4
0
0
0
1
0
0
0
0
0
0
0
0
0
0
0
0
0
0
0
0
0
3
0
0
1
2
0
0
0
0
0
0
3
0
1
0
0
0
0
0
0
0
0
0
0
4
0
0
0
1
0
0
0
0
0
0
0
0
1
0
2
0
0
0
19
0
0
0
0
0
0
0
19
2
0
9
3
8
0
0
0
0
0
3
0
0
3
3
0
2
5
1
0
1
0
0
2
0
0
1
2
0
5
1
0
0
0
5
0
0
3
0
0
0
0
0
2
1
0
0
0
0
0
0
1
0
0
1
1
0
2
0
0
0
0
0
0
1
0
0
0
0
0
0
0
2
0
0
0
0
0
0
0
0
0
0
0
2
0
7
0
1
0
0
0
0
0
0
0
0
0
0
5
3
7
7
3
1
31
7
2
5
4
1
1
20
2
2
0
10
0
0
2
3
0
0
0
1
0
3
0
0
0
0
0
0
0
0
0
0
0
0
0
0
0
0
0
0
0
0
0
10
0
0
4142
2803
2932
2308
2271
5248
7755
3280
978
1857
7135
2271
2271
3572
853
1415
2843
2408
4400
1289
820
6335
3858
826
2427
2984
6125
206
4676
3884
5367
2389
4791
1830
4600
1164
1824
4734
7319
1415
2999
355
1652
903
1048
5935
794
794
5788
7418
5403
5419
6660
7661
6964
1528
2984
3910
2856
5530
2159
1512
6088
2178
2351
4104
1631
7887
3445
954
3821
3642
7448
6006
5617
1406
1253
3092
2897
3881
2264
4665
7788
4242
4796
2826
5117
3553
6495
450
920
5801
7906
1376
1328
1010
6352
3838
7748
6679
6776
1171
5236
5232
794
6494
1229
3334
2436
547
826
8185
2427
2021
1633
4735
1958
4703
4049
763
2459
3747
1009
1893
5422
610
1483
7234
5911
4446
4965
1469
6829
4147
248
4121
2706
51
1144
5747
7873
6867
1569
7375
513
2259
4663
402
2041
4016
5198
2137
421
4561
6440
2560
762
6201
69
5913
5944
3977
1356
1949
280
6253
2850
4929
4855
2021
1080
2740
7111
2434
6229
5815
5240
6862
6716
3788
850
1739
3405
7028
7187
7290
6749
5772
6825
1336
4095
6200
193
1081
7680
6495
7059
5791
3185
7879
1336
6209
732
2165
5760
2365
1330
826
3468
4943
5940
6964
7043
5705
109
4609
2805
5829
2615
5863
5702
6918
3681
972
6820
6249
2384
1661
5531
2006
6344
6962
5496
483
1810
1659
2472
4437
4387
3394
144
1656
1860
5313
1328
727
2271
5715
1103
3594
7
5465
2519
4863
2484
304
4340
5024
7153
980
7275
6000
925
7346
3718
2299
2984
5496
2691
7460
20
477
6511
1467
5947
6561
2039
1155
390
5248
1988
5902
6915
4384
4384
3082
4446
4993
4796
2916
4472
1748
6074
6065
5363
213
2655
6125
7282
6231
2943
5538
8128
4911
4481
38
574
880
3590
5471
6494
516
6363
1748
3443
2354
3287
5986
5346
6919
7692
4793
587
3161
2907
4431
5168
5290
5325
887
4530
535
4783
3353
3809
1693
3834
2112
7631
4783
826
2722
6106
940
3704
4221
5115
4020
702
2339
7570
2284
177
4529
6605
7499
2327
6660
5220
7491
5364
923
3955
6979
1170
4646
102
2727
5206
3228
5690
7622
3717
3718
826
2259
3125
6159
7449
1312
369
5364
4340
7570
3056
44
193
1136
5187
6074
5482
170
2907
7229
5499
4769
5335
8046
2540
7559
1589
6334
2535
4036
793
1753
6408
1654
5565
6805
839
2361
7910
5385
1029
6571
393
177
777
931
6895
4812
7294
7012
5592
3646
7702
2547
98
5695
3884
5662
273
4118
6088
6319
6299
3714
3681
4033
1537
4737
6210
1062
7781
2558
1769
4385
1550
1524
4574
4441
7389
5275
5195
7977
5655
4810
7111
7485
2950
3650
4517
2284
4275
1110
2206
6106
5317
3082
2284
4024
4307
286
5264
5099
2661
1767
5248
915
3096
4708
1794
4441
5248
6031
4980
3567
350
168
2647
4051
7834
4904
3572
2867
1107
2195
4963
846
2434
1184
6242
7543
5813
4855
3652
505
4150
1794
47
4847
7869
7407
1819
1245
2374
1059
7381
5170
7257
1229
5803
1208
6884
5255
6955
1613
635
6232
1855
1107
6602
7122
6109
7861
930
3879
2908
5379
3969
3995
1024
5041
2137
4606
6733
3541
5629
3744
1487
7261
7287
4602
6555
6203
179
1732
3076
3387
7102
7058
3388
2393
7919
1561
2726
5557
3718
4855
2264
5968
2410
5993
7913
777
1680
2684
6202
2512
5143
3980
1870
4145
553
4693
1338
3884
7291
7209
2547
4505
1783
1903
6476
2895
6077
377
724
459
3567
3543
4006
1288
1009
7415
5993
6249
3851
7235
3623
1639
3189
5351
1171
3502
2740
2803
5156
8084
5204
6951
7527
5465
5499
4204
8096
1489
7326
513
6296
6399
7326
5011
2581
148
2167
1940
1027
7216
1464
4689
2741
1200
5501
5471
2683
449
6430
6925
2140
2770
4724
6106
1039
3848
5831
6543
3227
7166
819
4313
7257
1968
6596
2026
2766
5984
7188
2795
1289
8047
2558
7135
6997
6820
3687
1323
2197
1623
5815
6918
8070
4512
2269
2559
2122
4516
250
5793
8119
3802
2411
4478
722
722
7723
2714
2521
6008
7784
390
6396
5187
7398
5175
2832
1794
5427
2900
6736
1258
5940
1968
4277
4850
7350
1553
3788
1859
2272
7948
7576
3827
4492
3443
4007
2252
3037
3789
4115
5803
1934
1931
2843
7094
30
6372
6396
1464
6203
7415
7088
648
5512
5330
8049
5344
418
258
4477
2900
2696
4572
52
4850
7205
6000
5364
2405
2271
4329
8030
2343
5874
4350
1732
6147
7887
6768
1649
541
3391
684
5805
4957
7668
1604
1003
138
7229
4698
1494
5186
6208
6811
4983
3657
157
4796
2464
2464
1748
369
7691
4788
7236
6141
7289
1127
4361
5839
7401
5682
5364
729
6058
486
7070
7910
7398
2610
4361
4521
1105
4150
199
5052
4850
6732
6141
5921
4478
3851
4291
5024
2002
335
7437
1176
2813
3302
6645
902
2826
4835
4478
5364
1595
845
2410
1699
3161
5682
727
169
8103
7823
2684
3002
3680
163
6724
5143
2645
2002
2271
5833
6321
1105
4858
6005
7106
5096
4340
2425
2637
3642
2137
249
6289
450
5024
5531
208
2753
254
3358
7389
254
1415
5531
508
7493
6997
2696
249
1029
8023
1023
7256
4339
4492
1415
2131
4719
7028
4785
1951
61
4491
250
6104
411
5470
7012
7243
4543
1534
4361
1105
2002
5833
3642
6124
4194
7235
7684
2811
4491
2002
5403
3969
1522
8190
266
3862
6781
3120
3642
6383
3077
3443
3572
6104
2219
1769
4478
2922
36
1046
4796
4491
2271
3600
5024
7135
5187
6312
1150
716
7156
4492
2558
7845
5376
675
7011
87
472
4017
7393
186
740
4340
1769
531
5482
2271
4478
3572
4217
1473
7011
2684
6227
702
492
7077
5551
7854
5493
7025
6058
6593
7823
5374
7587
6829
7913
7155
4858
5805
7384
7207
4011
7798
4667
7389
7230
5248
1769
2410
4441
1023
5272
390
6645
716
7106
665
5653
1814
2278
7106
2930
5501
865
6409
8159
4700
7463
1245
5824
