0
0
0
10
0
3
0
1
9
0
0
1
2
0
0
0
1
2
0
0
0
3
9
2
0
0
0
0
0
0
1
5
0
0
0
0
1
0
0
0
0
0
0
0
0
0
0
0
0
0
0
0
0
0
0
0
0
0
0
0
0
0
0
0
1
0
1
1
0
0
0
0
0
0
0
0
0
4
0
0
0
0
0
0
0
0
1
0
0
0
3
0
0
0
0
0
11
1
0
0
0
0
0
0
24
5
0
9
8
8
0
0
0
0
0
1
0
0
0
2
3
0
4
2
0
0
1
0
2
0
0
0
1
0
0
0
1
0
0
2
0
0
2
0
0
0
0
0
0
1
0
1
0
1
0
0
0
0
1
0
0
0
0
0
1
0
1
0
0
0
0
0
0
0
0
0
0
0
0
0
0
1
0
0
0
0
0
0
0
2
0
7
0
0
0
0
1
0
0
0
0
0
0
0
11
4
7
2
2
5
31
4
0
2
6
2
1
18
0
0
1
10
0
1
0
3
0
0
0
1
0
4
0
0
0
0
0
0
0
0
0
0
0
0
0
0
0
0
0
0
0
0
0
10
0
0
4652
416
4709
4709
6337
2232
4810
5170
1846
152
303
545
7756
5099
418
7395
4159
6068
1458
7235
3135
2090
4562
7527
5584
179
1104
588
8033
7386
1336
2449
7276
3519
5510
2277
7995
1488
3551
2368
3776
6443
6494
4637
3584
1698
4445
3519
5446
1474
6836
7998
940
5786
6979
6208
5569
2224
2484
2159
7536
5655
4574
7911
5373
2007
7702
873
218
5251
7251
418
2149
956
2427
1297
914
4143
3543
1502
5747
1753
1543
3825
53
6687
2368
6308
6190
5144
5417
2564
6107
6871
3543
4171
2449
5986
7165
1940
4663
8072
4999
3192
2661
5251
1528
3757
4637
315
6272
7973
7409
5189
7018
3440
3868
4323
6279
4241
2886
2525
7977
2428
6426
2714
19
7343
1208
5987
244
2999
2669
7043
4248
3248
3378
2233
5312
7770
3638
4691
819
4514
858
5659
3592
5366
976
826
2630
7130
4199
6419
3295
4090
2564
4186
6208
3046
1404
5099
1903
1702
6964
3426
803
2921
2999
5937
6805
2583
4863
3643
7973
7409
3253
2824
4825
6284
2264
6352
3092
231
5012
2936
7266
7261
5987
2699
388
115
2482
5174
1069
7951
8039
6126
5049
8062
7111
3627
7964
5306
6738
5873
5888
7758
7870
5101
5085
4683
1930
2481
2029
6082
4268
1632
6208
4652
115
4713
1053
554
7332
1492
8075
7815
7523
646
5992
7104
3251
1561
3489
5090
7964
5807
610
7495
5448
1256
6500
306
67
1050
297
1319
2229
2040
115
1446
2562
3438
7651
4713
4142
172
7650
3916
1891
1730
489
1292
6559
4551
2353
1088
6119
4230
8018
1259
7945
2561
2264
4967
7400
30
3747
5128
115
4591
4713
7972
6282
7647
3438
1291
6282
1707
4976
2175
7818
5848
1294
2711
8122
7896
1650
8009
1189
7667
1755
2181
847
6582
826
3282
2177
1319
6369
388
759
580
5073
340
572
4002
4972
3615
4077
4602
972
7162
1697
2893
5585
7220
3228
945
1531
5552
3597
850
3802
5662
2181
2431
2600
3788
5403
5921
1273
5304
1396
7684
2608
4652
4652
4652
4713
4652
1799
6350
3910
1021
5282
1545
3827
6018
550
3467
4443
3611
7104
4366
1262
7360
7370
5094
7444
1847
5135
6175
2904
793
4905
2259
2178
2939
2342
3388
1384
1384
6784
596
945
6132
2500
5170
2642
6611
6389
3489
1016
1460
4947
5733
3238
809
2074
6712
4846
6352
8163
1569
3410
3441
6638
5634
2366
1730
4338
2824
7855
5393
3166
8186
7111
1799
7874
7749
611
3195
2295
3848
6964
7730
3853
4266
6516
305
5512
1218
2722
4691
7963
2448
2145
2951
1855
7998
2643
6231
5052
7650
2699
88
2054
155
5417
2712
2443
2614
8179
6739
3393
3497
5695
5496
3193
6488
2573
3135
5251
8141
3446
1180
3351
2157
3166
2318
5889
3612
5383
1858
483
5799
115
7972
7006
4949
6850
1855
6370
4123
4440
6309
2434
3895
2499
5555
5722
6649
2645
2083
6487
1338
3189
1560
7895
3066
5843
2529
7429
6743
3166
7483
3597
1184
5418
4713
3541
2999
2450
6672
4519
5868
1741
7173
116
2099
4223
5856
1666
671
1559
3221
7855
1276
1180
7945
6370
3001
3997
6745
997
116
2586
1331
7542
3038
4114
1739
6749
7282
4018
4788
4197
3403
216
1708
2519
7801
5799
6298
5363
1765
629
1713
3404
1474
1107
552
3017
3326
1681
4401
7942
514
1075
297
1319
4464
340
5393
8129
6850
6836
4312
6907
6593
4752
1940
7018
4046
3717
5005
3059
4049
5353
1258
12
4227
133
298
945
7332
6242
2723
1100
5889
2402
2586
2753
2231
2133
4419
6106
6850
1403
1744
5546
7821
594
4679
5055
1707
5497
92
2984
3467
5464
6803
2049
4575
1619
3964
3650
1978
1539
2785
3620
2007
3320
6299
6175
6555
5358
340
5770
2600
1762
6430
6510
2086
981
5752
7775
5071
1353
4253
224
3606
5376
129
1100
6982
8173
6036
2042
5095
2372
5972
6415
2583
8136
8076
8132
1336
5228
4652
3567
3392
4104
6214
5261
3947
6222
5156
116
1954
1881
1834
1006
578
5046
6030
6590
347
833
7557
6129
3672
3722
3825
4791
4138
7534
127
6468
5745
395
5393
549
4715
4624
3881
6605
6408
5226
2496
3950
4265
2835
6329
7075
2353
1276
7140
5458
2090
3828
5196
4159
5634
1107
7146
2090
4602
4988
5260
5655
6313
4920
517
5659
7095
6400
2331
5655
5325
4262
2499
7189
6639
6790
5455
6915
5317
2502
4450
2582
2792
661
5146
1005
1858
2021
4905
3883
6714
1458
2161
2238
2423
517
1423
270
1911
4487
3634
5082
7760
2582
2299
3289
1661
6792
3189
4863
4496
949
5529
5334
5813
7897
8166
8129
3168
5027
1531
6411
5138
833
7720
5756
7871
5963
340
4340
6012
5144
1841
7332
3811
381
5797
7918
1623
88
3550
2285
7419
6583
1824
4269
5230
6017
6208
3714
7586
5101
1180
793
22
4165
5963
88
138
4114
1384
2489
6267
7667
6997
2482
4602
1530
7733
6825
5029
213
3296
7391
3490
906
7405
7284
1736
6160
1073
7779
3734
672
5141
4143
1423
580
5393
4713
4713
2699
1384
3911
1234
5124
4602
7395
2933
5510
7683
3171
6752
2149
6994
538
919
5113
3391
1096
3619
1423
1319
745
5994
2120
5204
6344
2699
5393
4419
4008
5194
340
1736
8092
5143
5999
5609
4437
2427
2893
1489
2647
5011
7895
6943
2534
5232
6417
693
3360
3619
5120
852
4240
1235
3092
4816
5476
340
3438
2285
3741
3438
580
138
214
7902
2529
4094
6676
7760
6755
7370
961
483
3865
4418
7804
1821
3389
2185
7695
5239
3196
3799
2606
5207
3713
6025
1736
3438
1446
4710
5220
3816
5756
2796
4841
6869
2529
567
1537
762
2291
7815
1687
516
2187
6978
6040
6089
4255
1902
1119
3941
6152
5331
4556
5140
3633
1684
4419
4652
912
1393
3268
111
7922
5153
3153
7869
1892
7790
7852
3371
7630
4676
1474
6151
306
5655
6377
1664
7679
3179
4239
250
3167
7184
3904
5041
2079
1158
4419
5393
3223
271
3585
606
7806
4937
