0
0
0
9
14
0
0
2
11
1
1
0
0
0
0
0
0
0
0
0
0
2
0
3
0
0
1
0
0
0
2
2
0
0
0
0
0
0
0
0
0
0
0
0
0
0
0
0
0
0
0
0
0
0
1
1
1
5
0
0
0
0
0
0
1
0
1
0
0
0
0
0
0
0
1
0
1
3
0
0
1
0
0
0
0
0
0
0
0
0
0
2
3
0
0
0
11
0
0
0
0
0
0
0
24
3
0
7
7
5
0
0
0
0
0
0
3
0
1
4
0
1
4
3
0
2
0
3
0
1
0
0
0
0
3
0
0
0
0
6
0
2
5
0
1
1
0
1
1
0
0
0
0
1
0
0
0
0
0
1
0
0
1
1
0
0
0
0
1
1
0
0
1
0
0
0
0
0
0
1
0
0
0
0
0
0
0
0
0
3
1
8
0
0
1
0
0
0
0
0
0
0
0
0
12
2
10
2
5
3
30
5
2
3
1
2
1
27
1
0
0
12
0
0
1
0
0
0
1
1
0
4
0
0
0
0
0
0
0
0
0
0
0
0
0
0
0
0
0
0
0
0
0
10
0
0
142
328
127
1713
712
901
5950
5589
2649
4283
7362
5160
6303
998
5290
1010
6642
3814
913
4357
493
4899
7953
6034
1760
3943
95
7247
6288
3900
1409
693
7726
1428
6889
5348
7435
456
2409
6027
2875
2038
4037
4075
4079
7143
683
2780
5915
5322
3002
5250
7001
7001
2753
433
3174
1183
6990
341
4263
5164
7208
4064
5518
217
1404
1318
5787
8043
2224
1903
3199
8164
1708
3055
3574
304
3044
6677
6921
6300
4895
6200
1030
5979
2578
3698
4081
6474
383
4192
4344
4115
1798
6036
625
3795
2979
7136
6518
5549
5872
4577
1646
4483
362
1063
6533
5723
4419
88
2769
7428
6573
701
3546
2188
6401
6997
87
1316
8175
833
5346
2247
1998
1627
6114
3802
746
7125
7363
6343
2107
6247
7831
6489
3833
6381
3313
3047
6220
5505
433
5420
659
7772
2452
7184
5159
7303
5938
3339
3707
5646
929
5655
8112
7326
3318
7342
5513
7234
507
5917
1641
7603
8107
6518
659
6161
7750
1919
1479
2174
2685
6592
7646
5814
2965
893
2752
3683
6130
7441
625
4469
2010
4159
7935
375
3707
7064
1007
3911
1856
3919
2093
2046
1795
2720
2838
7402
7428
1340
6855
5633
7081
5633
4889
5399
406
6507
2506
6710
6567
3810
5310
7631
898
6762
5053
7370
6451
2956
1396
8190
2429
1977
6538
6064
5602
5787
6451
4750
126
6861
3822
5420
2965
2107
2595
2872
1756
3521
1965
1366
7351
7355
1382
1199
1998
1994
4478
2958
7240
773
3933
1870
7852
1326
6410
1321
4490
5583
5602
5633
7059
4240
4358
4899
3708
7831
7186
3723
5856
3075
6441
4801
3297
5433
3353
6710
4781
6864
4740
3220
5147
3813
2775
4045
895
4097
5563
6710
2011
4075
3181
4059
1554
6499
6014
8018
2289
3760
5602
4075
4978
1382
6985
221
5593
1973
7143
2595
463
1735
511
2662
3324
7935
7102
3303
4153
1366
1207
2154
1138
2186
2289
3209
7442
2033
4806
6693
6220
6626
6275
3118
5420
7733
8049
2602
3648
1641
6975
4913
5396
7450
538
4355
5011
7257
4986
3574
2877
5787
3579
2685
2033
6529
6460
6693
4806
8177
1865
4182
4748
3932
4518
5787
5646
3990
3990
46
7419
1998
5420
7837
7649
1436
3682
4146
4308
3789
4336
6528
2595
2023
3170
4459
3855
3683
2926
6339
990
4951
4962
358
6284
2694
4172
2154
677
2148
7633
5934
3840
7080
7856
1705
971
5011
5018
1029
332
43
1939
3356
7324
7694
6839
4303
3486
2033
4846
3976
5340
5123
1349
6167
3946
3029
4481
7576
7020
6530
8181
4501
1400
6504
6412
1504
5146
258
7640
5517
5272
4950
1903
1998
2243
5856
1646
2965
1257
632
4048
2849
1434
5138
4195
3026
7976
4354
1064
2961
3869
3853
2190
6046
6528
2656
2205
7993
4026
7316
4600
7011
7654
6645
2986
246
42
1113
3822
5199
268
2178
1552
413
6339
1971
4181
6839
6990
6535
285
1869
2724
7195
8145
7631
5741
6710
6710
3276
4875
6742
4302
2130
1104
7702
1351
2650
8109
5021
2246
6490
6284
7125
3831
7546
871
5365
6326
7349
4700
5856
2863
1485
625
4736
8152
2226
3845
3197
7286
5931
8107
7184
4161
6430
545
3122
3236
7850
1770
6533
1783
7608
6662
6061
4518
2023
7814
1015
7819
6758
4993
2029
1168
1170
8068
2475
4750
8107
223
1553
6507
711
6507
5633
6367
904
3638
5479
6814
4026
463
5402
6265
6095
1228
4466
6220
5131
6342
3484
6594
4003
7275
3960
1961
6134
2179
303
2243
4633
5803
1998
3565
8172
5303
4128
7298
5850
1799
1749
6161
4115
5696
6530
8107
2289
5528
4201
5922
5483
3827
2592
273
6114
6853
2715
6499
2272
1842
7559
6256
7601
2714
7257
6780
4041
5323
5534
2225
1313
649
3507
1066
5630
4931
2194
4358
6991
1068
1318
1017
5396
5804
2000
2715
2717
3294
765
3841
413
6083
5853
6892
394
6592
3639
6375
2093
5331
4923
6853
282
6369
3768
1409
6247
5837
2107
6959
5803
3648
7008
7018
6892
1028
6535
4743
7184
7441
6378
7004
6220
2305
7179
6217
2952
4425
5870
2952
4931
711
5719
4858
4115
5474
1199
2194
7754
6726
4330
4272
5800
2128
3013
1109
7503
2308
6883
4749
6460
6466
6339
4356
4518
527
1500
2724
2543
6710
4168
6103
5044
7631
5939
7631
3576
3554
5837
625
2693
5210
1848
2833
4425
1939
37
2273
8043
174
1142
4806
938
3024
2194
2272
4699
3421
7760
6694
3472
6717
5649
7656
2655
7283
4995
944
404
2190
3789
1645
512
2101
7326
4721
7631
3186
1965
403
443
7226
4674
6014
6220
126
3748
6642
895
7824
547
3343
5917
3812
5983
6896
7649
1489
7648
1812
2427
866
1735
2508
3844
6163
5241
687
7631
5931
7694
4097
387
6497
5438
2685
2272
3789
6643
4096
6788
303
395
3424
4838
3739
518
4313
624
2998
6709
3613
1730
1075
4664
790
6985
689
3708
519
5936
7803
6131
1895
336
4490
866
1549
4358
2249
5162
964
4308
694
4214
7545
7799
3726
4803
5774
7388
5017
7743
357
4715
7388
3317
958
5086
5126
6474
5126
3903
2235
1422
754
2486
7877
2650
2197
1735
4583
470
6578
7717
7879
1296
2225
5288
6677
5064
860
6299
171
4868
3827
2291
4138
6170
5937
7450
6459
8066
4805
6511
1005
7356
6864
6821
1523
425
3232
6655
2194
7176
1422
519
2293
4139
934
5245
1032
1944
1059
3893
5311
5907
6400
7713
3403
2511
1156
1242
5353
5634
6040
6649
5553
114
2286
3438
1938
249
1442
7438
5372
1940
6426
7985
7525
6750
1037
7140
2679
411
7673
5623
8003
270
3241
2135
2472
5440
3714
7373
1377
4742
5661
6227
3581
5484
2810
6656
4664
526
7812
6201
1683
1810
6646
3334
3576
1834
6330
1852
1890
631
4291
4952
1035
7596
5184
637
2370
7193
1115
813
6172
2485
3632
2192
5846
5320
3245
5975
5724
6482
7812
5249
1673
5446
1652
6433
6619
5116
7398
1717
4812
5801
7442
1898
34
6664
7868
3959
