0
0
0
10
9
0
0
1
10
0
0
1
1
1
0
0
0
1
0
0
0
10
0
1
0
0
2
2
0
0
3
0
0
0
0
0
0
0
0
0
0
0
0
0
0
0
0
0
0
0
0
0
0
0
0
0
0
0
0
0
0
1
0
0
1
1
1
0
0
0
0
0
0
0
0
0
0
0
0
0
0
1
0
0
0
0
0
0
0
0
0
0
0
0
0
1
9
0
0
0
0
0
0
0
26
0
0
8
4
7
0
0
0
0
0
4
2
0
1
3
2
1
3
3
0
0
1
0
0
0
0
3
0
0
3
0
0
0
0
0
0
0
0
0
0
1
0
0
0
0
0
1
0
0
0
0
0
2
0
0
3
0
2
0
0
0
0
0
0
2
0
1
0
0
0
2
0
1
0
0
2
0
0
0
0
0
0
0
0
3
0
8
0
0
0
0
0
0
0
0
0
0
0
0
11
9
8
2
3
0
18
2
2
1
8
6
1
27
0
0
0
11
0
0
2
2
0
0
0
1
0
3
0
0
0
0
0
0
0
0
0
0
0
0
0
0
0
0
0
0
0
0
0
10
0
0
631
447
4341
4139
1759
3701
2016
7063
5214
3454
1087
2309
4652
5019
3625
4710
3934
1948
45
1697
5220
425
2948
2938
1181
7595
7303
7967
7868
4442
899
3454
2808
7211
1453
3232
4164
4735
1411
3448
6912
7253
4056
4722
4920
6480
4892
811
4568
1748
870
340
7501
6456
98
8023
4914
5608
6902
3123
3542
4020
276
6228
3701
3188
2837
731
7588
698
6653
3103
5357
4032
6762
794
6461
4559
5915
2182
1424
3551
338
4735
250
7380
2736
5477
3503
4419
5140
7940
5574
7777
725
2059
1023
4155
3123
3166
6902
4399
4039
5164
2993
7837
2786
1481
4275
6783
890
7690
3242
4907
5778
2855
8080
5470
255
2994
2111
5576
1752
7430
2533
5982
7380
4878
3068
7221
1554
4568
1988
5471
805
2833
3013
7601
5431
6742
7560
4814
5524
1683
76
3337
2921
691
7968
3962
4622
5756
3614
6104
5833
3901
3123
1579
4791
7838
2773
7806
606
7031
537
5014
4032
463
7944
4308
754
5696
5841
7649
4314
56
1902
6158
2205
1840
696
5872
7668
890
6792
6409
7941
3740
1281
6632
416
1593
4812
4106
1466
4093
3309
2065
4490
8146
2043
7284
3424
6622
2833
6742
6190
2436
5562
3764
1261
3103
3424
2700
8172
5362
7824
1977
6638
1301
6478
5735
2648
6544
6195
3085
4270
678
6177
3424
38
99
4816
3087
3103
3593
3648
7107
2473
3955
5234
8146
4269
5763
1368
3309
2375
8087
5313
7107
7361
2177
3682
6198
3413
7525
1606
6195
7596
7960
696
8087
4895
3073
4894
4307
5014
893
771
3013
66
6461
2714
8181
5014
2205
5841
5814
1712
1756
7284
2488
3984
5357
5844
2610
6438
1852
389
3702
88
3014
4184
5204
3800
1902
6190
5204
4816
4184
7248
6278
3802
2473
2779
4184
6515
3424
7951
1505
2205
5814
4816
7842
2876
7858
7423
3196
5831
5302
514
3950
1027
2432
7283
1712
6525
8017
2486
5044
5331
1756
3918
6931
112
905
2048
6637
5483
4026
3764
2883
3887
2340
4706
4184
42
7698
5331
5014
7072
308
6954
3460
2093
2621
5518
3529
2714
6025
6108
4607
5234
2812
5021
5814
1251
1885
3310
7102
198
7068
2237
953
3593
5719
3957
3913
3309
2065
1555
2417
1590
1620
310
5304
6476
3472
1495
3035
2883
4490
2875
2910
1080
8001
3099
2205
1663
2673
3546
408
7307
1036
5327
6917
3648
7284
696
4875
5372
6019
5917
7578
3651
7910
7972
4846
3605
982
5709
3179
5483
1421
984
6603
7531
6025
3103
6410
3366
1955
1504
2037
5749
6405
5169
339
2307
7359
3256
2093
6296
6801
4871
3078
6828
3740
7279
5290
3392
6734
3521
784
6726
4078
4026
5360
3764
10
387
6290
6169
3898
2955
543
2317
5830
5201
3116
1086
7450
7342
7846
1310
7147
1252
6082
2708
2860
5165
916
3212
3387
3622
198
1063
6943
2093
2752
2883
4631
4497
5621
4677
1557
7352
6905
1726
3760
7610
7293
909
1668
2881
5905
5564
531
652
7680
5129
211
6452
6498
1330
1539
42
8146
3337
2297
5235
3472
2262
7751
6290
752
2592
5021
5641
2144
7169
1454
75
8115
2885
7252
8179
3854
2513
2516
1768
5454
779
1999
2992
1672
2483
7072
1024
6867
3310
3972
4999
3227
735
3914
1832
43
5158
5438
7552
1781
6052
1454
3325
983
5799
72
3057
7180
5731
2629
5101
3959
827
3123
7379
5756
7223
7936
684
514
3507
6180
1547
3984
7649
3802
2765
4855
278
3340
6412
2079
1201
1454
2715
4936
3739
7230
4077
2843
4465
6522
1938
5710
538
531
2364
1595
15
7527
3959
3145
698
4658
1225
5262
6890
6742
1764
6620
5152
7712
5609
2180
2891
3962
5866
6878
1651
6271
2868
3123
2121
2916
3445
4735
1082
4238
7497
4070
2405
1193
3582
681
6216
5733
916
5537
7022
5433
237
1462
6941
8118
7707
1692
3060
4790
203
2189
2917
3911
114
2584
2478
7882
680
934
7665
1776
4224
1940
393
2182
5621
4504
7575
727
5803
2860
6203
1029
6636
6011
5112
7187
7383
1314
528
6691
3206
1627
2188
8023
5266
6320
1794
830
7921
488
5102
8103
4560
5232
4340
1160
7092
434
7585
5048
2290
6131
6587
4605
3469
6828
6188
6510
5356
2536
453
4577
1495
6538
1800
3989
3224
3390
8167
7888
5249
1576
885
5714
4698
4139
7269
3469
1833
8152
1003
1548
1635
4789
2698
7985
859
1029
7437
783
1008
2093
76
3000
3565
5333
5998
4442
6743
590
179
2875
7205
6052
7536
1608
1969
629
4643
2957
7613
7753
2248
870
1821
2374
8021
35
6174
7551
4194
2192
1234
3579
5312
7208
2337
5919
4150
6137
2434
2136
2164
7506
3710
4112
2457
2987
5220
3849
4472
7028
3657
6889
35
7591
3124
7491
250
1163
369
3376
3274
6082
7642
1809
5234
1172
6992
1798
4442
4916
560
4233
1698
355
7398
2610
6593
6549
5027
5057
2806
6619
1067
2729
4565
1046
2364
4538
1513
30
1217
1450
7685
1090
4707
5871
5396
8068
7324
7220
2420
6150
559
2129
7673
5116
4484
2736
3454
1999
1744
5957
6535
4847
8160
5649
7155
722
3411
46
2313
4091
6007
1293
7699
3262
3010
457
3639
3579
3964
5859
6082
2206
7455
7396
4216
2736
260
6587
146
2629
7585
4197
1071
5654
671
467
6108
4604
6405
4053
8148
2257
7563
4809
6253
2802
2854
5128
2504
43
2190
7529
121
1411
6563
4949
1698
6104
3287
1733
959
2100
7806
764
689
2369
258
7258
3127
440
5292
4708
5713
4920
170
6924
2856
6650
5730
2379
4356
3707
4960
6141
1606
7990
2986
8002
6960
466
3254
5531
5385
702
4712
7294
4912
4160
4242
7049
7424
5906
7408
3391
3486
2459
4037
764
5595
471
210
1521
3697
4931
1637
1067
4800
393
7887
5985
3843
7466
5385
4521
3790
1024
6587
2430
7546
3515
5739
6799
758
6154
4345
6228
894
2356
6799
2690
37
4568
920
4499
2226
4995
7192
2986
825
5051
5223
7548
2489
1241
951
2266
5324
12
