0
0
0
11
8
0
0
1
7
2
1
0
1
0
0
0
0
2
0
0
0
9
0
1
0
0
3
1
0
0
1
0
0
0
0
0
0
0
0
0
0
0
0
0
0
0
0
0
0
0
0
0
0
0
0
0
0
0
0
0
0
0
0
0
3
1
0
0
0
0
0
0
0
1
0
0
0
0
0
0
0
0
0
0
0
0
1
0
0
0
0
1
0
0
0
1
7
0
0
0
0
0
0
0
21
1
0
6
3
4
0
0
0
0
0
5
3
0
0
3
3
0
4
1
0
0
0
1
0
0
0
4
0
0
4
0
0
0
0
0
0
1
0
0
1
0
1
0
0
0
1
0
1
0
0
1
0
2
0
1
4
0
4
0
1
0
0
0
0
2
0
0
1
0
0
1
0
1
1
0
1
0
0
0
0
0
0
0
0
3
0
10
0
0
0
0
0
0
0
0
0
0
0
0
12
12
10
0
0
2
18
4
0
1
7
5
2
28
1
0
1
11
0
0
1
2
0
0
0
1
0
3
0
0
0
0
0
0
0
0
0
0
0
0
0
0
0
0
0
0
0
0
0
10
0
0
208
5975
7699
1765
5244
0
4642
5060
3215
4193
1298
2804
874
5849
3156
6742
8179
5849
7248
141
3521
4728
3583
3217
875
3053
641
662
5209
1917
5798
6041
1009
7230
1445
339
5327
1829
408
5294
1392
4176
3970
2069
7065
6856
3181
7987
4875
2043
2779
5703
4764
6727
6043
3064
1383
6428
3737
8115
7433
5253
5856
7153
1769
948
3027
3511
5959
7808
5342
5674
2842
2302
7891
6476
6180
6177
7549
4257
5787
1085
198
8001
7985
4897
4127
7612
113
6184
7985
3424
1636
8115
3251
3773
1709
5748
2205
7322
875
3521
8165
2144
3944
5435
3970
4750
7659
2391
6155
5943
7578
3791
198
4184
2789
6758
4782
1216
3913
7631
5348
2344
2814
2375
332
7823
5057
7091
2921
1891
2964
5270
7983
3362
1484
804
1720
3065
1379
8179
4938
6808
1389
5698
5641
7428
1379
5169
3297
3689
4313
3799
4681
6813
5053
6761
361
2558
5531
2346
945
1805
6240
7298
4244
5270
5932
3944
8088
984
2302
6794
141
6655
4917
5333
952
7612
637
515
1993
1665
2528
7797
4789
825
7484
7051
3455
4934
4600
7207
7135
7389
702
3347
3602
5803
2886
6381
965
2888
3709
246
6184
5098
6139
3531
4128
7284
8181
242
2171
7442
411
4207
1051
6660
7258
2830
3322
4194
1279
5107
5629
4830
3995
4689
26
508
1709
2291
5280
3064
2048
6274
221
7349
1185
1547
4548
2205
52
3740
5166
7533
390
2410
4392
8048
5048
4813
6031
4150
5915
2405
1944
6141
4822
471
7389
5332
6307
2650
1430
5407
659
5241
6397
6999
507
2163
3035
5883
6058
263
5708
2257
5275
7788
1042
4017
1680
4294
7389
7229
1029
4950
5874
7956
1653
1289
5975
7887
7235
5048
258
2327
5417
3648
5955
2396
967
2789
6296
7636
3288
6144
4707
575
4150
7788
980
740
4950
3358
4847
3647
7230
684
4707
5650
5107
7913
7739
7011
1634
5468
2410
5644
5493
6273
2375
4510
4749
6500
7663
3960
738
1635
1739
3835
6475
5434
3694
5322
5112
2916
7028
5248
7745
1600
2459
450
3477
2916
4353
4217
2462
7636
2022
900
6920
7617
1245
3859
3760
2341
6273
5644
6319
7244
7230
6031
3455
1200
6540
3077
5403
2119
7121
6571
7722
684
4361
811
783
1620
5997
1935
2327
1220
5172
5077
457
2979
8010
81
4899
6304
3348
4424
7024
5166
5904
7389
5730
4224
3720
7613
2002
7002
5766
1732
4847
6307
4361
740
5048
4594
5735
2967
6583
5492
6791
575
3262
2169
6918
7537
6581
2393
2798
248
6065
3969
7106
2110
3666
4350
5664
5048
5998
6833
6058
1464
6230
1217
7781
7995
2907
4594
7113
4616
2283
1319
2868
4365
206
165
4805
3652
1402
7058
6966
2110
2601
4609
5867
8004
3684
6141
4214
3196
6824
2676
559
1160
4274
4858
7491
5107
6761
4609
1842
2404
2378
1852
2868
156
3056
328
4840
1485
5543
7311
2566
5264
396
4735
6458
5390
5608
3022
7236
2459
4858
6833
146
4852
7049
6012
5143
2459
6031
7967
4318
1717
1613
5798
7070
492
469
1699
807
908
2543
2862
3532
5891
1415
1576
416
716
1659
1279
7484
4011
7739
6889
2009
7230
3207
2850
7861
684
1595
3599
2092
777
7
631
4134
5277
3184
4140
4944
457
1871
2380
307
3047
6282
1155
3483
716
5829
5489
5489
2464
2137
3367
4623
7230
7940
5107
2418
2137
6104
7781
4170
1717
1979
4609
4365
4581
4099
4236
3257
1871
5401
1492
7752
54
583
3631
3483
4318
7533
5013
2676
2464
649
3439
3849
6895
5778
96
3457
4858
4017
740
4754
1362
2418
4242
568
7948
5166
2343
194
2753
5709
2380
507
5785
5445
7592
6509
5521
6498
1160
1160
5364
7596
1279
966
7723
1105
4236
2830
1522
5232
7570
3666
5376
6330
3443
568
3021
8047
6822
343
6935
7363
3284
1453
2843
5369
3391
2772
1365
7587
5166
6759
1234
7520
1857
820
3609
7887
6926
820
7723
1057
1029
6921
3715
7188
2557
6973
4609
5877
6335
2356
4911
24
3664
542
8016
7279
3358
7221
5708
5531
7064
4755
5107
2400
6540
2130
30
1824
2868
4796
6776
1522
5332
568
1272
6372
2425
4824
1944
2464
170
4716
5403
6547
802
6109
2817
450
3168
5709
1584
1129
7210
1030
3237
4609
2642
3448
3433
5536
5214
3835
208
4521
335
4796
7781
2915
5277
1245
2826
2995
3443
5338
6060
2957
6088
2573
6411
5428
4296
3733
3821
7913
1217
2106
5364
729
7901
1295
4303
631
7673
2066
1414
4109
3571
1453
369
3077
8118
5653
382
2967
6533
2637
3478
5319
6366
502
2339
7798
395
1279
7380
3433
211
4857
5466
6828
1733
390
992
7868
4341
6481
1155
7230
7861
3051
5364
3600
4202
3997
7711
7507
2119
563
2290
5553
5945
6295
5102
2166
3416
7497
5236
1733
5220
686
3487
2459
2916
7844
6227
5650
3682
3004
4609
4361
2907
3959
4594
2777
4698
4600
4667
7258
3911
3478
5982
559
6791
5752
7398
4353
4852
3435
369
7135
7034
280
7781
4842
7063
1105
4609
348
5412
1988
7491
1224
3068
1155
1769
1029
2560
7823
6202
4788
3414
5247
2516
5778
5112
1071
7823
1988
7910
2560
5945
3154
7464
1163
1270
2830
7816
3682
6082
4007
740
7823
3457
5107
1595
2560
208
6009
3322
4194
1819
1765
3414
6475
6436
3477
2854
4046
2405
559
3389
4237
6417
5928
7294
2347
1819
7230
492
7405
3851
7592
7592
4329
369
6571
7389
3433
7887
7692
4934
932
4975
6295
6082
4339
4110
170
5517
2421
3682
5214
5214
4120
211
2405
8030
4817
1600
4150
1452
5998
5024
4533
2483
729
3433
3453
48
4329
2558
932
951
4689
915
2975
7491
4830
731
4202
4578
1595
2271
7596
6796
390
2679
5629
2252
2276
7344
4029
6645
8048
450
566
8105
7135
7788
5689
1535
7153
1709
951
5997
5778
2405
5254
4950
3196
5687
5778
450
4880
8030
3389
297
3196
5629
5896
2464
4082
1031
5682
4053
6593
450
