0
0
0
10
3
0
0
1
9
1
0
3
0
0
0
0
1
0
0
0
0
9
0
3
0
0
0
2
0
0
2
1
0
0
0
0
0
0
0
0
0
0
0
0
0
0
0
0
0
0
0
0
0
0
0
0
0
0
0
0
0
0
0
0
3
1
1
0
0
0
0
1
0
0
1
0
0
0
0
0
0
0
0
0
0
0
0
0
0
0
0
0
0
0
0
0
2
0
0
0
0
0
0
0
21
1
0
4
5
5
0
0
0
0
0
2
1
0
2
3
1
2
3
3
0
0
0
0
1
0
0
0
0
0
7
0
0
0
0
1
0
2
0
0
1
0
0
0
1
1
0
0
1
2
0
0
0
0
0
2
2
0
5
0
0
2
0
0
0
1
0
1
1
0
1
0
0
2
0
0
0
0
0
0
0
0
0
0
0
3
0
10
0
0
0
0
0
0
0
0
0
0
0
0
10
11
10
3
4
3
23
3
0
0
5
3
0
24
1
0
1
11
0
1
0
3
0
0
0
1
0
0
0
0
0
0
0
0
0
0
0
0
0
0
0
0
0
0
0
0
0
0
0
10
0
0
1244
899
5113
5113
6737
5778
7869
8107
5227
6741
722
335
24
6886
465
6886
4413
1532
5982
2741
1752
1923
7209
4390
4491
6135
1607
5629
5517
737
4270
631
7484
4018
3747
5608
5037
3389
5997
4424
1299
3156
7034
3113
5069
7309
8019
6480
7012
3747
217
6579
3958
7948
832
3167
16
6218
3469
704
5945
6227
7092
7753
5902
1824
6831
201
3475
8065
5013
457
221
6839
1882
3474
3967
5426
5411
2398
1295
4652
631
4095
8018
4361
531
3747
4716
170
3661
5285
6060
211
411
4255
1664
2986
7223
7205
6060
2464
3585
6147
5420
1810
419
6133
1501
7137
537
2259
6412
6688
4203
6110
2766
1584
5982
3661
7506
170
14
3682
1593
1593
4763
3263
24
5507
411
7294
1319
2465
1633
7952
4968
6236
6236
7130
463
1656
5327
570
5717
6359
2876
7837
3013
4749
6137
7491
170
1621
6588
271
1467
5112
6320
1852
1164
24
832
1209
845
6582
8164
99
5641
3156
3361
5372
4875
1705
7176
2486
7528
4744
2393
2924
5311
6726
4881
5804
8030
1620
4348
1621
7882
3414
5982
536
4759
7405
1680
3883
7161
955
5621
6246
689
6319
752
4451
843
6149
1463
6351
5177
4995
156
179
2881
7698
4300
2459
2209
480
2777
421
4763
1270
7118
5517
1584
3158
1448
6773
1400
6256
2735
7184
2996
1428
1071
3878
6758
2579
7617
650
6359
7329
1422
6889
7311
689
667
4084
845
531
8151
8121
6215
5833
7679
7484
7223
7816
3150
3926
3199
817
7136
2581
4240
2714
5023
6560
7960
2436
5053
650
5007
3407
735
5431
5767
4875
3565
7248
5428
7408
631
3560
1735
3536
858
2105
5220
5725
812
5162
5368
6592
689
1795
1382
3951
5814
2190
6682
4677
2163
6775
5732
3968
7106
5310
2725
6110
609
667
2543
5695
749
898
2956
7598
2316
7851
5777
7503
6017
861
6583
5787
5205
1888
8175
5078
7951
5814
7438
2300
5780
5765
5936
4170
4413
5308
4986
771
4220
2144
6766
478
8152
7710
3790
4379
3156
5165
6708
5878
4879
2747
6895
843
6696
624
223
4115
6935
8179
8181
5008
7603
165
133
1409
1095
7543
7495
7668
1795
66
5901
4046
4796
8106
2993
255
4017
7506
4570
4906
7270
4847
6518
4109
2833
3492
2693
487
6108
2196
301
8123
1627
2436
6288
6592
2095
6435
6199
1485
7578
4913
4193
5344
4207
3809
2753
3402
4348
7405
2795
1953
4097
3096
1653
8187
229
1063
6531
6533
1562
1637
5128
2249
3170
2506
2010
5372
1809
6560
8004
4292
2816
4071
3583
3231
215
1598
7078
14
478
5884
7401
6141
5922
5434
651
8135
7256
2741
7136
3305
4581
1168
487
7692
1661
7727
6518
7856
4471
1809
72
7543
587
5014
7152
7769
6869
8108
8167
6259
6553
6257
675
575
336
7732
457
4493
8004
3288
1732
7914
8187
3636
7132
5767
2127
34
2979
7056
3813
4048
3707
1809
5293
6149
7715
3309
5070
2489
7408
7484
8025
3477
5210
575
6422
7727
6560
4926
2327
3517
3793
1430
2850
1597
5402
7056
3654
913
2905
3047
7048
5149
7
217
990
3316
5360
3273
358
6525
6477
979
1774
1765
5403
7700
2799
4230
4570
5871
5255
5259
6247
1300
4345
4926
1479
908
7099
3937
7085
4783
1327
5761
849
5719
1916
6990
1490
2469
615
5364
4345
8048
2015
1473
7893
7587
7798
7472
654
8094
2313
4170
2092
1168
165
5350
931
1546
2320
4273
5804
679
1486
7136
7837
7107
4181
1170
4345
489
434
2464
1836
7679
2483
4809
944
7870
200
1031
3611
7909
5543
5023
4786
7281
3654
3716
6253
5149
6253
1168
2698
1094
1660
6755
3297
4970
3878
6253
7755
1123
6262
1319
4578
4568
3181
6004
4817
93
4374
1459
754
3267
3039
2826
5871
1479
6594
1970
746
165
913
6131
2613
3224
7010
3156
2875
6977
2979
3037
6415
528
6262
2894
783
1275
4548
3113
5189
4204
2707
6461
3181
2300
199
5166
1814
4037
5694
3750
8191
7221
5780
1428
712
6741
4490
2188
1168
507
2426
6450
3568
6209
5403
2868
3589
6655
1339
6124
6533
2952
4483
66
7402
8007
5528
3472
4506
4187
6627
3492
3355
2607
4115
754
4184
278
4979
5746
815
4337
6794
6046
5061
5573
8160
203
245
443
6009
4867
6660
7134
5234
3716
7133
7794
7406
6517
4984
1683
3918
5313
1902
5570
322
2085
4662
6454
7384
6307
7393
6438
7594
2454
329
6065
1303
823
4879
4617
5232
3123
7887
4830
341
7823
6290
4749
4341
2464
6320
3541
2076
5455
505
107
2934
5507
3255
2504
6697
1134
4548
3709
4059
3320
2818
1847
3199
1589
56
7183
5567
5629
3077
3158
5402
1824
4530
3029
6135
6218
1852
2761
7910
4341
4734
4293
4475
2433
5635
1667
240
4699
5871
1479
1235
2890
3429
722
6183
7269
1546
5500
4153
8103
531
308
5881
1959
1852
6332
7190
6104
8081
43
3495
1053
584
2938
6327
7653
1392
2093
5590
4263
7324
3722
6690
6101
7
1907
6722
5975
6864
3213
3202
5332
5165
4867
5236
1164
7211
1187
4353
4578
1620
6604
611
404
7344
4120
6740
7372
5864
8123
5380
3571
1287
6307
1326
7004
8064
6183
6720
7037
3934
6740
1085
6184
466
6307
7451
123
5100
3371
4091
2248
1118
1522
1473
5507
5077
6560
2599
7891
6794
589
6131
36
795
1012
7706
4525
6680
2105
7304
2110
2248
611
1642
2789
5798
4341
4561
6064
4812
2378
6366
3196
5890
4471
7189
6069
6568
7653
5635
5281
3314
4330
6953
6321
5419
5731
1483
3536
8103
6076
4880
1234
3376
5086
5527
4887
2995
5498
5113
8004
4824
7497
3682
7056
1044
2602
5563
2777
5563
984
1298
3319
5438
6144
6141
39
5567
886
1775
6104
2920
5664
1137
6737
711
852
589
43
5536
557
1881
432
4017
5412
4570
8144
2060
4913
4889
1466
3707
1264
7421
7362
2802
1217
1234
6320
5902
5627
5385
5412
973
1118
6737
5385
3932
8067
5993
8191
