0
0
0
9
5
0
0
1
10
2
5
2
1
2
0
0
0
2
0
1
0
7
0
5
0
0
0
0
0
0
2
0
0
0
0
1
0
0
0
0
0
0
0
0
0
0
0
0
0
0
0
0
0
0
0
0
0
0
0
0
0
0
0
0
1
0
0
0
0
0
0
1
0
0
1
0
0
0
0
0
0
0
1
0
0
0
0
0
0
0
0
1
0
0
0
0
9
0
0
0
0
0
0
0
22
0
0
8
3
4
0
0
0
0
0
3
1
0
1
5
1
1
3
2
0
0
1
1
1
0
0
1
1
1
3
0
0
0
0
0
0
1
0
0
0
0
0
0
1
1
0
0
0
0
0
0
1
1
1
2
1
0
5
0
0
1
0
0
0
0
0
0
0
0
1
0
0
0
0
0
0
0
0
0
0
0
0
0
0
4
0
8
0
0
0
0
1
0
0
0
0
0
0
0
13
8
8
0
0
2
20
3
0
0
6
4
1
30
1
0
0
10
0
0
0
3
0
0
0
1
0
1
0
0
0
0
0
0
0
0
0
0
0
0
0
0
0
0
0
0
0
0
0
10
0
0
7596
98
686
731
6737
6548
559
8092
3477
7243
5731
4448
6437
3240
3225
5896
1075
3253
3585
5031
1944
924
6954
2958
5928
3860
5536
4818
4647
116
4507
7246
7258
5997
2186
1319
1799
914
5382
5596
7167
2426
783
2496
6517
5077
225
7230
4155
5220
2309
4594
3542
411
6796
3947
7
2172
4575
4990
3494
480
3577
48
5982
7884
2489
7967
6588
5489
3029
5608
5079
8025
6510
6796
4361
3854
832
756
7419
532
7424
595
6818
414
811
1407
1989
624
1606
460
770
6553
2309
5193
3585
4207
2182
2773
390
5643
3625
3207
7223
979
7506
6898
1010
5112
215
3647
1029
6000
2541
6791
4670
1269
4881
5767
6259
4099
2721
6227
1409
5279
421
2777
1852
5579
2066
1620
2496
1425
1464
138
7236
4011
283
1971
4858
1664
2002
215
1488
5181
4164
260
783
7479
5739
896
5650
7997
1150
4399
4449
4326
7038
4522
5661
7491
6818
7784
7246
8025
1690
6553
1863
4475
1589
3809
5290
5579
3993
6590
7484
7038
5013
1443
98
6645
5587
4580
1003
1105
5933
496
2676
770
7160
1672
2676
7419
7872
1238
907
5013
5542
7926
2066
5498
7596
5116
7910
7575
5024
414
4844
5844
6677
462
702
2446
635
3584
7258
7942
2303
5847
4018
5780
4293
1243
5999
202
1774
1774
835
46
6796
6588
5643
5279
2676
2648
3439
458
3477
6121
4329
1776
1012
7976
1173
5746
6553
4809
4146
2610
4979
3684
6847
558
7563
7940
4716
2854
2861
1631
3186
7645
6361
1824
6371
2562
2453
6241
8138
3120
1765
7742
6465
568
3851
6308
4237
7827
5540
7246
7451
5928
457
3584
981
3747
1269
2229
7563
7784
4270
1029
1824
6796
4120
6271
1678
88
5393
4224
1554
1988
2496
4135
2303
722
369
5619
7294
2516
272
1709
1140
6027
5160
7134
1988
6976
288
5779
421
7235
1824
414
5779
7223
2657
4818
2946
6235
4691
91
7680
4934
5382
7819
3347
6321
3068
811
7319
5604
2894
7031
6417
4701
5412
7596
4892
5279
7451
3454
4522
1774
2066
2784
7962
3081
2357
6385
4530
7839
2915
4107
7025
1376
1911
2358
315
1511
7656
4169
1157
3485
468
4690
5534
7971
2398
3389
14
6831
4007
414
7790
1291
4739
922
1384
6799
5393
6852
6830
4633
3882
6144
6391
4635
4951
5707
1700
4726
4271
7231
1352
5981
6151
7683
560
5915
4778
4410
3895
213
5779
4207
7505
6482
3098
7764
1082
1535
6295
2300
528
5682
2244
557
6233
1468
8117
142
2374
6926
3391
8103
7104
5158
3648
836
7543
7196
3414
649
2907
2850
6361
5928
3599
7497
6549
7945
7122
5829
3821
5230
3013
6531
1713
5128
7934
5107
5248
740
2464
7256
6907
4484
2657
2603
7815
3179
5812
1871
5074
6807
4291
421
328
2808
7380
835
3647
3720
1602
3533
3594
1944
1389
2607
3492
6925
47
7011
255
1988
423
2110
5664
5181
4146
721
4702
2379
7374
6985
4505
1113
711
3153
3224
308
4949
4739
249
1849
3287
7063
5403
4594
0
4451
5131
2578
3577
8092
6082
2358
4505
7548
7940
4867
4475
1048
4716
1238
542
4194
4967
1683
642
3263
4492
8025
2406
44
7595
421
1803
2513
411
5214
2966
4895
1078
4800
2868
14
5896
3077
7037
3585
2835
811
6580
973
3443
348
3220
4338
4525
1555
6139
2922
897
283
3647
4367
491
2464
389
7596
4478
7484
5640
5632
753
2252
2629
5403
7110
2229
3730
657
2260
255
531
615
6818
2851
8160
7419
3077
4759
254
5048
6879
6548
340
643
2648
5536
1238
2958
1949
6831
984
1809
5309
2464
2737
3911
1103
6233
148
2309
5013
5998
2405
3291
2296
1999
558
7640
1291
6284
6818
7123
138
3888
472
6482
5071
2358
3071
1698
7665
1698
1421
515
4022
649
5998
4270
740
6941
5288
6590
2600
1158
3207
4712
1962
3240
1821
3542
2112
5129
5798
6587
704
3167
4239
4067
4735
4955
5997
8030
3594
4297
1389
3964
1971
5997
7154
1103
7491
682
7940
2303
5714
5220
1863
4670
414
4233
8103
4146
2202
2325
3886
6245
4139
6245
3581
2402
580
250
4106
1896
3326
7437
6138
1318
7230
845
7110
6831
1598
2489
8055
7615
3888
3771
568
5456
6544
845
2986
340
4120
595
896
2496
4707
4594
2182
4673
2453
2650
7505
5153
946
4718
3276
5372
6583
2219
6761
899
3934
4419
4094
5456
7545
1576
4106
1734
2986
121
7816
5701
4955
1680
3401
2402
6761
3401
2811
1697
1067
1075
6960
283
4214
4202
7087
2606
5434
6720
5364
14
7596
2811
4093
3145
8188
8155
4641
49
4053
4448
4568
5404
3413
8055
695
138
393
4955
2136
2513
764
8143
671
7297
2572
1119
2629
719
6875
1241
7570
5536
5579
4876
3046
3223
6150
4934
82
1824
1360
6002
2257
4718
3290
1035
2830
5314
5650
1565
7888
7941
7350
6831
5314
600
1736
1917
5801
4841
4913
3051
170
4120
5928
3858
7395
3577
4236
764
568
6315
3561
6385
157
4578
3557
1238
138
4735
635
5982
649
6482
5073
2916
447
1852
2129
7408
139
6395
6739
5767
631
1774
7344
4106
7236
538
5285
5831
1158
5071
2511
6770
1565
4739
7301
5412
14
5393
4077
3068
7596
2610
4029
5254
3526
6002
5112
2465
3594
3326
96
6247
4341
5798
5120
2803
7967
4165
7545
600
4907
450
4937
5450
7160
7689
6790
4652
698
5404
536
7866
3661
8080
1423
2541
6761
3154
6011
4837
6799
914
5010
5361
6124
5579
4892
8075
4949
6737
7049
308
914
1024
5077
848
6227
411
4372
1917
538
5220
6902
4152
7235
7670
1926
369
1242
83
5091
6245
4214
5882
7431
3326
4815
631
4478
2494
5553
4718
2533
2285
472
5608
250
4319
3594
4835
2402
2402
4820
7143
783
8055
7223
2678
3741
2066
4718
3656
5623
5643
5229
4077
7665
6417
1816
5536
631
6038
7190
7866
6454
6089
606
4835
1863
649
1156
418
7258
4644
2496
3572
421
591
