0
0
0
9
5
0
0
2
8
2
0
2
0
0
0
0
0
0
0
1
0
10
4
0
0
0
4
1
0
0
2
0
0
0
0
0
0
0
1
0
0
0
0
0
0
0
0
0
0
0
0
0
0
0
1
1
0
0
0
0
0
0
0
0
3
1
1
0
0
0
1
3
0
0
0
0
0
1
0
0
1
1
0
0
0
0
0
0
0
1
0
0
0
0
0
0
5
0
0
0
0
0
0
0
24
0
0
10
4
7
0
0
0
0
0
5
6
0
0
0
1
0
8
1
0
0
1
0
2
1
1
5
0
1
3
0
0
0
0
0
0
1
0
0
0
0
0
0
2
1
0
1
0
0
1
1
0
1
0
0
4
0
7
0
0
0
0
0
1
1
0
1
0
0
1
0
0
0
0
0
1
0
0
0
0
1
0
0
0
4
0
5
0
0
0
0
0
0
0
0
0
0
0
0
14
11
5
6
3
2
21
4
2
7
7
7
1
35
2
0
1
11
0
0
0
2
0
1
0
1
0
2
0
0
0
0
0
0
0
0
0
0
0
0
0
0
0
0
0
0
0
0
0
10
0
0
914
4233
3154
2957
1009
4698
5165
4175
3876
2354
5997
1743
3473
3269
1428
7543
3530
5295
6060
5013
3483
1739
5664
3804
3682
4175
2022
3821
7587
4329
4341
7049
7155
4533
5092
3684
2217
2411
96
4020
3661
3481
1743
5633
7526
6102
5563
628
689
2095
984
1817
7190
8143
1032
3676
5715
7408
5654
2406
1958
2244
5489
6677
208
2654
966
7587
2441
6358
5918
531
5687
7443
1389
3000
3611
7750
6153
5741
6726
3992
5164
5483
2381
5928
6724
5301
6321
740
1157
2520
7692
1600
3161
4093
1997
6075
5339
6776
1937
2555
6141
7866
5382
1389
2786
3211
7324
3967
436
7603
275
710
901
7530
2536
55
2327
5086
1581
6188
1441
2631
266
2130
6876
6074
6549
2280
7782
5576
7011
2130
6571
5048
7284
3297
6794
1400
7631
2289
7750
1505
3799
397
95
3945
5780
2065
1896
2672
2339
4492
1534
948
1361
1997
7196
3161
749
5128
6075
5623
6141
2861
4478
6453
1400
6794
7580
4917
3812
2875
5345
5345
2996
7208
1081
1406
3517
1289
4706
2441
7160
3052
3358
5434
4067
1024
2120
2152
966
3849
4758
4175
4270
7967
744
5814
771
2872
5639
7402
6418
5523
4684
4592
4186
6931
5131
6103
4115
1923
2700
252
7344
139
3481
24
4067
2916
2120
6926
5909
1046
1595
2470
5748
702
7436
6637
2246
5633
5639
5554
2046
2107
530
6813
4115
7342
1318
7631
4781
1643
1959
5141
1534
4190
372
3386
1767
3720
4885
3469
4100
6361
3682
7405
1550
390
5021
2010
2010
4782
4188
4071
5528
134
7526
4801
8175
5870
7944
5177
843
3644
2381
6219
484
4365
3610
795
5833
1090
2196
1886
1155
6421
3572
2339
8143
6845
530
1392
4040
4115
7208
2332
6576
2128
1436
6102
5015
368
3938
3649
7631
1810
3264
4308
4201
2217
7956
1849
6895
1883
7913
6355
4698
4881
1279
6310
3068
6623
5562
659
4040
7530
4302
2144
700
7105
5712
7750
1113
133
2433
5871
5544
3761
5813
2910
4960
1767
1057
7781
4482
5301
30
5292
6346
4291
5982
3154
4651
4816
7979
5621
4040
1637
1264
43
2332
2332
7993
5669
6525
6064
7721
7629
2491
7362
3384
2798
4115
134
5249
369
1129
7034
3773
5494
5715
1931
6761
390
7336
3887
178
3764
2876
7208
1884
2162
5639
3269
4513
965
2246
368
4269
406
5708
3904
5558
2905
3340
5828
920
4478
3006
1435
3274
2558
7405
7405
4175
1576
4154
909
5723
5593
3709
7184
3150
5583
5435
5864
4897
3822
4917
6518
5396
5589
1254
7765
1670
3904
7530
5849
423
920
702
4426
208
6215
5048
1836
4834
138
1261
4307
589
3491
8123
7549
1878
5310
1267
6576
7646
7681
221
8144
3649
8145
6256
6935
957
4624
1096
2297
7208
7494
920
61
109
6508
744
7583
6552
912
3829
8022
4548
2246
1888
7842
6788
6710
1108
5639
7402
1436
4548
983
7530
3393
4503
3624
823
4283
7629
2205
7486
5338
5620
5102
1675
7520
2645
1160
4341
167
2205
43
1553
4040
2606
530
463
1562
3579
5639
2332
463
4627
2424
2816
1998
2704
2979
1322
133
3736
6328
5454
4233
916
5824
3969
1556
7218
7408
6227
2942
7359
1433
1263
2144
5281
5524
1085
406
1216
4544
5491
72
2010
59
5803
4425
2383
673
7466
3904
1637
860
7344
1751
4830
1244
1852
3098
5031
916
1550
3754
6637
5563
3648
4263
4188
2872
6682
4204
1939
3709
5639
6992
2838
6275
3789
6775
1998
3396
5813
1324
996
266
1443
2861
4448
1279
5143
2411
2217
8030
4651
1849
7161
2473
3319
3473
7428
5635
1795
5372
2681
1167
3670
4186
8125
4228
2607
5836
7179
3708
6179
8118
5718
3459
1593
7575
5116
5019
3161
744
7408
4491
4600
2285
4936
4179
3873
659
3574
2872
4684
433
5228
7694
895
2711
8041
887
4957
6326
7191
3716
986
7950
2153
2778
2676
1750
2057
6552
5542
2071
4242
254
1739
1576
3398
909
530
3099
4240
4302
6794
7008
1959
4186
5330
4277
4316
940
6125
4059
6560
8010
3849
6849
4631
138
979
5756
5232
213
3861
3223
5048
5232
1931
3237
7901
305
2871
7184
5300
8038
5518
6368
1637
775
4346
7931
4188
858
1403
7744
3882
2903
6875
5186
6740
2217
2650
4442
2777
6355
4448
7013
6791
744
2217
6271
764
6227
6622
5562
286
7979
7185
6507
7270
3226
1156
4791
7603
5944
3592
2693
6775
3210
909
246
4020
7739
7017
4350
3443
139
6552
3449
3861
6332
5469
4818
7070
5730
2411
5708
1499
6622
8087
3297
7657
5515
1565
1117
4879
6884
1469
7873
2239
909
7278
4716
1767
295
2182
538
1017
2106
1739
5073
5173
4100
5385
7956
4340
4492
4067
7679
951
4313
4269
3887
5741
8013
143
3448
8034
5525
3035
4483
3765
1849
2339
4478
8028
227
4419
1565
6879
702
7236
6271
1550
5537
1852
5794
6320
5292
795
30
2419
8121
3445
1259
3019
3311
6992
4895
7873
3050
1299
1849
4498
2648
7408
6004
2463
4568
4239
1523
6355
4809
5010
5477
6332
4340
7218
4849
1917
5412
390
4329
4119
1442
2494
2657
3154
5772
4606
6290
7944
6896
6936
4722
2339
916
8028
6583
4609
920
907
7236
1452
1739
5756
1523
5031
8030
3584
6215
7218
6791
4340
6989
1538
35
4478
6243
1595
1285
3457
3825
518
4045
7566
5048
5193
5227
5403
6332
4521
4067
6227
8188
2369
4609
2285
4834
7806
1550
8143
2610
8121
4011
1890
3684
959
1441
2470
8121
5432
3322
3017
2042
6005
3255
1396
2257
2136
4207
3947
5031
2106
3684
6075
3443
5128
7229
2645
8143
1270
7344
6215
7028
3572
744
3719
959
4194
531
4365
210
3022
4892
5576
4065
7874
58
4631
4959
4419
4214
437
4600
4255
6031
5790
7028
2868
2648
5710
3661
3483
1155
5432
4175
3154
2285
7692
1452
4796
2071
7012
5013
138
5489
340
7592
4217
7119
3169
5145
538
907
5051
3158
3909
916
5051
4202
7887
5227
3386
2419
