0
0
0
11
6
0
0
2
10
0
0
3
0
0
0
0
1
1
0
1
0
8
0
2
0
0
0
3
0
0
2
0
0
0
0
0
0
0
0
0
0
0
0
0
0
0
0
0
0
0
0
0
0
1
0
0
0
0
0
0
0
1
0
0
2
1
1
0
0
0
0
2
0
0
0
0
0
0
1
0
0
2
0
0
0
0
0
0
0
0
0
0
0
0
0
0
6
0
0
0
0
0
0
0
23
0
0
5
3
5
0
0
0
0
0
4
0
0
2
3
1
2
6
2
0
0
0
0
1
0
1
3
0
1
5
0
0
0
0
1
0
1
0
0
1
2
0
0
0
0
0
0
0
0
0
0
1
0
0
1
2
0
6
0
0
0
0
0
0
1
0
0
1
0
1
0
0
1
0
0
0
0
0
0
0
0
0
0
0
3
0
9
0
0
1
0
0
0
0
0
0
0
0
0
15
13
9
1
2
1
21
5
3
1
7
5
0
28
1
1
1
10
0
1
1
3
0
0
0
1
0
3
0
0
0
0
0
0
0
0
0
0
0
0
0
0
0
0
0
0
0
0
0
10
0
0
1076
4242
1244
3282
7160
2384
5122
1592
6301
4448
472
2101
3777
4340
5627
6941
6830
6619
7596
5165
3909
2494
2583
410
899
2749
389
7294
7420
5664
1474
7294
3120
4202
2423
6941
5320
6687
7206
5412
7269
845
3382
3348
2271
3249
5896
6990
6668
4507
3483
1824
432
7408
3544
629
2339
3716
4341
853
1103
1634
4301
209
7171
5436
2677
7689
6329
1088
6359
2516
1680
2136
5589
2464
2073
1144
4011
7976
434
7921
1776
4207
389
534
3024
2260
4315
1118
740
4433
1944
3541
8050
7461
201
3515
4707
5536
3301
2132
5880
7071
4809
7910
6720
3386
6828
3528
6139
852
7595
7294
2494
3816
3414
7818
1680
5778
4987
4175
1118
3554
6791
2868
7882
6234
3740
574
7116
4120
6396
3790
2103
1852
5687
906
2868
5170
5829
6195
5627
61
4453
3876
2676
899
4716
7229
1048
4242
998
2489
2796
496
2513
4164
4267
3538
2478
668
7295
1364
7551
6484
5113
568
3477
3167
1830
2056
5888
5569
2252
974
363
8046
559
255
4155
7108
5185
5537
1425
1787
1577
7378
4202
8092
1277
4079
1311
5386
4810
2875
883
3739
3256
5691
3418
7753
7714
5798
5850
5489
2219
5672
457
7816
5165
1824
5344
1094
7405
411
3469
4120
1620
4950
1445
6514
3693
4361
4484
7122
5532
7259
983
5493
2583
2577
735
4770
5956
623
5305
2891
2891
1131
3510
3741
45
631
7870
1824
450
4475
1118
5798
5778
535
817
2455
6138
5514
3167
2374
5601
5953
530
5007
5280
5606
1639
5278
7537
2875
7200
4986
6261
1266
7773
3087
2373
250
6831
5874
3959
7421
1504
3864
4401
5723
7531
3685
5142
3541
5629
3378
932
6141
2164
3577
254
6768
523
2407
6554
4125
4111
60
4461
3854
2948
5696
1874
3756
5917
8146
4161
6648
5119
4593
25
6580
1824
4809
6639
4255
7180
7223
715
3922
692
4390
1786
7852
777
7591
3981
527
7443
7510
4506
1076
1856
6875
4740
7426
4556
2681
2127
1785
3355
2112
4291
5798
4255
7461
7593
6060
7180
5746
4164
4343
5273
930
3490
4788
7851
2671
4580
2227
1825
2407
8013
3854
2892
1725
1084
4570
2993
1780
931
4754
7926
5035
857
631
6000
7223
4788
2512
7180
2586
899
411
2266
6977
7216
3144
34
2635
7711
684
2500
1524
8162
1344
4232
5367
6654
5055
7696
4987
2327
1494
2835
1607
4027
4202
2459
1593
886
7885
6000
4356
411
6189
6384
3642
2196
6131
4355
5133
6935
7775
3460
1200
5236
1780
6659
1396
716
2633
3307
7209
1272
5928
4120
6976
2854
1852
3809
3464
1238
6165
4152
7604
5982
389
7901
3712
6677
3997
501
6922
7053
7559
8118
4516
8059
8142
3832
5000
7239
5325
1785
3245
6517
7901
6737
6264
372
5165
4152
2663
4139
7491
5997
2565
7344
2066
7063
432
4018
1787
1917
3055
2029
3492
6036
7617
4457
4869
2090
1816
6927
7084
492
6144
2918
4647
1522
4155
4011
6135
7093
4270
6587
5048
4594
2894
5725
4644
358
7413
14
5945
8055
3661
5149
7189
4643
7740
1071
1923
5334
6972
7811
2765
7911
4800
3220
2676
6095
214
1048
4207
7061
3443
4707
7882
5363
7622
7689
1279
5313
6498
7984
7063
4293
3755
5778
3510
4355
5225
8094
8162
1396
1082
8109
3060
8094
6198
702
6667
7643
7922
2894
5165
3196
6980
4448
7413
432
2118
3585
6357
1641
7298
3469
3682
7424
5743
5292
896
6847
1768
4107
712
5365
3732
7337
3060
4174
8075
1803
744
5503
1522
1319
1852
1281
2279
5019
4233
1046
6060
5661
2271
114
2067
8151
3004
1734
2494
7902
1038
2459
4703
4516
8004
793
1450
4112
8002
6144
348
4712
3134
5561
3037
7910
5165
1281
491
4712
6587
389
2343
5748
1617
6565
7011
5122
348
5748
3600
3628
1863
4568
3911
681
817
5979
7398
2661
2060
6076
3731
4647
5019
90
5743
6104
5165
7093
6393
7665
2377
5798
721
7089
14
2279
857
6645
4291
1103
2271
5126
4233
6548
2907
4482
5263
524
5332
4077
3530
1252
7747
7015
450
857
1467
7029
5165
2868
5536
1787
698
2513
7901
6937
7872
5398
6198
2835
92
2629
7755
7378
6384
7654
942
5514
746
3802
1395
6472
1544
2002
2672
7432
3223
5193
211
7154
4237
845
7063
5779
6735
2939
14
337
3804
1709
7926
8167
3790
1944
1440
4301
3953
928
1863
2219
6824
5054
7915
1524
5975
6060
1709
3876
631
3888
8167
998
7506
845
4892
3561
4496
1270
1607
7488
783
2938
6588
7434
7484
5403
1413
3483
1331
7453
6510
2907
7029
3162
2219
4632
3623
5436
2513
7405
7246
4120
704
7110
6320
5113
3004
132
1313
5326
3253
7405
897
4053
2066
4229
4735
7755
7071
1944
2343
2459
4475
764
2219
6303
7304
4270
8105
170
4237
7596
1164
4018
928
2219
4341
3625
7962
3004
3247
5714
5412
4365
1803
7197
825
6587
5998
2716
2986
5643
4651
1486
3004
5220
1087
7029
899
201
5376
1467
5928
4698
6979
2533
3893
7806
2918
4628
6510
4698
7405
6135
7093
1351
3004
5250
5998
4448
1217
5126
2676
4647
4341
3888
7642
466
4004
1607
1075
6824
7227
396
2657
1852
2066
4319
4835
4233
2648
2855
5364
5778
4372
1824
3455
219
6945
5482
6384
811
4609
6510
2648
7328
6828
5531
7689
3260
3661
4291
2856
2464
1040
8103
4207
5214
2279
3959
1331
7419
1140
4475
7303
5165
6649
170
1150
5997
8167
3477
4237
5113
2684
1649
7573
6119
5629
6035
8021
6945
4207
4491
899
2868
715
832
631
1621
1238
14
606
1849
5412
1289
1664
6929
6791
4202
5921
5643
2002
3004
3959
5385
6992
6440
5726
1852
1488
6635
2773
3475
2835
6761
744
4426
584
2422
5536
5220
5129
1539
3504
2676
5292
7785
764
5675
3541
5661
5701
1787
2868
6384
3747
382
5839
5248
2464
3188
595
7517
5019
3207
592
283
783
2410
1803
6450
5778
170
7872
4317
450
2958
6776
5779
3225
7028
1319
