0
0
0
10
9
2
0
1
9
0
0
1
0
2
0
0
1
0
0
0
0
6
0
1
0
0
1
0
0
0
2
0
0
0
0
0
0
0
0
0
0
0
0
0
0
0
0
0
0
0
0
0
0
0
0
0
0
0
0
0
0
0
0
0
4
0
0
0
0
0
0
0
0
0
0
0
0
0
0
1
0
1
0
0
0
0
0
0
0
0
0
0
0
0
0
0
9
0
0
0
0
0
0
0
24
0
0
7
3
6
0
0
0
0
0
5
1
0
1
2
0
1
4
2
0
0
0
0
1
2
0
2
0
2
6
0
1
0
1
0
0
0
0
0
0
1
0
0
0
1
0
1
0
0
0
2
1
4
0
0
2
0
2
0
0
0
0
0
0
1
0
0
0
0
0
1
0
0
0
0
1
1
0
0
0
0
0
0
0
2
0
8
0
0
0
0
0
0
0
0
0
0
0
0
11
16
8
1
0
1
20
3
0
1
7
4
4
17
0
1
1
10
0
0
4
6
0
0
0
1
0
0
0
0
0
0
0
0
0
0
0
0
0
0
0
0
0
0
0
0
0
0
0
10
0
0
2441
2361
3851
4788
2405
591
7570
591
3584
6089
591
7670
3290
568
2136
591
6002
5997
486
3851
3584
3851
3851
3851
3481
4007
393
5997
4600
7205
4651
4004
2361
4605
3326
3402
2402
7269
1588
2268
5592
3836
7276
7488
7346
1377
988
7447
6203
5456
4383
2856
5608
1464
3660
3660
1464
1464
7777
6117
384
1602
1508
5909
4809
3290
1291
3190
5243
3343
6328
6090
7674
463
5634
3328
659
4373
3869
3907
7107
2428
7713
4093
7866
7545
5608
5275
2361
921
1464
1464
1464
1602
1786
8011
6737
5770
6410
8005
2568
3979
2003
5943
5556
3595
2052
77
401
68
4221
6231
4674
6757
5907
7107
3879
4614
7716
2402
2999
8011
5608
486
5909
4788
1602
1746
6551
3979
6431
605
3203
3335
1876
6350
1126
3849
7822
4839
3562
8061
826
4553
4971
1968
8084
2568
2052
2789
3535
2483
7716
3166
4077
2764
3481
3237
2764
7492
381
1089
4156
484
426
7534
1004
5370
4392
997
4602
172
7231
5717
7287
7046
7730
4687
5486
7462
1451
7850
3133
678
1158
2182
5208
1464
2500
2764
1248
3095
4280
2834
7621
4476
597
4241
4844
5354
7732
5445
941
4719
7034
3140
930
5156
2862
4623
2898
1658
976
359
2039
658
5976
5236
6902
1765
1343
5427
1786
8011
5659
3072
7053
2583
920
2539
7315
5487
2420
5839
2233
8105
7415
3298
3910
1163
853
7938
5255
238
1838
404
4611
2625
3563
6425
6386
3449
5275
5909
1786
5427
562
3403
5829
5653
6993
6654
1951
5628
6312
6608
1466
6202
6940
6012
3453
6705
6508
5581
1890
716
3687
1693
5222
7537
3558
41
762
1497
2182
5171
1786
5427
836
562
4553
7106
4030
7938
5680
6940
3848
980
2318
7587
6015
4418
6279
3623
7507
7938
111
5560
193
2270
400
5007
7060
4781
2026
2536
7153
7391
1464
5275
2397
930
1176
4125
3988
3981
5189
4581
7722
4441
2930
4427
2199
7426
6687
2735
7945
5122
4822
2086
1342
4230
438
2021
4145
6964
7660
3203
6685
7716
921
2361
2631
2485
3144
2327
1522
227
3245
5463
2887
1685
1587
7315
5906
4660
6172
6398
710
5989
6767
5328
1692
7765
58
6626
1927
1474
6814
734
7760
3515
2192
6833
6972
6626
4109
2591
8040
6273
6955
6366
5383
7942
3643
2371
7566
7829
7733
3603
5917
6493
2148
3327
3256
6939
527
6299
2633
6653
2197
8018
2579
6716
3401
1821
755
7375
6159
3710
1717
1169
2347
193
2945
1530
3869
8145
1202
5313
1960
3031
5462
6018
4871
1887
2020
3899
6654
3441
6172
367
7263
3101
6506
849
6531
6271
8132
7439
4488
6875
3981
4441
6047
1336
6425
4282
6499
8071
162
1922
4850
5894
2098
6209
3673
2707
4918
866
6600
2150
5390
1141
3825
5989
7793
7903
2561
7015
1685
2566
6714
7543
5867
3267
5904
10
2928
4437
6788
2407
3629
1899
710
4803
6956
4215
1126
4467
6171
5103
7265
2561
7058
2338
5354
4792
2134
734
2723
7966
5732
1715
7209
4579
6109
3722
6047
4543
5655
333
5582
3775
7859
2683
6875
4530
2498
2621
1260
4696
1603
553
6676
196
6692
3268
4204
6538
6400
6624
521
5174
7604
2359
7520
8190
2214
4632
1040
1554
4700
3933
4551
2653
6453
5337
2833
5770
7476
6801
2455
1093
5532
7082
6646
5917
6174
5407
6177
8149
5570
2993
1754
186
6615
5127
6273
7143
835
5067
7699
1019
791
5888
168
1872
7343
2724
762
3327
8100
5657
6747
7612
2039
2656
7708
4336
6185
7075
4280
2943
3748
755
5094
3848
7537
4934
6926
3266
3851
3290
48
6338
370
2409
8142
2117
2655
3537
1887
3311
6410
41
4870
5806
1359
7386
1741
4091
1378
646
7450
2301
5471
4147
6219
7097
5481
4907
4239
7236
4406
6800
3156
1437
584
5461
2711
5565
696
6727
1044
6855
6177
3703
4180
7124
2769
242
3975
5502
3268
3537
2020
5510
7473
7657
6683
197
6268
7177
1997
3360
6752
6752
4984
1430
2265
8052
4161
293
265
6729
6037
7073
1371
1387
4715
2323
953
1216
4212
578
2908
4490
1059
6944
1861
2738
6739
1594
7146
6605
8011
1248
7722
7440
2225
1820
5468
524
356
5861
3531
612
7249
8115
291
4576
6855
4720
2738
1283
4663
6177
8168
1960
7091
2810
1894
7176
1314
7097
7082
5592
7169
4920
2629
7049
3266
2999
5100
7957
4418
4691
2259
379
1294
381
6855
5170
993
313
5898
5969
78
605
6691
6897
4395
4919
2197
2058
2505
545
956
3836
7656
4721
4256
8083
4852
4292
6903
2826
3920
2183
77
7392
3593
3101
1528
7423
7147
2269
4327
7609
1992
701
381
1687
6581
3869
1722
5522
5460
3714
2382
6723
1695
3392
1773
6523
4316
6975
4677
530
1412
7879
6416
2456
3898
6418
293
7044
6670
6909
350
3342
7062
2621
2291
5729
7139
6676
3321
4072
6685
7211
4476
381
7991
1758
7760
6087
1930
5341
2310
6811
2195
2706
6952
2641
2846
4158
1887
1761
3871
5978
4052
7273
4203
275
4166
5852
1530
1858
843
117
4825
5189
1291
8069
2148
152
5052
5505
880
1624
1426
5478
3836
2201
2561
8062
836
292
809
1633
5471
1191
1925
956
4642
1778
3437
3518
6928
6394
7478
454
5522
143
2182
2402
5551
7077
6814
381
2488
2148
2517
4121
537
7346
5251
6964
5003
2101
1342
5603
7978
3963
5855
2625
8095
5856
5686
990
6605
7571
2004
6993
7275
5018
5892
5427
3483
116
6749
7686
7900
762
7988
6646
7728
7605
7991
1960
993
646
4212
2688
1766
2667
3423
1386
13
7032
6928
371
7241
2539
3144
5155
6770
1944
2661
5290
4788
6833
8083
5801
338
5893
1230
583
5122
879
3896
2742
1418
956
3028
3476
5505
2440
1806
6425
603
4296
2781
1210
4234
1588
4368
7820
480
7070
6002
3660
5275
5322
7798
5322
575
2192
7670
2402
3600
2441
718
3363
4907
3439
2941
3082
5444
1176
2149
5075
7645
6117
1469
5987
3584
6552
1892
2601
7932
6750
