0
0
0
11
8
0
0
2
10
0
0
0
1
0
0
0
0
1
0
0
0
9
0
2
0
0
1
3
0
0
3
0
0
0
0
0
0
0
0
0
0
0
0
0
0
0
0
0
0
0
0
0
0
0
1
0
0
0
0
0
0
1
0
0
1
0
0
0
0
0
0
0
0
0
0
0
0
0
0
0
0
0
0
0
0
0
0
0
0
0
0
1
0
0
0
1
6
0
0
0
0
0
0
0
23
0
0
6
3
6
0
0
0
0
0
3
1
0
2
2
3
2
3
2
0
0
1
1
1
0
0
1
0
0
4
0
0
0
0
0
0
0
0
0
0
1
0
0
0
1
1
0
0
0
0
0
0
0
0
1
1
0
3
0
0
0
0
0
0
1
0
0
1
0
0
0
0
0
0
0
0
0
0
0
0
0
0
1
0
2
0
11
0
0
0
0
0
0
0
0
0
0
0
0
12
9
9
3
4
1
19
0
1
2
5
5
0
24
0
1
0
11
0
0
0
3
0
0
0
1
0
2
0
0
0
0
0
0
0
0
0
0
0
0
0
0
0
0
0
0
0
0
0
10
0
0
3561
5687
1248
4784
3290
3934
6393
3572
450
3389
472
5982
1917
1275
7154
6060
5824
210
4317
916
3358
7269
6321
5730
4392
8155
7505
6243
8055
4146
592
6635
1849
6548
2202
2554
4264
1319
5292
8151
4892
1447
3374
4207
4609
7180
24
7798
1270
450
1062
3455
2679
261
2137
174
722
3658
3240
3454
4628
3526
5987
6562
5482
5283
6635
4670
1041
2513
5220
727
7294
5609
3605
730
393
1279
2780
6677
825
6203
5751
3747
7491
1308
3455
6415
3161
919
2973
3225
5664
7236
2610
729
169
7405
5075
1702
2248
7405
2513
7545
1810
451
3511
5564
2821
2386
7837
6834
5336
149
15
5236
4340
3851
2941
7028
7913
7497
7757
1698
4914
536
3572
2405
2825
4628
6902
212
8048
6215
7484
5994
3737
4663
720
7574
7712
3970
4144
4423
2706
274
822
3195
7016
3622
4704
3954
1709
4880
5171
3568
5698
2398
2377
6980
6722
6980
4484
61
7294
1414
2180
3737
6496
3423
7412
8140
4332
4230
4409
5895
312
2350
5311
1198
4629
3009
1676
2936
2085
3242
3418
4663
2123
2262
2262
2264
7679
7491
960
1932
6434
5645
4244
7612
6180
7007
5827
6219
5523
2102
8115
19
1093
6870
5502
1178
2456
3040
4787
161
5270
804
166
4589
4030
4677
3904
4593
1620
7258
2390
1781
6570
5262
5017
4966
7848
5852
4814
5718
2882
6917
6459
6695
6585
6573
4983
5141
7293
1371
745
6300
694
5389
3193
6372
4833
4942
6560
4124
6462
6585
6155
5262
5262
4137
1065
5179
1848
1626
5919
1908
6316
7307
7881
6890
3484
4275
1712
4332
5828
66
5179
2158
5331
5696
8133
2152
3121
3469
7980
7408
2987
6181
7485
112
2964
5312
1065
5179
7667
5333
955
2093
4087
173
8149
4158
7462
70
2319
5331
233
5170
4032
242
7769
712
1127
2182
7882
7901
7357
5945
1852
3541
6060
2999
6923
7215
5327
1261
5372
3256
2046
1874
7030
2786
1400
7649
6319
2488
7449
6236
4724
809
3133
3231
2616
1314
1979
7344
6203
3480
254
3575
2777
4255
1836
1717
139
651
3815
3502
7698
489
3708
7200
1902
6742
4078
3652
7993
2812
3739
7977
5788
4665
1390
3938
7457
1946
3631
1767
3936
7755
3259
4551
4291
4207
5710
1287
1717
7806
3614
5983
7291
6682
6152
3812
1504
1756
7055
1695
659
3938
76
4871
7293
4982
7481
3227
2498
8047
536
1105
3475
6989
7040
7154
5921
4202
4390
947
6735
2405
5412
3654
4960
76
4944
4749
5700
2126
1902
6783
6418
1412
5060
8115
6837
5533
6413
5832
7638
6543
845
6791
7028
1453
5620
4594
6011
7294
2884
1245
4796
5833
411
3875
4211
982
7819
4659
1433
1897
8070
2877
4676
4286
4991
3648
7043
2469
1297
4158
7562
7929
5073
1765
7160
5998
5020
4114
1579
1896
6865
7415
4491
2513
7484
20
454
1136
8038
1491
2038
1150
1838
4694
2286
5998
4341
2339
702
4319
5874
5116
979
4239
6818
276
704
7967
6761
5892
698
1821
4357
3443
432
3661
8143
7012
5372
2621
7537
3506
2345
7244
2092
913
6235
3022
2130
4329
3223
7806
1209
1238
5650
3585
5650
7230
5877
7582
4618
437
6259
340
1769
170
5364
5285
2941
2184
4943
2152
44
8004
2577
3654
1459
2196
7171
3483
2732
2773
5129
7986
3542
2901
6588
3599
4009
1062
1836
5292
3594
6315
5107
5013
5226
472
5116
3022
4004
2402
5598
1820
8187
1289
7514
2235
228
5684
2889
2851
6587
3454
1969
2252
7898
951
4519
3635
5687
729
7389
3494
450
1595
1839
2835
7467
1434
2679
4759
8030
5997
6578
4703
6922
2795
59
7846
3765
6650
7570
4949
2513
3876
1717
7764
729
3469
925
1821
2907
297
3821
1133
7013
6784
6995
2343
3916
4862
7011
6320
1270
3004
2527
6903
7495
1300
861
7132
3224
165
5710
12
4632
434
914
4238
5423
7015
5343
5423
4881
7344
924
1550
4985
5706
896
4888
5279
2182
6436
721
4818
7063
6473
1459
3654
8010
7260
5767
7755
681
5915
6179
1067
7806
4888
2257
4484
572
6902
6508
7745
7321
7063
7596
2645
2271
8167
2601
2309
643
6203
5531
916
4491
3497
3055
6187
817
6648
3224
2557
7234
5801
1062
2531
1971
3851
6681
811
3266
83
979
491
1019
3240
4291
7389
5285
6503
304
7872
2285
6456
5705
541
4710
7301
7752
5352
3788
6804
3510
5128
1856
7777
981
2784
7739
6320
7236
951
6884
4907
2678
7297
2059
4644
1248
7816
2115
2121
3557
1965
2918
6449
2851
5444
3635
3851
4944
7617
298
913
7234
3712
389
2679
7205
4207
2679
7384
4818
7413
4478
4812
925
2851
6553
2465
4329
5220
1156
1024
6960
7962
731
3625
1787
1672
2285
3068
4092
5350
6602
3177
1546
24
7269
6722
6828
7012
1270
2679
8048
7180
7405
4343
6170
4702
5279
6082
932
4061
4784
1279
1201
6384
1939
1834
1774
1209
2285
5530
7967
4800
3263
8118
1871
3598
8121
6259
181
2309
5332
7887
61
4492
374
7369
4975
4233
4207
2034
8106
139
4784
3851
542
5129
3161
3789
4689
8080
3044
4694
1672
5530
457
2557
7455
5756
2202
2657
6995
5268
6005
2175
5494
261
1230
4867
3123
3625
2773
4700
899
2357
2562
1620
6116
6945
1331
4995
3835
5075
536
1774
5450
3220
3186
6761
1312
606
6258
5129
2610
3910
3696
5324
2325
1744
3449
5507
987
8025
4053
2166
4175
1938
514
2405
4604
4569
5279
3974
6060
5650
1209
1100
5779
2657
4361
4600
3386
7391
3220
5650
5055
2115
361
6258
6635
4867
2851
1242
3501
3454
4568
4950
7160
4474
2686
7806
2709
4594
4216
8188
2126
2693
6023
7451
4867
5705
3077
1248
8148
466
3542
5268
4519
3988
4580
4670
6481
7615
6393
5236
5744
2309
4834
3350
1158
1610
46
6104
1819
1038
425
2309
3445
1409
7686
899
5750
82
6483
3212
1320
1238
4146
4498
5911
3185
2533
6954
3449
390
4667
607
1787
5507
925
2303
6483
5314
6481
