0
0
0
9
9
0
0
1
9
0
0
2
2
0
0
0
0
2
0
0
0
10
0
5
0
0
1
4
0
0
3
0
0
0
0
0
0
0
0
0
0
0
0
0
0
0
0
0
0
0
0
0
0
0
0
0
0
0
0
0
0
0
0
0
1
0
1
1
0
0
0
1
0
0
0
0
0
1
0
1
0
0
0
0
0
0
0
0
0
0
0
1
0
0
0
1
6
0
0
0
0
0
0
0
21
0
0
5
1
6
0
0
0
0
0
4
1
0
1
5
4
1
3
3
0
1
1
1
1
0
0
0
2
0
3
0
0
0
0
0
0
0
0
0
1
0
0
0
2
1
0
0
0
1
1
0
0
1
0
1
0
1
4
0
0
0
0
2
0
0
0
0
0
0
0
0
0
2
1
0
0
0
0
0
0
0
0
1
0
5
0
6
0
0
0
0
0
0
0
0
0
0
0
0
7
12
7
3
4
2
18
0
0
2
4
2
0
25
2
0
1
12
0
0
2
4
0
0
0
1
0
1
0
0
0
0
0
0
0
0
0
0
0
0
0
0
0
0
0
0
0
0
0
10
0
0
5024
3414
2271
6089
210
4521
5079
3600
3577
2938
6053
7463
8160
4818
7615
2419
6639
3037
583
5172
2541
4478
5412
5608
3642
601
3722
6555
8064
2017
7915
4809
4340
2907
1164
3600
3445
5326
2938
8000
3832
1540
5276
6271
5118
7229
6365
3876
6365
5232
1009
1506
4698
7491
6227
6227
4796
2735
3775
7496
7945
3959
2736
5846
4007
1057
1534
1155
5999
7829
1965
4796
1490
3849
4708
1295
7028
5163
7319
6380
2002
1448
254
2705
3168
591
5470
2271
6227
744
777
133
4546
202
4425
1415
6550
425
5322
4239
167
5629
7389
932
6759
8023
2485
1021
2121
3722
30
5928
1118
2002
98
7178
4916
5115
28
4708
4007
531
2130
2441
8046
4251
7757
3358
3740
4827
4712
6389
695
1534
5332
208
7253
5075
3901
6799
6438
3740
4478
568
744
255
1275
7753
7405
4950
5985
6737
3051
4546
959
2684
3682
4596
5576
479
684
4340
8113
1285
372
2679
369
5461
2610
1043
6332
6259
5794
7011
5173
2313
7679
6000
2825
7796
568
255
3271
2817
7788
61
6824
3588
5531
6996
4340
4444
2679
14
6550
1395
5020
4689
6823
575
3541
1988
7915
4590
2016
5998
7575
4453
5687
1488
2907
1279
1270
4242
8046
5805
2214
2260
4861
1105
6743
5384
83
3810
575
5475
4854
2907
5024
6989
3263
4892
5024
5896
5403
6062
1035
163
361
5363
2650
1787
5829
390
6041
8075
1453
105
3417
1555
3016
321
7751
445
6690
5232
5748
2649
5403
531
3835
988
2533
517
2907
702
5896
2610
5020
5375
7153
2411
3259
2788
3600
0
7712
668
8115
4728
2617
4439
7578
7268
3794
1676
2882
1217
2868
2777
2916
7408
1709
857
704
7143
1048
7229
740
5385
5896
1040
5364
6041
7408
6152
4747
6558
6806
6270
7374
3019
312
3859
5978
6424
6620
1912
3315
6000
928
1917
5035
2411
802
924
5770
5168
1595
5364
7180
6651
3443
5731
1076
4698
7135
7820
5086
2133
5482
643
6983
2631
197
2977
6061
1557
3815
6594
3136
169
2464
199
5168
3927
6252
3909
6583
1160
7093
3888
7695
7736
7901
2483
2791
1024
1103
744
5180
7828
7269
1279
2676
657
5264
4744
667
805
5608
5288
916
2379
7582
4340
4317
1076
5605
1600
4109
2684
2768
7562
4922
3833
543
1752
4007
6508
4296
3947
5560
8060
3682
5223
2832
2465
6321
134
7549
4703
1852
5364
2983
5837
7491
7798
3128
3497
7670
3986
5973
2151
2297
4313
1761
578
8146
6277
4483
5497
925
2986
832
4703
4716
4491
4531
47
2777
3878
134
6649
215
5248
3561
1318
2464
3107
5211
2779
3626
6473
5399
4936
1261
3829
6837
3041
2528
2307
2814
3116
2632
2796
6737
1200
2271
2868
6972
3941
5013
6643
5871
4291
4651
4651
1217
2856
1914
5645
2769
6416
2667
6471
812
1191
1903
4231
7951
6805
3919
287
1371
1214
804
3813
6227
3763
4291
4020
919
5091
3592
3719
1939
2419
6997
3851
5777
6002
1445
4137
3337
6277
2846
6153
3281
1868
4944
2093
3945
3757
2814
2814
7068
2488
6049
5211
2893
2415
5580
4350
4361
7093
5176
6337
6024
4892
7389
1620
8190
3816
1255
3065
5568
4773
3626
7340
1795
6815
747
669
4490
1908
287
2812
3256
1891
246
2769
195
4545
1313
3854
4491
7405
7777
5168
7304
2465
369
6309
7923
4160
4809
5406
5866
6625
2769
6734
2043
4889
2049
3800
6855
2899
3837
312
4930
1772
3040
3065
345
3096
2916
1734
1164
568
1748
4340
5068
3667
7011
5077
6141
7781
7294
1279
4483
5912
1530
6901
8115
6910
6901
7565
5665
7770
4728
1371
3097
4231
5508
3898
6747
4614
5537
5874
3533
4668
4600
2894
623
488
7118
2004
3740
6945
4809
2684
1550
1638
1944
5873
4936
7215
612
7215
1332
2456
1887
2079
7668
2871
7690
1832
1010
6475
1620
3600
7582
4318
5097
4361
482
4939
1133
7029
1453
8188
6041
3120
1816
4950
5801
3974
1778
4220
7511
4307
4490
3417
8052
8125
6342
7649
3955
7954
4099
1220
2916
1620
5077
7887
3968
4472
2662
3835
3741
6271
2271
48
6737
3381
109
1279
2130
3353
7234
2429
3933
3036
5763
5557
528
5177
7566
4607
3847
2411
3561
2280
1003
390
3443
3051
340
3980
5351
2343
538
2002
6973
1023
7028
6722
421
6571
827
7151
7234
4273
5403
4628
4688
1601
8135
1544
4095
6417
4937
6082
7230
6058
6679
6060
7592
2922
96
1048
7827
4261
4888
1957
6002
5436
5514
6233
4150
7689
4419
5936
169
123
7533
7063
2676
5450
4796
114
5428
6553
568
2966
6915
7781
3292
729
2271
6141
6889
1534
4722
4630
3232
7940
272
425
3492
5896
2840
6945
5107
6613
1105
5731
1488
8143
1830
3851
7492
731
3483
4293
3449
271
7755
2130
7788
209
916
3682
3609
7827
6975
6925
6590
6553
921
5664
2630
1443
4763
6556
3835
1769
4207
2376
5288
4291
2109
5335
3485
4225
4229
7622
6042
686
1105
1023
2558
423
5048
7798
1312
7180
6639
4876
5520
2533
2869
7885
3381
3792
1672
5482
252
3284
5272
4070
1209
4340
1295
4255
7755
1473
2137
1539
2784
7543
1160
1680
6271
7196
2483
4809
7716
7679
1040
859
2684
392
3471
1309
3046
4146
6635
484
4854
951
4491
5119
446
7236
2405
3196
6000
1473
4361
2957
5750
2431
5242
2512
3577
324
7995
7670
5214
1441
5945
7478
7294
3809
8047
6508
4251
2777
4937
1275
4297
3209
1067
2318
6141
6789
7063
3911
5118
4950
3416
7408
4853
7092
46
2047
7463
6475
7059
3682
2686
3651
1103
3052
390
5527
7447
5915
6746
7086
4007
8103
4698
2178
5997
7437
2244
744
4182
7816
7781
6821
3686
4478
7229
3741
3741
3304
1597
4353
6679
7153
2916
6737
2248
928
5963
6139
3667
5020
4202
6708
5608
5687
7679
109
4372
1739
6958
4667
722
3641
740
5288
783
921
907
425
4007
6645
1209
7143
7676
1234
2410
4707
3184
2612
3755
2459
2771
4794
