0
0
0
10
7
0
0
2
10
0
0
3
1
1
0
0
0
1
0
0
0
10
0
2
0
0
0
3
0
0
3
0
0
0
0
0
0
0
0
0
0
0
0
0
0
0
0
0
0
0
0
0
0
0
0
0
0
0
0
0
0
0
0
0
3
0
0
0
0
0
0
2
0
0
0
0
0
0
0
0
1
0
0
0
0
0
0
0
0
0
0
0
1
0
0
1
5
0
0
0
0
0
0
0
17
0
0
8
2
4
0
0
0
0
0
2
1
0
0
3
1
0
3
3
0
0
0
0
2
0
0
1
0
0
3
0
1
0
1
0
0
0
0
0
0
0
2
0
0
0
0
1
0
0
0
0
1
0
0
0
1
0
3
0
0
0
0
0
0
1
0
0
0
0
0
1
0
1
0
0
0
0
0
0
0
1
0
0
0
5
0
8
0
0
0
0
0
0
0
0
0
0
0
0
13
13
8
3
2
3
23
1
0
4
8
6
0
25
1
0
0
10
0
0
0
3
0
0
0
1
0
4
0
0
0
0
0
0
0
0
0
0
0
0
0
0
0
0
0
0
0
0
0
10
0
0
2066
1926
3487
7882
3145
5048
471
4248
2768
5376
1043
4239
6664
2464
4892
2610
1769
3680
4491
7827
6925
2773
4448
6454
5650
3755
2415
1579
1219
163
3660
2760
1797
2415
1638
3480
710
4716
5363
4111
5230
5920
5276
3602
4759
531
5157
3600
1089
1129
5514
1589
5531
4874
3004
6060
4937
8143
2127
1430
186
4907
2280
5066
2182
4384
2192
7679
34
3611
3988
7277
1254
5985
5629
205
6307
1308
6041
5120
3610
6450
5571
2679
4050
4095
4651
7505
7002
6203
5574
538
894
2918
2737
3220
6482
7699
2227
2496
1441
2390
3193
1445
4906
2713
5232
2772
7924
7377
5806
1830
7029
7061
2654
1760
7520
3893
1523
2676
4293
3584
6189
1769
6421
1423
7956
6926
615
6963
2304
1024
5143
7053
4829
7165
3066
5833
5118
7301
566
7746
7700
5292
393
4352
7209
2254
5091
3402
672
5517
5596
6165
3271
5165
4238
1522
3274
3084
1602
5625
2466
2586
5168
7902
4618
2066
3821
1539
7584
5594
5517
3667
7893
3564
3911
4316
1243
2861
4940
2483
2442
8151
3299
959
2459
1852
2958
5750
12
3223
3174
2634
5653
3445
5116
7593
4652
985
5214
3389
657
6649
4242
3068
7029
7153
1046
2057
7739
8030
2175
1467
1281
4819
369
1532
7237
631
7223
5664
7484
3262
1748
721
4892
4820
5531
1931
372
6828
211
5650
5892
4110
3402
575
7866
2663
3930
6827
6847
765
4007
1852
460
3697
6877
4053
1776
7901
3025
1493
5227
3001
7865
2608
8151
7380
4242
111
3358
4291
765
4155
1062
2856
2509
3757
7535
7930
3931
6794
5186
5584
5107
5130
6824
4504
5945
6902
3470
2103
7810
7198
6238
7795
2421
4142
1046
7230
853
4618
3909
2548
3589
4092
2737
6008
6965
3757
5502
7341
2864
1022
2842
4917
2443
6020
3668
2283
3010
7063
2066
4818
4609
2973
6389
1151
5715
5048
4251
7917
6031
1765
6753
5574
3790
536
5121
6373
4681
5958
7712
3234
4057
5502
5342
3087
3969
7000
1324
2498
4869
3123
6791
568
4190
3161
3240
6590
1613
5223
2182
4888
2061
4937
7901
2062
7190
4809
4728
1018
4161
3327
6815
1526
4057
7832
5961
7322
3087
8157
6415
5198
7286
7872
1607
5436
7691
7447
4155
5129
3376
3349
556
5116
2285
4646
3561
5530
6761
7474
7703
3343
2058
5158
1829
3928
3137
6127
8180
3344
6597
8101
2370
959
3299
2709
2184
4069
5762
1009
4580
5229
2119
7405
1752
3191
425
6041
2260
4478
4165
4629
1764
315
4781
6622
1371
1116
4564
4057
4057
2864
7862
4090
618
1157
4442
1607
4303
4856
4129
765
3298
6481
7187
928
250
803
4431
880
4634
3959
2080
4179
4402
5752
1548
2095
7248
2322
7027
8180
6702
4057
2864
147
5545
1539
1279
6791
4242
3995
6864
979
772
1698
6000
243
7491
2229
1462
7169
7182
389
7344
6392
5134
732
2653
403
1094
195
3924
4724
7128
4057
4954
1086
3783
1012
4312
2942
1767
3148
5285
3702
6438
5886
5914
1658
4521
8034
4835
2513
6482
575
783
607
196
3255
275
7965
8131
256
6724
4287
7635
7315
4063
1460
7236
1576
4804
5479
7582
7812
5629
4618
8138
3791
2579
4927
5587
6602
4481
3443
2777
7405
8092
6677
79
7025
1874
7313
317
5672
2696
6573
2147
4711
6878
1613
5214
3600
2411
6393
285
7622
6452
7584
6679
681
1235
1439
2972
3981
6889
522
2181
421
5579
1523
6053
4776
5526
1400
5688
2662
1136
8185
6471
7009
2439
2686
6660
6590
1845
4788
1852
2516
6384
960
3615
45
2339
2214
4542
702
2057
3708
5998
3911
1049
3541
8
5928
7877
6909
3116
647
3437
5060
5901
1778
7582
2015
3585
4652
5314
4237
2576
5168
3522
3240
5079
3876
137
943
4698
8157
729
6321
896
4372
3916
374
5010
395
649
7901
7716
3305
5425
6732
4641
1075
1988
1830
3504
5778
6320
5115
2057
4802
237
5608
3702
4160
1011
4578
8127
2464
6761
3455
3530
5742
772
6422
2487
1287
421
4202
3225
4239
3196
4499
5408
6011
1391
4568
3001
1620
3687
6473
6301
4475
2423
6552
6980
7078
738
2995
5048
1709
3533
1272
7055
1129
285
1106
1928
2806
5419
7820
4707
6550
1352
2679
5661
6354
4794
6864
3058
5236
5985
5015
1279
3477
7190
7868
932
5801
212
1767
7723
8047
3334
2508
556
5973
3175
202
2248
7389
5164
3326
2987
2405
2066
2110
5035
6668
7665
8092
6796
6791
721
1613
4491
5661
214
4365
1584
7982
3988
3291
1279
7548
2393
1027
4339
4504
2308
6417
1424
7447
4341
4492
7916
3077
764
7321
5176
6227
3504
4164
1270
2411
1550
7901
432
170
631
3742
2062
6563
5982
1620
425
5402
7118
5736
2973
4644
5403
2789
672
24
5778
14
5778
7545
7344
2678
3186
5661
2777
3414
3352
5418
2513
2441
5013
5896
6227
6164
5467
951
7868
7689
149
1810
2870
714
3225
5412
250
4352
7415
1105
4129
3641
1234
4448
4950
6393
1620
5113
825
1976
1856
6761
1774
6258
4049
1492
6619
3085
5780
491
4796
857
7062
6521
6162
2705
3077
1664
418
8151
1415
7443
1818
5362
1752
3271
1852
3480
3988
5091
5428
4878
3585
2489
4139
7539
4018
1776
1320
1965
7398
7877
6953
2995
2277
6322
6003
4160
6436
2217
6481
332
7663
8134
4734
3233
1965
3671
3909
3657
2520
5997
3389
1588
7682
82
7625
7784
2540
2309
5223
4881
5031
7210
2051
334
343
3842
3706
3609
3271
2884
6154
2907
6615
6789
2653
142
5043
4525
4202
2648
3057
3600
6985
2130
5018
3280
4812
7121
4479
2325
3352
3186
1447
868
6677
957
6273
4793
5252
1705
1220
2677
2062
7070
2421
3330
5201
4245
5046
5335
6422
4209
6791
5214
2107
1272
1532
254
1012
1009
1495
7332
271
7491
5475
501
5031
1290
3609
4322
4317
3776
2177
7520
1680
1631
1046
2196
5174
4514
4800
5401
7997
7064
250
3947
2887
7176
727
3577
4255
5351
5766
4840
6945
1105
4222
2530
