0
0
0
10
8
0
0
2
10
0
10
2
0
0
0
0
0
0
0
0
0
0
0
5
0
0
3
2
0
0
1
0
0
0
0
0
1
0
0
0
0
0
0
0
0
0
0
0
0
0
0
0
0
1
2
0
0
0
1
0
0
0
0
0
0
0
0
2
0
0
0
0
0
0
0
0
0
0
0
0
0
0
0
0
0
0
0
0
0
0
1
1
0
0
0
2
11
0
0
0
0
0
0
0
25
2
0
12
9
5
0
0
0
0
0
1
6
0
0
5
1
0
6
1
0
0
0
0
0
0
0
1
2
3
2
0
0
2
0
0
0
1
0
0
0
1
0
1
2
2
0
0
0
0
0
1
0
0
0
2
1
0
0
0
0
0
2
0
0
0
0
0
0
0
0
0
0
1
0
0
0
0
0
0
0
0
0
0
2
6
1
8
0
0
0
0
0
0
0
0
0
0
0
0
12
6
8
6
4
0
29
1
3
2
1
0
4
24
2
0
2
12
0
0
0
3
0
0
0
1
0
4
0
0
0
0
0
0
0
0
0
0
0
0
0
0
0
0
0
0
0
0
0
10
0
0
7484
5077
369
7722
1469
4326
2325
5292
4334
4778
5332
2419
6820
6295
2419
4847
7852
1046
1536
5248
6820
7230
6370
4792
2780
791
4729
7034
7437
3823
6735
5277
2015
5902
6583
1810
1716
2918
4842
3555
7755
2442
8138
7722
5183
5
6275
4294
1287
3609
951
3732
3358
124
1057
966
4085
7002
2244
4353
2346
959
1312
7860
1954
3416
5369
7926
1050
7839
5012
6075
3259
5766
6273
8135
4466
7166
2179
7749
7113
6549
5227
882
966
6777
4441
2795
947
6776
5445
4085
3609
7290
1210
947
4742
3028
2661
3321
139
5055
3439
3457
951
951
3687
4441
540
6732
6251
4992
6541
6251
456
5265
3364
2690
7782
4349
5308
2558
2283
3492
4583
2502
255
2449
2999
722
1765
5024
7210
3183
2208
4242
2031
7575
6243
5985
2585
504
625
728
1569
4524
1327
1513
1220
7106
4375
2801
382
148
5175
1791
5369
5689
7901
3762
764
1023
4600
6186
7318
6873
7965
4510
1850
4030
5041
8176
2585
6301
317
6598
2454
7880
6798
2608
4561
5811
598
1327
2633
3210
5049
6108
4700
7717
6927
304
2449
4614
4048
7278
3492
4911
5952
2902
3743
1316
2165
1522
5395
4571
4524
7292
4035
725
464
1182
7643
6851
1357
7272
1940
7011
20
1835
8176
3177
6330
7956
3056
6700
2292
6731
7303
7192
872
6851
2565
4899
4096
1357
5952
4249
62
1590
6254
6361
3318
6547
6785
3452
6143
7432
2232
3196
3461
7585
1155
615
2119
581
2548
6571
7432
6130
8156
6733
5726
488
7171
3808
1784
964
7411
37
5452
488
6598
7141
2751
2024
7456
4477
7493
6104
460
4339
5737
5798
7866
6833
4329
8103
6369
7757
5652
92
6024
2649
6292
2973
1744
6427
6292
4396
4823
6167
1635
914
2304
1974
4197
4035
7514
3300
4449
2679
1029
4005
7517
6041
657
1154
3144
3923
11
5531
4441
93
4857
5162
2863
2535
1882
7737
3278
1784
5800
5123
2070
779
2639
1112
1242
3356
618
6703
3487
3358
4270
1660
3115
383
3418
6366
208
304
5945
4207
5798
5928
4535
7494
3726
3032
7821
7347
680
358
7821
6167
4749
6939
2787
6377
7727
6325
3240
4775
4476
5730
7823
4698
6605
210
2512
7910
2131
1732
3225
1550
948
1637
586
6572
7639
2793
2304
6348
1476
506
126
6668
6035
1757
4050
2688
491
3762
5970
4783
4306
7825
3405
5247
3701
5779
2826
2826
4294
1639
4905
2775
679
102
3765
6907
3650
7098
7319
5726
5788
8119
1367
1346
6444
3574
3549
643
3329
3452
7098
3672
2535
2082
4096
3277
3356
6263
6361
3645
7064
978
1327
2565
7965
2082
1340
1437
6501
6301
3669
6602
1390
1063
8014
1401
5228
7932
536
2330
7270
7394
6497
235
5637
679
2253
2242
153
1340
1327
5560
951
1820
6898
3191
5811
5883
5125
464
4285
1340
5200
176
4541
1260
7806
5637
466
2229
6686
7006
5726
6378
8177
3421
5853
4583
7318
6407
808
838
6329
7337
5749
1717
4628
2441
6735
3886
1465
1760
5952
6189
7165
5461
7895
1942
2175
980
214
5614
892
6292
8089
6580
5913
4099
6315
6884
5874
4644
8025
2676
2967
5035
8094
8187
411
6307
2593
1209
2626
4048
6920
470
6264
6868
1293
1330
4295
3349
8186
4675
1403
3049
5957
2878
2341
938
933
5650
1155
1550
3240
4812
97
3706
6823
932
4492
925
6141
7942
7272
2253
2743
2304
4359
1036
37
1760
6349
1007
3289
6229
6301
6839
910
2532
2535
4783
5443
5998
744
1452
2405
4457
3848
802
6141
4708
876
7699
3960
2729
7098
1036
3390
4583
1340
6292
2977
5302
4322
3765
2179
664
7394
7811
2727
7347
679
3444
1635
2579
6313
7489
7048
1522
4740
6664
7956
3267
2512
7497
2556
500
1096
574
5126
4911
6851
317
7639
5007
5079
580
5162
5637
4583
3197
7748
2860
394
3049
1079
3770
4613
6884
2967
6724
7860
6722
2884
7966
1525
4651
6973
3884
1682
7965
6301
504
1162
2793
2444
1949
3004
7497
1615
2091
4783
1645
1073
6635
7408
6940
2555
574
3207
5288
1129
4213
1883
1235
1661
7852
3911
568
7121
1340
552
4295
3838
1973
1010
819
7663
5650
3995
3695
6590
6053
6614
7993
1296
1774
6053
361
5173
6393
783
2905
5531
7893
8139
4703
2100
5376
5248
7910
332
504
2156
6575
7006
1209
3229
7827
2374
6031
7061
5077
3861
5173
4644
5324
6384
4475
2676
4274
2907
2405
2369
2649
4109
6020
7625
4608
1237
2080
5654
1105
7582
5340
5291
2653
5664
3084
5273
7784
2894
1473
1613
8143
4735
2958
764
1739
5687
6053
897
3220
5801
4852
4855
6549
5063
1238
1944
2533
4475
215
5079
7585
3391
2412
3485
3074
2238
7877
4197
1493
1434
4703
4569
1857
4224
3835
7777
5536
1550
2136
2325
4670
4103
6082
5351
4399
6552
7258
5507
8083
3389
3682
8025
5928
2285
3148
4525
249
2887
4353
5517
5877
1546
7716
6645
2533
1238
4835
211
170
7806
1550
7615
4475
6384
7582
4950
4475
7135
2421
2661
3541
3433
5276
6796
5619
7223
4569
7451
6374
6263
3224
373
5874
1794
1234
3443
6791
1736
1534
3433
3320
6827
3660
6053
2136
4146
425
2894
2465
5514
4533
7235
7135
30
7795
2676
5279
5798
6384
2796
6268
1287
4172
7011
488
1012
4331
998
3188
538
4236
6393
7940
1620
7229
4569
4207
5469
2608
4326
631
1003
254
4413
5730
5997
702
2030
3600
4644
1931
7
3847
1472
5682
3577
1105
6546
7405
6645
3188
5279
2922
3433
7419
4670
1672
4202
3402
939
2679
1620
764
7011
3821
2922
4600
1057
5255
6307
2654
5427
2671
559
2796
3968
2118
6124
2826
4516
1672
783
8187
6321
591
7872
3212
7350
727
520
3577
7389
5427
3542
7235
4310
3326
5024
7860
1733
4504
3888
2184
7395
960
6053
2031
3717
2418
229
2402
3477
2423
7380
3732
8187
1554
4670
4291
3969
7327
1105
2916
5332
7153
418
7468
5322
1160
6895
4353
7437
6295
