0
0
0
9
8
0
0
1
10
0
10
2
0
0
0
0
0
0
0
0
0
0
0
6
0
0
3
3
0
0
1
1
0
0
0
0
1
0
0
0
0
0
0
0
0
0
0
0
0
0
0
0
0
2
3
0
0
0
1
0
0
0
0
0
1
0
0
0
0
0
0
0
0
0
0
0
0
0
0
1
1
0
0
0
0
0
1
0
0
0
0
0
1
0
0
0
5
0
0
0
0
0
0
0
20
2
0
5
6
6
0
0
0
0
0
0
4
0
2
7
0
1
6
1
0
0
0
1
3
0
3
0
1
1
0
0
1
2
0
0
0
0
0
0
0
0
0
0
4
0
0
0
0
0
0
0
0
0
0
2
1
1
2
4
0
0
0
0
0
2
0
0
1
0
0
0
0
2
0
0
1
0
1
0
0
0
0
0
0
7
0
10
0
0
0
0
0
0
0
0
0
0
0
0
10
2
10
3
8
5
28
3
3
1
1
0
2
21
2
0
2
11
0
1
0
4
0
2
0
1
0
2
0
0
0
0
0
0
0
0
0
0
0
0
0
0
0
0
0
0
0
0
0
10
0
0
2063
1478
4029
7592
4628
5165
5364
575
4146
1620
5185
5594
338
6117
4224
951
30
2684
5048
7716
4038
7235
7229
5608
2483
6895
2684
2762
6954
215
7063
7823
3057
8048
744
1581
4199
3600
8159
7051
261
7223
960
3071
4647
1565
5279
684
1075
5997
7591
1057
1620
6385
4796
4194
3096
7570
1595
3487
1177
3220
3600
5290
4950
4329
1395
6756
7451
3959
2405
297
7230
2343
3454
6571
1550
6258
2465
7563
1736
568
5024
1821
4361
5024
200
4521
591
6215
7258
7415
4211
1672
7223
2657
4608
2377
5057
4912
4670
5701
1824
4340
684
3153
5403
6863
8187
4392
5385
3154
1279
4007
1944
1595
5427
2499
6385
5171
1160
491
4651
2630
932
3364
1620
1090
5398
3835
921
6481
1523
4150
3326
5778
5057
4812
3405
6361
657
4092
4354
4418
3933
1450
7011
2271
5024
6338
6478
6076
5283
7699
1443
7408
5915
1478
7483
2629
3240
981
6937
7236
4707
3022
2421
4809
4707
3959
7380
5290
6004
6292
6575
7934
4027
4020
7497
568
7602
760
7313
7529
1242
2374
208
7995
1965
2410
2684
5594
3132
3466
2325
783
5701
6791
568
1739
4708
1075
6791
6053
2582
2612
7353
2349
1915
6371
3959
1080
5126
6851
2950
2565
7827
5102
1029
7405
951
2410
2629
2419
4533
3541
4867
5129
1425
1944
6089
3542
3154
3541
4698
6041
5927
6853
760
7136
1168
7984
3883
456
1327
807
5633
1262
7431
5730
740
4478
5322
4718
390
297
4361
7243
591
6384
3816
7419
7223
7679
7828
6835
2358
7654
7349
4931
6331
3396
3434
973
5233
1667
37
1428
2243
7776
1320
4011
702
4708
7910
7294
5810
6262
6552
5507
2748
4521
7312
4093
3389
6237
4224
7559
2952
6484
3349
1466
6130
5167
7853
2149
1515
3810
4523
5633
3664
6065
5889
4615
6294
4312
5892
5921
6521
35
2548
933
7034
1929
4441
7029
7070
7716
7592
7052
7177
3859
6323
1590
126
1590
1657
3544
4199
5207
724
4454
4084
3136
390
5249
1733
2771
3572
7866
2530
3732
6660
3577
5501
7230
4361
5187
7566
2825
5031
2589
8081
6998
7895
1949
6960
243
990
3528
5843
5395
814
4482
1959
1423
3835
5272
7670
4632
7570
4569
6708
2558
6417
2136
4609
2513
7866
2361
5338
6396
8155
7208
1199
5140
7810
2220
3129
2715
7037
790
4448
3808
1486
4855
8188
715
3052
7798
6791
557
5790
7753
3806
2916
5436
2903
5625
4074
1508
6535
662
726
947
3557
6264
4197
1642
4322
5250
6680
1448
5743
3013
1522
934
1534
7865
3624
3644
540
3277
4096
1394
598
2721
434
2109
3096
6973
1839
2602
6024
5924
2457
4177
6091
5020
7903
5078
6311
7420
5690
4723
859
3690
5746
3847
2721
2585
6301
4062
4345
5853
4209
5979
3624
586
5107
5531
7258
1786
5805
4264
2720
2559
3921
1459
6035
7588
7001
2863
4940
4525
301
4583
4578
6595
6443
4453
1581
1276
5142
1340
7754
3434
5604
1437
328
4880
1024
557
1819
2679
90
4847
750
5157
1025
8046
7364
5382
5097
7880
2289
4815
4413
3164
5555
6334
3090
1635
643
6728
3765
4048
5931
8152
2289
593
5909
4478
5654
6089
591
5921
2825
3161
1838
7764
1479
6024
3286
4048
1486
7807
7304
496
5142
163
2632
4280
1734
859
1170
1130
1696
796
4783
4649
3077
5292
208
3326
6544
4880
7011
6651
2114
5057
2771
1798
964
176
1978
1015
5800
8151
2750
4027
4528
1688
632
266
3261
3541
7756
7853
403
2377
1443
1291
5171
4609
418
702
6243
3439
2265
2137
3056
2645
8145
3452
1003
6323
906
6709
204
3349
756
3008
4964
990
5394
5425
2540
2502
1394
1856
7432
6853
4361
1008
1913
124
4339
6645
3449
4011
4211
3923
7745
7021
6904
470
4815
31
2973
5816
2428
2026
504
4753
3946
4731
5942
1026
5970
7756
3711
6596
5743
1846
715
6116
6233
2004
1404
3654
6193
5921
5482
6475
3303
7639
4879
6204
4528
6728
807
3819
2662
7661
5449
4815
5803
2330
871
2986
2578
6024
8081
5461
3076
2778
3946
1279
3416
4478
7029
6002
3526
8058
4099
6475
5792
7990
7303
3574
7185
6224
3813
6979
7965
7639
1833
3275
1942
6092
7256
5516
8186
3209
6162
1165
3191
3313
2103
2856
7582
4809
3959
4950
4867
2022
2410
7995
6967
2009
5157
6863
5494
5432
1654
6023
1340
2041
6712
2304
1282
796
6288
3003
6911
5678
437
6760
3200
7922
6973
7235
3861
5997
783
3959
1664
460
5247
6366
4492
7380
7389
5338
1019
3368
1061
21
4524
814
6501
4485
4743
5637
7098
6858
586
3143
740
1550
8075
3192
2856
7798
1279
925
6735
369
5107
4792
3245
4350
512
7121
7777
5166
2573
2392
2526
1976
3707
8177
4021
6679
6474
2865
1698
532
128
3812
201
5798
96
7229
3610
6041
7670
2459
7143
6020
1965
2378
5419
5175
541
6672
7911
702
7520
1057
4466
5234
5148
1822
4195
6121
7195
5359
2343
2411
8068
2592
2751
3542
4568
591
6089
4644
6041
7871
4600
6321
5531
3481
6978
7384
7767
460
841
3267
254
6686
7788
5395
534
6643
4523
3325
2256
783
5364
390
6522
1795
6530
418
418
4475
508
7910
5594
1776
6306
591
3433
3435
5537
7692
7692
6475
992
7573
665
7442
5319
7494
3420
2360
6898
1437
1439
2285
1733
7389
5997
418
1719
46
6384
3851
1479
5739
4851
7049
2676
5542
5801
7723
7097
1024
1415
7207
492
6215
3405
60
4570
5107
7235
6613
7603
5007
6295
215
4609
7243
373
4569
4475
6031
3358
1522
1965
5277
248
5273
384
6395
1425
3292
1217
5468
4852
1200
715
4353
6749
4374
853
7617
6031
2135
6501
157
1965
783
744
7726
5531
6722
568
4718
921
2558
6735
5332
7230
4858
5636
1029
3004
4788
4199
3245
8023
4614
4729
4318
3732
4700
1245
6249
722
1838
4020
4274
3959
5290
7028
3433
4852
7227
3307
1057
764
1523
2031
4708
3647
30
7520
1661
3851
