0
0
0
9
8
0
0
3
10
2
10
2
0
0
0
0
0
0
0
0
0
0
0
5
0
0
1
3
0
0
2
0
0
0
0
0
0
0
0
0
0
0
0
0
0
0
0
0
0
0
0
0
0
0
1
0
1
0
0
0
0
0
0
0
0
0
0
0
0
0
0
0
0
1
0
0
0
1
1
0
3
0
0
0
1
0
0
0
0
0
0
1
0
0
0
1
10
0
0
0
0
0
0
0
22
2
0
11
5
3
0
0
0
0
0
0
1
0
0
5
0
1
4
2
0
0
0
1
2
0
0
0
0
0
1
0
2
2
0
0
0
1
1
0
0
0
0
0
3
1
0
0
0
0
0
0
0
0
0
1
1
0
2
0
0
2
1
0
0
0
0
0
0
0
0
0
0
0
0
0
0
2
0
0
0
0
0
0
0
6
0
8
0
0
0
0
0
0
0
0
0
1
0
0
10
6
7
4
4
4
29
2
2
2
1
1
0
29
3
0
1
12
0
0
1
1
1
0
0
1
0
0
0
0
0
0
0
0
0
0
0
0
0
0
0
0
0
0
0
0
0
0
0
10
0
0
2576
3407
1312
4150
5275
6117
4822
978
7568
7587
390
7764
2167
4116
7846
6873
5888
966
5332
208
7463
6058
3642
7243
7722
7094
6012
8105
5402
820
7781
4291
3413
5433
2273
3636
1534
7621
4170
3515
4737
836
4241
2491
6560
7234
5419
3469
3635
2583
6089
7872
2597
6353
2916
702
5682
684
1129
4729
8080
4694
1009
683
5720
5867
4103
2487
5780
4737
6583
230
7559
7426
2110
9
7391
5173
288
2868
5149
1434
7823
5322
4007
5226
7243
6053
3490
4689
137
5275
418
2410
7064
1009
722
4802
999
5620
1597
1354
2022
3267
3177
3616
4080
5977
390
6384
960
1997
7491
2464
5403
3716
2986
7872
1464
6588
1595
3457
4847
1309
1917
7570
7913
5543
4727
6966
492
6660
6615
573
7498
4497
4062
8187
1046
4007
2080
418
3402
4519
4318
6330
382
2498
5402
4343
2907
6510
6089
2192
146
6116
4441
740
2080
3490
6791
5171
6831
1029
1815
915
9
6176
1331
1029
797
2328
7039
5882
3462
6465
87
186
7909
2013
3554
4595
2813
4788
6384
2736
2465
2764
5290
4491
411
7872
783
7823
6791
2285
1200
4852
2630
2937
4281
6791
2166
2146
7784
3706
4294
5189
3986
3224
1890
6877
3367
7134
1946
738
5265
6393
5643
4569
5048
5107
5886
7575
569
3212
437
3095
951
5220
7798
3832
7406
7595
6141
8128
6046
7861
3292
4162
3416
885
8105
6199
2576
5918
2283
7216
6246
5468
2629
7872
591
4004
6002
876
4851
4207
2475
6072
597
4812
5275
4331
6292
235
1312
8068
4097
235
4109
7584
7174
679
5036
7090
1009
716
1094
6583
4640
3554
7900
5687
2676
764
4718
1774
7573
5576
7195
5837
1859
3465
2645
6906
4454
2349
4387
4743
235
5005
5794
7278
2823
7133
3795
7757
2498
6075
1042
6199
966
4581
474
6875
1090
1523
255
5778
2425
8133
1997
2721
3325
1973
687
3562
7662
1590
3126
229
3946
257
1239
2535
394
1486
2867
1287
1740
6074
4771
6756
3654
7113
4349
3674
7407
3598
5272
649
2975
2280
6973
5115
3316
586
4295
2715
6580
6119
1401
1138
4149
2132
8177
2454
5678
5831
6417
425
1576
1082
5247
778
7739
1235
3722
7135
7948
1409
4950
7153
5551
7827
4341
601
560
7831
7586
2104
7001
2011
4523
2194
4459
285
3162
5455
4129
593
4986
4357
6384
5332
93
3265
1513
7861
2013
2764
7090
280
3225
3732
5804
6072
1394
1335
847
2132
7929
4258
6220
4357
5420
7081
871
8127
5573
5114
1800
1809
5274
4578
283
4926
3834
2119
35
1050
3995
361
6031
6895
7871
5166
6114
760
6892
7965
2578
245
8156
1079
3303
6365
4096
4518
5527
7932
7461
808
5741
7441
1452
5544
2587
1524
575
7243
3510
5920
1057
3121
4835
740
5419
4385
8060
8111
7071
602
2655
632
3673
4965
4496
4050
2027
5786
1439
204
4277
2555
6411
3046
3487
5804
2320
5129
7451
4008
1156
4852
5892
1395
5364
7143
1506
90
3969
2861
5198
8
5430
4295
1193
31
5
1942
4442
5127
4062
2994
3510
5109
7725
138
2622
1486
8053
4214
3861
6799
3562
2368
4077
4067
1733
6997
992
3188
2419
4308
1972
227
6821
7573
7784
6141
6053
5356
2142
439
2885
2225
569
6094
2253
6403
6793
1327
3316
2994
7453
1645
4466
4924
5633
1944
1893
5681
5187
4233
1660
2255
6892
6740
5402
97
550
865
5048
3997
7133
394
711
5829
3038
872
2273
949
7525
3664
4295
3444
7232
760
5804
792
3068
5279
4383
4754
426
4616
4849
7466
6252
5867
6369
1708
2764
5265
3842
7491
3002
7020
6911
4165
7031
6105
5957
4939
1064
358
4538
5302
3191
75
2775
1238
907
1786
208
2137
7090
2059
93
5853
4521
8047
3701
2034
6735
7788
2672
6982
3600
1944
6913
142
2175
6547
5811
7286
75
3760
1401
6939
6798
6251
5375
6536
2068
3513
5805
3320
4521
575
2484
1252
2922
6117
6089
2690
6895
4385
1554
4906
1105
4340
2397
4780
2878
8060
626
938
4337
2504
5856
4958
7648
7166
7166
2082
5359
2396
6349
128
2663
591
7408
3046
6521
7424
8025
4312
1661
3821
454
6600
484
4525
7319
3076
1047
3749
7420
7688
2994
6898
1654
8006
8002
77
470
3007
7965
7906
4481
5850
7990
2861
3851
3037
2881
5282
2657
7236
3483
3287
3473
1050
5586
7810
464
2934
4475
949
7662
1465
7529
5919
5998
1949
1662
4701
4896
6047
6210
2281
2611
915
6479
5012
7940
978
4420
1010
1291
120
8139
7243
1204
1129
3130
3642
4949
7413
3706
777
3959
2483
5019
4950
2061
6332
3759
1535
5220
1230
5427
4509
1486
7811
1220
7911
3240
3490
6975
3078
2325
7451
4644
4533
508
2920
504
6735
783
472
2635
3864
5722
3017
4472
390
4074
4082
6724
1422
5374
3291
3575
5489
4630
4412
4754
6015
5451
4521
2120
5452
6384
96
227
3377
1409
3617
705
8048
5249
2261
5583
5689
372
957
3876
4027
7978
2093
6655
4457
2491
5405
5542
7188
5319
1024
6483
5402
1820
6441
7227
3051
2676
1774
3326
2497
1020
5045
3712
122
1690
426
6175
7739
7625
3025
3721
7350
7567
3528
5185
710
849
3560
382
5247
831
7654
2214
1200
2558
8135
3396
2527
4194
418
210
3196
2918
2688
7256
6259
4834
2637
5515
675
7244
3577
2023
5531
1243
5193
7113
1864
7530
705
7592
6330
1346
2487
725
7398
4217
6904
3904
1778
6540
3132
5374
7466
4812
4958
6070
3637
6764
2570
4107
3702
4374
7090
2809
7915
8043
2759
3237
1999
255
3022
715
7235
7078
5547
3609
6612
673
3405
407
5551
3298
1150
1245
3960
4339
4916
3184
4242
6472
7229
8160
6023
109
5551
5726
2863
6144
4605
418
4569
7582
1062
1287
5082
109
722
5192
2285
4985
4926
3398
6366
4109
5236
2637
5166
3430
1765
728
5122
2057
1600
5272
508
5272
4445
3076
2274
5398
7195
4341
4594
5150
6235
5839
4643
1900
2155
5682
3368
