0
0
0
10
5
0
0
2
10
0
11
1
1
1
0
0
2
2
0
0
0
0
0
2
0
0
1
0
0
0
1
2
0
0
0
0
0
0
1
0
0
0
0
0
0
0
0
0
0
0
0
0
0
0
0
1
0
0
0
0
0
0
0
0
2
1
1
0
0
0
0
1
0
1
0
0
0
3
0
0
0
0
0
0
0
0
0
0
0
0
1
1
1
0
0
0
10
0
0
0
0
0
0
0
20
2
0
4
5
1
0
0
0
0
0
3
2
0
0
2
1
1
3
2
0
2
0
2
0
0
0
1
0
0
2
0
0
0
0
0
0
0
0
0
0
1
0
2
0
0
0
0
0
1
0
0
0
2
0
0
2
0
2
0
0
0
0
1
1
0
0
0
1
0
0
0
0
1
0
0
1
0
0
0
0
0
1
0
0
2
0
9
0
0
1
0
0
0
0
0
0
0
0
0
11
4
10
5
4
3
24
6
0
2
0
1
0
24
0
0
1
10
0
0
2
0
0
0
0
1
0
0
0
0
0
0
0
0
0
0
0
0
0
0
0
0
0
0
0
0
0
0
0
10
0
0
2442
3267
5444
208
2570
1441
5817
7823
1071
4509
7380
7040
4869
1778
6583
1050
1105
4106
2219
7941
3585
5171
6583
6000
4698
6660
2843
5242
3161
3995
7188
7788
5128
2850
2610
795
3233
8047
1129
6483
4759
3700
2805
5127
1597
4366
6623
2535
4533
5272
3577
5332
4056
4596
3666
587
3433
6202
7161
3245
6330
4312
2915
1539
7902
2265
2637
4741
5422
3642
5226
8047
5765
4099
2771
2697
1939
7024
7939
554
5576
280
2105
6372
4987
5019
683
3264
2439
6053
1290
4632
6654
1919
4175
6818
5374
2454
4099
7237
2374
3155
6124
1799
2748
7119
4986
4526
7816
4788
3056
684
7582
5896
320
6593
5816
7229
5013
5079
4350
2577
885
752
4233
5801
6082
7256
4604
947
7607
3789
5149
7640
91
1300
6027
8001
1497
1821
7684
4290
7039
4732
4851
2922
3732
772
7294
6635
5886
7871
193
8170
2317
1363
3230
7505
2868
2252
2922
7454
1514
3960
5092
8187
6903
958
3197
6447
4651
2764
6346
1087
6889
1200
4798
2533
3022
1343
5477
4647
418
7757
583
836
7239
7332
2327
7886
2487
2002
4446
7811
2747
3821
8040
197
387
1735
3806
2464
6371
4700
5507
6660
7505
4926
8059
46
6635
5812
5951
606
425
533
3482
4349
1702
4718
1154
1821
886
2132
6464
7282
5063
5419
4536
2436
5566
5470
615
6973
6997
30
3959
3861
2410
4971
6233
6635
3611
6987
2179
5785
1893
5619
2441
6871
838
2999
4100
7464
5715
7039
4622
3715
3245
522
4153
5547
1774
425
6472
1584
7230
1709
7294
559
2050
7394
4177
3264
7567
273
394
876
4007
4207
1232
7236
8159
4719
817
1289
4543
3964
915
1157
1367
6904
3212
3240
5507
5892
8025
2907
8048
1287
2489
402
6798
3711
1036
1317
5785
7990
5558
6417
5073
1090
3061
428
5350
841
1272
9
4533
1871
90
7559
6124
5594
1155
249
6227
1550
2411
538
2136
7823
2661
7037
6632
296
4285
1546
1083
1800
1036
6595
1279
2903
8187
5402
2801
4830
7543
248
7389
3245
5802
1168
6384
2465
3022
1786
121
1075
1576
5427
4050
5542
951
2082
229
3965
464
5225
1539
787
341
1341
1032
1289
2034
6554
5810
6031
2248
6521
6660
2124
1017
3263
1550
4608
390
4074
3334
2504
7190
2676
2243
5335
5320
37
2862
3743
7192
6598
5155
6365
5837
5277
508
877
7452
2070
6012
5531
7908
4640
7520
6475
7749
2411
393
2248
783
4984
2823
6793
5922
907
6759
442
7746
5058
5444
4330
3862
8166
2145
397
1472
5873
6968
2898
6757
1362
951
4861
3728
325
7254
2520
2907
600
4600
7613
3835
4214
7814
6040
6860
7965
4342
4791
8147
7247
939
3721
3230
4789
37
5148
1273
2654
5704
2668
4649
5604
6403
1155
1883
5376
7039
335
600
5537
1279
4580
138
3469
3707
4649
7295
2157
1974
2532
1356
7162
6858
203
7666
3886
4997
6948
4035
6501
586
2751
6024
3421
439
4783
6656
3453
1009
7740
7190
3986
2465
3682
4069
1899
872
2823
7330
2997
2507
5
943
4301
4459
1437
5558
7821
2164
810
1659
5359
1357
5509
7313
5187
7275
514
7054
7464
7852
5352
5507
1550
7371
4702
6307
1169
7004
5109
3286
2024
6731
4198
3486
2471
3760
2685
6444
7825
7795
5099
6275
7965
394
2558
6708
5107
2283
3706
3010
7915
4737
772
1706
4583
852
3706
1402
3575
4725
7895
6264
838
2978
493
6030
504
3394
2116
4815
317
2586
6825
3209
1361
158
3706
4361
1769
210
5681
6997
3445
2654
7798
201
1105
753
947
857
4607
1312
4352
5423
7533
3832
365
3743
2164
990
6939
889
3921
3093
366
7615
3322
736
4758
5402
3732
4361
3762
1864
8133
1289
2630
3572
4926
8135
7854
5078
7180
7415
5051
2240
1415
6064
773
7831
7754
1963
1878
1823
7756
8156
2823
6853
2346
7997
6344
2741
1430
2005
3153
2805
3266
5998
925
4630
8135
367
2157
457
7389
2002
3627
2019
6960
6345
235
2289
3008
6256
5172
8184
3159
2766
2223
796
975
732
4425
7196
5671
6932
5537
2850
1830
6593
5997
550
5938
2907
1119
266
7012
2409
2082
5604
5453
6810
5126
4649
3742
6272
1780
4155
3749
2585
7525
6254
3209
2960
3092
2697
3051
4074
1610
121
8011
5173
2419
2766
4796
5249
6645
3930
3277
3126
7929
8046
6798
6370
101
2303
266
1672
6001
6712
8107
3231
4048
256
964
2737
6790
1485
5983
2100
1514
1085
5762
4545
5167
475
3136
4274
7852
2721
3141
3271
1329
171
1435
2351
643
4228
3126
6409
7098
4579
896
2586
649
6553
6259
6868
2983
1929
3055
6479
1235
2972
1485
1091
2040
6500
921
3430
7726
6264
3551
3721
119
7885
1915
7356
31
5837
5957
4924
5509
6210
5962
5393
1588
250
6203
5965
6202
7077
6932
3783
1559
8105
6183
2577
2765
2118
1241
7301
4667
5224
6975
2286
2862
1262
2555
4202
1931
6103
3859
5804
3049
422
6254
3647
1522
7613
1584
2169
3303
332
3510
4222
2654
4812
7989
5149
4211
7205
3449
7153
4422
4356
6243
6070
285
6892
3538
3185
2805
7292
2082
2612
2082
6292
3946
250
4007
3196
3980
1989
5867
4186
4368
1941
746
5273
4085
4596
1009
5335
4896
7253
587
4662
602
4997
7195
2019
3825
3259
7884
7621
4545
11
101
5454
4295
4230
2531
5748
4074
7154
1048
8048
1919
7425
419
7281
7172
2272
3729
7587
4115
2313
1103
1944
6677
988
7567
973
1289
7788
4858
5385
5376
672
6976
6164
3415
4975
4294
292
7129
5209
5886
7785
7785
7785
1546
3118
327
3252
289
368
8019
7497
845
4809
5412
7371
1846
7534
3560
1430
1042
4217
3635
1017
5227
7617
5985
3348
6691
7811
2030
3870
118
332
335
5975
1048
3186
3037
3567
5266
7945
288
2483
1083
568
684
390
7901
1606
2677
1428
6595
1784
2613
6366
852
1520
6595
4783
7165
3481
777
907
2676
2343
2465
3860
2663
3077
3153
4851
5682
