0
0
0
10
9
0
0
2
9
0
11
1
1
1
0
0
2
1
0
0
0
0
0
7
0
0
2
2
0
0
0
1
0
0
0
0
0
0
0
0
0
0
0
0
0
0
0
0
0
0
0
0
0
1
1
0
1
0
1
0
0
0
0
0
1
0
1
0
0
0
0
0
0
0
0
0
1
1
0
1
0
0
0
0
0
0
0
0
0
0
0
2
1
0
0
0
8
0
0
0
0
0
0
0
20
2
0
3
4
4
0
0
0
0
0
1
2
0
1
7
1
1
3
1
0
1
0
2
1
0
1
0
1
2
2
0
0
2
0
0
0
2
0
0
1
0
0
0
4
1
0
0
0
1
0
1
1
1
0
0
0
0
1
0
0
0
1
0
0
1
0
0
0
0
0
0
0
0
0
0
1
0
1
0
0
0
0
0
0
4
1
10
0
0
0
0
0
0
0
0
0
0
0
0
8
5
11
5
7
3
26
1
4
2
1
0
0
23
2
0
0
10
0
1
1
3
1
1
0
1
0
2
0
0
0
0
0
0
0
0
0
0
0
0
0
0
0
0
0
0
0
0
0
10
0
0
4214
4729
5198
4442
4934
7189
2525
2405
7405
2244
7119
626
5874
1155
7587
1713
4861
5000
1746
1767
8117
3188
5928
5736
5972
5275
4569
4291
1768
7061
2359
212
2066
6677
1425
7621
2352
6321
1136
5290
8047
2463
4640
6822
4630
1581
5290
1232
5595
372
5489
836
1675
295
4399
4007
3391
2022
1514
3162
4491
7547
7692
2405
3581
4788
4385
494
7494
7732
7956
2114
5012
6820
5677
1641
280
7344
3348
5689
2441
6053
1055
2843
7230
7314
6785
6635
5210
84
3162
3861
1660
4667
3960
3821
6281
5479
4290
7405
6366
4103
5272
5897
1262
5833
6222
3092
1124
3835
797
6508
5364
566
6700
3571
1362
2196
7234
6165
2283
3793
5902
2502
7398
7492
3577
1279
6058
7256
6544
5115
7874
5715
1136
722
2404
5824
3751
487
1789
6002
30
7520
3687
978
4261
7642
7463
5434
1040
931
3470
2248
3058
2502
7209
7736
6552
6820
2425
2166
4759
876
4635
5625
1864
882
4224
942
3161
3510
6824
7866
4093
1024
4478
5475
7153
2327
1289
4268
174
4013
1450
6351
7239
4818
7033
750
7642
3487
4689
2418
7024
6760
155
3835
7040
213
2470
4841
651
4491
2271
747
4239
12
2721
2775
1492
5198
3490
1244
3687
508
1441
7244
7289
2907
3720
2907
4729
4791
4049
6226
2359
2867
4509
1105
3051
992
5805
2507
1769
5778
5113
1769
5982
7460
4295
4330
770
478
3627
2611
7136
4372
2009
4703
2825
7861
7380
4472
3385
3586
6465
2057
6307
4551
3098
5051
7867
3916
4667
1048
7910
5292
4708
1236
4263
904
7378
4579
2715
257
2671
6572
2510
4796
7408
3636
3254
2826
1067
4412
725
3166
1103
1886
2591
951
5701
7598
3741
5874
3835
5115
4120
6973
2483
6275
1882
1073
366
3467
1770
2662
3808
3261
6098
114
7596
1155
4533
718
5877
7143
3475
4207
2402
575
457
4341
6482
744
6165
7910
5921
5536
2658
1650
1810
6844
5695
1881
6752
3452
2992
4034
1139
6220
6075
1170
4958
3729
6634
5102
7380
4291
8025
2051
335
6818
857
5171
4594
3861
3823
727
4270
393
5359
6094
5931
5516
2649
6201
2611
3278
785
1437
4397
2778
1465
1856
4035
6526
7295
1439
7587
1309
4484
5432
5945
2907
6475
4291
6089
7670
4478
2164
6380
306
184
2064
6785
6284
3989
6272
373
5104
5808
7192
1296
6415
3624
6798
6898
7356
872
7491
729
6483
3402
3051
2645
2780
6926
3783
1137
255
978
437
8088
6257
8093
3444
2889
7085
2642
871
7476
3381
5631
3526
2878
6526
990
442
3209
1830
5024
5113
5798
4397
1415
2586
5332
7398
6818
5650
4270
1767
5997
2343
7127
6251
4766
1662
3452
6457
1850
679
6444
7814
6189
6216
465
7758
8089
5495
7647
2022
1534
8160
3225
7872
7230
6967
5322
5594
4594
6997
568
5542
6447
5078
2124
1193
2751
3316
2272
2023
3170
7785
6121
370
1693
7399
3049
440
129
540
6518
7692
1023
8128
1856
6440
5998
7419
3851
5928
6089
1709
4950
7063
5919
7853
4249
5138
2671
7874
838
4962
3170
6839
6839
8156
6732
552
1800
5200
1036
4911
6851
3325
2370
2278
7739
3715
8047
1238
2343
2080
5643
1160
47
5328
1882
2535
2395
5446
5200
5465
1021
5499
6981
5138
2838
960
1468
2783
4621
256
6740
1973
2585
6094
3286
2843
3405
7587
4535
3686
3056
3240
6258
6271
2135
4924
1859
6892
3878
2716
6578
3998
2820
2059
6595
2634
5229
6189
7800
2778
2304
7756
6731
7171
6234
4177
2823
6167
8080
2850
8006
6822
2429
6227
7665
7615
2916
4242
496
7013
6639
3350
2219
643
3347
7586
542
4124
7006
4928
7260
7923
2751
7525
3329
1212
3238
4343
1287
3631
2131
4329
3571
6441
4729
783
5019
5013
4294
1224
7882
2257
7527
6785
3232
3272
6254
4149
4285
5200
5463
2076
6894
6526
7093
4858
6777
1040
7359
3876
5166
4880
1524
4389
6895
6366
3188
5874
4809
2325
5248
1023
2411
685
7752
1131
6478
1435
1872
217
1011
8166
477
464
3209
2013
7852
1600
1450
35
2805
6839
1182
7431
1709
1544
3298
2244
4224
3959
2441
2441
6973
575
5484
5732
2178
7501
1327
892
2973
7313
6563
2615
7965
7313
5924
3722
1203
7575
7823
4412
7591
4097
3199
4708
1415
3797
6777
4785
4809
390
6973
5226
4851
4707
3773
6263
6793
1859
1340
1597
7522
6376
1071
7456
4285
6254
7965
395
7568
5044
4291
959
3166
7517
5413
4478
7110
1160
1441
1591
1944
7258
6571
7913
486
4628
4234
6851
4454
5503
1971
2404
6366
2273
5104
1973
456
4571
2535
5436
6150
5807
374
5886
5596
4486
2000
5385
6009
931
1017
4758
7823
4361
2597
7823
3616
6691
1780
7171
4903
117
4343
3322
2684
1385
3771
2132
457
7931
919
2304
4575
6645
1830
5450
1463
2592
3600
6649
4383
934
1944
5643
4441
7592
7722
7002
6876
1634
3351
706
5041
174
6889
2467
3298
785
3444
1356
6841
4014
4061
5773
3454
5428
4836
2518
3736
3475
4880
1467
4914
4569
4008
3542
5107
2248
1822
5282
2663
1659
1597
7575
932
3161
3392
672
3666
980
4979
635
6359
3424
8102
2890
4809
6635
3224
5691
5005
4175
475
5724
1863
5129
3542
3741
8025
7591
7582
4568
2459
2639
5840
280
2478
4007
2124
7967
6354
7962
4667
5298
8001
5372
2260
8011
8004
7892
2547
3768
5129
3161
1414
2489
5129
4341
1886
916
3207
2764
6829
5092
4061
4491
851
997
1185
2411
7207
1978
2496
3506
753
149
5341
3083
5836
4796
7415
4511
3812
1075
3741
1864
2252
3186
1739
3095
5066
1765
3490
6179
77
2159
6849
3044
639
4578
3950
4488
6183
8157
7861
7893
7796
4569
7615
1765
7831
7229
5915
3143
4741
2465
4569
2741
933
5595
5276
7910
5173
7901
2987
575
2130
568
1886
1581
2586
3635
568
3483
4224
2405
6089
208
4647
2285
6258
6945
455
250
4830
128
3506
2496
2016
1404
5891
4207
4273
7570
559
5173
