0
0
0
8
7
0
0
1
10
3
9
1
0
2
0
0
0
0
0
0
0
0
0
6
0
0
1
2
0
0
0
0
0
0
0
0
0
0
0
0
0
0
0
0
0
0
0
0
0
0
0
0
0
1
2
0
0
0
0
0
0
0
0
0
1
0
1
2
0
0
0
0
0
1
0
0
0
0
0
0
1
0
0
0
0
0
0
0
0
0
0
0
0
0
0
1
8
0
0
0
0
0
0
0
19
1
0
11
5
2
0
0
0
0
0
1
2
0
0
8
1
1
7
0
0
0
0
0
0
0
1
1
0
1
0
0
0
3
0
0
0
0
0
0
0
0
0
0
3
1
0
0
0
0
0
1
0
1
0
0
1
1
0
0
0
0
1
0
0
2
0
1
0
0
0
0
0
0
0
0
0
0
0
0
0
0
0
0
1
5
0
10
0
0
0
0
0
0
0
0
0
0
0
0
8
5
8
5
2
0
23
2
2
1
1
3
1
23
3
1
3
12
0
0
1
2
1
0
0
1
0
2
0
0
0
0
0
0
0
0
0
0
0
0
0
0
0
0
0
0
0
0
0
10
0
0
1862
7764
3196
7259
1776
2325
2676
3123
1539
3631
1824
3254
448
2582
4912
5374
5347
483
1550
4594
3835
5010
6059
256
4374
7154
2411
3225
2896
4207
5129
3287
3017
8120
3311
1941
3644
4236
3862
6776
3245
5292
1822
1633
6375
6508
5107
1768
5922
631
4594
1736
4812
3617
4866
3071
772
2563
2773
2916
960
1425
5382
2284
1311
897
3722
4209
3376
335
6823
3014
7722
1733
1233
2300
3656
1395
4089
1340
3143
5687
5594
5338
3043
7223
2835
5166
6508
1334
3625
8025
4950
3433
1118
1319
4498
6552
1948
3068
6533
5379
2663
568
4729
6413
756
123
3240
7453
1979
6372
5922
6677
2538
2260
7223
7893
5343
1948
4605
5053
6777
1926
1232
557
1236
5608
2995
541
7391
5319
6525
3995
4661
1218
7169
1118
5338
1057
783
4506
4242
7337
3143
1235
5627
7408
702
2541
7640
3621
1464
4361
1926
7688
2887
1248
3968
2152
914
2999
2661
5550
6020
536
1478
2264
3491
2217
3272
1277
7738
5324
138
2798
3143
5129
4146
3071
4569
4491
7190
3964
1620
7887
7203
7798
1168
3220
3888
5928
7398
5343
2527
1822
2796
3586
4395
690
3616
7740
2627
1437
4045
4723
6519
7531
4942
7451
7650
2423
1478
7777
5945
1365
5867
5514
7798
2533
3653
2868
1620
6307
2597
6558
1830
3600
2080
3741
797
5531
1040
5317
7374
1366
1196
4263
6255
2135
6753
7160
8110
2214
6552
2066
5874
7436
5162
740
2419
6417
5925
3075
4319
7689
7211
550
6635
460
444
1395
4719
5998
4189
871
3154
2426
7406
586
257
5957
6098
5813
1170
3859
96
390
7872
2597
4451
2907
4009
7838
6421
1645
4100
7389
1453
2015
167
591
5874
5292
5396
2973
1758
5805
5324
7418
4524
586
6907
7517
422
7567
4606
7964
5798
5507
7570
2013
7993
297
2843
1667
1864
1459
1289
1712
1163
7984
986
806
6104
1513
399
7496
142
5544
4389
4937
7648
2902
886
5809
3699
1385
2082
5527
213
3809
4644
2013
4512
1965
7816
1269
5332
3322
5604
797
2498
3220
1209
7861
7973
5106
6838
3555
538
126
4048
7208
3742
6427
7006
3489
1659
2164
1635
2366
7133
8022
4888
355
2340
7575
8111
6590
4441
1600
4017
340
8046
418
631
4341
2284
5398
6863
5202
7223
2860
1401
4268
7727
3792
7533
6365
5499
1570
6092
2727
2581
536
5428
5166
7184
6243
4888
4616
6572
1527
6555
2838
6104
5173
4475
591
2907
3254
2248
5100
7714
6454
2578
317
6478
4481
2400
3973
6220
4096
7001
1635
552
976
990
2022
6567
2022
1046
5000
4722
457
1982
7760
4214
7051
4291
6417
6553
6396
4999
3571
128
3921
6572
8072
2594
4884
714
1850
3899
3024
6143
7302
5127
2585
7441
6949
8145
8039
4911
6407
3783
4285
5000
6252
3402
631
3959
3477
6135
4546
3339
3421
7355
3444
1471
373
896
7300
2077
1917
3813
3667
3086
3750
6535
5042
3656
424
6521
1606
7031
5737
8166
2979
6898
1156
2465
211
2411
1281
2773
6600
7318
2578
1254
7682
4390
3276
6535
7984
5146
2023
2277
1064
6501
6162
2649
2530
1316
6758
174
1748
5684
7545
5821
3526
4525
674
2080
3326
5476
7258
7229
359
2127
4341
219
4794
7572
6044
2808
3086
7687
2220
4794
3759
4998
7313
807
5197
7195
7020
2555
3769
4413
3835
239
6094
4199
2532
3468
4448
4472
1155
2411
240
2560
7451
1430
7292
2671
666
373
3378
1125
2961
3127
7821
6066
5979
8019
4903
6284
4523
6592
2717
3773
5850
6405
6575
1919
2402
4642
7277
2764
2541
3835
1726
3414
2320
5938
4048
5123
6898
6643
5447
6266
4657
6746
2232
1662
4526
1757
5420
4817
6257
7355
215
4340
7294
566
975
96
7573
3047
43
2777
6041
4008
3627
1036
4911
6959
6030
303
5957
2756
126
6941
6902
5725
1356
2563
6769
2535
6752
2116
2918
45
3207
3600
35
6403
4662
7574
2242
4207
6558
1456
5608
5542
1238
2377
176
2041
373
4150
554
252
2320
456
4199
3832
3434
5516
150
7001
5737
7254
6552
8011
6833
1279
899
7598
6351
4525
4818
5892
390
5730
1456
6975
2958
2285
4335
3542
559
410
7045
4725
7880
6247
2823
2642
2581
1318
3038
2232
983
3470
5277
8047
2531
649
7823
7172
2892
5283
2464
7575
5010
6799
6791
4783
1456
3244
6552
1944
6945
2381
2164
6189
3969
6987
7366
2855
2518
2506
5258
5798
5019
4155
6117
6441
255
208
6648
5403
2558
5997
8077
4717
3237
4864
4067
4274
2182
6642
8087
2923
5112
6393
2411
558
5309
679
6500
1045
7345
1645
5883
5165
7405
1311
5120
1550
1217
628
1581
6176
5288
5997
5468
3188
4238
369
2631
3726
4352
585
6979
1017
3756
5380
6799
5928
3224
2253
7024
3541
7301
3286
4168
2843
2227
6472
2358
7823
2816
2219
2276
568
6818
6895
4836
5436
2516
2296
2462
1890
4502
2713
1300
5688
4950
3728
5524
6327
1567
3286
7085
5010
6441
3765
4191
3625
592
7582
2916
3786
6308
1269
4270
3240
4867
2415
4399
6918
7435
1514
6847
1070
1048
6438
4099
649
684
7451
7408
6209
3276
5979
896
4600
5292
6614
6346
1821
2784
5514
6351
2317
7180
998
5129
3741
6945
6276
2835
1590
797
4950
6227
6053
6932
4698
2736
3220
5751
4796
960
4329
4535
1683
3052
4049
2339
1317
7468
2764
4950
6179
6035
683
7064
3586
4578
4892
4319
421
5531
8025
3577
4888
3225
6289
2202
2676
3660
6791
6677
4353
5874
425
7596
925
3000
2304
7868
6134
7986
2489
6776
593
2817
1409
5059
7353
3741
1550
7011
6973
7048
1733
4017
3490
5242
5517
592
202
4644
536
7246
450
4851
6384
384
7940
4852
3280
7190
1919
5173
7011
6401
6000
3517
6827
2405
7940
6395
6677
2410
169
5129
5834
4201
5636
7061
169
5167
1631
3584
783
4007
3477
7258
783
137
2325
1155
7464
3186
1356
5024
3925
1076
7543
297
6552
4522
4644
425
508
2219
4849
7816
