0
0
0
9
5
0
0
2
10
2
12
2
0
3
0
0
0
1
0
0
0
0
0
3
0
0
2
1
0
0
1
1
0
0
0
0
0
0
0
0
0
0
0
0
0
0
0
0
0
0
0
0
0
0
0
0
1
0
0
0
0
0
0
0
0
1
1
0
0
0
0
0
0
0
0
0
0
1
0
0
0
0
0
0
0
0
0
0
0
0
0
0
0
0
0
0
10
0
0
0
0
0
0
0
16
2
0
6
3
3
0
0
0
0
0
0
2
0
1
3
0
1
4
2
0
3
0
0
1
0
0
0
2
0
1
0
0
1
0
0
0
0
0
0
1
0
1
0
1
0
1
0
0
1
0
1
0
1
0
0
0
0
0
0
1
0
0
0
0
0
0
0
1
0
0
0
0
0
0
0
0
0
0
0
0
0
0
0
0
6
0
6
0
0
0
0
0
0
0
0
0
0
0
0
7
4
8
0
1
2
22
4
0
0
2
1
1
25
1
0
0
12
0
0
1
2
0
0
0
1
0
0
0
0
0
0
0
0
0
0
0
0
0
0
0
0
0
0
0
0
0
0
0
10
0
0
4701
348
2136
729
7901
158
2795
369
4224
1067
6892
5174
4561
7658
791
5654
1554
1717
4318
4049
6760
4125
7985
6511
1971
1090
1296
2896
2896
2309
6258
2896
7872
5249
7286
5655
4538
3750
7430
7061
617
1295
5684
1450
1670
7470
951
4691
5463
7494
3793
2100
4556
7501
5461
4796
3416
649
4867
7451
2851
2851
4575
592
3513
4142
5647
712
3989
2997
3055
3876
7389
3936
2671
2654
4392
1838
91
2491
1514
7788
3386
5790
814
45
3004
1965
4718
6384
2136
215
4372
6417
7570
2986
5577
4554
6926
4018
1124
1030
3124
2709
4719
2092
1584
4604
1040
3821
7463
7908
6820
2642
679
155
671
5893
575
1279
4647
3240
1672
8025
4202
7223
6384
7419
292
825
4119
3469
995
3490
5358
7676
6036
4018
1900
5688
5569
4375
5882
817
4784
2134
2555
2175
7430
5956
4050
2408
7135
3682
2830
3347
418
6417
698
5393
1448
4513
5937
2148
4804
3237
2597
1584
1244
7872
8138
2538
6441
2444
7771
7339
244
464
3191
787
2258
3093
5518
4150
5107
7153
30
4718
2325
5013
5608
4771
2284
8138
6545
4471
2157
6391
914
2465
897
1774
6876
2196
3140
3349
586
2385
4712
2070
5760
5138
7177
6858
2774
5288
3415
5164
55
4335
4670
8025
5748
683
7788
8011
2494
960
3995
6875
7657
4867
202
7940
2483
4813
1893
1494
5865
4285
7353
2390
1486
6444
4769
2589
2023
4679
126
7600
1545
942
2672
7901
1155
369
1864
8004
6760
6258
35
7740
8017
960
5129
1468
5209
1085
2240
8046
6292
7057
1816
4281
938
1865
1869
4182
7081
4300
7456
4958
303
1406
4335
3706
4217
7591
4489
7869
6945
6826
1313
3287
70
725
2309
5800
2475
2116
5426
5632
7171
4485
3574
358
7524
4322
3946
943
5394
126
2668
6572
456
4168
2714
94
1944
1090
5868
4074
7940
4670
4146
2958
3598
2196
7665
2402
6639
3639
3331
2751
5509
7921
3214
4070
7835
3468
5577
1011
632
2064
6810
6488
317
5695
74
6245
4600
6245
6041
1478
3594
4312
5193
3661
6552
4215
7148
2285
6677
1133
2460
3384
7696
5056
2027
3893
3941
5760
5145
2791
4401
6456
4903
5695
882
1550
4892
7419
1830
4628
702
208
825
5798
3188
1969
3660
7545
1871
7764
7872
1313
1999
481
2030
5797
6761
7334
7916
5145
316
914
5461
5029
3864
3322
5756
2796
390
6510
4580
6058
7236
1087
6997
7294
5542
2995
6258
5322
5129
3196
1075
4207
6089
5798
3004
7067
910
845
142
2581
3947
2949
5911
2253
5764
6991
5372
7901
1576
2328
3806
899
2995
5704
4600
2780
2374
2415
3071
2343
4326
7781
3389
4878
361
7229
7287
2720
7603
4895
2175
1349
6904
7251
7318
252
4769
2281
4661
1784
5173
30
1275
7389
8160
3358
4708
6895
7722
5107
2887
4190
3391
4608
6475
4080
5928
7294
7768
6085
3495
1293
4600
1998
8068
2159
4878
4641
551
5811
4199
687
3416
2463
1514
3044
6799
6583
297
4812
1245
6141
4708
382
7722
1535
2419
35
414
6565
7356
150
6488
2889
3761
4798
7353
8091
2343
5798
5288
2634
5913
6073
3816
541
4474
1765
6371
5531
6058
5272
5319
947
4504
2843
2485
1478
35
4852
4007
3123
7834
259
5250
7940
7149
4963
7085
4362
3193
1299
4445
1147
7201
3155
64
2541
3861
5292
2214
3077
4546
5010
6613
4785
3433
4100
4636
2208
7012
3588
5705
6563
129
2645
5279
5798
2329
3100
904
4869
93
2109
7427
947
5644
5103
5791
7326
2270
1957
4017
2114
48
5890
7954
1165
4190
2404
4466
2823
4677
250
1239
2743
7024
2380
1944
1774
2676
6338
3056
6481
95
3185
7176
5587
155
3506
343
6116
5709
465
210
491
1181
497
4843
8036
1859
779
4725
3325
586
602
3277
5005
7045
35
4472
4293
5779
5484
462
2016
7894
7163
5777
7415
7494
6047
4410
367
4539
4355
5601
7094
4478
2485
3286
6501
296
1437
4060
3209
2535
6254
5395
89
2483
1819
7216
4005
2020
6789
1685
8080
170
1639
4824
5371
6021
6531
4200
278
1986
3896
3732
4065
5035
4264
5989
1973
4766
3503
176
2584
7378
5197
7452
8093
296
2555
7037
3921
6851
1316
1905
3118
3158
212
906
4142
948
4450
1217
5742
4389
2905
6552
3154
4812
3391
5542
906
6898
1276
2507
358
7377
677
7814
3299
3183
456
5452
7577
2992
1979
150
6640
4264
4852
7978
7003
3146
2579
4658
5184
2806
7282
619
6906
7090
393
702
3513
5056
1318
1590
4962
4699
1357
8107
6952
2178
6960
3503
4424
3808
4454
1800
7595
2453
7888
3806
4779
7418
7918
7656
2690
3177
7978
5292
8187
1312
8191
5359
760
1288
6465
939
938
3574
4075
4075
2128
5456
2519
1471
5637
1207
199
5382
390
3475
1768
7389
639
275
3259
5375
2520
4660
61
7798
1279
1394
1036
6642
1471
4523
6793
2341
4152
5679
457
2273
2059
2712
7456
1859
1318
3287
6031
5352
4429
4950
3145
2836
7357
3470
3962
2573
1617
1497
2903
6002
792
1316
4048
1973
3711
3191
5200
2341
1047
2376
2773
266
5972
6292
6407
3191
3838
470
1312
7582
4329
5185
4950
1620
4572
2808
4646
6183
4747
8132
1600
3483
3721
7294
7236
3901
6935
6712
2565
2555
6633
6497
6467
2299
4879
3350
5064
3859
2565
7247
6563
7153
5048
30
740
450
3284
6258
1062
3368
6181
4934
4521
1944
4236
7012
4293
6369
439
494
2555
6105
6361
6072
5359
1956
7990
1915
4295
4571
2778
5302
1631
4856
297
4291
1103
5748
1163
6635
7716
5095
3095
158
1341
7823
7002
3541
3851
1195
7142
5162
14
4820
7312
2179
1340
7610
6436
2535
5018
915
143
2220
607
2558
2960
5627
7269
5290
217
2092
3888
1699
912
5998
211
5247
109
1538
2597
469
1309
3835
4964
3577
2686
6640
5963
1404
1277
1880
4813
6230
5497
4004
5385
2802
4011
6914
1532
740
649
3755
2922
6677
5809
3299
6141
