0
0
0
9
9
0
0
2
10
1
12
2
0
0
0
0
0
1
0
0
0
0
0
2
0
0
4
3
0
0
0
5
0
0
0
1
0
0
0
0
0
0
0
0
0
0
0
0
0
0
0
0
0
0
0
0
0
0
0
0
0
0
0
0
1
0
1
0
0
0
0
0
0
0
0
0
0
1
0
0
1
1
0
0
0
0
0
0
0
0
0
1
1
0
0
0
8
0
0
0
0
0
0
0
20
5
0
8
6
5
0
0
0
0
0
0
4
0
2
3
0
1
5
0
0
1
0
2
1
0
0
0
0
0
2
0
0
5
0
0
0
0
0
0
0
0
0
0
4
0
0
0
0
0
0
0
2
0
0
1
1
0
2
0
0
0
0
0
0
0
0
0
0
0
0
0
0
3
1
0
0
0
0
0
0
0
0
0
0
4
0
8
0
0
0
0
0
1
0
0
0
0
0
0
10
8
8
4
3
2
26
1
4
3
2
1
2
27
1
0
0
11
0
1
0
4
1
0
0
1
0
3
0
0
0
0
0
0
0
0
0
0
0
0
0
0
0
0
0
0
0
0
0
10
0
0
3916
928
5222
2446
4069
3609
7716
2907
4359
1799
2064
6654
2686
7015
4609
6660
5945
1944
4543
2981
4867
170
4628
2679
491
3287
8105
5791
389
4055
1581
3861
2225
7617
1661
1362
5751
5209
1
7506
5820
3020
4818
5334
4741
7218
6377
1944
7716
1217
5272
3639
4207
614
297
5915
7527
6346
1287
2628
3153
5643
931
7153
7227
1845
1954
6358
1644
2753
1097
591
4708
5290
2850
6179
2139
1631
657
1075
6583
6820
5385
2169
1878
6104
6393
1087
3405
1333
26
3440
698
123
6227
2764
7711
4291
6921
5920
6864
7921
1057
731
215
2406
6450
943
976
1234
1917
6330
3056
2271
7151
2616
256
1765
4329
7642
4708
6389
5770
5168
2022
2217
2419
5647
5595
1768
2192
2124
2854
2860
3592
5000
6790
7148
6409
1234
400
3136
1794
4525
5209
464
2654
1462
7440
4600
5531
7380
4984
3495
3277
7084
6396
5376
4489
1150
2986
1024
5403
4214
575
795
3378
820
3196
1155
5982
1464
2553
7434
4365
3679
5226
6862
7153
7373
4726
3835
4785
4343
2281
1882
7912
6892
5102
7866
7997
6241
6002
1620
2031
4988
836
3694
527
7967
2001
421
916
1200
7919
2612
5272
8080
4574
6183
7232
3859
1318
7121
114
1318
456
4285
7166
1358
5877
2777
6681
4785
2836
3862
1821
7866
4350
2917
1714
5461
1407
1395
649
3290
783
7781
280
5494
3358
1039
8177
2565
1486
7133
1011
3810
386
510
1073
6643
3730
2777
7682
3973
5232
369
8030
4594
2230
5672
1215
2378
932
5242
421
6645
3958
3244
7418
6799
3443
1181
4769
4911
1340
2457
2565
6073
3728
872
6201
2349
6233
5632
3008
5133
3666
4224
5024
1420
3050
7033
7295
5010
2017
7470
3740
6791
5276
2489
1769
795
4561
877
6448
4903
6785
4524
2878
37
626
2132
7165
1327
3286
3232
7756
2385
3191
2406
711
6540
5382
5301
5324
7405
2500
1617
7884
5982
6791
4106
2986
7051
749
393
1913
323
1469
664
6580
3286
5242
7313
2675
2565
3557
1882
4662
5169
3777
5200
5452
3325
4017
328
6791
7615
6395
4950
4758
7178
2995
1348
4978
2409
1905
7021
3350
6752
995
7333
7456
5515
5226
6960
8012
6960
593
6526
3318
5310
3159
7166
7895
3664
5620
1450
5654
5921
4202
5720
4350
3572
1913
497
5931
6630
4454
1366
4583
939
814
6040
3858
4896
4776
6522
7648
786
101
2460
6092
754
6150
466
6995
4511
3671
6770
2500
7692
8105
6550
340
1
2777
4239
7805
3277
3170
1025
1036
5443
4229
3973
7685
522
3170
5040
6595
7333
22
4197
1539
3151
3077
2228
308
6044
5585
2710
8019
6271
4594
5997
1688
3627
4194
3353
7687
6572
1356
6960
6960
7874
7103
1999
7300
1869
4815
5819
3211
3032
7294
7934
2671
7554
7841
618
7639
4975
7142
3671
6668
2684
7051
7090
7888
1236
724
4439
6642
5529
5529
8091
7281
3621
7592
2947
1329
6444
3162
7176
1850
2595
2027
6301
1346
7554
3228
3191
5056
22
12
4568
6590
925
749
2283
169
5909
2485
6251
807
6474
2715
2116
3394
3394
7406
3642
1096
2116
4528
8043
1096
6499
5498
3380
760
1549
5499
1617
3549
1744
1139
672
170
138
2554
2345
951
783
4569
7294
6369
7805
5302
3965
6873
3316
5980
2064
3947
8068
4357
3421
6453
6498
7666
3809
4971
1549
825
790
5274
1196
3723
6307
6210
1467
5542
30
959
7798
4475
5531
5963
2516
3237
1317
1316
6098
2677
7109
5688
466
5111
5714
1583
306
2082
37
3710
4875
6668
900
1513
1279
3432
8133
4160
4457
5112
600
2737
1331
1709
6438
4533
3252
1170
4466
6013
2743
5302
5785
2775
1040
5174
5200
1459
5240
3162
8087
6525
1895
1870
857
4472
4343
1330
4486
6359
3775
1913
2016
5456
2676
2358
3433
5778
7221
6220
4766
2878
5957
5099
1316
4823
4059
6349
1859
8093
2320
174
2903
4805
7136
2607
1596
5217
6128
5517
4628
3078
1422
7252
979
2773
6060
7613
2285
4175
3495
908
366
1744
1686
6575
3197
5952
7965
1130
6024
2939
6643
2910
1835
3517
5558
456
5634
363
5112
2762
4456
225
1929
3840
4112
46
2271
5998
6002
1645
910
6911
464
1757
6640
4359
394
2649
6640
5078
7912
7929
886
4929
2041
2890
7177
2657
1661
2089
6214
4888
1579
765
5018
7031
4383
7570
5048
6645
3732
7210
586
7432
7906
6323
33
2343
394
5837
1486
1637
2076
7610
1073
7935
1637
4314
6098
6730
7305
1331
296
7345
5844
271
3329
6875
2479
6348
418
508
5352
6770
4361
3148
2303
3548
1481
4546
1293
4466
5148
3482
6590
2132
6630
1929
2158
3786
1585
5161
1084
1074
7023
904
8
2251
184
2621
2041
114
3625
5343
2835
5428
5576
3959
4341
4812
2975
7294
6679
2721
6318
2657
2236
3082
7394
2715
1191
4302
7929
3780
7076
7963
702
6411
3051
970
5353
4668
6830
5805
1331
3378
557
2214
5896
460
7874
1672
2957
1661
5079
5395
6988
5352
4835
3004
3449
3444
2716
1334
7456
2918
2080
4467
3901
7524
775
5489
7527
4747
6824
4491
3095
210
2244
34
2339
5778
2343
7451
5928
5434
5398
2831
6745
6514
2343
390
4644
1672
5201
3424
2225
6827
4887
3326
6791
6552
806
681
1769
8011
4291
531
3490
1893
280
4270
7408
7563
4569
4065
591
5507
2915
2661
2513
5028
7357
418
1576
7901
4565
3035
1468
6417
5778
684
390
3741
671
1352
5385
575
5322
7389
5743
3433
5051
6824
7823
5403
7640
6827
297
2489
3732
507
2361
3623
3014
691
3600
4735
1534
8175
11
7405
7995
3433
1565
6677
7716
317
973
5322
932
7910
6827
4291
7921
740
1675
1411
876
4608
2679
7011
575
7466
4812
5288
2709
1872
2205
393
1279
1456
6318
7798
4007
1769
1689
3682
3274
3209
5921
2130
7613
5275
7691
1404
2489
2130
297
3240
4867
6384
1672
5019
6818
2022
8073
3416
5801
3475
3811
4226
6082
905
7477
