0
0
0
10
6
0
0
2
9
0
10
1
0
1
0
0
0
0
0
0
0
0
0
4
0
0
0
2
0
0
0
1
0
0
0
0
0
0
0
0
0
0
0
0
0
0
0
0
0
0
0
0
0
0
2
0
0
0
1
0
0
0
0
0
1
0
1
0
0
0
0
0
0
1
0
0
0
1
0
0
0
0
0
0
0
0
0
0
0
0
0
0
0
0
0
0
5
0
0
0
0
0
0
0
24
3
0
9
6
6
0
0
0
0
0
1
1
0
1
5
0
2
2
1
0
0
0
0
0
0
0
1
0
1
2
0
0
2
0
0
0
0
0
0
0
1
0
1
2
0
0
0
0
1
0
1
0
0
0
0
1
0
0
0
0
0
0
0
0
1
0
0
0
0
0
1
0
0
0
0
1
0
0
0
0
0
0
0
0
3
0
8
0
0
0
0
0
0
0
0
0
0
0
0
12
4
8
3
3
0
25
2
4
0
1
0
2
20
1
0
0
10
0
0
0
2
0
0
0
1
0
1
0
0
0
0
0
0
0
0
0
0
0
0
0
0
0
0
0
0
0
0
0
10
0
0
2597
7327
7086
5226
3706
7757
2265
3897
1733
744
4207
7596
2365
4598
2826
4593
4640
6141
3098
5166
3570
3364
1965
1103
2868
8047
386
415
6262
6307
4701
1734
7591
3876
3079
1450
777
5810
5248
2217
1331
5687
2635
7258
7887
7034
2265
2498
6237
1825
5263
8040
7059
3950
4796
8030
3240
7505
795
6329
4347
6074
4472
2217
1023
6997
3245
6141
3292
882
4375
4036
967
5194
7723
6508
5275
5402
4640
4570
881
1322
2265
4809
2868
4315
7059
4422
4852
2192
2553
3166
5688
6583
3896
1639
6552
7823
5384
6238
3472
7853
6419
5957
487
320
5551
1890
4796
5805
1272
3554
5023
8040
4442
3600
6307
1245
2678
7190
7221
7823
568
2080
7901
6973
1343
2136
3821
297
3600
5079
3861
1954
6469
4590
3933
4084
1220
1556
6660
7258
5882
3598
2777
6417
1576
5403
1733
7294
4341
4484
3439
84
2442
1965
2464
740
7591
7872
4722
631
411
4569
6796
4309
6005
6818
2419
2930
4927
7823
96
6053
4758
5977
3220
1664
6271
7143
8025
7419
1248
3177
702
1154
4778
3212
2137
2907
5166
5531
1581
4707
46
4207
5507
5904
8103
5165
2957
769
155
1944
1776
6553
1765
3888
6384
5874
1620
3326
5997
5272
1997
7153
7235
3212
3190
3240
3610
7230
5695
3959
6393
5275
6306
4880
4478
4472
4732
6552
7781
6498
7286
5735
4670
450
1254
1937
332
2285
7596
559
2958
2958
7484
4319
2736
592
5671
3792
4867
4708
6366
1948
2339
1040
7788
6015
4343
6012
1600
5328
4454
2820
6234
1394
5811
5261
3808
3316
7581
4670
2343
7391
5756
46
3494
7243
980
63
1397
3580
2016
6170
7049
8160
2907
1944
5874
5248
6307
3600
5129
6024
3218
4933
2889
4965
1784
296
1193
6614
1882
5813
3332
3639
6992
301
5777
4941
640
7363
2186
337
1668
4372
721
5751
6822
2672
2645
3477
348
7872
6945
7269
3178
2727
4197
6457
6030
1850
7754
4649
458
2956
7841
1753
7982
2343
6001
7485
6868
3577
5290
4652
2137
4551
208
4361
1941
7051
635
2296
522
3063
442
602
7226
502
1130
7133
625
3697
3156
2023
2584
7031
3728
2446
3394
4520
4183
2771
7373
2184
783
1620
2498
1733
3469
3720
4478
5249
1275
7516
6572
7610
3819
7318
5952
7456
3730
6415
1061
5796
6301
3468
566
7662
3325
3325
6044
4911
7052
5475
45
2762
2558
6020
2819
2976
3173
6249
5227
8105
5501
6389
7157
1340
1340
456
6798
3218
22
680
7350
4575
536
3168
4755
5834
6403
507
4526
3209
2559
540
1736
3360
722
1395
3264
1285
5000
7867
382
2672
3861
3503
5224
7377
6649
6925
4000
6263
7610
7758
4228
4524
3238
7057
7411
3102
6640
7052
7647
1997
2411
348
4202
1423
7593
7344
710
2485
5165
5643
4084
5063
5288
4340
8025
692
6532
2781
2420
2823
7965
2424
4454
6733
7906
89
3272
6501
273
6798
318
4056
5594
4312
2271
4950
5109
5249
6047
1
8094
4007
4475
3245
6070
6141
1155
4479
6071
5369
3893
3444
1239
7639
2308
3325
2082
1859
782
2260
5482
6272
7171
5991
271
7011
4689
4950
2771
5514
807
7663
6005
1513
2470
2466
2152
4009
1430
4009
2597
6293
4878
1790
6980
557
4892
598
6572
1074
4803
164
5194
5236
865
5801
3610
5092
428
1362
2645
6659
7172
2013
382
6645
7490
7721
8003
7873
7056
2024
2868
3153
4030
7942
8116
6615
5874
6572
6640
3183
2207
6235
3609
295
2922
8025
2894
3402
1702
7289
8016
6012
4604
683
749
3588
1774
750
6397
3608
3083
8016
6571
783
2339
1938
1450
4210
4950
4618
2253
6495
741
5413
1299
1794
4594
8016
1238
6481
684
6391
7966
3615
2894
4911
2404
2591
6258
6041
1536
5225
5128
7861
1042
5576
920
1428
2283
7640
5185
6797
5915
5975
1989
6817
6036
3071
4670
2678
6258
2343
5840
702
8159
6831
1075
6249
2645
7049
7613
4765
7740
8058
5456
484
4294
7230
7640
7398
1989
7642
2601
2364
7823
7110
6895
643
3004
4522
5161
6828
960
3584
902
4858
170
6417
2465
6307
6137
1565
4053
4007
5100
5434
2975
5890
1168
6366
5704
4353
1513
156
4903
3744
7816
7344
4921
2901
5109
5055
372
2541
6020
2374
6249
7537
7686
5275
2661
3581
4422
2856
4362
5096
5904
2726
3814
2810
1601
2973
6152
1017
1163
5551
3452
3430
7011
951
753
7868
7871
4788
3621
4217
2464
1664
4472
2546
6396
7587
355
7505
5778
7755
7675
7844
5278
4624
1639
2800
426
5422
3240
1118
1473
3823
686
7096
2327
5993
5815
5858
1602
5283
6262
7464
165
4160
5102
156
1312
914
6843
6724
361
1709
8080
7799
4649
5110
6281
4344
1564
6434
4927
4198
5382
4735
2860
3613
4851
2635
1485
4069
4845
7011
4561
4798
7463
307
34
3862
2206
1071
3480
3291
3862
4707
6650
7398
2907
7670
418
7301
7015
5403
788
6019
4879
4448
7165
2086
1155
5744
3290
1272
465
5551
7811
7281
4339
3621
3702
169
2114
492
1566
5403
5619
6635
6188
5248
369
1453
6645
4788
2080
5801
1021
4759
5858
7615
6210
4896
5494
3888
7049
5403
4174
2107
783
6107
5442
5704
7782
1981
7680
729
7497
4082
559
8167
1024
5272
2678
2136
2042
6735
3835
4312
7670
7546
6193
11
8148
2109
6075
1440
1733
5172
1709
7806
2411
1739
740
4960
7056
4618
2131
6889
1923
5374
4487
292
7823
200
631
5279
5364
1532
1057
568
6508
6104
5402
3291
2784
6166
3968
5781
1546
6321
1156
1055
5338
3577
3225
2285
3162
3575
5547
1896
7745
2270
6835
7214
2296
2225
3096
4880
121
7051
7207
4353
7570
4881
4074
2780
5542
4449
3102
3487
7223
4008
254
4948
471
2788
2071
6389
5777
5777
5012
7172
5065
4423
7256
3056
6973
5279
6266
1554
3969
361
7090
7714
6824
6973
3542
2028
2541
4976
3981
2441
3220
372
590
1285
1685
1463
3288
227
987
4881
5255
954
923
7600
210
5102
