0
0
0
12
10
0
0
1
9
0
9
3
0
2
0
0
0
2
0
0
0
0
0
6
0
0
3
1
0
0
0
2
0
0
0
0
0
0
0
0
0
0
0
0
0
0
0
0
0
0
0
0
0
0
1
0
0
1
0
0
0
1
0
0
1
0
0
1
0
0
0
0
0
0
1
0
0
0
0
0
1
0
0
0
0
0
0
0
0
0
0
2
0
0
0
1
9
0
0
0
0
0
0
0
23
4
0
10
5
5
0
0
0
0
0
1
3
0
0
6
0
0
5
1
0
1
1
2
1
1
0
2
2
0
2
0
1
2
1
0
0
1
0
0
1
0
0
0
3
1
0
1
0
0
0
0
0
0
0
1
1
0
1
1
0
0
3
0
0
0
0
0
0
0
0
0
0
0
0
0
0
1
1
0
0
0
1
0
1
6
0
7
0
0
0
1
0
0
0
0
0
0
0
0
7
7
7
8
6
6
33
0
4
2
2
2
0
26
2
0
2
11
0
0
2
5
0
1
0
1
0
2
0
0
0
0
0
0
0
0
0
0
0
0
0
0
0
0
0
0
0
0
0
10
0
0
4698
1209
5324
934
4912
1425
1849
6831
1748
6799
921
7739
1893
5726
2339
1362
2374
2843
62
8056
7456
5332
1075
4074
1778
2805
3969
6031
5185
4835
6393
4522
7615
2736
2325
7940
6258
1209
200
5326
2851
1550
7615
2708
4749
4788
671
3684
3720
1536
749
7031
6656
2597
5292
5107
7670
2916
1285
1733
4151
5668
1350
7190
7344
5608
5079
7872
7940
764
4800
4758
6844
7940
3572
8030
628
5408
5507
7860
2799
2351
6227
3043
797
2916
5290
3777
591
6737
633
732
738
4487
2893
4192
7011
5248
2459
1747
2557
912
2894
8159
7451
5236
7209
1965
6000
705
8030
729
461
3561
5967
501
6997
6041
4007
1003
5364
7638
820
6820
2336
8128
6554
244
7187
6082
338
7029
6219
5938
2975
939
8025
2429
1105
1087
90
1057
1732
1108
1348
7135
6307
5068
3358
4796
1238
3572
4106
4881
7962
3589
3074
5909
1156
2975
5579
3576
4150
3515
8006
1919
1287
6941
6355
254
1965
4685
6756
7585
3413
6682
2589
2475
4747
7463
2607
4880
332
3751
3161
2122
6664
3788
6296
6336
2009
4112
837
5364
3781
2868
7011
2907
2531
3981
2800
5482
5754
3753
695
1244
4914
5558
4135
7295
6894
7940
4242
7914
7782
3085
835
7706
2150
7688
2957
6906
2561
4410
3513
2796
934
831
116
5332
1312
3790
5418
1643
1542
2556
6072
3099
6587
5595
2179
3765
4096
3731
623
1295
3927
1089
4045
4459
7402
7272
355
3367
5479
6369
2136
2939
7596
2784
2941
2489
6358
3806
7063
716
5874
128
1476
3664
56
7916
3286
4766
3316
1176
3043
3554
4135
3421
6630
3495
4285
6357
2227
4852
3398
1940
7872
7160
3851
3504
7405
1788
7734
8088
497
3813
5735
2708
7912
4933
7661
2179
6134
4903
7965
2356
93
5845
6292
6501
5837
2194
1115
6955
7488
2068
4056
885
7119
6035
116
6000
7002
4475
5062
4471
8107
2823
6251
4382
2904
5552
6667
4976
5126
6378
886
7125
5200
4035
4524
3313
3839
6293
6617
1042
2705
1964
2962
3214
7665
3454
4867
4239
1319
7570
1576
3832
2997
8068
1316
126
2076
5101
2540
5123
5015
6331
4738
2775
7195
6460
3819
900
3438
2109
6668
6892
73
5233
4811
3277
5173
1565
5928
3584
4340
1672
5643
559
3308
7685
7021
7081
1187
4148
3514
75
8127
7821
1012
4182
5473
7602
534
1157
2208
3209
872
871
75
7295
8177
8046
2513
3581
1824
2182
6796
721
4880
143
4341
2408
3783
7041
1777
5922
3339
6518
3575
7990
7514
7195
2715
7939
2457
4273
6526
7177
2179
3197
7355
4481
4766
2723
362
2685
5829
7153
26
5048
3454
2844
7801
2806
6075
1925
3632
1426
4426
6839
7694
3683
4096
1196
990
8038
666
7874
7934
5737
1112
3854
7934
5070
607
2943
4232
5531
4824
1289
5187
25
2969
301
4045
7081
2969
5545
5503
7078
3270
4789
3832
7008
4238
556
4452
2351
4518
1151
7411
6389
3672
4675
2793
4112
35
1038
4239
3071
6259
208
7426
2897
21
1963
5036
2116
7355
3075
7171
1688
2634
6979
5086
74
1382
2277
456
1552
1926
120
3349
7754
625
7893
3548
3876
3301
6818
3240
2896
6384
7901
7049
8055
6224
7906
6526
975
153
4755
3708
2027
6535
7101
4777
3980
938
5733
5
1134
4641
2766
4345
6301
7567
3707
4201
3835
3773
4399
2263
7940
5928
1464
1425
4670
1969
4293
1173
4150
5824
3003
1531
981
7785
466
5450
1491
4229
1125
6680
5850
1318
5863
6987
2281
6642
2532
5509
3345
4765
4708
5337
4588
96
3188
2343
2896
2896
4670
3700
3119
355
3930
6438
2587
2372
1049
22
2202
4465
7984
5314
3950
7286
2877
3832
2965
6024
3049
75
21
7208
5013
3292
8004
4337
2343
1209
348
4644
4224
215
5063
4530
492
463
5931
1335
7024
4749
1183
2832
6922
4285
4034
6950
6318
4358
501
3729
3669
2559
6073
4661
1280
7227
5444
3924
6898
3240
7419
46
5874
7153
4651
1409
4754
5426
6853
5233
5632
1964
5001
7853
1358
3822
6732
3349
1219
6276
1551
6403
6065
6040
8156
6614
5608
2004
5227
2074
6097
6172
2053
3465
4150
797
1692
6172
3159
6114
2179
6765
4096
7376
7906
7831
7754
7008
6220
1437
2292
8093
5317
6282
3943
5244
7972
5778
5928
8117
1439
3849
5732
4751
7539
6760
8031
6514
2586
5288
1576
5632
8068
397
7689
6550
176
7020
7754
2743
4084
1139
4097
456
2902
2631
5166
947
5655
7149
26
2094
4223
343
5904
6889
7945
5824
3933
7846
7311
7582
2441
1888
3971
6790
3741
4964
211
7394
2313
2019
5679
7425
2973
2823
4571
2194
5928
5267
5351
6438
7773
6365
6795
1069
941
7788
186
3963
2772
6458
3435
2577
4022
2014
5778
1497
3368
3220
1079
6254
4285
5824
6454
3707
75
3265
456
3878
5013
698
3154
3391
941
338
1631
2968
5094
522
1205
6217
7844
1360
1452
4392
7707
1522
8025
2285
4812
5731
5317
5433
3470
6440
7380
4813
5633
3634
7166
3624
418
1029
2684
838
5736
2538
8070
7691
6112
954
1778
5466
3933
4734
6203
7598
7279
6852
2597
7506
3021
6777
7556
5785
6686
4812
3614
8030
4849
4096
5863
5207
5904
825
7011
3623
2470
2633
36
3398
1232
4449
5749
2693
6899
5877
5127
269
7575
3056
550
1415
1559
6823
2498
2022
7621
5063
2860
3360
5227
3599
3012
4835
6651
1836
6447
3481
7051
7764
1396
7614
3571
607
4446
2164
2573
6183
5724
6109
225
3487
3702
1360
7510
2579
6622
3457
951
3572
139
1794
1157
5370
6483
3861
6588
5290
5332
369
6396
2870
6295
4640
4853
8188
1287
1277
2780
6996
2164
1697
1864
2483
1713
7614
3483
3559
2157
7143
7642
1519
978
1042
4624
2152
7985
7869
7190
3888
7647
2934
3358
5732
7
3359
5215
1290
4794
3774
5447
8031
7113
6932
7087
6520
1087
6660
4604
6055
6967
5444
3404
3440
2478
3022
4533
1087
584
702
3225
2777
7967
744
6188
