0
0
0
9
10
0
0
1
10
1
6
1
0
0
0
0
0
0
0
0
0
0
0
7
0
0
3
1
0
0
1
0
0
0
0
0
0
0
0
0
0
0
0
0
0
0
0
0
0
0
0
0
0
0
0
0
0
0
0
0
0
0
0
0
1
0
0
1
0
0
0
0
0
0
0
0
0
3
1
0
0
0
0
0
0
0
0
0
0
0
0
1
5
0
0
1
5
1
0
0
0
0
0
0
23
1
0
8
5
6
0
0
0
0
0
1
3
0
0
7
0
0
5
1
0
0
0
1
2
1
0
1
1
0
1
0
0
1
0
0
0
0
0
0
1
0
1
0
1
1
0
0
0
0
0
1
0
0
0
0
1
0
1
0
0
0
2
0
0
0
0
2
0
0
0
0
0
0
0
0
0
0
0
0
1
0
0
0
1
3
0
8
0
0
1
0
0
0
0
0
0
0
0
0
8
3
8
3
2
3
22
3
2
2
2
0
1
18
4
0
1
13
0
0
0
2
0
0
0
1
0
1
0
0
0
0
0
0
0
0
0
0
0
0
0
0
0
0
0
0
0
0
0
10
0
0
4851
4990
8106
722
541
1534
5063
5079
1395
48
959
4729
1213
3095
1940
2576
25
5495
4509
1672
3207
7788
4689
3457
5427
7405
6728
1105
4950
170
5594
5778
8160
5166
2019
6737
320
4224
5129
6945
778
6475
1252
3625
8025
3240
1672
2678
7246
5537
2676
2958
1425
2029
683
5092
272
3933
3490
4569
5579
6831
5272
7940
6635
5587
386
7160
899
7223
2325
8143
1786
1425
4233
2896
2896
2896
592
592
2896
1132
7755
7190
5779
5928
4290
7279
7527
5566
7872
2796
96
4647
3741
7872
3240
2031
4295
3453
7940
5643
4522
2483
1281
3220
5079
3220
437
1863
2896
6258
6258
7451
7463
4670
7451
2285
3326
47
3544
4600
5013
1944
3947
5619
1550
3947
4670
3615
5402
1821
5129
3188
1774
671
5744
7419
3959
5778
390
425
4419
3260
2896
4867
4385
466
2896
6245
4089
1176
5272
4236
2325
979
4139
4867
5594
3625
4475
7699
2905
2285
5013
5013
5874
7419
5928
215
2285
5594
1664
1774
4569
3741
7419
6635
5279
7615
6791
4419
1176
2064
3171
7420
6635
7451
2896
6635
5024
3220
1075
1965
3055
3741
215
418
3741
7419
6417
6417
2411
7788
2907
2676
7463
7324
4020
4211
3695
4355
3229
6776
5133
2051
4197
5200
1794
250
138
764
7740
4708
6227
1009
1637
4383
30
6645
1845
6973
7235
6820
2907
4294
5402
1090
1789
6735
7852
2265
2369
5608
3237
6483
1520
5545
1238
725
2915
1272
7723
3732
4339
1740
4670
8187
967
3096
61
7520
4069
8091
442
4217
4535
7910
6429
785
765
4689
3684
2242
7408
7645
3020
1042
6632
6593
6020
2741
541
951
6997
304
4812
1003
7545
2418
2922
2137
4340
4441
2677
7639
6598
7456
3492
2574
2157
7810
3329
7857
1155
5537
7524
7364
910
6993
1620
5128
6202
3433
4689
3455
7852
5322
4341
5576
3197
7135
6384
7874
5092
842
3082
2320
939
910
584
1007
6868
3102
6636
4126
7905
7533
2778
2649
3102
5375
5279
692
448
2958
3004
4786
4521
4729
575
4796
3263
1356
2329
1032
3245
396
3741
7025
2148
1242
1036
7197
2565
626
6575
6785
6708
415
6733
2193
7018
5785
4237
6545
5940
6663
6587
643
6023
4290
5739
1082
3995
6681
6301
2379
6926
7829
643
2901
2889
1913
8186
6572
3728
6073
8166
3452
1635
3576
2145
3002
2911
5064
7406
5433
1356
7353
2565
4524
5882
6131
7755
2419
5043
4119
6645
1105
1845
2192
6407
674
7967
2676
5706
6288
7548
5806
6013
5365
1401
8060
3106
2258
7006
5844
4453
4777
6399
7662
7644
5497
4214
913
7911
7090
1129
460
288
2339
5171
5013
4858
3286
273
1515
5423
7941
5952
75
746
6994
2277
6014
1608
5902
3289
2793
2860
5314
5736
1590
7841
7664
4952
1690
6583
639
2907
2676
6384
5594
1824
5292
526
1719
1957
6752
7662
7841
3708
1850
1520
2850
5365
1366
6939
1284
2225
5404
1083
6844
2585
5952
5952
6844
6044
5945
7543
272
3589
7673
6165
1231
3483
2958
4478
978
4397
1465
4382
7596
7726
3492
7912
6839
4649
2023
3470
5736
1237
6705
4903
1087
163
7752
3444
1193
5877
559
4274
3196
725
5998
425
3326
7246
2777
6963
3503
3010
6598
3848
3326
7468
4199
556
2952
6474
5344
3098
2064
5056
5302
602
5591
4836
3175
1886
3807
6058
7745
4353
8106
534
3501
1699
2283
6743
256
2184
3102
2454
2253
365
4382
6642
5326
1060
4139
5516
7468
4453
2987
481
3271
488
7748
2705
2217
4647
4985
60
7887
3623
2999
2954
5979
6000
3835
3695
6526
7087
3316
3394
2675
3184
810
7217
1193
2434
5250
382
872
560
5375
2443
2507
7140
3191
6066
4489
508
3454
1748
6199
932
6895
1989
4274
4319
4492
3141
7420
2751
5452
1942
6598
7411
2785
4965
2132
1073
1330
4022
6673
3136
808
6255
7177
7921
101
5200
2778
2677
3922
592
4569
933
6058
979
4475
6053
5129
4602
6825
5343
5127
602
2535
4005
6598
6907
6572
2511
2649
2699
1654
1296
4571
7501
6454
904
6264
6798
5114
2253
7388
5779
1032
3367
5248
2918
3584
4867
4089
7516
1280
684
2329
7929
6979
6761
5220
3286
1957
5167
7525
4326
3125
3278
5207
4796
1032
214
5520
2214
3232
872
1449
5874
5165
3515
722
1424
4350
791
7467
3942
390
7997
5351
3443
6330
4718
5921
2878
2615
2349
1790
3594
6315
6572
3444
4367
3722
1
1492
3082
2022
4812
2365
3924
4216
1660
4934
2629
6041
5724
6141
5819
7497
5193
2406
4109
4233
4348
3959
7163
2878
6911
949
7689
374
6898
3721
26
3085
959
2283
8011
2525
1958
7823
1713
4866
2325
4667
5112
6552
5798
7223
753
4491
8055
6417
5079
6417
3923
3783
4199
6798
2911
3126
5363
208
5364
4365
3732
3577
6188
3433
3849
5376
5027
2419
3821
6273
7013
7940
3477
3585
2244
5427
8167
6737
1948
390
4784
1748
7901
4979
5737
6640
6572
959
1090
4140
6141
5374
6648
4390
8103
6465
7913
4732
939
4216
7894
2698
1201
3004
3959
6335
8011
6645
2938
2764
384
3892
5024
5801
4575
3402
3288
6911
731
4785
5419
7384
5896
5608
4270
5982
5167
2995
5075
4975
764
4569
7642
3252
3346
6820
295
568
4949
250
4809
725
121
3403
3684
421
825
559
1736
5701
82
7384
6066
1534
617
4211
5576
5338
7755
3695
7518
280
6737
2499
1899
1595
2127
2318
7209
4841
3577
4242
1776
5168
6973
1732
4232
1017
4372
3432
5161
225
5997
3676
3807
5608
1362
6843
7823
5998
6650
1660
4533
3968
7645
4007
773
5066
4236
7838
6950
1293
5756
7615
1331
7984
4340
6810
4492
5450
6613
3643
7167
3322
5453
1041
5063
7582
331
651
5277
1965
4812
2429
4853
3487
3762
4049
2986
1232
6089
3741
7162
7706
2854
2285
916
3047
6660
2229
2572
921
7982
3378
3166
6288
1948
721
722
2887
5263
2558
992
5390
7467
263
2252
3581
2562
7122
1057
7405
3623
2976
