0
0
0
10
8
0
0
2
10
1
10
0
0
3
0
0
0
0
0
0
0
0
0
5
0
0
0
2
0
0
0
1
0
0
0
0
0
0
0
0
0
0
0
0
0
0
0
0
0
0
0
0
0
0
0
0
1
0
0
0
0
0
0
0
0
0
0
0
0
0
0
0
0
0
0
0
0
0
0
0
0
0
0
0
0
0
0
0
0
0
0
0
0
0
0
0
8
0
0
0
0
0
0
0
25
2
0
10
7
7
0
0
0
0
0
1
0
0
2
5
0
2
2
0
0
0
0
0
0
0
0
1
0
0
0
0
0
3
0
0
0
0
0
0
0
0
0
0
3
0
0
0
0
0
0
0
0
0
0
0
1
0
1
0
0
0
0
0
0
0
0
0
0
0
0
0
0
1
1
0
0
0
0
0
0
0
0
0
0
5
0
7
0
0
0
0
0
0
0
0
0
0
0
0
10
3
7
1
1
0
21
0
1
0
0
0
0
22
0
0
0
11
0
0
0
1
0
0
0
1
0
1
0
0
0
0
0
0
0
0
0
0
0
0
0
0
0
0
0
0
0
0
0
10
0
0
6997
5115
7788
3762
1631
3168
7056
829
5561
3477
2851
3230
5689
7699
3173
967
7205
6310
7460
3924
4089
6041
4341
825
2182
2533
2513
3816
3402
1155
2796
6417
1713
3755
320
2280
156
5293
358
5982
4365
4502
1082
3988
4521
1821
6458
2446
2116
2510
137
7664
5997
1978
2410
2410
5109
5024
4319
5171
2999
740
740
3959
6941
2835
3492
7676
7085
1698
4651
7011
2308
1021
1464
3348
47
649
3768
280
3262
5576
5293
4207
1997
7798
3196
5163
4399
4242
1988
2339
5107
2541
5173
5594
4644
764
2225
2533
7901
8030
4618
1003
2539
536
4580
3995
255
3439
4173
1654
5621
2327
3658
4630
5248
1395
3732
3153
5915
4796
778
1595
2679
5730
2285
825
6588
3585
6954
5731
4545
7243
5189
2663
4754
731
3619
5143
7258
2700
4997
825
5381
3095
2432
7857
3181
2283
7691
3732
3666
7561
1163
2283
1163
6660
1105
4718
2796
5272
2478
5948
6580
3271
3299
7446
628
6983
4224
90
5403
3136
1050
26
7592
6258
525
6667
1115
743
276
6245
2325
2601
5706
3947
3012
1010
1010
6645
932
4525
2741
7154
1513
7688
2650
4139
3993
1661
4264
591
3702
5654
1245
4800
5254
4055
4867
6358
2922
7082
2962
4207
3004
2676
7419
6384
7940
3240
3220
7419
1554
6759
6243
731
2645
3186
5839
4615
2854
941
3148
1411
8103
4335
2772
2002
6195
8119
2863
2425
5402
7624
1485
3687
8117
591
1550
5801
2645
2405
3741
6384
5283
61
4478
335
7213
715
541
4851
6889
5127
6042
7517
3806
1082
5290
3653
584
1036
3473
684
5277
3629
5736
2491
3721
508
1287
8160
3326
5687
6271
5314
764
1554
3503
1415
6950
5249
4374
4150
7289
4643
3191
6275
235
7229
7344
7231
4136
37
6592
5833
1576
4578
5464
21
7230
684
3589
7398
2764
7269
1021
1075
7093
4600
6201
6598
3196
7716
5314
1048
2654
802
4094
2253
7174
4900
4101
421
593
5516
4571
6119
3927
5162
5433
3937
5715
5531
7011
3433
5628
36
4339
6827
7764
764
2464
5404
8106
568
802
3847
1929
2557
4383
464
872
4471
1584
5705
4454
229
6301
7906
456
2878
6558
3538
2031
4112
2783
5097
5622
1280
4766
7908
3305
3911
4202
170
8151
4729
6660
5332
3259
437
7798
8018
3218
3452
5632
325
5200
229
504
2431
2698
4916
3444
4261
3331
7125
2556
4391
6553
7419
559
1698
6082
4194
3959
5730
1709
1709
3732
1947
6195
2896
138
6545
6040
6073
6753
5058
6572
7934
6753
3029
7142
2698
442
4743
760
5558
17
1969
6902
2736
2240
896
6393
649
2164
4422
5998
1926
4856
4303
2736
960
5428
7230
6501
3810
1934
6254
995
3809
1635
5334
2041
2559
4229
5395
2277
4110
4888
2896
4139
4233
348
6785
2189
5149
1988
1776
764
7798
8137
8088
7208
406
4829
6407
1916
92
5452
3576
5123
4149
7611
7162
6960
3363
1585
3093
3639
6509
6186
202
2497
3594
2203
5235
1969
3504
4857
390
4067
4525
1944
2631
1850
5604
679
5979
2973
2721
500
1777
2504
5145
2376
4243
4666
1078
7525
4523
4583
1036
3356
4263
3303
4092
4712
5214
478
6635
7520
4155
5436
3260
5165
5427
1539
6085
743
3102
6911
1978
4182
4530
3214
437
1270
2538
4322
3950
4933
1800
6851
6474
328
7313
531
1576
5129
2639
4491
4182
7582
7816
2901
6980
2118
7746
441
2190
2592
2611
3634
7923
3235
6499
6451
7821
2717
769
1976
2104
2164
6066
510
2019
3934
4350
8187
215
5874
4685
5276
5801
4939
4985
592
297
4841
6130
4191
235
3011
296
5762
5726
271
7273
4160
7603
2277
7445
3102
2258
1915
3838
4372
2650
4550
4457
2645
6227
7563
981
4007
5412
2992
5850
308
3790
744
916
3136
7432
6034
5138
7166
470
1193
3690
6532
6680
17
2540
2511
5863
5344
2320
7954
7002
1631
2408
5482
7453
857
1249
7223
6150
308
7424
7642
3969
3413
4747
4785
1886
3701
5282
4451
7929
6924
6634
1934
2109
4718
3489
808
728
1366
1340
1668
4342
5308
4563
4224
7301
7156
3792
4217
7633
6018
5840
5654
2202
7784
5715
4099
606
4237
1549
4899
7509
6301
5737
7934
1262
6275
7874
2889
7853
1827
128
6990
4045
5520
4037
2164
978
8106
6945
1654
1818
1037
1404
3793
4335
5290
2271
6791
7118
680
6959
307
6220
2060
6526
4330
3261
5426
7490
6073
4152
163
5191
2856
727
1497
750
109
508
1680
1746
6818
7524
2277
3870
1774
7419
7784
5290
5778
6587
2938
2179
7136
4978
7424
5200
5924
4357
871
5172
235
2565
5883
1243
4651
3959
1050
7029
2002
7269
1035
4146
2429
5537
6343
3477
4239
4718
2066
1048
6227
3449
1780
4970
2526
5013
4210
1757
1196
3143
4796
4293
7396
2949
5302
7762
1309
4689
5873
6070
7595
4933
2157
2676
4011
5403
6493
5874
5608
7063
4878
96
4491
3686
6536
6704
1863
3004
5893
317
5942
2717
6521
7585
1042
729
7482
6640
6189
4852
1207
4457
6346
1900
1395
3416
5118
159
1425
1075
4491
5664
514
960
5801
4346
283
5279
2896
7468
2361
7600
2996
5113
6593
1521
5232
1124
3413
4150
2802
2029
4596
3191
3974
1245
4796
7090
334
4916
5013
2405
7028
5322
772
374
2016
6262
2830
559
2851
2896
979
3118
301
5594
7246
7982
1428
1042
3320
1613
3358
2186
5095
201
7292
4017
1084
8106
182
4319
2285
1105
3650
4155
7910
7613
4604
7582
90
764
3402
2896
4867
1343
83
1576
1576
5288
8055
2116
3364
4634
1514
7135
557
3455
1464
7948
2419
7700
7389
411
4224
7135
5143
6041
7910
1929
7755
4011
3445
1957
6791
1672
1311
3454
6441
4670
3240
6245
2896
6481
1565
5957
739
4147
4005
5742
3927
4707
6399
3788
2558
5608
4796
4729
6437
2541
4106
1928
3405
6020
8187
2855
592
7716
6235
3598
4880
4521
7704
8023
6060
5013
390
6796
6954
227
5226
5019
2111
6099
6009
5104
