0
0
0
9
7
0
0
2
10
0
10
2
0
1
0
0
1
0
0
0
0
0
0
6
0
0
0
3
0
0
1
1
0
0
0
0
0
0
0
0
0
0
0
0
0
0
0
0
0
0
0
0
0
0
0
0
0
0
0
0
0
0
0
0
0
0
0
2
0
0
0
0
0
0
0
0
0
0
0
0
1
0
0
0
0
1
0
0
0
0
0
0
0
0
0
0
4
0
0
0
0
0
0
0
23
2
0
9
5
7
0
0
0
0
0
1
0
0
1
6
2
1
5
1
0
1
0
1
1
0
0
2
1
0
2
0
2
2
1
0
0
0
0
0
0
0
0
0
2
1
0
1
0
0
0
0
1
0
1
0
1
0
0
0
0
0
1
0
0
0
0
0
0
0
1
0
0
0
0
0
0
0
0
0
0
0
0
0
0
7
1
9
0
0
0
0
0
0
0
0
0
0
0
0
11
5
7
4
2
1
28
5
1
1
2
2
1
19
2
3
4
10
0
0
1
4
0
0
0
1
0
2
0
0
0
0
0
0
0
0
0
0
0
0
0
0
0
0
0
0
0
0
0
10
0
0
4039
5594
3004
5129
678
3597
6829
3676
1762
6876
6823
1717
1272
7781
4312
1757
4112
2449
5079
4146
200
1534
3090
2400
5591
4350
4238
7776
3992
1596
3608
7189
1353
2606
7628
4836
4796
7976
2622
1633
754
4431
8013
1497
5427
4691
2527
6440
3668
2343
7419
6481
651
1924
4659
6522
7814
4798
5166
5193
2788
2454
7918
1503
6929
1864
4181
1404
4596
2483
6436
3158
5552
6732
1895
1862
4614
1029
1870
7738
6558
2712
5778
4569
1576
724
257
132
6663
2817
2697
1869
1407
836
3213
7116
5629
4350
1217
1212
7795
288
805
79
7223
5530
6735
4139
5643
4633
3707
7406
2072
7694
2469
765
347
3971
1422
4769
3749
6811
904
2823
6615
1249
6742
7383
835
5902
7011
6583
2956
4020
2753
8135
1863
4478
2372
6062
4712
8058
6170
5246
1770
7834
8114
4832
4456
4048
677
4513
2595
2116
584
3629
2022
3301
5241
6406
8176
6583
2442
5147
4579
7828
7029
6950
1003
1453
6321
682
1335
1229
2103
3082
2172
2142
7037
5862
2729
3708
6303
3962
1366
2589
6185
3519
3194
4572
6403
2223
2999
3305
225
1886
2402
6593
5875
5764
486
541
7038
7413
2214
8019
7807
1916
3350
4281
3465
4070
5529
1243
5836
1928
118
3026
8081
6525
5058
4571
2589
3380
8011
1309
5276
5733
4274
2796
2378
7543
7886
2679
6288
2531
3936
4614
5282
7810
6364
1422
1241
6023
4783
2292
2548
5297
5903
5114
272
1327
6275
863
4518
6143
5102
740
4343
3345
7595
2080
2661
5954
7913
1048
6109
2896
3528
945
3467
7197
4011
5924
7603
3100
859
3592
4724
2510
5398
363
4833
6886
5764
2526
4390
4266
2166
7642
3325
1859
2997
1645
7764
6384
6150
6571
2280
2835
4228
3076
21
5126
3557
4588
625
5457
6978
2720
1539
1505
7260
6897
1662
1139
7024
7524
115
6988
8011
4530
6640
2815
7841
1036
7438
5738
5798
4238
4009
6758
273
2049
273
4836
3989
1494
5297
3314
7980
7117
1642
5064
221
1650
1924
6851
1366
1165
7732
6335
990
526
6526
422
4823
2823
2649
7847
2610
2316
872
7192
6873
5070
5790
2340
6091
3730
5785
7441
2893
8160
5668
7779
1571
1881
6527
5794
2429
2471
1025
504
2535
6911
1973
1353
5446
4199
7923
3286
2997
2721
2553
3095
3148
1724
8114
2471
6785
5282
5599
6292
3729
3965
4731
7469
2968
3863
7912
6251
1963
5649
2064
5728
4777
2778
3486
1076
658
8127
2965
6073
1117
3792
227
4295
6631
4970
5837
6526
7079
4661
2793
4237
363
7459
2502
2154
6499
1270
1469
5931
7207
2431
7783
4079
3808
89
4970
7452
5365
7821
5199
4958
1467
5101
1239
1898
6163
3444
6793
5240
1165
1327
3989
1673
1988
4931
3627
118
4536
248
4469
6650
3743
8096
465
3278
728
409
728
6451
679
1401
5344
1439
73
2574
5821
3676
1552
8129
5146
6468
6775
2011
4439
1798
1690
1672
214
4431
1760
5679
1494
5446
2012
4149
3164
4769
3444
8036
1869
3753
5804
6518
2595
6939
2208
3002
2431
3394
3726
2308
5808
4115
6527
2774
3937
1435
6224
4965
4264
4359
914
5883
2196
4379
2860
5837
3832
1429
810
6457
7821
6500
2729
3099
5335
4958
7445
2426
5883
458
4062
1193
6904
497
6839
7906
7484
5139
3275
4743
69
2212
777
3783
6204
938
5077
7389
4199
8035
4511
5066
4655
11
406
5050
6998
3551
3570
150
3784
3832
7650
7838
3209
5938
7805
5542
837
1973
3286
5821
3870
6328
3546
1896
7990
6682
6480
1443
4478
4016
3130
656
4223
4809
7003
6553
2772
2478
939
6044
3664
3444
5695
3599
3002
6626
2627
626
510
126
3771
4359
240
5570
1081
6664
6311
2281
7197
7917
7187
30
217
118
4005
552
3074
3701
4228
6858
2743
7332
6072
5566
6851
926
603
7311
6544
3526
366
8111
1958
4790
7358
4611
4184
3388
3224
2775
7784
2358
5071
1548
37
3624
4748
5210
75
54
1590
7406
6403
6598
908
5446
5816
1228
6947
2591
1296
6868
4197
6361
2462
2531
6679
7195
927
7279
863
2710
2708
6417
4202
7679
3510
2450
1242
4149
6709
1670
1243
6095
5844
483
674
4584
1892
3209
2757
5584
4866
1527
3953
4418
2009
4623
2790
4546
926
7956
5651
1865
3271
8058
7143
538
8036
2030
602
2041
5453
5005
5591
939
4097
4583
3489
6752
5604
1429
1357
7242
7924
5096
2905
2869
2369
3115
6574
8119
3833
2661
6578
4738
7439
7673
1969
2657
2878
2179
7477
1926
803
6119
3673
4197
2225
1239
2257
6733
6272
5509
4199
7621
3161
5215
4170
2672
5836
148
1556
6952
2682
5445
2799
484
1842
5013
4155
4914
1385
945
5507
3695
5138
6073
7292
8156
2064
2257
1340
1047
450
5811
2535
7945
3301
6981
6664
6218
8132
6498
6237
7708
3838
158
2628
7188
3843
2008
4735
6481
4038
6346
5537
1039
1401
366
6636
3218
4766
5489
7582
2629
6385
4651
6292
6386
7654
6760
7270
1752
7890
3765
5532
7559
5636
8116
3161
5041
2039
6997
2136
925
4670
3959
1765
7675
6798
4295
2778
6594
5730
2684
4880
7497
7405
3959
5209
5102
357
4800
3478
3092
6330
1104
5034
6205
4753
2280
7360
6877
2934
5587
6009
5682
6053
7940
7940
758
2649
6580
4965
8072
7956
2229
1309
7154
4007
2410
3610
2881
5971
7137
310
853
7507
1415
487
4518
6312
6724
3868
3225
3888
6141
2635
5997
5288
4326
3220
3148
4191
1353
4511
6979
4867
2002
4525
297
2361
4950
3600
1677
6488
3410
6599
3486
4987
4847
7098
5322
999
3888
2784
4372
5833
5778
48
7940
3004
1944
45
3220
5937
6119
4446
1550
5779
8143
2130
4007
2419
1709
4011
7866
34
7111
5494
3515
7749
1664
5798
5798
138
3433
5779
5454
7788
747
1090
4670
390
3588
914
5619
425
6677
6227
5928
2796
4644
785
3077
26
5322
1105
372
3322
2960
3415
8080
6438
2777
215
1944
3959
979
1308
1538
7408
4339
7143
3438
