0
0
0
9
9
3
0
2
11
4
0
1
0
0
0
2
2
0
0
0
0
6
7
0
0
0
1
0
0
0
0
1
0
0
0
0
1
0
0
0
0
0
0
0
0
0
0
0
0
0
0
0
0
1
1
0
1
0
0
0
0
0
0
0
0
0
1
0
0
0
0
0
0
0
0
0
1
1
0
0
0
0
0
0
0
0
0
0
0
0
1
0
0
0
0
0
16
0
0
0
0
0
0
0
23
1
0
6
7
7
0
0
0
0
0
0
2
0
0
0
0
0
9
2
0
0
0
0
1
2
0
0
0
0
0
1
0
0
0
0
0
0
0
0
1
0
0
0
0
1
2
0
0
1
0
0
0
0
1
1
1
0
1
2
0
2
0
0
0
0
0
0
0
0
0
0
0
1
0
0
0
0
0
0
0
0
0
0
0
3
0
9
0
0
0
0
0
0
0
0
0
0
0
0
12
2
9
4
4
2
32
3
2
0
6
2
0
21
0
0
0
11
0
0
0
1
0
0
0
1
0
4
0
0
0
0
0
0
0
0
0
0
0
0
0
0
0
0
0
0
0
0
0
10
0
0
6571
4492
7757
2441
4628
6833
5115
2918
5973
2762
2918
1931
5440
7522
3788
256
5732
912
3682
2339
2483
4651
5687
6227
5048
7582
1774
536
2271
6332
6475
4575
1600
3861
1057
6740
4427
4835
5226
6660
6935
471
1740
1425
7070
3715
2800
191
471
6589
6104
4651
933
2106
4290
7484
7408
411
6481
1160
1534
3773
4375
4812
3068
1944
7405
7235
3445
6553
390
1750
6228
2130
4716
4698
3920
4294
6411
999
5920
1494
2765
7301
4533
4294
3732
1129
4274
1023
7670
6417
1157
30
4975
783
5664
675
2411
702
5019
2868
3225
4809
649
2066
4735
4498
2895
484
4110
5993
2308
7773
5513
83
289
4694
2411
791
1287
4478
6031
7028
1173
2265
744
7868
7048
1765
3047
6889
4892
6002
5019
7971
7454
4237
6587
2274
2359
6583
7821
1650
3911
120
5986
2070
2707
135
2356
3586
6380
1690
114
4074
2975
4065
5220
3861
6003
1870
7405
6914
3358
2745
5702
6296
5465
6443
191
273
2090
358
2279
6119
163
5140
5282
1693
4398
7584
5302
306
7818
6352
7241
283
7966
4007
4033
1117
5731
6997
2278
6141
4304
3971
3770
3766
1050
7377
8103
6750
5614
1208
4963
8103
6189
7718
4155
6520
2601
6414
5466
4171
5035
296
7998
6400
1863
384
1653
2554
1969
2861
7613
5810
7542
3152
4526
4753
845
6591
7374
3809
1049
5066
7601
6583
109
2984
4575
5982
3671
3130
4582
2761
2516
7908
4965
836
2581
4475
6417
5079
7596
3240
1425
6652
7918
5099
6105
7003
2027
3748
6591
4755
5850
7596
558
2379
4927
6198
4053
4485
4755
3314
2969
7273
597
434
1497
6638
860
7246
5798
5436
6935
6384
7236
51
1235
458
5071
4238
3069
6334
1012
3980
3448
3701
7012
6338
7987
7924
1424
5118
28
4582
129
4485
6272
3120
1497
2149
7307
5250
6332
6346
3092
6553
4293
1930
3629
2522
7737
3165
4872
3729
5588
2948
3641
6738
5986
7705
3509
5694
2800
5029
859
1467
4755
5572
2041
2642
5242
3592
6617
7827
90
4600
3995
47
1787
426
22
2352
3386
7067
5724
27
6334
8073
1799
2397
7757
5558
6566
3170
4967
1322
3020
3673
5022
3986
4118
4680
2972
6208
762
4114
5778
5077
5273
1836
6481
7591
3472
3988
4697
8128
919
5546
7357
5363
5170
735
1177
7885
3106
3013
6399
6468
7675
7093
7720
3677
7907
6634
6993
4960
6948
411
3389
4120
947
4065
1852
7294
7595
5481
1702
7557
558
2943
4580
2836
4841
3797
2317
1607
1344
2735
6823
2296
238
5552
3020
7158
1015
168
7276
3842
372
4475
4609
2938
3722
5129
1849
4735
418
3308
4220
7803
5704
1923
5882
1031
8
3351
148
787
6198
2993
5417
4717
4727
7843
5882
4174
6600
5007
725
7451
1075
7049
925
6799
3061
7596
3391
3220
2986
6447
5288
5343
7781
5279
4670
4061
6555
2195
6112
3388
8132
7707
6638
1176
2140
2263
500
606
1620
1550
1154
2410
4742
384
6677
744
7034
2464
4361
4867
2851
606
5715
6510
2773
7582
2430
7557
2809
4435
6978
1855
3533
6555
566
3351
6291
1460
4610
4242
5798
7901
1852
472
4482
6183
5112
2560
7788
2483
7545
6635
3260
1774
2217
5661
7045
7305
4405
4086
2004
4971
3518
6090
2872
3101
868
6244
3215
2020
5741
3366
6389
2080
5232
3386
163
8023
2894
6737
8089
5385
2202
4867
2851
7223
1620
7329
7733
5935
3546
3476
2488
5052
5953
4868
3951
816
4468
6182
7392
1405
5462
3097
5262
83
5715
255
2679
1824
3120
45
7304
1311
6796
2343
5450
3741
5251
7129
8074
2310
6280
2858
2366
6328
8067
5691
5449
5841
6155
7032
8183
2689
8140
236
700
2714
7344
2358
5432
1565
4525
4061
3804
3600
4018
4341
6135
2483
1705
3659
152
6313
5325
5815
5103
6841
1872
6090
5325
3101
5044
463
6696
3982
7152
7538
1326
701
635
472
7806
4101
6821
7205
5614
4146
960
3001
2835
4398
3371
1115
2101
189
4280
3396
1402
7840
910
4882
3373
2083
4633
168
2168
4750
3064
812
7351
2599
1076
3469
6346
5997
5494
5024
4379
5129
450
2285
3220
7747
1591
8013
1474
6406
2183
6627
988
2301
6052
3868
3155
1474
6930
1555
1347
5763
3522
7392
2052
5399
4796
4491
208
531
4491
4609
2978
3240
5129
7223
4670
5184
2740
5131
2984
7702
3979
7702
3155
2627
2774
3987
4086
6875
1212
379
3891
2993
3652
3064
3514
4960
7901
4820
3747
1395
3682
1209
6635
6954
2777
7451
7294
5484
6479
3392
3848
2723
678
5260
4123
678
6978
1713
8132
5555
7088
3633
7549
2203
6678
7075
1625
2139
6417
4207
7492
5798
425
568
3389
2958
4765
7484
2907
6677
1895
244
2802
5655
8162
5897
4108
487
1872
3879
5504
2090
1481
6569
4808
7950
1984
8145
7175
3790
7956
2129
6031
7699
2411
1224
1576
1057
3661
255
5165
3188
1367
1402
758
3060
4409
6172
2709
2697
614
5251
1692
3658
1516
8074
1840
7610
1081
5640
58
2192
3443
421
2796
2907
7188
916
5661
4340
6791
744
721
5024
6503
2929
6214
1293
4625
6691
3140
513
945
2933
4803
2905
1899
1438
1704
6045
7231
1840
5335
215
1032
916
7995
559
6227
2916
3225
45
721
3389
3599
7941
4718
3083
4037
1591
2430
3428
4147
4506
5772
186
4572
1860
3680
1299
6226
1840
1940
5298
4383
4605
4876
4809
2830
7497
4651
390
3477
4651
6417
5945
4312
2784
639
6677
1247
2123
1713
5971
4131
2508
2007
8044
1336
3462
3839
67
1382
2757
1878
4735
4651
6165
4609
4472
744
2411
4934
7380
1852
7670
2533
5129
606
4237
7670
783
5013
988
4234
8094
4245
6605
7480
186
5011
3392
1724
4436
7409
6033
5746
5171
3413
1075
3561
1944
5171
2271
5220
45
1550
3922
1653
6553
1565
3389
702
7781
5010
6677
8094
6237
542
3407
2862
5226
7732
3933
4598
2531
2498
1488
1425
4361
1032
7205
4892
7689
2513
7592
568
7391
