0
0
0
10
5
9
0
1
13
3
0
2
2
0
0
1
1
3
0
0
0
1
5
0
0
0
0
1
0
0
0
0
0
0
0
0
0
0
0
0
0
0
0
0
0
0
0
0
0
0
0
0
0
0
1
0
0
0
0
0
0
0
0
0
1
0
1
0
0
1
0
0
0
0
0
0
0
1
0
0
1
1
0
0
1
0
0
0
0
0
0
0
2
0
0
0
11
2
0
0
0
0
0
0
23
0
0
11
5
5
0
0
0
0
0
2
1
0
0
1
3
0
8
0
0
0
0
0
1
0
0
1
0
0
0
0
0
0
1
0
0
1
0
0
2
0
0
0
0
0
1
0
0
0
0
0
0
0
0
0
1
0
6
0
1
0
0
0
0
0
0
0
1
0
0
0
0
1
0
0
0
0
0
0
0
0
0
0
0
6
0
11
0
0
0
0
0
0
0
0
0
0
0
0
14
7
9
6
4
3
27
2
4
0
5
3
0
18
1
2
0
10
1
0
1
2
0
1
0
1
0
3
0
0
0
0
0
0
0
0
0
0
0
0
0
0
0
0
0
0
0
0
0
10
0
0
773
4497
4407
7129
2838
6274
5755
700
6747
3183
6485
4682
7666
3706
1012
1467
7739
6639
7416
2378
2930
777
1055
7722
3732
7172
2323
5203
1691
3532
1946
6977
3355
4410
849
7840
2700
52
5911
4343
5843
7211
2404
5456
1606
7736
4562
2308
6253
2532
7141
1941
1208
5139
5440
6932
1055
6222
2124
4615
712
50
2190
7839
2196
4741
3992
7035
6800
5671
4535
1219
2029
6897
3950
1552
4460
3886
3623
4755
3575
1468
49
6902
7874
3317
937
5987
1599
4441
7090
2374
4812
2408
4292
305
1272
2038
2920
7174
6208
2119
1219
1515
284
4297
1292
4348
4794
1296
5921
3224
3755
7296
3401
2601
3698
4844
4382
1184
1219
5440
4418
4934
4830
304
5886
197
5732
2722
7200
7998
5824
3559
22
779
585
8151
4301
6499
6790
1565
5523
8190
7911
6092
3068
5624
5948
6042
2844
8155
5224
3317
1117
4418
651
1733
4830
5319
8004
1342
5201
1478
5578
1076
4532
7926
459
1552
3726
7357
3432
3443
7757
6247
2975
2712
914
7205
585
3332
595
3668
7379
2485
835
7254
7281
4109
541
5501
1814
3472
4985
3441
5716
4722
389
779
5498
7399
2100
226
5033
5475
7233
5782
2095
4446
4618
502
2642
4382
5803
479
389
3012
3612
6201
1860
617
1009
1660
1935
367
5012
1117
393
6354
3006
5790
3939
4465
1073
5710
5546
591
4790
258
3601
117
5107
7822
479
395
7517
4559
728
4485
4238
2007
2591
5702
4545
6356
7176
8043
7217
3470
4904
7411
284
1689
475
7541
1662
5209
919
7430
7566
1825
3922
6205
7396
799
8092
7683
7517
4763
5250
5498
810
5821
4421
5709
5057
841
7817
4870
1256
4515
2887
2446
6705
4559
6016
1598
4678
3636
4174
79
153
5332
5448
1
2352
3258
2632
481
1039
3713
2041
4981
1414
1464
3404
1170
7243
7852
7315
5177
6057
7585
2090
2404
6345
2671
2943
756
5949
5035
6616
3853
827
857
7517
2109
2206
3886
7626
1673
2433
1075
3733
5425
585
7319
7736
2809
5964
3420
6200
2167
2621
549
4441
6005
7440
5496
4753
4993
1448
92
1336
7547
998
1061
1011
124
2859
6608
1582
4182
751
3089
2709
2351
5516
4535
706
7444
8016
1019
4506
1479
6569
6476
5202
5671
4049
7369
1256
3592
4727
7534
8134
5352
1607
4469
3631
8163
67
7988
2357
4618
5604
3653
2933
5200
4863
3083
6430
3056
4842
5226
2805
4543
4905
2393
487
2996
7626
6626
6632
6442
7938
22
5622
1107
4395
2485
4918
7855
4318
5702
6125
225
6123
2731
6232
6555
5028
2195
2803
5115
1395
5057
5543
292
1027
2810
60
453
5406
7456
2374
7122
1855
1458
3681
6003
1924
3467
1115
3933
1652
7919
2525
1855
2516
2336
1725
1183
2415
4109
6997
1057
7886
7120
4541
1520
4516
963
6319
5757
3515
4585
2683
22
155
4696
337
6999
2311
1974
1107
3657
4803
142
1653
4872
7111
4742
4842
7636
1820
3732
7343
6655
3768
2929
1587
426
3543
1479
2053
6323
6967
3958
5655
2439
1050
4967
6918
826
7668
2683
5241
5478
1258
6112
1260
4541
6657
1449
4813
7722
5095
6997
2520
8069
5943
1847
7463
4597
1481
7055
3404
3988
5986
6968
5887
2195
1055
1176
7307
4848
7175
1207
6848
7342
6427
6631
2809
6304
1923
6299
6580
3358
6475
4441
4350
6660
7839
4314
3920
6521
1661
5180
5944
1702
1208
4810
6631
4374
6075
692
2227
3446
3371
6469
2353
949
4616
802
3821
4551
4680
1107
6687
3389
5688
1599
5682
639
3751
3652
7911
6521
6865
3334
1450
8174
7604
2583
2448
7058
7287
3467
520
4700
2884
8116
2884
2482
6594
3367
3003
4863
732
881
5659
819
6356
3515
951
6672
200
6453
125
2749
5745
1302
2357
4793
972
7704
483
734
2829
1132
6088
4215
2682
6922
1208
7499
3548
4721
1860
6714
5622
930
5448
6925
2374
722
3096
7156
4264
7172
1587
7290
1409
6642
7695
2612
7534
1705
8067
25
3351
7786
6712
1077
1403
7534
2330
1127
459
5535
6399
2984
5286
6988
3802
4877
4852
5189
7097
4493
2410
3933
7231
4174
4802
459
5075
5417
2004
2427
6012
1778
5628
732
5144
1511
7337
4418
4807
2583
5234
2637
2444
2310
2235
3688
8132
3721
1717
520
7695
7389
2558
36
1548
6199
7138
1396
2843
3958
5011
4271
2233
4863
7604
1212
6044
2498
7270
3403
7569
5702
6631
6027
51
4581
4362
6187
6934
5248
5057
2001
186
1524
992
7439
8094
8010
2834
2752
7695
3403
2612
7604
3023
6775
7541
3131
5522
5003
4829
780
1827
773
5131
3868
449
6019
545
3761
7446
361
3405
4830
7227
3695
2916
2127
8187
4918
5603
6691
7921
3695
7470
2299
2691
2352
3813
8120
1474
2148
1511
3883
6757
5496
7960
1624
8045
2691
5375
954
6095
2843
520
1333
6681
5625
6396
5694
1591
738
5370
7409
7965
5373
3359
4883
4810
6350
371
7478
1247
6138
2738
762
549
6594
4138
2434
5888
4872
1104
1084
3287
2671
8039
3359
4771
4264
7464
1418
1127
3870
1935
2038
5855
4632
2001
6664
4562
692
3883
3028
7696
5442
2993
5979
3580
6811
3788
350
3122
5979
5472
8091
2146
3457
5682
791
4727
1082
179
2910
2240
1289
3716
1661
6605
2190
2999
142
7998
1855
6232
7711
6862
6106
8141
1742
6633
880
2643
426
6464
4529
206
6781
3487
6664
6895
48
3453
1245
4145
710
2826
4957
1713
7274
2749
738
3472
6997
617
3403
936
2150
7122
6627
7375
3688
5090
987
882
1183
2731
6052
2214
1232
2252
3440
4049
2999
4109
7172
2619
5196
4839
846
193
6253
3047
9
6453
8144
6967
7520
4624
371
199
6516
1721
3580
6398
2829
2345
5904
1554
26
3487
3695
7135
3298
137
2152
1815
6486
2393
3788
2826
3355
4839
7543
4957
4506
5745
1418
7442
992
5284
4294
972
4551
5839
1470
382
1713
520
6181
7198
5255
1050
6294
5501
6822
5166
84
2095
3761
6935
2813
