0
0
0
8
11
0
0
2
12
1
0
2
1
0
0
1
0
2
0
0
0
13
0
1
0
0
3
3
0
0
1
1
0
0
0
0
0
0
0
0
0
0
0
0
0
0
0
0
0
0
0
0
0
1
0
0
0
0
0
0
0
0
0
0
4
0
1
0
0
0
0
0
0
0
0
0
0
0
0
0
1
1
0
0
0
0
0
0
0
0
0
0
0
0
0
0
13
0
0
0
0
0
0
0
20
1
0
10
4
4
0
0
0
0
0
3
2
0
0
1
2
0
3
1
0
1
0
0
1
1
0
2
1
0
3
0
0
2
0
0
0
0
0
0
1
1
0
1
4
0
2
0
0
0
0
0
0
0
0
0
2
0
0
2
0
0
1
0
0
0
0
0
0
0
0
0
0
0
0
0
0
0
0
0
0
0
0
1
0
4
0
10
0
0
0
0
0
0
0
0
0
0
0
0
9
4
8
3
2
3
24
3
0
2
5
3
0
32
0
1
0
11
0
0
0
3
0
0
0
1
0
1
0
0
0
0
0
0
0
0
0
0
0
0
0
0
1
0
0
0
0
0
0
10
0
0
7198
5131
7326
2496
3614
7574
4979
2862
972
6479
4256
5820
7946
5630
5513
2766
807
5688
4942
6034
7790
2645
4367
7866
4834
5603
4326
3119
5893
4008
2676
7497
6841
484
4677
2453
1679
5103
5986
6346
1812
449
4504
5373
1809
1017
3834
5913
6941
2379
746
7566
2001
2393
4537
5049
4572
5825
4326
1286
4449
3677
5542
7203
1678
5833
3055
5570
2277
2001
3012
6473
347
2157
7408
3392
746
7234
6728
4273
7029
7845
4840
6983
7420
2699
4609
4165
2328
6453
6818
6226
617
4622
3168
6740
6569
1752
2497
5633
7684
2133
7205
6593
526
6487
3893
5235
4037
6887
857
6139
7093
1989
34
7846
487
7101
5600
1576
3615
5603
46
6226
8186
2499
4735
7559
2103
3000
2149
4844
7389
2867
82
2160
7881
5346
443
8091
7363
3795
1554
6405
4017
573
7752
5761
2635
1066
6435
5852
2898
7201
6417
6880
6409
1423
698
1244
2917
3387
2645
3941
1613
2133
7667
8066
2795
1661
2693
5913
6139
1170
5923
6139
2252
7559
7078
1185
6020
6121
7034
5582
1202
4541
1774
7314
7973
2115
3223
4569
1291
5385
5267
2217
7405
1310
5177
4497
746
1850
8081
3878
7059
5566
679
6124
5350
37
1954
747
2613
746
906
5023
84
6603
8073
4304
8135
88
4114
1776
8188
2679
7651
4383
1616
5696
5871
2253
3834
5762
743
4273
6990
5762
2029
2752
7444
7845
7518
75
1366
1401
7622
2418
3288
5210
7701
3254
7874
481
3196
5193
1736
684
2699
7255
52
908
3191
6076
2715
504
1584
615
6020
6650
5708
5526
4486
738
2379
1733
7243
5350
2253
2649
3795
3288
9
463
3782
3168
1270
3710
4911
2405
4239
2160
1171
1570
1556
6035
1554
3900
6612
2544
1056
2544
6536
5550
3531
3530
3765
7509
6740
1479
7136
7136
4741
4192
8191
1203
5250
3473
2136
6361
7618
5185
736
1721
6806
371
2439
5131
4621
4621
4703
683
4885
6962
1482
2409
4221
2077
5533
3849
3793
3793
6216
3515
4621
6319
371
2536
5454
912
6247
3532
5687
899
7492
4017
4178
113
1260
7704
3896
6249
3933
7207
2092
3488
7048
1638
3832
836
2235
7740
6829
1785
1140
2336
7289
6374
7778
7867
727
1409
1485
7775
4892
1224
1119
3901
2271
4679
5943
880
4802
5745
4541
6291
2616
712
4234
3209
857
3534
4918
2681
8116
7499
7604
4541
2371
6190
3232
6228
5871
4737
1372
861
4291
2860
5963
7468
6660
340
568
3966
6129
7409
1591
935
7222
5694
5096
3191
61
3532
4595
3990
6476
5472
996
4344
484
1244
7570
6281
2578
5767
6492
6259
2308
2111
4920
1124
2017
5833
4735
7033
7910
4383
20
7848
1804
197
2317
4051
292
2384
2905
4051
7222
1171
5249
7640
1029
3635
6005
7980
1556
5086
6409
3934
8073
450
7642
6759
5332
3504
4651
676
6330
3259
7284
6538
4597
5815
5732
5876
2577
1643
2577
130
5955
4936
1299
7258
7053
881
2764
1028
248
6299
1319
3414
1863
4150
1272
1672
2219
4881
3747
1949
5430
4490
6603
1909
5370
697
3472
2523
13
4159
7055
5263
6459
2486
3990
7749
7106
1494
6355
1699
7064
3008
5364
4568
1550
8080
1446
6868
2799
5778
390
5801
1806
6158
311
1684
1481
5008
1310
1840
2508
4006
7283
5815
1530
6410
5757
5885
6123
2918
7852
4017
34
6945
8160
4008
5272
4796
1209
7106
5126
4315
6531
6861
6412
6158
8005
817
4208
1202
1960
1310
3411
6866
537
5205
4610
1390
1695
5389
1382
1857
332
3443
7482
481
3681
8030
2062
7700
7976
6249
7617
5839
4493
2625
7473
1451
6006
4490
4410
3543
5246
7227
5163
7805
6922
6231
5014
1495
7605
3652
3382
7090
2109
3808
2639
4952
1893
3225
3888
1863
3988
3301
5766
7275
2280
5300
5852
7864
1297
8146
3484
4141
8071
205
367
7014
1092
1908
5179
2438
4159
6964
3918
7074
2478
1561
3004
5850
5107
1787
6553
8188
5434
3363
4237
3947
4856
6426
6205
1085
2523
2517
4999
7361
5399
4105
3764
5917
4983
6496
4436
7055
6511
7637
5852
5812
6188
2977
6215
3233
3214
7872
3326
6005
8
3004
3849
4038
18
3387
762
944
1626
173
6646
1995
4221
4868
3603
2058
4221
1537
1848
1258
3543
7733
2700
2582
3821
4881
6735
4111
3098
614
2226
8157
202
7615
5131
4211
6877
1322
6551
1578
8168
7557
2619
6516
1005
7346
7473
3815
734
6425
6803
4108
5471
2095
4159
6935
2271
3541
2100
3538
6770
4479
7887
6395
4651
3532
6724
1057
4109
3472
173
7346
483
5103
7511
2158
1804
868
4855
3836
3343
6025
1853
3836
1481
936
3768
6076
411
5596
6827
1664
6131
4343
6902
2489
6058
6168
1544
6660
1539
7531
3879
4601
6788
6511
7346
6675
6627
1924
3264
7346
7283
3879
4850
7409
1847
4597
6453
5715
7484
1308
7967
2699
2808
933
6674
1670
5584
1800
7940
1188
7796
2683
3788
5369
8096
7560
5286
2352
6435
3786
1336
7058
7276
2278
1578
1008
7290
2566
2616
4609
372
5751
5970
472
5324
5999
2496
3123
4834
6437
6393
2861
5444
6380
6022
4421
2038
4362
3554
8133
986
1743
156
4123
4405
6918
5159
7307
6088
7839
5147
2217
4164
2942
2633
581
5012
6454
4712
4609
425
6271
7011
6926
5454
7418
3307
5666
4275
3788
7290
861
6268
1895
6687
6419
633
8142
550
3463
3410
6313
1565
7049
3390
6289
6217
3402
5408
2402
934
2934
2080
1353
5292
2511
7246
4971
2418
407
6865
4421
179
462
7287
1107
2561
4597
4421
2693
7034
4640
1521
7954
6677
5716
614
2612
6163
7915
2533
7405
5928
6112
2130
308
4701
2958
8188
165
2356
2274
1876
8094
2189
3788
2805
7573
954
6554
7537
10
4325
3904
6234
390
5288
5574
3959
8055
531
472
5813
6761
2889
1803
6253
7887
4293
2422
4679
7025
4614
1751
5750
3636
7510
5006
130
1554
6356
940
1536
7289
1136
4955
8167
6737
4950
1424
6013
5826
3253
5999
6415
2889
