0
0
0
10
5
4
0
1
12
2
0
2
0
0
0
1
0
1
0
0
0
3
7
0
0
0
1
2
0
0
0
0
0
0
0
0
3
0
0
0
0
0
0
0
0
0
0
0
0
0
0
0
0
1
0
0
0
0
1
0
0
0
0
0
1
0
0
0
0
0
0
1
0
0
0
0
0
0
1
0
0
0
0
0
2
0
0
0
0
0
0
0
2
0
0
1
9
1
0
0
0
0
0
0
28
0
0
8
6
6
0
0
0
0
0
1
1
0
0
0
0
0
6
0
0
1
1
0
2
0
0
0
0
0
1
0
0
0
1
0
0
2
1
0
2
0
1
0
0
1
1
0
0
0
0
0
0
1
2
1
1
0
4
0
2
0
0
1
0
0
0
0
0
0
0
0
0
0
0
0
0
0
0
0
0
0
0
0
0
4
0
8
0
0
0
0
1
0
0
0
0
0
0
0
10
3
7
5
6
3
31
0
1
2
5
2
0
27
1
0
0
10
0
1
1
1
0
0
0
1
0
2
0
0
0
0
0
0
0
0
0
0
0
0
0
0
0
0
0
0
0
0
0
10
0
0
5798
5650
6796
5650
3542
283
4644
5650
3004
7419
5626
7753
7820
2540
2835
6354
6457
2938
2513
441
6457
2938
475
6796
2736
2061
3068
1948
1948
7063
525
3207
1550
7984
3661
6588
3068
4475
5097
6104
2777
5874
842
7903
3514
4323
6639
5848
7264
358
378
6662
4958
523
2959
5019
5112
7063
4053
4053
3542
4053
8
4892
3947
3123
7484
5619
3909
182
3542
3680
4214
4594
1776
1209
4214
4293
1852
8025
5664
5013
4293
3004
4644
4569
4475
825
4651
5650
5650
211
6060
4878
271
211
1776
4609
5572
5413
4823
3159
6761
960
4262
4293
6796
1209
5778
5013
3223
3123
6588
4484
6553
2405
3463
6183
6011
5798
2066
4878
1672
283
1863
6587
5579
3004
4575
979
6587
7522
928
1750
7198
6181
2122
3557
2513
6721
6796
4594
6060
3352
5778
3477
4546
3815
6851
8062
1328
3193
6221
2058
3101
6194
2640
8143
3120
8025
4475
4712
5689
2105
3162
3992
1425
3494
6488
7084
7679
8151
4027
6796
825
7063
1209
5229
8045
5713
3261
618
5852
5182
3850
5631
2351
7388
3488
6780
3096
1544
437
450
5668
61
1907
7218
2948
4140
4326
5979
2248
7115
6796
5579
3225
3483
4108
4041
4963
8041
3708
4005
4306
3643
6595
260
4789
6979
6048
6175
537
6135
4475
1209
4551
6548
6812
7615
1664
2771
3585
914
906
5384
2761
7887
1542
648
5353
7300
842
7220
4081
3810
4663
5185
6732
6595
285
5817
4780
3238
7743
4052
3947
536
2066
1607
7790
3790
932
6870
7293
7440
7480
87
1220
1588
8057
3503
8109
2808
4916
3390
5392
4032
7528
1548
2578
6591
3130
4485
4819
5018
5976
3135
211
2650
4399
3542
3068
4712
7014
5901
5379
3282
2508
4800
6128
968
2889
4322
2634
4899
6414
5149
3955
3850
3829
3206
5788
159
5029
3832
3332
1259
2021
2508
6796
3494
3477
7806
3477
1441
6838
1298
7698
6750
6146
3101
976
3966
3090
2787
3130
5475
6557
6063
2818
4974
1625
6890
7523
903
4336
6670
8026
2658
6605
3627
825
214
5220
3947
7545
2736
5364
8177
323
6318
2184
5274
3646
4446
89
3527
4429
3726
55
8057
5312
1741
1434
4430
4537
1569
3442
5011
5144
1107
1481
4609
4594
260
2061
5279
4569
3068
5911
7920
7660
1338
219
1511
6090
7914
8067
7476
842
216
911
6335
7388
4161
994
1525
7257
4962
1488
4119
731
6619
4522
1836
6135
3225
3148
685
3836
2706
6646
6559
77
2897
5331
8049
2220
3531
5103
3331
3327
190
4149
6133
6077
780
6319
1968
4388
7743
6679
4029
1391
4614
5710
750
1209
671
1460
6801
6400
6551
7743
7856
3135
5017
7991
5885
2379
1203
6194
762
7438
5144
2933
6805
2517
1691
6496
7668
8149
5144
5286
7973
4245
5769
2131
5903
6384
1481
5144
1730
51
687
3521
5894
703
8149
1691
6118
4005
2066
3602
303
6363
2351
1110
2619
6854
4592
429
6628
6428
8126
51
1258
1462
2701
3190
446
7063
3819
168
6010
929
5389
3016
5406
7668
7283
1489
5955
6733
2056
1281
3959
3220
388
944
549
5612
6755
6984
5981
2577
1730
7879
6767
3238
3331
5657
1762
1519
2682
7743
5555
6559
8102
612
8146
2224
4284
6494
5044
7934
45
2066
7427
5324
780
516
5358
244
3960
5745
594
2098
7293
929
6159
5151
1439
2214
6421
2266
3776
3836
3606
4790
5939
4495
7366
7091
3005
3334
7864
783
825
2061
3702
5258
8171
152
3652
7438
7793
5848
3062
4262
6551
2275
6363
222
7480
1427
6921
1619
6468
2427
5357
2473
7751
7257
1827
2619
7082
7366
5734
4233
2513
5214
1550
1905
2561
2360
5389
5370
3195
5940
4313
3484
7055
7460
6400
2299
7919
3714
4002
5494
7523
5832
2846
7815
1225
3373
4576
455
5770
282
2489
4575
3477
3483
2309
1426
5967
5967
5144
1933
7671
8185
2858
166
5518
3718
755
5358
4220
2001
347
6503
4556
780
1628
4167
3334
4946
732
3680
1695
5680
2851
3585
283
536
3494
4896
4905
6151
549
3256
2833
518
1482
1741
7612
5812
2101
6905
594
1707
3185
4952
5059
5956
7818
6145
216
3597
1018
956
1342
2773
3947
3223
4594
32
1209
6060
2614
5770
4021
4929
3327
2991
6631
6412
7257
7713
866
2655
2658
3152
2665
1824
4033
834
8020
7836
3820
2897
3334
1246
5945
4594
3947
3477
7484
3123
631
3947
2815
826
7859
2291
3215
7107
2997
4512
6765
7858
6296
1444
6118
3947
5579
3207
5239
7472
5976
7562
2197
5237
1855
3477
3477
896
6796
2713
631
3475
6454
2066
396
6687
803
7480
6767
1914
4487
152
3776
1229
299
6687
1500
7419
7246
1576
5579
4317
2547
100
3910
6417
3004
3947
3483
7063
979
5450
7882
631
6746
2676
4701
4227
733
7409
6425
2020
4663
6814
4929
4123
8168
5976
7615
7968
1236
2061
5112
3123
5279
6553
2851
2257
3223
214
3068
4594
4651
4225
211
1467
450
4651
6913
5798
2135
1530
1695
6683
496
7346
3657
4473
1586
6299
1209
6201
3585
6796
260
3477
536
8143
4707
2061
2061
5019
3947
3656
1060
963
585
1818
698
762
5407
5572
5279
7213
5799
4486
6715
3403
1006
993
2895
8025
4594
425
3068
631
1579
6980
211
3816
3947
4594
1579
4239
1209
5112
5214
3485
5193
5536
4809
4089
3046
3854
3477
2066
7131
1773
5885
3011
7973
6950
4233
214
4698
7596
3585
4110
6830
1776
1776
1823
7484
1664
3494
8167
2229
1787
3706
1700
5214
7497
1988
2773
2533
6407
2777
8143
3240
1188
3947
3225
4475
3225
2111
4293
5579
6587
5220
5214
631
5945
7116
2835
3585
5220
536
1593
3158
8121
1683
675
7820
2068
3225
5013
1209
2688
536
2066
3947
2257
985
2777
3741
5130
5450
8071
2942
7070
3381
2339
4575
3542
170
4820
3389
3127
3959
5279
4348
7479
3777
7419
7297
5343
5220
536
1209
973
4935
7484
4568
3741
2199
5928
631
4196
3946
1719
4276
2435
7841
