0
0
0
9
4
2
0
2
9
3
0
1
1
1
0
3
0
0
0
0
0
7
3
0
0
0
0
2
0
0
0
0
0
0
0
0
1
0
0
0
0
0
0
0
0
0
0
0
0
0
0
0
0
0
0
0
0
0
0
0
0
0
0
0
1
0
1
1
0
0
0
0
0
0
0
0
0
1
0
2
0
0
0
1
0
0
0
0
0
0
0
0
5
0
0
0
10
0
0
0
0
0
0
0
21
1
0
9
6
6
0
0
0
0
0
3
1
0
1
0
2
0
6
0
0
0
0
0
0
1
0
1
0
1
1
0
0
1
0
0
0
0
0
0
0
0
0
1
2
1
0
0
0
0
2
1
0
0
0
1
1
0
1
0
1
0
1
0
0
0
0
0
0
0
1
0
0
0
0
0
0
0
0
0
0
0
0
0
0
6
0
7
0
0
0
0
0
0
1
0
0
0
0
0
10
3
7
3
3
0
26
1
0
3
4
0
3
22
1
0
1
10
0
0
1
1
0
0
1
1
0
5
0
0
0
0
0
0
0
0
1
0
0
0
0
0
0
0
0
0
0
0
0
10
0
0
3071
592
2325
3071
3071
3071
3071
3071
3071
3071
3071
3071
2325
3260
4867
2325
2325
3071
3071
3071
3071
3071
3071
3071
3071
3071
3071
3071
3071
2325
6258
3071
6258
2325
4522
3240
3240
3240
3240
3240
3240
3240
7451
3220
4522
6258
2325
4522
4522
3220
7451
3240
3240
3240
3240
3240
3240
3240
3240
3240
7451
7940
4670
6258
4522
4522
3220
1774
7451
7451
7451
7451
3240
3220
2325
2325
592
6879
7419
592
6258
4522
4522
3220
7451
7451
7451
7451
7451
7451
7451
7451
7451
3220
7940
2325
4522
4522
1774
5129
5129
5129
5129
1774
1774
3071
2835
7673
466
4105
1742
2533
6590
960
6635
4522
1774
6384
5129
5129
5129
5129
5129
5129
5129
1774
3240
3260
4522
4522
1774
1774
6384
6384
6384
1774
7451
6258
960
4442
5654
769
476
4919
7733
2338
1672
6481
6258
4522
1774
6384
5129
5129
6384
6384
5129
7451
3240
3260
4522
4522
1774
1774
1774
6384
1774
7451
6258
202
4112
4306
6375
4975
4018
7810
2558
8059
502
3494
2835
3260
4522
1774
1774
1774
5129
6384
6384
7451
3240
2325
4522
4522
1774
1774
6384
6384
3220
4522
6481
4949
6559
521
7483
6436
1048
725
1377
3680
459
856
5230
3741
4867
7940
7451
6384
1774
6384
6384
7451
3240
2325
4522
4522
1774
6384
6384
1774
7451
2325
4670
4245
4382
352
3709
6829
7176
6194
7355
3077
4342
2112
2706
851
907
6245
6258
3220
6384
6384
6384
7451
3240
2325
4522
4522
1774
6384
1774
3220
3071
6635
2737
456
4580
5403
617
7073
6933
2349
1245
1048
4722
3291
5475
3828
7829
6590
4484
592
1774
7451
5129
7451
3240
2325
4522
4522
1774
6384
1774
7940
6635
7013
6160
5172
2591
3467
3744
1651
6554
5959
6047
3832
6463
859
2986
1962
5090
1650
7872
592
1774
7451
5129
7451
3240
2325
4522
4522
1774
1774
1774
3220
7986
5831
2578
1089
5080
5283
59
7938
7361
7512
1968
1353
7263
850
7821
6348
217
806
2465
592
4522
7451
6384
7451
3240
2325
4522
4522
1774
1774
4522
6258
2896
4624
4702
6054
4687
6180
7599
771
3621
4456
5262
822
6256
790
4110
4110
842
3078
3010
425
2325
1774
7451
7451
3240
2325
4522
4522
1774
3220
6635
5343
4718
6732
2756
3258
5340
3426
3215
4359
1185
2238
4231
7650
338
2849
7705
3975
2720
7374
7480
5889
2343
4522
1774
7451
3240
2325
4522
4522
1774
3220
2325
202
1854
990
5123
4473
5363
7583
4665
2012
7304
7705
2812
698
618
6436
4619
697
2008
1433
4360
7929
4239
2325
1774
7451
3240
2325
4522
4522
3240
7940
7940
5706
4405
358
4674
2532
1360
3172
5861
1261
1686
2319
3217
3441
238
1307
3129
1234
5702
7634
6910
4419
2325
4522
6384
1774
3240
2325
4522
4522
3220
7451
6258
4834
4260
3923
6160
171
3503
7268
4252
962
2098
4360
6206
6570
6632
2099
7003
7226
6494
5968
2541
3656
4867
1774
6384
1774
3240
2325
4522
4522
3220
3240
4867
1679
5912
483
6679
488
7713
2669
236
4868
68
6855
8183
379
4520
972
3043
1342
1586
2777
1774
592
3220
7451
5129
1774
3240
2325
4522
4522
3220
3240
3207
1184
6928
4161
4691
7921
8082
2669
3097
3737
3827
6933
313
7212
3488
983
2139
6662
1672
1774
3528
592
1774
7451
5129
1774
3240
2325
4522
4522
7451
1774
4522
1672
202
7806
5578
2726
6238
4929
4966
4681
6314
293
5052
5261
6107
8129
6319
4479
7940
2896
4522
3220
1774
6384
5129
7451
3240
2325
4522
4522
1774
1774
3220
592
592
4670
2513
6288
4740
6052
5624
6596
5745
3953
6623
4
6812
3334
3957
955
7167
4233
2325
1774
7451
6384
6384
7451
3240
2325
4522
4522
1774
1774
7451
4522
7451
5326
4734
3334
3724
1814
762
5799
7412
2991
2814
1484
6086
2382
6090
7815
5401
960
7940
1774
1774
6384
6384
7451
3240
2325
4522
4522
1774
5129
6384
3220
7940
3071
4234
7058
1233
742
4831
6855
408
700
4252
8054
2599
362
2847
3203
6695
6553
4522
1774
1774
6384
6384
7451
3240
2325
4522
4522
1774
5129
5129
5779
3220
4867
4289
1426
7055
6194
7743
5366
1197
809
1528
3558
1528
196
2900
3215
6675
6791
2325
5779
1774
6384
6384
7451
3240
2325
4522
4522
1774
1774
6384
3220
2325
2896
4667
7119
8066
6172
3311
6817
5907
1761
7068
7743
6298
1695
2646
6841
4169
2309
2325
1774
1774
6384
6384
7451
3240
2325
4522
4522
7451
1774
4522
6258
601
7673
6828
881
317
6087
7308
624
1720
4576
878
2998
1741
2900
5011
1489
2622
425
592
1774
6384
6384
6384
7451
3240
2325
4522
4522
4522
4647
592
6884
4061
3240
7806
1923
5243
2012
2468
2352
1616
7181
4868
4121
701
3868
6087
667
2351
6553
4522
1774
6384
6384
6384
7451
3240
2325
4522
4522
2325
5229
3494
5010
7796
6258
3240
4572
883
2893
3828
7818
2099
3985
4144
6006
6910
1444
2393
1891
5250
2896
3220
7451
5129
6384
6384
7451
3240
2325
4522
4522
2325
2835
2405
6642
5489
7986
2896
3266
6695
3724
7043
3820
6797
1687
2888
264
3558
5522
2295
381
4784
5779
4522
7451
5129
6384
6384
7451
3240
3260
4522
2325
592
1863
1833
458
3494
4522
4867
1523
7849
6087
3428
2893
734
5597
6909
781
755
3241
4115
2984
1852
6635
4522
6384
5129
5129
5129
7451
3240
3260
6258
592
4233
3287
5302
7468
2901
592
4522
3240
3577
5012
1398
518
3463
4902
6854
408
6999
5180
7630
3959
4670
897
7451
5129
5129
5129
5129
7451
3240
3260
2896
202
2496
7021
3046
3260
592
4522
4522
2896
3240
3438
4503
7035
7274
2468
236
2769
6087
5044
2870
4233
2896
4522
4522
4522
4522
4522
4522
4522
4522
6258
6481
4644
184
2051
4670
6258
592
7986
3260
3260
592
4867
7297
6521
3736
6745
3366
3563
762
1210
6553
5779
592
3260
6635
6635
6635
6635
6635
6635
592
6635
