0
0
0
7
4
1
0
1
10
1
0
0
1
0
0
1
2
0
0
0
0
5
5
1
0
0
0
1
0
0
1
1
0
0
0
0
2
0
0
0
0
0
0
0
0
0
0
0
0
0
0
0
0
0
1
0
7
0
0
0
0
0
0
0
3
1
1
1
0
1
0
0
0
1
0
0
0
0
0
3
0
1
0
0
0
0
0
0
0
0
0
0
0
0
0
0
12
1
0
0
0
0
0
0
21
1
0
8
7
4
0
0
0
0
0
4
1
0
0
2
2
0
4
1
0
3
1
0
1
1
3
1
1
0
3
1
0
0
0
0
0
0
0
0
4
1
1
0
2
2
0
1
0
0
1
0
1
0
2
0
1
1
2
0
3
0
1
1
0
0
0
0
3
0
0
0
0
3
1
0
0
0
0
0
1
0
0
0
0
3
0
10
0
0
0
0
1
0
0
1
0
0
0
0
11
10
9
5
3
7
27
4
3
5
7
4
1
24
0
2
0
17
0
3
0
1
0
0
0
1
1
2
0
0
0
0
0
0
0
0
0
0
0
0
0
0
0
0
0
0
0
0
0
10
0
0
1265
3163
1455
2298
7691
763
2465
1133
729
8128
2854
7218
7048
3218
428
3123
2257
4293
324
2153
1902
7035
7744
4472
6674
7295
5767
7063
7453
4534
138
6945
2563
6371
4454
7013
4937
2329
5469
3223
5537
6989
5408
5756
3022
7227
1298
5583
6565
3266
5141
345
2079
5531
5350
4037
8043
6014
266
7453
3068
5787
2079
5880
517
4937
3352
6828
49
4920
4578
2458
370
3280
7028
4964
2257
2851
3483
1042
2860
538
829
2307
955
1244
7869
6139
43
7739
795
2377
2422
7845
7721
6991
4499
6730
7941
5611
2180
5442
7398
3443
2791
2105
1244
5826
1595
4416
6864
2851
1060
7468
2531
86
1998
3098
3461
1706
3434
7063
2690
6722
3474
1434
620
4852
729
3223
3560
370
6023
72
2010
1409
7642
6879
5285
5153
4100
7717
6853
2133
4055
437
8138
6840
6403
4964
254
4261
4214
848
2512
2487
7125
7701
2359
2784
7175
1522
519
3470
1380
4055
1926
397
3841
3461
5654
5120
1067
1880
1585
3223
4056
4055
4150
7751
7785
6565
1157
3098
2851
1188
4255
3574
397
876
4055
5418
1760
3319
3968
1380
4937
1380
5153
2690
6992
519
4310
8021
6327
7435
3434
673
2685
4937
1224
3087
3326
3352
877
7468
3068
4261
6327
3579
6902
283
2257
2377
3274
698
4786
3051
782
3035
3473
1228
5608
6256
3202
5285
2478
6953
97
3579
3115
2690
2918
5021
4892
4114
4820
6945
5530
4011
479
615
960
8188
1873
5219
1854
6565
3483
7944
1368
6448
4251
3702
2843
5276
3473
5281
5077
920
4628
3223
6879
6411
2339
1562
4239
7790
2988
7468
5623
7642
3445
2610
234
4970
2715
7416
4061
4937
6343
6742
5160
3668
5000
2309
6565
5150
3851
869
6111
1595
4498
2343
5116
5285
4462
4571
3004
3494
4055
5724
7160
6549
5165
4793
3162
5165
4937
848
913
3210
3103
5140
6168
4944
3379
6830
4055
4937
5153
2217
3099
5420
6930
2110
5418
764
7112
1046
4055
6954
5268
4029
2835
3483
7468
4114
5623
7628
6590
416
7642
1086
3775
7625
852
7491
3789
5281
6889
5268
5765
8173
3178
556
1124
2707
3129
686
4942
1270
6945
2257
182
3123
5418
2111
250
4419
1593
4334
2343
5735
2790
7133
8188
4912
4290
3560
1928
5739
5350
6768
673
317
2624
6457
4155
1973
6488
4396
3255
6071
5428
8188
2851
5450
5279
1151
922
202
212
1873
1279
4183
240
2741
4055
4733
5604
933
3635
5826
4055
7101
1186
2024
3136
1693
437
3003
7736
3993
4551
4663
7068
4042
425
2851
5116
4644
4575
4293
848
3821
6973
7753
3707
7178
3999
1473
543
2786
7601
4340
5366
6270
2284
3232
4509
6162
2854
4649
6884
3792
6789
7476
3973
7111
646
2699
283
1060
2650
5650
6346
1863
4055
2377
2716
1584
2229
2100
1990
7253
5890
5144
5461
2865
4452
2157
6950
1585
4349
4199
6743
4354
6613
7588
3726
5981
6805
2846
8188
2257
7087
517
4055
1380
2851
1320
1453
2120
702
1019
7364
3231
5593
2042
3998
714
6697
118
7599
1459
5063
4191
51
6270
5475
4297
565
4563
5197
4601
1846
437
6945
7063
5846
7468
2329
6722
1769
6346
5470
6590
5415
7103
7031
4619
3476
8029
6129
7691
6040
6531
3078
5867
3177
6618
3407
4179
2305
5762
7243
2507
2029
1425
3123
3123
942
4293
437
6565
7186
1907
4765
4308
2993
6602
666
2235
5407
7300
2389
36
3980
2553
6527
4840
618
6005
1589
7664
811
590
3141
6667
4422
536
5648
1380
4055
3401
4214
4056
501
116
5664
7437
4620
4721
2439
7644
7978
2393
697
5654
5737
7838
7269
4524
6902
1411
225
7003
3901
5999
1158
5751
6862
3123
5489
4233
1446
7905
2329
5031
6565
3890
4498
517
2148
6676
4228
2943
6601
1833
172
4696
7736
6109
1404
3862
4817
4239
4949
3223
6170
3503
7369
4905
5650
4419
1736
338
6590
5746
3494
4094
2442
5906
2111
3494
7628
5341
3718
2349
6887
1015
6460
5464
8139
7244
383
4632
5440
5772
3237
536
3347
2150
4509
7468
5623
7790
1826
4605
5623
2773
4274
7820
5668
7218
1209
4937
1452
7297
4794
933
1462
4139
2722
6238
6562
4107
4694
5625
7239
1702
6408
7481
3586
6481
5623
4480
4089
517
5928
5165
2329
2423
6590
4175
3159
7134
5870
5791
7491
4055
5623
3274
6708
1917
3093
3343
3437
6856
6061
5609
5698
7987
6049
3881
7340
7190
5623
6945
2699
4293
7684
3004
2111
271
1209
2056
6470
2861
5404
979
6513
1253
7398
5715
6590
3681
5888
1390
7386
4946
8062
7386
3881
371
3990
5156
650
5574
6565
6587
4575
2089
4428
5048
392
5450
2851
2071
4114
2111
4937
1209
4680
2203
979
922
1820
383
4597
4423
2206
6988
929
2148
3532
3825
168
1449
3060
6661
4937
5268
5450
7468
3389
4175
916
3494
907
2377
5450
1060
3352
2133
1542
6902
2851
4055
1736
3763
7733
5261
6304
4721
640
67
1127
2124
2943
7330
3176
5552
6587
6830
3619
5623
472
1244
2918
3123
3494
6509
2111
4937
1060
2442
3197
920
5120
3619
6186
2386
1092
5325
6835
4423
562
1924
5284
6370
4346
3989
4643
1850
4233
4419
1948
437
5229
2111
4089
1133
2773
2377
1060
7087
2541
6765
2786
3319
448
1631
4061
1211
7646
6981
1977
4395
3311
7742
2206
484
4295
4352
7464
2259
2784
4937
517
5596
1060
2777
6565
3512
4233
5031
3941
3223
5559
625
1253
1020
5668
974
4114
6166
2680
5956
2382
1812
6129
7241
2826
4551
6216
1117
1289
2000
7468
5623
4973
5608
5153
5963
7806
5450
7468
1255
3941
2483
7549
3087
1409
2851
6346
802
7468
6821
640
7412
178
2789
7814
2305
5986
3716
1415
4084
6022
6999
3123
7468
1380
7651
907
5428
3619
4937
4293
5031
3610
7040
252
4425
5282
5116
249
4504
3528
289
1521
6592
3537
7909
3487
1566
791
6829
3284
7256
788
4317
4575
1423
4937
6590
2423
764
7413
7790
2773
5268
