0
0
0
9
8
7
0
2
14
2
0
1
1
0
0
2
0
2
0
0
0
5
9
0
0
0
0
0
0
0
0
0
0
0
0
0
0
0
0
0
0
0
0
0
0
0
0
0
0
0
0
0
0
0
0
0
0
2
0
0
0
0
0
0
2
0
0
0
0
0
0
0
0
0
0
0
0
2
0
0
1
0
0
0
0
0
0
0
0
0
1
0
1
0
0
0
15
0
0
0
0
0
0
0
26
0
0
9
8
7
0
0
0
0
0
0
0
0
0
0
1
0
8
0
0
0
0
0
2
0
0
0
0
1
2
1
0
0
0
0
0
0
0
0
3
0
0
0
0
0
0
0
0
0
0
0
0
0
0
0
1
0
3
0
0
0
0
0
0
0
0
0
2
0
1
0
0
1
1
0
0
0
0
0
0
0
0
0
0
4
0
9
0
0
0
0
0
0
0
0
0
0
0
0
10
4
9
2
2
1
26
5
0
0
7
3
2
29
0
0
0
11
0
0
0
0
0
0
0
1
0
8
0
0
0
0
0
0
0
0
0
0
0
0
0
0
0
0
0
0
0
0
0
10
0
0
5013
450
5214
4594
764
3947
2777
3225
764
2333
334
4952
976
2836
1182
7292
475
6004
6827
2207
606
960
4475
764
4568
6588
211
7063
7582
3947
7484
6796
3068
3947
536
3223
4628
3477
8143
868
8070
2299
836
7718
6117
6932
831
7785
7717
534
5679
2146
5714
7045
3979
912
2465
7596
6761
3947
7806
5756
3223
5750
7484
3947
7806
3223
4594
916
944
5417
3236
1826
2785
5976
3629
6743
5803
2727
5984
7828
1494
2356
521
2600
6125
2195
2039
3223
4475
211
3223
3123
6980
7596
3947
536
5112
3068
764
2621
2829
3688
4607
7090
1552
5475
2077
8113
3824
2727
6650
7064
6682
866
3564
7430
7767
2397
1290
7488
5314
764
536
5450
6761
7596
4317
3223
5450
4569
1530
130
1140
5725
5634
7546
4485
4485
6458
3762
2920
4778
2298
2237
5405
501
1856
2385
5834
1330
1841
3933
3472
5428
5536
4399
7484
1238
631
4707
764
1917
6052
4622
7111
4858
6536
6325
6501
61
3305
6437
5307
769
6010
2359
3020
4022
5118
4582
1292
5159
4355
2933
1876
2516
7190
2777
5048
7596
4475
5314
4575
420
3805
718
3171
7910
3213
38
847
1615
7625
1083
5442
5511
1858
7956
3589
4382
3280
2747
6326
2105
146
3830
4271
3634
1209
536
2650
7596
4809
4594
3947
1249
5515
1070
2939
288
5731
6004
7287
1004
468
7091
5953
7176
4283
117
2182
4142
7958
4766
7639
3196
6201
6383
7395
1347
3123
7806
3068
14
3947
7806
1209
3576
1042
6554
7332
6186
118
1043
5266
8117
7074
8120
1357
4542
5395
7759
2962
5715
5297
1004
7078
6320
276
3701
6705
7818
2423
3068
3223
1948
4202
3223
3947
4183
2109
3183
3693
942
3729
5222
6059
976
2640
8027
3743
2892
2439
1947
8030
217
549
3463
5209
858
5071
5317
3185
709
4293
437
4628
7596
7063
260
450
7872
2220
4751
2843
5985
1673
522
6068
4476
1968
4313
6905
3820
707
7439
6282
214
5182
4532
4086
7738
3635
2760
4437
4317
7484
536
3068
14
4475
536
3947
907
4092
1951
6132
2378
6282
7921
2772
2101
1770
1377
6717
7843
5465
2785
3636
5701
3134
2257
2773
7255
449
8112
7240
764
3223
6060
4735
7596
825
3223
4448
3223
5661
6746
3117
4792
4335
4159
6209
6850
3588
469
4109
6645
7211
5497
5319
2261
5963
5647
6872
3348
1874
4354
4233
6227
6639
437
3401
3947
7582
6796
4094
411
3068
1550
2676
3690
4272
2021
4957
5334
7437
5035
2378
1690
6177
2728
3382
6896
5135
4419
1832
734
260
7615
3068
2257
3223
3947
4609
2901
4878
3541
2184
3223
3947
4484
5129
3879
3149
5949
199
7326
4598
3580
1183
6299
1825
6242
5543
3688
5090
819
7689
5013
7484
3947
3223
211
536
5450
4053
7596
211
3947
6980
3947
4628
3068
4504
1684
171
7523
5313
3221
3836
987
4602
6862
1685
5075
6978
6299
6759
7446
3477
7484
3947
3223
536
3477
811
3148
283
7596
5687
3585
5112
5112
3068
215
7473
1338
5971
173
1058
7346
377
420
2099
2655
3782
4572
2406
6932
885
6679
6411
1209
3068
536
3947
536
5650
6393
2650
7596
4878
5314
7013
1823
7484
5687
3014
7950
5983
5144
7713
516
6871
5515
3152
3488
2829
7938
558
5260
1468
6820
706
764
3068
4628
5687
4578
5314
5450
4628
260
3389
2405
3389
4053
260
3741
7182
5770
4697
569
7174
4637
1652
545
4271
2427
6279
1591
1132
8190
2404
2129
7290
3068
536
3947
3947
3223
7806
3947
7901
2061
4239
6588
7784
5112
3223
5013
3907
4145
908
7488
3611
7537
5088
3722
2643
2038
5535
1182
2232
8044
1333
2967
7759
3068
536
4575
4809
2650
536
6884
7784
7596
559
4628
5450
260
631
437
2527
6267
5666
1628
7346
7542
1336
7738
7259
315
5189
3044
1717
3930
4107
3292
4354
4207
4317
214
7297
3389
3068
211
5048
1238
4878
3223
214
3068
3947
2629
5664
6025
7075
1382
3719
7276
5196
7942
5592
1725
5277
1928
3398
1009
5493
2207
396
3477
4053
4892
896
5112
2650
3223
5112
2736
3223
7984
211
4317
7294
6060
631
6558
506
3412
4366
6179
6468
172
1200
7749
5839
1042
2167
6955
1935
3953
2676
6588
450
4053
3068
4165
3068
536
2257
14
1664
3223
3223
7063
536
536
536
4644
3843
3210
6172
5301
6889
7893
6689
5334
1762
6615
5012
8135
1153
4317
7484
4053
2184
5650
3068
4053
3068
8188
2405
2309
4202
3959
2650
3401
211
2686
6902
2773
1550
7326
6179
6554
2884
5708
6015
7113
36
4457
2805
7426
4202
3068
3148
3585
6980
3223
7784
2513
3223
5112
6980
3947
6227
260
2777
421
3661
3947
4937
5112
4594
3148
1726
4595
197
2905
8105
298
6615
3119
3264
825
6588
3947
3068
3223
421
3223
3223
5997
7484
5450
5220
4164
1209
4053
4609
3223
7294
7484
4707
3947
536
1550
631
7857
735
256
5369
4503
7053
626
6590
3068
5450
5112
1550
3223
1133
8
3947
4053
536
3223
5997
7596
3816
3068
536
7596
5746
4628
3068
3401
4053
536
3947
764
6796
4475
5489
5343
2423
1856
1209
6980
3494
4053
7205
3068
6980
3068
5877
7063
4448
5112
182
2901
5214
3223
1049
7784
3068
6186
491
5746
7484
4892
4937
6259
3068
3068
3504
3389
4317
1131
3068
3947
3223
3494
6980
260
4053
3947
271
896
3068
538
4710
4399
764
260
7984
536
3947
3223
3123
260
7984
5746
4628
211
3947
4216
4317
3477
3378
2496
631
5687
3068
3947
3947
3223
3947
4892
3526
7063
3947
260
6060
7596
764
1593
3816
260
3494
7784
3947
6980
437
3947
4317
536
2831
2405
4937
3947
5450
1331
2777
8
4651
3068
3223
214
3785
536
7063
4878
6980
3352
4053
3625
1776
3959
8188
3959
7806
3947
3068
1550
3068
4053
4575
7484
450
4202
7806
1550
182
2175
764
1620
979
1852
536
3068
3959
2777
7806
7484
2405
8143
536
1776
