0
0
0
10
10
7
0
2
11
1
0
4
0
0
0
0
2
0
0
0
0
2
5
0
0
0
1
1
0
0
1
1
0
0
0
0
3
0
1
0
0
0
0
0
0
0
0
0
0
0
0
0
0
2
0
0
1
0
0
0
0
0
0
0
3
1
0
0
0
0
0
0
0
0
0
0
0
5
0
3
1
0
0
0
0
0
0
0
0
0
1
0
2
0
0
0
16
0
0
0
0
0
0
0
25
0
0
6
4
4
0
0
0
0
0
1
0
0
2
0
0
2
4
1
0
1
0
0
1
1
0
0
1
1
0
1
0
1
1
0
0
0
0
0
1
0
1
0
2
2
1
1
0
0
2
0
0
0
0
0
0
1
5
0
0
0
0
0
0
0
0
0
0
0
0
0
0
0
0
0
0
0
0
0
0
0
0
0
0
4
0
8
0
0
0
0
0
0
0
0
0
0
0
0
13
2
9
6
2
2
30
5
3
0
3
0
2
17
0
0
0
12
0
0
0
2
0
0
0
1
0
3
0
0
0
1
0
0
0
0
0
0
0
0
0
0
1
0
0
0
0
0
0
10
0
0
6997
8003
7574
3646
5171
5314
7281
299
335
785
1715
2801
738
6887
1617
3240
2896
2325
2325
3071
3071
3071
3071
3071
3071
3071
3071
3071
3071
2325
6258
3071
2271
6889
3895
1277
738
7798
2421
3478
3808
7574
5047
4786
6253
639
1191
6150
2896
4522
7940
3240
3240
3240
3240
3240
3240
3240
3240
3240
7451
7940
4670
6258
5536
1078
5545
6089
1347
3808
2024
14
1765
2304
6367
2728
2631
6095
7440
1776
592
4522
3220
7451
7451
7451
7451
7451
7451
7451
7451
7451
7451
3220
7940
2325
4103
4011
5531
7034
4758
6615
3056
5766
2525
6183
2343
6258
7940
20
6828
960
6258
4522
4522
4522
1774
1774
6384
6384
5129
5129
5129
5129
5129
1774
3240
3260
1173
1814
1732
7617
350
5727
7952
1005
2780
942
466
4867
212
1859
6036
803
4522
592
4867
4647
2325
4647
4522
1774
7451
6384
5129
6384
5129
7451
3240
3260
837
5096
2700
2809
3992
7627
4778
2573
7554
5470
960
4266
8156
6436
4375
7964
2861
7000
3364
2368
46
5229
2325
4522
3220
7451
5129
6384
6384
7451
3240
2325
5403
4880
4012
6075
116
6323
4796
861
1252
7911
5688
6636
1011
1777
7982
449
2427
986
7111
3388
3836
3401
2465
5779
6635
7451
1774
6384
6384
7451
3240
2325
3534
7113
2817
2230
573
7686
2628
3482
8011
2206
6667
4110
4182
4899
5681
2568
5793
7085
5430
2633
573
7111
3430
3402
3071
7451
7451
5129
6384
7451
3240
2325
7283
7945
3263
2684
1503
3663
4013
2916
3920
7216
7210
5821
7079
7313
8149
1352
3809
5998
1138
7766
5952
4693
710
2360
7419
4522
1774
6384
6384
7451
3240
2325
7035
5095
7290
1150
4740
5622
4512
2425
7265
1753
2347
43
6907
1990
7318
1029
3010
5821
3729
4485
1364
7658
5505
5940
6553
2325
1774
6384
5129
7451
3240
2325
876
8187
7176
6108
860
2283
1481
2353
3453
7923
1280
3059
2337
5612
4779
1638
4755
3130
8155
205
2072
5417
5052
1892
5129
2325
1774
6384
5129
7451
3240
2325
1843
4732
978
5303
5362
7370
6344
1896
6769
985
2892
4796
3817
3149
7557
2288
5007
3631
7427
3864
2058
661
5313
6393
8055
592
1774
6384
5129
7451
3240
2325
5396
2327
2597
7686
5780
6689
5458
6769
6499
3911
995
849
5969
2180
7899
2717
7671
2750
8109
3827
7091
8149
6167
960
2325
3220
7451
6384
5129
7451
3240
2325
3472
2606
4
6600
3825
2448
3325
4518
2112
1349
1816
6966
4994
7704
7834
4278
1792
130
4541
6425
2609
2979
960
3071
7940
1774
6384
6384
6384
7451
3240
2325
1653
594
4838
7708
6132
1780
5371
7194
4129
4702
7533
343
3397
3657
7361
8138
2073
7058
3825
4893
1672
3071
2325
7940
3220
7451
5129
6384
6384
7451
3240
2325
6826
650
2455
7407
2165
5151
7658
8100
2165
1401
976
1115
3407
5262
6723
3075
7276
4682
4158
213
1787
4341
3260
2325
7451
1774
5129
6384
6384
7451
3240
2325
5165
915
307
6564
6025
1860
3334
6322
7214
6998
2858
7343
3264
6270
6716
6814
4665
1149
6928
2871
4500
6386
3004
3071
4522
1774
1774
6384
6384
7451
3240
2325
552
7573
5730
1314
84
2402
516
2058
7733
734
6300
4935
5108
2291
3836
7152
2403
6570
5052
6928
2020
5269
6233
5013
4522
3220
7451
5129
6384
7451
3240
2325
4867
462
6035
4805
5986
3240
2066
1151
4205
819
7615
7405
1940
3135
8005
1002
1102
7513
1044
6236
1923
2231
1578
212
4670
2325
1774
6384
5129
1774
3240
2325
4867
1698
3003
2934
2533
3071
4089
1672
5129
5129
3220
5767
3778
4715
7713
3255
5769
1392
6662
6488
3101
6928
788
8173
5507
4522
4522
1774
5129
1774
3240
2325
2896
4867
1698
2325
592
7940
2325
592
592
2896
5267
2509
6861
6966
6694
1336
5806
2054
624
1144
599
4665
1898
4437
3806
3240
7940
1774
5129
1774
3240
2325
2325
2325
4522
7451
5779
3220
6384
5779
7940
6258
1060
4707
3893
1005
1730
2991
4982
7147
7808
52
3869
7257
7667
1980
1777
3188
4647
1774
6384
1774
3240
2325
4522
4522
3240
1774
7451
6384
6384
7451
3240
2325
202
6619
5945
2264
5471
4373
3215
6736
4417
5978
1451
7083
4313
4024
4436
3542
592
1774
6384
7451
3240
2325
4522
4522
7451
5129
1774
1774
6384
6384
5643
4522
601
4937
5279
453
7091
2897
8168
2291
1359
4360
5416
5144
4665
762
4282
2610
3240
4522
6384
7451
3240
2325
4522
4522
1774
1774
1774
1774
6384
6384
7451
4522
2676
6995
2309
4190
3101
6928
7729
6905
4624
7772
483
6581
6194
2508
5177
1483
6245
7940
6384
1774
3240
2325
4522
4522
1774
1774
1774
1774
1774
6384
1774
1774
2325
592
2896
3207
8112
5132
6428
1044
3282
4902
3836
5907
3744
3366
7137
6737
592
5779
7451
1774
3240
2325
4522
4522
1774
1774
1774
1774
1774
6384
1774
6384
1774
3220
4522
4670
4291
5241
7410
3817
3101
1018
7068
5812
7840
6805
5943
4955
2325
3240
6384
1774
3240
3260
4522
4522
1774
1774
1774
1774
1774
1774
6384
6384
6384
7451
7451
6258
2835
3002
8112
58
6500
1695
2468
2993
7840
1847
5515
2533
4867
1774
6384
1774
3240
3260
4522
3220
6384
5129
5129
5129
5129
5129
5129
5129
5129
5129
7451
1774
6258
7940
7545
4389
1530
6719
7035
1725
2434
387
5608
4670
7940
7451
6384
1774
4522
6258
3240
4522
6384
5129
5129
5129
5129
5129
5129
5129
5129
5129
5129
7451
3240
4867
2896
2513
3847
336
7473
6359
1489
3263
4670
4867
1774
7451
4522
6258
592
2896
6258
2325
4522
4522
4522
4522
4522
4522
4522
4522
4522
4522
4522
4522
4522
4647
6258
3656
3071
7294
2385
5785
2104
6590
3071
4522
4522
2325
4647
2861
7812
7453
3260
592
7986
7665
6635
6635
6635
6635
6635
6635
6635
6635
6635
6635
6635
3260
3260
592
592
6258
5779
6258
6258
592
592
592
7986
592
202
176
6532
5498
