0
0
0
10
6
5
0
2
11
5
0
1
1
0
0
2
0
1
0
0
0
4
4
0
0
0
2
0
0
0
0
1
0
0
0
0
2
0
0
0
0
0
0
0
0
0
0
0
0
0
0
0
0
1
0
0
0
0
0
0
0
0
0
0
1
0
0
0
0
0
0
0
0
0
0
0
0
2
0
1
0
0
0
0
0
0
0
0
0
0
0
0
2
0
0
0
16
0
0
0
0
0
0
0
21
0
0
6
5
5
0
0
0
0
0
2
1
0
0
0
2
0
8
2
0
2
0
0
1
1
0
0
1
0
2
1
1
0
1
0
0
0
0
0
3
1
0
0
0
1
3
1
0
0
0
0
0
0
1
1
0
0
4
1
1
0
1
0
0
0
0
0
0
0
0
0
0
1
0
0
0
0
0
0
0
0
0
0
0
4
0
8
0
0
1
0
0
0
0
0
0
0
0
0
10
4
10
5
3
0
27
2
2
3
4
1
3
21
0
0
0
10
0
0
0
4
0
0
0
1
0
2
0
0
0
0
0
0
0
0
0
0
0
0
0
0
0
0
0
0
0
0
0
10
0
0
960
2784
4480
6945
4713
960
5963
2860
3123
1060
3512
2851
572
5655
8117
4688
4697
5662
7790
3123
2423
6565
5153
764
4055
3619
7413
3494
4964
5650
517
202
4055
7127
3691
2111
3512
447
1380
6148
3941
3941
1380
8032
7894
6112
6770
3317
7277
1935
2993
3619
1393
5599
182
2988
5268
1393
1446
1380
5229
3296
1273
5450
4973
4575
6565
4442
6148
4480
3512
3494
5268
2343
5418
6270
7074
6969
5363
6456
7835
2791
1104
549
5623
2423
3690
3046
5963
7063
3941
2111
1579
4480
2898
7468
922
2851
4498
437
5239
3123
4937
1672
5393
2748
4508
6865
7041
2380
4465
4229
4229
8014
6005
2140
5768
7346
2619
1501
8071
2515
1060
4652
3941
6945
1391
8188
2851
3352
5623
6954
1380
2533
4206
1246
5496
3580
7098
4085
4022
3742
2308
214
54
1439
2140
3629
4405
6522
1115
6978
3580
1338
2924
7651
5153
5268
182
3378
3941
2567
1060
7468
1826
1489
5011
5367
5043
1004
2331
6969
7259
1424
7926
3475
4229
6322
5971
2331
1424
2998
1892
2000
4655
1447
1256
5170
5963
2988
6565
5239
182
7354
4293
1898
7760
5390
1483
3657
4553
4126
116
6411
2662
5544
5629
5629
1650
5544
2867
4011
6897
2860
3602
4789
5474
1427
6485
2099
7055
4293
6565
3512
5229
6565
1391
6918
4739
3673
970
926
7389
3148
6591
7546
4092
5481
4192
4270
5557
3470
4998
7166
2968
1026
5591
859
5605
6411
6129
3351
152
3308
4964
4575
5229
5428
993
4515
4622
1130
985
4935
5952
5517
3350
4148
2628
933
3562
7590
7067
585
2791
5223
5850
7424
7205
585
2072
6166
1037
5371
2195
1628
2111
1380
5268
1380
7963
5174
6522
595
4981
3381
7685
7194
6499
1483
3847
5423
5496
1203
2434
6436
2634
3809
4588
985
1552
5022
6499
7205
5326
7015
219
7656
5470
5450
7468
1580
6850
1151
4155
5258
7882
6517
4479
1238
7079
8157
590
7447
2833
7660
5967
2356
791
3332
4479
3401
4126
4707
5546
2112
353
2584
7262
806
5239
517
7063
5889
5555
941
3966
853
4755
8064
779
5022
6386
5404
5603
954
7366
1094
2246
7231
6988
3487
7737
899
5736
2642
2254
4126
3432
3403
520
3659
4233
4089
4973
2851
6745
2583
3012
3620
5423
997
7357
5972
6818
4747
553
3516
6668
7302
4561
5934
6045
3205
5662
1615
4460
859
17
5553
7919
4963
3836
5010
5268
6565
4973
1133
2423
594
4289
4967
729
5124
144
4196
6556
5099
7505
7938
6198
857
1180
193
1291
2331
238
475
7159
272
2582
2420
545
6719
1242
1380
6148
1060
2329
1391
7790
718
4943
1077
5622
6519
1360
7045
7799
2760
4138
1470
7998
974
7998
7534
8002
219
6208
3317
3989
3446
1230
2312
594
2529
5648
8188
3512
1060
3123
2650
3512
437
4008
459
1322
426
3824
155
6790
2834
2183
3236
6132
6555
2943
3236
6486
4697
5829
6374
2476
5721
7375
4205
138
437
7790
2851
5239
2851
4055
5229
4055
4937
5229
5229
5542
6315
481
53
3463
513
168
7307
7998
7843
8076
4963
371
4960
144
3494
5450
4399
4480
4055
7468
6590
922
2851
3296
5116
4709
2111
202
4055
3296
3656
5229
1380
2343
6872
2058
4108
4967
1858
5745
2099
4810
2090
7274
3776
7667
1502
4055
6565
2329
4973
3512
2329
6590
7940
2111
1273
3494
5858
580
6482
5963
4712
1311
6590
4733
5337
3566
4855
545
1825
1336
6695
3519
1855
2368
4220
107
7815
2257
1579
2851
3512
3512
6661
3619
5846
4055
4233
6635
1060
2851
5268
1391
3123
7354
2533
7446
6687
1695
6400
4551
3601
5904
8137
1220
1685
3236
6589
4946
5799
1358
3619
7468
4233
4419
2329
4055
5716
5648
3123
4480
2329
4089
2851
3123
2851
2111
5963
5852
4696
8099
6231
8005
5132
1275
2063
5733
299
3828
7743
2021
3828
4960
1209
3296
5450
6730
4709
3240
5664
2089
182
2851
7297
5648
4973
4055
6590
7468
7647
3488
624
1894
4437
3371
51
4870
6736
1827
5976
7557
5745
603
51
883
5756
1133
3068
4709
4061
4055
5239
2111
4089
2111
7468
5540
4233
4480
5648
2851
7654
720
5655
5472
7446
5369
706
6350
1876
603
2735
2658
520
2637
4610
5943
5868
3542
1060
425
1380
4547
4089
3512
4055
2835
4591
5129
425
5963
2657
2851
866
2566
4967
3883
1855
7103
7818
7658
4145
3987
2161
127
3488
2691
610
4336
340
5705
8143
3690
7468
7468
5129
2988
437
4055
6565
2111
3690
5623
4293
2835
4762
3221
6021
4030
1008
7060
6555
6558
8003
5011
2197
4803
8099
4905
833
6090
960
5268
5963
4089
5623
6902
4937
4575
4055
7451
5239
2918
4233
5239
472
5229
1291
7058
1397
1980
5028
4208
6964
4220
3718
865
3652
5471
4138
982
3782
7569
7468
283
88
3296
7868
1380
2329
2329
4233
2851
283
6565
1060
960
6590
4973
4207
3869
2539
4169
6138
4159
7568
610
1104
1599
4437
7030
4271
2003
2700
3673
437
4055
6590
2111
7190
2657
4480
5648
4055
4089
2111
3494
6954
3512
4055
4428
6954
5582
3247
6299
7436
2579
2090
4957
4611
2315
5367
3604
7714
2653
3135
6590
7468
4973
4055
7354
1209
5229
2257
5648
4089
3512
4055
7354
5450
7354
1380
4055
4293
1550
6694
5681
2012
3895
1812
788
1708
940
3895
5251
3839
5506
6925
2835
3512
3296
3004
7354
960
4670
5963
1380
2835
2111
5279
2988
4089
3619
5239
45
283
2918
2785
70
5752
3404
7430
6555
2004
3403
6631
5260
387
6352
4293
5229
4973
7790
4089
7354
3619
4419
3494
5229
3619
6945
2343
2657
2423
2835
2918
7451
4055
6590
7468
5875
70
4883
1785
3608
2207
836
945
512
7864
5664
4089
4055
1133
2988
6587
5648
1380
6186
4973
5648
4089
4233
4293
7790
764
2918
2835
1380
6590
2657
3690
3240
2134
4124
130
3645
4271
1715
5904
1623
2465
2851
4055
4089
7468
6565
6945
2423
348
4937
1380
2835
6590
