0
0
0
10
6
2
0
1
11
2
0
2
0
0
0
2
0
1
0
0
0
5
7
1
0
0
0
0
0
0
3
0
0
0
0
0
0
0
0
0
0
0
0
0
0
0
0
0
0
0
0
0
0
2
1
1
0
0
0
0
0
0
0
0
1
0
0
0
0
0
0
0
0
0
0
0
0
0
0
0
0
0
0
0
0
0
0
0
0
1
0
0
2
0
0
0
9
0
0
0
0
0
0
0
23
0
0
10
4
6
0
0
0
0
0
0
1
0
0
1
1
0
3
3
0
0
0
0
3
2
0
0
1
1
1
0
0
0
1
0
0
0
1
0
0
0
0
0
1
2
0
1
0
0
0
1
0
1
0
0
0
0
3
3
0
0
0
0
0
0
0
0
0
0
0
0
0
1
0
0
0
0
0
0
0
0
0
0
0
4
0
11
0
0
0
0
0
0
0
0
0
0
0
0
11
2
9
8
4
0
28
1
2
1
4
2
2
21
1
1
0
10
0
0
0
1
0
0
0
1
0
6
0
0
0
0
0
0
0
0
0
0
0
0
0
0
0
0
0
0
0
0
0
10
0
0
2796
2513
783
411
5112
8188
4341
1852
4950
2411
6902
5285
3816
4718
4484
536
3068
3389
472
4475
3022
7229
2777
5687
3389
979
7160
6417
536
538
5530
1209
979
2541
538
2411
214
4202
7205
5220
2777
7205
3389
6104
5048
6227
3816
6227
374
6791
5112
4809
514
1620
5850
559
4155
7205
1824
7405
6761
5214
1620
1620
3389
6828
783
7596
783
5254
2513
5322
4399
4718
3959
4568
4053
5013
4340
2910
7734
2369
1523
4484
3682
631
3682
1988
3656
1748
979
4575
4920
4784
6677
6791
1944
5574
5048
538
1550
4150
450
635
5514
211
4735
6791
425
3457
669
6668
1527
3937
2436
3600
437
138
3682
4238
6357
1932
6791
1944
744
214
5750
4319
5077
6271
1029
214
2489
4341
6821
450
6830
4008
283
7321
6358
5519
1818
3575
6334
6460
5225
7179
2390
7621
7956
7190
1620
744
899
6830
4365
2513
7205
825
2423
4238
4735
6041
4880
4340
568
6082
3477
1024
6425
2020
7697
8014
760
1012
1734
6116
7756
652
5052
1623
5151
4803
5507
283
916
1824
4094
6830
2916
450
2411
2860
763
4707
2464
4641
1739
5928
4673
3063
4963
3629
3394
1978
7024
3186
8048
4005
6995
2225
3671
5624
5824
1338
3883
5874
3449
698
3389
4448
591
5536
1550
214
536
3599
8143
4238
3389
3185
3221
5260
3332
4645
480
4955
3432
7302
5332
3024
6552
5335
3332
5394
5552
4118
3221
590
1776
3851
7570
215
6041
7901
4216
4568
1488
7205
7596
764
7695
498
706
7192
8073
8127
6013
3186
2679
7725
2095
2226
2229
3314
7263
3809
6164
415
8118
6416
6409
4644
7984
4651
4575
6053
4202
568
5489
5412
6227
6552
1005
5820
656
2494
6456
204
889
3086
6522
2724
6783
1627
229
6535
5850
6449
6548
6082
7756
5655
2050
3861
255
3947
6104
2629
4735
4575
4707
5272
4937
4834
8070
1753
1581
3686
4794
1962
3678
6307
4697
5467
8043
1777
5293
1913
6048
1905
5951
970
2785
836
98
3477
1595
7882
6011
1863
1776
5112
7413
4809
6060
3477
5655
3403
6988
2072
1252
7443
5145
3820
3853
6073
7093
4168
3836
1846
8006
3003
972
5772
2341
4159
671
8143
211
7405
4892
4937
4892
5687
3433
5314
6588
7615
340
2508
3621
3838
2295
3557
2485
5404
7564
2532
998
4124
2577
2497
6242
4515
8136
5286
3815
1076
764
5542
5826
5112
606
2777
568
4478
6011
170
5997
2405
2513
5716
7058
1855
2904
6850
3544
7467
7444
1947
4201
6235
762
7367
6266
6353
4506
6557
5997
211
783
568
3326
1103
7806
1103
2851
450
825
4372
5024
698
5428
2777
2402
2647
1725
5278
4253
6159
944
3267
3532
3537
7058
4826
4857
425
1776
7063
2777
8030
6761
2777
7984
3483
3541
7901
5013
283
2329
4317
5220
783
671
4207
6320
5013
4892
5928
780
2928
6801
861
2749
3255
6138
2352
7386
1460
2182
4651
4651
7063
3266
2339
7063
1620
5112
3389
568
2513
4341
3690
283
3541
2411
7882
211
5801
2796
3718
1332
8082
6918
2700
7560
1264
2188
6125
7381
8063
2394
1279
4568
3577
2339
2192
4818
4580
4707
1593
7484
4317
3577
783
1224
600
916
2918
4448
4293
7686
1563
3195
4434
1578
8045
7200
2320
6492
4344
4360
7392
4244
344
2285
421
3572
7063
2777
2339
3916
7049
6677
7806
3572
6089
1620
5165
7582
1830
538
2441
694
2213
7043
5974
5974
2779
3944
5641
4113
8140
3009
161
2452
233
1697
3947
7967
7218
6828
4317
4578
4809
4788
6104
5574
255
2405
6320
2513
2907
450
3259
3273
7985
1604
745
2475
6573
1194
2812
1563
7402
8181
3514
5685
5539
4052
825
2507
2405
5248
421
4718
1664
6135
411
6791
308
421
138
4707
3528
536
6605
784
6786
2020
7541
2486
6316
7952
5478
551
8125
8022
4132
4064
2473
4078
3600
1824
5019
4074
7582
740
5664
5874
2533
1270
411
568
5412
7484
7405
4442
355
5866
1541
4269
5819
7769
3761
5919
60
2021
7540
3343
4240
1000
667
6633
538
5687
2339
7806
260
3148
170
575
7301
1133
2650
4641
671
2686
7063
3959
2705
2944
944
4451
5103
1066
5131
1033
6862
7067
2021
4786
3273
944
7511
7174
3068
5536
4651
916
7868
4317
421
6587
4155
3585
1155
6227
3123
6227
1852
4937
4849
7562
7311
5201
2234
6319
8141
7191
4997
2481
4721
833
6918
21
5014
4095
3477
4568
437
1849
783
7901
211
5945
271
7806
4004
4950
5536
4950
5077
2513
1776
4814
2462
2228
2424
2984
1396
3463
1107
2235
6569
587
7837
7569
3603
1155
4594
6818
7545
2773
4878
7545
4008
215
916
5428
7901
1672
3223
5165
4569
4949
3477
5551
1872
4328
2693
7775
2315
2910
4511
3543
5103
7362
784
4913
1071
764
538
6590
2650
5826
1270
3402
7901
4237
2285
643
3188
4609
5077
1133
1467
6289
5530
2796
2299
5372
1684
8173
4579
7172
5260
4213
5196
2765
7873
5151
2796
4718
6332
6289
536
5507
390
1576
2773
7545
6395
680
2648
5427
2411
4242
5650
783
2901
3959
6677
2697
2462
4344
3307
1964
2460
633
3554
4344
4724
5172
3477
7405
5285
5314
6791
1824
5619
5536
6041
1863
1523
7545
121
1739
721
3959
7596
5579
6320
7049
2465
591
2579
3210
2826
1422
8136
793
487
7339
8012
764
7063
899
7596
2856
210
2271
1550
5220
4317
5436
5650
211
7484
3947
283
825
170
686
4568
4892
2513
3123
1550
6594
7886
1342
5970
996
6397
5444
5579
7405
3888
5220
631
4293
4317
7013
411
2061
5412
2411
6041
1576
1824
6791
374
6902
1550
3959
472
5288
2856
450
138
2835
5893
4872
7304
3612
6831
4293
2777
4651
1824
4718
5801
4578
2513
5314
3068
1620
2773
5013
96
4202
5412
649
538
4242
7901
5112
8160
411
211
5778
5288
2285
7790
783
7976
2676
5664
764
4641
1565
390
5048
3477
825
1579
6082
6447
1620
1776
