0
0
0
10
9
0
0
1
9
1
2
3
0
0
0
0
0
0
0
0
0
0
0
2
0
0
2
1
0
0
0
0
0
0
0
0
0
0
0
0
0
0
0
0
0
0
0
0
0
0
0
0
0
1
0
1
0
0
0
0
0
0
0
0
1
0
0
0
0
0
0
0
0
0
1
0
0
1
0
1
0
0
0
0
0
0
0
0
0
0
0
1
0
0
0
0
8
0
0
0
0
0
0
0
24
1
0
10
4
6
0
0
0
0
0
1
2
0
1
5
0
1
4
1
0
1
0
0
3
1
1
1
2
1
1
0
0
2
1
0
0
0
0
0
1
0
0
0
2
0
1
1
3
0
1
0
0
0
1
0
1
0
0
0
0
0
0
0
2
3
0
0
0
0
0
0
0
0
0
0
0
0
0
0
0
0
0
0
0
5
0
7
0
1
0
0
0
0
0
0
0
0
0
0
9
8
8
6
6
3
23
6
2
4
2
5
1
19
1
0
1
10
0
0
2
5
0
0
0
1
0
1
0
0
0
0
0
0
0
0
0
0
0
0
0
0
0
0
0
0
0
0
0
10
0
0
4533
4007
5701
1301
2629
6510
729
5730
635
2648
4812
3161
783
2629
1155
4830
3959
591
1238
1863
2541
3542
3542
1535
3816
2111
3664
5423
4652
1204
1158
6927
4498
2868
2912
6544
8188
4835
4689
98
1620
8055
7243
1124
740
820
2411
254
3286
5482
4499
7695
3259
2157
4053
2500
5734
1856
1241
3045
5682
1699
5452
2463
6791
7909
3544
4651
5998
5107
959
832
5892
2410
4594
3589
2690
1024
2999
4350
2418
3413
1124
4340
5102
8153
2721
7482
2558
6448
4345
615
7303
4482
5913
5584
4335
6321
2891
4007
3572
6058
3459
4725
2532
2970
7929
575
486
2459
4112
3223
6552
1062
1990
7503
411
2266
7819
1239
6002
1743
1263
4135
3162
4426
1971
4075
3326
3530
2477
2721
3599
1553
2041
2082
4135
6388
6478
472
632
7402
3495
5150
6818
7214
6529
2281
7516
3857
7912
6251
53
2521
1454
7754
5682
3196
5646
1869
6859
2595
6883
7353
3639
2033
464
7020
2033
2618
7416
463
4044
4801
6499
5857
7443
3750
4439
4469
493
3777
75
3421
7964
1172
5233
2965
3232
3492
6539
1366
6339
5784
6630
5142
2949
677
1865
660
1196
4281
3102
5238
556
4411
7549
2618
2793
4459
7912
1061
598
6526
1193
1869
872
4801
6527
128
6272
1172
3683
5845
2863
5678
4675
7313
4766
627
310
3862
2594
2668
2727
3771
2685
2849
4811
5444
6851
5461
6388
7990
1967
1061
1266
6490
3318
268
4469
6987
1247
3831
1869
4659
4268
985
2618
1435
2395
7831
2281
1493
7020
4044
872
7546
6539
6527
2602
584
6630
904
6529
2787
679
1913
5845
176
5233
4411
3026
1366
1466
5072
6466
1061
8177
7880
3394
2911
3486
3708
2518
1790
5199
4044
2751
2272
6529
6444
1792
3672
75
904
2715
938
243
1064
5931
7378
7912
2226
1869
1437
3276
5072
6529
3026
7990
1486
5952
6529
6572
2710
4201
7353
677
7831
2395
8152
3294
4466
6078
1469
7880
5233
5952
252
7125
2585
4295
5784
2612
5072
380
3452
7125
3683
5233
6251
819
3277
37
6220
6130
3854
2595
2911
2216
7831
2041
2594
43
7416
4411
540
5495
6575
6331
3452
3263
3049
3523
1963
4524
1869
1869
5142
4411
6311
3831
7567
8107
1659
6987
7880
380
180
6030
6388
5951
6640
4467
2033
6527
4357
3831
370
4330
872
7166
7355
6892
7004
6883
317
6466
4736
6339
3314
6529
1025
6014
2041
6499
2589
7432
6987
1064
6014
1025
5072
5072
6579
6774
6466
3683
6893
7302
7990
2594
5498
5845
7057
2154
6339
1061
3683
4424
235
2033
7526
4481
3342
3380
769
75
2863
3164
6579
1646
4951
2033
3024
7302
6014
2849
8158
2287
2618
6858
4459
1850
2116
6339
2154
3721
8107
2033
4699
53
2849
3683
6693
3748
5199
4899
6693
3380
3495
3831
4149
1869
4736
3760
3996
6893
2594
618
7125
2518
2965
4081
2139
5289
4899
7567
1869
5199
728
1172
6331
4518
8038
413
8038
5199
5072
221
5199
2947
3711
5058
2154
2033
4411
7020
413
409
5233
5200
6092
4049
1539
4319
4812
6227
749
1064
7567
1777
8088
2194
3108
281
6774
7797
4675
8156
101
209
7086
1350
785
1659
4899
268
6014
3026
5473
6251
510
7844
5444
591
1672
4478
6645
6243
1767
75
3459
835
626
7355
586
5070
3108
7171
967
5816
600
2728
7749
5952
4281
2154
1172
4281
7831
2116
2409
4916
627
4459
5687
1917
5163
7135
2759
3526
5998
1173
3482
6465
1733
1740
2684
6035
2661
457
7918
5545
4700
7825
3584
1279
5583
6014
6527
7037
2721
1429
7567
1422
5491
5066
7910
7852
750
8055
1672
4406
2358
182
5423
4074
6761
6031
4053
5403
1012
7906
3549
5005
507
1105
1301
4337
1172
7486
1394
5566
5292
3835
5687
5125
2532
591
7887
4596
3541
2650
7013
5997
3188
649
7806
35
3541
4825
2449
1917
211
4312
5343
5326
4329
7844
5116
4350
5747
386
1075
7928
4861
5536
896
3402
6820
4847
4509
6320
5290
5892
4502
1931
5150
2402
6170
3494
5057
2410
2541
6645
4329
5706
6411
331
2558
255
7484
2347
2631
5385
568
558
3168
361
1040
568
6580
3541
3741
3148
3212
6228
2442
6371
6761
2868
1238
4949
3647
3804
1534
1319
6346
8021
5751
163
5272
2217
2868
7596
2999
5915
1362
261
1595
5385
1842
4841
6195
3494
7350
3503
1821
3695
3515
852
250
4291
2303
1949
7164
6009
1023
1988
4372
488
1285
4229
2405
288
1133
4238
46
6068
5537
5977
1664
4236
7484
6234
7533
7013
2947
6818
4698
3212
4712
1534
1275
1965
450
3959
5963
217
3389
3291
2059
2465
4029
8151
2423
2684
3057
211
3790
1061
3851
4007
4907
1245
4214
5482
4092
4419
2533
1411
6902
7806
5581
692
4349
4800
3682
8137
272
728
7491
6307
5470
6271
338
7779
1539
4525
1932
3368
167
6831
6002
5013
7587
4600
3490
1285
3667
2309
695
2496
4491
3402
6552
1776
3542
2558
5343
4419
8189
1269
6735
1057
14
4472
30
5833
5731
411
6227
1087
5623
484
1173
6104
4317
6824
4809
973
3927
3413
4949
1776
5434
292
2533
6833
7893
6243
686
450
4758
4953
3252
6923
1075
460
163
5896
1241
6243
7135
7548
6053
6450
4570
5068
7022
2285
6395
6154
3589
4912
3585
4174
4214
2533
3494
4239
6552
3469
7197
4216
921
3652
6869
2260
1542
5999
5507
1395
4148
1941
2573
1697
4007
1532
1639
1958
1203
5267
6553
5735
2219
3911
6346
2358
1565
3730
4106
1279
2773
7269
6276
2773
3494
5731
4793
255
4442
4955
4735
7178
3809
960
907
4651
538
3741
97
3259
6176
7630
2499
7806
464
7188
2057
210
2773
3494
7764
1957
2773
7269
7197
2309
825
912
5829
5403
4237
3290
5292
5347
607
2309
2678
3528
5706
1672
1523
5398
471
91
5708
1160
3644
811
7229
6820
7745
390
3741
3668
2773
1917
1971
2257
3287
2916
4600
3980
2115
1765
7221
5031
2557
6104
7013
