0
0
0
10
1
0
0
1
10
0
13
3
0
0
0
2
0
0
0
0
0
0
0
3
0
0
1
0
0
0
1
2
0
0
0
0
0
0
0
0
0
0
0
0
0
0
0
0
0
0
0
0
0
0
0
1
0
0
5
0
0
0
0
0
0
0
1
1
0
1
0
0
0
0
0
0
0
1
1
0
0
0
0
0
0
0
0
0
0
0
1
4
1
0
0
1
6
0
0
0
0
0
0
0
20
2
0
6
6
4
0
0
0
0
0
1
7
0
0
3
1
0
2
1
0
0
1
4
0
0
0
0
1
0
2
0
0
0
0
0
0
0
0
0
1
1
0
2
0
2
0
0
0
0
0
0
0
0
0
0
0
0
1
0
0
0
1
1
0
0
1
0
0
0
0
0
0
0
0
0
0
0
1
0
0
0
0
0
0
5
0
10
0
0
0
0
0
0
0
0
0
0
0
0
9
7
8
8
5
4
26
2
2
4
1
1
2
25
0
1
1
11
0
0
0
1
0
0
0
1
0
2
0
0
0
0
0
0
0
0
0
0
0
0
0
0
0
0
0
0
0
0
0
10
0
0
6677
568
5619
437
7976
7434
1664
3483
3536
8151
5596
7205
4233
3942
1680
3504
3561
915
3974
434
5485
7582
3124
4911
928
2491
4060
1971
1534
7196
7590
7061
6422
3244
6635
3494
6789
6473
899
3389
4809
5475
1689
2393
4202
7230
1308
2062
7463
2270
1087
7259
5735
7831
1971
2370
1345
736
7624
4236
2318
3969
2972
358
966
844
1062
3642
7882
5048
266
2657
704
7845
2516
6137
2907
1319
7679
3849
6183
6000
5661
1067
4731
3598
6550
6519
7577
2130
7756
3840
1799
5695
7198
5857
1506
7622
4255
1607
5244
1917
4632
4651
5220
3755
5890
5385
24
2470
8085
6877
1824
4202
3570
8034
1473
3146
6219
2000
2453
4335
5450
1464
6011
7706
6828
914
2223
1706
421
6000
4851
3152
6436
6677
704
7413
1280
5430
3589
2987
3229
450
6677
1836
3911
2501
2166
7289
5575
1350
4861
6012
1708
5494
5987
925
97
1082
7779
568
4341
1824
6059
428
7877
1776
14
7484
7882
1836
1830
1302
8030
3893
2208
6203
3684
5649
7545
8055
6262
5735
7719
1031
4769
5882
3184
5553
1688
5580
7154
4578
5220
5536
3391
4869
6060
7063
811
8121
2464
6393
4562
2154
904
3659
2281
5924
4003
4738
3976
5777
6357
6273
35
4474
284
4343
7040
651
6243
3082
1319
170
5220
411
2487
3504
3443
7190
2764
5537
6436
2316
6263
2952
4769
6941
3421
21
1493
5931
975
586
3859
472
6483
4372
1734
7492
5902
7575
6664
3165
4900
6060
1319
1067
2892
5874
783
4504
744
7428
180
4801
3444
456
6376
5503
1734
6630
4958
3792
2019
6894
4940
144
2209
237
1273
280
4190
4896
1567
5921
3092
942
1319
6680
8025
5048
1600
7497
4007
5903
6220
4000
4135
6640
8177
1613
6272
5658
7364
3937
1045
838
8107
7349
3683
6407
1452
3331
7167
6222
6735
1235
6327
4634
7405
5627
4892
7061
7028
3262
7377
132
37
4195
4662
5453
2976
1437
6024
4453
2461
1340
4455
6948
3349
6499
4459
3486
5247
6396
4837
597
3893
3401
3561
3669
4341
4950
4017
5654
4504
5602
4439
7810
235
1437
2395
5658
6844
7929
6339
4432
5588
5845
6301
4081
1465
6264
679
3170
4815
1157
7854
5418
6192
7512
7980
7022
4712
250
2062
61
1075
5806
4135
1266
4903
894
863
3771
7461
1064
6630
8177
4485
5845
679
2555
5588
4903
1790
4699
427
7888
5501
2415
7418
2378
1958
825
6393
3120
7679
3541
7427
2649
3380
7912
3505
3505
6970
2585
656
6911
273
2618
1850
1869
6439
1657
386
318
80
4811
2720
1275
1709
6222
7096
3415
4415
8151
7582
6137
5485
3686
7402
7912
1064
464
5454
7936
7515
5962
7004
1437
3232
6940
5172
1551
2154
2863
2154
7964
1662
5289
3792
1266
4135
2443
7798
2525
1589
7121
3576
5457
1535
7882
3038
3495
3801
31
456
6526
6572
1139
598
363
3650
6898
5936
1011
4649
5845
618
2540
2019
6220
6276
3300
6114
3348
7321
8078
2892
4718
2343
2629
7980
5364
919
4628
4256
5142
1493
3232
1266
6220
464
2260
4330
1011
2972
92
7559
6388
3049
4686
4916
4195
5952
6463
3401
2189
841
7233
5418
6553
5146
7116
3542
973
5715
6452
54
3394
4177
5114
3965
1064
6275
5785
2030
4583
3176
1659
7071
6292
3069
6520
5845
2082
7004
1366
6343
6104
7395
5423
2015
6210
159
5403
211
5276
5903
3859
3505
3771
2956
180
1061
6592
904
5359
7482
3783
6377
540
6220
838
8111
4766
6099
456
6630
2194
2686
5534
5444
117
3391
3216
4857
4242
4385
3077
1959
3859
8177
1790
863
2720
4177
4992
4379
6092
6630
1064
5845
6388
6825
7936
7142
6883
4168
5826
6781
729
5236
304
4367
7292
2501
3575
1836
7093
2635
4735
5596
2957
2082
1327
2395
4379
7166
6970
2193
6575
4675
1413
456
6378
11
7776
6119
3069
4748
6331
3134
2608
6759
6499
565
4346
6553
7582
928
2558
1204
783
4578
1269
2975
7912
3008
5503
3421
180
6474
6640
770
7469
6164
4310
1757
7089
2587
5862
679
5098
428
7201
4771
359
3510
7188
6089
3196
2968
3589
7110
5982
8103
4892
7994
2594
235
3232
5289
363
3164
7964
6065
7964
1327
1552
6119
1846
4044
2396
3159
4150
6350
1226
8105
4150
4739
4561
4716
5403
6864
1345
170
5896
5283
4708
7258
2360
3859
6292
838
908
1792
584
2281
3965
1963
1869
1064
5830
1015
7155
472
1938
2408
7491
2709
5131
2850
7492
4009
1534
6571
7574
4491
6082
5999
170
2422
8143
5361
6991
1435
4699
2715
975
3915
2215
3801
5796
4280
464
6906
954
6593
4461
7598
1273
7882
3360
2509
1
7587
827
4100
295
6139
2405
8030
1620
8023
2175
5476
842
680
6897
4801
7518
728
4150
1124
5664
6841
1233
7470
1168
2152
1314
1832
4472
7244
3607
1495
1232
4561
5133
1106
4343
3047
3661
7592
795
4491
5596
6340
6215
1032
2684
4149
8177
2232
3229
1842
2121
3402
5952
3445
738
7178
5012
3848
2408
5752
684
1895
5250
5364
5627
3974
2654
5147
744
4881
2057
7827
5756
5805
5888
2374
2257
4175
4334
1600
6104
6968
4200
4170
2801
4428
3473
4449
5785
4841
3769
6281
3482
7883
6063
372
4017
5833
6307
5762
2411
2560
702
631
2762
2357
3635
3526
3821
1019
5937
2705
6315
7596
4011
1938
1536
7642
6958
5019
5807
3778
8174
882
1048
3432
6045
3272
4809
8103
5112
6320
4542
3911
7976
7902
832
8155
5073
3647
2522
2548
4545
1310
6940
4987
3052
4150
7365
6823
5515
1733
4652
6012
1158
5887
4793
6276
2483
475
4364
1929
2464
4017
1164
3589
7584
2531
3186
5143
3980
3741
4710
5440
6876
5553
2817
427
3367
1127
4547
942
2980
3351
2940
924
5521
7928
6359
919
7628
7491
836
5350
7575
3631
7592
959
5102
2013
2679
7827
1473
8151
538
4492
5801
5254
1124
2294
3174
2418
2516
3259
7592
5189
4033
353
1134
5267
1103
3681
6003
