0
0
0
9
2
0
0
2
10
1
13
2
0
0
0
0
1
0
0
0
0
0
0
5
0
0
1
0
0
0
1
1
0
0
0
0
0
0
0
0
0
0
0
0
0
0
0
0
0
0
0
0
0
0
0
1
0
0
7
0
0
0
0
0
0
0
0
0
0
1
0
0
0
1
0
0
0
0
1
0
1
0
0
0
1
0
0
0
0
0
0
3
6
0
0
1
5
0
0
0
0
0
0
0
21
3
0
7
5
5
0
0
0
0
0
0
3
0
0
6
0
1
2
1
0
0
0
3
0
0
0
0
0
0
1
0
1
0
0
0
0
0
0
0
0
0
0
0
0
0
0
0
0
1
0
0
0
0
0
1
0
0
3
0
0
1
0
1
0
0
0
1
0
0
0
0
0
0
0
0
0
1
0
0
0
0
0
0
0
1
0
7
0
0
0
0
0
0
0
0
0
1
0
0
12
4
7
6
4
4
30
0
3
2
1
0
0
33
3
0
2
10
0
0
0
3
0
0
0
1
0
1
0
0
0
0
0
0
0
0
1
0
0
0
0
0
0
0
0
0
0
0
0
10
0
0
6354
4969
448
4368
6289
5427
3037
3664
615
6997
3541
574
5127
1989
7419
568
109
5998
531
2252
7582
4207
4707
4392
7661
1988
3299
46
3402
480
4353
3205
656
695
7929
995
4916
5288
7777
4038
7670
5751
4011
5397
845
4708
8025
2343
4729
1029
2405
1863
5214
6791
432
6144
906
4291
8103
4326
7615
4153
1164
6709
8071
7183
660
5321
4687
1148
6774
3759
3744
5213
3980
5507
2063
5340
7522
3129
1727
3813
7671
5229
1787
825
8030
4796
6720
3747
2405
7445
7453
3686
34
968
4876
7520
2104
2631
2811
3457
5267
4858
683
820
7910
3702
3075
6375
3743
938
5145
6572
8068
438
7468
7151
6176
538
4390
6761
5385
3257
727
8160
6384
3240
1765
248
3526
6954
2061
2184
6954
6827
7844
4056
1776
7432
6092
229
3915
5811
2751
1790
3505
69
3183
872
8110
973
4937
2934
3635
5608
4017
1680
332
3740
4448
7234
7940
4089
1464
649
4578
4890
4823
3801
8018
7748
7754
1590
7225
21
3008
4523
363
904
5446
363
6572
2179
8068
6375
1030
1550
4716
4255
389
5627
7882
3212
907
3924
1430
4796
5000
75
252
2973
2396
1662
5162
75
838
7166
6970
2076
4843
4925
7140
7142
6970
2396
6092
3813
3743
5024
7294
3816
411
6041
740
7294
7666
3795
1613
3443
4641
3813
2082
1934
37
7225
3538
2082
2395
894
6572
656
1790
2823
118
1064
1266
1266
656
6592
6186
920
2788
3068
1680
30
538
8023
2248
6950
5596
2320
6630
3232
497
6167
1064
7567
5588
5142
2193
6572
6098
180
5588
7912
4662
363
4439
4276
656
2179
122
4879
1068
7623
47
3888
348
2907
4830
6830
4060
3557
7071
1465
3012
540
8108
6095
363
7166
5473
4454
4276
8177
3965
5658
838
3380
7355
7089
4879
5446
3300
6220
8068
6272
3477
7570
4233
2271
2271
866
3156
7754
4524
7895
500
456
2727
1869
2349
2939
6630
5637
3011
6630
6501
6575
1881
5784
3991
5395
8073
3505
2395
3325
4096
4134
2676
7187
1620
6796
3888
6040
456
5233
2050
3164
4675
1957
1139
4285
7990
3976
4209
7603
618
5233
507
6405
342
3008
180
540
6575
540
6065
1790
2019
6275
5991
2483
5482
6481
393
3208
2992
3538
217
7081
6444
1366
7411
1266
5473
6024
942
4524
5224
4958
8046
22
6405
8177
1957
838
7567
3538
540
4916
3743
6990
5935
2130
4139
5229
5458
6898
3759
598
1493
4903
2751
7020
677
3841
5793
7004
6498
6305
995
3857
6457
5332
7037
7071
894
7142
1792
6873
656
1266
8177
2116
1280
5024
1425
825
7892
5109
2030
3822
7754
679
725
3711
5924
5563
4454
6940
3277
6996
4330
1686
3857
4903
2612
3318
5359
7054
380
3380
7643
1344
1064
6251
769
744
7615
7294
5148
4199
6948
3272
7964
1437
598
409
3303
2049
1131
1635
2949
2591
5730
1094
3452
3634
5097
2589
4524
118
6092
3394
770
5952
6301
1486
8068
2560
2411
2777
437
6181
317
5637
4777
3501
7020
5862
2849
2208
924
3279
504
5829
702
7795
370
7195
3263
7831
7996
6974
838
1262
3859
6220
1064
7501
1659
4698
5332
6000
5220
1881
4979
6119
8065
3771
7895
3380
7486
2594
2395
1686
7195
8060
1635
7177
3937
656
235
7567
363
770
6640
5302
2186
8111
770
2179
7856
684
4329
4851
6321
4498
6458
1686
4130
5637
5924
2049
4088
3476
5613
8184
7623
4958
7623
2960
4333
1942
7406
2281
4675
1493
5217
6858
584
838
3771
5962
5148
4442
8092
1765
5982
3857
6970
5125
2872
4466
5233
3318
7620
3683
3049
4496
338
1280
7932
3503
3642
5725
1615
5586
3394
5784
3505
4840
2457
3164
7880
7140
331
3240
6827
4017
211
4069
2145
3557
3965
1465
2448
497
6339
4466
6979
256
2556
1734
2581
6898
8093
3495
2019
3329
5672
3991
6098
4285
3211
4766
4459
7136
663
2405
2464
4291
7980
2284
7929
7912
7643
5454
7482
7696
4675
2956
394
6444
4524
4037
2644
5784
5821
4523
5058
2820
863
3505
2082
3911
8072
3771
796
7912
4998
3358
705
8025
6737
5220
4123
5058
4496
985
5564
31
2710
3495
2032
7990
3771
540
7353
3707
1073
3300
2721
7603
3792
5784
6572
6673
1792
4199
4903
331
3684
7415
1821
2271
4237
727
7781
6034
6752
4993
4509
4482
176
482
3859
2019
1401
2518
4783
2396
985
7906
680
4306
2720
5584
5728
2019
8177
3108
7286
2470
5339
3161
5024
5998
3477
4779
5332
1892
4413
4074
2598
7567
415
342
7643
2585
942
6891
3538
8065
2992
6378
1934
3771
5672
6572
3976
6098
4496
6941
133
5839
3196
4533
3158
1048
6827
3360
4707
7901
3634
6201
4466
2019
6750
5845
3314
4276
858
635
3505
4523
3965
796
5233
1266
8166
2193
4471
2952
89
1690
5264
5398
3469
8174
825
4881
7882
4812
1620
2339
4892
2862
7810
7664
4662
2457
4903
7018
3524
8078
975
128
6378
37
625
1061
2715
5394
4554
679
6643
2648
2916
747
507
5964
2851
3414
5397
2308
7860
7350
4242
6437
3538
2647
3421
7242
7736
6991
3066
5282
8177
5015
2179
1784
3394
2396
4281
7552
5102
1534
382
2887
1742
7408
3661
2532
7246
825
4361
8023
4926
4472
6989
6735
4202
1011
496
4568
3830
656
1527
7776
7085
493
440
1696
6925
3130
3007
342
4700
3925
3541
320
1971
628
3263
1550
7405
825
2684
3414
7598
2152
5853
7827
7980
1709
6332
4698
1254
4583
6898
7810
333
7540
472
5162
6959
1244
1556
5882
6031
1029
210
2194
7563
5906
1645
7405
531
4878
4089
8021
4809
87
5567
5143
3911
7484
1009
5112
4484
1037
7064
6761
8155
5112
8030
5520
4242
1824
3588
7234
5982
421
6009
5126
1493
736
507
1836
4491
5019
6258
4239
4878
876
2308
5185
5013
4644
4796
1824
6031
2034
61
5627
568
6756
2558
7910
6417
3389
1067
5896
421
1852
6552
7332
6222
2149
631
5322
