0
0
0
10
8
0
0
2
9
0
2
1
1
1
0
0
0
4
0
0
0
0
0
0
0
0
0
3
0
0
0
0
0
0
0
0
0
0
0
0
0
0
0
0
0
0
0
0
0
0
0
0
0
2
0
0
2
1
1
0
0
0
0
0
2
0
0
0
0
0
0
0
0
1
0
0
0
0
0
1
0
0
0
0
0
0
1
0
0
0
0
1
0
0
0
1
6
1
0
0
0
0
0
0
24
2
0
9
5
5
0
0
0
0
0
3
3
0
2
1
1
3
6
0
0
0
0
1
2
1
0
0
1
0
2
0
1
2
1
0
0
0
0
0
0
0
0
0
4
1
0
1
1
0
2
0
0
1
0
0
0
2
0
1
0
0
0
0
2
1
1
0
0
0
0
0
0
0
0
0
0
0
1
0
0
0
0
0
0
5
0
7
0
0
0
0
0
0
0
0
0
0
0
0
13
8
7
2
2
2
25
2
2
2
0
1
1
10
1
0
2
13
0
0
1
5
1
0
0
1
0
2
0
0
0
0
0
0
0
0
0
0
0
0
0
0
0
0
0
0
0
0
0
10
0
0
4852
1893
8086
1343
820
4441
7398
1024
3052
6188
1524
3995
925
7956
2031
1839
4353
4339
7090
778
6058
7235
393
3481
7764
6583
7913
4441
6203
7956
5107
1768
3288
6306
657
6958
2418
1430
4729
7788
6366
4049
6833
4630
5914
6645
3647
1794
6483
6294
6660
4812
6295
4224
7235
3084
1997
3245
4153
248
3457
2811
7380
6887
4174
6306
7492
2803
2753
7064
4339
2635
2635
4170
6776
157
1765
1312
361
2560
6571
4150
4335
8011
7956
4849
820
4109
1554
492
34
7520
4413
6829
8187
2832
1597
932
8058
1839
2741
6450
4194
919
4623
3346
2359
2850
657
7380
1090
1362
2374
1082
3901
6656
1595
3237
289
7948
3849
1009
1926
304
7048
1479
4425
4703
2753
8105
2672
6958
1717
1287
7437
210
2152
1544
3465
3673
6473
3319
4112
951
463
92
1634
6102
2116
7049
6061
3519
4294
2418
3098
2453
5128
4741
6253
3144
675
4703
2418
6997
1513
5805
6593
3181
5833
2109
6014
4592
2972
6331
3495
981
1963
3421
3215
8175
4455
5147
5420
4044
5583
2518
3044
6997
4703
7466
7725
4213
3676
2613
1929
959
1513
1793
7821
2720
7295
17
1068
7184
5962
5804
1316
990
1340
7366
1882
2226
3743
1346
2911
6920
3965
1030
2032
6249
1522
1733
5127
5376
1430
2544
1522
3346
5226
1896
1263
3434
1327
2823
3332
3810
5856
7169
6490
4330
1340
7251
457
2082
2530
1882
5923
3325
3002
7516
2591
5839
6612
6253
8080
5041
471
3834
6724
6020
2144
3276
6789
5931
126
1459
1139
4749
95
5793
4181
6474
6331
1207
8081
504
908
1972
7500
4035
3126
6613
7645
6005
7547
2557
3598
2741
1430
457
1522
2741
932
2594
3474
5344
6892
3841
3197
5499
3932
2595
3297
1869
6030
102
6987
383
519
2649
5225
602
2647
7420
1513
4109
4213
802
7913
5100
1040
1430
1522
5451
8016
1312
7982
4769
6167
5883
5420
5420
2863
6014
5723
4801
5673
3885
380
3434
75
1056
2751
1282
2027
5266
5975
4729
2283
4858
919
361
248
263
7755
2152
2957
2803
4713
3635
5
5139
4649
6105
2594
2451
3108
6375
5931
370
3118
6014
7356
504
6752
126
5359
3358
3995
4847
7723
24
1129
4109
1040
2227
2119
1661
4182
3538
1282
6632
2615
8156
945
6843
6427
6959
3574
6427
7838
2145
6370
3238
3711
1471
2976
1600
6781
5163
335
34
1082
335
6450
6927
978
2415
8176
5767
3649
1778
4112
1896
2290
2047
7595
5972
6234
5893
1282
3672
4496
5501
6073
89
4538
5694
947
4596
7061
5095
1430
746
4294
6895
1129
1929
6583
4934
4533
3055
1253
4339
5249
1450
298
1428
3013
5372
4389
4819
7053
2351
787
4387
3100
844
5871
7064
5560
5273
6756
3732
3793
6121
4643
6820
3635
6012
7520
3969
2328
7135
7048
1415
3773
4290
7924
7442
2401
5583
6027
5708
340
1602
1834
5010
6128
1990
2613
5149
7207
5871
4424
541
820
2152
263
1929
471
5319
5975
2022
1997
157
4643
7587
1535
7722
6265
1350
6740
5086
95
1253
3492
441
3615
5777
403
6612
4931
4005
3598
978
2753
4800
3995
4412
7415
1413
6121
3085
7048
4339
7415
7094
4290
4217
332
3346
5063
2741
2967
2327
1253
7256
1929
5684
4029
3288
1057
3047
95
1170
1129
6058
5225
2979
7755
3635
361
7723
3968
5601
1733
3676
5149
1450
3252
7094
2279
6498
6134
225
2696
5376
7395
8159
7723
2119
3916
2802
1513
2635
2313
5767
5149
1513
6583
7207
4339
7788
4667
8016
7722
1522
7527
3322
2557
3968
3439
6141
7948
2049
238
1245
4739
1154
2516
261
4213
5402
718
3085
6440
4350
7337
307
3515
5595
5222
2152
7691
335
2654
3969
6583
8190
2557
621
4703
1430
2635
1453
2716
6025
597
5829
5543
1309
4813
3266
7717
7207
3559
3085
6508
6735
6997
7048
5810
6181
2631
7587
7415
932
3455
7415
5350
7256
248
6508
471
3263
5964
1929
4308
78
5333
5371
5487
134
7389
26
1491
5347
3559
2905
6438
5654
208
7924
4457
3022
1030
4294
4934
7888
3237
6508
7722
5560
3096
1864
1472
7913
3085
7432
3318
191
6648
4856
4264
3568
2999
2672
4796
158
225
1479
2379
1535
2419
4596
6940
4056
4703
6776
7061
6355
6355
4422
5867
4422
2843
4703
6740
4413
2463
7929
5
679
3814
1736
2979
3635
332
1857
5476
2466
243
5317
6583
3405
3161
4343
7467
2639
6508
5095
6583
932
361
5149
1459
3804
7888
8159
34
2379
3553
5195
6040
3199
2095
2973
7415
1522
6317
2410
1105
1333
2284
6884
157
4049
1794
2960
3916
2624
4852
4211
1459
248
2597
2591
4778
2635
6011
2131
1522
1173
3402
6440
908
3061
1253
6403
6473
7056
5172
7034
3252
5102
7799
1207
3368
6472
4067
8075
2830
3742
3769
6613
8190
6253
2379
3821
1857
6058
5411
3732
6997
2009
3266
7072
2836
7494
1929
1820
4222
5126
1168
3084
4415
1082
6495
5995
7723
2635
558
250
692
3448
4852
5633
3478
3457
7415
4290
2843
2573
5871
2979
208
932
3085
2699
2192
772
1538
1839
5704
1401
4940
1035
4109
1532
2318
849
7831
2283
672
3647
4150
174
5858
6183
1760
2328
5494
7061
675
615
4211
341
1972
6253
802
5242
5766
7467
3849
2030
2406
7861
947
4264
2031
3081
3007
3795
403
1057
7675
5537
2290
7056
2408
2699
4425
731
5236
1129
4543
7072
410
3346
1939
7526
4425
4211
1864
3209
641
2497
1085
7752
7398
3969
3615
6650
5679
6889
8081
7520
2624
932
3789
2110
2283
820
1546
5853
7094
248
2578
7505
4236
6958
2487
3297
1251
7560
5767
1253
3259
3642
7132
5938
2780
5791
7431
5402
2863
5531
7185
4703
1119
2009
3037
6740
5092
361
3775
367
83
947
5344
749
651
6141
1554
4940
6489
7466
5063
3571
615
629
2273
6116
6141
1287
3762
5439
4031
2214
4263
7533
7431
266
5560
2379
7398
4861
7297
6451
325
2672
4777
6012
