0
0
0
9
6
0
0
2
10
2
12
3
0
0
0
1
1
0
0
0
0
0
0
1
0
0
3
2
0
0
0
1
0
0
0
0
0
0
2
0
0
0
0
0
0
0
0
0
0
0
0
0
0
1
0
1
2
0
1
0
0
0
0
0
1
0
0
0
0
0
1
0
0
0
1
0
0
1
0
0
0
0
0
0
0
0
0
0
0
0
0
0
0
0
0
0
7
0
0
0
0
0
0
0
25
3
0
6
8
3
0
0
0
0
0
2
7
0
3
2
0
2
6
0
0
0
0
0
4
2
0
0
2
1
3
0
0
2
0
0
0
0
0
0
1
0
1
0
3
2
0
0
1
0
1
0
0
0
0
1
1
1
2
1
1
0
0
0
0
0
0
1
0
1
1
0
0
0
0
0
1
0
0
0
0
0
0
1
0
3
0
10
0
0
0
0
0
0
0
0
0
0
0
0
10
6
9
6
6
3
30
3
1
5
3
1
2
32
1
0
0
12
0
0
1
4
0
0
0
1
0
0
0
0
0
0
0
0
0
0
0
0
0
0
0
0
0
0
0
0
0
0
0
10
0
0
1589
330
475
1364
1037
588
4340
169
1129
2832
7545
4236
6294
600
5542
7093
1680
3253
744
320
2560
2796
916
3077
6041
907
4074
1929
1029
3389
2271
4291
904
4509
176
6662
1131
6447
2402
7755
7011
6660
3686
5314
1488
1151
1649
5627
531
811
2679
2463
6012
3186
7061
4482
2252
3077
450
7143
1473
432
1775
7154
699
7183
660
5321
7351
1099
5723
3129
5378
1379
1659
6796
4004
5687
1886
5048
7205
1830
5148
584
6989
254
5272
1473
5627
1900
254
4214
249
3299
5232
5143
3806
820
7592
2104
7888
835
6686
6437
1709
820
5722
3024
5535
6130
4673
3927
2611
199
3859
4649
4150
3541
7190
2271
2948
4070
1048
979
2851
4881
5840
4017
4707
4880
3572
4707
3443
5886
1769
5403
5292
4641
3810
7643
7990
456
3452
1785
6114
1696
807
6224
7160
6085
3277
3356
4029
7205
5232
5403
5079
960
1786
5998
1160
6851
8118
6320
1836
2560
4340
1836
5162
904
3332
904
7364
7912
2253
7416
3008
4177
4285
6272
7232
4281
4903
6851
3164
394
5077
4881
1818
7781
2894
3510
8111
3523
5492
722
1776
2238
4944
2356
464
1859
2532
3859
6378
7567
3008
257
7142
3523
296
8093
1366
4780
4062
6970
6092
1654
6227
4796
6438
5185
6437
2273
1281
3991
2934
3571
4340
6941
2778
3126
3965
2076
626
5883
7964
7071
4843
464
6970
2585
1064
5114
5845
4524
7041
7378
3066
7117
6077
2179
1024
2777
1680
3263
916
3443
6973
7272
8177
4523
4766
235
180
6547
4662
386
6349
5344
4523
6941
3394
5499
7089
7404
7038
7089
5578
2778
3989
5637
4285
7085
4568
1836
3651
4011
4698
7887
5102
3644
7192
1327
6023
2023
5784
7880
7313
1139
2076
5139
2644
871
3026
3505
5924
6941
7810
6636
6376
7057
7990
6098
7607
4317
5220
4491
255
2464
5687
6275
6526
2715
838
7577
5913
4382
632
6948
6941
1696
3329
4496
2618
6143
4135
4743
3380
904
363
4195
2273
4925
1465
1356
2208
2622
6864
4109
421
2459
4698
6066
7990
1131
6224
7517
7482
975
3452
593
6937
3664
6883
1934
6388
1366
1905
1254
7990
4524
7166
7885
5454
2225
6798
4454
6499
872
540
2532
1534
6989
4478
4242
4199
3965
7313
7819
5233
7037
5114
6092
2823
2076
7406
760
7259
7117
7810
7037
4887
6220
4285
4979
6294
456
975
358
3069
838
3288
2303
250
5403
4800
6630
2395
180
7041
7057
796
6572
7567
1967
1064
8114
743
519
1650
8073
5063
5145
328
586
5145
3644
1869
7912
1657
6284
8048
6292
1790
4840
4578
1620
35
5834
3300
6591
6499
5913
837
6891
1064
6630
2409
7821
497
2675
1929
6474
1061
8091
3631
5527
301
8177
3029
7810
1130
3325
1061
7810
4382
4382
7784
411
702
4255
8093
7643
6572
7482
3538
1411
8106
1999
819
1471
2116
796
4766
8177
2820
679
796
3995
4528
5962
1266
273
6284
1243
8046
8111
7378
4928
6457
6320
7643
37
1243
7318
1552
3008
904
2751
4439
7486
3495
3915
7514
1606
872
8036
3857
787
4199
8073
4300
4639
5913
5844
5142
2727
2715
3325
2082
5207
3120
5403
2104
5962
6614
6883
1064
8177
4432
1696
5962
1064
7004
3339
2685
4060
2973
1635
5865
1226
1462
2501
6251
723
3726
5453
1662
3178
4465
3690
1534
1029
5715
1824
6791
1004
31
2178
3191
6520
7098
3711
6098
7880
4836
5453
7620
2300
5850
2030
6940
6532
5840
6407
2033
3380
6407
3003
6198
1411
3858
1236
1244
3541
5798
5129
5292
2727
1193
5444
504
1881
2512
2002
4554
5104
3671
5931
5036
4749
3280
2030
8064
3789
2952
5637
7378
1646
3743
3318
456
1790
4925
8089
6095
1765
1709
1523
7319
6883
180
5503
5672
5672
5104
2762
5365
863
3380
3421
5454
7037
5473
1869
3380
2194
7302
4454
75
3136
4276
5962
1790
7821
5217
1790
6911
7639
7723
3740
4207
7166
1934
7142
3991
5631
7416
4454
4659
464
1757
7593
1935
7004
6630
4766
3008
8046
6630
129
235
6575
209
3602
5924
3394
5302
209
4836
2082
672
4771
5227
2823
6798
6520
6614
2023
6251
3209
1340
1515
2402
6265
1064
7880
5728
7432
995
3671
4659
363
858
4675
4675
5335
4979
7071
7378
967
1892
7482
3740
675
764
98
5831
4354
6640
3989
6143
2559
458
2499
1527
5142
847
4743
129
7142
6301
4613
3505
7662
2934
5302
6793
209
3300
386
3538
1083
7984
5165
1824
169
4383
1849
6508
3421
584
7344
2918
2728
2586
92
3486
904
37
4649
4112
6970
2911
2586
2082
6851
7166
921
803
904
1442
5142
6851
593
2089
215
1621
783
2868
3541
6656
7784
7679
5077
7187
7639
6709
3024
6220
273
2559
2496
6201
6575
2823
5902
4658
6839
3452
325
5664
6263
5395
273
2994
6518
6292
1852
5112
4255
825
5896
5403
6041
6737
491
7313
1131
3325
4439
3277
6547
2496
835
3771
7880
5200
2443
4672
4836
7577
3209
3721
6332
785
3349
7931
5826
2854
3651
3959
2907
410
6740
1473
5514
4472
3821
1486
7420
6251
4958
1934
1356
6948
1590
5302
6598
5066
4965
6119
6292
8111
904
6798
4478
531
1442
504
5364
7882
7491
960
5048
783
2459
1818
3196
255
591
5736
2339
3857
7303
3858
5335
4976
6348
5058
3394
4053
7934
1193
7041
1790
11
5962
2854
1319
4291
1944
3747
1164
7545
4233
3682
5232
5024
3682
845
3414
2464
7679
471
932
7926
1124
964
442
3989
6567
5403
7405
4698
5058
3209
3599
3671
1613
4318
2137
8103
4341
3402
1988
3196
3402
3389
4340
3096
3085
7243
7784
4120
5731
7723
684
7070
491
7063
3123
6761
2244
7418
3651
4651
1595
415
4365
3259
7188
7722
4830
1003
2130
6824
3167
39
109
211
3577
3189
3777
6895
2684
7230
2002
3167
1105
932
6417
6677
5220
254
7135
4353
5997
5412
2464
4007
5531
3161
4353
740
7011
6824
1824
5594
2405
3196
1988
783
