0
0
0
10
9
0
0
2
9
1
8
0
0
0
0
1
2
0
0
0
0
0
0
2
0
0
2
2
0
0
0
1
0
0
0
1
0
0
0
0
0
0
0
0
0
0
0
0
0
0
0
0
0
0
0
0
1
0
2
0
0
0
0
0
2
0
1
0
0
0
1
0
0
1
0
0
0
1
0
1
0
0
0
0
0
0
0
0
0
0
0
2
1
0
0
0
8
0
0
0
0
0
0
0
26
3
0
7
6
5
0
0
0
0
0
0
6
0
1
2
0
3
6
1
0
0
1
2
0
1
0
0
0
1
4
0
0
2
1
0
0
0
1
0
1
1
0
1
4
1
0
0
0
1
0
0
1
0
0
0
0
0
1
0
0
0
0
0
0
0
1
0
0
0
1
0
0
0
0
1
0
0
1
0
1
0
0
1
0
3
0
10
0
0
0
0
0
0
0
0
0
0
0
0
10
2
10
5
4
2
31
4
2
2
3
1
3
26
0
1
0
12
0
0
0
4
0
0
0
1
0
1
0
0
0
0
0
0
0
0
0
0
0
0
0
0
0
0
0
0
0
0
0
10
0
0
7482
210
5232
7871
486
1087
5185
4735
6041
3443
7723
7258
7910
6645
4017
740
5272
5273
3051
4852
1497
5507
4233
5129
2533
3402
5892
6677
2610
3901
3225
1664
3804
369
4309
6724
450
4707
4707
7258
255
1220
1456
4830
7236
7699
3358
4492
6535
8187
7739
1395
715
7227
90
393
3851
4074
4442
3741
6295
5751
1776
3600
5375
3589
4700
7189
1965
4214
2907
7491
1105
3633
43
2558
4479
1620
3835
2396
5637
1994
6202
6660
3358
61
6307
1042
1954
1944
3741
3225
6271
588
8011
7890
4339
2558
7028
3706
2180
2927
2271
1319
428
1321
6776
7437
4281
3286
912
2082
6119
6839
7020
6217
1820
4796
4858
7520
215
3585
3266
6770
4007
5909
6791
4492
6200
2037
6404
3967
2048
7826
7061
3154
3292
7136
332
6233
3946
7880
456
8093
363
2396
363
4081
5689
4970
8114
514
6271
1209
3290
8160
5874
6876
7721
6572
7056
6713
5400
7794
2681
8007
220
2410
4492
194
7171
7378
5913
2082
1882
5736
6405
3859
6378
4749
765
6693
4823
4207
2136
5748
550
450
9
1817
6404
4572
681
1303
1263
445
6142
3315
6039
7186
7962
3771
2273
6667
2715
4925
1340
8166
7867
5142
3965
464
5527
4459
1442
4934
4961
1172
2594
7850
7216
7886
4407
5726
4372
2270
1547
3926
5480
965
7703
8091
3664
7819
3783
415
3078
7071
7880
5114
5242
6474
1344
6979
2685
7912
7330
6331
7302
3859
8158
368
5732
6183
1601
5778
1281
3876
4684
7856
7175
3873
1902
2907
6668
6598
7004
3966
4672
6572
7639
5845
6264
75
2178
456
4459
7031
5433
4081
5454
6263
2594
3876
871
5233
1172
249
1048
109
1033
2138
1618
2011
3918
6034
6640
4749
3102
6941
98
3777
904
6114
1967
519
5811
2216
7142
7577
5433
7349
5977
4199
6937
6405
6014
1905
6990
2193
2489
5385
752
6628
4958
5403
109
7057
7819
6572
5233
7639
4197
3804
584
6114
4135
102
4659
7372
1978
3300
7242
8106
5957
5743
5584
6364
180
4944
6732
4600
369
3617
3320
4996
370
1821
3102
8065
7639
6630
37
4466
2273
725
1327
507
1327
6124
4526
4044
1546
1061
1076
5957
386
1800
273
1994
1645
5123
7883
4561
8094
1319
2466
2514
1332
6066
6642
5672
5743
5454
8177
5962
6630
1671
5350
7292
5725
3326
3347
1401
317
2454
1435
2956
1298
7819
7054
6474
1064
3465
5602
1036
2137
7570
7061
5086
4916
886
6220
2961
2030
5064
6941
6264
4811
4005
7178
2934
2238
819
1494
2254
3263
5457
2720
221
5784
6065
4571
6403
8111
770
6517
7059
7134
1958
673
4941
7994
4065
1822
3017
6264
1471
796
1671
2308
7313
5499
7916
6164
5340
1182
6167
819
5554
2186
4649
5503
5446
4903
6659
2902
584
6636
3012
169
5434
909
4743
999
5567
3792
5503
1856
3017
6851
6990
967
3526
5833
2333
8147
7784
3468
4333
5821
5890
4172
1138
1989
1835
5584
1385
625
2193
4310
2863
7442
7568
3170
1073
2193
1790
5302
3051
4777
6941
7303
2429
1613
6377
1073
5354
8137
7592
6092
2220
3205
4858
3294
8177
7313
6092
4322
8166
6547
6667
1357
6883
4308
2838
7053
4766
994
6403
5692
5142
1357
4300
2594
5426
7609
1494
2973
7932
5499
6414
607
4273
2059
5871
5400
75
1061
4571
1385
5126
1979
2273
3434
5678
5712
220
1464
5928
6518
3024
31
5637
2720
7142
3008
1401
1869
1850
6994
3495
7976
6361
7177
2304
1479
3832
4524
3760
4571
3008
4659
6527
7754
235
2499
5801
64
6740
6059
390
7737
2194
6991
6466
871
6979
180
1486
872
6030
2987
1011
2540
4939
4119
7781
5931
380
7378
7319
6119
37
586
5837
4172
394
3610
4008
5301
1954
4950
1075
1443
4958
3683
3536
3209
3962
2023
6099
102
2872
6774
4411
1600
507
6735
4358
1401
2956
2395
6527
814
4038
4197
6894
3991
5584
1316
4110
1075
215
390
6041
2281
4432
6640
4823
4903
4379
480
256
679
3029
6331
4044
6682
4743
6444
2685
5924
7648
2727
7192
3434
4523
2164
3664
8089
7089
3300
5426
6273
7924
3301
4361
2949
7831
1905
7378
6474
2587
3505
1667
1061
4330
5867
217
2193
5584
7880
7302
4454
3300
5104
3286
1139
6612
916
4029
4524
4659
4811
8111
508
95
4314
5711
5012
6089
5715
4811
7567
6948
2685
6529
6130
2594
4177
3055
2019
1435
894
1882
7378
6114
2082
1949
7461
4080
2082
772
7094
7119
4533
4533
4830
1581
8048
1970
7605
1153
7844
6630
1816
8114
3495
7192
7643
4095
2586
3434
7880
6073
5736
3989
4466
904
3049
7353
656
796
796
881
7339
1549
589
4953
3077
3196
5998
5833
6508
6923
7415
7841
7142
6639
4469
2727
2902
3792
2793
6883
180
3664
5282
1527
4766
6339
4524
98
4439
6941
574
6217
8017
5635
66
5086
6082
254
7520
4350
5882
39
7591
1709
4293
1414
4815
7525
838
2024
4675
586
7996
2578
1465
6640
6941
5222
2209
5860
4766
2292
7295
3232
6237
6773
2255
1409
7143
3995
4798
7869
7594
3878
727
4194
740
2199
2477
5335
5743
1327
6501
4524
2186
7441
4921
3008
1486
3168
7200
8101
7129
7716
2992
2309
7871
2613
6274
7739
4521
7788
2597
1885
4938
2872
4350
593
7757
3597
87
3077
5689
5233
4524
7441
2297
4549
7057
7880
1366
273
508
4392
3055
1864
6656
1926
8030
6082
3532
275
3297
7219
3732
3358
1189
1316
390
2825
4279
4490
7034
35
30
6527
3008
3376
5621
4039
7994
4662
5845
1954
5580
30
508
4290
2413
6247
5048
4491
5272
1409
1618
5402
1965
5403
508
4580
7587
2048
7955
4505
3186
5721
3555
5249
4492
2527
4497
34
693
3763
3667
4708
5332
5162
2130
4796
4643
6628
5790
5024
6124
7143
7239
5494
3348
6307
5332
8191
7856
1299
7924
7913
7056
3087
7886
6202
1287
8175
1299
2123
7671
1641
2869
5514
297
5189
4521
3443
4291
6823
792
6475
6827
4291
