0
0
0
10
0
0
0
2
10
1
11
3
0
0
0
0
0
0
0
0
1
0
0
5
0
0
3
2
0
0
0
0
0
0
0
0
0
0
1
0
0
0
0
0
0
0
0
0
0
0
0
0
0
0
0
0
3
0
2
0
0
0
0
0
2
0
0
1
0
0
0
0
0
0
0
0
0
3
1
0
0
0
0
0
0
0
1
0
0
0
3
1
4
0
0
1
7
0
0
0
0
0
0
0
23
1
0
9
6
3
0
0
0
0
0
1
4
0
1
5
1
1
5
1
0
1
0
1
3
1
0
0
1
0
2
0
0
1
0
1
0
0
0
0
2
0
1
0
0
1
0
1
1
0
1
0
0
0
0
1
1
0
1
1
0
0
1
0
0
0
1
0
0
0
0
0
0
2
1
0
0
0
0
0
0
0
0
0
1
2
0
8
0
0
0
0
0
0
0
0
0
0
0
0
10
8
8
6
6
8
25
4
2
2
4
1
1
33
0
0
1
11
0
1
0
3
0
0
0
1
0
2
0
0
0
0
0
0
0
0
0
0
0
0
0
0
0
0
0
0
0
0
0
10
0
0
8023
2802
5265
266
4011
7155
944
2410
7405
4140
7314
4422
5726
4818
933
6593
2236
5668
5882
3455
4374
5891
1457
5654
4151
877
4211
305
4413
2354
2764
6983
4027
4700
2782
4415
5896
2538
8055
355
1342
1093
1299
7706
5762
97
7823
58
4802
880
2286
1082
2538
4505
1639
753
383
174
1062
7706
1743
7861
4932
6546
5232
7491
6724
1114
109
651
3677
7854
7575
5559
7870
1453
1900
255
1269
1703
3571
6331
3627
5527
8191
966
428
3969
2869
4221
2099
4605
460
1965
3119
5882
6369
1105
1345
5419
3266
7913
1661
8151
2467
407
48
4340
1478
3832
438
512
1850
4195
1266
3108
4811
117
7311
712
4294
2229
5385
2916
2118
1473
3398
1633
4283
3751
7584
7180
4521
3158
1880
3391
951
4178
8088
4843
2116
5784
7696
435
75
5931
2431
3915
394
6897
4659
8114
2077
1129
2105
6137
1617
1870
3465
4482
7136
6009
4634
8128
958
369
4851
87
7214
3185
3380
8177
1662
3380
602
8076
7990
2715
7643
7567
3286
3008
3277
7486
7754
2945
1245
6645
2703
5800
7196
4625
3083
6012
1129
5595
1758
7942
6571
3380
1967
2457
3669
6034
8166
4675
6630
1182
3976
6572
6501
6851
4177
7355
1471
3008
2457
343
7754
5197
3532
1679
1511
4412
3007
3113
4812
7823
4190
3349
7912
5503
3452
1131
3801
3286
442
4866
180
259
540
1657
504
7313
4675
5233
1435
964
358
910
3523
3801
2330
5732
508
5874
7442
853
2221
6425
6224
2618
2019
1073
104
4466
6526
4659
2179
1662
4675
3444
1905
7525
3976
1934
6407
4675
2565
3380
602
894
770
6987
2178
8021
2531
6281
6871
2557
6679
990
7004
6092
3859
2973
1486
4659
894
456
4911
7225
1266
2194
3459
6318
6970
1266
5200
4524
4466
4766
1435
5637
3771
3325
5227
4858
295
179
2963
1024
2023
5784
8166
760
6970
3008
5056
3523
4454
1662
4659
770
1934
470
3325
456
2019
3209
3505
2611
1064
4823
8089
3075
6407
4636
952
5233
7020
4563
2207
1057
1494
3459
5503
1073
5845
2258
1266
37
4454
7225
180
2019
6098
380
7990
7643
1934
5503
4743
5784
5395
1527
7272
3029
1340
7929
1036
4177
1967
4780
4290
959
5249
4659
7142
838
2751
1967
4675
5453
7272
894
3711
1967
894
5233
7486
3029
5503
7054
6575
6575
4866
2611
3029
975
894
1585
3976
1493
1486
7396
3258
2618
3519
3930
5394
5114
838
5845
6526
1792
4496
5142
6098
2644
5952
5845
7318
3380
1327
5784
7567
5588
5142
7912
5952
6264
3444
2877
1064
4285
1068
3288
6608
7486
5845
4777
2792
1486
6970
8166
3380
6575
3505
5962
3523
2823
8091
7318
4354
1193
6825
5473
5784
7071
7054
6894
7171
5058
711
2649
5217
21
4149
6355
1535
2710
7142
3523
904
679
6575
4675
6119
3523
6630
5586
6987
3184
5037
1856
591
1830
5282
2389
7404
5473
770
4866
7272
904
3316
998
3349
7572
6572
3421
6321
5292
394
5637
2193
8166
6630
4675
6572
6941
1437
3349
4142
5145
2175
4239
538
4428
7563
5033
4998
3495
6858
180
3029
5233
4843
5217
1344
4197
3008
5962
3821
1750
54
863
3380
4675
415
6894
180
6630
235
6181
6824
5343
5687
4641
2184
3610
283
6761
3066
7662
7912
7225
2082
257
1465
5433
2711
7349
7643
1905
4696
3495
7486
5453
1139
1266
5395
2518
6948
3505
5058
2139
8
3947
3068
7905
6266
1011
2686
8188
7776
5572
6251
6630
1266
6449
5302
5845
7037
3771
5233
6430
2625
1061
3523
4675
4070
5952
5454
1162
4675
519
6069
7162
6770
6902
7784
3223
1133
5520
5314
6980
2584
7227
1905
1967
4743
7355
3349
1657
1185
1196
1667
750
2983
2030
6099
4471
5646
21
1340
235
5233
494
2589
939
5898
4214
2610
7162
7784
1834
3223
2988
5145
2248
3841
4439
3008
4523
728
1259
5692
2735
3653
6549
7497
2057
2194
2389
8177
5503
3008
3505
4903
904
7694
6478
5687
2496
5782
3068
3001
1579
979
6498
3730
101
7142
5446
5377
5913
831
6530
7776
3505
6407
3056
3085
35
556
1357
8177
2193
3112
415
5037
296
6275
1139
4226
7286
4661
686
4809
4679
2263
4338
785
1667
4749
7990
2775
2555
7185
3771
6098
5446
1061
7469
4803
4415
4675
2395
894
3276
4911
7805
5036
7880
6376
863
1486
4675
3380
8123
89
4399
8
6639
7666
5637
7515
7142
1657
6349
5454
3771
1792
5637
5845
4903
8142
7819
5503
656
1465
3915
7486
5503
3991
975
6572
4523
2395
7515
3523
2082
723
1638
8173
5098
2720
5233
4439
2727
7219
3780
7643
5784
2292
3514
5202
7497
3773
3821
5233
180
37
2973
4044
3505
1967
6047
499
4800
3991
975
5037
6501
7355
7567
7912
2956
679
6251
497
8068
257
1465
5503
8147
2712
6112
1234
3386
3816
2861
915
426
4367
4623
2248
1472
7436
400
5125
8177
3277
3011
7577
3505
3008
5104
1266
3771
6640
6143
4455
4662
4866
5503
1792
2186
8019
749
3074
2679
933
2204
7755
1420
1595
2229
2552
749
7845
180
6376
7577
1624
1662
3495
73
7990
4903
1967
598
3069
415
3771
5588
894
7004
3859
7084
2557
4822
5551
6273
3995
673
70
3173
3096
2166
8023
4017
7081
4195
8177
3726
1207
6883
4753
7439
6630
3771
2724
7151
5093
5845
4044
4675
894
3008
7804
547
2869
5902
1514
6758
3196
1452
7537
1029
7056
1286
3085
109
484
1358
1357
6268
5692
415
2912
6549
7461
3991
4136
5749
1570
2579
4283
1266
2618
342
7389
2907
651
465
4154
1289
5292
2620
4561
266
6228
299
6340
7121
372
7902
6823
6356
3240
7155
6724
6660
2193
3505
807
3092
3969
1195
6949
4486
8091
1163
6700
3399
6615
5232
618
928
1124
7176
7788
7942
2679
6012
6554
4194
3120
7028
966
2995
6879
4561
4812
5335
5784
7486
6066
4392
2679
6366
6700
6949
7135
727
2679
1899
947
3158
7143
4504
