0
0
0
10
11
0
0
2
9
0
3
2
0
0
0
1
0
0
0
0
0
0
0
2
0
0
4
2
0
0
0
3
0
0
0
0
0
0
0
0
0
0
0
0
0
0
0
0
0
0
0
0
0
1
2
0
1
0
3
0
0
0
0
0
1
0
1
1
0
0
0
0
0
0
0
0
0
0
0
0
0
0
0
0
0
0
0
0
0
0
0
1
1
0
0
0
5
0
0
0
0
0
0
0
22
6
0
3
2
8
0
0
0
0
0
0
7
0
3
3
0
0
6
1
0
1
0
1
1
0
1
0
1
1
1
0
0
2
0
0
0
0
0
0
0
0
0
0
2
0
0
0
0
1
0
0
0
0
0
0
0
1
0
0
0
0
0
0
0
1
0
0
0
0
0
0
0
0
0
0
0
0
0
0
0
0
0
0
0
4
0
6
0
0
0
0
0
0
0
0
0
0
0
0
9
6
8
5
6
1
29
2
5
4
0
1
2
14
0
0
1
10
0
1
0
5
0
2
0
1
0
0
0
0
0
0
0
0
0
0
0
0
0
0
0
0
0
0
0
0
0
0
0
10
0
0
7494
6906
61
2854
6770
7061
2100
4604
3301
4596
4950
149
7767
4056
6147
3513
5689
7845
8023
4759
6876
4950
7795
4578
3123
1270
8121
4140
8138
7039
1009
7028
2558
7405
138
2553
1544
2761
255
3402
2650
764
6000
2015
1535
2782
7722
7155
1535
2907
729
932
6203
4521
5567
7040
5086
1631
4643
5810
2782
1157
1675
369
2009
5444
6031
6215
5710
6740
4950
1776
3526
5290
1164
8151
1062
1699
7506
30
5292
1313
558
4467
1944
1836
5273
3684
295
7155
7642
1124
2552
5092
7902
2405
849
5706
6203
2690
61
3666
4339
2489
4609
61
7119
7782
7782
4249
3482
3292
2705
3694
758
3474
3959
5731
2057
4824
5102
6989
2916
1270
4609
4326
7700
5020
39
7887
2483
1600
6358
7767
3684
7113
5701
5705
5559
3368
3293
4532
389
729
1751
158
3277
21
5998
6989
3876
7187
3644
7133
3980
2661
3651
2603
998
3245
34
403
1452
3469
4067
7706
441
2022
5766
4668
3056
726
6436
6907
2594
8107
722
7582
2644
6592
5250
5715
4160
4099
1061
2082
584
1514
3795
389
6722
1861
3811
507
1452
2057
369
48
7642
2684
7125
4469
1471
3026
5126
3024
2720
1486
3434
2377
5845
2128
1784
497
8107
4866
1346
5931
4736
5973
899
5113
1275
2276
4643
3263
2339
4361
4175
8030
6346
1009
3932
8177
4281
1366
4273
3024
7912
5473
1366
906
1196
6444
6630
6883
5433
6121
3380
7639
8107
4374
1836
6135
1824
3909
2591
7811
4489
3936
7933
727
1768
931
4143
6527
1266
2618
3434
7057
4466
4659
6970
4469
1760
3026
6527
6640
5913
5114
2471
1869
2242
2830
1709
1836
727
3477
1733
1042
6171
3964
4013
2653
3608
3155
4467
760
7990
5454
5058
6466
5058
6529
3523
6851
92
5924
4044
1344
1934
2751
6466
1172
5168
2747
8023
5715
4067
7806
7723
6199
7176
1601
1506
1454
4659
6529
7912
3294
7819
5962
1979
6092
8114
8114
3780
37
838
6251
1869
7004
6575
7142
6466
8114
5126
2618
3345
4830
4190
491
2799
2092
3233
6741
1200
6476
5133
4285
5233
3421
1869
7054
7272
4899
1073
2292
4659
3801
1266
6752
2618
2618
7486
6526
4459
3523
6114
679
2555
4491
3386
5385
261
1660
3055
8021
1509
6764
5129
1615
7192
5433
6251
4135
2033
5473
456
7416
380
2618
2589
3452
3801
2618
1967
2281
6572
7795
7303
4249
5020
3480
7980
727
6058
2248
6877
5092
7121
7980
6531
2426
7195
434
7031
4295
4135
7302
1486
6990
5063
458
6987
4199
3197
7996
6987
5142
7726
8091
2671
3432
4698
4707
1944
1546
7575
2120
4869
4806
5233
2281
1869
3760
1486
7355
456
5335
674
2715
2194
7965
1029
6759
471
7827
2662
6752
4749
6130
5784
5098
3486
470
831
2339
4569
4294
3115
2120
2798
4518
2082
618
4281
7996
5784
1967
7819
4469
1340
6907
2426
5322
6892
2000
7821
7963
4881
3455
3495
2644
2193
6941
3380
3113
2729
8021
2405
425
7584
1463
2265
4009
807
5845
1934
37
4469
5845
7831
1454
6130
4469
3318
2104
4899
7932
4639
1551
5952
2421
2194
5845
5845
2395
1064
3394
3209
6024
3686
2513
4521
234
7299
295
3322
2715
1138
3536
227
6301
6284
4523
1357
1139
2727
7524
2000
4649
7078
679
2139
296
4135
1963
5931
5672
2186
5114
627
5602
1818
6193
4623
5434
3697
6450
1466
2281
235
4903
656
3966
504
4571
3024
7081
2565
3701
3743
5793
4843
4300
6301
5998
4005
4469
7486
1967
6130
4044
7880
2154
8151
1680
6953
4173
6513
3056
5102
6251
3421
6251
1366
180
4044
4044
8114
5962
4768
6307
1073
5804
5097
5837
6119
3280
2532
5455
677
4659
7004
2594
4310
4005
4596
8021
1021
3155
5335
4667
158
30
2271
6490
5233
6970
6527
2292
4649
7810
4281
8107
7038
5731
6598
6436
2632
2721
2943
4526
1073
7486
5473
5837
7357
3146
4407
7757
2059
5393
6740
7679
5102
5143
7506
5785
75
2281
7572
11
4823
1994
6527
3523
586
4459
1929
7020
6444
2644
1340
6529
2395
618
2471
938
4880
6218
6989
7383
2442
6233
2754
3795
8103
2512
5731
5689
7303
7171
5070
4897
7054
7054
7142
5433
6466
7004
126
3008
7477
5952
2477
6883
5962
8046
5114
7171
4172
5364
4934
2761
7061
7064
4604
1409
4885
1675
4824
8114
3108
5473
6630
3108
6527
8114
6220
2154
8107
4899
6466
7835
6974
4675
6529
5473
4135
5883
180
5784
5036
4749
6722
7942
7782
7685
7196
6675
3301
1220
7825
3108
5728
5114
6948
7117
7020
863
1833
4076
8177
7577
7923
3300
1560
2618
2594
1865
1076
6987
3108
6883
1963
6121
149
3934
1289
7559
7299
2207
963
3391
6331
7004
4153
4526
908
1435
7319
7639
584
5233
7639
4662
3029
5845
6119
2116
4240
1073
1919
5233
8107
2290
1492
1826
2120
1971
5891
5183
1129
5402
3499
947
1453
21
5952
531
3932
37
4044
5503
1340
3380
6851
363
5784
4135
6526
3897
2454
5520
5031
679
677
1070
5339
837
1209
6137
6438
5350
727
3364
4561
2806
3936
6329
1794
5906
5473
6710
2618
7990
2594
4044
2823
3486
5473
4513
4703
7819
3318
1585
5653
566
7241
1836
4604
7796
6945
6137
3684
2442
7299
1597
5183
6823
7623
4532
4539
332
5931
807
317
5503
4768
6014
3859
2578
7486
3574
4150
3421
6630
5837
4578
1157
3348
6760
8061
6756
4202
3115
3631
4887
4851
7216
3391
3391
2479
63
6770
1839
729
2442
3876
3294
4135
2717
7928
677
4738
2532
2217
5413
1869
7295
7997
8023
3213
3124
2975
7908
3092
7806
2248
472
4977
2487
7625
7418
4290
3734
2192
5482
3635
4628
3115
2208
6444
1679
2244
4789
6592
6656
5778
6818
828
5058
3464
8023
3262
3899
7121
3305
2466
1958
673
4708
2531
97
169
87
5906
4791
6650
6076
1935
7551
5209
4595
2548
8023
1988
61
4695
7189
1062
3443
4007
6737
36
4492
3386
4449
7384
4521
966
7415
