0
0
0
10
8
0
0
1
9
1
9
2
0
1
0
1
0
0
0
0
0
0
0
2
0
0
5
0
0
0
0
0
0
0
0
0
0
0
1
0
0
0
0
0
0
0
0
0
0
0
0
0
0
0
0
0
1
1
1
0
0
0
0
0
1
0
0
1
0
0
0
0
0
0
0
0
0
0
0
2
0
0
0
0
0
0
0
0
0
1
0
0
0
0
0
1
7
0
0
0
0
0
0
0
24
3
0
10
9
4
0
0
0
0
0
1
8
0
3
4
0
3
2
0
0
0
0
0
2
0
0
0
0
2
1
0
0
0
0
0
0
0
0
0
0
0
0
0
1
2
0
0
0
0
0
1
0
0
0
0
0
0
1
1
0
0
1
0
0
0
0
0
0
0
0
0
0
0
0
0
1
0
0
0
0
0
0
0
1
5
0
7
0
0
0
0
0
0
0
0
0
0
0
0
4
7
7
8
5
1
21
1
3
6
2
2
1
27
0
1
1
13
0
1
0
1
0
0
0
1
0
2
0
0
0
0
0
0
0
0
0
0
0
0
0
0
0
0
0
0
0
0
0
10
0
0
3389
4232
643
1768
2662
3225
4290
7941
4643
1228
2105
5948
7408
254
6384
2896
2057
1331
2309
2474
5181
508
369
1534
1467
5682
2552
2446
7299
5517
5520
5738
6635
1565
2892
1672
2611
4399
4575
7665
4293
4634
737
5430
2118
508
4934
437
4600
8138
4530
4293
348
6481
6950
4341
4578
1137
1769
1289
2336
6338
7371
803
7868
4867
1242
1493
2612
3126
2773
2896
6945
7419
2496
1900
7976
1466
5058
7694
4651
6251
5126
2879
4293
5382
2034
1285
1010
7447
4759
3391
5567
3079
5326
2958
4326
5756
3389
3551
896
7795
7965
6954
2325
1550
5654
2825
702
602
5142
2082
2960
504
6898
4823
8001
760
2685
5428
2896
5285
7337
3541
6997
3536
4209
4175
4742
3454
6384
1849
2260
896
7585
6950
5555
2313
4634
2533
202
5737
3486
7004
3728
3318
6501
235
995
4524
2348
5129
6509
7377
4312
4202
5536
3469
1473
3167
2507
4164
3175
5071
2405
7258
7013
2820
5924
3257
3164
1635
4867
4034
6572
3452
5282
6667
1064
4510
7378
5924
3634
172
8177
2721
4783
1550
2799
6876
3747
2995
3225
7063
3120
7940
5489
1209
2165
4637
5811
7880
7639
252
3307
4498
3325
456
5282
7477
2076
5233
194
1471
4199
7313
2973
4281
2823
128
1084
2654
4343
2041
2463
6053
2258
2257
1803
1140
760
4749
4675
4432
4903
153
6275
4712
6892
5804
3272
7171
504
3209
7085
7142
5454
1131
7929
5142
6114
1436
7916
7816
6450
6059
4216
4771
7049
2182
7986
6969
6892
1790
7821
1262
2585
2532
7752
1486
4092
3434
4903
796
1760
6121
4281
4866
7089
2395
5433
3669
3032
510
2650
3260
6384
1672
4647
4074
2474
47
4214
7223
5146
1459
4205
3108
3162
180
4528
5633
2263
938
7057
4639
123
4153
3318
3209
7378
3664
2395
5335
4509
2778
2721
1550
4651
7447
5275
3432
1803
8055
2513
3494
202
3494
6066
5726
552
872
2532
1646
4528
1091
1465
3571
6137
7518
3265
7416
5811
584
5282
7563
7461
2911
5145
6737
5048
320
7236
897
202
167
1817
3286
5000
7490
4342
602
999
5743
3164
7299
75
6480
5672
2232
3051
5672
2791
386
1734
6501
5104
4379
7650
2478
4818
421
2632
2105
4475
3835
3741
5599
8177
1613
3008
3300
7004
7004
409
1646
3795
3192
8103
3263
3765
4743
6892
6980
6533
7234
201
6547
1913
3394
6798
2400
3491
684
2130
1137
4507
46
6395
7281
3263
6526
7378
4780
273
3743
7079
1401
3921
8103
7934
1437
4639
7885
5931
6612
2225
3911
5133
3434
102
3007
871
4528
3486
3316
1620
7497
2861
332
6384
540
92
1696
6598
6092
4523
4469
4699
5583
7845
1926
3503
2027
7057
1064
3029
8091
3631
2252
3196
8064
456
1266
858
6092
1905
6853
2901
7484
4475
6253
6000
4426
7303
4352
6898
7965
494
4783
5446
5258
1424
4004
8
5005
7416
7406
3669
7432
3162
5672
1357
1385
6526
2027
6272
904
1934
7600
5258
7092
3728
8021
2442
1534
3726
7936
5430
4399
3542
2918
6380
3202
1239
7776
2124
2254
7525
1030
4528
7041
2995
6776
1584
3538
5658
1112
7486
5804
7302
378
6588
7437
1736
6818
2796
1932
1124
3389
4892
3607
6904
6798
3421
3841
102
6907
8075
6750
5335
819
4817
8030
5020
4916
4524
2612
7171
1856
2934
4903
456
95
8073
1620
7015
1493
3004
7545
45
2217
4521
5455
363
4295
4899
796
7037
4815
6876
5250
5999
432
422
5340
507
1972
857
6040
7303
5433
6284
7841
507
1074
2986
4867
4326
7445
1621
897
1786
5128
7880
7171
3977
4944
3011
7279
180
3683
3473
4753
3197
2013
7303
6853
297
4766
3669
6572
787
975
1288
949
1305
4654
392
3433
6796
2410
7598
1698
6068
1657
1193
1266
787
7666
3575
7378
2186
4001
1061
2557
3841
7821
7071
7831
2727
320
4060
7378
5289
3162
1064
6630
2581
7868
6656
5731
3240
5107
2639
5831
121
1800
7192
886
1241
7563
4166
6318
6898
4583
4092
1327
6990
363
7378
7517
6072
6828
3810
2553
3777
2585
4823
6034
3143
4312
1680
531
3959
3449
5643
7673
7223
7240
5250
8036
1978
3771
4379
4524
6892
2808
6181
3721
5759
8111
2199
2041
7567
2949
721
75
7057
3538
2715
1905
2303
1836
6415
7093
4238
3120
4194
8030
5031
6989
811
6547
725
3093
3634
4659
4649
721
4916
4836
1696
4777
6165
2019
1401
2409
6722
7408
5970
1288
4836
6474
4651
5214
4237
4892
1532
109
6000
6824
2119
2753
4479
1429
6264
1905
6636
5970
450
1062
1494
904
7990
7303
6332
4675
6272
4466
2802
795
8025
5223
7985
3608
5412
4707
3790
6104
3755
2015
8128
4340
7418
5143
6722
4609
1424
7171
6094
5877
249
811
2506
2778
7313
6121
750
6733
7929
2751
7004
6227
3959
1849
945
6059
4017
5998
2252
61
4239
7205
1395
1129
3455
5833
1308
3120
1852
7841
3790
6165
3995
1011
1978
2751
7880
7117
6708
5689
1790
317
2751
6791
631
1824
852
5982
1550
4609
6002
7405
3835
1051
1672
8025
3528
1534
3747
7418
4878
3851
5385
3821
6737
2049
552
7810
7312
3448
3413
6227
3318
7177
4372
3292
4027
7497
2986
746
5343
5220
6000
919
7615
2474
2861
3168
6884
2533
3541
472
1948
2257
6980
6327
5048
338
1934
5672
7648
6722
1441
1075
795
2975
4349
184
7882
3986
5748
7344
3143
5896
8021
1856
5843
3120
5846
4317
7143
5779
4093
1880
7029
5998
8075
3414
1270
4609
3068
3561
4202
3414
5485
1750
123
6571
3542
5279
4498
3651
1680
3017
4426
1012
5840
1776
5279
488
6768
7153
3260
8160
574
369
6262
5778
7190
7110
7093
3541
1029
6761
411
3600
1308
5048
2783
7940
1209
6831
726
5332
432
5779
271
3668
2271
4491
466
6791
721
2402
123
4140
795
5113
6761
6720
170
7389
2494
6320
6320
3322
2002
7777
3667
2987
2780
3947
6104
2491
8046
4667
4491
423
4858
3572
4644
5739
