0
0
0
10
12
0
0
2
12
1
0
2
2
0
0
0
0
2
0
0
0
0
0
3
0
0
1
4
0
0
0
1
0
0
0
1
0
0
0
0
0
0
0
0
0
0
0
0
0
0
0
0
0
2
3
0
0
0
2
0
0
0
0
0
3
0
0
0
0
1
1
0
0
0
0
0
0
0
2
0
0
0
0
0
1
0
0
0
0
0
0
3
0
0
0
0
6
0
0
0
0
0
0
0
29
3
0
6
5
5
0
0
0
0
0
2
3
0
3
5
5
2
7
0
0
1
0
3
1
1
2
0
2
1
4
0
0
2
2
0
0
0
1
0
1
0
0
0
4
1
0
2
1
1
0
1
1
0
0
1
0
2
1
0
0
0
0
0
0
2
1
1
0
0
4
0
0
0
0
0
0
0
0
0
0
1
0
0
0
6
0
10
0
0
0
0
0
0
0
0
0
0
0
0
16
10
9
7
6
5
36
10
9
5
2
3
3
20
2
1
0
11
0
0
0
6
1
0
0
1
0
2
0
0
0
0
0
0
0
0
0
0
0
0
0
0
0
0
0
0
0
0
0
10
0
0
631
6945
4319
5073
4207
1774
631
7467
4419
536
1774
6796
5928
6417
5858
2583
6395
2732
7534
1176
4609
5542
8011
2274
224
2133
7872
3225
1782
6519
7888
6393
657
7872
8025
1053
2129
2777
5412
7013
3625
5945
1776
2533
2499
2583
5428
6071
2005
4892
5928
4841
6215
4289
410
718
4904
3081
2533
425
8055
5432
5892
3240
5019
5324
1803
437
1291
3022
7615
1238
6818
825
3551
2533
3916
2515
4742
6282
5581
2811
921
4735
8077
469
7237
3052
6677
8188
3071
2773
5267
7941
7223
5779
4475
6495
4955
783
7229
1273
4399
4955
2280
1003
46
8160
684
591
4326
4727
2314
4008
1425
7236
1230
1782
3581
283
897
3068
6824
5530
4399
4522
4644
418
4293
1151
4739
47
6770
7391
5778
3806
3429
2141
3011
240
6539
4240
6510
7350
8016
5706
3625
657
7131
3438
2136
2541
450
5915
39
2166
4361
4194
2418
4796
4735
7615
5347
7580
5673
6451
3584
4502
1172
3855
5539
3683
6439
1172
3277
3581
4317
2051
6041
1464
1765
7229
3077
3862
4830
6761
1709
3077
3541
1617
4796
170
2533
7613
395
6539
1781
4801
3211
5999
6696
4240
1368
7001
3683
493
4240
4326
3959
2922
4605
2806
1984
7303
649
2405
4809
1238
4809
3196
5412
7582
3025
7910
4569
6468
3926
7825
4901
6177
1138
2618
1743
2594
2595
5723
6339
2033
2477
2192
591
3835
4871
3429
380
6539
7142
6053
1965
7377
1565
411
2285
4569
4224
6791
2533
3959
4373
677
3476
5072
6952
268
386
2594
1257
3108
3026
6693
2618
7603
2986
3507
6905
7251
2033
6693
2863
6496
3009
6893
1435
1765
2374
764
5779
6227
3600
2136
6053
5124
2033
7797
413
3831
2644
7681
3026
3967
493
3855
493
380
3421
6428
4645
2779
1025
2969
6905
4750
5841
252
4718
7484
7995
3326
4575
5129
769
4723
2922
514
7929
5199
3760
6693
1172
7214
493
6439
6693
8038
2521
4899
4218
7770
3518
5803
1044
7762
1401
2849
5848
6447
657
2986
568
1821
1029
825
7248
677
6388
3831
4011
6580
627
6339
3342
4901
409
6439
8158
3967
235
2498
2964
5956
5830
178
406
4528
2033
7912
5605
370
21
1963
6859
5723
331
5066
7603
5435
1138
5072
6859
2863
2076
6388
6339
6774
611
3855
3683
873
5845
3315
4173
1061
1134
5759
3683
2033
6098
1817
2477
7302
3026
2033
4411
4180
4214
5129
2033
3294
3855
7302
5233
6142
2451
484
5199
3855
6693
1138
6693
6774
2969
5953
3760
2451
6439
2849
1963
6284
3276
5473
3026
1869
1172
7372
2751
2080
2080
4712
5358
6037
3946
1267
2033
4518
2720
5072
2027
3342
6774
7829
874
106
1991
493
3855
6693
6439
2618
4531
3164
2694
1963
4459
7081
1552
6104
2483
7153
3584
979
7915
5867
2671
1757
6893
4801
3026
3683
2694
6939
4768
2892
6839
4899
5804
4281
1267
4411
1454
3831
2033
5072
1172
7355
7192
2024
484
4633
6813
3009
4096
3394
80
1045
6499
1237
5566
3394
4459
268
4076
4518
4823
6403
2033
4044
2694
679
632
7302
5528
2033
4135
5503
5276
1638
5649
3164
3495
3086
3974
3262
5209
418
1311
5553
7666
7171
7378
5109
5726
6181
7486
5669
507
586
4466
7831
4044
3760
627
3444
540
4485
3124
2952
2594
7486
6466
1486
4899
6466
2033
1869
7797
1934
1172
6693
2926
3683
2863
2949
1667
5931
380
2849
6859
507
1196
2281
6444
4135
2618
3707
6563
1552
7685
2471
6339
2033
3026
3683
1346
677
5072
677
5266
2676
1086
2521
2033
3342
4544
2594
2649
2521
5072
1138
2116
31
7416
4382
7992
370
4864
6234
2965
1990
4738
6388
6339
1025
4736
7081
3495
7525
6501
6142
5953
5759
2578
5564
2990
4281
4815
5545
7057
4080
5566
2630
423
7085
5566
7416
7292
7171
7639
6798
5785
7661
7192
1262
476
3394
7797
1913
3117
5636
7685
2033
6693
3211
418
3741
5668
2116
1285
1527
1435
1800
7666
4815
6576
3029
5109
373
3557
796
386
7577
6073
7125
5566
1978
2977
7706
5428
2465
6447
5952
5639
2037
7814
3232
3741
3631
4076
460
6810
3664
6728
6639
4076
6388
268
911
3209
1285
7577
1254
1263
6579
3170
627
2477
1401
1411
5036
2872
1821
215
2773
5173
338
4509
5129
3225
1492
5841
7372
6248
2299
3741
8061
5072
3855
3108
2493
2477
3831
2720
2671
6893
4768
6693
413
6439
6388
7929
8152
3831
2872
4605
979
4399
5874
1698
5013
7419
7013
5682
5991
296
907
3741
174
1267
4076
6529
5867
6893
413
6859
4571
4029
2589
2594
4411
3831
2849
4075
395
6539
2033
4801
6770
1698
1863
914
5013
3947
568
1425
46
1565
6770
536
1565
3721
6142
2144
1942
5785
4411
6142
5714
6150
210
6737
3325
3495
4411
7841
6053
8075
965
3873
8068
7615
3542
3207
5579
7246
4575
7013
5129
2586
2856
4644
7545
4214
3212
3223
4011
1595
4813
1664
5874
1890
3635
215
2911
1954
3202
679
2285
5874
6385
1991
7085
6510
4202
7468
3240
960
2851
5428
4475
4106
2303
5129
2901
6818
5619
3988
5403
5057
4399
6417
3377
6605
7395
3225
2238
999
2033
4801
3290
1488
6818
3851
6395
5112
4568
2533
4670
8025
6902
2736
7545
3916
744
2343
4399
6796
3542
2530
5364
2157
6899
6943
506
3896
6089
46
5018
3605
3926
4240
1565
4594
538
3741
4442
4216
2465
4317
4293
3240
4712
4146
5071
6590
2856
2851
1774
4569
6921
2252
2772
3625
2861
3566
757
2777
7223
46
46
2977
5327
1193
46
1209
2184
5129
7790
3220
6590
4238
2303
4207
4146
4239
1118
6553
7492
7246
1155
5129
7289
2679
2030
3220
392
1978
3240
5129
1380
3542
6818
6393
2541
3068
1238
7615
2309
5129
6553
6553
3207
4594
3240
5928
5798
1224
914
7940
6482
7223
960
119
1241
369
7223
3225
3483
273
2343
7673
5048
2533
5129
7223
2533
45
4139
3225
5664
7451
6553
3585
7419
7868
7940
