0
0
0
8
4
0
0
1
10
0
1
1
0
0
0
0
1
2
0
1
0
1
0
0
0
0
0
1
0
0
3
1
0
0
0
0
0
0
0
0
0
0
0
0
0
0
0
0
0
0
0
0
0
0
0
1
1
0
1
0
0
0
0
0
1
0
0
0
0
0
0
2
0
1
0
0
0
3
0
1
2
1
0
0
0
0
0
0
0
0
2
0
1
0
0
0
10
0
0
0
0
0
0
0
26
1
0
5
4
8
0
0
0
0
0
2
1
0
0
0
3
0
6
3
0
1
2
0
1
0
0
2
0
4
5
0
14
0
1
4
0
1
4
0
0
3
1
3
0
0
0
0
0
0
1
2
0
1
0
0
2
1
3
1
1
0
0
0
0
0
1
0
2
0
0
1
0
4
2
0
0
0
0
0
1
0
0
0
0
5
0
12
0
1
1
0
0
0
0
0
0
0
0
0
14
7
9
6
7
16
29
8
0
9
5
1
5
34
2
2
1
13
0
0
1
1
0
0
0
1
1
2
0
0
0
0
0
0
0
0
0
0
0
0
0
0
0
0
0
0
0
0
0
10
0
0
2266
3453
4035
4774
3448
1057
4926
4239
3052
7218
2783
4209
8151
2791
4415
1217
3642
4628
1195
6064
4239
6170
6321
1938
5066
6953
2419
6000
753
5724
5191
5408
3647
1468
3677
1894
5608
6140
2504
1689
1760
7416
1021
4554
7763
340
4598
465
2531
3166
6002
116
3988
7716
676
7015
6686
3299
4192
2166
7243
4114
2793
4061
300
7953
3149
5335
3728
3074
2304
157
1219
572
7790
1470
885
2465
5073
1799
7299
1661
2533
7468
4236
1242
765
5000
5050
6720
2826
7028
4779
522
4218
2645
1003
6196
1765
1713
5984
2685
4050
502
2934
1358
4845
2515
4330
8021
1600
5107
6950
852
999
3324
5417
1589
7269
857
1163
5716
372
2298
1682
5984
599
1507
5071
7886
845
6590
3581
2780
3862
906
7252
7877
319
7851
3320
6259
5580
1862
284
6458
3162
4084
5902
5733
3789
5998
6776
3528
2402
3353
7939
1682
4634
705
3999
4426
3708
7564
5456
3280
3396
975
872
6488
7979
3832
5154
6193
4330
273
133
1771
6225
5323
2954
2165
5273
4424
3651
1850
2010
7715
5400
1775
5909
4099
1224
5398
5951
1760
1817
5764
951
795
705
7494
1430
7011
4387
3156
1357
24
1922
2324
1648
5946
6699
7177
973
2010
7766
7653
2720
8158
7393
1
4381
2533
1657
5596
4815
5985
3854
7478
1140
4143
1207
1067
39
7823
2946
1894
1580
3753
6048
5990
5946
2692
7634
7375
2472
3236
708
371
2332
7825
4851
3621
6117
3693
3095
2784
3683
1257
6645
3866
4121
4591
5795
6653
3952
6443
7263
7083
2652
1284
6669
1283
7036
4671
4402
3101
88
6599
7337
4243
3210
6824
1535
7015
5595
2675
6926
4548
4182
4731
2109
6723
2946
4868
2399
7308
6631
3867
7083
362
6429
4419
5880
1718
7616
3907
2742
2003
3923
4450
672
6336
5035
7299
3595
2499
4841
5206
7723
6746
4731
1046
3568
4891
7083
3563
4947
6669
7651
6148
3438
1208
4713
402
635
2267
3563
2652
1337
5859
5155
6337
6005
3266
5921
7859
3149
4067
2123
552
6128
235
7384
6761
4887
3577
395
1059
7280
3208
269
269
3679
5875
1101
7111
2270
7645
1059
6156
7981
3940
1324
1858
2562
4200
714
3682
4357
6673
1716
959
4383
439
4361
2186
1029
5459
2998
7522
1273
5120
2410
5896
2753
5565
4648
152
4622
7237
3208
4683
1018
3030
6787
4880
533
4389
6526
3391
5121
2980
1552
1075
3121
1232
1148
857
402
41
4947
2399
258
1595
5185
6124
5144
1179
6048
2133
4367
7369
5951
2047
6692
6482
1206
3558
6686
515
2210
1667
3584
872
635
1124
6188
3983
123
2229
7416
4683
781
1059
5471
183
6112
7388
316
2815
2357
2406
7645
4864
3049
2149
571
152
2946
4868
4517
4258
3795
491
8058
5055
424
4345
1817
4017
4242
4573
6886
7987
5017
1755
3152
7650
4664
2567
4342
6398
2912
6414
3202
3812
6001
1755
607
4547
2399
314
1716
3299
574
3193
1559
4598
574
3790
1954
4858
4938
7620
2135
7981
842
3136
4150
4775
3187
4535
4412
336
2284
4289
3118
2139
1509
2233
3934
3775
2447
3941
3729
6281
2926
1254
4764
473
7672
925
974
5400
69
406
5466
6624
782
7651
5215
3567
980
2907
4876
4182
7206
7470
937
7173
7702
2638
48
4940
2098
3138
3219
1894
3142
1962
6856
5143
4571
6798
4491
3628
5613
1841
4713
1718
3131
2946
2083
6674
999
2764
1589
5688
6052
7546
6748
5035
1041
1492
1895
7351
2692
152
41
5941
5535
7406
5675
4729
7798
2501
2783
4065
1589
1681
4227
362
2399
3219
7647
5000
4217
4194
2252
4880
7971
4844
1391
1050
7025
2003
6428
2874
8124
7502
767
5667
572
1441
5434
274
5481
6602
5448
591
7962
3826
1953
5575
1179
2754
7150
603
6308
3405
7472
7264
362
5323
1472
1850
1850
8098
1337
4012
3160
3563
7036
7280
4844
5937
3129
1276
101
3432
2467
643
7121
8026
5907
3104
152
3479
4547
1255
5609
6855
3247
2537
2452
8061
3536
1850
4645
171
8084
3131
6745
7508
5251
4891
7150
7280
1012
1585
2645
3452
4708
8012
5796
2791
3606
2003
3372
114
4267
4799
2908
3820
7158
6283
3195
4316
4456
4040
4998
41
183
6676
1731
3160
429
321
944
7303
6120
4386
5890
4070
5840
4847
4080
690
3783
3762
2215
6009
5009
3866
4891
2818
6484
4946
7481
5331
3428
5052
6192
610
467
51
7634
1891
7697
5066
5975
7384
8088
1401
4356
5344
8158
1607
4368
6990
7679
4809
5024
109
6287
362
5132
8057
4227
781
58
3330
4028
5323
2596
781
6676
2935
632
7259
4851
5933
1907
5805
898
6133
7622
4232
102
7405
3514
7337
2764
4478
2248
5833
8107
7650
4862
1950
3558
7743
7502
3766
1417
1059
447
1059
5008
815
1671
684
765
4263
52
2298
544
6883
3914
3402
5896
7213
7700
123
432
6141
6247
1452
2796
145
7575
6676
4891
1718
4235
6653
2946
1718
3372
572
5785
3167
6035
3913
3129
1166
7253
5712
589
2605
7670
967
2576
1137
7494
1242
3022
1817
326
2067
3078
7844
5743
6522
751
2399
7713
4664
1718
4947
1718
6574
2716
6061
4091
7454
514
967
7609
1862
2704
3628
3074
2626
1420
963
6645
2610
5267
2047
5527
4857
6441
1485
6415
2698
6142
314
3438
4591
2054
6748
762
4998
7546
6775
1395
2242
6582
2684
5997
797
75
2792
1646
5380
4830
7088
3683
1567
2465
5601
6263
16
2562
5718
3814
3647
8022
5673
5925
4873
6011
6975
6996
2137
3504
2173
4345
7679
5363
2715
2422
924
1446
4007
2285
163
7015
417
2565
1863
7967
1522
3851
7588
6035
5530
5224
2927
1274
5263
3120
7435
4017
6604
5669
3960
109
1826
1178
2118
5385
7902
3083
1967
116
2329
3115
351
3911
5936
4578
5531
1584
3894
960
2166
1646
853
4491
6013
1376
6254
1589
7976
4847
5682
540
2940
8135
5514
7682
4017
1269
5897
4521
2830
725
3367
3099
6948
