0
0
0
9
0
2
0
0
7
1
0
1
0
2
0
0
1
4
0
1
0
5
0
1
0
0
2
3
0
0
2
2
0
0
0
0
1
0
0
0
0
0
0
0
0
0
0
0
0
0
0
0
0
0
0
1
1
1
0
0
0
2
0
0
1
0
1
0
0
0
0
0
0
0
0
0
2
2
0
1
0
0
0
0
0
0
0
0
0
0
0
0
0
0
0
1
9
0
0
0
0
0
0
0
16
2
0
6
1
7
0
0
0
0
0
4
4
0
1
2
1
1
0
3
0
1
0
0
1
0
0
1
2
0
4
0
9
0
0
0
0
0
0
0
0
5
0
3
0
0
0
0
0
1
0
0
0
0
1
0
1
0
0
0
0
0
0
0
0
1
0
0
1
0
0
1
0
2
1
0
1
0
0
0
0
0
0
0
0
5
0
9
0
0
0
0
0
0
0
0
0
0
0
0
7
10
9
0
2
10
22
6
3
2
3
0
1
25
0
1
0
11
0
0
0
1
1
0
0
1
0
1
0
0
0
0
0
0
0
0
0
0
0
0
0
0
0
0
0
0
0
0
0
10
0
0
3191
5951
3676
5920
494
6740
1114
1020
4378
97
7369
6047
4896
2107
7512
5722
3891
3391
7934
1884
6919
4971
1239
2557
1631
1858
3895
685
3643
1681
7595
1502
1466
4022
1689
460
5733
1899
4944
3055
2715
7466
1254
2336
6353
8010
7823
5655
861
5027
769
7080
2802
4310
3461
931
7675
7628
6482
6482
4664
941
3381
4602
1544
531
1994
7243
3353
61
7976
5398
1319
1253
3721
1682
4294
1217
5290
4917
5092
7110
4384
6884
2290
7024
7613
2969
2948
239
3846
2568
2297
6842
1095
2521
5913
912
6649
3667
5023
7587
5430
4310
3081
3263
7085
6953
4856
1164
1870
1479
7908
5672
6166
4125
2723
3444
5739
5753
6647
7537
2490
530
6889
7725
3664
2984
7721
1544
2868
5613
1965
6321
4223
4737
6877
8125
4830
7885
1514
5023
7079
5722
7941
7078
7146
1900
6124
727
3255
7992
7023
7722
4944
4790
3125
6612
2464
6022
2271
6939
7051
6522
5457
6276
522
3020
5044
4851
7861
1709
395
815
5986
5185
3775
3037
2810
2557
1306
3926
7629
3364
6200
1682
935
6876
144
5273
5636
6121
1932
1367
7910
5183
7819
3946
3210
7679
4925
5567
6405
7640
7440
447
5514
6533
164
1562
2905
2820
7753
501
426
1074
972
8132
5135
1644
7844
6958
7727
7279
8019
3625
4350
5896
6824
8138
2208
7980
5998
3167
4561
5442
2049
7143
8041
70
6088
2968
2284
2735
488
3162
6405
7493
4030
4227
7127
2482
5659
956
5887
2324
1317
82
3413
1958
1698
2339
4736
1900
8121
947
4516
908
1988
1522
3980
5762
4290
5896
4273
2654
336
1991
1145
6000
4920
5634
6577
4117
5320
3109
4123
5041
3668
1584
1707
1170
623
7029
5419
3986
7585
5517
5552
2271
6198
7869
145
2724
7853
4881
5176
2628
6924
7362
2501
6700
6533
6011
114
5716
2482
6519
5409
5575
503
8133
421
7727
6565
3575
3051
5791
3155
5071
5997
4312
1962
3832
3125
4451
859
7752
5731
2118
5629
1272
6262
5689
7078
1830
2091
7654
5599
4165
3052
3416
3376
5086
310
7432
508
4111
6038
5938
7568
7533
7371
7079
7110
947
1059
3705
3081
187
3359
2910
3943
1359
152
5896
1428
7362
5351
3444
3646
1050
5227
2654
5248
2766
3962
1949
3162
1760
5034
7441
7592
4748
3641
3158
5403
5382
6699
6197
7019
2003
398
2652
6748
3328
3372
2120
383
6085
2442
7432
4025
5330
5811
3047
7872
6578
1544
1424
868
3257
4426
2015
3750
1536
7976
6040
3577
1539
2502
7308
7812
3140
3403
2560
88
4508
571
7447
3061
3238
7823
7221
1376
6194
783
7692
482
7803
7551
3305
60
3167
5344
4350
6072
89
7491
5762
2203
3524
1190
2943
331
363
3751
3360
7946
571
1731
7782
2002
7469
1148
2910
1978
2640
7167
6962
255
2679
4106
4139
1434
7995
1699
3077
67
1705
3158
6383
3558
1619
3558
7905
1158
3994
1060
6433
2867
4821
2596
1816
6877
1228
3014
577
7324
6670
1859
6235
4741
2516
8048
3171
7243
4541
1124
4656
2003
1648
1624
3372
3766
567
4203
6940
7647
2600
4641
4904
109
1446
1359
5325
5282
6876
705
5127
4796
5580
1253
1709
6437
6588
7726
2679
4229
3328
2652
6197
3372
6568
1535
5010
767
7830
3333
902
1284
6273
4873
4367
3405
2830
398
1898
8157
4766
3314
2952
957
4740
5335
3261
6074
6828
5113
1534
229
6653
8098
5857
3287
1872
4509
130
6191
4547
108
6699
3828
7196
2426
3187
571
1624
2946
3328
3722
507
6082
4840
7726
571
314
6433
1304
1024
7070
6405
4881
169
7170
6634
2303
4764
2279
5599
1581
2596
7502
4121
3219
322
6457
7150
4854
3679
645
7607
5143
756
3949
4312
7556
572
5599
1619
4297
7441
1285
4491
5920
1734
1182
549
5716
970
7074
94
5160
1273
1619
5715
1722
2399
7889
5907
2399
4030
6000
7384
7089
1589
1473
7727
1808
3770
1580
5418
4310
1473
4900
2868
6015
8046
4541
3734
5150
7156
1232
941
7522
4227
2055
569
3604
4695
567
7919
5701
2002
6740
1469
7059
1473
7330
552
3392
7717
5846
2482
2772
5514
5997
857
8128
6224
7150
1924
629
4334
1253
718
6669
1731
545
925
6638
1275
820
294
3265
7165
6253
2196
7125
7587
3570
5295
7811
5627
1798
5418
5116
1164
1752
3671
3997
4039
6156
175
7448
5880
407
2596
1602
6799
596
3738
5323
374
2715
6066
4542
5185
3755
6193
5543
3093
7269
1071
4481
7258
4521
3183
3712
5688
4578
2459
391
5907
3081
1929
7243
7308
7280
1648
4291
7595
5090
2222
7083
4243
5840
275
7110
2527
3575
7226
3693
7763
2870
3827
5086
4400
1185
2345
6022
7776
7816
4273
4716
966
3834
4577
3297
5403
3430
1644
2800
948
3458
3219
2652
3952
6652
335
2459
1107
3340
2024
2699
6872
4042
5652
5091
24
4636
6737
8188
4361
2120
1017
5561
14
1661
7093
3311
3996
7
1616
8050
2324
2364
7598
572
7719
571
5817
5715
7995
3626
4524
94
6482
562
402
1069
1119
3051
1699
6164
3061
2459
7389
4182
7746
5363
1490
7843
571
3081
7502
2596
7777
4804
5267
1360
7888
6317
4508
6631
1249
6172
3119
2174
876
4227
6686
7658
2640
1069
6370
6616
403
4400
2750
3652
6316
5792
2254
7534
2399
1417
1841
5236
4877
8153
3136
2368
5595
3806
6337
5990
7729
1177
7269
2976
7087
249
4907
763
1729
3717
6852
1233
3886
5223
4528
1170
7718
7221
5293
4228
2324
3840
5990
6978
1449
7072
1151
4079
4227
1644
4775
1718
5880
4361
3120
5398
705
49
4398
1417
5774
6207
4227
4065
7157
7116
6964
6012
4966
6792
5020
557
7785
6823
781
5323
6876
4765
1
852
7592
1206
398
4066
3351
2015
5731
3191
5896
460
469
7036
2818
6112
8030
5732
6613
911
1015
142
618
545
6892
5726
5143
7816
2596
2627
5365
6337
362
2009
941
4508
3330
626
1823
4618
1554
7662
1776
4111
7380
3236
7314
4406
8132
