0
0
0
10
0
1
0
1
8
3
0
0
0
0
0
0
0
3
0
0
0
1
0
0
0
0
0
4
0
0
0
0
0
0
0
1
1
0
1
0
0
0
0
0
0
0
0
0
0
0
0
0
0
1
3
0
0
2
0
0
0
3
0
0
1
0
0
0
0
0
0
0
0
0
1
0
0
2
1
1
0
0
0
0
0
0
0
0
0
0
2
1
0
0
0
2
5
0
0
0
0
0
0
0
22
2
0
8
3
6
0
0
0
0
0
2
1
0
2
0
1
1
8
0
0
2
0
1
0
1
0
1
3
0
4
0
9
0
0
2
0
2
3
0
0
3
0
0
1
1
0
0
1
0
2
0
0
0
0
2
1
0
3
0
0
1
0
0
0
0
0
0
1
0
0
0
0
2
0
0
1
0
0
0
0
0
0
0
0
7
0
6
0
0
0
0
0
0
0
0
0
0
0
0
8
7
7
2
2
13
28
4
7
8
7
1
1
32
1
0
0
11
0
0
0
2
0
0
0
1
0
8
0
0
0
0
0
0
0
0
1
0
0
0
0
0
0
0
0
0
0
0
0
10
0
0
3681
4493
6281
2264
1313
8092
1067
8162
947
7738
123
1107
5580
7680
3487
7839
8017
1087
6820
8191
940
5751
1090
6082
6950
4739
2554
4120
4448
1279
6583
2811
3864
5236
4047
4777
2376
1087
4744
913
5313
5819
931
5732
4997
5970
433
5309
341
575
6768
7281
6235
165
5551
1241
783
5112
986
6860
783
5063
5163
1944
3303
7072
263
4679
244
6735
640
1751
7337
1343
6770
6216
7048
1521
6368
60
7214
5726
2880
2724
3750
2283
7874
7085
3541
4809
835
5308
4309
2850
215
1664
378
5581
2219
7149
2490
7492
7363
2813
1539
5579
721
6183
7233
6882
3017
1287
2169
2318
940
2728
1974
5024
2836
6532
2907
5398
6053
7269
6896
837
1279
2489
4300
2493
3651
5771
3616
5364
3346
3736
1356
7160
7395
1695
2847
1101
3586
4792
5923
6294
5133
5166
4491
4852
836
5725
7326
753
7461
1621
5161
1660
7520
6089
2000
4236
7227
5298
1576
1728
7421
1362
1241
2859
6064
5449
6194
2676
3100
7729
1622
2631
6827
5273
2780
6562
2012
2892
5386
460
5364
525
4818
5119
2868
5412
1064
2464
169
3486
4788
23
7963
4483
2583
1683
963
2462
1778
3187
7648
2745
3881
1101
5220
62
3939
2119
2405
1917
3793
2252
1584
5322
2726
8055
7788
1488
5670
7022
5045
1012
714
5934
527
7845
1554
2169
6875
3238
7763
2382
1530
2483
2152
7773
6761
6089
5066
3791
7894
3322
6752
1217
7028
5629
770
7380
7187
4164
2977
1654
7101
7258
7816
7737
3086
3959
6323
7357
4377
6750
1624
8122
2691
673
906
6131
7
7210
4578
3933
2600
3674
3580
6777
702
4621
5751
4491
4521
5547
7377
8031
3034
4411
7956
7915
7788
3840
7487
2364
5023
1291
1439
5471
3254
4308
4019
7332
3694
5766
4369
6358
7482
3924
5189
2000
7117
2266
5813
6760
2188
2894
7624
519
4658
6981
5069
6005
98
7000
3866
3131
5128
1666
5622
5408
5149
3132
123
561
4576
722
6478
4381
1620
533
6237
1490
4168
7038
2370
5263
3793
2271
6116
578
7953
4796
7002
5357
78
3303
8098
4175
5293
4868
1106
174
4563
3695
7389
6809
2415
7638
1207
5143
4796
1820
5730
282
2002
717
3414
7564
7957
1620
5403
3617
288
4374
3742
4400
7992
557
6699
861
3081
3048
1145
2083
6699
4961
873
5376
2948
7806
8092
3284
1796
7143
170
6254
2478
2114
3232
8073
7871
4605
7378
212
7821
3750
1026
4846
227
4042
2998
4730
1622
7729
5990
6297
329
1644
5252
5076
6535
6884
5806
4874
5551
584
2558
6252
6188
7167
1836
702
7154
5973
6514
3667
2752
3932
5110
5499
3152
3647
7408
182
395
6846
7159
2358
1826
5323
5184
5082
1553
93
4582
2291
6162
5292
5867
7884
5982
2547
386
4175
6323
4891
2370
5324
4118
2770
3996
2347
3219
7198
5230
2303
1595
1283
2135
825
2867
7995
7724
2998
6487
6710
4000
251
3913
3231
2259
734
6700
4264
7887
4707
263
6682
2647
2858
7421
3510
6703
4696
2759
2198
5801
61
5380
1382
40
4673
7545
1224
5251
767
7129
3000
7530
4184
7566
7726
5333
1239
4602
6803
5354
7953
5795
1193
5210
1924
6917
7610
4391
3689
5742
2840
6035
5998
5563
1771
7729
4946
1622
3746
7487
2086
501
7485
2508
1459
7526
6138
5555
6209
7316
7191
5320
346
7950
8021
5909
7795
906
2433
2006
4492
3888
5536
1430
2219
7517
7719
1725
4317
6661
5034
5323
269
70
5809
540
7203
1990
5942
6348
7421
3590
7783
2509
7361
5560
3100
1125
6042
6932
4899
5982
591
204
6007
7823
3096
2214
4061
392
4239
1532
6917
2069
3857
1319
3507
1437
7231
3802
3143
5177
4110
6813
4706
3516
7266
1640
3469
2677
1572
4621
3887
2980
6064
760
3232
1589
2901
7077
4106
1242
4093
1030
5039
6013
2907
1113
2014
2704
5802
1221
3000
3393
2752
1348
4044
4017
5008
999
54
2907
169
4878
1453
8152
4097
60
1752
4735
6532
5897
1679
5911
3721
2151
8073
109
7974
1554
4306
1422
3309
505
5202
7287
5347
6905
7590
6864
6759
4135
4796
2518
7227
3205
4172
6128
2112
8080
4153
11
7582
5627
5743
2496
535
1600
3673
6758
5649
4959
660
7646
3620
8036
6984
5898
523
7124
6896
4913
4262
4726
5746
5382
8094
257
3811
1943
4767
202
4302
4039
628
1048
5536
803
1366
6193
4080
1623
5564
1505
4942
220
5970
6210
6244
3678
6556
3685
3433
5569
6270
6961
1830
568
2844
696
2665
6064
7523
2076
842
2716
3055
4875
3223
6552
7491
1441
1434
61
4355
658
3804
6778
5541
3334
7150
3328
2652
2479
5146
1015
4806
5332
4352
5777
6454
1382
5608
4970
174
4160
1769
5290
3667
3974
4888
845
3784
5871
3899
1385
815
8122
5284
7144
3526
5801
7159
4946
450
3219
6699
2494
3729
2164
4129
7864
3743
1113
4202
311
4931
5883
787
4182
3616
1978
4165
5714
3123
6796
6532
5730
7059
5526
7812
1273
7373
1886
5320
3659
1600
3460
6638
3010
3572
2049
380
2765
3999
4889
899
3775
3536
4256
271
7829
6979
5356
4484
5019
7889
6474
5444
4303
1565
2421
1730
6470
1255
4827
4317
4138
5092
7102
8009
4150
4011
3527
130
6532
4272
1316
1011
5595
5446
7357
3888
1024
990
1642
3875
591
7974
5622
4172
6849
3911
6393
3790
3965
695
672
645
4983
7213
2269
4947
7675
8087
6959
7962
5911
5204
5118
7840
2717
4110
3478
2027
84
1733
2165
4296
3156
6164
3038
1823
6247
5380
2892
1824
3577
1824
2844
8122
5907
40
6669
6325
6040
1810
4352
383
7622
2281
3899
369
1466
6405
742
3106
3165
3197
25
5109
4961
1944
695
327
2756
8060
2197
45
3942
1241
4065
5730
2538
2534
8162
6700
4348
6828
4295
2791
5209
5138
4070
4766
7258
4987
8122
495
2049
5571
3150
6959
2435
6943
1716
116
6066
3549
5209
7400
491
6830
4182
8000
6753
522
5244
7313
4766
2540
2686
1664
