0
0
0
10
0
3
0
2
10
0
0
1
1
2
0
0
2
3
0
0
0
1
0
1
0
0
0
1
0
0
1
1
0
0
0
0
0
0
2
0
0
0
0
0
0
0
0
0
0
0
0
0
0
1
0
0
0
2
0
0
0
0
0
0
1
0
0
0
0
0
2
1
0
1
0
0
0
0
0
0
0
0
0
0
0
0
0
0
0
0
0
2
0
0
0
0
7
0
0
0
0
0
0
0
21
1
0
6
6
5
0
0
0
0
0
0
2
0
0
1
2
0
3
1
0
1
1
1
2
2
0
1
3
1
2
0
6
0
1
0
0
2
1
0
0
0
2
0
2
0
0
0
3
0
0
0
0
1
0
0
0
0
0
0
2
2
0
0
2
2
0
0
0
0
0
0
0
2
0
0
0
0
0
0
1
0
0
0
0
3
0
8
0
0
0
0
0
0
0
0
0
0
0
0
10
3
8
4
2
12
25
4
0
4
2
2
0
16
0
0
0
14
0
0
0
0
0
0
0
1
0
1
0
0
0
0
0
0
0
0
0
0
0
0
0
0
0
0
0
0
0
0
0
10
0
0
2479
501
4441
6731
1420
5762
5434
4840
6216
3805
1183
4346
6035
3044
7024
3186
4097
7911
3853
6372
1241
1600
2749
1193
5201
4036
7567
7067
2369
5248
6122
1411
7649
7347
2443
6117
6330
1346
5867
3179
3245
915
6187
7893
501
835
600
1272
4173
7053
5255
1411
7886
2510
486
2817
2196
6489
2654
3666
1429
1374
4816
3799
3740
3649
7795
3862
4347
6604
370
1413
1627
21
7738
640
7466
1177
3093
5922
7950
1440
8080
1556
5722
6475
7203
2535
4583
3707
6810
2649
3764
2929
843
4703
5886
640
4786
7914
5808
6975
999
1767
1095
3226
8080
1599
3492
7057
2492
1585
3433
7520
1354
5866
3719
2297
95
935
36
3233
4574
7077
6370
3506
1978
5157
4643
6237
2951
5267
7129
746
1559
4985
3692
6615
883
3252
1786
7886
6892
4493
539
4543
7284
5808
2277
1546
5160
2252
1717
4199
4725
7107
4374
4694
7333
6307
5054
4829
3830
3084
4607
8075
6110
3351
7998
5208
2543
307
7067
5126
69
5058
1561
8066
423
7967
3025
3320
3885
3510
4519
2975
1872
1430
3634
3878
3445
30
123
6304
3517
2853
5375
4534
6682
2505
849
3988
2731
1639
4477
2884
2682
931
7182
2606
5039
2258
5816
6393
7915
3367
7711
5075
5513
83
7777
1279
1859
5438
777
6027
2107
7333
3654
301
2557
2597
3066
2586
7699
4953
7998
1458
4672
4224
5518
4829
4548
148
936
5513
4412
5565
4693
3320
6871
3924
7711
8163
5543
5790
7056
7756
4793
4356
7172
4168
5286
1017
749
7132
8022
5936
7025
298
4739
5226
7496
7216
712
7602
3517
5780
5383
3834
261
7886
6401
5551
5074
600
729
7209
4677
4579
7607
3075
4181
2103
2283
4226
5070
2527
5906
708
7203
4737
3870
4049
6254
6807
5775
3372
7255
8022
5621
3140
6816
172
4308
2195
4791
2132
2986
3805
4375
7034
7188
7109
6356
2219
1896
5987
4926
483
3937
1469
5721
7436
7675
1898
227
5402
6748
1644
4775
6172
2165
3952
2638
4334
7935
6288
951
5095
3687
1697
1743
5780
3307
7661
3085
1871
4305
5207
652
6650
2429
5100
7855
2320
5771
2650
8122
7846
2639
2267
4937
912
4756
4844
1206
2453
1843
3177
6025
4410
457
7467
3249
373
7337
1573
2024
3298
5726
6232
1584
3249
7172
2881
4329
7138
3786
5203
5963
685
7448
1860
7623
5432
6398
5928
2760
2614
43
5155
7433
4671
7970
5049
6790
3196
46
2803
1711
5348
2832
5286
7077
2041
2570
754
3933
7270
1376
6348
5288
4834
6784
5195
7159
1543
6685
6271
5537
2369
4396
503
305
3329
3433
4754
507
1685
249
3084
7666
7851
4727
7726
4872
7606
277
5151
6124
6484
2341
7658
5831
7131
7097
3122
4134
3082
1595
5671
5240
805
1096
705
343
1561
4570
2922
7744
6392
2132
7851
4589
5877
3171
5721
869
4877
266
7591
7312
944
3777
5915
7456
2441
7614
7711
685
8055
7570
4435
6877
2163
5688
6265
1881
7913
5891
2656
3684
4881
6583
4314
4262
1728
7739
5000
1210
3580
590
1189
539
6679
2500
7691
8093
6784
2764
5406
937
6770
5160
4227
4666
2248
263
4625
6656
702
4572
4621
3669
3231
7011
1878
4583
1360
6685
5737
7871
4270
7570
1450
6089
583
1095
7455
566
2515
5888
329
4515
2034
4598
6112
1079
3278
5191
6234
6750
5547
6427
3901
7305
4337
446
4464
6876
8134
5622
6515
3266
6271
1988
2489
5150
4226
5871
7603
4791
7198
1468
7000
5042
4762
4598
3308
7053
7738
3555
5653
4138
4416
1882
7938
5934
2959
2389
911
2612
7347
4346
4920
1744
3148
744
390
1794
6915
3184
3992
7061
729
5614
2356
3998
4775
3351
5191
5942
4570
1978
2315
3276
703
7167
7265
2457
790
5625
1597
727
4449
1083
6980
7190
6973
600
3581
1312
6964
2501
1881
4782
1242
3701
6781
1831
6470
1938
6914
6110
2429
1121
6176
7627
7132
5434
8176
7332
6508
2766
5989
1469
5878
7696
7989
4707
14
2837
1075
5155
7655
5261
963
5122
8145
2115
1854
353
3236
5944
3791
2554
6216
5603
433
7200
5680
2731
5572
3515
7739
5961
6859
1378
2225
2264
77
951
568
6002
7160
5778
4294
2731
5456
5796
1571
212
5581
3612
2573
3910
6873
7290
3206
305
6171
7106
7231
1732
5659
5989
279
1236
1661
2765
3130
8097
3224
3535
2210
1746
4000
5381
7441
189
7691
5309
2259
6065
5035
8132
3923
7773
6551
840
4249
7025
2696
2278
2531
3187
5273
6983
1562
3353
3280
3191
7594
83
4917
3184
6738
498
6217
1939
7219
6119
6775
6383
2535
1924
146
4437
7276
1039
2603
7530
6964
5301
4803
3971
6938
2383
3546
5647
7350
5023
5228
34
5023
2836
930
5425
4274
6791
7825
5691
1434
7357
6065
138
1160
5739
5511
1088
311
3428
2421
3762
5210
993
788
4926
2146
6777
4104
5591
4303
6117
2379
5956
6724
3521
1431
7542
1576
5314
2850
7048
7079
4607
4027
6830
1414
1620
4997
5862
2665
4811
4746
2156
3754
3233
2817
604
3328
2439
3694
169
3334
5180
56
1958
4308
5884
3734
7277
1056
3222
6389
7584
7626
8038
7505
3490
144
2663
8128
4783
2780
560
6673
4389
7734
4877
6882
7864
5306
4516
5644
1130
1224
1686
3857
4862
1253
6448
5492
3636
4172
2616
6130
5044
1928
2145
775
7060
5977
1382
3378
6438
6124
4174
2405
6284
4205
1003
5371
4486
5028
3969
5405
7773
4024
6304
3401
2986
6989
3408
5809
3742
5301
7303
2182
5091
4732
2029
3627
5809
4372
3969
4182
717
7831
5015
6346
6522
1483
2023
6850
383
5464
930
7698
7871
5608
7028
472
1426
2555
1074
3141
7241
828
2493
1962
1017
1027
4628
6885
1468
783
2777
7828
5072
2102
4736
7233
6829
5374
3669
758
5380
3885
7838
7151
6271
2916
6443
4580
5347
3202
7441
715
7711
4852
407
6253
7979
1352
4443
2370
72
963
2752
2959
6396
3795
6533
5197
134
4793
3389
4294
7125
7835
6745
1024
