0
0
0
10
0
0
0
1
10
0
0
0
0
0
0
0
0
7
0
0
0
1
0
1
0
0
0
3
0
0
0
0
0
0
0
0
1
0
0
0
0
0
0
0
0
0
0
0
0
0
0
0
0
0
0
0
1
3
0
0
0
1
0
0
0
0
0
1
0
0
0
1
0
0
0
0
1
0
2
0
1
0
0
0
1
0
0
0
0
0
0
2
0
0
0
0
8
0
0
0
0
0
0
0
21
1
0
7
5
4
0
0
0
0
0
1
2
0
1
1
3
1
4
0
0
0
0
1
0
0
0
0
4
1
2
0
10
1
1
1
0
1
1
0
0
1
0
0
0
0
0
1
2
0
2
0
0
0
1
1
0
1
3
0
1
0
0
0
1
0
0
0
0
0
0
0
0
1
0
0
0
0
0
0
0
0
0
0
0
5
0
11
0
0
0
0
0
0
0
0
0
0
0
0
12
7
9
2
3
14
23
1
3
4
4
1
1
22
1
1
1
11
0
3
0
1
0
0
0
1
0
0
0
0
0
0
0
0
0
0
0
0
0
0
0
0
0
0
0
0
0
0
0
10
0
0
2499
921
1185
15
6061
5295
4411
3491
1655
5669
3932
1398
6848
6688
7150
7079
97
2716
5800
1283
1722
5946
5549
7608
7804
5800
3831
3946
4736
128
2595
5199
8152
3211
1553
6375
3654
5128
2911
3113
1401
3676
7299
693
265
3737
6039
3129
7844
3668
5891
1416
4256
7922
719
2433
7146
4069
3789
3465
5984
2961
4411
7519
2716
3666
6876
2573
1752
507
5792
3533
1928
2316
3793
2022
3362
3967
3040
2982
1395
7178
54
4249
5941
1644
3406
1731
2100
1472
4091
4883
7631
690
5813
2806
2123
5402
4572
1097
6778
3506
3391
4013
4397
4700
1613
7217
2707
3738
3496
5637
428
7649
589
3828
7280
7642
2887
398
7062
5311
8090
1612
7323
1239
2374
1046
1584
3262
4217
4800
5063
5688
6775
2537
3311
8027
1984
4779
4282
4339
2118
7363
6006
767
5946
3201
6835
2534
562
781
5685
251
5103
6288
267
7073
3288
468
1699
7154
1345
5309
7693
1548
1829
3087
7970
6076
7864
6360
5829
5403
1631
7336
1485
768
7889
7202
5049
3835
1950
6794
2993
4802
2882
1832
945
2839
6751
4221
7422
690
3451
4137
399
813
3366
6901
7589
4923
3118
3757
4471
314
4483
2656
3311
4394
528
8148
636
485
1754
3930
4483
3231
6194
3465
1640
4924
1112
1503
2342
5125
900
4187
823
2299
4839
869
678
2709
1489
7174
7702
5828
2602
2065
1667
422
5837
2983
2003
5998
5094
1718
3550
4844
7137
2247
3330
7075
2980
2148
2316
7667
2413
1158
2653
4272
7892
3386
5952
5243
2294
7685
6819
1922
6287
3672
6468
2798
1277
5580
1180
2137
1917
2478
2865
3012
402
6688
311
1746
2013
5052
7705
4488
6861
2132
5288
1140
3788
5481
2020
4826
3946
5251
7440
6569
2523
6211
5550
2603
1854
6333
2709
165
2215
6783
543
5131
901
6889
4539
5065
4962
2881
4810
2658
6254
4150
6354
7716
2591
7568
1684
3754
2667
958
2925
4517
2998
1477
2751
5772
3025
6545
3146
2631
2515
2967
3169
5021
226
4395
2032
1479
1597
2221
7726
6617
4623
1145
602
3396
3180
1789
7738
6862
1479
203
6489
7805
2093
654
5307
206
6790
6433
1841
2699
7793
4858
1236
5179
4042
6423
969
2036
929
4980
3014
5544
4855
2055
3328
175
2055
1280
7591
6989
5174
1541
953
6606
163
6719
3829
5384
3691
4243
6306
7047
7873
1489
3176
7824
7102
6197
1101
1953
485
5415
6541
398
388
4591
1729
645
3550
1889
4947
4671
6367
7390
4869
4223
6819
7095
1455
6899
2596
5373
6421
2969
2447
1544
6841
4360
6531
7918
969
3219
7684
645
1648
6207
416
922
5627
1826
4227
3952
207
5742
1017
1555
6540
2368
7260
5337
3755
6179
2691
5249
2804
3531
3156
1530
6085
3684
881
6914
636
450
2137
6191
1718
3109
5768
4949
1137
2260
1951
3154
2580
6207
4854
7286
1226
1812
2316
2207
4517
3120
4345
7714
4145
7488
5718
5667
7520
2195
7997
1819
5742
5398
5403
4891
3969
5627
3438
2357
5873
7
3359
108
2399
485
1953
6431
5788
1895
1730
4554
3740
5896
1775
6170
2605
7091
6474
5560
6472
4251
2809
1747
767
4270
2913
3122
5999
4851
4572
1793
3696
2363
5484
6207
7719
4024
1623
5330
2153
6841
7390
0
7418
568
5718
4265
868
2543
3213
5993
2942
2933
7019
6322
5990
5474
3287
1750
7628
1446
449
1941
625
6322
7863
7676
4451
720
1162
5571
2419
306
6068
1616
6937
6176
3836
1730
2640
1164
6198
1721
3043
1427
369
7688
1718
2946
3550
3184
1743
8021
2608
2109
7946
5418
4818
6694
1607
5881
4443
4725
4348
2493
5695
7333
5530
7639
5479
8142
5109
5048
3571
2295
6071
6406
6802
3775
5514
774
207
3691
5941
5946
416
175
175
3952
6429
4535
2105
3304
2721
4530
4017
34
4766
1971
1075
5833
3288
4297
935
1973
6604
1738
6599
7621
6872
2195
5418
5846
2271
5043
4201
2869
5230
6207
1648
7830
1053
1690
2460
3911
4562
1989
2679
5143
5240
4000
3651
3467
440
7371
963
3747
6569
2817
5724
6186
7651
447
1269
8142
5770
986
4707
8170
1641
5998
6128
6007
5007
5385
3790
2892
1862
331
7110
5896
1381
4070
1607
3693
937
2504
5335
3809
3191
507
6877
7883
5309
6146
2488
4033
7082
1492
922
1780
849
4993
3214
1449
6827
3806
1256
2685
4604
3759
7205
6332
6510
7688
2068
6383
5423
6600
5475
7371
2215
7732
6518
7760
7179
3447
427
496
7184
3027
2840
7537
1235
1607
2683
4717
5998
138
2309
5071
1678
3542
8121
3639
7446
1825
1141
1133
3291
2229
3401
5013
7015
2614
6179
7113
6105
7418
868
203
3043
2365
7806
960
1899
7698
5983
2458
4937
1590
441
6608
5688
2230
4976
765
7747
2135
5067
3240
1209
2290
954
7277
3438
3947
7941
437
1151
7855
1027
7075
5104
12
6945
2511
2782
4868
5836
784
8152
2232
1778
1411
2274
5174
6417
124
5306
5515
7910
3290
5820
5074
1462
3223
3848
5687
2089
4183
6256
7767
2295
7277
3143
2788
396
4833
4409
953
4370
1482
1358
6169
7336
2629
5730
6289
2257
2560
2215
731
3586
7676
2100
7255
5220
6060
3148
4475
7596
886
5614
2310
3077
6967
708
4228
567
6479
6594
570
7249
1720
6428
1847
8017
5939
3401
4082
1075
5664
4479
4256
5667
836
6291
2262
7396
510
2854
6902
7160
2009
2509
6730
7269
440
2999
7803
6518
1386
6203
6768
6531
6239
4943
7589
453
5065
5141
914
3693
6321
6259
4322
332
7467
7123
5835
7784
33
912
8
7769
4746
1958
6548
6294
6383
3487
3085
5713
1191
2127
7155
7559
6392
5204
1081
6525
6699
2871
6496
1776
1235
1673
5877
6059
4511
3619
2119
6759
4142
614
1511
7697
7119
5064
4475
3733
4294
1523
4735
4563
6374
3307
2627
913
3374
6825
6246
1612
2616
4838
5859
2923
2860
1124
684
117
2402
1124
4809
1067
3082
5945
5415
675
8188
4291
2986
1926
1046
2071
3977
