0
0
0
11
1
1
0
2
8
1
0
2
0
0
0
0
1
3
0
0
0
0
0
1
0
0
3
2
0
0
5
0
0
0
0
1
0
0
1
0
0
0
0
0
0
0
0
0
0
0
0
0
0
0
2
2
0
0
0
0
0
0
0
0
2
1
0
0
0
0
1
0
0
0
0
0
2
4
0
0
0
0
0
0
0
0
0
0
0
0
2
1
0
0
0
1
10
0
0
0
0
0
0
0
28
0
0
6
7
4
0
0
0
0
0
2
2
0
0
1
2
0
3
5
0
1
0
1
0
1
1
1
1
0
2
0
7
0
0
0
0
0
1
0
1
0
0
0
1
1
0
0
0
0
0
1
2
1
1
0
0
0
0
1
0
1
0
0
0
2
0
0
1
0
0
0
0
2
0
0
0
0
0
0
0
0
0
1
0
5
0
8
0
0
0
0
0
0
0
0
0
0
0
0
14
7
10
7
4
12
30
11
1
5
4
0
0
26
0
1
1
10
0
1
1
1
0
0
0
1
0
2
0
0
0
0
0
0
0
0
0
0
0
0
0
0
0
0
0
0
0
0
0
10
0
0
5736
4255
3816
5736
4903
6053
4022
3980
3414
3528
3012
3223
1345
1744
5320
4878
3402
7548
3145
3494
5086
6395
7648
4932
5168
4225
1348
6002
6007
2582
973
1531
6321
5361
2187
1131
5223
1494
1281
4857
102
450
6789
796
2080
2766
5446
260
3205
6463
6661
4763
7321
1437
2135
2501
6824
4319
6473
7503
7411
2356
3314
1620
3886
6510
744
2851
4976
8157
5520
3886
8173
5726
2291
6391
4283
4578
1422
4202
3515
243
6284
5725
2303
727
4334
6248
3647
5146
3356
8188
5877
6281
225
2772
3677
4606
7179
3299
6663
482
4000
464
1395
5385
8166
2572
6121
2063
531
8034
7753
6858
4817
2887
6944
4395
4345
7615
4280
6262
4876
7795
3642
102
4578
934
3414
6608
6422
4530
5050
6520
5998
8018
6332
5474
2095
3943
740
5350
778
284
5033
6389
30
4212
7424
6259
7380
5662
5736
1862
1622
5416
416
6000
8136
358
894
5725
2465
2499
4199
4562
783
1673
696
4281
5746
6071
1860
6322
799
7628
7508
900
1644
3510
4238
7441
3927
5903
5572
209
686
238
2179
2574
6811
7443
6753
6000
2304
4481
7921
1243
2354
850
3795
5693
1273
4756
4248
5768
3952
7446
3219
3717
517
1427
1721
3120
3021
4342
4874
1029
5107
3659
2376
731
783
7070
5077
7546
3381
1453
6758
5168
3184
255
6706
1619
8188
5599
5799
2121
1468
1426
2596
4061
7127
3550
941
7446
7276
5029
3947
5412
214
8106
3305
6726
7915
7314
7430
5157
7821
6031
1270
522
7116
5569
922
314
2627
5756
2073
7405
5629
1502
94
3880
6519
3401
6337
2692
4121
5368
656
2748
4578
3351
8103
3860
2975
17
7921
706
8137
288
4136
7785
269
2111
1060
3952
5774
1347
3403
7070
14
3068
6519
3171
3068
4475
1690
5880
6757
3558
6608
4955
3170
7903
3232
785
703
7539
7645
5686
709
2516
5324
4755
1567
8188
1273
4844
3101
7667
6112
2777
6395
5013
7373
6186
170
5536
1273
1427
1624
685
2062
1205
4835
2961
5031
731
2378
5371
631
6473
1850
3109
214
819
4419
7763
5195
3896
3992
1587
2051
8188
6482
2338
7308
6002
4120
250
2837
5239
6315
6969
7441
14
5324
5127
3973
6940
5798
4809
3524
785
4498
803
1808
6578
33
2889
1359
1622
1030
5309
437
308
6902
7526
5935
4673
825
7684
6519
5618
1577
2791
7752
1425
5750
3477
568
4435
3501
4909
4301
1458
5567
7136
7910
7313
2931
722
3398
2003
4473
6233
437
6661
3816
5611
2586
7074
7163
2331
8143
2135
842
1488
568
764
3867
4644
3253
2835
5029
396
811
6167
4238
5752
7503
2727
4119
4182
5600
1898
2122
8003
916
2901
374
6020
6148
5899
5033
4594
2133
7280
1860
474
2777
5450
4372
4345
825
3317
310
2257
3526
6377
5782
491
5430
8151
4136
4619
7803
7131
2638
4683
860
1042
686
1301
6795
819
340
1077
2900
7763
4664
3844
6520
3253
4004
4243
2549
7602
2756
2110
4743
2567
6204
5545
8138
1137
4998
4178
8020
5807
182
7812
1624
3582
2792
6832
1386
7468
1427
5774
767
5090
7763
7373
1021
87
4452
6377
2833
4175
1030
5715
1284
2677
4998
4375
2863
2600
6500
6105
5644
1206
1427
1273
6519
3208
7049
3959
7308
5361
2054
329
7150
6652
922
2577
1631
1805
68
747
2836
643
5384
899
6233
3586
6664
3592
924
2640
3602
3668
7380
5252
3698
5963
3438
517
7946
1291
3526
7237
2407
500
6297
67
1623
6414
744
8021
4542
2339
1631
521
4718
4368
358
5161
825
3761
1581
6181
1834
7063
7629
7827
3458
6315
7651
6282
3232
138
2856
1182
188
6948
450
6248
5954
383
5928
272
5997
5535
211
998
260
1698
7941
2254
4031
8092
3612
501
2720
5492
2764
6703
5778
7978
4819
4718
1593
3642
2496
3029
2211
3253
2605
6885
591
215
5470
6974
6503
1281
5511
1819
3575
5650
3774
171
1138
2398
2586
5365
1279
2443
3682
5335
4202
920
5113
5019
4639
2979
106
7725
1224
7704
113
6031
3325
4365
4609
1447
4148
1100
5667
6892
4149
1284
55
3765
7892
5831
7596
1579
3068
4568
2916
5945
4594
559
3867
1224
811
1488
1439
5086
568
1322
3249
7218
5997
7116
3226
4088
1029
744
3024
6452
7425
4618
35
6437
1926
7790
1313
4935
3260
14
5292
7033
1971
6760
7872
2277
6535
1776
3986
8
3381
3674
5013
1634
3124
4202
2465
6692
870
845
5408
5168
6877
3551
4766
5273
695
5489
1393
5536
5693
1620
5893
2840
5354
84
5201
5517
1439
2632
686
6974
7780
1527
2676
3427
5778
1483
3326
2892
5146
8111
5746
3849
3568
4818
2968
649
4881
4112
1748
6320
4594
1748
5043
1093
8127
6246
4662
5984
2446
2535
5720
4222
3002
3271
1852
6937
167
393
6320
7688
772
5820
1248
5079
2603
3721
6393
45
517
3533
3572
783
4319
783
1633
7213
5777
5374
5985
6828
2289
3322
3481
5073
8044
6846
5149
5662
5856
2639
6292
7945
1821
1593
2938
441
5403
7607
6661
3526
2309
1621
5750
6954
4139
5019
3959
4718
7570
39
5561
4007
7419
4716
3483
5010
2465
2311
7911
8023
7162
1039
1774
4518
2056
5447
7192
6979
3527
1429
7984
14
1331
1380
5244
2089
2570
6902
4507
6590
1364
1834
3038
7205
7223
7828
5909
6271
907
3679
5434
3299
3933
7836
7921
4239
5499
1205
1830
6384
2418
2756
2958
7419
480
4253
2411
4644
7434
4223
3584
2202
6139
1680
6227
7419
2835
437
14
783
783
1508
3576
2118
1775
502
8
6409
6569
12
4449
2407
1721
7180
1698
851
740
2861
6545
4789
2676
2496
5643
3621
6799
5412
215
5982
491
4475
7901
2934
5244
2489
7452
2422
7885
5909
1818
5881
6082
176
5552
3911
6995
2650
2851
5079
1579
1776
3549
1686
5129
870
1238
4465
4609
7049
7240
7093
6327
7399
389
5960
1925
4588
6227
845
3969
1275
4265
4780
2513
6818
2400
7934
6060
6510
