0
0
0
9
4
1
0
2
9
1
0
0
0
0
0
0
0
6
0
0
0
1
0
1
0
0
0
2
0
0
3
0
0
0
0
0
0
0
0
0
0
0
0
0
0
0
0
0
0
0
0
0
0
1
0
0
0
1
0
0
0
2
0
0
1
0
2
0
0
0
0
0
0
0
0
0
0
0
0
0
0
2
1
1
0
0
0
0
0
0
0
2
0
0
0
1
7
0
0
0
0
0
0
0
19
0
0
6
4
7
0
0
0
0
0
0
0
0
1
4
1
1
9
3
0
1
0
2
1
1
1
0
2
0
2
0
10
1
1
1
0
0
1
0
0
2
1
0
2
0
0
0
0
0
1
0
1
0
0
0
0
0
0
0
0
0
0
0
1
2
0
0
0
1
1
2
0
0
0
1
2
0
0
1
0
0
0
0
0
2
0
6
0
0
0
0
0
0
0
0
0
0
0
0
8
9
6
2
2
14
22
2
4
6
4
0
4
23
0
0
1
11
0
0
1
4
1
0
0
1
0
1
0
0
0
0
0
0
0
0
0
0
0
0
0
0
0
0
0
0
0
0
0
10
0
0
2085
6867
912
703
4919
6800
4663
1117
1260
1078
578
532
3843
7949
2091
3521
5921
1871
3311
7654
7975
1582
60
6214
251
2846
607
2249
6551
2488
1329
4875
1086
935
4531
569
6777
5027
1501
483
5526
7989
5923
5904
7443
2095
5303
4875
6604
4313
5974
1368
7075
6837
7334
738
7487
5327
4772
5188
4671
3973
2627
7824
2717
7104
7960
6133
1099
1625
6281
432
2502
4644
3658
684
2854
2897
7170
7170
207
7830
4028
792
7224
6855
1203
5404
3736
3926
3817
6500
3577
5364
3904
1691
1451
327
77
6848
1074
6145
5392
88
7015
2109
6962
4362
4892
7850
767
5990
1648
467
1215
645
5257
5841
3752
5177
6587
1372
1990
7925
3494
7584
8071
7827
4855
5302
2938
4584
6685
7282
2007
7309
7382
6955
6605
762
4955
5729
4401
7280
1208
7902
1964
485
175
6938
4700
5682
1354
405
5657
5618
4751
2148
5389
1229
2900
2769
4280
2858
6269
4890
7608
7036
6773
1935
1269
4922
5449
3068
4862
467
7592
3834
6969
4756
316
8050
4617
4248
1570
3133
4090
3417
1235
6476
1749
3258
4300
1509
5169
1625
4960
3243
3417
2013
3148
5948
1930
503
4607
4262
175
3328
1743
4872
347
2015
3059
7150
4121
6095
7088
6431
7681
5907
2985
8030
2816
7192
5200
4960
7005
5052
4144
6278
2444
1042
6452
3043
6615
2161
1321
2870
5908
7150
2055
929
3044
5172
6669
1648
183
3722
1220
5506
6428
2858
162
7959
2157
762
5234
6406
7860
2247
6825
5782
3693
5709
8052
7796
3208
4049
333
6775
2817
1940
5035
1718
4947
8154
7889
1396
1929
7040
5447
7091
4724
2627
1781
5327
5004
5301
7987
6745
812
1759
5609
4642
7929
4651
2995
3890
5227
6698
2405
33
4529
5367
467
6822
6438
329
7729
6652
6288
6632
4861
2898
4731
1402
5180
5327
2818
5817
1761
1707
5765
3502
5251
5347
6585
535
5075
2733
4322
7420
7807
8061
6872
4547
6208
5628
3099
913
4683
919
6715
7506
4388
8020
6211
7395
6935
6381
8054
516
689
6411
2068
6856
4619
3371
4347
3503
3170
5347
7603
3378
7924
3428
4540
571
6391
5675
6450
2578
5821
2311
2494
1782
6476
4862
6998
1781
3775
5972
1865
7537
7859
7741
3185
4423
56
3647
2333
6116
2671
857
6303
6659
4209
2753
5380
4259
3191
731
5982
6780
2897
6316
4149
3058
1008
806
4169
1914
6154
2042
6568
7184
4158
5803
996
6192
4025
7151
4679
2165
3085
7454
8046
3503
174
6869
7038
5710
4784
2639
3691
805
5708
6145
6862
4746
5486
4019
971
4038
4409
6719
1143
7576
6157
6666
7211
7815
6267
7821
5482
3899
7101
6124
4874
2167
921
2675
3832
3860
1613
693
6214
752
2276
578
7177
2173
406
291
3309
339
8138
868
4127
2320
4323
5028
3530
5557
6286
3892
2544
3361
4925
3533
2413
829
1241
2837
4266
395
3176
1398
4346
6172
603
844
4313
2214
3352
1036
696
220
5243
1648
2493
6768
7533
7487
455
659
674
6514
7491
7588
3453
6886
3651
5448
4050
1834
1269
7314
4562
7294
7297
7431
2858
6896
4430
7491
868
7985
2011
2893
7719
5941
4854
5491
3548
7363
474
3868
7435
1880
3997
6548
4202
2532
7365
6535
6193
7089
89
2448
7162
2686
3022
32
3441
7648
249
7985
6504
5407
2754
571
1747
6669
398
1179
1144
1841
7708
602
2397
7093
4129
1277
6686
1706
7347
1917
3223
1364
4874
2561
5535
1077
6789
7024
1043
6327
2772
7564
2420
4028
5990
4604
4881
1091
2848
1722
1595
6761
182
2354
4551
3544
1004
5752
1658
7209
764
5766
7795
7484
3646
4101
886
527
4731
2838
6444
7769
224
6163
359
7042
5946
7604
6636
5347
40
4433
2977
1224
3606
7773
3947
4820
4153
852
6331
5984
6395
3913
1360
7704
1210
1784
2066
4266
2603
5419
1880
2375
5686
3122
5752
6452
1722
4664
4664
4756
108
7889
7562
2199
7107
834
259
5322
1417
6946
7889
5742
4800
2431
3572
5074
7002
3063
7651
3385
6994
5903
5801
4634
4648
2314
7478
4891
2295
6777
109
1689
5941
6389
547
5298
1176
323
450
3647
4508
7729
175
4227
2692
8071
5120
298
2577
4708
920
4450
4509
4998
4914
3693
4577
7503
3886
5367
4211
1950
1771
1337
4947
6566
500
6979
6243
3903
6882
3974
5592
6748
2935
2135
7003
767
7150
4570
2816
4092
4234
7537
7721
7373
1037
7336
3957
6129
2182
2654
6642
2537
5941
1648
3705
5004
6590
1441
3244
3963
6423
6207
4709
5169
614
5099
5332
6946
3341
3629
212
6266
3152
7475
901
6357
8091
1677
3644
3402
4442
8094
1281
3328
1205
5806
3680
6059
4038
2127
3406
3328
175
1718
3453
1783
2954
4106
3679
6197
5990
6473
5408
3238
6233
3174
4700
3775
7903
7989
4367
2509
5147
4372
3098
5255
2683
4885
6842
5255
3549
764
7893
2399
7358
7380
8138
5987
7373
999
4028
7719
4243
764
7726
6357
7396
2751
17
2631
3188
2496
4269
2098
5227
4700
6480
1853
2980
7523
5627
3406
456
353
2586
7202
485
1619
3244
5174
4820
5993
7003
362
6552
4580
4142
3284
2150
4927
2560
6980
5768
4763
7096
4489
2840
8065
5655
882
3811
4937
2895
3152
1441
1489
4870
5314
6337
5990
898
1021
485
1417
1771
4547
7253
6457
2192
3631
8117
5064
4710
937
773
7881
7640
142
4896
6565
5332
3002
2572
1627
5533
3666
4970
2577
7886
5495
1731
1648
4947
175
6541
6423
767
3377
5700
6206
6855
3150
446
5611
4399
980
4147
1260
3886
5354
522
3001
2608
6415
2830
1368
2234
986
203
3620
1587
1664
3713
4015
580
316
7096
7833
5995
3521
2093
5134
4252
3087
6538
6530
5204
7717
7431
753
3542
1273
7798
7431
764
2374
5781
6641
1693
4174
1104
7034
2051
7108
6901
5621
7260
6486
5023
233
3800
2842
5956
771
7703
1781
5152
4167
3315
1676
3440
4379
6787
5911
2339
6334
4641
6151
1557
3231
5907
3829
