0
0
0
10
1
0
0
3
8
2
0
1
0
2
0
0
0
1
0
0
0
5
0
1
0
0
2
2
0
0
1
1
0
0
0
0
0
0
0
0
0
0
0
0
0
0
0
0
0
0
0
0
0
0
2
0
0
0
0
0
0
0
0
0
1
0
0
0
0
0
0
0
0
0
0
0
0
2
0
0
0
0
0
0
0
0
0
0
0
0
1
2
0
0
0
0
7
0
0
1
0
0
0
0
24
1
0
12
5
6
0
0
0
0
0
4
4
0
0
1
0
0
6
1
0
0
0
2
1
0
0
3
0
2
1
0
9
1
0
0
0
0
0
0
0
1
0
1
0
1
0
0
0
0
0
0
0
0
0
0
2
0
0
0
0
0
0
0
1
0
0
0
1
0
0
0
0
0
0
0
0
0
0
0
0
0
0
0
0
4
0
8
0
0
0
0
0
1
0
0
0
0
0
0
12
7
8
5
5
13
25
4
2
0
4
3
2
26
0
0
0
10
0
0
0
1
1
0
0
1
0
2
0
0
0
0
0
0
0
0
0
0
0
0
0
0
0
0
0
0
0
0
0
10
0
0
390
3886
7882
825
2196
7620
6291
5853
7570
763
2838
5086
2010
3214
3963
2658
3140
3479
4342
3494
3184
2074
7373
1206
7857
6333
4891
4196
5842
4460
1718
2330
5292
4788
6346
2716
6248
4172
2471
1213
2967
6289
3288
6513
4827
571
5667
6653
3219
5667
2627
536
6271
4497
1216
4891
5946
3691
5941
4460
1101
5842
3987
4578
4020
1285
36
1817
8107
5764
6886
4358
4662
5242
307
7599
4624
636
1101
7083
7981
6333
5667
6653
1852
1919
1350
206
6333
4884
1718
6160
6653
7677
4291
568
4385
7284
2613
62
3473
6290
3873
5429
7853
6205
4940
7766
1911
571
5667
3341
1359
4884
4460
3963
8122
7011
4291
7279
4460
1101
8098
7150
1255
1209
5874
2464
6783
2970
3280
1589
3092
1253
69
2556
5443
3500
7768
571
6191
111
767
329
6443
1101
4196
316
1059
2459
5896
5764
7005
1644
7083
5946
2003
440
7887
4353
1117
7891
640
4330
6474
8080
2684
7155
4965
1039
3219
2324
5667
5754
1718
3880
1718
4884
485
4884
2627
7682
7803
6014
625
5408
1731
1101
3219
266
7518
6262
2137
1955
6987
6521
5092
2234
6248
3885
5896
7713
1731
6333
7003
1611
4891
1722
1101
4196
6197
4844
3987
3895
7713
1731
935
3401
3219
2614
6066
2907
4291
369
3280
7924
1433
3049
8124
5069
3081
5479
2605
3582
1731
207
7159
3139
4891
1101
1718
1681
6541
6322
1115
6197
5946
7719
6225
903
2397
6172
988
7049
7872
7901
5915
642
5871
5230
7074
6541
3187
3880
6787
8031
7946
2627
4655
2931
5522
4756
7766
1359
1283
98
1747
302
6333
4460
7083
7905
302
3140
7446
8168
8168
2995
7384
7844
3458
4756
357
1205
5618
316
485
3643
4398
973
2529
2054
4350
2500
981
1731
3021
4745
1812
2083
767
6816
606
1611
5946
2614
1644
7946
2946
1590
938
7213
2614
6745
467
4428
6333
6333
3675
3372
6790
316
8014
6104
6827
5470
2244
4094
3208
7159
269
481
6150
7922
1101
302
767
6574
8098
152
5770
7798
4240
4508
1206
1223
1718
6207
4884
3948
3691
6669
7276
6787
6148
5756
5239
7074
5846
1209
4419
6661
6060
5873
6930
3372
767
1359
8098
1718
357
7083
8122
6791
6990
3826
4891
1731
5907
1722
3880
7863
3187
3866
1922
4844
5450
7468
4673
7406
6906
1744
2056
5846
3346
3457
1812
1101
5908
3879
1206
6333
6333
4947
7411
7229
615
6593
5634
5941
1718
4473
3131
6191
2614
4614
3586
6746
6661
3941
1053
4345
1965
1799
705
5601
1053
5682
3645
3604
1731
4460
7159
1125
4460
1718
508
3959
6188
743
3479
207
207
4884
207
5946
1718
5346
6660
1613
572
6087
6152
5382
6039
6377
1308
695
2296
5255
3558
4401
1101
4884
6333
8050
1283
1182
6973
3835
693
4738
6787
3140
316
3698
467
3235
3880
1407
1513
5520
2133
7039
5514
4464
7826
8186
3364
4239
4114
3675
2627
1059
3691
316
3109
5946
5967
1279
657
4340
625
1667
7575
5345
3963
1099
7127
605
5532
7645
5398
6519
1151
3916
6317
1856
3144
1830
4753
7213
3770
7376
183
7308
171
5245
3219
7677
5224
5805
568
5214
6571
4232
1576
7924
1718
2614
8050
207
3131
1708
1393
437
3494
5963
580
2192
2509
5896
3433
7113
400
5239
3327
6493
1041
3879
8031
3136
4340
4735
348
8025
5608
7135
4478
5715
1635
2627
1101
5667
467
4968
2135
3427
3619
3526
7522
2295
1337
6950
7199
1451
1351
1442
4508
6757
4248
4042
3059
4017
6438
201
2784
7718
202
202
5272
1709
3209
2596
7713
4844
5474
516
6148
1860
1037
398
1390
1224
6398
7448
7651
5230
460
902
6148
4683
8050
316
172
4737
6290
2313
5393
3581
202
4419
5434
6450
7324
7570
7658
4947
5569
5792
2160
41
6958
3059
1468
3219
1184
4854
7736
3577
2817
860
5935
5667
1718
6669
4138
1155
5000
5672
6686
4419
35
1939
7979
4040
1316
7061
4764
1543
3952
6816
5667
638
2240
5272
2764
4988
1892
467
1205
5951
7713
2324
1059
5916
3880
605
1933
4609
4237
4820
5306
5756
1878
433
746
6660
2130
6332
4891
1718
1099
8050
6197
605
1250
6052
4533
4094
4683
3613
7793
1622
4730
3219
316
5667
8050
4683
6322
7901
2907
1715
5003
3544
5734
1478
1155
2629
3212
7269
3479
4460
4460
4460
1205
7045
1101
1622
5124
5774
6841
6287
2472
2614
7159
316
4947
767
111
2086
3490
1464
5653
3019
1848
4021
5742
1736
4007
7344
6776
5511
767
5946
4428
8050
1718
7083
5946
7358
3109
7159
4683
5028
4042
8050
3675
5946
7864
4947
1101
5667
6174
2777
4609
6583
3768
1855
605
932
6756
370
4308
1970
4547
3081
207
4460
329
1922
207
5667
316
8050
3691
2627
5667
7159
4909
1681
3219
7137
645
4884
7502
5785
2271
1836
8004
5096
767
4333
3560
37
5332
2603
49
1747
1206
4891
4947
767
6148
2052
1101
8050
1644
2073
5466
6197
4460
6333
467
3131
1722
2324
1416
4722
6677
1319
3196
1951
2399
4947
5704
1129
4172
6451
2614
6816
2295
7308
6574
1101
5667
2122
1731
5323
2472
5500
7000
302
6197
2840
4884
1731
1283
1718
4648
6371
3600
721
4809
907
3930
2086
6534
5160
4053
5764
5347
3372
1673
1206
68
1101
3930
4356
7803
6336
3862
869
3707
402
5667
1101
5946
207
4683
6745
6322
6002
2227
2934
5288
2411
4946
767
3372
1718
3415
2544
7234
672
4547
1206
7082
7478
4655
3389
1699
7497
390
6552
6583
4172
3473
1816
1644
4947
4947
2083
3879
3438
1938
6868
3207
2907
3160
3866
316
316
1283
3372
6322
140
4251
6336
5155
7844
6434
3221
5907
5366
51
2658
3104
5086
2289
2716
5024
3168
4655
5124
4184
5427
3740
7236
5579
2271
7083
1695
2052
1718
3372
3372
1922
1140
5126
1155
5874
2596
6757
1718
316
645
4042
7150
1352
729
5583
248
6395
7915
5687
472
5730
5945
3414
109
1576
5412
