0
0
0
11
0
8
0
2
10
1
0
0
1
1
0
0
0
2
0
0
0
1
0
0
0
0
1
7
0
0
1
0
0
0
0
0
0
0
0
0
0
0
0
0
0
0
0
0
0
0
0
0
0
0
0
1
0
0
0
0
0
2
0
0
0
0
0
0
0
1
0
1
0
0
0
0
0
1
0
0
0
0
0
0
0
0
0
0
0
1
0
0
0
0
0
0
6
0
0
0
0
0
0
0
24
0
0
14
6
5
0
0
0
0
0
6
1
0
1
0
2
1
6
1
0
1
0
0
0
0
0
3
0
1
2
0
3
0
1
0
0
0
0
0
0
2
0
0
0
0
0
1
0
0
0
1
0
0
0
0
2
0
1
0
0
1
0
0
0
0
0
0
1
0
0
0
0
0
0
0
0
0
0
0
0
0
0
1
0
7
0
8
0
0
0
0
0
0
0
0
0
0
0
0
15
9
8
7
3
4
23
2
2
5
2
2
1
21
1
1
0
10
0
0
0
2
0
0
0
1
1
0
0
0
0
0
0
0
0
0
0
0
0
0
0
0
0
0
0
0
0
0
0
10
0
0
7667
4549
7119
4541
70
3385
3335
5260
1220
587
4581
4350
3897
7591
3177
8133
7591
3420
5189
6075
951
2214
7945
4539
5815
3179
6274
1422
5749
8116
8096
944
5277
3825
6483
7199
125
3924
2817
5390
5825
5396
4529
7537
947
1997
3535
2053
7193
5254
7874
1017
1253
3367
681
1778
566
1643
7725
6025
275
3882
4543
3293
4020
3301
208
5688
2249
915
3720
7034
6560
1500
1093
2804
3662
2930
7439
834
4673
5542
6822
7262
3361
5810
8066
3924
5236
1512
3960
6413
4347
4741
2327
7369
2212
3424
5122
6615
5119
4615
4570
1554
1570
1495
4436
2517
267
512
6074
2930
6312
7914
4230
2498
7359
6849
4625
2413
1653
4608
2622
6350
1336
3553
6088
179
7436
4344
1848
1629
7489
5659
6695
3649
7340
7410
5749
2005
1649
361
3044
1372
817
3674
173
3060
4807
2673
3245
4556
1641
6002
1864
77
4034
2764
4529
689
2813
1312
4807
1903
720
6615
6305
6496
4719
6672
651
4926
148
2430
165
1661
4181
1017
4422
2336
4792
5177
6171
6330
4127
6650
4002
3177
7143
885
1362
7432
6367
3553
7380
4325
3435
629
3066
580
4282
1997
2941
263
5012
2653
581
8191
4996
1321
4857
4873
3290
4962
7935
7067
8066
681
3751
4038
6371
1543
5652
423
788
6005
7956
7051
8016
2143
1846
4972
269
7005
2916
7188
5177
4311
1248
2954
1085
5243
5257
7812
572
5591
7106
2375
650
5024
6262
96
1543
2001
24
7303
1513
3821
4694
4742
5587
5869
6757
2600
1427
269
5365
542
2757
4610
1145
4961
152
8083
447
4844
6156
3609
2408
113
6035
3433
2137
2129
545
4830
5413
1129
4595
563
937
6645
4608
2829
4929
1758
6653
7448
571
347
3691
3563
1412
68
6429
5724
941
1644
5793
3119
1219
6009
1048
4796
7902
520
2283
4273
3639
4049
5994
4410
7961
2227
702
7699
5703
2735
2571
3930
8098
3880
1567
2331
3963
3187
219
2215
3372
1722
7067
7573
5463
7575
857
7011
1880
3249
7911
5228
6247
749
1520
6926
2781
1314
7759
4597
2940
7423
6748
2619
3208
4435
3122
6282
6745
4679
5314
514
1377
1964
7290
4581
5119
2716
1129
7755
7717
6015
1670
735
1430
1351
6149
2146
5170
4986
4746
3883
1914
7728
6300
4664
3001
4214
7297
7534
3963
685
7131
5019
4863
7836
4898
7492
1452
2716
1522
4521
7507
7606
6487
807
6583
2115
7744
3355
1715
4608
3807
817
7068
379
5597
4611
7716
2496
4319
6041
5071
5572
7800
2059
2397
7264
1438
2922
5531
2194
4830
1958
3056
5393
2591
7915
7384
7201
4895
3172
4703
7587
7369
229
2319
7068
2818
7772
7695
3594
2446
1177
3308
3067
2520
1567
6333
4855
7156
3288
3676
2006
109
4634
4641
3435
3492
869
39
5334
6138
1806
3324
5417
7887
3479
5873
5916
5049
2792
2614
2837
4920
1219
4450
5245
2135
2420
2989
3866
2368
6672
1356
4521
7078
4356
3894
6612
1874
6637
8066
6344
5263
583
2265
3700
2011
7005
6930
839
8164
7830
7448
1377
1031
3916
2975
6183
2040
1717
3208
6757
3940
3836
7074
5173
4209
2766
1235
60
7296
1947
996
5463
5805
7040
3030
1145
6757
2818
781
6840
2386
1782
3770
4949
2184
395
1641
3307
948
5893
5041
3081
4223
3439
5373
3263
6199
3812
7957
5374
272
2515
5752
6672
1556
551
4947
7729
856
4868
1528
5379
7604
2192
5886
6967
1938
4904
3348
4869
7666
6094
2145
5470
6429
4624
2583
882
1873
3517
6199
1090
980
5921
1740
5915
3620
2386
7743
3940
379
4108
3150
3846
6025
7006
2856
2446
5022
6709
6335
1789
4861
2485
6337
4042
4756
3372
2785
3843
7466
4077
5468
4489
4412
4792
6508
6395
3481
1673
6231
2382
6747
6957
2641
3479
3629
4683
7414
3778
3043
4861
557
3632
7159
1069
3219
5774
4537
580
6304
1741
2544
3212
4374
5264
6650
959
3259
3358
3252
2123
7094
4464
7237
5537
3886
7903
7382
2874
758
1644
6816
225
6150
1377
1914
4983
7713
1718
1718
6282
2977
6193
7056
418
3171
4310
7056
5273
7061
4545
5249
1806
5745
5594
7229
2317
2425
2034
6146
7249
4042
2638
2129
4214
6748
3558
1487
4933
1468
6070
1070
1688
7269
6238
5079
2916
6569
2630
5427
6521
7886
3259
7188
2352
3786
3233
639
4497
1885
6583
7188
2362
4983
2652
6225
4664
2568
3287
2406
2803
6602
3236
295
2372
4632
4727
2782
5277
4737
4700
4793
6306
2850
1785
6620
8135
7952
7565
5431
44
6851
1946
3984
1687
953
6191
7763
6156
5870
6005
2328
1452
8105
1715
5135
6275
1715
2945
6896
4605
390
7119
19
6923
2136
1181
5443
1055
818
1632
3958
1841
834
7235
5203
2959
5017
6757
6225
6556
5718
2371
2160
1191
1010
4367
7463
4694
5943
6622
6475
2771
5288
8004
3565
4269
5543
1825
1940
3532
6555
4046
5442
8163
2673
2764
1322
68
4946
7297
7706
7578
2765
5866
445
2609
4546
1097
3507
443
3981
1272
4493
2816
4314
1464
6122
6655
3699
1786
6582
2709
4928
3969
2128
497
6397
4461
6404
7768
7434
1260
393
5300
5593
3310
3319
1797
639
1649
7656
1495
642
7189
5807
1902
1505
5495
4798
2313
3694
1252
3598
3081
4298
7854
614
2996
5852
4728
667
2996
1728
8120
5680
2511
2721
3133
1056
4950
2930
5749
2024
1475
6815
7502
2079
3833
4786
2684
1017
2786
6620
6790
4052
5273
1513
3907
7318
2204
1371
8102
7598
2696
2249
4941
1946
5175
4107
2702
6281
3420
1505
3648
1479
6293
6560
381
2307
6603
6372
7106
2117
875
4728
3267
7219
3938
4519
621
7436
637
5443
692
1031
6063
305
6110
1697
7219
3297
1764
6882
7505
5006
134
5538
5671
315
1577
1980
6343
246
7481
7281
2574
4369
2312
5167
7977
4131
2115
3441
2345
1876
1014
5283
1765
7203
4487
2757
3663
7965
4907
6464
8085
4790
2726
3179
7908
2383
5718
2793
6475
1795
2564
7138
3571
1600
2832
