0
0
0
9
1
0
0
2
10
1
0
0
2
0
0
0
0
9
0
0
0
2
0
0
0
0
1
4
0
0
1
0
0
0
0
0
0
0
0
0
0
0
0
0
0
0
0
0
0
0
0
0
0
0
0
1
0
1
0
0
0
1
0
0
2
0
0
0
0
0
0
1
0
0
0
0
0
2
0
1
1
0
0
0
0
0
0
0
0
1
0
0
0
1
0
1
9
0
0
0
0
0
0
0
22
0
0
10
7
5
0
0
0
0
0
0
2
0
2
0
4
2
4
1
0
2
1
0
0
1
0
0
1
1
2
0
10
2
2
2
0
0
2
0
1
1
0
0
2
0
1
0
0
0
0
1
0
1
0
2
0
0
1
2
1
2
0
0
1
0
0
0
0
0
1
1
0
1
1
0
0
0
0
0
0
0
0
0
0
6
0
6
0
0
0
1
1
0
0
0
0
0
0
0
11
8
7
2
1
14
23
5
1
4
2
0
3
31
1
1
0
10
0
0
0
3
0
1
0
1
0
3
0
0
0
0
0
0
0
0
0
0
0
0
0
0
0
0
0
0
0
0
0
10
0
0
6101
6827
8040
2223
2875
1870
5853
6443
1648
5107
7584
1050
1729
6207
2139
4497
5719
1981
745
7528
7998
7694
6955
199
4759
3789
6844
3639
2753
4853
3241
1770
3734
5519
451
2508
5184
4816
7837
7062
5941
5775
7075
7074
5875
6870
4181
3898
7203
1144
5518
3055
6487
3817
1304
6437
272
4634
3358
2268
2826
6369
3050
7097
4426
2805
7425
3840
1648
3705
6337
2936
7219
925
3691
485
2269
3070
5407
231
4036
7245
7696
3193
1955
2669
2185
5704
2294
1216
4631
2883
1047
7559
5504
2531
2907
5043
7739
7293
7834
6698
8050
6574
2714
7795
7570
6823
4071
5307
2208
902
2702
71
5333
2158
5075
6035
4772
2187
3565
7095
4082
5243
1362
1924
3384
1230
3356
6194
6036
2434
3763
2275
6411
4756
3550
1731
5321
3570
6389
7793
2340
7107
6343
661
4633
6287
5424
4156
6621
6274
6695
2566
2789
6077
2672
7287
5555
3762
1992
4218
41
7215
233
2383
5185
2267
1393
2055
3219
2143
4827
398
5004
6648
5274
8052
3442
910
3590
7638
3278
1938
2091
7693
4402
5492
174
36
1734
4694
762
895
3649
2572
1171
6403
4329
678
3952
449
2405
3828
2399
1101
416
207
1249
5300
6676
3373
1761
5721
7538
609
443
3255
7605
6407
5973
3995
2583
2347
3091
7172
3387
2458
5653
2295
5573
1624
2658
4796
747
6737
2274
7820
6462
5875
3550
7840
2037
6211
7864
2414
237
7656
7137
4041
5304
7612
3732
1235
1290
6095
2277
2573
1345
824
5604
5534
243
2692
6295
3849
6124
1446
3755
6105
602
3644
7187
1633
1894
1167
5649
3584
4478
3324
1761
51
4178
5515
7373
7894
7704
5035
387
2733
2394
5983
7371
4825
1542
3317
1084
2765
5308
3208
7481
1093
955
4810
3203
1601
4387
4830
6350
4642
6431
144
1314
634
262
5506
1794
5175
1282
4294
4336
3511
4720
956
325
6672
636
2370
2735
3190
6656
2631
773
8003
8124
6416
487
6125
7325
6808
5847
7541
4786
5284
2950
377
3764
5917
3196
6914
6187
835
824
7113
4702
541
3923
3140
4129
7636
7213
5581
4709
3826
7135
3732
934
7326
6158
3802
5409
7271
3973
7897
5692
6869
2789
5802
5587
6361
2831
2868
2109
3492
8052
2746
4490
6971
6568
6315
571
3700
3140
4845
2520
955
1561
3134
6955
745
205
2055
6423
6423
2055
4994
7949
562
4721
4714
4390
924
82
2749
1230
7029
5986
3566
5763
831
4540
4845
5622
4245
2803
3438
4968
2993
6694
5021
7254
78
1605
7058
5990
175
7719
4664
6207
175
4591
3613
7079
5314
1464
6238
7520
4525
6982
5550
5017
5138
7812
969
3140
2633
3022
2364
5950
6760
5372
137
5325
927
3957
2247
349
6429
1953
1729
645
567
2580
3219
3372
1668
462
1019
2525
4856
1390
377
1636
6464
3930
782
5504
5730
4837
4633
6550
7869
8174
258
4850
6381
317
930
7406
5599
4762
7083
4756
3610
6857
5990
7719
1793
683
372
868
8141
2875
4395
6487
673
5749
7946
937
6482
4408
1086
4919
6991
5873
6782
3251
3842
7090
3092
8116
7971
7202
572
1917
2042
6382
485
6423
4227
5935
970
1056
1286
5367
5346
7357
194
60
4574
200
4541
2065
7287
1812
6551
1571
6869
5829
6391
1422
6775
1029
1718
3001
4809
705
6124
840
2055
6333
5724
2247
275
935
1512
2643
1202
501
7171
5710
1862
7607
4330
6063
7314
8095
678
7411
1492
2022
6760
7533
1046
6483
6748
3960
1472
7154
1062
7981
1648
7487
1648
645
5256
5014
4783
4931
663
7894
1699
7997
7110
4685
1941
1847
3479
1628
3624
2709
3609
3621
4155
6329
2353
7108
1673
4058
4397
3851
1876
187
1624
5768
1101
922
8077
3681
1148
7276
4317
5045
8160
3167
4885
6187
5664
594
1006
7362
2422
808
7395
1023
7676
5829
3952
1812
7719
485
5857
7534
545
5075
1617
3927
870
5415
767
1269
5923
1847
1908
5095
4255
5292
7537
6928
425
3990
7216
4070
4538
2487
675
8013
6464
7830
4121
2353
7719
5990
2445
7745
7753
5364
1440
5871
5904
6946
1648
6429
861
3208
5533
320
2868
726
1063
5003
3331
8138
796
727
7785
1979
2498
5236
3952
718
1023
727
6652
5990
3091
7213
207
6679
3162
7782
2399
6197
175
3219
3752
906
7053
7013
1104
3870
2077
6985
4624
7138
432
6547
5596
4984
6433
7812
3647
4289
1643
7296
6124
1767
316
3219
969
2898
5705
1377
175
7889
8050
1101
119
3167
7333
7716
7756
3504
3673
6163
4805
6139
5077
4824
36
1077
3999
2933
4695
6398
6602
2723
5374
5290
4256
6429
580
207
5686
4977
499
4547
3941
5235
5259
4011
1978
4641
4672
6958
731
7479
7344
6268
594
7518
7594
5717
7946
7928
471
2054
7446
8069
1343
1255
5599
1160
5902
832
6157
4891
1417
5469
5164
4665
3752
28
4639
4007
7435
4115
2798
6510
5182
4410
4621
2854
3882
5659
7972
5320
4756
4101
207
6571
567
922
4329
6877
3335
1500
5478
64
4227
645
1729
4829
6273
343
2112
7618
3185
219
8048
6335
574
7196
389
2252
2277
2022
5338
1160
6565
3022
922
6914
7205
3736
6896
3430
1898
1254
7704
5044
4291
6423
485
1634
1714
234
4340
756
5850
7522
1875
6087
6579
3571
6059
5675
4400
1440
1424
2800
2515
3983
5344
6605
1000
505
1826
6906
3717
2149
5553
6843
1081
571
7628
3754
6323
271
7234
7405
1686
7116
6170
8151
4366
1748
1164
3661
6830
335
4726
6044
1123
594
6066
48
6600
2897
6861
6418
1212
7438
6158
5817
4785
3060
7724
6486
4611
4698
2430
6219
5569
4727
5987
1195
908
2027
5601
2482
3415
1039
4683
1289
2520
5943
7766
663
1796
2610
6589
5671
3565
6966
5464
5379
1348
7888
5559
1535
3645
3060
885
7938
1999
2465
4442
4340
6563
7236
3585
5418
5450
5754
793
2022
718
566
4992
531
5985
6244
4906
6988
1789
7945
7852
3403
5465
1697
471
3168
480
