0
0
0
9
0
3
0
1
9
1
0
0
1
2
0
0
2
1
0
0
0
2
7
1
0
0
0
1
0
0
1
0
0
0
0
2
0
0
1
0
0
0
0
0
0
0
0
0
0
0
0
0
0
2
2
1
1
0
0
0
0
0
0
0
2
1
0
1
0
0
0
0
0
0
1
0
0
0
0
0
0
0
0
0
0
0
0
0
0
0
0
1
0
0
0
1
7
0
0
0
0
0
0
0
23
2
0
7
6
4
0
0
0
0
0
1
1
0
5
1
2
5
7
1
0
1
1
1
2
1
0
0
1
1
3
0
0
2
2
0
0
1
0
0
0
0
1
0
1
0
0
1
2
0
0
0
1
0
0
0
0
0
2
0
1
0
0
0
0
0
0
0
0
0
0
0
1
0
0
0
0
0
0
0
0
0
0
0
0
4
0
5
0
0
0
1
1
0
0
0
0
0
0
0
15
4
5
2
3
2
28
0
0
4
2
2
2
17
2
0
2
11
0
0
1
6
0
0
1
1
0
2
0
0
0
0
0
0
0
0
0
0
0
0
0
0
0
0
0
0
0
0
0
10
0
0
6316
4248
4789
1578
1567
6768
3970
5975
3559
5575
4576
5848
400
7224
2888
8165
647
5202
1181
1716
327
2242
7127
5598
1711
6296
3721
8188
2560
241
2339
1048
1224
1084
7422
5462
6365
4418
3005
2600
7883
7899
3782
5429
4142
2490
6398
3717
856
3376
4813
3282
3130
1849
3333
7456
6210
144
4106
3001
5090
6169
2174
3682
3373
3423
3872
4544
3368
2166
6262
6299
7273
2985
373
2271
4553
7938
2785
6468
3657
1390
7060
877
2724
5297
4464
714
1836
6843
3402
5236
1405
2930
2438
2825
761
4494
1659
5284
7414
6303
1319
658
3425
4731
3242
1856
4731
4220
3883
6208
4963
6399
1323
7392
6066
191
2471
4698
2229
757
7072
6145
7412
7768
4848
3003
4869
4868
7648
5505
2078
3442
4440
2519
173
1347
2251
3456
3201
4212
1578
239
4602
449
2187
3484
1631
568
3475
2512
2691
3581
6532
5777
1326
379
7276
5461
5227
7307
1468
6146
7760
7032
5286
516
2331
2391
7574
1336
4855
4890
1390
4697
2183
6299
3717
6399
2250
7408
5102
2240
2525
6215
102
5830
1658
7249
4373
5743
6602
3074
6495
1965
1500
7702
5240
2933
1197
153
4365
1283
1704
3446
7370
3815
3369
3884
1855
1773
1451
2027
6415
5970
4920
4618
5627
1137
3980
7066
5379
3541
6405
7739
2271
7143
3187
4589
6125
5260
5745
7903
2797
1868
7681
2985
6279
3567
4929
2312
724
2643
4855
4501
3876
6001
4053
743
6303
3490
2993
381
6204
249
4926
3025
3702
3736
5080
735
1548
1208
4696
4691
5673
3160
2241
7927
7032
4633
3776
4943
3895
5007
7903
6930
1282
3449
81
3191
5567
460
3717
2382
8100
744
2137
2649
4759
2418
6378
3566
1145
1186
449
3463
2637
2243
6930
7020
4828
4958
1230
1761
2262
5144
2943
2893
3070
3610
6608
2381
434
3084
6627
381
7623
2324
1129
8106
7319
8021
5344
4208
4730
5144
5622
2434
1847
2637
5407
3135
2291
853
2679
2223
7612
1336
449
5967
5017
212
4763
2419
2405
4762
2746
1695
2020
7327
5321
5552
2008
2406
6458
7844
6232
1695
5458
5655
2735
5815
130
3940
3195
2259
5470
6972
6443
5917
3717
6862
7257
6732
200
5739
2496
3983
6627
2908
7411
1050
237
3965
8125
4614
5629
1443
8137
7476
2264
2420
3884
1591
5770
218
5366
3195
4352
5364
5765
352
6019
3879
7146
4663
4361
171
5689
3101
1847
2921
928
7408
1448
6484
7523
2370
1473
2558
39
7921
6801
5702
404
7855
2099
2658
5815
67
3195
3809
5472
7914
5564
3717
6999
755
3610
369
1095
4171
3868
8120
1587
2137
7847
5151
2291
1687
3101
6563
3665
4223
5174
4943
6299
8137
4696
6146
516
7817
5967
6905
4143
6562
6287
2352
168
4715
4789
3682
629
833
51
5455
1155
5998
1481
1951
596
3446
1258
5151
5556
52
2070
1673
6426
2519
404
1336
4963
3717
6605
5243
3195
4688
4545
4929
7000
2020
679
7910
1924
3884
51
3726
2057
1291
1030
6534
2536
4839
2583
7945
1208
3446
2427
1352
7159
2264
2434
972
1258
5144
1426
1623
6928
1332
2525
4280
4717
168
5154
1620
6627
2683
1628
5322
1234
7244
5531
5024
6409
523
7283
4131
8139
6005
4551
6242
7748
2330
3718
2366
5944
1110
67
826
3371
4983
6523
3559
6862
545
4715
6128
2746
8084
2320
7408
5470
508
919
4618
3986
729
2419
584
1352
6146
2583
6616
7718
1403
4384
6010
168
6348
2448
6468
6336
734
1766
3314
866
652
7743
923
2233
2655
2308
191
7956
2737
5246
5151
3595
6694
5511
2975
8128
5626
2621
1511
3351
6430
882
3189
1801
2353
6348
5535
2233
4450
697
1894
1436
4602
1855
7212
2476
5848
4628
3587
6493
5831
930
7938
4963
6187
179
3819
3231
6803
2366
3388
239
5626
6925
3886
785
2525
5655
3592
4446
5655
1377
4160
5291
941
1403
2197
7276
3159
2645
6069
7618
7976
6919
2352
5286
3193
6811
7274
5144
2910
6919
3060
6802
6875
7871
4341
144
7611
5107
1353
3363
4446
6138
2021
755
3331
733
2658
6551
121
3916
4236
5821
1164
1758
3101
5538
7760
5855
1123
1093
2819
4437
2259
3177
4034
887
7447
2308
5384
1650
7497
2957
488
7973
6676
7981
3529
6322
1005
2499
2057
5984
6686
2545
5663
5926
1887
7952
1612
5307
1537
6486
4601
2897
7815
4025
6283
3241
1561
6106
4598
4987
168
6165
3067
643
5655
3711
7127
1462
2299
3586
7078
4542
4590
3795
7017
6437
2165
5353
8134
5455
2865
4983
4158
86
4360
6809
153
3397
216
5556
1332
4286
7066
1332
8183
1326
6581
7181
1903
225
6940
5675
1137
2512
4070
7178
4165
2244
1988
5654
1075
2268
1903
287
5062
2519
4602
7060
1992
1528
379
5262
4180
1484
4682
5597
4983
505
7562
5028
5286
1565
3218
686
3860
3272
7829
3702
1926
4346
2347
3876
7667
7433
2669
1525
5007
2021
7875
4576
1766
1710
3940
856
3327
3940
3776
6957
7743
3718
7440
1590
7258
5283
3515
4109
1362
190
859
7871
7559
2633
6234
213
4434
3881
4905
1730
7875
3125
4715
3104
1687
1914
856
7249
1451
3657
5512
2683
1021
5292
3572
5547
6095
560
145
3577
4604
2951
7218
2397
5099
5260
5292
2421
2382
701
1960
7605
3606
701
5570
7137
3881
6045
7181
1555
5407
2789
7557
6989
1534
959
7587
5063
7482
5801
2632
2772
4081
7158
434
795
6464
3909
944
3851
7855
7743
3308
8137
7963
395
5340
6973
5717
1534
568
30
2130
2285
3237
3492
4290
3960
4707
1053
6128
7626
4443
457
4266
1607
1775
7691
3391
4985
4275
3463
4696
3176
2796
3025
4472
6876
4310
4605
1094
2015
1595
6358
5627
6737
5493
3567
1846
1347
1560
296
2104
7491
4100
7301
4623
382
7061
6756
7913
1075
1782
2798
6687
6385
1997
6204
3115
7976
35
2854
5705
4329
2434
7811
7151
596
643
2192
4116
2684
6737
2483
3469
1989
1082
7229
2353
4083
2658
2244
7545
