0
0
0
9
14
0
0
0
8
0
0
1
1
0
0
0
1
6
0
0
0
0
0
4
0
0
0
0
0
0
1
1
0
0
0
0
0
0
0
0
0
0
0
0
0
0
0
0
0
0
0
0
0
0
1
3
0
0
0
0
0
0
0
0
1
0
0
0
0
0
0
1
0
1
0
0
0
0
0
1
0
0
0
0
0
0
0
0
0
0
0
4
1
0
0
0
6
3
0
0
0
0
0
0
21
1
0
6
1
4
0
0
0
0
0
4
2
0
3
4
2
4
1
2
0
0
0
3
1
0
0
5
2
0
1
0
0
2
0
1
0
0
0
0
0
0
0
0
2
3
0
2
0
0
0
0
1
1
0
0
3
0
1
0
0
0
0
0
0
0
0
0
0
0
0
0
0
1
1
0
0
0
1
0
0
0
0
0
0
0
0
8
0
0
0
0
0
0
0
0
0
0
0
0
7
9
8
7
2
6
24
0
1
2
1
0
0
19
0
1
0
11
0
1
1
2
0
0
0
1
0
2
0
0
0
0
0
0
0
0
0
0
0
0
0
0
0
1
0
0
0
0
0
10
0
0
803
4613
2867
3455
142
623
1818
5553
2406
5292
6422
877
3482
3876
1028
4117
2690
5652
449
3783
4309
5208
5334
5124
3143
8184
6902
4710
6709
7913
3432
2260
6495
404
6266
1157
6497
7713
7651
3153
8100
4238
7995
1003
5538
3666
3503
3939
1934
3685
6828
7369
1396
980
260
7902
4777
3995
7981
5785
4420
4632
3046
6175
2547
7418
7595
3282
4609
3486
2296
1596
5546
3783
6872
2047
1301
2423
5306
7056
4652
7584
3966
6753
3077
1709
7237
5687
3631
1938
1132
4426
1555
2501
8138
7570
4181
954
7980
7008
6443
4628
3121
94
556
6112
7061
6761
4165
98
2106
3418
1810
3517
3309
5673
2135
5112
1886
7861
6463
3069
1163
5207
2467
1424
6001
2300
7764
6104
5241
2379
8043
8074
4600
1475
4739
2500
6761
1688
146
6686
1853
1485
6253
7609
4497
850
207
6752
5742
870
7777
144
1206
4932
4716
5099
2430
1497
2215
5284
2235
7924
5938
5438
189
3259
5492
4534
7760
6411
4106
5044
2613
2979
746
8019
262
1167
2603
4350
6955
2064
1151
6171
3284
4317
7938
2552
531
3830
5750
308
3812
7559
3434
102
3179
4190
6818
486
2959
7289
4588
4931
1472
6121
4424
7176
6267
6527
1644
5109
5314
7198
751
396
2268
1083
5208
4038
590
6007
1443
5857
5310
3245
3722
4590
3314
5630
4200
402
3021
5843
7251
1972
4754
7924
6650
963
1504
1293
4837
916
3959
7350
3862
7235
2925
1649
4986
1596
5276
3884
7269
5477
7221
3047
6193
2194
4273
2838
7279
118
722
3632
5044
1289
1314
2544
4805
7530
7428
1037
7748
6464
5881
6606
2410
1560
7625
6613
3082
7934
2394
4415
1427
5201
6944
4173
1017
6927
457
5394
3000
4256
3483
1284
1939
8191
7466
3628
6022
6808
3574
1275
1382
5602
281
8114
318
2401
2318
60
3610
877
3683
7314
7753
138
5633
3521
3938
854
3460
5761
7234
5438
4904
596
689
1479
2544
1972
5630
5357
2766
6121
3276
519
807
7682
2753
5767
7008
5850
1709
4703
4822
3482
1709
7816
2086
6451
7441
788
5387
7671
3396
2379
2401
6661
2685
7393
457
5273
4087
5563
5920
5871
1546
5975
7803
4153
3654
6039
2450
4685
6830
4979
6151
7263
7981
5596
4545
3396
6121
102
7079
7939
711
4075
6983
2023
3953
675
3047
5086
4201
5602
1253
4749
1217
2766
3795
5273
6471
6991
2290
5395
6295
441
4406
2884
8155
2933
4658
7871
4931
7048
4273
3536
4811
2557
2753
6903
5054
1546
1440
4005
495
5394
4590
2429
857
4623
1409
436
3197
7033
5829
5736
7337
873
6689
591
2529
5520
868
3105
5934
433
6983
7518
4815
1760
7337
7723
2429
4080
7234
1972
7766
3642
5118
169
7138
5380
6696
1010
3398
5283
4845
557
334
756
3934
7921
1895
6637
3197
6253
3444
3834
317
1254
457
4887
725
3809
4354
2216
632
8004
194
3196
2635
1564
3465
8091
4365
7476
2708
3277
8143
5338
5752
597
1851
2491
2535
451
746
6256
1138
5853
3834
1307
679
1822
7171
5146
5527
4637
4050
2023
361
5374
239
2863
8055
2149
1714
5478
5056
6315
2283
5715
7679
2075
6403
7271
2330
2069
8053
5790
5086
3474
1196
3810
2049
4232
5168
4485
3785
4070
6864
2715
5402
3832
2595
5741
1445
7005
5284
6234
3734
1233
5079
5985
1024
7585
6353
3067
1600
5343
5806
6726
7008
2141
4299
7609
1902
1862
5430
92
1579
437
6535
5584
4377
262
3245
6983
1409
6064
6056
5704
1673
6036
6852
4504
4812
7827
21
1097
1926
4346
3381
1498
6507
7580
1298
4548
1939
7965
4677
7452
7916
2976
209
2922
5086
3579
4076
29
7526
2915
3992
7020
4678
6895
6781
4885
7049
5207
4535
6762
8056
223
4699
6114
5627
6121
1073
2663
6721
7663
36
4080
2361
4950
4099
3813
6342
5669
6576
5400
2595
6839
5871
1683
1275
6830
4496
1753
2866
3020
5989
1281
8081
4526
2006
6451
6094
2422
340
4658
4896
6175
5450
6518
2780
7739
6648
5232
7829
7715
3605
6126
4240
1263
1134
3617
43
308
7956
3836
4730
4784
4505
2983
4400
7219
2506
2225
6823
183
5877
6082
1391
710
225
3812
7138
675
223
463
2118
5066
5992
3362
4417
2822
1547
2332
6290
8073
1512
3008
959
2868
6545
5302
2642
4735
2215
1957
882
1350
4698
4873
6353
7221
245
7559
3992
1972
2401
433
2010
5168
4361
6210
6962
6729
3929
7128
6113
4931
791
6787
7886
5753
2298
2356
4317
7198
6660
354
7600
4948
3686
3125
3457
6503
4934
5649
7182
7324
7717
677
6182
2401
199
1694
7522
4621
6023
3602
4789
7982
227
2865
4723
5748
6738
4395
7146
7440
6822
5104
6968
2777
885
4094
4143
1442
4475
3677
2401
7530
102
3491
3509
8007
8000
1183
3335
1424
7941
2856
1208
5376
6639
702
276
7307
5297
3901
1502
1688
3827
4160
3359
6593
7285
5314
3686
759
590
2091
3810
1479
7362
7609
4801
4544
1079
7012
5688
7346
6877
4753
3720
5078
6997
6336
354
6650
3692
6040
5068
5761
2993
361
1232
4904
3874
3301
6860
3672
3578
1421
3967
5791
6775
3885
530
2141
4295
670
3373
407
7244
2133
4835
2377
7921
3402
4052
639
1163
5353
8006
3438
255
1381
5664
5924
4184
1020
7269
6380
7676
7251
1431
2272
4940
3276
4411
2037
2164
8117
55
1615
5417
7645
6569
4760
2192
8078
1030
6969
1053
2458
2686
5587
2785
1935
7607
1560
4418
551
4899
6816
5797
557
985
3989
7466
134
6794
281
7028
1569
4182
1089
4784
6460
302
507
7094
6202
1713
3263
5566
5497
6409
5020
6129
2557
6097
2130
828
553
5111
4708
1854
4714
5256
188
4274
2721
6290
3211
3305
1841
4641
6820
6281
1571
1219
208
979
1291
5162
399
7700
7718
4415
6282
5810
6971
3254
5058
2812
6320
3700
4131
4150
2353
6201
6107
7688
1434
2351
6452
1282
5589
3363
6781
1406
597
6604
6242
3298
2439
410
2950
6573
6216
