0
0
0
10
0
1
0
1
9
0
0
0
1
1
0
0
1
5
0
0
0
2
11
0
0
0
1
2
0
0
0
0
0
0
0
0
1
0
0
0
0
0
0
0
0
0
0
0
0
0
0
0
0
0
1
0
2
4
0
0
0
0
0
0
1
0
0
0
0
1
0
0
0
0
0
0
0
1
0
0
0
0
0
0
0
0
0
0
0
0
0
1
0
0
0
0
11
0
0
0
0
0
0
0
19
0
0
10
5
7
0
0
0
0
0
0
2
0
4
0
1
4
1
0
0
1
0
1
0
1
0
0
4
0
1
0
0
2
0
1
0
0
0
0
0
0
1
0
2
0
1
0
1
0
0
0
2
0
1
0
0
0
0
1
0
0
0
0
0
1
0
0
0
0
0
0
0
2
0
0
0
0
0
0
0
0
0
0
0
4
0
5
0
0
0
0
0
0
0
0
0
0
0
0
6
7
5
1
3
1
17
3
1
2
0
0
0
14
0
0
1
13
0
0
0
0
0
0
0
1
0
0
0
0
0
0
0
0
0
0
0
0
0
0
0
0
0
0
0
0
0
0
0
10
0
0
1037
4310
6836
3816
2118
3962
2354
3418
5738
6193
3026
7905
876
39
4209
4988
7257
3030
3282
2420
7523
5061
6228
2835
5928
4651
4884
7936
7198
2671
7078
6613
4209
6004
502
842
5804
6668
1613
3487
7643
3288
249
4350
1775
1046
5726
4008
303
5992
5284
1276
2712
5515
383
2947
79
4738
6612
4233
708
1800
5420
5050
5168
903
3728
5408
2216
2479
3291
7888
8176
698
6109
2499
765
7788
6587
5128
3857
5612
5148
5893
5631
837
7729
4902
522
4944
4749
3810
4039
4620
3968
1060
8031
1048
4357
1531
229
3168
4639
7300
3870
254
1962
2316
6827
3433
4641
4027
6886
3835
2052
5655
2353
3581
1127
5815
159
310
4749
6311
4811
5245
5034
206
684
951
2339
5127
7436
4858
4820
217
3667
2370
3350
6831
4869
5698
335
2050
5244
6986
394
860
2353
3363
5569
5383
6425
5785
2849
7493
5394
3862
6545
886
4096
5000
5663
2421
4106
925
6150
3458
2350
3415
729
1227
2701
1305
3476
6734
6984
3749
6043
5585
100
6739
8106
2485
3657
6926
3054
1682
310
3841
3972
8103
1760
1830
365
250
4099
3729
7078
6845
833
3883
4244
6419
7801
2222
7578
5039
6244
664
4787
3472
1628
3794
5104
5113
1620
4340
3682
3082
7303
2720
2150
7197
3480
480
6950
3024
5891
6939
4224
4167
971
1104
1623
460
2139
4527
5713
3620
7815
7702
1421
7804
2933
1685
2582
3375
1760
3625
7376
7221
1089
1539
2411
680
1130
1786
623
6386
7492
7592
4955
5841
168
7274
6687
2591
4730
5568
6957
1294
3075
4
2970
22
2353
1208
1605
924
4855
7595
1279
1958
1896
814
2499
5625
2541
7871
1181
838
2811
5857
2195
5638
5522
5353
5522
2897
4050
1326
6837
7145
4928
2090
6500
2007
1941
247
2809
690
5117
615
1103
6568
2133
626
150
3449
3449
6475
3271
5393
4492
411
914
4179
523
1226
7658
2834
549
2434
7538
8183
2962
4506
1397
6632
692
1186
2189
7538
3279
4462
7816
1497
3469
3666
3896
695
4255
1816
1750
458
758
876
7670
3114
1229
560
5317
1855
3879
7720
4515
498
6559
5496
7534
2444
3567
4495
339
4789
2887
1991
2118
4975
7499
5139
3044
1757
7588
1765
2219
2199
978
2422
6222
6188
5341
5317
4957
2353
2809
2993
2977
5274
6780
6862
2722
3915
5007
4277
6742
7545
4618
4951
1953
903
7377
1138
2105
89
3065
1089
7545
1010
1452
5185
8065
4609
5989
3063
2198
793
2099
1685
7174
7456
3269
6209
4313
1229
27
4832
7317
7230
6734
3429
359
3753
1682
4731
2033
3574
3451
5958
4810
3098
7294
6041
4818
472
7670
7824
945
7805
5986
1599
6279
4149
3030
7993
7970
5604
1352
5
3359
3970
6096
7536
1717
2639
6331
4542
7416
4619
6528
4231
233
1872
7833
7454
484
5073
4319
6128
3014
1799
732
1801
3351
5634
7807
3601
551
7460
5139
3526
5548
5901
2291
6138
4211
81
5964
122
4951
5351
1374
2550
3622
4161
4306
1507
1400
5564
4974
7967
5409
2824
1347
6627
7156
5631
2011
6350
3189
5317
7332
7023
3605
8185
6242
4963
1734
7714
4230
7817
984
8166
5558
2142
7386
8183
4966
6504
8009
3543
4677
3622
3332
4282
6616
4791
2341
3317
5139
8100
2740
4803
5909
3856
3622
3688
2206
949
1620
6770
2966
6294
4643
1422
7938
5927
3819
2427
4083
2669
7738
4418
4427
3149
2647
7800
505
7
7240
4907
1892
4602
5182
5286
5050
3737
2386
5317
3489
1976
1104
8084
5935
3201
5255
1929
3891
2859
2167
1855
7896
2824
44
6657
5156
2683
8174
6850
5631
7771
2978
6181
7388
2984
6005
83
3109
7147
5353
3136
2054
2984
3317
3526
271
5923
2361
2062
2339
5498
7817
3987
3836
3243
6133
2523
7818
218
3388
2352
3733
1403
1694
1673
6425
2834
6242
5736
352
4014
2330
3790
3726
5756
939
437
5461
5290
2464
7393
5629
2378
1863
5031
4355
7227
7420
5960
1696
3370
6998
7994
1695
4602
5425
7000
371
923
1775
2856
2251
3149
6411
25
4858
4949
7615
1476
575
2374
6465
7434
1155
5938
2364
4896
2082
4214
2684
2088
7421
6015
1295
1219
7973
4158
6777
4452
4209
4639
8043
1281
7720
7420
4729
6733
6465
845
4000
7679
5004
4987
2907
4338
4273
458
4319
4249
5038
6475
444
283
8025
4784
1760
5629
3576
5893
5699
994
1682
4735
2178
5801
819
4038
2708
3490
3490
74
4462
2079
266
26
4796
4820
7582
4845
7300
7041
3793
5308
2106
2525
3253
1476
7953
6013
6338
5035
5761
4153
7821
4011
2459
797
1523
4112
5066
7613
4017
7101
7578
5422
6735
7784
437
1631
1940
3806
2868
1519
3099
5695
7861
3586
1051
1430
8064
6716
7220
2685
4800
2662
6233
7143
8103
7011
896
425
6117
5945
1468
1839
4419
5889
904
1737
1264
7304
7011
870
6279
5176
5332
747
5128
1025
418
7491
5078
6843
1558
2238
4580
3081
4654
4183
6276
2868
4689
1049
4796
1490
5332
1273
5448
4731
1979
1979
7460
4214
3551
3561
4912
4898
2338
3238
3986
790
7253
2699
3981
6996
2727
138
6824
5652
1621
5541
2308
3145
4950
3490
6185
3427
2465
1049
5094
8061
1994
6000
896
7711
1699
584
988
2643
5427
5475
5801
6519
1488
1250
1473
2219
3106
7345
4736
4399
8062
1659
671
6154
3010
7795
1087
4731
5946
975
7079
6985
3037
4029
392
4330
472
3159
2972
5149
2408
7892
5666
1075
3096
575
4536
7882
5059
3299
2354
7978
2894
8103
6104
8002
6284
227
7851
2924
1655
7823
1057
4239
886
3468
6335
4964
7294
7058
743
5393
5232
5520
6139
7187
4341
7800
3130
5551
2854
8117
2685
4096
7603
531
2578
5726
1031
7556
3299
7984
8038
186
1863
6590
1813
396
3790
4944
1224
6208
5209
979
8073
4355
643
255
1004
690
2837
7404
704
6869
3093
6836
6753
3568
7913
4129
1195
6318
6661
2972
2285
4155
2553
8071
6762
3173
1494
5514
