0
0
0
9
2
0
0
2
9
1
1
1
1
0
0
0
0
2
0
0
0
9
0
4
0
0
1
2
0
0
0
0
0
0
0
0
0
0
0
0
0
0
0
0
0
0
0
0
0
0
0
0
0
1
0
0
1
1
0
0
0
0
0
0
3
0
0
0
0
0
0
0
0
0
0
0
1
0
1
0
0
0
0
0
1
0
0
0
0
0
0
1
0
0
0
0
7
0
0
0
0
0
0
0
26
0
0
11
5
5
0
0
0
0
0
3
0
0
4
4
2
4
4
0
0
0
0
0
1
1
1
2
1
0
1
0
0
2
0
1
0
0
0
0
1
0
0
0
2
1
1
0
0
0
1
0
0
1
0
0
1
0
1
0
0
0
0
0
0
0
0
0
0
0
0
0
0
0
0
0
0
0
0
0
0
0
0
0
0
3
0
7
0
0
0
0
0
0
0
0
0
0
0
0
13
2
8
5
4
2
29
0
2
2
2
2
1
29
0
0
1
11
0
1
1
3
0
0
0
1
0
2
0
0
0
0
0
0
0
0
0
0
0
0
0
0
0
0
0
0
0
0
0
10
0
0
3117
5487
7747
6389
7454
4807
6002
8086
1055
5620
1058
6621
862
4560
5486
3168
5967
280
5730
1801
2701
4969
6321
743
7823
2253
1395
7240
4401
3201
6157
2899
1177
2802
7691
123
7416
7195
6098
4274
4926
6372
641
4612
4989
198
827
304
7887
2043
7
1295
1516
7559
6836
5975
2366
7045
5705
789
5895
7392
7420
6182
5020
4491
1308
2974
4723
7551
8067
3098
3453
3168
6719
2952
3051
6049
912
5603
4138
4040
7497
2753
3673
1697
6081
7243
4679
2400
5897
5922
5424
6260
7428
6755
5971
6418
7613
910
201
857
463
3861
5017
7963
2974
8026
1767
7011
6509
7948
7617
484
7885
527
6468
4295
981
4067
6437
919
6283
7390
1923
6152
673
2039
1285
1720
4962
1024
1137
1285
933
3941
6837
3064
4418
5629
5516
722
2063
817
4781
2515
5817
751
6506
1971
3121
3788
6262
2414
8109
1192
932
4796
8101
7779
7816
980
3337
2104
4007
61
7566
6022
7690
2158
5461
297
2130
3415
2232
1193
5816
1219
2956
1775
5416
6450
5748
5350
4141
1960
6298
2430
5761
3453
2393
6618
5724
5143
4996
6158
1589
932
4389
1768
4041
8146
1625
4904
7877
2572
7854
2118
7116
2723
5020
5627
1775
728
6659
4017
39
3819
1757
5124
4121
5640
1140
3315
3986
4634
4136
4797
6158
2023
369
2791
7531
2514
2819
7079
919
1047
8176
3587
4426
4731
5999
6002
7426
4804
2783
3077
3582
2471
289
702
1775
3363
1137
297
4975
7435
460
1633
2413
5788
1749
6128
7247
5727
3626
938
4881
6405
7086
5701
3358
4810
5209
799
2960
5127
684
102
2260
3263
4521
657
7563
4857
1094
1697
5363
5385
4442
3483
7611
1495
1499
3303
665
2020
6901
516
4340
3872
1925
5738
1384
1581
7726
7020
4695
1236
4616
3144
5999
619
5405
2478
5675
3697
4245
5647
1611
729
5279
1309
3584
3680
7655
2812
4918
7518
6678
7602
646
2725
1586
7423
2402
4242
1834
1207
5739
6592
1964
3506
5028
5904
5064
5183
6139
5567
2129
866
7277
260
6265
3490
3413
2676
5018
4706
5241
1008
3074
6766
4041
1629
5052
1211
1193
1213
1760
1589
5725
2753
5394
7393
5871
4887
4619
4852
8155
990
480
2252
1570
7311
5201
2693
7672
6454
4718
5687
5396
2053
3875
4894
5270
21
1557
599
5833
3120
4852
3320
1927
6906
978
4580
7180
163
5937
6116
4830
4580
1131
7953
237
3832
7339
2209
1522
7347
1817
4293
6761
982
3000
3606
6815
2942
3682
1443
4317
2856
174
4174
671
7785
5208
3166
1217
7079
1473
3002
8151
6442
8058
2478
3447
1949
6384
2762
5785
7622
3115
1350
1195
3953
4714
7985
5398
6595
960
2377
3806
4778
6124
7245
6870
5885
5885
1379
2135
4214
2374
3681
5999
3293
6176
7910
5418
3075
2329
3542
2309
5798
5831
266
938
2816
4642
6292
4342
6578
3558
5905
4773
322
667
3195
3366
7130
7130
2977
2357
4985
698
6660
7885
7618
7512
5762
5804
6947
4233
5530
1224
4233
3225
437
1474
5020
5047
1440
3209
5644
694
5935
1654
6490
7326
4953
6476
8090
6789
2684
1256
6686
557
2379
5485
4027
999
7233
8139
3377
4453
4475
7419
764
1024
4442
3068
5168
3788
2962
2177
1321
1712
2269
5130
3475
1217
7845
4634
6473
1607
3980
5376
882
4689
1976
4400
4367
7330
7913
6202
6966
92
4873
4270
4431
2784
437
2573
2907
2056
3014
86
5365
5997
5803
1109
2486
3957
823
1522
1350
7518
1631
5335
7811
520
970
4804
6643
1473
4367
2586
5538
8067
5710
6183
6040
643
4872
7868
3038
6472
7935
4918
4483
1584
1319
6415
6783
103
8017
7511
3815
5969
823
5066
1164
3321
520
7493
5403
7816
458
2478
6828
3115
4153
2006
857
4422
7784
2634
8048
1971
1902
5177
4760
7850
3911
5627
5896
3900
7690
5179
6516
1363
5044
1216
3271
1680
2555
4950
2095
3244
7972
1035
6023
3795
4431
3115
1900
4374
6437
1819
4484
1786
3373
5950
8133
5612
1506
5403
4731
5627
8023
803
7438
2153
5570
3828
3208
4050
426
5636
2723
5738
3510
3326
1290
487
939
8127
3576
2333
6558
4651
7243
3084
3095
2681
6903
2964
2505
4789
5730
4806
6198
6355
2105
7012
464
4099
5444
5530
8060
5332
557
269
5104
5664
5100
1365
5324
4419
6588
588
6518
3356
255
5664
7699
1464
7631
3411
6149
455
4341
3223
7716
3433
4634
758
393
6571
1534
3807
6630
3391
5382
4672
3244
6588
7591
4948
3299
6550
4293
6587
2934
7537
3791
2298
4150
1789
1516
2445
8090
6564
1734
4667
6189
1028
3811
1281
1353
4242
2489
5410
722
4491
7524
5833
2640
3947
4274
97
5899
933
6199
7061
1234
4297
5709
6318
7143
7591
5550
5396
7035
3111
2178
1576
5031
5545
675
6721
3086
5746
7051
1460
2279
3651
4273
7454
1821
6967
4448
3922
2342
2835
437
7585
3765
2693
5945
7517
2811
1132
7284
696
637
6875
7837
3483
4707
1584
7121
4070
2378
7997
2073
6474
5520
5475
1706
3958
3804
4609
5650
2415
5694
6745
7806
7149
2343
1732
1870
1531
4900
1160
5548
667
5331
3956
7616
7570
8128
4303
7059
3805
1255
3196
7616
6141
1994
7910
4668
2378
2410
5160
3572
4632
7172
531
6631
1928
2056
1395
2901
6575
4709
4264
7663
1629
3829
3833
4041
89
4881
5419
1765
8046
5821
7290
2169
7967
4315
933
5255
8002
7753
744
1301
2031
650
2987
4175
7726
695
7613
859
2056
7563
4562
778
7111
1109
2151
2417
828
26
2279
6354
3702
1391
3193
4727
2671
1395
7825
7680
7491
237
214
4622
3483
1715
1778
3205
5731
3742
5982
7645
4294
3536
2796
1615
2654
5163
6304
5134
6066
212
4384
8048
7598
1418
886
6031
5168
6473
3453
7086
8023
3020
6902
174
2402
4694
7710
920
1287
4737
729
3229
61
4563
1037
2405
1615
2530
5012
8155
1539
1076
30
2686
6947
5655
729
536
3572
2109
5024
3510
3367
61
