0
0
0
10
0
1
0
1
10
0
0
0
1
0
0
0
1
1
0
0
0
10
7
1
0
0
1
0
0
0
1
0
0
0
0
0
0
0
1
0
0
0
0
0
0
0
0
0
0
0
0
0
0
1
1
0
0
1
0
0
0
0
0
0
1
1
0
0
0
0
0
0
0
0
0
0
1
0
0
0
0
0
1
0
0
0
0
0
0
0
0
1
0
0
0
0
7
0
0
0
0
0
0
0
28
0
0
8
5
5
0
0
0
0
0
1
3
0
1
2
1
1
2
1
0
0
0
1
1
3
0
1
0
0
2
0
0
0
0
0
0
1
0
0
0
0
0
0
0
3
0
0
1
0
0
0
0
0
0
0
1
0
1
3
0
1
0
1
0
0
0
0
0
0
0
0
0
0
0
0
0
0
0
0
0
0
0
0
0
0
0
7
0
0
0
0
0
0
0
0
0
0
0
0
12
1
7
9
4
1
29
1
0
2
1
1
0
26
0
0
0
12
0
0
0
1
0
0
0
1
0
0
0
0
0
0
0
0
0
0
0
0
0
0
0
0
0
0
0
0
0
0
0
10
0
0
7556
5916
8121
3609
2817
1215
2569
3375
7150
5494
4121
6938
4975
4123
3682
924
5724
5137
2295
2339
7134
7150
6000
2692
1417
6857
1771
4854
4378
6382
1771
1755
827
4364
1055
5581
4109
2692
1652
5193
624
4634
2692
5990
4009
4340
338
1269
6699
8154
549
916
3907
5990
8121
40
6669
7487
5990
645
5795
645
4028
5768
4243
5439
5501
6295
1497
8167
4536
1748
4741
1622
175
4705
4206
6937
1215
8154
7083
4499
2975
3722
2975
4947
5035
1666
7
4028
6946
5795
5768
1215
4433
2953
5254
533
2402
7087
1188
7383
1878
6969
381
5990
5990
742
3503
1215
2946
5990
5474
1408
3371
5322
6005
1996
4242
1765
5896
152
3643
2211
7083
6669
6857
183
4030
534
1101
6443
2013
407
7983
6164
5778
8154
1386
4007
4796
6913
3328
6946
4151
1930
4433
5514
1046
6699
3082
676
3584
2029
4017
1265
1417
4433
1417
2268
5818
3500
2923
3623
6406
1732
3472
3701
2884
624
7180
5949
1750
1215
40
1765
3530
4364
7531
5530
7859
2109
2537
40
2405
2100
1359
7036
7036
5795
7019
3705
2168
1022
6486
4544
7077
155
524
8155
3555
2130
4891
1174
8098
653
5317
7679
171
5990
5251
7692
5066
7711
840
2537
6946
6698
3091
5990
1215
2652
4378
4433
5521
5312
6931
19
1039
2146
5390
392
2167
1719
3422
2848
2263
1361
7178
4216
5332
3160
6310
1269
1516
2271
2173
4947
3328
5535
4094
4235
5990
5795
1417
3705
7575
333
7255
339
6801
6222
704
3607
1260
6207
3442
4058
7139
3866
2339
2017
4664
4535
2210
2537
7150
1158
3096
7767
1591
2869
2931
4256
569
2940
1417
6669
171
5805
1610
640
7815
7373
1425
7676
8132
3706
3994
5602
6473
4215
2637
7839
6004
7679
7158
1337
604
3897
3483
3907
1680
5774
5990
7150
5385
2744
1359
5795
1896
410
651
6145
6352
1230
2751
7587
5587
2803
3972
6752
1136
1548
4088
6074
2561
4245
3120
3328
1046
1163
3160
5954
7258
2509
7047
6832
7390
3934
4994
645
1100
1232
1156
5018
2157
237
545
392
7795
3101
7547
6760
4377
5235
4179
6929
8047
8039
7193
2509
7539
5990
5990
7533
7187
3065
7930
2542
5861
2482
6062
329
2453
2941
3806
5361
7074
2837
3298
5945
2867
2337
1462
1785
5009
771
7814
5243
3706
6222
6330
5184
6148
761
3872
4969
6775
7095
6026
2828
5564
7502
4479
5410
6321
756
3628
2289
4523
3823
3823
2540
2568
1637
316
453
6917
4850
6568
7543
3743
6706
1791
7155
7897
8052
497
3994
7794
3276
5628
4684
1192
3522
2387
4175
1824
556
674
3823
2676
7236
5184
8
7537
3969
2946
5189
2394
2559
6241
1587
4395
6230
3025
3994
1058
5544
3267
0
3456
8180
7826
4959
6512
2769
5990
3490
906
1865
1361
1565
6770
7582
177
5998
5286
5652
1718
4985
4123
3517
5835
5964
3700
5321
5187
1644
5401
7727
4754
4493
7652
4494
6702
4908
6037
436
6689
7033
3713
5407
649
1279
5507
604
5887
2411
7193
4685
7587
2195
6335
258
1015
885
2238
7659
700
6056
6938
6467
5339
44
174
6870
6037
4351
5958
6611
1424
1622
1740
302
6371
6714
3719
5153
5243
7582
3415
447
1690
1183
5843
6681
5835
6241
2278
3613
5076
397
1991
1387
91
5688
7111
4966
2435
5480
7516
6760
4015
7150
698
3607
3934
2949
3732
6342
4183
649
4685
8150
472
488
6170
5944
6074
4683
935
7854
7145
3873
885
599
6256
7914
2708
1651
6734
5900
4430
2240
175
7311
7999
4393
529
2441
575
6963
8092
2088
2998
7044
4181
765
3001
7921
7658
1697
6700
2425
2327
7282
1235
3609
4696
6497
1031
3334
6129
2724
2577
4976
5796
515
2537
3430
5317
6089
2083
7497
7380
6062
2222
2333
3614
3717
7899
177
486
7371
2523
6141
3144
716
5551
3351
954
6627
2696
835
2497
6616
3621
2924
6395
1382
1634
3677
7706
631
4350
785
4449
928
3328
2170
4202
2361
8016
3897
269
4393
2333
6672
3405
1789
5226
3988
5944
5622
5772
2318
6743
3034
8083
6202
1103
699
2610
7388
5740
390
1439
6059
989
7070
4243
4058
4651
7269
4303
4196
1465
2254
4735
3661
4920
6683
4150
1746
3588
7476
3232
5809
6851
7657
7901
3268
1491
2937
7689
4274
1024
5998
8176
1953
67
1331
7583
5907
5353
6417
8034
108
4017
5705
5720
3790
7962
3754
6699
8154
6989
7615
7380
3997
2907
3806
4651
5262
5094
765
3326
4735
1482
5530
6930
5916
3769
4722
916
2854
1364
8011
1730
947
3665
6062
3258
2089
79
2222
2537
3328
4248
3384
1576
4718
1821
4525
4002
6007
7045
7070
802
2687
6371
5753
7294
1014
7087
7070
7168
6817
5245
7294
4508
4716
218
2133
4707
7357
2170
3328
5082
3328
4685
3091
717
591
7583
1411
6371
4353
152
729
1791
2399
532
2533
208
6205
6252
7019
2222
5384
2447
3562
6944
1542
2778
4907
6271
1740
919
2768
5742
1215
6699
2478
362
7090
6864
698
3068
4703
4580
7582
2546
334
2687
2165
6799
7252
2934
5575
4765
3607
5655
4962
3317
2056
740
8106
5019
6656
2420
6723
3840
5715
2222
3415
4390
4472
215
789
1861
7028
3851
1523
4825
2028
6872
781
215
6109
6378
6335
8117
695
213
1606
158
1285
94
6041
6699
2772
6656
5537
7945
5153
4159
5817
6156
4630
421
2684
2485
5701
5304
1424
3359
621
4009
4066
7269
5594
3237
5934
4101
6208
4727
6761
4219
456
4261
2192
868
4977
2908
1075
1751
381
6332
4000
2946
1160
7593
6188
6031
3725
3328
7674
7753
6816
5075
5163
4779
7357
5874
4906
5236
5254
4809
1567
4072
4396
5766
7679
7545
4007
6864
7999
6380
7910
5171
2080
5171
2470
1821
1155
3738
2946
2537
5990
575
210
3773
5445
4435
2496
3386
5982
5736
4346
5963
255
8091
5288
4397
3550
3982
6639
5184
3738
3160
2192
2665
7916
3851
5256
2080
3266
7180
5033
5758
5774
