0
0
0
9
3
0
0
2
9
0
0
1
0
0
0
1
0
2
0
0
0
9
0
3
0
0
1
2
0
0
2
0
0
0
0
0
0
0
0
0
0
0
0
0
0
0
0
0
0
0
0
0
0
2
0
0
2
1
0
0
0
0
0
0
0
0
0
0
0
0
1
0
0
0
0
0
1
0
0
1
0
1
0
0
0
0
0
0
0
0
0
1
0
0
0
0
9
0
0
0
0
0
0
0
22
2
0
7
4
6
0
0
0
0
0
2
2
0
3
3
1
3
5
2
0
2
1
1
1
0
0
1
1
1
1
0
0
2
0
1
0
0
0
0
1
0
0
0
3
0
0
0
0
0
0
2
0
1
0
0
1
0
1
1
0
0
1
0
0
0
0
0
0
0
0
0
0
0
0
0
0
0
0
0
0
0
0
0
0
3
0
7
0
0
1
0
0
0
0
0
0
0
0
0
11
8
5
2
1
2
21
1
0
3
3
0
3
16
2
3
0
13
0
0
0
4
0
0
0
1
0
2
0
0
0
0
0
0
0
0
0
0
0
0
0
0
0
0
0
0
0
0
0
10
0
0
2854
3125
6276
6468
787
2266
1729
2577
4138
6252
2086
159
6257
5667
2942
2998
1616
5471
4449
2870
3131
7150
7729
3659
4818
8160
629
4025
6282
976
7113
4946
4022
1014
4194
7539
4628
2101
4129
4618
5398
6787
2935
1337
226
3642
921
8190
1234
381
1527
4534
3558
2946
2818
7146
3223
6303
7042
7729
4946
1019
5903
1097
1203
5908
2948
8031
675
3317
5377
5907
4084
194
5580
5905
7158
3923
92
1218
440
5063
5715
6342
2134
2931
1626
3367
4722
2541
6958
3243
929
2692
7645
1050
2541
7045
1197
6398
7916
7042
7530
8157
3268
6737
4993
3911
3447
6240
4129
4203
7892
2095
5382
1688
1766
7472
4271
2354
5650
747
7336
1858
5903
5745
4422
5332
7210
1173
187
1853
5679
763
5430
7141
3627
1364
7297
4926
4835
5455
5592
6467
3348
1095
7989
1100
3623
3289
6116
5276
7784
4950
7276
5698
1801
7075
6760
2999
8099
3589
6997
7711
4632
4609
7280
4368
1580
1332
7217
20
4217
1201
2852
3114
7042
5819
125
2893
8173
7176
1952
3263
7991
2041
3386
7616
3083
1717
7745
5726
1799
3166
3265
3120
2309
7253
870
2235
3206
1980
1544
7398
1688
2369
5910
4076
1403
3287
7495
7759
7920
3413
2124
2412
4409
5793
7227
4033
1881
7269
3168
1231
4092
1139
5031
139
6107
3287
83
2541
763
7625
249
7115
5663
753
4255
7706
7350
3011
3249
6293
3332
5420
3378
6088
3377
6948
471
5226
7591
6469
6436
4907
5813
4728
6672
5092
4682
2408
248
2482
4796
2303
3210
2970
3125
4546
3452
7584
3565
2270
5007
6406
6517
1498
4042
8163
113
727
1971
4112
2557
4343
4379
7371
4042
6583
7559
1742
5095
4881
7816
7546
4641
3061
6747
3239
6610
6291
3827
472
2493
949
2230
148
2724
7070
5156
563
6092
3068
4270
6012
5160
3093
6437
4651
8089
6015
6040
2630
2156
7294
1420
4931
853
1327
5149
6996
3151
5096
4898
3668
5787
903
6453
2709
5516
4009
5521
1578
7028
4274
3483
6068
82
4568
4646
7868
4881
4509
1680
3804
1882
2071
4511
7784
6005
1228
8043
3176
4086
305
4839
1855
3500
2197
3884
1751
3162
6350
2859
7136
7733
7562
4735
4819
2516
4379
2938
5636
3068
3262
1651
3635
7026
6609
794
6694
5354
3475
7648
6041
4261
2158
8005
2384
141
4783
1005
5504
4716
7817
2256
3927
7528
3145
1024
411
4374
7857
4164
1718
7357
7006
5897
1062
5889
3116
2288
2180
4500
4490
7116
6737
1713
23
7523
3371
2924
2849
6555
5538
6703
1814
1064
3901
7785
5102
1856
1395
5482
6060
1038
2271
2947
1011
6954
3058
83
2496
6108
3103
1557
4370
3041
6261
7815
7585
4792
7564
5265
7779
633
3879
1407
1286
5743
3326
6902
3631
5295
2108
6715
4316
6515
5880
4479
1046
5336
2177
4129
7889
5335
395
2009
8085
2264
6755
642
6866
1830
2700
44
1947
6145
5803
3229
5644
75
450
5575
648
971
6045
2921
2655
6476
7720
3515
7197
2096
4604
1994
1483
2172
5370
1121
1467
1442
426
3264
6742
5508
4108
7993
1420
3267
3580
846
2155
4420
246
6727
1235
435
3945
2683
1937
33
4492
5338
3284
5705
7018
8143
5214
2181
2622
2854
4143
7700
411
6926
3993
1261
7009
5800
5050
7532
1684
2691
1097
7266
1246
299
2930
6610
4287
7951
4230
1726
7817
1230
7029
1534
5868
4226
5027
3785
715
1212
7929
6563
4556
7952
282
7149
160
5970
1441
679
2320
6817
3601
7849
6367
7457
5354
7588
5128
6126
3912
2517
1995
32
2748
7816
4568
6047
5738
6827
6639
2364
2517
6607
5046
89
3418
1695
3968
116
4580
7785
5708
7725
6488
1010
5048
2374
4796
7795
5332
943
4846
1608
2029
3922
260
3911
811
1595
8078
821
4078
918
1191
1494
4264
6589
3868
6846
3410
1104
3652
1929
752
1804
6194
6261
8155
5013
744
4685
1734
7370
5796
6824
2002
5469
2062
5250
1151
240
6538
6392
4169
2536
7675
4722
1854
5620
4929
1235
503
1246
6259
4361
880
7498
4694
5014
2722
3611
7031
541
7233
4342
5746
7
3242
1259
7380
4698
7291
6516
5603
7778
4138
3469
4878
6135
7861
6866
7193
570
5356
297
6053
8025
6166
836
5732
7900
1006
6782
2165
3585
3585
348
5944
4377
49
5168
7782
870
687
6194
5512
1659
3469
2202
8151
6638
5406
2656
7478
524
5107
5403
106
4340
1980
6108
6985
501
7594
7132
3472
5474
3639
5255
1823
4061
8040
98
5412
1882
2760
4479
2560
4319
5220
8122
6889
7450
5406
2167
7617
6601
7806
7984
4553
6166
4900
3019
4314
4366
7564
3000
7499
5787
5507
3212
5877
3584
4492
4053
4844
5048
2584
7665
3477
3408
2155
8039
956
1109
6345
742
7201
4356
5796
3589
7396
7014
1429
4245
7690
1481
3981
1250
1946
3945
5292
250
140
5418
4810
5672
1969
4120
5220
3494
3633
6896
3902
5659
4309
3027
935
1334
6350
1678
4303
4643
190
4855
3762
5275
3626
6943
3203
7144
6559
7708
3644
374
5787
6867
3371
4952
7583
7682
8103
1411
7479
3371
3463
3292
5945
935
2432
879
4998
2509
2777
6796
5142
5620
4700
7860
7410
5186
196
1601
5016
3151
2436
2235
3223
851
7720
7596
5722
5853
1270
536
7784
7344
8078
4080
2748
7161
6806
4159
7344
1615
4391
810
558
1830
795
1555
1327
6352
6865
5742
1078
4797
791
331
4155
4242
5779
320
924
5220
2525
201
2851
5066
2130
8
7479
818
2158
4702
3266
1830
5184
4794
170
2541
4490
1771
3682
6514
5756
491
1021
3851
1675
4325
1820
2958
7986
7160
5018
3320
7297
4225
6760
237
5412
8055
3577
132
5833
227
5317
5290
6660
5701
3762
4623
7437
7264
7024
3721
6371
7910
7424
941
7662
1204
261
6830
4618
1561
6589
6163
5448
5450
3158
7028
7207
7121
1301
2708
8143
7916
4251
36
722
2541
2005
995
79
7538
6914
5322
6753
1750
4578
3427
1830
143
2560
4634
3012
