0
0
0
10
8
0
0
3
9
1
0
4
0
0
0
0
5
11
0
0
0
0
0
3
0
0
1
2
0
0
3
0
0
0
0
0
0
0
0
0
0
0
0
0
0
0
0
0
0
0
0
0
0
0
0
0
0
0
0
0
0
0
0
0
2
0
0
0
0
0
0
0
0
0
0
0
0
2
0
1
0
0
0
0
0
0
0
0
0
0
0
0
1
0
0
0
4
0
0
0
0
0
0
0
23
1
0
7
4
7
0
0
0
0
0
3
2
0
2
3
0
2
2
4
0
0
0
0
3
0
0
3
0
1
2
2
0
1
0
2
0
0
0
0
0
0
0
0
3
1
0
0
0
0
0
0
2
0
0
0
2
0
1
0
0
1
0
0
0
0
0
0
0
0
0
0
0
0
0
0
0
0
0
0
0
0
0
0
0
5
0
5
0
0
0
0
0
0
0
0
0
0
0
0
13
12
5
2
1
3
27
2
3
2
4
3
3
17
0
0
2
10
0
0
3
6
0
0
0
1
0
3
0
0
0
0
0
0
0
0
0
0
0
0
0
0
0
0
0
0
0
0
0
10
0
0
1594
6863
2800
2836
859
3816
354
3535
3455
652
3533
5308
5019
5858
600
1948
7090
4435
3934
5155
7598
8078
155
7013
7022
280
657
1965
3916
1458
3006
3927
7661
7176
4658
1639
788
4718
3742
5146
3998
2569
756
2826
3043
472
3443
7633
4479
2732
4319
6391
1349
7118
4419
7921
4049
1597
1443
4551
3599
4652
6553
2219
5555
6241
5000
6106
6273
556
1855
5156
1031
3635
6761
7923
2177
2048
1298
1298
4904
1997
4594
8148
5199
7990
7237
447
6483
6200
6552
6383
4836
1659
6548
1880
1147
7195
5036
6507
7139
3308
8171
6759
1566
3534
5482
6703
6586
5394
5176
7560
2281
980
4739
5172
3587
3561
1615
4293
98
5332
7302
6227
5595
2405
3438
7435
5893
2544
4290
4358
4302
1445
2244
2233
1725
4740
6664
965
1025
6339
6331
3492
784
7716
2420
5717
7563
3006
5367
520
7384
5364
7159
7277
4233
4264
4150
5405
7539
2221
3810
1850
4358
3000
4922
6241
4046
6651
5004
252
310
5924
4005
6253
1692
92
138
3439
3536
1201
4640
335
2156
3851
2796
4634
3551
1049
2047
1395
1943
2400
6983
2979
5764
3639
6849
8131
3526
79
7608
328
5675
4840
1253
3492
1692
7020
6389
1849
2681
364
2124
3189
4790
6498
3483
4293
7426
3290
1071
4055
3045
4756
5461
2716
978
2277
5708
3471
493
5764
2256
3007
4944
7048
746
7172
2049
4172
2650
2284
4731
2694
5812
2345
7800
8129
7415
4765
7236
2782
2808
4609
4143
4384
8015
931
3051
6475
6983
5871
3593
2194
2277
7913
5762
7048
24
3532
4209
3339
3478
835
1976
121
4008
7470
3007
1245
3371
4554
1219
1255
2449
1948
3570
7173
2170
3743
8159
492
5255
4005
5583
2521
1506
5739
3037
307
8191
84
747
6076
82
2709
2008
1490
7716
5173
4613
4545
6344
95
714
5772
7297
7167
7890
1056
1878
5149
6740
5149
3515
1554
3707
2673
5128
7755
5398
1760
788
5177
7435
760
718
3901
7143
4048
4485
7434
6310
6371
7440
6450
4835
3117
5235
5618
2465
5427
5273
3708
2780
1603
7279
263
5791
4736
4424
6020
383
3899
2110
2717
1473
3503
4398
535
660
5281
711
2337
3181
56
4003
4190
6902
5476
1780
1733
6417
559
1037
5723
703
2872
7794
8187
4800
7441
7303
3712
7134
2544
4805
4749
2219
4092
8131
5646
3197
6886
5086
1346
1440
2401
4153
1346
6214
4820
1797
1512
1424
6322
6014
2599
3197
4736
5287
5375
2753
7079
7303
6740
2979
2979
5177
6668
8064
3716
1366
7740
7723
2280
802
2374
1213
4851
7415
3186
87
3067
7533
6557
1032
6758
8179
4172
1585
1900
8081
3495
7256
3299
4590
457
4505
1401
4192
857
7755
492
5308
681
4516
4355
2327
3924
3348
4987
5422
6179
1382
4303
2063
5857
5041
3007
4815
1440
1554
3849
7685
178
7064
3153
7234
7441
2720
2602
6035
1048
7948
3849
198
1085
4829
2185
6505
2210
4517
5615
1885
5529
4202
4651
6705
7931
4599
217
8152
7590
3752
2787
501
6450
2997
5673
3077
4633
5168
5527
6220
1453
5543
2697
2128
3335
6351
2765
2436
1547
8179
2685
6415
4143
2811
1273
211
6668
2482
4027
457
7486
4075
909
6290
909
3202
4489
679
1401
1823
6140
6220
7207
3598
5613
3429
1172
6991
7681
5723
2116
7377
5826
5720
1508
6915
4106
6541
6902
3535
6068
857
2006
2252
47
235
7416
4459
5669
642
7121
7882
6414
2671
1733
1870
6859
5176
5176
5764
1972
859
3046
6289
2844
3331
2665
774
8021
8002
2192
2925
5044
7029
7953
2603
2555
6013
797
7078
2226
7653
5596
4094
8113
373
6307
6365
3712
5871
6131
2544
3834
4377
2023
3066
3696
1348
6320
810
1637
7812
219
1226
1938
5527
5403
3882
2595
319
3986
5629
6886
1436
7038
4199
5309
2303
1285
6212
452
64
2838
7466
3899
5411
6612
4338
2633
4771
4697
972
411
1688
5219
1286
6602
5195
5821
471
2685
1025
6853
1830
3113
3743
6437
7057
3697
5640
2010
5281
4633
2581
808
2401
4173
7099
2381
3712
39
7894
5820
6710
2723
3440
7753
5999
957
7702
4844
4962
4005
7079
1972
1346
3492
6354
2303
2663
5931
3495
396
4916
504
3178
7915
2922
7064
597
5531
25
7740
4623
1589
5477
5451
6023
1715
7307
17
4283
487
5160
8187
383
3307
39
6035
403
147
7115
4331
7506
2105
2487
3325
8020
5818
3016
274
4434
1888
1809
3348
3132
6027
1467
6384
96
4569
7658
3230
2074
4273
1794
1732
1017
7752
8135
3598
6819
2048
2416
574
4820
5077
7041
3834
5143
4181
6113
2048
433
7609
978
1472
5380
4299
5884
5363
1075
2624
3405
168
1025
1395
8159
3795
1570
6361
2905
4339
4040
3852
530
447
5440
7030
1224
6852
731
1989
1061
5036
2838
1661
4543
2806
6290
436
2872
5430
5652
6281
3355
2428
1989
6735
423
4505
6474
8047
5149
6788
2037
3053
5398
1208
2364
684
5596
5018
2800
799
6266
2624
8103
507
6403
8068
7349
4382
6759
7033
440
5952
1037
6914
705
3051
7056
1094
2905
3598
4173
3877
6713
6036
6836
8132
403
3747
4387
2643
3862
7323
4049
3581
1931
1719
7255
2303
5963
7679
1734
269
3783
2430
5743
3784
4851
6983
8094
7773
675
4299
3877
5814
1962
3681
6383
2280
3489
1607
5807
3346
6722
6027
2420
4291
1773
6409
7074
7240
7029
692
1232
6252
8083
7645
6545
3825
815
2327
6876
3016
5211
6102
796
1690
6996
1360
6975
6760
7134
4506
6077
1269
4094
3808
4420
6689
1752
1010
4820
5343
4652
2209
4813
5077
5051
4106
4539
5647
2867
2144
6096
4447
5250
7415
4727
8105
219
1801
5580
541
6370
3884
3728
566
4283
2312
2008
5404
6000
5893
1954
6821
7718
3066
3568
2577
4142
6953
3001
7928
208
2631
4927
6104
44
5408
1356
7198
5235
7396
2384
5371
7595
5035
6871
7070
1119
7337
6790
7258
6148
1789
7779
4905
820
6784
31
1074
3333
799
