0
0
0
9
0
0
0
2
10
1
0
3
2
0
0
0
2
1
0
0
0
2
9
0
0
0
0
4
0
0
0
0
0
0
0
0
0
0
1
0
0
0
0
0
0
0
0
0
0
0
0
0
0
0
1
1
1
1
0
0
0
0
0
0
1
1
0
1
0
0
0
0
0
1
0
0
0
0
0
0
0
0
0
0
0
0
0
1
0
0
0
2
0
0
0
1
5
0
0
0
0
0
0
0
24
1
0
10
5
2
0
0
0
0
0
2
0
0
2
1
2
3
5
0
0
1
1
2
0
0
1
0
1
1
0
0
0
3
0
0
0
1
0
0
0
0
0
0
4
2
0
0
4
0
0
0
1
1
1
0
0
0
1
0
0
0
0
0
0
2
0
0
1
0
0
1
1
1
0
0
1
0
0
0
0
0
0
0
0
6
0
7
0
0
0
0
0
0
0
0
0
0
0
0
7
5
7
2
1
0
22
1
0
1
1
1
2
26
0
2
1
10
0
0
1
3
0
0
1
1
0
0
0
0
0
0
0
0
0
0
0
0
0
0
0
0
0
0
0
0
0
0
0
10
0
0
3464
3196
7226
656
7180
4791
3643
7447
6172
4065
7187
2073
4705
3826
2160
4152
6797
2105
8113
6065
1250
5031
5535
7259
2160
6545
7539
2892
1944
3008
5781
7711
4342
5945
5482
4554
3153
4734
3983
5774
5403
529
758
2605
5245
299
866
8028
529
3023
2489
4222
1359
6172
6216
744
7036
634
7478
3241
2285
2219
2122
6652
831
7989
2815
6643
7763
3364
139
3079
5705
2310
5304
329
736
3153
6760
329
2692
329
1234
5237
6946
6817
3755
7478
6852
4508
240
3754
3965
1658
8135
1218
5514
6731
4009
6580
2351
135
7476
1806
4534
4028
1143
1996
2631
6817
4189
1444
3160
4389
329
1659
2781
4235
6946
1514
3895
3713
1012
2493
3068
5471
6880
7113
4920
5482
4604
6669
7216
6181
1034
4235
4121
5575
189
3714
4223
1968
4189
7782
1359
4702
7616
4390
4596
1249
3160
40
6363
3685
3644
14
7237
4025
4334
1296
7946
1898
5227
1396
1018
7650
6601
2687
5880
5741
689
1
2554
7325
6797
6823
7855
5113
900
6248
7616
1265
7018
4456
7097
7652
3933
3959
1382
3083
2127
7967
2632
3682
2463
6777
1050
2601
7188
7446
6767
7657
4601
4693
5987
2261
6993
546
1680
3840
7864
1448
1806
40
7098
1716
1898
860
6399
591
318
2485
3868
7534
1740
5924
3066
3771
35
3364
4508
1140
5864
4520
6397
2925
3805
2985
7900
4618
6938
2858
1420
4927
4508
2887
7446
5988
3138
604
6164
5128
5793
1245
3694
178
2459
1273
1520
1243
7294
3490
2916
5180
7535
3514
112
915
5000
1781
5081
3908
2627
3613
3480
8070
971
4717
1677
6174
362
6912
7070
4649
6654
5774
3168
6318
4238
1660
8060
6195
1279
2422
6861
6244
2452
3605
7460
6383
4398
56
8140
1475
6915
6638
231
7449
696
5262
1178
1780
164
5250
8160
159
4640
5237
7389
2130
1557
1695
4618
7714
603
2531
152
1806
6734
3366
5678
3501
5770
2792
4113
553
3910
2829
1569
7612
8183
1374
5106
6817
987
5019
683
7835
5034
840
1143
5195
6962
4902
4090
2215
3530
150
2584
2493
6729
1086
4125
6201
459
344
2769
1458
2583
7945
2341
381
4495
1439
40
3982
1467
623
4330
432
1034
2501
708
4457
7323
1489
7095
2307
5516
7745
4255
3586
6729
3451
7193
1610
483
1730
7066
6208
7111
692
2740
768
2134
3091
1996
1302
1849
7181
3128
6133
1713
5064
865
1132
2631
6631
2475
1326
3107
4361
2558
2684
6901
1757
786
5551
596
344
5981
247
2984
7117
2621
6044
745
1359
7488
3959
51
4975
4025
4705
4760
4561
959
239
3911
7645
6631
4083
5683
4423
6357
6831
5134
6468
427
4450
7037
6090
2535
4993
3570
5069
6738
4092
2490
7174
1628
4083
1149
4922
2568
7472
2705
6132
1780
2104
3386
899
225
1525
856
1484
4027
7642
7042
7111
277
343
3463
7899
596
1532
6419
6858
3659
5617
6269
4360
4180
5407
4073
787
5609
6838
2294
5198
1750
1464
6266
4707
3804
2803
1684
1013
4450
6411
6000
5793
757
6010
68
132
3012
130
1107
761
1332
4576
379
4440
6523
1276
823
4946
3725
6870
3385
3367
6208
2358
3229
126
4020
5112
5497
5944
1744
5145
7408
8018
4907
7815
7456
2520
3420
6344
4745
3476
7066
6930
2094
2142
4118
2181
2683
2283
6675
239
5027
1354
2327
7890
2000
1550
2654
747
7049
206
962
7085
2519
585
7122
1560
4289
5041
4205
5223
3329
6699
1374
7460
6862
3363
2550
6266
3427
3584
4412
1070
2741
486
7795
4708
5715
2059
536
7984
5917
4966
5069
445
3053
3667
6750
130
2434
560
1765
6468
972
4993
5261
6963
2610
3067
3669
2756
7929
1343
7636
2424
4793
2019
7176
5843
7910
8167
4628
3705
3703
2655
2475
6269
6570
6126
7592
5181
5250
277
1567
4993
3272
3612
2675
744
4533
2407
5629
4950
5367
6645
3457
5964
520
7586
7499
2041
4571
3259
3777
1092
1518
7646
7043
3873
7770
3502
4101
692
535
2175
6704
2939
5104
6548
472
6089
4368
2601
4498
3747
3533
1531
6787
283
4578
273
3152
6082
7953
5161
6494
3107
161
71
6783
804
4423
3005
5685
4402
3429
3526
4979
211
4229
1620
2379
4530
1340
7327
2576
7755
2967
2242
4851
5351
6847
1522
1472
3995
3642
5133
6102
6180
6729
3521
7433
2048
6984
4772
7007
1258
3551
6485
5430
395
4707
7488
2649
8118
6149
2816
3000
6022
4584
3768
6764
6807
6401
3267
5819
3543
4809
2238
5502
2814
7027
5697
4513
804
1405
56
6299
7013
2225
2254
6577
1651
4680
1811
3595
446
1976
6393
6884
5408
4609
2499
2856
5408
7491
4053
3402
7371
202
4934
6729
5211
86
5864
6049
4966
6412
4453
7984
7076
1360
4680
4064
7743
4234
1176
2195
7614
7444
2688
7344
4716
684
5715
5403
2493
4662
7258
2764
1784
1794
3933
4137
1421
3040
8131
7899
5059
1659
2686
4498
1608
1458
1561
2482
216
5246
996
6988
4398
6972
885
51
484
7256
6740
8046
1927
7415
5020
5364
4398
8151
1269
4966
7392
874
6965
2140
4789
5226
4707
4202
7041
2639
4843
7720
3553
3030
1548
6106
6350
1548
7998
3601
6858
369
5672
2736
7776
1900
4007
2242
7210
3253
6148
7565
3009
1477
2299
3892
7545
1067
3145
1010
5470
2830
1464
5612
3198
6366
107
6420
2250
4167
2368
5713
4881
2679
2137
7984
7098
5403
3469
727
2271
8023
5024
5568
8119
3192
7494
1698
4524
2308
6059
705
5965
3644
169
2309
6264
845
2960
4405
3794
3626
2711
5608
2916
4796
1988
6040
5896
704
2489
5896
8103
4017
4099
191
8030
3161
1780
1539
2892
6137
3775
2507
5664
4153
47
2215
6545
4426
1534
3469
2104
5395
5715
6761
6487
6303
6898
6735
2118
715
4753
2379
2130
5232
7154
8009
2546
6668
1680
3790
4840
3391
2164
5285
5739
2137
1227
7416
4747
1308
1217
857
5403
4017
1217
8151
4888
7272
2002
2780
5896
4017
7294
3981
4396
