0
0
0
10
0
1
0
2
11
2
0
1
0
0
0
0
1
0
0
0
0
10
7
1
0
0
2
2
0
0
1
0
0
0
0
0
0
0
0
0
0
0
0
0
0
0
0
0
0
0
0
0
0
1
0
0
0
0
1
0
0
0
0
0
3
0
0
1
0
0
0
1
0
0
0
0
1
0
0
1
1
0
0
1
0
0
1
0
0
1
0
0
0
0
0
0
7
0
0
0
0
0
0
0
29
1
0
12
9
6
0
0
0
0
0
1
4
0
2
1
4
2
6
1
0
1
0
0
2
3
1
1
2
1
0
0
0
2
0
0
0
1
1
0
1
0
1
0
3
2
1
0
1
0
0
1
0
3
0
1
0
0
3
3
1
0
0
0
0
0
0
0
0
0
0
0
0
1
0
0
1
0
0
1
0
0
0
1
0
4
0
10
0
0
0
1
0
0
0
0
0
0
0
0
8
5
9
4
2
3
29
1
0
4
4
1
3
33
2
2
1
12
0
0
3
3
0
0
0
1
0
2
0
0
0
0
0
0
0
0
0
0
0
0
0
0
0
0
0
0
0
0
0
10
0
0
7518
3980
1638
1333
591
6068
7893
588
1856
2006
7518
560
7029
7675
4560
6864
353
7421
7559
6926
747
6618
8110
3403
5501
4502
3274
1284
2458
857
7097
6940
4209
3434
6132
4813
6411
6549
1318
3851
868
6157
2085
2248
1655
7915
6121
4703
2871
1641
1202
6953
2779
501
588
6827
2791
7048
5804
1284
8073
2544
1543
2920
1019
5347
7877
4845
2680
8029
2757
3826
7979
2876
4974
7083
4495
2506
7143
5052
5950
7865
5827
6765
181
7745
5786
7816
3667
341
1502
5663
2359
5761
6344
5487
7350
5647
3893
7552
2382
6569
3590
3073
362
6977
1691
7203
4595
1418
4971
5318
2498
1933
7481
7037
1845
527
674
6832
859
4702
2706
1168
3755
675
3988
7512
5683
1537
419
3241
8027
1334
1314
9
2752
4805
1641
6496
1260
4275
3817
7629
8112
4549
5900
7309
4000
7119
4796
7260
756
5957
2484
7075
3975
3243
5716
861
2920
2371
2317
7503
5538
453
7055
6246
5526
4894
6392
6239
5325
5016
3518
7201
720
5610
2473
3677
8034
2421
2482
7982
5871
6659
5477
6612
2178
165
2951
1995
337
4868
2237
7476
3970
7099
710
267
267
4750
7129
4995
8179
7206
6696
6299
5550
3648
6705
5282
4104
1090
5442
1068
3896
587
3545
2915
3346
1862
2157
2912
109
462
2923
6605
2813
161
1625
4041
38
7611
2067
6904
454
7858
4512
6296
3097
262
6975
2104
2133
7527
5492
4997
4110
2432
1654
3939
5443
5235
2351
7897
1471
5476
249
3503
5695
5417
1314
1687
3593
6610
228
4084
5259
2143
7783
8098
4649
386
3946
6739
7309
1349
6850
6927
5327
5951
5306
1089
1598
4011
5601
4342
5228
3797
7642
7883
1666
3733
7496
4488
7963
2893
996
7773
786
3135
4717
2688
4253
708
5852
2604
818
7044
7892
3125
4259
5035
889
1267
4083
5895
4085
6816
1217
996
4494
2833
7381
3287
2124
491
2064
4438
4286
7791
874
4247
7800
2960
562
278
4721
3648
3536
5911
7838
5595
7795
4145
3358
7271
4987
1479
347
7070
722
4193
2770
2026
8152
5074
3772
4264
7719
286
788
4181
3877
5216
6666
982
4052
165
5026
3697
6365
5373
4991
1516
4167
799
3480
6075
4004
1567
4732
5184
2979
5255
4383
390
190
8150
7252
1804
3883
4325
2981
2107
5218
1805
4786
633
4894
2925
1589
5236
5672
6848
1641
3882
190
1690
5739
3224
3594
6018
851
7156
203
629
7107
5283
6118
6267
4413
1439
4118
5367
2628
2973
143
6401
633
2161
4409
5018
5314
2889
6848
8144
834
6622
4370
396
4387
1242
6678
2289
983
1886
1172
2661
5815
4850
4145
311
2498
7386
1093
4383
3533
2177
7840
2231
1847
5156
3023
1227
4546
5620
5372
2853
1433
2514
3087
292
4213
3402
6265
4166
8150
1096
404
1856
175
6783
7132
5053
6946
1264
6179
4291
8052
1578
2707
2231
6056
7794
5481
2021
5272
2900
637
3918
5729
5814
3087
4742
5150
7434
5197
3271
3821
837
5562
6869
2853
7115
6468
1237
6264
1635
6707
6707
1758
4958
4134
2231
2599
397
5154
610
431
7324
1516
240
2528
3944
2962
6571
5139
2356
6035
1309
7159
4958
1809
628
1687
5333
6823
1738
3299
463
309
5645
4566
5105
2073
944
6655
7203
487
7307
3268
7935
5763
7481
647
1764
2402
335
3528
5654
2232
2300
2426
5805
6131
738
734
7374
5180
7655
4158
1027
4607
3061
2656
5368
4760
2342
2438
7457
2752
1537
1041
6171
2786
6184
7565
584
444
3826
3203
6780
5105
3511
2818
1211
1684
2161
2875
6946
6224
7010
3297
1980
6345
2656
696
2614
6924
1732
7708
6504
1735
2834
2249
3151
3723
5969
7353
1752
6392
5771
299
7082
6771
6471
7792
2455
7557
1339
5313
2764
4950
2306
901
5644
2536
5841
6576
6359
5413
3886
4791
3181
1530
5815
6492
7283
5356
5573
4271
6515
7616
2998
5597
7728
6910
5406
6201
1602
2352
6803
6231
5796
2612
2205
3036
4362
7616
7450
1668
5159
6235
7896
4082
3867
4051
4234
7811
8041
2724
7422
1840
3776
6688
6471
6573
5787
2950
1062
5340
6759
4427
3680
4592
7432
921
4032
1113
5510
809
6896
944
5164
278
6351
6238
970
1013
1050
5627
1089
6766
4156
5974
291
2382
6056
1441
795
3859
4596
5191
4062
2172
236
2278
7768
5687
4704
6286
806
3537
5144
2631
913
1337
5866
4006
216
7963
3631
5168
5358
8136
2168
3384
7206
4208
4131
1992
2978
8103
5125
279
8007
3273
6592
7509
5307
7492
7743
4957
67
6801
797
5731
2681
5587
6172
5885
8049
2577
1539
33
2994
3503
5863
2622
1923
643
17
4731
5957
5693
7653
6744
5416
6149
4192
1536
8013
7103
4205
1110
2385
5377
5861
7860
2225
4967
5493
7786
5389
4370
622
2495
3721
5319
4427
8041
2067
1460
7897
2671
3407
5196
1350
7422
4345
3093
5522
2315
6122
3850
5522
7906
2177
3480
7706
2216
7042
4070
6634
1705
1821
5147
317
378
879
2168
2971
3545
3273
1586
2093
3035
193
4593
5128
7213
1405
7247
1396
449
1040
7650
4464
1712
2455
4714
4447
2762
1777
8007
7952
7874
2954
6804
7121
5369
7973
7645
3673
7465
3456
7762
6767
1455
646
1951
6078
6737
7748
593
1796
5000
1830
1319
1321
3566
784
1495
626
7851
1627
547
7795
8153
6019
732
2238
3695
7015
1469
5346
657
7995
4950
4821
6535
8085
5122
5752
5252
2050
8120
3924
7666
5997
1364
3202
1815
1077
463
7152
1207
6015
1469
8071
7530
7547
3862
1212
4617
2446
5463
1141
725
6365
7264
5177
6392
2370
2414
5766
776
61
7653
4633
4111
5843
5995
4087
8173
633
7810
7771
8118
5608
5667
4032
7707
1740
7424
5057
99
7101
4694
2312
854
3666
5985
1093
2786
7434
4987
4208
1773
4683
7361
5080
3544
5772
2436
4187
1314
4369
4092
3876
7236
812
66
6340
1153
6540
1532
1027
5926
7423
823
6144
4799
1328
1684
1168
3197
3737
5168
5068
2791
5625
