0
0
0
9
0
1
0
1
9
4
0
0
1
1
0
0
4
1
0
0
0
1
10
0
0
0
0
3
0
0
0
0
0
0
0
0
0
0
0
0
0
0
0
0
0
0
0
0
0
0
0
0
0
2
0
1
2
1
0
0
0
0
0
0
2
0
2
0
0
2
1
0
0
2
0
0
0
1
1
0
0
0
0
0
0
0
0
0
0
1
0
1
0
0
0
0
9
0
0
0
0
0
0
0
24
0
0
8
8
4
0
0
0
0
0
1
0
0
5
1
1
6
7
0
0
2
0
2
0
0
0
0
0
0
1
0
0
1
0
1
0
0
0
0
1
0
0
0
1
1
0
0
1
0
0
0
0
0
0
0
0
1
3
0
1
0
0
0
0
0
0
1
0
0
1
0
0
0
0
0
0
0
0
0
0
0
0
0
0
5
0
5
0
1
0
0
0
0
0
0
0
0
0
0
9
8
7
9
3
0
23
4
0
3
2
1
0
21
0
1
0
12
0
0
0
3
0
0
0
1
0
3
0
0
0
0
0
0
0
0
0
0
0
0
0
0
0
0
0
0
0
0
0
10
0
0
6702
4761
1921
6084
1921
1921
4865
7204
2864
4567
8140
1477
4732
1377
476
926
6688
1050
2647
3583
2540
4895
7252
2373
3753
6126
6578
6260
1419
3064
5800
3736
5087
5032
5032
5032
5032
5032
5032
582
7862
5136
5776
599
4915
4793
5622
5035
2710
4431
1982
1345
5589
1694
7808
3310
352
3605
5985
7646
6907
408
2446
514
5087
6084
4133
5032
5032
6084
6446
5966
1098
6582
1572
3237
3480
2608
1951
3692
6570
964
3211
6141
89
5663
5160
2975
6405
2704
6734
2144
853
2937
6929
2849
5087
6084
6084
6084
6084
6446
6279
4612
7450
4283
244
2468
3063
177
3428
6493
4176
4387
1670
4469
3863
3828
3433
3061
3266
5858
4392
2730
1398
6815
4606
1137
582
3137
2176
2176
582
2749
7335
669
6523
923
4323
5286
6167
187
5191
813
1603
4752
6386
660
7906
3631
2613
6484
5743
6817
3997
4978
322
6850
5957
7358
5823
3961
1419
3905
4122
1373
265
1691
1184
3606
1208
596
789
1183
3025
1067
2052
2526
4639
5339
6739
1911
482
1395
3570
7600
6139
1308
3095
3795
7005
5868
5994
6755
6171
5186
5388
2656
5787
459
7534
5953
545
5284
3214
4541
7691
7626
5583
802
4173
51
6106
2834
5188
8048
3043
8171
334
6541
882
7454
5354
5829
3074
6528
7257
1048
5337
1367
5307
6850
7276
3819
1347
2904
5522
3391
675
3710
261
6260
2020
2643
2007
7977
1048
4906
7885
1232
4871
5465
3733
7324
1076
2586
6604
4232
8010
2155
1453
169
6909
545
6581
603
2712
5260
6107
3721
8187
3196
4287
2526
780
2785
4083
5327
4720
4194
4563
2284
7942
3205
7714
2849
5921
7691
5860
2934
7144
5062
947
3968
7460
4085
3247
6687
6201
5458
7323
6858
2328
6380
768
762
4515
5417
5617
5480
5624
4489
217
6539
3728
6054
7117
212
4337
3841
1845
393
4053
3988
1440
4700
1727
4450
127
1258
3317
2712
6242
5989
390
1233
4957
3819
5373
3356
6813
4417
6057
6745
2381
1153
7821
4309
1042
4957
1613
1477
139
4236
4641
2941
5494
7877
5940
3805
2368
270
2615
2785
6242
2139
5108
5261
4683
22
6010
745
3279
2206
6905
278
3673
5413
4356
3100
4988
6608
6416
6514
707
446
8131
6045
246
822
5069
7843
5458
8076
3363
6749
7323
5546
6328
5655
2943
1226
6732
2342
7534
944
1632
2934
7084
2320
4290
27
2889
6011
675
5624
5074
707
3255
6494
2027
2916
840
1855
1599
4541
4791
219
6601
1226
4724
5417
6687
790
4271
6862
2683
8057
1658
1675
6005
3387
7066
5003
787
2762
7519
7919
7970
7565
5256
465
7380
3482
5385
7404
5820
4988
3183
2304
427
6297
5328
5622
7523
6266
6555
3441
1336
4633
4112
3721
7861
5379
1276
5286
7916
1724
5847
3855
498
5974
2814
7733
728
5489
7384
5883
5417
3351
1110
6868
1083
4241
2448
5090
2535
4976
315
2195
3611
2304
923
1395
924
4221
4599
7323
2129
3611
8041
446
6125
5617
7065
2971
3776
5760
1257
465
2785
1429
1121
3272
6743
3714
6485
1336
5444
1855
5383
7843
6501
4278
1081
6941
145
1812
1744
5155
3730
399
3577
6227
2735
1773
6971
8140
5480
1498
7195
3790
3501
3441
5835
5042
219
6580
3629
4810
353
2834
3592
3568
2298
1401
5485
6284
7393
2569
7800
395
2633
6759
859
2199
5928
799
333
5328
6727
7927
4828
7342
4209
6383
2925
8009
3001
427
2472
3489
5417
6229
5466
1525
2434
565
4683
178
4397
7332
7307
5968
5383
6208
4395
7976
2298
4356
6248
449
4052
246
4663
5991
6679
942
6850
7607
934
2064
4159
4791
1186
3988
3543
1092
2264
7265
1804
6928
7569
2696
6074
315
2583
6304
7078
4481
3008
1835
2041
2051
5820
2341
4412
2907
5635
7607
4346
4446
1296
2584
1258
3140
2304
4588
3002
2863
556
2794
5572
3870
6472
1694
7377
4907
6068
5862
7252
1353
842
5165
5542
7112
851
6297
3162
1633
3737
2970
1602
4446
2184
2643
2984
1284
2974
8155
6824
4331
4963
7286
6152
1599
3893
4575
4112
5181
5682
3299
933
1124
6120
7551
985
6220
1426
123
2868
8064
2386
7249
810
5868
1688
4696
3351
2175
4273
128
4192
6386
6438
3297
3349
7484
2400
6598
2489
3886
3873
7696
1155
3825
5938
3320
341
2364
6312
4491
6212
5942
5143
2256
4021
3298
8137
1599
4907
2639
7004
2575
5576
5520
1406
6953
3711
4869
3668
254
3959
5371
1506
5028
5076
304
907
215
7350
2979
3651
4356
5418
3308
3765
2187
3778
6868
4038
675
2586
903
5473
308
857
590
922
5937
4955
260
6650
2833
7932
568
219
6166
5894
5456
6012
5909
6759
3230
3602
7278
5001
585
1270
6770
636
3476
7216
1139
3148
1217
550
5403
3271
4796
6262
4126
6144
2541
4784
6014
4229
377
4440
7427
3290
4053
155
6914
994
7258
234
7278
3316
2199
1137
4915
7116
3821
7442
857
4027
7519
6612
6065
5629
121
5128
6546
5024
7622
705
3610
2583
2040
5319
6395
4251
2284
3634
7503
4657
3117
3993
5595
1973
3841
24
2498
752
1562
2119
3651
6369
476
7285
6438
3068
4498
2547
6137
4765
8070
5722
5893
2080
7888
3077
765
1534
4991
7104
6618
7381
3121
7626
1870
5382
2258
3896
5557
5119
2895
7303
6639
536
96
907
876
4912
3792
1602
643
2080
1523
7237
5153
5608
3029
6974
2418
137
2740
6271
6198
985
2777
2777
4239
6828
6454
4069
36
4553
5541
5077
6249
1474
7084
4926
4679
1062
117
8143
6458
5838
6911
5986
3750
1775
1062
307
5928
3363
440
2552
6035
5942
8152
3488
6123
6130
3339
705
7460
3451
6126
6020
6735
6735
5760
1105
758
4659
943
1269
7530
1058
8067
6837
7136
3728
4710
3993
783
3039
169
7600
1473
2229
7064
6189
3563
675
5629
7061
5894
5021
3195
4832
3571
4259
447
994
4572
5403
896
3022
5365
4950
5738
4862
2336
7967
6548
4878
4101
5801
6168
