0
0
0
9
0
0
0
3
10
2
0
1
0
1
0
0
0
1
0
0
0
10
5
2
0
0
0
2
0
0
1
0
0
0
0
0
0
0
0
0
0
0
0
0
0
0
0
0
0
0
0
0
0
0
0
0
1
1
0
0
0
0
0
0
1
0
0
0
0
0
0
0
0
0
0
0
0
0
0
0
0
0
0
0
0
0
0
0
0
0
0
1
2
0
0
0
7
1
0
0
0
0
0
0
22
0
0
8
5
4
0
0
0
0
0
2
0
0
2
2
0
2
7
2
0
1
0
1
0
4
0
1
2
0
1
0
0
2
0
0
0
0
0
0
0
0
0
0
2
1
0
0
1
0
3
0
0
0
0
0
1
1
0
2
0
0
0
0
0
0
0
0
0
0
1
0
0
1
0
0
1
0
0
0
0
0
0
0
0
4
0
7
0
0
0
0
0
0
0
0
0
0
0
0
10
3
8
4
2
2
25
5
0
4
2
2
0
24
0
0
0
12
0
0
0
0
0
0
0
1
0
0
0
0
0
0
0
0
0
0
0
0
0
0
0
0
0
0
0
0
0
0
0
10
0
0
7187
3876
5263
2686
5785
8
2062
6210
4618
2649
7022
7547
1151
5650
2464
54
4009
1467
1037
1439
4710
6850
214
7982
3390
3223
7165
6522
5340
3401
1062
3742
7905
1607
6366
5227
3378
5077
2988
787
7984
7483
2639
4095
686
6452
2957
5427
7614
2831
725
3557
600
5997
930
765
6501
6737
5107
4873
2863
5527
4104
5363
6818
6452
5775
3102
5005
6932
8006
5470
7190
4625
4297
7843
4011
3959
6473
1219
1011
7545
4656
6982
2790
3838
7391
204
7844
17
3614
5063
5596
5893
5112
1606
4199
8060
7111
6243
3420
2532
5075
6170
3667
5363
3538
5595
934
5738
6334
186
7029
6789
7343
4125
1791
4362
4687
4092
1926
3747
1659
6929
2553
851
4861
7235
2511
4716
6361
7644
54
5453
449
1593
1381
6233
283
7022
6828
5874
1446
1004
8143
1619
4311
6090
2702
5204
3138
7953
7121
3427
4082
1151
1364
6720
3993
2784
3229
5705
715
3848
7841
5102
5659
1468
872
981
5019
2529
2047
6510
2527
3541
698
179
6623
5763
5533
5062
44
550
2260
1026
5798
5998
877
973
1875
46
3159
7934
7297
1923
2405
7527
4077
4338
558
4820
6198
6503
3470
4628
7524
1659
4190
6804
777
5159
1159
5551
3807
2981
671
1270
8148
6661
4441
7482
4907
1235
283
7585
2512
7911
8014
3586
338
2529
7205
3631
3022
5682
1808
5972
5168
8160
5681
1433
8105
4694
5873
4085
4506
3652
6186
3916
5801
7764
6189
3022
3494
3068
1287
6289
1
237
1786
2658
2469
65
7637
5943
5270
4368
6770
1664
4984
2080
474
3984
1661
5374
716
7025
5303
5078
671
6011
2988
8155
3185
657
7584
7506
538
373
98
2586
3401
5524
5017
198
1063
5522
7775
5117
6688
2263
4580
3480
7145
1805
1735
6531
6372
4392
4159
7514
4618
4384
3120
8014
3562
941
7013
6619
5756
1345
7883
5965
182
6412
4373
2498
4624
2672
1245
7077
716
7815
3127
8132
84
8053
5621
7185
492
4174
3264
7810
3483
1841
7583
1821
3068
7737
2002
5222
5009
166
6918
2249
3248
7324
6493
806
5847
3144
5587
3933
4174
7966
7667
5245
7611
84
1998
3231
4347
292
125
4386
5314
7785
2867
6686
6009
3401
4641
4106
1470
2352
1115
2280
4309
1322
2619
3829
1339
2316
7470
2327
2539
5131
1947
4001
1085
3532
1008
1871
1363
6353
6087
6426
3702
4293
4143
7165
2639
6104
83
3483
3203
5307
1433
6848
1428
5780
3716
7817
2969
3895
298
2189
3245
2228
2576
2834
5281
5493
1520
7176
1964
7707
1511
1000
5915
8060
2284
4551
4492
7226
304
3001
6022
6936
4314
7120
6169
5357
1862
5352
7566
5040
1591
3435
2653
2933
3960
3367
6819
1798
3307
7839
2838
2752
5713
5519
2478
5495
5495
2374
4222
6154
5223
8071
6551
6569
7203
1798
6179
6319
905
3874
106
5522
2093
3914
6074
8095
1094
6237
4516
3319
5205
2881
5942
2607
5666
7714
6053
7584
4128
5059
1728
2526
7043
445
1358
6783
3005
7184
6896
2838
5557
735
1225
7526
3064
3918
3295
3532
3424
2527
5119
6697
5590
2230
3361
5205
5770
2957
1504
5901
7009
2180
2445
1504
2180
1135
4061
921
7623
2604
4181
6765
3013
356
6896
2944
112
2141
578
6849
3652
3179
4410
2295
5443
805
2107
752
1850
5872
1033
7707
5538
7252
594
5396
3593
4579
98
8030
1739
6041
7177
6502
5518
7208
6316
487
5372
1251
8007
220
1735
788
7757
1078
59
5372
6849
3649
7935
7693
6431
3423
4882
2447
5721
7557
1521
2414
1776
8188
2610
1834
3561
1925
6476
2656
7875
1477
1058
7707
426
518
982
1959
1055
3177
5847
5590
3013
5298
3371
5353
3920
125
4097
8185
5372
7489
1396
5801
4721
7960
3424
3938
3704
7017
8010
836
6521
4948
4489
7711
752
4957
4805
1123
5956
7773
6993
7744
2247
135
107
4870
2738
5606
1093
6033
1726
725
5756
5999
4995
7407
428
2462
7206
736
3904
2081
4640
673
3914
5680
6088
712
3554
1422
1683
530
7156
4363
2733
6328
5467
6856
3739
3000
1262
2459
340
3685
4229
765
5709
6936
5983
3813
8105
7169
3623
1768
793
1919
5210
5522
4505
7948
1028
8010
4995
4663
7258
3159
518
6841
6236
4661
3159
3322
1697
1567
98
5826
1719
3559
2765
3814
5510
3939
689
7172
2724
1008
3904
5791
8191
4754
1095
1396
4036
6313
5543
6617
3232
2858
7562
4118
3068
7647
4442
5071
5722
1226
3068
3503
1415
763
5602
38
2095
1254
7034
5636
5128
3307
5780
5780
524
5210
7485
945
8129
3830
5055
1141
4776
5440
7401
3291
137
2925
7545
7218
4406
7945
7934
865
2631
3848
2214
3424
5300
7191
5303
6313
6918
7721
7566
6085
7934
3722
2832
6868
643
219
6850
298
5810
7323
2570
6386
1659
4056
1988
3693
6266
1613
1117
2836
6830
1234
4317
5135
3611
4870
628
3900
7281
1942
921
1849
3223
1659
1449
7736
4949
3993
4907
4551
7327
2570
219
5972
6450
1896
1079
4392
2675
1576
8155
5408
3076
4545
3095
1037
8143
7437
2410
7237
1181
7063
8091
7038
3693
6639
6436
238
3950
3559
5843
2001
247
7764
6619
4790
8050
7982
7921
8014
5291
372
3081
4614
3002
6170
4338
4498
1360
5898
6044
3001
1932
7187
260
4061
4735
7213
3965
721
2336
4106
6150
6150
2030
3621
2717
1125
5762
5086
3288
1941
6759
643
1659
2741
7357
5139
560
2341
4431
4229
447
3002
3690
2104
1360
4652
2103
6216
2347
3410
4037
1352
5746
7940
2835
1817
3367
5972
273
211
6632
4858
3848
2284
5679
6150
2485
5581
2135
6216
5446
6389
4004
5846
1937
1115
3120
1057
7146
6482
8075
2549
4322
2918
1576
2796
2558
2165
6125
5511
3369
5622
1200
8122
3184
304
580
6415
4976
5629
837
250
870
6088
3947
4937
5805
1979
1151
3559
448
2934
3528
4160
1999
1774
5279
7942
4099
4900
1393
672
1917
2499
6891
2482
1744
122
4148
5496
334
7087
