0
0
0
9
2
0
0
3
10
0
2
1
0
0
0
0
0
0
0
0
0
10
2
7
0
0
0
2
0
0
1
2
0
0
0
0
0
0
0
0
0
0
0
0
0
0
0
0
0
0
0
0
0
0
1
0
0
0
0
0
0
0
0
0
1
0
0
0
0
0
0
0
0
0
0
0
0
0
0
0
0
0
0
0
0
0
0
0
0
0
0
0
4
0
0
0
5
1
0
0
0
0
0
0
21
2
0
9
5
6
0
0
0
0
0
1
1
0
3
7
2
2
3
1
0
1
0
0
2
0
0
1
0
1
0
1
0
2
0
0
0
0
0
0
0
0
0
0
3
0
0
0
1
0
0
0
0
0
0
0
1
0
0
0
0
0
0
0
0
1
0
0
0
1
0
0
0
0
0
0
0
0
0
0
0
0
0
0
0
3
0
9
0
0
0
0
0
0
0
0
0
0
0
0
11
4
7
3
5
2
24
1
1
0
3
2
2
24
1
2
0
10
0
0
0
3
1
0
0
1
0
0
0
0
0
0
0
0
0
0
0
0
0
0
0
0
0
0
0
0
0
0
0
10
0
0
4053
1892
4920
5925
1396
856
4618
4568
6357
2210
1532
4065
1010
725
3136
3475
3002
3986
7777
6271
4239
5756
4763
5915
5716
4399
5542
920
6203
2465
5226
3037
1295
471
1424
7899
5572
7252
581
8014
3472
6966
4943
6473
5346
275
167
3449
6447
2423
4641
3010
7121
2135
5614
5762
4511
6738
4010
1090
3378
5622
383
3401
2662
7281
2530
7823
6005
7755
3793
1087
6500
364
955
1140
7655
5389
670
5228
2748
4413
4759
3632
560
3862
6273
1434
681
1234
7524
5604
552
2164
7313
6922
2423
1602
7716
5427
7806
979
7545
4214
3943
678
1712
4751
3114
1735
5550
8087
905
7308
2443
5079
5647
6257
3494
4239
3916
5000
2591
3510
4374
6760
4498
4419
2995
7820
6060
1736
4718
6011
4175
5730
3744
4493
1115
1213
5319
178
7478
4859
2488
1618
3783
4268
3263
5553
4858
1140
2850
2979
7313
6843
5816
6746
6661
695
4600
6414
6498
4981
2788
2260
1168
1204
4280
1825
2467
3609
6887
2445
5633
2316
4181
7291
6274
4608
2253
7518
4632
2630
2484
5322
3145
4861
8184
674
684
2850
4791
7941
2499
1275
3876
4680
1004
5314
6418
1825
4694
4970
4489
3376
2673
638
957
5243
57
672
3402
4239
2333
5526
6267
2517
7175
8102
5105
5459
6332
1020
2279
6011
2820
3729
6069
1031
7916
7737
771
7436
3348
3565
165
7362
1993
2383
6518
7366
1342
2532
4406
3912
3539
3529
2752
3179
309
2607
5718
1033
4714
5964
7867
2105
3420
6216
1046
4747
684
4375
322
3493
1173
2128
4292
4308
7136
901
1940
3155
2233
6551
6625
1225
3763
1422
399
7309
1489
4226
7219
4714
2456
5739
3501
7776
3358
1395
2609
2551
266
4038
3268
2996
5882
6064
1871
4181
2597
3307
3276
2757
6240
7009
5696
106
642
3181
4627
909
2394
2046
8027
5211
3709
6117
2791
3351
5037
5691
7359
539
453
2677
591
6270
1220
689
6977
5524
1871
6237
3369
3721
7842
1916
2985
2821
3500
2779
3309
3132
1924
5307
6604
6819
1266
2764
2764
1631
7102
4161
6171
5620
6131
5771
1011
3384
4906
6741
1798
2113
4377
4292
1785
563
8187
7009
3877
2936
7251
1853
2359
7211
849
5515
1057
879
6239
2104
1018
5814
5524
1433
7191
3249
1428
4990
2067
7735
6617
3361
5590
4829
3435
6871
2393
654
1223
3703
1405
7559
5303
4147
3700
1743
7309
2826
6829
4606
560
3950
888
5177
2436
275
2317
2283
4497
6804
3939
7825
7528
7428
454
1569
155
6743
4602
6923
1871
965
936
1878
1872
7339
1882
4998
1597
5007
6621
2112
5107
3085
6829
3334
6688
76
1810
7113
6648
3853
4059
3206
909
2996
1974
1539
7874
765
6509
1470
3914
2607
6983
929
1675
2902
3609
4997
2312
4311
7571
3001
1613
3503
1530
8049
7291
5014
521
7893
7138
1810
884
4997
301
4427
5736
5351
2041
1327
4509
5325
1618
5538
7311
5264
788
5369
1141
7275
6846
1881
3401
3002
2164
6988
8030
3183
2886
5016
1588
186
7463
3776
4938
2127
6291
4605
3100
1943
1494
4702
7982
1955
5333
7747
4396
643
6750
6979
1569
2728
7467
6415
1242
1830
2284
1395
967
4038
6864
3870
5265
1717
6273
5402
6925
2301
7765
1151
7784
6154
1784
3557
3957
2424
5977
2463
4685
1502
4004
4492
5172
2762
2791
3755
7726
256
6232
6234
5232
395
4079
3121
3176
2635
2741
4294
4926
3101
1837
754
6128
2184
3526
6498
5287
6505
1497
1843
6935
4597
7172
1532
3077
373
7799
4836
5543
7211
6692
5063
799
1650
2612
7313
4881
5482
1976
3515
5810
1864
305
3138
6033
599
198
7320
3426
5848
5392
7738
239
5521
5653
8163
2266
3916
1071
6189
7666
1030
5430
1697
799
7892
7301
4933
3176
715
595
4092
5172
7167
1926
5883
216
1525
382
6689
4241
462
2228
3780
2919
8164
3734
5995
445
7085
3577
1649
904
3559
5155
7884
1285
5754
6272
482
5742
5099
672
6409
2304
672
1401
6303
7437
2246
7135
6253
1428
2613
5694
5493
2283
2985
3297
2107
1629
818
3698
3832
8006
2949
1353
7209
6509
1009
3059
2111
4732
7800
5109
5191
5354
6839
3911
3651
6649
5089
1618
7464
5259
6199
4422
836
569
6583
7681
735
1092
1421
5562
30
4352
4493
6181
4907
169
1566
3095
8018
4114
5553
7527
811
7631
8048
1319
3962
7941
455
2079
4631
1522
1055
6005
6241
6615
7711
5376
6525
3000
1400
3739
2124
3816
3223
7218
143
2811
5282
5944
3694
7888
7615
3995
3963
1196
3167
4426
4356
1724
6681
5263
947
3710
4385
3359
7773
8135
2004
7244
2418
6489
6381
8172
2070
7236
4568
7468
4112
942
2090
4525
802
7664
4264
5239
6465
5675
7393
4736
256
7989
1103
3548
5521
8047
8133
3849
5839
3369
6200
2004
382
4624
2205
6931
7602
82
3290
7524
1236
3237
256
1678
7086
1424
1707
949
2257
7548
8137
2030
6749
3148
5045
474
3696
4215
7732
6742
8159
1768
6615
7843
5278
1864
1251
8146
3723
1415
1011
6955
5020
4532
5283
272
6563
6789
1494
2232
6760
3691
3557
7396
6498
7057
316
498
3143
1610
6074
7428
6153
7250
5376
6967
5384
7200
4184
2079
317
6437
6843
92
1015
139
1999
2419
7304
4143
8184
7057
2157
2560
7087
373
1012
4111
7914
2286
5803
5459
7380
1933
2205
7549
6805
515
1609
6342
5640
2551
3721
272
4354
2064
951
3001
7588
3363
3159
4583
7717
1162
7121
4410
2667
168
7232
1220
7573
628
406
8116
5347
7314
905
1726
5159
4869
5396
1609
7068
7009
4975
560
5591
1721
797
6052
8127
4702
2840
1207
7
7227
179
5215
6983
3138
4115
4234
6977
7285
7189
1653
3013
1521
7760
8112
6819
1018
661
1887
1109
7381
1631
7941
5742
7527
3351
250
5340
5340
3455
3559
422
3701
7966
1703
7881
818
3958
5442
5957
8160
3581
7935
2151
4936
4872
1595
7456
5330
7370
1079
6950
7389
2157
2351
3470
5155
686
