0
0
0
10
4
8
0
1
9
1
0
1
0
0
0
0
2
1
0
0
0
1
4
4
0
0
1
3
0
0
1
1
0
0
0
0
1
0
0
0
0
0
0
0
0
0
0
0
0
0
0
0
0
0
1
0
0
0
0
0
0
0
0
0
1
0
0
1
0
0
0
0
0
0
0
0
0
1
0
1
0
0
0
0
0
0
0
0
0
0
0
1
0
0
0
0
4
0
0
0
0
0
0
0
24
4
0
9
5
9
0
0
0
0
0
5
1
0
1
5
0
1
4
0
0
0
0
1
0
3
1
3
0
0
0
0
1
2
1
0
0
0
0
0
0
0
0
0
3
1
0
1
1
0
3
0
0
0
1
1
3
1
0
0
0
0
1
0
0
1
0
1
0
0
0
0
0
0
0
0
0
0
0
2
0
0
0
0
0
3
0
6
0
0
0
0
0
0
0
0
0
0
0
0
12
6
6
3
3
2
27
1
4
3
3
2
0
14
2
0
1
10
0
0
1
4
0
0
0
1
0
2
0
0
0
0
0
0
0
0
0
0
0
0
0
0
0
0
0
0
0
0
0
10
0
0
3322
6903
3577
4694
3849
5430
5332
2002
3969
4643
2059
7888
1929
48
2013
4346
2150
5896
3120
3077
2119
3647
4950
4291
5375
4987
3844
6639
1497
4881
2547
5868
6823
4847
210
210
7056
8151
702
727
3229
7234
5601
5166
6000
1029
3823
4842
6564
3158
2459
8151
1105
4623
5998
3480
6124
5398
2654
3289
4609
4881
673
1523
7966
5227
2015
34
1430
1217
2442
149
4734
3263
5224
7061
684
763
3506
7227
3210
7172
7679
4291
7721
4261
1581
2560
2422
1989
650
1620
4340
1522
169
5160
5166
5771
2597
7587
8187
4694
2359
2693
4807
4793
7357
5810
208
4824
7811
7093
1443
8190
3487
491
6700
3186
5057
4232
988
5290
4985
3682
2780
2137
675
5890
6243
1050
5531
5896
4290
1289
1964
7590
5636
5273
48
2384
1923
3645
6307
3732
2512
1581
5740
2291
6366
7584
30
6608
2531
7962
2907
4830
2512
5398
5235
2149
8136
1713
4824
4545
7056
4758
6650
3560
3734
4640
7059
947
3405
2166
2054
4223
2645
4858
7212
498
2419
4472
2187
6269
1699
7811
5403
1029
2442
3460
6132
4239
6583
1129
1163
1597
6070
1047
9
60
1810
1472
1989
3490
8047
7967
505
1992
1784
3781
7761
3827
4651
3879
8100
1992
7011
4329
2829
3825
2357
7369
5671
6833
2679
843
6308
5709
1605
5301
7121
1293
7869
4329
7371
1686
6821
4729
2291
2770
7080
5094
1710
3827
973
2291
2291
2959
2817
7582
1099
5366
5487
1732
7914
2484
4491
7747
1285
1839
6134
3695
5513
2825
6294
1395
1555
4286
1628
2130
7060
1710
3867
1491
2959
3776
6913
7264
4715
5224
1669
1687
505
1477
1749
5385
6479
7757
2464
4623
617
6781
2318
7002
4211
4858
2252
4472
758
1528
7264
8185
7922
8185
1378
7903
5407
5124
1898
3125
5806
6071
2792
2187
7974
6998
4934
1289
2810
6249
1029
6000
7745
6015
1717
8105
4017
1029
729
651
4689
1145
1992
1378
216
1681
7460
3698
3135
1349
6468
755
4256
1623
2187
4617
3752
6321
6735
2442
2372
4274
1169
7913
3161
726
3455
109
2558
2109
961
7264
7346
4365
1292
755
2847
6662
1894
3169
6928
7822
51
3575
5622
8057
3048
1846
7269
6228
6389
2295
331
7940
3570
3061
6583
978
4290
8135
2286
5223
1528
7264
3215
7875
258
5146
7381
1922
3975
3125
1283
6383
6662
2215
5353
4767
2134
7173
2792
505
5462
4752
3881
3148
4211
254
255
7494
1220
7040
156
508
7844
7374
3978
7771
2094
7146
1307
4611
6518
4679
4182
4530
7916
4696
1788
7430
4401
4831
431
1992
4395
2291
5516
5163
2002
7180
2270
7543
3433
1864
915
7950
3864
7358
4166
1831
4976
8057
1460
4962
4467
6297
2336
2316
3857
6322
2900
505
5358
5042
222
7271
1734
6737
7051
931
1124
5945
212
486
4491
7582
7463
352
5848
7465
4682
4576
1271
562
2198
3214
5354
5024
340
7663
6535
4333
5124
5409
970
3868
3397
3397
4212
7264
4962
6295
7493
3229
4503
227
1821
6950
3797
6273
6998
8027
6985
4767
135
216
6399
87
3398
3901
88
2957
4524
420
2993
2991
6755
4166
5769
3048
3030
3030
5407
3838
7463
6144
4187
4914
5279
3481
1534
7415
4478
2916
5733
391
505
5407
4946
4819
672
2576
6452
5971
3401
2943
5908
549
3985
222
3397
3295
755
5240
2660
2419
5620
1333
4007
5537
915
6724
5402
8159
5817
1477
2094
6930
755
3466
4190
5011
5555
1976
3862
7982
780
6010
5407
7974
4893
6172
5733
729
4329
3684
1535
6330
240
3394
202
2780
1556
4111
5810
7101
287
4360
3215
6891
2499
5946
7264
6676
7240
8076
6010
2627
3998
6928
4655
8057
1992
7742
2847
2893
3427
4716
8187
1009
2429
5364
1767
2013
2278
1940
4353
2957
3726
4710
2867
2314
2847
216
4983
2450
6433
162
8062
4683
107
3698
1332
5146
1833
755
6930
7264
1687
6940
8048
3358
6989
5332
6353
6531
7119
2283
2558
959
1105
7713
2291
7264
5366
7264
3030
7350
7683
5366
8062
1707
3426
6557
2847
1528
780
3892
3332
755
2908
1329
1046
2597
237
3768
8105
6776
6583
1105
4340
7592
3869
3508
2847
4212
655
755
7941
5967
7430
3397
697
2165
1687
6670
4398
7875
6747
51
2339
921
4878
1595
36
3706
6004
2957
36
925
4194
568
744
5332
5624
1307
505
4212
4929
5382
972
3397
6692
5981
2738
7396
51
6747
7735
5667
7875
2094
1635
8030
5998
1084
4595
382
6823
2372
208
36
5107
5507
1661
3346
361
1206
2094
5240
1769
5494
7476
6957
3659
5981
1451
7613
8084
3940
5407
6437
2960
8185
5358
1333
1556
2884
3533
5587
6823
137
8046
1680
7018
6366
726
262
3229
4858
2124
2654
4067
4398
3104
5358
1206
1710
1992
1709
2954
5407
4212
1724
508
2663
1584
3299
5403
6262
2690
1830
2410
6889
7182
3115
6654
1430
7230
5767
5092
5332
4340
3572
369
3659
7066
7482
400
5407
216
959
5332
6692
4983
6994
1090
1275
947
6124
1479
7908
5332
2029
1275
1661
7436
6131
1556
5255
3245
2672
30
3196
5185
3469
7948
1145
4676
7887
4082
2386
6897
6759
758
3821
6048
4984
1395
7510
5444
3572
5232
6124
7811
5232
5309
30
7779
3969
6776
7070
8157
5451
6864
5733
5193
1798
947
6735
254
4290
6756
2800
3161
2679
6473
5272
5024
5198
5398
727
24
8048
7491
7121
266
5739
1241
1105
6660
1733
6583
3497
8059
1173
5883
849
354
6756
7061
2654
5301
6650
7585
4065
702
2907
5679
482
7319
2442
4571
2152
361
6820
2404
7788
7176
2654
1965
1748
7377
7859
3571
3673
8018
4060
1589
7811
2498
1732
3051
116
5819
3541
3851
3544
7545
3589
4759
2379
921
2379
6740
1024
3600
6549
6919
5066
4765
6580
6820
7823
3432
6626
2359
6493
2461
2133
5999
6499
5620
2532
5801
4641
820
1988
1746
5732
902
2118
3263
1595
44
7196
2379
4623
6060
7777
1770
3504
1836
7798
