0
0
0
9
4
9
0
0
10
0
0
4
0
0
0
1
0
0
0
0
0
0
1
4
0
0
2
0
0
0
1
1
0
0
0
0
0
0
0
0
0
0
0
0
0
0
0
0
0
0
0
0
0
0
0
0
1
0
0
0
0
0
0
0
2
0
0
1
0
0
0
0
0
1
0
0
0
1
0
1
1
0
0
1
0
0
0
0
0
0
0
1
0
0
0
1
7
0
0
0
0
0
0
0
16
3
0
6
2
1
0
0
0
0
0
0
3
0
3
5
1
4
4
1
0
3
0
2
3
1
0
1
3
1
2
0
2
0
0
0
0
0
0
0
0
0
1
0
0
0
0
0
0
0
0
0
0
0
0
0
0
0
0
0
0
1
1
1
0
0
0
0
0
0
0
0
0
0
0
0
1
0
0
0
0
1
0
0
1
3
0
9
0
0
0
0
0
0
0
0
0
0
0
0
5
5
10
4
0
4
21
3
1
4
1
0
2
16
1
2
1
13
0
0
1
1
1
0
0
1
0
2
0
0
0
0
0
0
0
0
0
0
0
0
0
0
0
0
0
0
0
0
0
10
0
0
5077
5073
4038
825
8105
3487
5904
7613
2773
3259
5133
1581
3541
2629
30
7314
3056
1900
5545
937
6201
7877
5736
1931
2496
5220
1600
1539
7148
7584
4478
6417
7056
6041
4698
255
5537
6327
3367
1395
5385
2013
7189
2057
7177
568
6320
1820
5332
6544
999
48
3487
1932
2271
5677
5332
5350
1413
4759
1836
4851
3259
5364
3158
1900
1769
7723
4007
4441
4390
1067
531
1944
6877
6085
2557
2459
5485
744
2948
1049
4570
3712
7494
4120
4472
3096
2459
1988
3911
2248
8160
1765
5439
3773
1620
3167
471
4948
1732
6053
5143
3510
1103
2464
3081
3658
7745
2512
3044
4377
5198
5666
4697
2002
1535
2976
6656
5840
3077
3927
2558
3631
4207
2271
3600
7002
4491
4735
3506
1703
7757
1664
5112
8103
2954
3862
2993
3125
4976
5472
1911
5654
7143
1050
5364
448
1752
7520
7642
740
1534
2167
5757
3301
7745
2002
5975
1029
48
4017
3358
5445
5445
5275
7344
1581
6006
7396
7249
6662
7440
7095
7815
4950
1588
2792
2633
1814
6875
1537
1605
2167
6307
1760
4392
3904
5970
7679
3405
6249
6000
7093
5397
1988
4270
5472
6176
2684
7536
5455
314
7465
3952
3426
51
1976
4676
2897
3077
5220
3986
1124
1078
6003
7816
14
1331
3821
4290
3684
4596
1838
2465
4190
7692
4740
6082
4983
1528
1582
5256
3881
3081
5585
1206
2990
755
1351
2582
505
1620
4824
2002
5220
3154
2771
30
1029
411
960
6089
3346
3083
3706
3433
5118
763
1767
1534
4266
1528
6400
7787
5170
129
5042
5873
6596
6561
6816
3104
2238
809
3657
2308
722
3876
1728
2483
2684
3168
4735
2339
2907
2405
4608
3391
4881
2130
5576
3888
1620
6010
1338
6400
302
1374
7165
2054
956
942
516
4323
7875
4126
549
1398
7408
1206
755
5591
4697
2769
4340
575
6827
1709
4609
3210
4272
4497
4685
5556
7733
5880
5497
3612
3063
6745
395
3694
5353
1377
3678
3985
7733
3127
6928
755
1650
3659
3397
6744
3125
2291
7408
3864
8030
6141
4291
2022
2881
2265
4984
2655
8076
7735
6399
5634
353
4904
3790
6980
7595
6408
1063
2435
2991
2688
3479
2094
2450
3879
6957
4827
2291
7829
2021
2897
4735
3541
2464
4489
1081
1556
4812
238
7317
5144
1208
1560
1184
5343
3968
6758
4372
1530
551
7650
6225
6194
7787
1332
1986
1283
3827
6787
6747
7875
6928
6334
20
2199
5778
6179
4497
1245
4395
5240
549
5662
7045
4655
353
5450
2277
6052
7424
4547
4286
3125
7829
3770
3221
605
498
6618
1986
3479
2168
5806
7430
2020
7181
5328
4472
5198
36
4851
6485
1477
2098
216
6692
6468
6485
6632
7063
3809
6493
762
3567
216
1628
6010
302
724
7476
3613
1551
3183
7430
6556
7412
1991
3839
4478
2002
3722
7121
2137
4340
4929
4929
7060
1831
129
1619
4599
7144
3988
2792
5981
2770
2750
3183
6399
7375
6816
7675
1976
4655
7430
7271
5981
5910
929
6380
4472
2464
4442
7889
5739
5514
3541
1680
258
6638
3125
3489
6816
8076
3458
3985
6244
7840
1145
7045
5146
5182
5145
159
4614
3427
866
6805
7412
6180
1484
6766
1613
744
1396
5627
4410
7987
8006
4092
5151
3397
6738
6336
6998
6596
4401
5353
7158
5240
3101
2427
6352
4993
2364
2762
5489
5283
4248
505
7264
1477
222
6068
1160
4007
4290
3047
7196
6889
7935
6493
3770
2925
7713
7430
6757
7705
6969
5261
198
929
4446
7650
3643
4697
534
36
2515
7844
2942
2427
7683
1761
1761
2171
4231
4143
297
3186
852
7299
1217
1940
5033
1258
2427
3825
5358
1858
2638
2291
1431
4280
381
2187
8147
6172
7903
5549
4338
420
532
7159
7569
7263
3426
7264
2770
7929
5531
5689
4352
3510
6076
2032
6608
6638
6104
7375
216
7117
7534
5624
41
2311
1693
111
2427
2291
866
5144
51
6383
1332
7829
5373
809
2427
1687
2650
2339
539
4822
3694
7622
4521
6756
1010
6227
1023
7249
1451
6761
6909
2197
4110
2168
565
505
603
5146
6400
5353
956
799
5366
2094
527
5408
1080
5565
4221
6031
4625
7757
8187
3292
1605
7733
2892
4340
5290
6557
423
3682
866
6842
1534
1042
7875
4373
6189
7375
2311
8014
7257
6744
4435
1326
4212
8064
7679
7916
934
1680
7287
3376
1658
3146
3972
372
4698
4291
2907
568
722
7028
4491
2464
7028
2094
4929
3892
3447
1710
1922
1218
8185
2450
7074
549
2094
1687
7436
3851
2374
4491
1303
3371
3490
7391
6162
5675
2894
5629
5290
3092
5403
3790
255
7866
4224
2175
1680
7910
1555
7080
415
3173
3426
7430
976
3857
2750
794
5297
227
5636
2558
3153
568
7570
7172
7493
1699
8151
2137
919
3823
3647
1057
5403
3775
7876
795
3391
7965
408
3247
3682
5715
2386
4000
2658
3657
6791
5184
4070
2190
5886
1204
3541
2459
6000
6509
5394
6824
7064
2539
393
7314
2786
3814
1473
1040
4894
1549
2137
255
1037
4340
1767
586
3820
2532
7358
1757
4950
7533
908
5868
1012
3259
5010
2361
5886
623
7620
2632
3140
4580
3119
4642
3764
681
3212
5715
4372
486
411
744
2405
4491
3158
4809
606
744
6068
7393
7926
6737
673
465
1448
2586
845
5874
5874
393
3003
3433
1748
4788
3420
2671
3148
5220
8030
7113
4881
4150
2425
777
2999
4809
899
5113
3391
6660
1638
4278
3600
335
35
397
5654
7318
4462
3358
967
7256
554
5805
2464
3577
7570
568
4950
5226
4740
3645
30
7887
7910
2271
372
740
6082
5128
5232
3416
4368
5675
5748
4312
7012
6798
744
5836
7733
2010
1864
7967
2031
4950
5536
1929
2907
649
2227
915
3933
3358
7910
5998
2464
6824
5547
2679
1017
1057
7497
3722
2392
2504
5581
1220
2554
5176
2665
6654
3775
2566
3155
2930
5802
4809
5675
5275
2361
591
2854
7781
3358
2405
5982
5272
1103
2629
2533
1159
1653
30
7002
7788
1333
7090
5831
2239
4192
82
4553
5584
