0
0
0
10
5
4
0
2
9
2
0
2
1
0
0
0
0
0
0
0
0
0
8
3
0
0
1
2
0
0
0
2
0
0
0
0
0
0
0
0
0
0
0
0
0
0
0
0
0
0
0
0
0
0
0
0
1
0
0
0
0
0
0
0
0
0
2
1
0
0
0
0
0
0
0
0
0
0
0
0
0
0
0
0
0
0
0
0
0
0
0
1
0
0
0
1
8
0
0
0
0
0
0
0
24
3
0
10
7
4
0
0
0
0
0
1
2
0
2
3
2
2
7
1
0
2
0
1
0
0
0
1
1
0
3
0
0
3
0
0
0
0
1
0
0
0
0
0
2
1
0
0
0
1
1
0
0
0
0
0
2
0
0
1
0
0
1
0
0
0
0
0
0
0
1
0
0
0
0
0
0
0
0
0
0
0
0
0
1
3
0
7
0
0
0
0
0
0
0
0
0
0
0
0
12
7
9
4
4
1
27
2
1
1
0
1
2
16
0
1
1
13
0
1
0
1
0
0
0
1
0
2
0
0
0
0
0
0
0
0
0
0
0
0
0
0
0
0
0
0
0
0
0
10
0
0
3443
5839
3953
5790
7607
34
7798
4604
4722
3185
866
7408
4340
2600
5353
2540
4340
508
1620
3717
6399
7294
4340
297
450
5048
4809
1709
4950
914
7333
740
2279
2458
1103
2987
4004
3687
7592
4255
4080
5353
4678
7329
4698
6010
3998
5478
5292
4340
3657
498
2168
1064
5024
6262
7613
919
4290
5364
2907
2629
4796
684
6041
6818
4950
4858
1988
1155
2441
7827
6737
2943
6048
3985
2000
4683
2187
3101
4708
7654
8185
431
956
4835
1550
4140
4685
932
6724
6989
4312
1765
7040
3391
4921
2773
2868
3747
783
6824
4007
7230
7575
5184
7743
523
7375
4696
1992
2900
1243
7375
1326
2457
4132
2016
5556
8185
3881
5998
1105
8048
1699
5514
3391
8048
5332
4242
5997
1105
783
1748
4630
2907
3497
947
733
381
6816
1654
794
1059
4000
1623
1477
7864
5952
8185
2094
6754
3759
5874
3600
254
4950
2629
5701
7910
3995
675
531
5801
6443
6957
2893
4420
4651
778
1269
483
5848
7159
1628
6048
4780
7257
4843
498
1731
4231
5289
1451
4618
2600
135
1600
744
5288
1478
1595
7077
3666
951
4950
6998
2291
929
5353
3595
4869
2684
7675
6400
6305
6399
438
6744
2550
993
4342
5262
961
2908
3612
5370
5910
7879
5833
2459
7679
1958
4880
295
6372
4294
7389
4698
923
8185
1687
6172
3998
8119
7405
1213
4919
74
5243
5809
4258
2450
7412
5519
1477
7844
152
1696
6010
985
1155
6761
4950
5975
4007
4478
2278
5494
6997
7570
5288
585
6754
6971
2098
2600
7374
6436
3140
5246
5786
3109
7370
41
7084
7046
7045
3678
6363
1326
4212
7346
557
5322
778
3120
1988
5982
2986
4038
402
6928
4373
1802
3776
1525
3998
4678
6557
6443
6864
1631
3668
5168
7844
6754
5786
4680
7102
7412
4682
5462
2770
2386
5617
3252
4339
6735
4950
1217
1664
6928
1294
4752
4752
4620
4620
1992
6957
4611
1104
4435
5743
4456
1686
4679
3174
343
5940
4212
7264
4868
5262
6298
1149
5358
1075
6735
7757
3995
5892
3358
2629
2737
498
1528
4440
4440
2171
6692
8100
3998
4205
1688
8138
5812
6357
538
3541
391
1991
3496
4212
2990
1986
5377
740
3682
2907
1105
30
1057
5730
5232
4580
5272
3835
1709
3783
6334
790
7476
8057
3125
6443
4697
1589
5787
1415
8138
2254
7165
1474
1184
4678
1326
3039
6674
7570
575
7011
684
4340
7389
7415
7601
5149
744
7995
4007
3781
7864
4890
6747
2174
5981
6463
1693
8135
4338
7859
3576
7982
6336
562
8057
168
7241
206
3169
287
1089
2645
3348
1767
1620
7230
1825
7059
7582
6041
5407
3508
1387
3104
7761
3054
5358
1089
3135
5042
7045
6969
5230
2622
5409
6557
7604
1708
6088
3125
265
6298
3508
1572
3694
7061
6000
4194
783
1009
6827
2900
1484
4682
6037
4617
6596
5465
2198
5182
4535
6266
7973
1673
7158
8076
3501
4611
7981
569
3602
2770
5262
3215
4752
3183
6243
4441
1105
7230
149
3560
6146
970
4430
2427
2750
12
1115
6425
7430
6582
2574
7095
4611
3685
326
6399
4398
7704
513
68
5262
2215
2482
7388
4803
7910
1046
5171
6053
4796
852
626
7945
3413
4491
744
1620
7146
1212
1178
4922
6561
2003
6984
6754
6787
6106
1858
352
2311
4515
7147
1710
2386
3308
6348
4707
4950
4491
4270
568
3391
795
7500
2614
4152
369
2907
3563
7381
1644
8122
5455
258
7352
2311
4993
1416
5569
7713
1178
3549
3839
4682
3737
599
8036
2121
6777
6363
7033
2560
6000
4361
4007
7323
3614
4866
5048
369
7027
7264
3770
5732
3415
6400
265
3563
3501
7760
7607
3215
4054
997
3681
1710
8057
1226
751
1623
7683
7683
5377
5024
6583
702
568
1160
2820
5702
6737
4361
1528
5124
2847
7687
3183
171
5651
1058
5466
2197
2519
3331
5286
7083
2569
2550
5910
3963
1719
4767
1788
7981
7903
827
1660
2219
5896
254
4021
7941
7781
5048
5829
6762
4929
7476
3458
7981
4715
4993
1115
2168
130
3208
2683
6270
4223
3311
1461
7404
7998
4790
2427
2427
2427
1282
4291
6761
4491
1415
934
5314
4441
4290
7823
3682
3959
3213
2943
2090
8100
6201
7903
4611
3003
1607
6414
1855
3308
6596
7429
1351
973
7784
4753
48
4340
5364
1029
7995
3682
4094
5987
3680
6613
369
6827
1414
5366
4678
326
4844
562
2584
3930
3489
1633
2435
6747
6545
2980
3030
1214
5935
7146
7426
7229
959
7587
2002
5232
460
5364
558
3308
7798
373
4011
4406
4890
7903
5481
6494
5358
3629
1855
7264
7045
6666
4620
2852
7863
2550
358
4333
5151
5256
2847
1555
5107
6307
254
7491
4291
6000
5403
7582
5272
951
7011
6123
4720
7523
6334
3140
6225
6010
6865
1849
4691
3688
353
7534
1892
7702
1377
1686
7350
5565
51
5366
2197
3572
6989
372
4340
1620
1965
2219
5024
2558
5232
2405
4478
1620
976
8057
6443
3883
4340
7658
3446
3247
6982
3567
6738
1377
6010
1730
684
7408
5868
7523
3183
2002
2597
5332
5730
390
1285
6262
2464
4361
4521
1046
4796
1530
287
1332
5274
5048
1023
3451
8084
7388
7981
2598
449
2954
2291
549
1460
4478
1105
4340
4340
1733
2630
1087
5647
1821
1709
482
2552
2459
369
5403
5629
2354
5578
7527
1709
568
5775
4231
7124
1945
1812
7430
2264
4242
5917
1477
3985
2887
702
7995
486
3017
2421
3096
4732
7995
5805
6756
7121
2271
5173
249
1105
7011
2405
3433
1965
2405
4683
4682
5597
6378
2094
4156
7066
5292
2214
5848
1858
4780
4698
7860
7874
3897
5128
3775
369
5514
3577
2922
4011
2271
369
7745
6441
5332
8040
7852
6000
3443
4734
4434
4360
1620
2993
5683
6596
4950
2271
702
4118
1046
2130
254
1241
3166
7230
6327
5715
7613
5276
5915
1733
5332
2015
30
4950
575
4771
4732
7995
1046
3481
4323
2002
4340
729
4676
2410
4796
2130
6735
4533
48
5514
3391
7061
6827
7570
4492
8030
