0
0
0
8
8
4
0
0
9
2
0
5
0
0
0
0
1
0
0
0
0
0
5
7
1
0
0
0
0
0
1
1
0
0
0
0
0
0
0
0
0
0
0
0
0
0
0
0
0
0
0
0
0
2
0
1
1
0
0
0
0
0
0
0
1
0
0
1
0
0
1
0
0
0
0
0
0
2
1
0
1
0
0
0
1
0
0
0
0
0
1
1
0
0
0
1
8
1
0
0
0
0
0
0
21
3
0
8
4
5
0
0
0
0
0
2
1
0
5
7
1
5
3
2
0
2
0
2
2
1
1
2
1
0
2
0
0
0
1
0
0
1
0
0
0
0
0
0
2
0
1
2
0
1
2
0
0
0
0
1
2
0
1
0
1
3
1
0
0
0
0
0
0
0
0
0
1
0
0
0
0
0
0
0
0
0
0
0
1
5
0
12
0
0
0
0
0
1
0
0
0
0
0
0
8
8
9
4
3
3
26
3
4
5
6
0
1
17
2
2
1
11
0
0
0
6
1
0
0
1
0
2
0
0
0
0
0
0
0
0
0
0
0
0
0
0
0
0
0
0
0
0
0
10
0
0
4842
8187
6271
4224
6997
7854
1009
960
5427
5171
6228
7261
4426
4651
7679
6791
5997
3232
1478
3077
2464
4735
1849
3995
3391
4830
2541
5288
2031
2015
1534
841
4294
6183
6510
2916
3229
382
2278
877
5650
4735
6159
2283
966
5997
4065
3959
3959
6346
6321
3405
5364
649
4109
6353
4339
2916
1312
35
2684
2080
48
6889
1944
47
7223
1448
2884
3570
2975
2127
1740
1620
879
1173
1928
845
759
3271
3562
2013
6147
5810
4830
7415
4109
3144
5272
4472
7389
5024
2907
4533
5726
7479
1224
7188
4329
2365
5402
163
7722
2548
5398
7453
1556
2442
6583
722
6500
427
1686
3229
6422
2817
7077
5688
1944
6053
4319
96
2654
6841
3531
1815
683
7049
6227
951
6015
4150
1420
1965
3443
369
3405
2483
3096
959
2922
935
4810
4955
8030
6273
7149
753
2843
4017
1155
6828
1931
1352
1972
5708
3492
673
3358
5208
3959
2907
1105
5248
1732
6776
109
7613
7028
802
527
4634
4708
7688
3879
3581
4112
6864
6399
6999
4809
3572
4950
6827
6775
4851
6876
3492
3712
1597
5275
2986
2907
3541
2868
740
4809
951
3974
7279
4824
1550
1010
2894
4830
498
3460
2418
4019
3693
3446
6557
7160
3203
6548
258
1965
2603
134
7067
5577
607
6417
2271
418
4718
7882
2271
7613
5715
7337
2130
48
3358
1687
6928
6921
6754
2792
7719
8082
3776
8005
4452
6010
1326
357
2142
6680
7132
7876
2424
550
5702
4007
1009
5798
5129
3290
1118
1075
3449
2768
2907
5403
568
4280
3881
7460
6692
313
216
5585
4401
5174
5535
4983
378
7000
4205
3386
26
3849
7437
2357
2533
1312
2467
6227
7545
4242
4809
6417
1502
1641
825
4069
690
1255
5182
2291
1922
7875
378
4166
5124
580
1687
7536
5599
2750
4576
287
2193
8138
4270
4615
4618
1886
304
8160
5290
4950
750
7592
7625
966
109
111
3451
5556
2168
2135
6383
2187
2291
1101
7477
3698
2955
129
1652
287
2852
4212
6075
7110
7405
531
6327
963
7279
3876
4934
3623
1220
6396
807
2137
5332
568
395
5848
498
2098
842
3770
5565
4000
787
2700
3032
7604
4682
4468
1986
7070
7389
2916
4796
8126
5524
3062
7722
4011
7995
7995
1769
4880
4426
4796
2244
2993
2900
7045
2770
8057
270
6010
799
7675
6233
6532
7704
7460
222
1710
4212
6905
3195
2049
1057
3405
4784
5423
4809
1620
4361
684
3732
5914
6877
5403
923
3529
6928
8084
5256
2295
5230
4599
672
6717
6452
3642
1834
8070
7412
4982
4682
7317
1688
6645
6000
4374
289
7753
3571
7389
3405
959
4504
2672
1155
3986
4340
12
3729
6631
4655
3317
7388
5614
3668
3848
3173
3020
3401
3620
3998
3228
391
2148
4360
4280
4700
6929
978
7165
6059
960
1638
3401
7614
2136
5173
20
372
3643
8099
5910
5366
7476
6399
7841
7829
4944
6498
4618
1104
7317
1332
379
4617
2170
1186
7687
26
7913
2271
6076
7995
4125
2104
4270
7416
1522
6535
7913
7828
7768
523
5124
1184
5157
7045
2809
8009
1284
5713
6745
7264
7460
7062
5462
1484
5683
6909
2777
1709
7827
2907
3577
4372
6571
6571
2558
5982
5982
5998
758
1466
2684
1652
5848
6269
2990
1911
3125
5549
5586
7375
6378
3054
3104
1477
7264
4981
7374
687
2358
3995
1450
4934
255
2766
7393
7384
7435
1473
6276
5998
4666
1048
3621
6766
4360
6662
498
6747
1831
2073
1688
505
6747
4756
5935
4180
1477
532
5288
5048
6321
1871
3044
4339
2999
6827
4702
7
5107
7984
7576
3529
5449
1275
3504
7187
7545
4947
5848
7430
941
1992
937
1528
701
4535
2386
7005
3426
7095
2532
4491
6735
1452
7344
876
7078
1345
2676
1886
7956
2333
1118
2516
7845
4096
3401
7679
7600
4663
5240
4679
4715
6662
1980
71
2302
1694
1451
4777
5157
4663
709
4340
4689
2283
3391
1224
5236
7398
4007
3732
4015
2252
3642
4120
3755
702
845
1164
902
3129
1160
2094
7066
4435
1628
5769
1992
4827
6928
7734
1160
729
4194
1965
649
1824
1319
1156
1567
802
4255
1319
5704
4194
5514
7767
2124
1581
4011
4472
3158
4284
6058
2882
803
1695
2769
3691
339
4888
3659
1891
4651
3358
5514
5403
4852
170
3747
3478
3544
4067
568
3947
1479
7398
6183
193
5595
5891
7520
2271
5682
4178
3469
820
1857
1628
1934
559
1753
2441
7871
3783
1620
4578
6000
966
8116
1395
5077
4876
5171
5275
7467
5778
2569
3524
2533
5382
6513
1705
1993
5531
5531
3391
61
2663
361
5537
2916
4478
4361
5687
3581
5254
7716
6447
6058
5198
6317
3161
2271
411
30
5987
4520
7582
7497
1452
1852
2465
7760
7811
7407
5952
3666
5012
7948
34
2080
4448
5057
959
2868
5077
4700
617
4876
921
4880
6549
2013
4623
1988
631
7745
3553
5248
1944
5248
2119
852
5290
2690
6997
5369
1075
6417
1833
1321
6537
7570
4707
508
1453
3120
5077
7587
1522
4340
2489
6089
3588
4533
4211
486
1478
5254
1291
6650
1048
7190
2684
5403
255
7269
5810
2662
4202
3741
7582
6508
7644
5886
1414
2015
6824
6761
3544
588
4596
61
5412
684
6895
4478
6015
137
5720
3581
6833
2979
4079
7866
26
3542
2736
5997
7503
1067
559
2489
6645
1732
4343
4329
1600
2248
1565
4784
643
2309
7888
7188
727
1472
6276
4569
5272
5232
3464
2378
4214
30
3188
8025
5892
6827
1931
492
1890
7337
1279
460
7389
6015
3694
7415
4525
2558
4785
6686
3148
7468
4920
8011
7384
5403
744
1794
5385
1157
4099
2500
4502
5915
1550
5129
1808
1200
7040
4561
4635
2922
4950
255
3682
7113
2467
169
1534
4651
5048
255
3326
3901
914
3433
5403
30
1520
954
7380
7679
7915
6315
1242
916
832
6996
6720
1163
1333
4533
6141
568
5290
3888
5874
1090
6141
4291
2764
5688
795
7389
4340
5514
2684
852
921
1154
1697
2572
533
5220
1824
542
4975
