0
0
0
9
8
10
0
1
9
0
0
1
0
1
0
0
1
1
0
0
0
0
4
4
0
0
0
1
0
0
0
2
0
0
0
0
0
0
0
0
0
0
0
0
0
0
0
0
0
0
0
0
0
1
1
0
0
0
1
0
0
0
0
0
0
0
1
0
0
0
0
0
0
0
0
0
0
1
0
0
0
0
0
0
0
0
0
0
0
0
0
2
0
0
0
0
7
0
0
0
0
0
0
0
19
4
0
4
3
6
0
0
0
0
0
2
2
0
1
4
0
1
3
1
0
1
0
1
0
0
1
1
1
1
3
0
0
2
1
1
0
0
1
0
0
0
0
0
2
0
0
1
1
1
0
0
0
0
0
0
1
0
1
0
0
0
0
0
0
0
0
0
0
0
1
0
0
0
0
0
0
1
0
0
0
0
0
0
0
2
0
8
0
0
0
0
0
0
0
0
0
0
0
0
10
2
8
3
4
1
28
5
2
1
1
1
1
6
0
1
0
10
0
1
0
2
0
0
0
1
0
2
0
0
0
0
0
0
0
0
0
0
0
0
0
0
0
0
0
0
0
0
0
10
0
0
7598
6176
967
6020
4881
5248
3111
556
6651
7408
3120
5048
6053
5077
2374
2850
6009
7063
2465
109
3358
3851
4239
538
538
3477
6031
4568
2411
1057
7997
4053
3264
746
5890
4634
1479
7415
5806
772
3598
2645
6307
4292
4329
1414
1699
1334
5375
3862
1029
2137
3186
6445
1428
5886
1769
2410
5668
2916
6070
1965
4788
7039
7721
543
2920
5694
2234
5201
2608
4616
5731
963
5833
3706
4347
7995
4366
7185
3320
5537
5066
4007
4011
5333
3340
4399
1209
5107
802
1029
1535
7613
1954
4011
6615
421
2629
7098
3561
932
7582
2405
1472
6551
3765
6000
3969
2764
722
3788
5495
7301
2411
1057
4672
5135
7723
4474
3483
5731
5364
7867
6668
5220
5120
8030
4285
4569
2405
6271
3435
5708
5514
740
1539
1474
4560
6053
2285
3741
4419
7613
3542
2465
4835
5402
2557
1931
6776
148
649
139
5762
4934
39
4835
5682
925
4628
1950
1613
2832
7591
963
2379
4291
3123
3267
2119
3268
96
6553
559
7344
7582
2343
5801
7587
6035
2483
684
2031
951
4472
4290
2405
1740
1048
30
5427
933
6000
7418
7184
4538
1709
5547
508
4792
1965
6537
5583
4062
6653
6822
1743
7227
568
8160
2130
1929
1224
139
1728
3773
4809
7258
6002
7823
6571
8094
6847
2957
4668
1050
8103
61
1543
5766
6799
919
6000
3891
7195
6452
5539
6457
5683
4958
7872
6730
1830
6653
4520
7719
313
434
7887
2419
5899
5975
8160
4329
6926
7887
1003
8018
3980
1965
1929
1769
3741
2377
4753
7829
3776
5946
4323
3866
3508
7903
7160
2669
5455
1106
1390
7062
2846
5952
1748
7073
3508
1767
5332
5801
6761
7739
5975
6307
1749
4415
7023
1680
4722
7922
5272
6787
5797
2021
5299
1652
505
2450
7864
8100
1749
5268
5379
961
956
6164
152
4231
6996
1395
7230
8048
744
2901
109
1302
6116
6047
2679
7405
4264
2706
2291
3562
755
7903
1696
1652
3567
2427
2311
5937
8132
1162
5124
6010
7276
1589
2669
8054
4472
2661
6009
297
727
5428
5701
2419
7094
5265
3706
3732
635
5754
5478
523
4166
5848
6532
2295
5353
3657
8147
2254
1326
2237
4681
6468
2643
2627
5311
783
1441
4983
3256
6167
5107
5787
5989
4115
4194
361
2654
1631
3850
8067
3698
2098
5916
5634
6557
7704
4678
3880
5842
107
1986
4468
5231
1619
2070
5170
1483
1260
4180
5841
222
2684
4950
7811
3885
3734
5470
4851
3326
2825
2313
3460
4599
502
5425
7062
6631
5786
2448
7981
1911
1761
431
3602
7903
3215
7650
3821
6676
2094
2847
505
41
4983
6386
7011
36
1994
2684
5470
4983
6825
7078
7135
6700
7087
2712
3629
4094
3213
6154
2353
1326
8183
3135
7080
7761
6969
4207
2520
135
3879
755
5262
1264
929
6668
7568
3864
2918
5248
5477
3279
3540
1129
30
7346
8076
6631
7022
1226
3916
1522
1834
7306
6010
3072
7695
1004
3378
6593
353
6623
5471
5532
6969
1075
4340
4340
2811
796
5248
5896
4017
3326
1502
6305
5240
5042
7271
2251
3401
7924
1845
3702
3575
6605
2122
5546
3998
4637
7381
2569
7498
5535
7875
1149
287
4244
261
2916
1160
1105
2679
7011
5833
7358
4676
6692
3048
3776
7683
8057
3010
585
6925
1011
2945
7264
7569
5379
1687
7588
3122
2353
135
2291
2600
2847
1477
1149
1766
6437
5248
2137
4194
1057
7921
5366
2794
4336
5240
5124
2251
1898
7650
1543
7033
780
7271
5011
4951
7046
7761
2237
4890
2122
7345
2291
3397
8099
2400
1576
3862
3572
5805
2374
7887
2610
4934
1856
4340
783
7164
2291
2792
1831
2324
5274
923
2688
313
4619
2427
1323
5916
5124
687
2658
3620
6905
5769
7713
2908
434
6756
4340
6460
2533
3594
3455
3893
6139
2907
7187
4430
5366
5366
212
6762
4205
7060
5916
8183
6930
3675
1911
5407
2295
7375
2268
755
6305
57
6104
2039
2973
1289
30
5166
3442
3619
7828
5385
6438
297
3101
7476
2847
238
5366
7264
2187
7055
6119
4890
1911
2011
3369
505
5917
4119
8153
6734
4939
5291
797
1620
4242
1105
1020
1767
7845
756
1343
2478
109
4796
243
1292
4855
8076
5612
5486
6485
5471
1986
4844
523
3776
3252
7282
6066
7405
3433
7073
7592
208
1740
1944
5092
5232
1285
753
1584
6877
2047
6828
1680
6436
5272
7346
8149
89
4983
5624
7045
1491
7264
5535
8084
3776
4399
4383
4067
4011
1740
3572
3229
673
4796
7670
5385
5580
3348
7384
5577
6756
5924
2042
7079
2238
2130
7799
7029
369
2331
2544
5847
1326
162
768
1451
4934
1944
1155
7911
2464
702
1075
2713
727
795
382
2967
5915
3051
3614
6338
5608
6680
5143
7915
5024
4796
4472
1631
5627
1534
5376
725
1326
3443
5662
2669
491
5412
4017
3455
7845
5385
1425
384
5143
7823
2764
4830
568
6393
1854
1009
3433
5662
6137
7093
4340
5187
6406
5038
1680
5185
1105
30
4099
4017
4361
6926
6359
8000
2227
5751
708
825
6355
3358
2544
8191
7887
4521
7258
916
2967
6660
1565
6034
297
7269
7491
968
6988
69
6762
4619
1532
5272
744
1105
7827
5475
4345
5352
1445
390
4329
7995
7543
1733
4732
3666
3358
4448
7178
1040
744
2465
4239
1950
3305
2679
1714
842
2662
2244
980
2532
5402
5951
2948
7143
6735
7116
5514
4988
893
2178
2684
6396
3849
2790
6887
7505
1954
7699
6761
573
4491
5185
3229
1725
7011
3196
5007
611
3322
7852
4507
2894
5143
2780
5869
4830
6307
2543
4938
726
2260
4809
4595
4771
8190
581
2136
5874
531
8048
1521
3849
3790
2118
3790
4950
2856
675
6553
5571
6166
6247
5423
8006
5890
2491
4322
1248
159
7236
7431
1185
1067
5292
3636
5024
727
7160
2071
4881
1675
6438
7230
4788
4340
1926
5172
4239
3470
5232
2764
5034
1682
1217
5102
5116
3127
5447
1279
4478
3682
4270
2916
3572
2780
1105
5997
3391
169
1234
4800
5403
4950
4689
2441
7962
