0
0
0
10
8
8
0
1
9
1
0
1
0
0
0
0
1
0
0
0
0
0
1
7
0
0
1
1
0
0
0
1
0
0
0
3
1
0
3
0
0
0
0
0
0
0
0
0
0
0
0
0
0
0
0
0
1
0
1
0
0
0
0
0
5
0
1
0
0
0
0
0
0
1
0
0
2
2
0
1
0
1
0
0
0
0
0
0
0
0
0
0
0
0
0
0
6
0
0
0
0
0
0
0
23
2
0
7
5
5
0
0
0
0
0
0
4
0
2
7
2
3
5
0
0
0
0
2
2
0
2
0
0
1
2
0
0
3
0
0
0
1
0
0
0
0
0
0
1
0
0
0
0
0
0
0
2
0
0
1
0
0
2
1
2
0
0
0
0
0
1
0
0
0
1
0
0
1
0
0
0
0
1
0
0
0
0
0
0
5
0
9
0
0
1
0
0
0
0
0
0
0
0
0
10
5
7
7
5
5
29
4
2
2
4
1
3
16
2
1
1
12
0
1
0
3
0
0
0
1
0
1
0
0
0
0
0
0
0
0
0
0
0
0
0
0
0
0
0
0
0
0
0
10
0
0
7568
130
619
7094
5717
6005
2115
5653
6070
3439
6249
117
4813
1245
2278
3969
6571
959
3161
7040
673
6475
5338
4325
1219
7716
5100
6063
6768
7380
5964
4842
3532
541
1361
44
1500
6533
304
4771
5075
7332
2361
5063
1559
4595
1489
3715
4561
6144
6144
3719
2810
137
1697
6356
753
3585
7155
240
2009
4987
6922
2583
6681
6472
1649
6651
1820
778
3936
7573
2211
2893
8122
7647
5693
4266
167
1229
6618
6391
2782
1272
90
2408
7436
2236
966
6827
4830
1129
2912
7865
7585
1232
7373
6923
3453
6406
3955
5006
3778
5472
5248
5549
7080
2094
8100
3125
33
7683
7538
1492
7207
4812
981
1362
3515
5332
3359
6370
979
3096
946
3092
4574
2385
6795
7395
951
4241
5696
7723
7829
3850
6767
3052
5937
1604
3940
3567
1892
2847
6957
3331
3759
5354
4676
2641
1067
5385
6356
2206
4955
1565
2130
795
6116
1938
778
4412
3478
4694
5587
1295
4551
6380
7271
5968
2762
391
2792
4212
6532
7735
7264
2641
464
7521
5740
5124
2346
2679
5445
4537
7122
7269
7691
3702
4545
7941
6117
6555
4595
2782
3189
1719
8100
505
2291
2251
6676
3816
6010
1894
1719
6897
4767
4730
4460
6745
378
5366
1555
5605
3322
4737
5177
6353
507
4290
1200
2013
1470
5390
2346
710
3650
1788
129
7074
5256
216
6557
7743
4428
6627
6557
2004
2658
4322
449
1922
6399
4890
5407
5960
4361
4329
966
4623
1103
649
1785
6296
2925
4608
8121
7196
1362
1690
7713
1707
5960
2070
2427
1104
2712
5667
7702
4338
5499
1666
2643
2448
7733
1831
1037
1104
6070
7040
36
3445
7706
4190
2318
3369
244
5276
5385
2057
2622
7903
2094
6805
2021
2665
5450
5042
70
4614
6761
6618
3694
4094
5078
171
985
7373
1378
5624
926
4504
1057
1521
6359
3666
7788
1430
2317
740
5020
5559
6759
7644
6010
4118
790
6662
5042
4443
3038
2041
2405
6753
4931
6210
7345
1588
3985
5670
2427
4890
2427
7396
7613
7575
2265
4504
1680
5537
5278
3161
6000
8069
5445
7012
1312
2954
4697
5535
4042
5082
3548
3223
4594
2254
1234
3432
4338
5042
8009
929
74
5124
2427
1846
744
4809
2227
795
3469
5077
1713
4255
2916
2286
4067
2106
5366
107
5407
655
7370
5353
3717
762
258
3389
783
4707
308
435
2545
7358
402
7194
2756
8137
4472
5445
5926
1232
915
2244
1600
2002
5802
915
702
6557
8057
8084
2020
17
2198
6138
2770
2943
7282
3698
780
353
435
2562
4949
1079
1586
6399
3678
2187
758
5166
4607
6882
7615
914
4881
1988
4387
915
4472
7240
8147
1638
7012
6730
107
5462
7430
4658
5908
7964
8076
6999
7903
3985
3714
6186
5408
1628
8084
4730
2187
1163
6228
4635
4353
4880
6549
2679
2570
2378
750
1600
6791
6346
30
4655
6399
2427
542
8100
5462
3446
3659
1922
751
7814
5366
27
972
7806
2231
2187
2187
1650
7408
4830
4492
6660
3158
2244
3533
2561
1361
959
4340
7155
4329
7005
6862
1767
2268
1378
107
2070
1755
2427
1727
5366
2083
658
216
972
6503
3183
4855
6664
7106
508
1534
2271
3120
6005
7998
1363
2024
6215
5092
966
508
3876
6321
7153
100
5409
7697
1767
3635
5556
4752
7430
2688
51
7981
2291
6914
7587
2686
289
5523
654
390
2130
6571
2708
1156
2296
2522
5445
6141
7028
7827
508
729
6053
6692
5353
1638
2057
5272
6399
6692
8147
3880
6443
122
3063
3857
959
795
1786
6315
2372
7582
1055
722
4660
5835
4904
7534
3621
6031
4491
5385
5531
407
5501
4253
1788
3405
6307
5339
1347
6352
5340
4791
4827
1182
6969
948
3702
649
684
7012
30
3161
7187
7415
7611
3236
1896
4625
4703
7642
1105
508
1438
7571
4988
7901
4589
3969
7172
23
6552
7799
4561
5050
6374
25
5351
3647
4346
4361
5183
7908
2654
4830
5403
5322
2858
133
1029
531
2713
802
5494
1770
7507
3719
2892
912
6074
6435
6860
3416
5198
716
2932
4488
4335
2661
6508
2661
7928
1029
1534
7706
5654
4491
1680
6082
6330
1680
744
2464
4343
3571
5847
3805
7350
5339
6510
4740
879
6188
2318
3645
2090
1055
1084
1535
6821
1596
3267
1610
6993
186
6312
5914
7391
7882
7827
7040
715
1748
5731
6183
1299
3348
8039
6208
5174
4751
2285
6345
2421
4150
155
3189
4739
4784
1767
2552
96
4502
4849
2280
1169
142
4085
6132
7695
5403
531
2369
7121
4399
1617
4036
1396
6000
5957
7031
932
6979
2398
3580
841
2916
7290
4275
1470
2129
335
974
6117
1242
6396
1684
3608
1353
639
1376
3351
4792
6000
6438
7757
1732
7942
6215
3347
5507
1087
6833
3355
1488
3305
5367
4363
4852
3515
5630
1843
5659
1597
1157
1591
8012
6109
4318
3043
591
1776
2817
5254
7373
6478
3347
7039
706
4770
5493
4598
1649
6672
2283
4660
6227
3712
7887
2004
7221
1414
1836
7491
4535
4934
6183
4990
4677
7417
558
7788
1181
4474
3621
6926
6031
3420
3457
727
8028
7207
3079
1232
6208
7626
174
698
6128
6650
3229
4740
1269
4700
7910
5982
7645
1600
6445
3623
2925
5282
6315
3631
1732
5024
4880
2189
4046
1893
5403
6409
6406
7752
2963
5334
2748
2679
5292
3504
2204
2915
2270
7908
2217
2809
50
6082
3577
1453
2747
1947
2672
1343
5470
1951
492
3861
7670
7658
4708
2343
4762
7887
4689
7933
7314
5718
4830
702
7039
2586
8162
7188
2527
1362
6058
5292
6679
1748
531
234
1367
7695
5276
2967
3720
3823
1155
6895
6993
4085
6117
1697
2780
7582
2679
210
5709
4441
4478
4194
6877
3541
7839
7587
4793
4190
7861
7418
4762
2374
5403
6822
407
6472
6799
3853
7914
5010
6215
3797
2484
4809
5247
841
3896
34
811
744
3245
5542
6307
3358
758
1917
263
3732
3161
7782
951
5494
4009
8136
124
2182
8058
1559
4170
6850
2686
3439
4109
3084
6041
7745
6829
1024
