0
0
0
9
6
10
0
2
9
1
0
2
0
1
0
0
0
2
0
1
0
0
4
2
0
0
0
2
0
0
1
1
0
0
0
1
1
0
1
0
0
0
0
0
0
0
0
0
0
0
0
0
0
1
1
0
0
3
0
0
0
0
0
0
2
0
1
0
0
0
0
0
0
1
1
0
1
0
1
2
1
0
0
0
1
0
0
0
0
0
0
0
0
0
0
0
11
0
0
1
0
0
0
0
18
3
0
4
10
4
0
0
0
0
0
0
0
0
1
2
1
2
2
2
0
1
0
0
0
0
0
0
2
0
1
0
0
3
0
0
0
0
0
0
1
0
0
0
3
0
0
0
0
1
0
0
1
0
0
0
0
0
2
1
0
1
1
0
0
0
0
0
0
0
0
0
0
0
0
0
0
0
0
1
0
0
0
0
0
3
0
9
0
0
0
0
0
1
0
0
0
0
0
0
12
9
10
5
4
0
30
0
4
2
1
0
0
9
1
0
2
11
0
0
2
6
0
0
0
1
0
2
0
0
0
0
0
0
0
0
1
0
0
0
0
0
0
0
0
0
0
0
0
10
0
0
4353
1217
3847
5964
8016
261
1929
3186
722
2922
6183
4504
382
2960
2002
6735
3732
2780
5791
5276
2484
2449
8139
4643
8023
4853
2040
6955
7122
6294
5283
6967
7040
1430
8048
1017
4813
4374
705
4457
7978
7978
4294
7913
505
1528
254
702
1930
5232
1535
2410
2999
6356
6419
3695
7845
4077
2368
6109
2402
5468
2188
5189
6993
1434
7739
4595
3405
3079
39
5339
5366
1528
87
2022
2291
1992
358
1755
8185
6825
361
1930
1833
508
1415
683
6836
2484
6686
368
6741
2925
5808
5226
8174
6307
6776
7911
7311
6023
6829
3051
6692
1710
755
5033
8076
8054
7787
8054
4212
2070
7045
2094
5940
2654
3936
750
2597
6889
1559
1895
223
4125
4842
820
3805
3732
1200
6144
3364
1652
1721
2684
7376
1687
431
7523
2600
3397
4767
6280
4373
6692
449
655
565
2009
4793
4389
7908
3092
4926
3453
2731
6279
315
1814
6263
6130
1021
5198
7398
6905
1528
8018
6440
5144
6984
3215
3675
4752
5910
6037
379
74
3866
3048
6409
4798
5366
523
6925
7040
1521
4493
2525
4739
2930
5422
6630
4350
8067
3508
6010
1718
2990
5683
7821
4679
856
2874
3032
3717
5462
1710
2094
3629
2171
5624
2954
7875
3940
1477
6369
966
1564
7886
3457
7369
2731
1132
6571
3322
6322
1477
5462
3183
5683
1477
1332
2263
6336
1431
961
2600
3397
7899
1992
3109
6670
2600
5683
4212
7264
3125
1084
6179
428
2923
3047
6291
6804
2449
508
4194
1105
216
7875
4212
7263
287
3030
4132
7799
5556
3030
2614
6399
8183
1831
196
4000
1992
655
162
3881
1009
156
2092
3922
8159
6926
1232
3360
2726
7989
5742
5873
3173
7822
27
7523
3048
5462
7212
5425
2324
7538
8113
1922
6666
4452
4323
751
5462
655
794
1483
4785
6172
6692
135
7167
1362
992
7645
6088
6399
5462
431
5407
4336
4611
33
4253
67
2847
8185
900
3537
2331
3776
8057
152
6557
2094
7771
2098
4819
2900
5683
5462
4752
7875
695
6923
619
2850
1732
6638
1604
1477
4180
3034
431
2770
1992
7087
7720
6443
1212
4547
2225
2502
1439
6862
41
6809
2198
4730
6930
1868
431
4831
2291
2957
1864
7275
1418
8105
4125
5654
3284
4890
8026
2770
1294
3622
446
6930
1089
7159
5726
1589
1865
2074
2260
6383
3819
1644
3243
5683
655
6298
3397
3090
7051
177
7243
1176
5346
2415
6087
7622
7570
3154
3548
7771
8084
7062
5624
7046
3030
1846
1441
7629
545
4396
2924
7753
6163
2959
655
3397
6692
8037
6010
7358
3864
33
304
6147
7327
5248
7123
4749
6399
3030
6670
1378
7476
4282
1695
2427
1708
1
2504
5807
5794
7505
7945
358
1230
6557
4976
1284
2090
8099
5151
2794
929
4752
216
520
791
1778
5023
6443
1477
1477
1992
5462
2990
6561
7907
4767
1644
542
1816
6521
94
3001
8142
396
6172
8168
5366
7974
5934
865
4655
122
3489
5243
189
1362
3493
882
5135
4934
5806
6500
7430
2712
3516
3048
2098
929
3657
1429
585
1704
4457
2233
672
3140
7569
2847
6666
1528
3030
2770
2452
3426
1099
6749
3453
3995
6319
1643
5122
508
7887
4667
3330
4360
1986
4831
7771
6138
5937
5880
8136
5340
3427
6013
358
5090
68
1378
2086
1378
4455
8054
379
2770
505
7264
1024
5751
4574
2826
6562
574
5873
7073
5981
5486
7465
2508
2098
5546
4983
4205
1860
306
2600
3369
7667
3675
7804
2098
4001
5409
3125
5981
162
2094
2187
7918
197
6372
1785
8139
4392
2720
1477
7974
4682
7612
5910
6305
135
6269
4827
4696
505
562
2187
5230
1145
5407
6282
4730
2021
313
1126
3657
3943
1312
2425
1290
4786
1647
6804
5625
5601
3857
7875
8027
2847
985
391
3657
5683
4000
1922
3104
3183
1718
961
7373
2847
4576
3602
7206
7822
1604
6269
7264
3508
7623
2843
1478
7909
7327
3695
4574
5476
7040
7436
2654
4020
5366
5848
7124
1652
3268
1945
655
5572
6692
6957
353
5240
7465
856
3696
3881
5146
2990
1149
505
6930
502
5835
2653
1287
4215
6208
4289
2421
1520
3132
1652
505
655
1687
3989
1326
6670
5585
8009
5462
7538
5373
8100
8054
379
4827
3717
3426
7159
4092
8031
7374
3347
7658
1372
596
2726
1500
4318
2894
7497
7887
2052
4388
733
1767
708
5299
655
7683
2756
1387
3030
3548
3867
856
3104
5585
851
4983
6747
6998
146
7890
5835
6122
3636
6132
6110
5372
4046
6013
6000
48
1353
7844
3092
4640
1145
655
5407
5552
2083
2874
5080
1708
4401
7460
5299
5379
3416
6123
1604
7697
702
5247
7957
1536
6238
1715
4957
712
7097
1950
1057
6116
6464
6789
7172
7415
3048
3508
1477
6230
2311
4440
5670
3776
7835
1652
1710
6670
2354
6330
6222
4294
5688
7265
1684
1838
5376
524
5897
6291
931
5067
6467
587
130
6968
2920
966
3659
4676
2410
2408
1687
5462
6928
7538
3721
2286
5462
313
4551
8017
5210
7966
5835
5352
3553
4608
4876
3848
5242
2497
5135
2696
7123
644
4047
560
1293
5434
2369
5376
6681
6005
3827
6284
1652
2291
4812
5810
866
7317
2522
954
4355
1470
7890
7736
4842
3420
4502
4418
4632
2941
6406
5119
5914
1841
790
922
2059
1275
3666
6531
1512
4213
338
7094
3056
1124
1524
6005
3637
1362
1559
651
4170
5267
410
6926
4355
3884
6208
5440
3848
4616
4539
1478
7156
5952
2482
500
3576
536
266
4124
6238
1132
4719
1653
7591
5647
3894
1220
3637
4493
569
4574
2731
4264
3696
6634
2123
773
716
4046
1521
7034
4441
5198
866
3191
4214
3783
3785
5285
367
5620
716
2628
1785
3360
4125
3922
1653
6296
5923
5987
633
5772
7369
5075
1842
566
4598
6802
1353
4441
6604
6975
5100
7231
791
5273
4094
4453
7093
4136
2698
3678
3823
4778
7843
2146
7464
3924
665
4418
263
4353
7239
4597
3407
1639
5513
4751
3177
6784
5057
2166
7886
6256
4574
