0
0
0
9
7
12
0
1
8
0
0
2
0
0
0
0
0
0
0
0
0
0
2
4
0
0
3
2
0
0
1
2
0
0
0
0
2
0
0
0
0
0
0
0
0
0
0
0
0
0
0
0
0
1
1
0
0
1
0
0
0
0
0
0
2
0
0
0
0
0
0
1
0
0
0
0
0
3
1
3
0
0
0
0
0
0
0
0
0
0
0
1
0
0
0
0
7
0
0
0
0
0
0
0
23
3
0
4
7
7
0
0
0
0
0
1
3
0
3
4
1
3
6
1
0
0
0
1
2
1
0
0
1
1
1
0
0
1
0
0
0
0
1
0
0
0
1
0
3
0
0
1
0
1
0
0
0
0
0
2
1
0
1
0
0
0
0
0
0
0
0
1
0
0
0
0
0
0
0
0
0
0
0
0
0
0
0
0
0
3
0
9
0
0
0
0
0
0
0
0
0
0
0
0
10
7
8
1
2
1
28
4
2
2
2
1
3
10
2
0
1
10
0
0
0
1
1
0
0
1
0
5
0
0
0
0
0
0
0
0
0
0
0
0
0
0
0
0
0
0
0
0
0
10
0
0
836
4067
2576
4703
6583
1711
3083
320
369
7520
6179
581
1177
3933
6926
1938
4589
3637
5688
5671
1684
2530
3687
7547
3807
1031
1248
1789
1300
5210
2597
4346
5531
1245
705
1453
4099
7258
4407
2727
4716
947
1293
7498
5101
44
6871
3621
1290
520
4732
4727
3189
7464
8080
520
786
2378
6657
7383
2628
2957
1376
3751
1309
1971
369
7915
6583
4291
7652
126
3694
4211
6356
3076
5839
5367
1290
7585
639
2227
836
1641
2530
4987
2731
7893
4579
2415
5888
6657
3645
5046
6602
4125
5255
2894
2894
5364
1081
4581
2713
5372
7900
5066
1084
7854
4778
5251
6608
492
5501
2370
5989
197
614
1176
1232
1713
1810
5006
3715
569
5242
5820
4213
902
7254
4222
2894
7823
3933
426
4740
2793
7491
7757
5882
2418
2378
2550
498
7113
4852
1477
5462
803
7909
5888
1524
2829
836
4963
5135
3922
6836
2378
3360
3193
5277
4292
6144
3933
1158
3347
5781
30
1290
966
2166
4339
4624
1477
1687
6070
3766
6754
1710
5240
4926
2741
2672
654
7464
5551
2945
3360
4852
3621
3621
155
4623
36
1277
3980
7539
8139
4623
7061
2467
1528
5407
30
5534
5299
856
4322
3327
1337
3201
5005
1333
1290
7843
6172
2484
7890
5752
5189
2404
5315
2206
469
8187
5095
5187
4308
2780
5402
30
6202
3995
4983
5462
216
1538
6747
3397
7787
3426
5740
3104
2104
7235
400
505
6930
6557
4346
2741
6265
7380
7938
2826
3478
4934
7034
5301
9
554
8084
1477
2993
820
5094
1710
1484
3838
7375
5486
4767
5299
5081
1891
7153
4058
8183
1710
2847
1094
7327
6472
1385
5543
954
4985
1778
5472
4310
5172
6876
8040
1922
1477
1378
755
6386
505
431
6930
3372
6298
68
5462
6670
5124
741
8183
3104
3678
3776
5694
3706
3823
1896
3045
6919
7495
6958
1217
1584
109
6508
6450
7039
7073
431
3975
6106
1292
6930
4212
6744
2582
3048
1378
1914
6457
3426
7974
523
5366
1287
6887
2365
4574
5887
7395
3623
5808
4009
6686
6650
6724
951
1794
6441
7788
794
4752
5462
7857
8076
3508
961
4730
7375
5585
5670
1858
6747
505
2658
4788
1051
877
5474
5110
3643
2146
8016
1566
3715
7900
2228
7942
8084
4212
1761
2605
467
3030
8057
4919
2534
5240
3881
3109
826
6754
562
2769
7683
2482
475
7346
7066
5462
431
655
3508
5240
5581
7395
5192
3348
3571
7942
1528
431
5486
7124
6747
1477
7903
5256
2197
1283
1858
4658
5479
6146
1995
4104
7373
68
3508
7465
3034
431
431
5407
7875
237
3320
4673
2315
3732
5350
5975
6464
2291
2094
5910
7771
4440
4752
7317
5366
2122
4975
859
4604
4971
2443
2003
2094
505
8054
5462
4617
7066
3215
4993
4294
4574
1055
7106
2384
1660
5232
6724
3849
2654
4830
7399
523
7476
5240
2291
2020
4777
3332
5522
6781
2347
1749
7476
7264
7264
5409
5409
7399
4350
4785
4847
1643
615
5006
5808
1536
3510
7196
7040
36
4441
3969
3999
334
354
8153
976
1402
5667
394
2867
2182
4499
1177
4869
152
4166
929
4212
3879
2900
4685
1524
3933
7543
587
6441
6344
722
3115
2418
391
7875
3508
2990
655
162
2770
2291
7683
1039
3460
8116
1090
980
2710
2139
2655
1992
431
5486
5486
655
1477
1477
2356
3637
5334
5189
7775
2280
3391
929
5683
3104
431
1387
2794
2770
1305
7981
3879
6399
6787
2272
4998
4613
3247
7346
6484
7240
6270
7875
6280
5462
1710
4212
4752
5055
5915
3773
449
4842
1584
2960
5991
5240
7735
440
5549
1283
5366
3508
755
5786
6159
1729
7177
51
5949
498
3508
7311
4412
3457
7282
1352
1986
4205
7332
1566
7801
7909
125
3706
3055
919
4851
6756
508
1509
7066
7538
7771
4983
1707
1922
3125
7713
4637
5366
2291
6160
4286
431
4890
6202
361
7106
2782
2795
2728
130
130
7828
3870
7119
3061
959
2015
4830
3247
5683
6692
378
755
2251
51
6754
74
2098
4401
171
7899
3183
5256
5981
431
4890
4876
407
6882
6934
4241
846
4751
6531
6146
3338
3405
156
30
6322
7899
431
6747
1604
6789
5407
1477
5740
1788
6747
6010
5817
1710
5407
3629
505
655
431
8084
1819
3420
7106
7289
4616
304
5515
3238
5057
6307
1136
7203
4983
8183
7875
5124
1709
4660
8183
162
6809
3131
431
3125
2640
1477
431
1911
1588
2094
431
1710
449
4318
716
4608
3988
1785
5766
5189
1522
1965
4597
6169
4963
4118
4457
5537
3732
2386
431
4868
8136
5407
5299
7264
1443
1461
6747
5462
6571
6993
505
379
8100
44
931
7921
1470
6657
2393
239
2558
24
4858
1219
1890
852
3132
2119
5147
1710
6747
4527
6470
8183
655
523
210
1687
431
1710
7420
6295
4853
6557
3487
2813
3981
5189
2672
2522
4325
5189
2009
48
2006
2406
4539
208
5629
4796
5770
5683
7875
7910
3943
2852
3030
6488
6583
2406
1945
1710
1247
3821
5914
7636
7938
2500
5226
4425
8052
2224
4325
1732
3652
2547
8095
3722
3391
6124
5682
6935
7942
2660
1029
7995
2954
4682
4212
3608
5975
3358
7903
1528
6162
4339
8010
7938
4427
3751
7395
4579
6528
2046
5772
1230
1684
1780
6497
3405
48
5364
7711
1855
2167
7497
6735
7415
4106
8185
3519
4290
2137
6735
208
7773
4290
6438
6144
3347
2803
5807
181
4497
2375
4051
304
4616
8159
7893
2817
8105
4361
6307
239
6125
7274
7913
7823
4758
7590
4004
2684
3732
1732
7747
7243
2558
978
675
7902
6144
5835
6681
777
5313
8052
7395
5063
6907
7056
6740
959
2130
2271
1472
1511
3193
5119
6296
479
5780
7226
2679
5833
3969
3229
5092
6438
7915
1129
4521
320
1675
4836
3290
5893
6350
566
5476
6273
5513
3161
6536
4020
5332
5232
1129
2378
931
5198
7767
3821
5504
263
5332
1234
7463
1287
6475
7327
7609
3358
6583
7908
6966
4824
1173
7463
8066
5074
8139
4839
5440
