0
0
0
10
6
10
0
1
10
1
0
2
0
0
0
1
0
0
0
0
0
0
3
5
0
0
0
1
0
0
2
2
0
0
0
0
0
0
0
0
0
0
0
0
0
0
0
0
0
0
0
0
0
0
2
0
0
0
1
0
0
0
0
0
2
0
5
1
0
0
1
0
0
1
1
0
0
2
0
1
0
0
0
0
0
0
0
0
0
0
0
4
0
0
0
0
10
0
0
0
0
0
0
0
22
3
0
6
4
7
0
0
0
0
0
0
3
0
3
5
0
4
3
3
0
0
0
4
3
0
0
0
0
1
1
0
0
2
0
0
0
0
0
0
0
0
0
0
1
0
0
0
0
1
0
0
0
0
0
0
3
1
0
0
0
0
0
0
0
0
0
0
1
0
0
0
0
0
0
0
0
0
0
0
0
0
0
0
0
4
0
8
0
0
0
0
0
0
0
0
0
0
0
0
11
7
8
4
5
5
32
2
3
0
2
4
2
8
0
0
2
10
0
0
1
4
0
0
0
1
0
0
0
0
0
0
0
0
0
0
0
0
0
0
0
0
0
0
0
0
0
0
0
10
0
0
4698
2130
3623
5122
5451
3022
1938
3051
1164
1988
2271
2560
6010
6010
751
6400
7367
2007
3881
3169
67
7367
172
2427
1104
1707
5353
2007
6631
6010
549
6399
1057
6253
4822
7686
4689
35
8016
4623
4900
1319
1534
4822
1858
2847
7875
751
107
122
2291
8057
3985
3567
856
2291
7430
4398
5967
5291
7595
4396
4602
3125
298
7106
7543
5332
3252
3420
657
3358
1217
5332
109
3642
6463
7697
3125
7430
7159
4446
1898
6631
3985
2187
5042
6757
2291
3030
8100
6750
48
3186
6295
404
7732
8187
4017
4017
4017
7781
5173
2777
5007
1528
6233
382
3923
3236
326
6352
972
3487
7227
7002
1347
5634
3940
2990
5358
2643
6816
3317
7236
5909
5267
7000
5166
3391
2002
1048
5896
432
4950
7928
7346
2990
6666
780
3221
8057
5937
1069
6150
4660
1037
1845
4987
1858
4676
1687
313
381
381
3567
1208
347
6557
2187
1024
1057
3571
1163
8122
740
6722
1430
505
7899
1451
3629
5090
655
6701
4780
3104
7460
3827
1534
1559
4697
67
476
4678
7919
1004
1623
8057
7158
2187
7430
2385
4361
1765
1767
5617
4132
6007
3433
2993
6269
3048
1696
6653
4258
790
3030
2386
1013
5407
2811
7843
6399
5231
3030
51
4267
7604
5182
7429
4205
751
107
4255
8118
110
1849
3948
6754
7264
1816
5094
1326
3397
4455
33
1728
2331
4286
6269
3131
4843
6398
222
5243
3940
6745
7847
6352
809
4976
6225
7697
5018
1336
7011
7357
5564
7875
258
1788
498
4730
4282
1710
7465
7264
6653
2550
7981
953
6561
7412
1644
476
381
655
4212
5144
6400
5487
7012
2464
3401
1110
1767
5470
343
1067
2251
6957
3215
1347
1788
7438
842
5299
5683
6957
1619
5001
523
1294
3131
1079
6010
6269
5123
2847
7738
2941
4791
624
7642
6895
3607
2856
959
5077
2094
1477
2847
2070
7263
7612
5634
6816
7469
100
3030
3030
6582
3130
3827
1431
6463
6433
6269
5624
7264
4444
3563
1728
7430
6010
1532
6508
2275
4935
4478
4491
2706
4682
5612
1477
222
6352
6928
3657
1069
2170
3975
8120
7448
5124
3104
1894
4679
287
4205
6399
8026
1405
6017
7264
2991
6468
7117
7173
4715
4294
6228
4340
6737
7374
4388
6269
4440
3030
6557
6010
1555
357
2582
7743
2412
7477
7879
4000
7073
3446
6399
71
3508
7907
2508
107
4935
6568
4777
135
3827
8138
6551
4353
1623
2614
5366
6463
7046
7212
2991
7903
549
2792
7213
2272
4342
1439
2660
7864
5353
5366
5683
6305
6653
976
523
3397
5052
2397
5535
6010
4401
316
3631
6124
2794
1868
6670
5769
7060
5937
2139
6754
7060
5667
8127
882
4142
3666
6380
5834
152
1294
7771
3397
4974
379
6754
7899
3678
6914
5496
1623
4752
672
722
1812
549
8057
6754
6957
2959
6805
6494
2295
4333
3460
135
82
635
6202
6013
1738
6805
3135
8037
5001
8100
3090
7240
222
3136
6846
1730
7981
7664
4618
5812
6272
5842
8070
976
4863
5291
3165
5546
8100
7748
4467
2444
1291
1224
4536
2675
2198
4118
4143
7522
2356
4683
3215
1477
7604
4537
4726
2020
7658
7158
302
6540
1023
6596
3384
2991
5052
2094
7875
6399
8122
976
4061
5649
5347
7005
5760
5687
371
7793
4212
4455
6017
2730
5462
1294
1294
4676
5354
6299
1578
3956
216
469
7704
6754
655
3397
3567
6738
1707
2295
5949
6172
7954
5450
6749
1021
4707
5659
6010
7683
2990
7066
7358
3317
135
4395
5910
2098
48
2867
4343
4401
3415
8014
3631
7271
5366
7317
7430
1687
4752
7771
6928
7430
4248
1449
7697
8185
5291
216
2943
2187
7212
7974
7124
1149
2139
1208
484
4794
2515
418
5874
1069
1780
8013
6422
6541
5634
4212
7465
153
927
7743
2007
6692
7919
7903
6971
7212
3612
751
3948
4976
498
8183
2847
5080
7761
172
7498
5730
558
261
88
6112
1477
1130
2496
459
431
162
5407
5008
2070
2750
6930
5991
6325
2638
2291
803
751
6485
4088
4891
3673
7263
5262
5683
961
7317
7446
4963
763
6266
785
7713
809
7569
7055
8100
6269
7438
2380
4340
8153
313
378
755
3886
7370
7476
4093
5634
523
4946
4976
1687
6816
2351
7263
6957
1347
5251
5325
2427
4734
5170
610
5733
729
1824
2022
3969
4309
2810
947
27
7465
379
3998
545
655
8120
4361
709
856
68
6325
6336
2959
431
7733
8032
813
2165
6399
4946
1858
6745
2291
7875
6551
1944
6889
7415
7886
843
4730
7771
7264
1229
941
3827
6670
7687
6000
4854
8057
5462
5124
2600
2427
2770
3426
2427
1115
152
3657
5240
8099
8009
8122
313
4891
3238
4294
3161
3092
5684
505
4286
1992
4242
7306
3104
4440
3011
5705
6396
7066
8183
2291
7642
4855
2094
3508
7062
4217
505
1451
1659
51
3183
4609
7733
4958
51
1057
7587
1478
1556
4624
5624
7573
6188
4752
5299
313
5997
3455
740
4029
5617
3519
7398
7887
7282
6414
6000
2942
107
1451
7049
51
7242
2907
2907
3776
35
6654
4211
3682
5439
4503
2013
3292
5560
1652
7066
819
5412
3288
421
7583
5985
4309
7275
4390
2219
1595
7384
7861
755
2934
4202
6767
5952
4202
3741
3682
7823
5766
5993
3224
7223
5187
7543
4521
2635
332
2346
4609
3541
4079
4950
7886
4038
2791
3177
4147
6778
783
3433
109
1988
2271
7011
7213
5332
1513
4100
7484
5290
4881
3115
7910
3927
4830
3186
1473
4927
1459
3067
1103
4340
1816
462
3854
7070
3186
482
1900
5614
2796
4290
169
7028
3676
4292
5620
5012
1556
5241
6903
1944
2512
3911
6330
4643
5402
6953
2597
4521
2278
1740
7851
526
24
4340
2942
7056
2780
109
7178
5928
6249
4489
2929
4948
4111
881
4543
7034
7216
2790
7543
3225
7143
2483
2698
7663
2929
7547
7505
4361
3213
1262
4019
7884
8118
7011
4869
6214
6969
7537
1466
6366
978
5095
1940
7275
7854
8135
6889
3706
3367
7106
1023
4568
