0
0
0
10
5
10
0
1
10
0
0
1
0
0
0
0
1
0
0
0
0
0
4
4
0
0
0
2
0
0
2
0
0
0
0
0
1
0
0
0
0
0
0
0
0
0
0
0
0
0
0
0
0
1
2
1
1
0
1
0
0
0
0
0
1
0
0
0
0
0
1
0
0
1
0
0
0
0
0
0
1
0
0
0
1
0
0
0
0
0
0
1
0
0
0
0
8
0
0
0
0
0
0
0
23
2
0
5
5
9
0
0
0
0
0
0
2
0
1
4
0
2
3
2
0
1
0
2
1
0
1
0
2
1
1
0
0
2
0
0
0
0
0
0
1
0
0
0
4
0
0
0
0
0
0
1
0
0
0
0
0
0
1
1
0
0
0
0
0
1
0
1
0
0
1
0
0
0
0
0
1
0
0
1
0
1
0
0
0
4
0
9
0
0
0
0
0
0
0
0
0
0
0
0
9
4
9
2
1
3
26
4
3
4
1
1
1
7
3
0
0
12
0
0
0
2
0
0
0
1
0
1
0
0
0
0
0
0
0
0
0
0
0
0
0
0
0
0
0
0
0
0
0
10
0
0
425
1287
4385
1312
3096
2750
1988
4796
7025
3720
1680
747
4457
4383
5290
4950
1620
740
6041
4630
2280
6735
2002
1319
568
5998
7967
6041
7011
5290
1748
684
4609
6321
471
2419
3890
7110
6082
783
7187
298
1598
1185
1497
2173
3712
4150
3000
7153
5997
1944
6571
3391
2271
740
2429
7447
4858
951
3986
702
5012
7011
2080
1803
740
1118
4264
5176
4340
2868
5168
5896
2393
973
4796
486
1919
5332
2774
2313
3224
5092
7622
4312
568
1598
846
4706
6786
2442
4830
1890
3005
4491
4569
2777
7592
3888
2676
6052
6361
1880
1680
3936
128
1009
7798
4651
5833
4290
295
3462
1103
5176
4925
1453
1596
3904
6777
5534
1562
369
510
1751
2650
47
3322
5886
4950
7882
2629
1155
4207
6447
6960
7954
1459
4345
5731
6307
8103
4851
6955
7029
5997
4609
2467
3706
7155
1062
6181
3430
2358
7901
6493
819
7924
1965
5368
7067
2597
5653
2843
7002
2907
4011
7582
2166
3589
3350
2031
169
6475
7942
7642
6215
3481
987
7182
5786
6024
3851
7213
666
3934
5786
2260
4007
6000
5998
5247
2613
97
97
2015
4255
7258
3631
7755
7575
7823
7371
6982
3835
2690
107
3838
2916
2817
8100
7675
8048
5161
3262
2840
5520
4428
6377
7981
3167
2679
2907
1857
6983
7518
4291
8030
2464
2422
7530
2130
959
123
2268
7381
5883
6197
4678
2291
4565
7604
7683
8014
7679
4993
5182
6150
5504
6482
976
135
7271
5124
5029
2410
702
4340
4270
6082
255
925
5604
1275
7153
1089
316
3567
1184
1555
7683
4611
7824
6745
3048
17
3717
3657
1950
3038
2135
2584
4947
3133
6715
5252
2251
2002
2244
5909
7995
3121
369
5292
1206
8185
3282
956
3125
1707
2304
5366
6138
1059
5005
4697
2450
549
51
3272
7388
2815
6721
3372
3883
5662
5335
3159
8137
6660
6824
2080
7451
3483
4422
4851
2942
1728
2052
1336
523
2098
1291
5094
2893
6745
2450
6200
3685
8062
1461
4726
4950
6545
5146
6850
522
6732
2300
8151
1105
4949
5977
1103
5288
1087
1700
2548
7491
27
5572
562
2427
5366
3282
3691
3657
6048
789
6748
2600
2908
1833
4432
4140
7604
3032
4435
6638
2907
4291
3370
5672
2676
1863
1105
48
3888
7432
2427
5358
3567
532
2499
7919
4401
2098
3528
7697
4767
5586
6272
1691
4432
5366
976
3937
152
5612
5667
5228
4735
7679
7575
722
4214
393
7613
744
6228
1105
5549
5011
6581
3567
6400
4874
4333
5240
709
4679
3776
6744
5535
5358
5946
3857
1123
5740
216
5578
3475
5877
7514
1450
1581
1988
2796
6441
7241
8187
1395
729
7408
5937
6010
2291
3659
5011
7903
6485
3776
7647
67
337
3567
2756
2688
2908
3678
6048
4666
3864
7101
6389
3161
1715
3318
1689
3274
7463
7415
3876
5910
1604
7080
4282
7476
6638
6557
3998
6010
7903
5569
500
2254
4092
449
4464
961
3698
7683
7460
4212
4752
2094
5564
7773
5292
1717
6013
1732
3386
1046
4562
7043
1687
2770
3251
929
6270
6138
2251
2600
1208
1823
5147
6925
2772
7582
2427
929
2094
5462
5462
3518
7249
1477
5549
1035
3490
2410
4081
4852
6262
2248
369
3892
1986
5510
4205
7074
7892
6386
1307
3629
695
20
7963
3682
4266
3350
1347
7768
3397
4890
3030
1378
8109
7476
7875
8100
5232
4339
4950
1962
7582
5997
5874
3464
1652
8084
5124
2168
7476
6138
8009
74
1070
5385
303
7628
7187
5145
435
7060
1307
2642
799
4253
4680
2582
4831
2076
508
778
8103
5886
7094
5576
5594
7438
7671
222
7046
5578
6969
4874
937
2482
7388
8155
527
2581
2631
988
6305
7460
1149
6747
5462
4212
110
6618
1289
234
7823
4294
2576
2684
508
5801
559
3562
5157
3643
6443
2427
2792
5240
5353
1474
7430
7060
4094
1
17
7174
3881
6018
3770
4676
1484
4212
7124
4440
903
6404
3153
947
1430
3835
740
5412
2254
5115
7734
5617
7264
7476
5565
3953
7822
5806
1652
5124
2945
7964
2407
6383
216
6747
379
6386
404
6971
2094
431
7073
1650
907
5275
841
2002
959
6307
3259
5644
8055
4256
3886
3997
1287
4950
3447
2352
3178
2643
6087
1986
1624
4819
5786
313
5486
3426
6434
2419
5549
5008
4118
2405
5272
7258
3588
7823
951
1057
4333
5226
4878
6565
853
2631
5295
2935
4957
2943
8076
755
2171
4455
7945
7349
6344
3567
6269
6747
1370
2300
30
6479
7601
2698
2271
1029
6645
6685
1655
4992
416
1474
6738
4611
2366
2948
7070
1167
3508
5769
5591
498
5462
7521
353
1451
2638
2353
8015
2094
7771
7249
5131
6615
6274
6479
783
3682
1046
3911
6864
5230
3567
3331
33
5786
4864
7595
3048
6930
3476
6044
7719
2171
8054
2450
6383
2036
6272
549
7005
4460
878
2094
4890
6650
2375
3297
7910
7823
1029
4340
6058
3850
6619
4248
5937
8100
3682
7408
2350
655
2847
3886
3131
1387
2738
4693
6631
264
7404
1039
6494
5998
3835
655
1494
5376
2153
6586
1767
36
7823
932
3611
5877
4614
4265
1206
6520
3541
167
7073
4752
7733
6692
3104
431
1451
6899
1623
8054
5612
2534
5366
273
2916
2916
30
5997
1343
6308
7389
7845
7011
7005
1767
1023
3680
2285
1802
783
783
1319
3136
2405
7412
2852
4576
2250
6284
1931
379
5462
505
1089
5478
4264
750
3405
1620
5290
8160
3433
5514
5077
1105
6307
6735
534
1699
4361
1911
2339
5283
2002
568
2661
3247
961
7781
1461
35
169
6928
962
3486
6645
1544
6820
5551
7255
4689
568
4011
320
5576
7910
5933
2597
722
3936
7823
30
7304
6227
777
254
3120
2856
5024
1944
4340
5024
4852
1253
486
7650
4017
4426
4568
4017
7886
4389
6241
5531
1105
5403
2868
3077
369
2425
6330
2786
3707
2408
7757
255
3416
778
1534
5290
2684
2907
4809
2419
5118
727
109
390
6000
1900
2907
2405
1733
6807
4147
5272
5364
4011
4007
6761
4478
