0
0
0
10
9
10
0
2
10
0
0
4
0
1
0
1
0
0
0
1
0
0
5
4
0
0
1
2
0
0
0
2
0
0
0
0
0
0
0
0
0
0
0
0
0
0
0
0
0
0
0
0
0
0
2
0
1
1
0
0
0
0
0
0
0
0
3
0
0
0
0
0
0
0
0
0
0
0
0
0
1
0
0
0
0
0
0
0
0
0
1
1
0
0
0
0
13
0
0
0
0
0
0
0
22
3
0
6
5
6
0
0
0
0
0
1
1
0
3
5
0
3
3
3
0
0
0
1
3
0
0
0
0
0
1
0
1
3
0
0
0
0
0
0
0
0
0
1
3
0
0
0
0
3
0
0
0
0
0
0
0
0
0
0
0
0
0
0
0
0
0
0
0
0
0
0
0
1
1
0
0
0
0
0
0
0
0
0
0
5
0
5
0
0
0
0
0
0
0
0
0
0
0
0
11
4
5
3
6
2
30
0
4
0
2
1
1
12
1
0
0
11
0
0
0
1
0
0
0
1
0
2
0
0
0
0
0
0
0
0
0
0
0
0
0
0
0
0
0
0
0
0
0
10
0
0
2464
5112
4017
2459
5477
5012
5975
4504
2137
7389
6735
508
6188
5236
5403
5020
7827
5997
2219
4291
4609
3959
4630
5419
5403
8023
3475
1124
1494
2002
4017
2459
255
1415
1965
2248
2489
215
6877
7531
6756
2105
6776
1988
4830
4700
1067
5403
7755
7393
5364
783
210
6022
59
6064
6063
7594
6002
4844
5018
7426
2467
343
684
3589
1046
61
5272
783
7866
37
1478
5739
5232
8021
1535
6776
2780
2907
568
5272
2252
6141
5780
2137
254
7656
6907
1942
1415
922
7932
5031
5095
4847
3609
4441
6735
5434
7227
3959
5997
5801
4809
96
7591
2843
683
8048
4291
6653
1628
4600
2217
7562
3589
2022
7915
2214
7000
6817
4591
3272
2615
7453
978
3391
7398
1669
750
93
3762
7484
255
4835
2922
3600
332
4983
4530
2405
744
1528
8026
6284
362
3426
7768
4472
7875
8120
2130
4880
1559
7013
1863
5963
1048
1105
4825
2009
6330
1940
8187
2130
5514
1824
568
7575
7640
1528
5462
4645
772
1528
5462
523
41
8183
7062
6723
8100
1197
4950
1620
1075
4319
1133
2994
6759
4291
407
2009
2709
6600
978
4880
2762
1944
5778
2410
4017
6928
1710
4212
2000
2052
2770
3397
3717
5081
216
4286
2168
5585
1538
1326
7623
3185
1565
2837
8060
8128
1150
1272
1042
5376
5890
450
1565
2215
4962
3173
1105
4812
5564
6747
5353
1695
6670
1326
1439
6463
7249
7465
5017
4827
1489
6747
5366
795
8159
2975
2613
2548
7002
1415
3995
7902
1954
1664
6818
1604
7875
5462
1628
2512
2614
5683
5670
135
6754
4983
4118
5908
7412
1378
3426
7193
3104
3879
4935
7012
7210
5975
6253
7188
3322
4009
2922
5739
4707
1620
4340
393
5564
2094
7974
4212
5903
3125
7249
7345
1431
8168
1184
5910
2990
1887
3159
2098
3895
2168
4212
5848
1528
6959
4533
5671
4812
3732
1857
4361
1046
7995
2560
4812
5288
7374
7988
313
4212
1307
6159
6662
2427
3827
7240
107
4715
7964
751
4962
655
4440
5486
8054
2094
7811
7002
137
1769
5514
5364
109
6571
1206
1528
2094
379
4280
4884
3215
3881
2291
4655
7257
976
3776
1619
3657
1986
7173
4730
6909
5683
7124
3518
3215
1280
2684
2975
2166
1965
531
3120
4796
2219
258
1149
8026
3030
3034
755
3359
3090
7988
4980
2472
7834
7829
7704
2187
1950
6010
7412
1484
3518
961
3678
4069
2945
475
8105
6756
3229
5890
4759
7679
6438
2130
4291
5231
5564
4983
7390
3426
1695
2397
5634
3176
4896
4182
5742
7916
901
1451
505
6325
6631
6443
5910
4440
2094
3508
498
1950
547
6480
208
2679
4319
5608
8138
5880
1594
3675
6891
5042
2794
6754
3718
6921
5293
3489
4837
2272
5667
2251
4058
381
2730
5299
431
7771
3397
4983
7523
30
2496
5710
7539
5887
947
1731
6747
6747
4440
4440
6298
5471
391
5817
1182
534
5704
2699
4150
3460
395
7697
4130
6715
1652
8084
4212
1058
5558
98
3391
727
5403
2497
7744
4131
7030
2460
3397
7066
3030
1986
6048
4831
2582
8100
4855
4979
358
6710
1749
2634
866
7346
929
1727
1528
3508
699
4175
7094
208
5580
8047
8139
137
7488
4721
2875
7077
7757
997
3446
2568
3508
1986
4282
7375
7907
7346
7187
2737
1224
6817
4962
5124
6418
1710
431
5462
8054
5683
7562
686
3161
4311
2369
3637
5171
7040
1127
7002
5515
2960
6418
4974
4983
1992
74
5497
4868
5144
1730
6010
6596
6010
4132
3979
4196
3169
4360
6097
1378
7465
2094
5683
1767
4214
4138
7207
7255
573
4019
1770
7040
1820
825
3726
2254
6689
813
4180
6998
4611
1757
1708
7460
171
961
505
8054
6689
7087
8036
8027
8026
4974
1695
484
7781
237
2834
5839
7777
7439
7915
4274
2358
5292
7153
4683
2094
4180
7062
6957
313
5366
5624
379
6557
1484
3940
505
8054
4212
4082
7344
7640
6495
6104
932
7656
7098
1932
5963
6082
3695
4291
372
4707
1090
3613
6971
4682
6506
5624
3104
5299
1992
391
7249
2011
5910
7124
3048
789
2094
5462
87
6202
7389
531
7011
2905
7143
372
8075
2459
2679
5514
6000
4881
5553
3622
431
4617
2982
4212
8054
6670
4432
7101
655
7249
5146
7412
5462
5585
391
1528
6930
1595
6571
795
684
5682
4796
3196
169
7207
6124
2002
8151
5322
269
1528
1761
687
3599
2386
431
5017
4835
2268
5299
5462
6762
5662
287
4715
4340
5786
4360
5591
4383
4812
1767
5226
7389
266
1929
4851
1767
1965
2868
1765
6058
206
2802
6371
6128
4682
646
847
6227
3252
8183
431
313
5654
4679
2409
2248
2137
7391
3741
1774
4569
5801
4830
1733
3391
7575
7230
1048
8048
255
1765
6139
5975
2922
2411
390
5940
1329
721
2130
5024
3827
4983
3508
4162
881
932
1440
1027
2531
4818
1155
418
5290
8075
7788
1415
5332
169
5419
3196
215
5107
8023
5332
390
7039
6617
5878
3506
5119
7747
6147
6141
5624
3631
5247
6453
4758
5531
1453
6650
1289
5514
1556
4377
7845
2780
1584
4887
1900
460
6395
6973
6903
1290
2405
1700
637
3203
3061
5918
3666
3348
1441
1057
2558
2907
1944
3481
665
7230
2252
6545
5179
1105
4793
1675
7389
7207
2753
2379
2219
649
600
2271
5095
8118
3326
7732
6397
7637
1878
4595
1289
1084
263
2557
1675
7384
169
1988
1620
2629
1660
6845
5970
5801
7155
8085
3666
5993
169
4708
4735
2489
6895
3358
3684
6594
3897
7872
1075
2500
5063
5255
931
2805
6075
4374
3092
8023
7121
2379
6262
1308
8048
8092
4274
5751
5715
2929
6735
4312
3600
684
3490
2465
651
1453
6249
501
297
7901
5778
4594
3541
5412
4568
2285
3741
1565
2402
5322
5066
5226
7692
3074
2512
3158
1824
6141
4880
1675
3348
4007
7592
1988
4291
1075
3861
4858
4830
7911
3358
3600
6417
3835
7915
4270
575
3240
4293
418
772
921
5801
5077
114
6784
1156
1733
2868
6660
3475
7028
5095
