0
0
0
9
2
8
0
2
10
1
0
2
0
1
0
0
1
0
0
0
0
1
6
3
0
0
0
2
0
0
0
0
0
0
0
0
1
0
0
0
0
0
0
0
0
0
0
0
0
0
0
0
0
1
0
0
2
0
2
0
0
0
0
0
0
0
0
0
0
0
0
0
0
0
0
0
0
0
0
0
0
0
0
0
0
0
0
0
0
0
0
1
2
0
0
0
9
0
0
0
0
0
0
0
21
0
0
11
5
5
0
0
0
0
0
2
0
0
3
3
1
3
3
0
0
0
0
1
2
0
0
2
0
1
0
0
0
2
0
0
0
0
0
0
0
0
0
0
2
0
0
0
0
0
0
1
0
1
1
0
2
0
1
0
0
0
0
0
0
0
0
0
0
0
0
0
0
0
0
0
0
0
0
0
0
0
0
0
0
5
0
8
0
0
0
0
0
0
0
0
0
0
0
0
9
6
6
1
1
1
21
0
0
1
1
0
2
14
1
1
0
11
0
0
0
1
0
0
0
1
0
2
0
0
0
0
0
0
0
0
0
0
0
0
0
0
0
0
0
0
0
0
0
9
0
0
2328
2137
7011
2236
6393
3835
7497
369
5185
4007
4065
3643
7015
674
214
6980
1521
6563
2907
6082
6089
5579
1565
2728
3580
8012
6860
2405
531
8023
6737
3600
5322
3795
1280
1010
2041
254
5272
1105
8021
6929
7279
7676
6638
4223
3100
2686
507
4340
3835
7570
2679
5024
7344
7344
1944
8106
6950
2916
5292
2907
1965
4291
6247
4350
925
4950
4255
332
6531
2093
1334
5790
1021
619
3214
2750
3326
1971
6332
4291
6805
92
5385
1057
2419
6009
6041
5801
6950
1285
7135
7389
932
820
2454
7911
2538
7519
4932
566
5475
1200
3367
2512
2214
7613
5556
2098
6563
7408
568
6653
3508
1628
7408
1631
1604
3384
591
5531
7691
3851
2405
2907
1067
3577
3584
4489
7078
2042
4997
237
4702
1607
5079
919
5176
5288
2852
2668
5311
1024
4950
5564
5299
3327
7070
5144
5585
755
7408
6645
3391
2130
5220
1620
1105
47
2677
5636
1740
3046
5248
7061
2684
4256
699
3252
5255
390
1992
856
1718
1437
3274
313
4455
755
6383
762
1387
5455
1443
2445
5742
5107
8151
7582
7570
7227
5332
4858
6271
5048
1620
4472
4851
6767
5848
6766
672
6791
1853
1528
4780
2475
1218
7249
1013
313
1938
379
605
6867
8183
6755
6596
2031
61
1046
5173
7995
4350
7997
4851
4472
157
3835
4274
5184
107
1378
3195
1686
3368
2250
7521
733
4611
5597
4767
5585
5887
4195
818
3104
7974
7249
4112
591
4491
1453
280
2421
3773
1473
3579
3257
261
1687
1628
4444
3508
505
7263
7293
5091
4221
7538
2614
5585
1766
1813
6378
5908
7864
6747
3104
7073
1329
7582
2405
744
2459
2629
5275
212
4418
7723
109
672
1528
5612
7046
216
1528
2094
3940
962
7857
7043
5842
4752
2550
1359
2631
1640
3518
3104
4663
7264
96
1600
5949
6369
7887
6791
568
2169
607
2290
4596
2679
1398
3622
7249
736
6998
6930
7460
3030
5935
4159
6662
2794
7469
5080
993
4682
3518
4663
5124
7033
2655
2990
6153
6662
1765
2002
508
3795
747
7779
2378
5319
4274
4611
4678
3770
4346
7271
2094
961
379
3127
7370
7834
7542
3602
313
3518
3426
8137
1924
3195
7264
3511
7771
6568
3864
5024
3391
4255
39
7243
5168
7101
2094
4752
4890
755
868
7647
799
4890
483
1229
3778
279
4730
152
8054
961
5546
7102
7465
4395
7412
4452
5366
1431
2893
584
6041
1488
3196
6000
6295
2018
755
7264
7334
7062
5425
5585
1628
6921
7907
5011
12
672
396
4306
5848
7271
3104
5612
291
7264
2747
4919
3780
4974
7381
6031
4609
6761
3541
6824
727
4708
6891
7766
4676
2990
505
6443
7749
7697
5354
4618
2581
1094
5662
6980
7174
755
1761
1477
5899
6325
7841
3770
4205
680
2339
959
4340
1158
1765
6422
460
6380
2900
3397
5670
6305
2139
7607
3698
562
3012
6613
2148
2478
5831
731
2478
687
6994
7358
3048
8054
5262
7066
8054
3114
8099
2443
684
4505
3519
4600
41
5848
1387
3034
4395
7562
5407
2959
2168
3567
1442
7691
2256
1834
3401
2631
7479
1986
4430
7412
4180
4576
3104
5910
5486
5462
8183
578
1024
1029
3186
7153
5848
1484
5910
5910
5407
431
6754
6596
3090
5786
5373
2650
6064
6982
2772
7885
6003
4663
927
3975
7771
431
431
6747
4440
4983
1149
7496
7258
5290
6604
5805
20
1477
7771
3496
2847
5353
1694
285
7476
216
6631
2336
3785
1396
1686
2324
1436
3675
4890
8183
4890
3881
6928
5848
4780
6348
8160
4478
1105
727
5264
3721
2282
856
5262
3972
7346
3030
6298
7538
2770
4248
5786
516
6348
8044
3258
6994
599
1710
4723
4253
1651
431
7066
6581
6577
6470
4504
568
2459
3834
7739
1786
3458
6909
4432
8084
4212
3104
4752
889
5353
7271
2990
1922
4535
3178
697
580
4752
7147
3030
6909
1291
5182
8074
6747
7066
4696
5852
5458
7408
2479
4703
4667
2817
2684
1771
4180
5462
1986
4395
5240
3998
2094
153
2187
3081
4166
6670
7932
5569
4983
7147
1378
7412
941
5174
5124
4890
5407
6746
6000
4329
3178
4950
2419
1287
5777
6965
8054
6298
1891
3183
3304
7538
2990
5910
7932
3458
1555
5670
5353
2708
6557
4360
7392
1378
6277
1673
7704
6816
2187
728
61
5998
1595
740
1048
1733
137
5940
1477
1552
1709
2684
2171
5462
2026
1640
2404
8014
553
162
7476
4547
5820
3659
1484
4244
7264
6755
3223
2072
4974
3075
727
5272
7795
2405
2219
4011
8187
2654
7153
5024
4880
1041
1728
5080
2237
6897
5569
3563
1555
5299
7735
3082
1474
4297
3657
4360
7899
379
5785
7408
4950
5385
5629
5290
5063
1709
6660
6393
1023
3186
1105
7491
1224
4617
1710
3048
5407
347
5538
3476
4983
1294
789
6282
7604
4110
2539
5740
1149
8054
7768
2130
4017
4194
740
7670
6469
6124
61
390
6053
1029
7827
6321
1765
6909
1484
4360
819
4611
71
3406
5407
5462
162
2534
7478
2072
3496
806
1834
3937
5829
7823
508
4339
2645
5107
2378
5762
4881
778
2024
4065
5833
6321
6997
6618
5848
7277
5478
4902
3077
4009
1710
2435
7735
6971
6816
1259
3869
5478
702
4708
6441
1988
727
6262
3391
7640
1535
1129
7180
4975
1822
6847
4533
4492
6549
7788
4880
7798
3978
8075
7887
5248
2550
4373
438
4360
2094
2450
1771
6825
2130
3358
2907
4291
1129
2894
1453
83
4788
4017
3480
7575
1430
6073
3096
1709
4492
4851
7592
4329
1024
1029
5332
740
135
794
2483
1329
3135
4270
4150
5833
947
6829
4441
959
1675
4950
1046
1733
6041
7798
1534
3642
4608
5547
4926
966
795
7613
4835
254
2825
568
4950
6307
249
5997
2130
7887
2916
7415
675
2558
7845
2557
4858
471
5531
4796
1029
6571
4812
7823
390
297
7333
1602
2741
6144
1200
7995
4319
2137
7845
369
5024
3577
4011
2661
6735
919
4291
2558
4294
5024
5024
4270
7592
1595
7670
7230
684
916
