0
0
0
9
2
4
0
2
10
0
0
0
0
0
0
1
3
0
0
0
0
5
5
2
0
0
2
1
0
0
0
0
0
0
0
0
0
0
0
0
0
0
0
0
0
0
0
0
0
0
0
0
0
0
0
3
0
0
0
0
0
0
0
0
1
0
1
0
0
0
1
0
0
0
0
0
1
1
0
0
0
0
0
0
0
0
0
0
0
0
0
0
0
0
0
0
7
0
0
0
0
0
0
0
26
0
0
6
6
5
0
0
0
0
0
2
4
0
1
2
0
0
5
1
0
4
0
0
0
0
0
2
2
0
3
1
0
1
0
0
0
2
0
0
0
0
0
0
0
1
0
0
0
0
0
0
0
0
1
0
3
0
2
0
0
1
1
0
0
0
0
0
0
1
1
0
0
0
0
0
0
0
1
0
0
0
1
0
0
1
0
7
0
0
0
0
0
0
1
0
0
0
0
0
8
6
9
3
1
1
23
3
1
3
2
1
1
29
0
1
0
10
0
0
2
1
0
0
0
1
0
0
0
0
0
0
0
0
0
0
0
0
0
0
0
0
0
0
0
0
0
0
0
10
0
0
4857
2519
4783
560
3004
7223
3389
12
2019
7218
5129
5220
7799
6796
170
4138
5815
5470
2502
3576
3686
6913
62
5385
2677
1177
2791
2941
4479
7722
6320
4707
2156
3086
6958
6389
3332
4372
1255
5241
3120
2851
4238
1013
7399
6796
4712
2614
168
6138
7673
5129
6818
244
1442
7615
6395
4509
610
2992
7997
3066
392
4155
4140
5731
2987
7058
1924
7447
1684
315
4221
5600
1062
3589
3503
7045
3986
2541
2722
4142
8064
916
2284
2315
4594
6796
1133
4946
1338
3378
1976
5228
7482
2901
3776
7445
3262
3185
3288
3895
2925
4138
8122
3206
5797
1976
1030
906
5209
1658
3347
1023
139
6189
5834
6655
6332
6789
183
1191
5987
6664
5107
3947
3585
4835
6926
986
7664
2634
6436
1685
6145
6694
4275
2472
2148
3117
3532
2370
6937
1083
7139
2225
87
5983
2004
7349
1462
5785
5325
6600
7297
2973
4888
4874
5520
3741
699
4896
6879
6850
5311
3763
5016
5059
5156
7716
706
5049
6698
4031
6676
7161
3086
4481
3610
7675
5580
1818
2157
1762
3503
415
2397
3007
3914
8074
5975
560
3232
3012
2734
4313
3023
3662
130
7950
5371
4499
7146
5634
4104
7855
7656
7375
7325
6168
3326
1185
3693
4730
3909
4069
7591
5520
4031
3010
5909
6563
5384
1658
4446
7882
1223
5144
4541
2428
6861
6966
4078
7824
2099
7534
1599
3135
5741
6018
3688
4529
5147
316
2168
7748
6685
3997
3747
2675
6414
7087
4194
1581
7841
3272
3123
1621
8142
1525
1708
819
5876
4814
5011
513
4610
7616
2726
2898
2040
1938
1031
7395
2412
2746
7800
5373
2040
5820
4178
823
535
3870
5020
6789
7159
2605
6262
5223
942
652
5718
6322
6805
7743
2427
5496
427
7985
7281
3718
7387
2511
7556
3559
6453
2800
4535
3317
7650
5479
6442
7649
882
167
1659
1644
4006
1560
2268
3958
4541
1780
6191
5050
6208
1338
1338
6242
2579
553
512
5027
6352
2943
94
3629
2897
1439
6208
2939
7764
6398
5603
2913
883
3721
5986
6676
2183
4092
2731
4837
5655
6400
1264
2276
4863
6993
5325
6090
8120
6003
518
404
2353
1623
6010
2264
6172
6294
1136
3405
1256
836
6616
8100
3351
6225
4303
5022
6327
1021
6833
2054
306
7718
6897
2434
6451
2505
6426
1537
7534
5967
1489
7025
7201
8122
1347
6557
2792
3387
6824
444
3791
2485
1151
2296
3082
5987
2691
3038
225
7784
3717
1336
549
3567
3910
146
7000
2276
846
1474
4696
306
7804
6042
5899
1127
2752
6158
1728
6943
4563
1699
4577
8189
6172
5716
6170
1104
5581
2726
441
2027
1853
4855
2020
404
5194
1424
5650
2444
1336
3657
1338
5481
389
5459
6978
1530
6605
6555
3351
2914
1033
160
4302
6745
1637
377
4042
5512
3343
3370
3690
2345
3430
377
4024
2412
7369
4984
3948
4572
5170
2722
6399
4755
5972
4015
2029
1708
5496
449
7855
4750
2667
7945
2021
8052
6582
4905
7480
1691
2508
5291
1818
5726
130
8105
5525
5174
146
7378
5527
2215
3874
7605
3561
2489
6746
1652
6442
5565
6399
1694
6819
549
5522
2353
6631
1569
2809
7733
4436
7329
2002
5095
1706
5371
4648
3141
267
5944
610
469
4492
6233
737
7176
5161
3263
1678
2127
2003
5144
7111
1474
7690
7285
2600
2643
5353
5820
6631
710
391
333
8016
4317
98
871
1319
182
2004
1109
6924
5650
5070
7609
3470
981
7816
6972
7326
1489
6765
8076
5124
6476
7760
1530
3688
5240
5353
6631
1093
5753
6256
4834
267
6662
2422
4381
7377
5661
3642
1933
2420
4266
428
1589
4165
3121
1928
809
5702
1639
330
7023
7663
2573
3832
7005
724
3868
7855
58
2070
6306
6191
4204
720
996
216
6499
4431
717
2139
536
7617
827
524
2722
496
7784
3851
2004
2637
3828
1210
1123
1885
5311
7649
5236
7714
6665
6494
3171
3645
2499
7647
3189
7534
1397
4178
6743
427
5972
4858
7213
785
4710
3326
5921
5948
3123
5574
3129
1336
2581
6557
4333
3136
3629
4087
3387
6344
4165
3734
4328
5009
2395
2683
6555
7201
34
7684
3060
4204
5256
4448
8030
5679
5146
655
889
3391
4165
3503
3943
5702
3987
4813
4474
2397
1938
5254
3526
7332
5267
7235
3714
277
2954
5512
173
1651
7488
5104
5762
30
8
330
1943
3755
5404
3401
5019
2819
59
4338
4716
5788
1123
6897
6568
1256
7645
3559
1242
4907
5893
5501
3635
4474
3963
8170
103
6663
5423
550
6369
7905
3303
2459
6937
6002
1012
2582
2860
6425
8119
6568
4406
516
3151
3387
4473
4721
3643
5082
6790
5035
5968
4537
7424
2957
1315
6367
7588
7377
2747
1607
1550
8103
2854
172
7005
4872
4660
4331
2527
5099
985
4489
5177
5006
803
3247
6999
936
8003
3543
2021
1968
5346
6426
1651
5403
3628
423
2347
6963
2308
35
4017
2318
4018
706
859
2377
7523
3686
7216
2764
5582
266
7938
817
2202
7497
7716
5786
7480
3987
483
3371
6687
3424
2254
2066
5071
8092
2614
2891
143
2635
1534
2498
1235
503
8127
1554
5738
3191
4751
1415
2987
6454
4771
437
845
2165
8030
2663
449
2571
4746
6190
3820
4401
6510
2773
5667
5285
2308
753
3667
2532
1672
6070
377
3750
2999
421
2101
7276
1465
1336
4613
6541
7906
258
98
709
4594
4207
4644
2934
5377
584
2464
7806
5664
7806
6521
1894
4993
1131
5662
2343
437
7556
4707
5447
271
7507
5071
562
4276
1536
308
5649
6413
3880
2904
6479
6590
3959
3927
8143
6674
4609
3585
6864
5288
6902
5816
5650
5489
1425
1269
9
4255
6255
238
4126
2529
861
4082
4594
6921
5146
4523
7131
4183
5679
4858
4220
1062
4422
4422
1289
7787
536
1550
4004
1765
4578
5220
374
3212
6737
4093
6438
7942
1680
1424
2870
359
12
6247
6544
100
7560
6380
1822
4190
1943
5608
4521
3229
6549
8151
2972
7784
536
5290
5412
921
14
631
6227
7615
3513
3676
4935
1988
