0
0
0
9
2
1
0
2
8
2
0
1
1
0
0
0
0
1
0
0
0
0
11
1
0
0
5
1
0
0
0
1
0
0
0
0
0
0
0
0
0
0
0
0
0
0
0
0
0
0
0
0
0
0
1
1
0
1
0
0
0
0
0
0
0
0
0
1
0
0
0
0
0
0
0
0
0
3
0
0
1
0
0
0
0
0
0
0
0
0
0
1
0
0
0
1
6
0
0
0
0
0
0
0
28
1
0
12
7
5
0
0
0
0
0
1
7
0
0
1
3
0
5
0
0
1
0
1
0
1
0
1
2
0
1
0
0
0
1
0
0
0
0
0
0
0
0
0
1
1
0
1
0
0
1
0
1
0
0
0
1
0
0
0
0
0
0
0
3
0
0
1
1
0
0
0
0
0
0
0
0
0
0
0
0
0
0
0
0
3
0
7
0
0
0
0
0
0
0
0
0
0
0
0
12
4
7
4
3
2
26
3
1
1
2
0
1
21
1
1
1
11
0
1
0
1
0
0
0
1
0
0
0
0
0
0
0
0
0
0
0
0
0
0
0
0
0
0
0
0
0
0
0
10
0
0
684
4892
968
4484
3635
1787
8092
4210
1110
1758
5935
4138
313
2098
8031
3864
6018
1452
4260
2626
616
4812
6189
4365
4874
3224
5850
39
4700
7442
4225
2257
2130
3661
7533
4484
1062
1379
7342
4132
7257
6928
8037
3010
2198
6010
603
809
3578
7679
7438
1460
5379
2491
260
3038
1049
4415
3134
7321
731
4027
3457
5127
2226
3244
595
4892
7389
1688
3214
1092
2445
4178
3776
2908
5612
353
5260
67
5392
3678
1930
3295
3567
7734
6431
378
2483
6168
6059
1856
5244
6980
744
5094
4465
3847
4155
3479
5379
516
7427
5954
3198
6151
7315
5170
459
7367
5496
5383
4802
4892
5846
5246
7702
5260
371
7994
6393
4375
1823
2333
7691
2496
5946
6962
6320
254
1926
1741
5512
7111
1623
3489
395
1846
6687
1730
4855
3688
1338
3879
4313
3602
3477
5131
3397
4696
3717
5170
5599
8176
8000
4710
1732
2667
6418
1694
4971
7844
5404
7343
270
603
2090
2507
2943
4946
1858
1338
4323
1130
1092
7400
5286
5004
7045
2134
2352
1730
3446
4696
5741
2856
5099
1830
6048
7366
4658
1578
2654
2679
2257
5609
2583
4993
6673
7705
7931
2039
2908
7800
2939
2269
1259
7156
3149
5976
6046
1968
5064
6348
809
5478
8100
2339
4372
1029
4007
3923
2197
6960
5343
3185
4029
3656
7970
2385
6964
1477
2502
1232
1761
3283
6639
6010
1422
6638
513
610
7768
7793
92
1687
7159
6468
400
1323
1905
6165
1837
2353
3979
3003
3947
7673
4484
2268
6352
2448
7111
6802
2405
6229
1841
5585
7822
3646
2315
4307
8122
7718
3446
6561
8113
2450
4398
648
4983
1761
4110
3769
1339
5908
3256
6754
795
6508
1950
1374
6172
694
7702
6716
3331
2683
1599
5052
4663
1687
3595
1336
4382
8
6705
150
4762
1079
6468
3881
4983
2621
3833
88
2148
6138
3446
3730
5159
7942
7230
4178
7931
596
6426
1377
5284
3528
5284
2750
2020
1256
7758
4323
3012
2634
5972
3718
2385
1992
6080
4248
5286
2955
6520
7479
373
7697
3688
1608
2156
6554
3305
4349
187
1799
4253
7607
3886
6639
6123
1825
5132
7873
6861
57
7460
6348
6463
4138
5820
1730
6400
381
1089
1130
1931
6227
8077
4562
3836
755
6179
8071
6985
6172
786
6414
7487
7875
6673
53
6631
6928
1593
4985
6780
3221
6494
755
7181
6486
4905
3998
2991
6646
1687
3353
3048
3475
6419
2943
7429
6960
7556
320
2165
7896
2735
5358
1110
3879
2434
449
1474
1833
6940
4658
2330
1328
5052
483
6494
6408
4960
7033
4697
856
2304
3183
2564
4665
6052
132
2830
6850
1927
4804
1707
1545
8076
3638
3327
7375
4396
2834
3236
315
306
3730
6170
1305
2386
3489
8099
5269
7708
5527
5124
1130
245
2295
7834
971
1474
5408
629
444
2139
1522
6574
6352
4138
3030
3226
449
2639
7834
1107
8132
5358
8
8
2511
6312
2691
7718
3397
6619
2941
3577
2412
4767
2101
1477
8061
3898
6322
3543
7557
2165
8060
693
1338
687
5409
6790
3551
4399
2027
2072
1707
4359
785
5104
4598
6994
6738
1525
5157
7941
5495
3470
523
4980
6107
3836
5989
6998
2857
7159
5064
5167
1743
5354
2677
5174
3553
6709
276
6259
5946
7527
7534
4855
3678
7602
3527
3940
2637
2859
1512
970
1523
1283
1338
2007
4369
2446
7988
4124
4159
51
1079
2707
7533
3736
4126
424
6738
7945
1070
2449
7829
6616
837
7718
617
3025
1070
1685
371
1957
4329
3717
2824
4086
5217
2889
1694
1730
5011
7375
5549
5179
2897
482
1148
3729
6125
2007
2735
5496
1730
1804
3060
8099
2722
371
5497
6259
6259
277
1711
2870
2708
3718
3441
2893
5340
7396
5124
2366
377
1226
3561
2660
129
8145
6244
8132
2519
1922
1328
152
5917
723
1292
1403
2583
7146
1112
1442
3860
2197
4138
2259
2320
1860
2352
3557
3563
6960
2519
6443
4360
3125
4099
440
5232
2806
2238
2991
6229
1219
1831
5334
3166
7240
33
6964
67
2834
1599
1707
1892
253
2197
5251
2897
3714
1338
2225
5768
7668
5788
6159
4983
4001
2754
6168
4984
6563
6007
371
2943
5444
5655
866
6915
825
914
6412
315
715
4436
4855
1599
338
4427
6408
7006
6619
219
1338
7217
7807
1788
2096
4509
6555
7610
2772
2311
3597
5549
7733
1093
4450
3717
4435
5511
4406
3002
4061
4878
1690
7375
7388
2264
6322
1021
7346
6414
3892
6750
6398
6279
7702
2232
2995
277
3410
5252
7350
7835
4365
7264
402
2750
826
6107
1589
4119
4082
793
6555
2164
1898
5337
7534
1968
7676
5968
3135
4021
4976
6638
1855
2353
2682
2316
5612
7658
6964
3221
112
3322
2360
5649
2315
5807
6208
2368
4890
5806
2238
5286
2505
3410
7217
4205
3441
5188
4896
1107
5003
7697
7667
3776
6426
6958
970
7145
1749
4613
449
6426
3815
5801
6457
1021
3432
404
1186
858
4860
5549
8132
5565
7146
3567
7702
3894
5223
6677
2954
5379
5179
2647
762
459
5251
4456
83
3351
3020
2338
440
7240
5497
4456
4531
4178
6835
5967
6299
5706
3001
3883
6555
1730
3010
6259
5614
4957
7704
4793
591
995
498
7954
6687
1489
2834
5556
6781
1635
4961
7842
3914
3228
391
6299
1014
3331
1110
5655
1858
2939
7799
6789
3441
7440
5111
1125
1442
6964
1623
6106
3141
5542
4950
1195
162
1292
6825
5778
1567
624
2277
5091
4129
1306
4863
2904
1126
6499
4275
762
751
972
4398
6696
6618
7864
5465
3977
5260
2643
3193
5096
2633
2369
1613
5031
7304
2023
2333
7803
3563
929
1084
5506
795
358
7346
2021
6244
765
516
1107
6383
2427
67
5382
6209
1258
1858
3776
6400
2774
3526
5054
3381
5965
7688
4291
8073
2645
3854
7887
4633
1541
3206
2508
7125
2760
5366
3881
3527
4857
2788
7704
2264
6443
1707
6689
6657
6956
6129
244
930
1123
5292
1788
703
4447
3724
8160
2385
8021
1680
4609
5921
4990
7164
1794
4342
3145
5944
4104
