0
0
0
10
7
0
0
2
10
0
0
3
0
0
0
0
0
1
0
0
0
10
0
3
0
0
0
3
0
0
1
0
0
0
0
0
0
0
0
0
0
0
0
0
0
0
0
0
0
0
0
0
0
0
2
0
0
0
0
0
0
0
0
0
0
0
0
0
0
0
0
0
0
0
0
0
0
0
0
0
0
0
0
0
0
0
0
0
0
0
0
0
0
0
0
1
5
0
0
0
0
0
0
0
22
0
0
9
6
7
0
0
0
0
0
3
0
0
1
3
0
1
3
1
0
1
0
0
0
0
0
0
0
0
3
0
0
1
0
0
0
0
0
0
0
0
0
0
1
0
0
0
0
0
0
0
0
0
0
0
0
1
2
0
0
0
0
0
0
0
0
0
2
0
1
0
0
0
0
0
0
0
0
0
0
0
0
0
0
4
0
6
0
0
0
0
0
0
0
0
0
0
0
0
11
7
7
0
3
0
24
2
2
0
1
1
0
23
0
0
0
10
0
0
0
2
0
0
0
1
0
0
0
0
0
0
0
0
0
0
0
0
0
0
0
0
0
0
0
0
0
0
0
10
0
0
6068
5746
5404
7478
5146
845
14
437
2691
0
5483
2960
7951
6006
5979
5192
2475
3510
7143
4368
1285
4796
7882
2398
4678
3919
1310
712
1217
3874
197
7446
1145
5215
3999
1852
6659
6135
7995
2057
8032
3643
2515
6429
7241
2525
2596
6522
7592
7865
2219
1034
2921
2405
2858
6006
4303
5597
313
7557
3062
2834
4724
2187
1729
3187
2420
2463
6301
6429
6814
6652
4243
1729
3952
7763
3398
7147
3397
2602
4279
6082
1798
6082
2714
1285
400
4231
873
498
7375
6238
4983
2460
7423
6418
2913
1747
3746
3770
6608
521
2652
81
2723
2054
3333
6568
4706
1294
612
6045
7278
4608
6002
7347
3001
4562
5483
7744
3636
5014
4869
5067
4533
4524
6600
8082
5715
1624
5237
4202
7304
5928
2387
3187
1747
183
8032
7763
4161
3190
3772
5128
3304
660
5787
2168
4366
7864
4982
4037
5833
2475
2262
356
7075
204
1550
5587
6433
1481
2063
626
5077
1538
5370
7388
7405
2314
5860
6905
6939
3530
3133
6419
455
3078
6869
7320
4999
8149
339
1261
6766
3938
2135
7714
3179
3226
7332
7844
421
2063
5774
314
422
1581
3389
4384
6007
6734
2852
5829
5969
5800
1711
2183
3836
2174
7085
2153
1390
1891
1604
187
5416
7616
4999
4303
1414
7845
7740
3776
2387
2054
5880
2160
1581
3783
5850
7534
7320
7105
7919
7749
4391
4137
3953
4602
5748
7671
6418
481
2710
3757
6875
4971
5642
1246
4592
6516
5774
7153
5112
7961
4547
1622
3665
4192
1048
1163
3127
7102
1903
7215
5396
6078
7122
187
2596
5475
4416
3105
5872
4836
5471
2812
6873
2013
1332
930
7320
5016
2856
5918
6072
7269
1870
2167
5688
7713
753
2665
813
6049
4000
6805
1434
644
2716
6415
4796
2686
6931
3820
4171
6081
5685
7421
4438
1323
1392
1232
4158
6259
4998
2816
4053
1539
4905
1672
7445
4004
6198
5998
4141
3745
3446
4241
2652
2652
3720
7681
7143
201
7915
2951
7933
3356
5827
794
6928
5330
6723
3150
4802
3401
90
3153
649
5733
3159
2907
6899
8170
1697
3572
2804
3593
3624
7518
5272
4368
3150
6962
4141
7842
2934
5997
1397
4227
4665
4221
5222
6625
4347
6410
1431
5031
6338
7019
317
6373
4334
6227
169
4751
7700
190
6297
5188
958
7211
3254
6102
3256
7265
3704
7305
4951
4242
4491
6727
7181
2275
1545
2091
4663
1406
736
4871
8170
7326
4052
2577
5344
2573
6329
2610
5340
7089
4419
2213
7891
3195
3898
6731
4829
7949
4814
4401
5516
3658
6676
6236
6647
3874
2042
3320
1326
7221
7846
6573
5059
8168
4138
211
121
3510
4335
2194
1794
3475
722
3979
3273
2667
66
5790
646
1432
5327
1499
2515
273
3984
5228
6944
1332
5431
3836
4490
7409
2366
6755
4137
2158
3883
3098
3811
3478
7082
7536
3134
957
6749
2517
3881
5151
5606
2959
2910
1451
1934
3212
5778
7636
2522
5154
3915
5748
5958
4974
2970
4871
2908
4869
1695
7581
3802
6781
2558
5077
2609
378
984
1557
6737
854
6559
6765
2440
1400
8122
7816
2934
372
7387
4535
5890
1452
2764
1482
2126
7060
270
755
2456
2093
2725
5816
5721
7362
5263
2836
3833
8054
3919
5763
2520
395
1310
2307
2021
4284
2961
2134
1686
3681
7035
2944
2086
1542
4049
282
2928
7668
2536
5286
2140
3507
1123
507
8176
2242
4609
5711
7370
6428
6930
7111
1581
5024
1595
4678
6573
2094
7838
3164
1940
6322
2067
4128
2717
744
783
2493
6807
2871
6161
2929
3554
5960
5132
7975
7557
7198
7901
4128
6251
4974
1955
2195
8080
2772
7175
3343
6006
2348
90
5698
7186
7839
5096
7499
3874
5874
1680
4950
656
6581
4466
5710
2586
920
6917
2498
733
5945
1732
3529
5017
3521
112
5767
5178
3256
7343
1840
5711
1261
3451
1993
6146
775
3387
1612
5642
6611
7785
3656
5403
7679
5185
5824
5762
818
773
834
7305
1943
5077
956
694
6006
6878
4813
6891
471
962
2350
2711
3604
368
6090
3193
167
1396
2432
3360
7012
8166
4710
4952
7877
2558
591
6780
5059
1354
1741
6159
5297
4350
6890
4826
3411
6045
6398
7222
1049
5836
1092
6106
2517
2099
5533
2714
1805
1273
2948
2309
4578
7495
4291
138
2796
6234
137
5562
2238
5203
7549
547
5340
1347
4627
697
7144
3381
7975
5956
6345
5415
3649
6475
6917
1653
818
112
2928
3682
5408
6454
7277
1094
4892
6937
744
1706
3136
5120
5223
4527
4277
531
3413
4634
1748
5775
4095
2513
1323
1960
3014
5460
4488
7824
730
7201
4161
5182
3909
1965
2405
869
2114
5688
6791
1620
4367
2762
3200
182
7063
5326
5013
1200
1670
5363
5801
5536
2280
3862
7753
3169
7951
1063
7107
4902
2155
5453
4484
5111
4038
7985
5915
4435
5563
2453
8023
4291
4150
4280
7690
6083
5705
4462
4429
7436
2613
947
6887
2296
3541
2517
5958
6783
755
458
971
2228
4808
6061
2639
825
3647
2558
6701
4099
674
676
2612
2938
4184
3919
1390
4724
4108
5156
5815
1261
2008
337
56
7587
1600
7190
190
7649
112
7739
1482
253
1500
1618
3648
4237
3389
7692
1331
584
2229
2712
2186
7675
7981
4919
4501
2179
7681
4078
6159
1492
4419
441
4925
4613
6091
2339
3833
2955
2158
4064
2475
4802
5717
6627
6622
557
325
6141
11
1948
932
3639
4999
7977
5641
7181
4024
5909
5791
2564
6350
7660
256
7148
5259
607
7926
2080
212
6561
7864
2637
6412
1
7450
4006
4871
1566
3453
4348
1494
7010
82
2999
2438
4704
6045
794
3327
4263
2386
4704
6350
1947
6727
5881
7722
1821
254
1883
6091
7820
1998
8008
233
1651
4341
5585
5629
4644
3542
7940
1442
260
1262
4580
1898
2819
1016
1647
1604
7605
7549
2427
6476
3355
6133
789
7768
4641
7090
791
4524
3046
5967
399
1837
1352
338
4448
8025
1043
6289
2339
45
3542
5790
1863
6737
5138
31
6797
4770
5555
2648
2438
4478
2162
787
