0
0
0
10
0
4
0
2
9
0
0
2
0
0
0
0
0
0
0
0
0
11
6
0
0
0
4
1
0
0
1
0
0
0
0
0
0
0
0
0
0
0
0
0
0
0
0
0
0
0
0
0
0
1
0
0
1
0
1
0
0
0
0
0
0
0
0
0
0
0
1
0
0
0
0
0
0
1
0
1
1
0
0
0
0
0
0
0
0
1
0
0
0
0
0
0
6
0
0
0
0
0
0
0
23
0
0
2
6
5
0
0
0
0
0
2
4
0
0
0
2
0
6
1
0
1
0
0
0
0
0
0
0
0
1
0
2
0
1
0
0
0
1
0
0
0
0
0
1
0
1
1
0
0
0
0
0
1
0
0
0
2
0
0
1
2
0
0
0
0
0
0
0
0
1
0
0
1
0
0
0
0
0
0
0
0
0
0
0
3
0
9
0
0
0
0
0
0
0
0
0
0
0
0
12
7
8
6
6
2
26
5
0
3
1
1
0
19
2
1
0
10
0
0
0
1
0
0
0
1
0
0
0
0
0
0
0
0
0
0
0
0
0
0
0
0
0
0
0
0
0
0
0
10
0
0
5332
3642
2002
7591
6202
3687
4109
4545
4109
304
1508
5915
3660
1248
4350
925
6396
1820
6012
6141
6222
6997
6012
4213
7745
6660
2374
7227
7243
3358
7823
3588
5332
1544
6307
4339
3995
5277
5376
471
6070
978
5057
208
7051
3588
1414
1021
2560
1158
4975
1941
2425
3995
3722
2780
7913
6124
931
3346
492
3051
169
3457
3995
7415
6776
2975
7520
5445
7692
7823
3433
1158
2560
5322
2478
5467
5859
8164
4105
2143
646
5978
1857
1732
3229
7723
2635
1544
5402
6353
5419
2252
8103
48
1864
8187
3706
3849
1890
3995
1478
2768
2036
6314
4360
6168
8164
5859
781
2440
5323
5548
1390
1197
4753
1717
5810
6776
4339
266
2557
5419
7755
1989
2248
5451
4194
4422
6724
5587
492
951
7728
4799
5548
362
6699
5017
6723
3738
8149
5251
5323
2818
2382
7616
6090
5319
2597
4294
4703
8187
1989
109
4211
1584
8048
3056
7722
3995
2597
1245
3358
337
5017
2301
5907
1806
152
6400
856
7346
6400
1695
5017
1359
7346
3866
5859
6508
4729
3995
263
1217
3196
1989
3245
1522
320
2832
6141
4851
4194
6441
7437
1636
7137
5907
5907
362
2993
1894
856
1528
5774
7423
4041
860
1695
3738
1065
6066
4009
7699
722
3642
857
705
4422
3051
1395
3439
7995
4830
5751
623
6854
5799
5017
956
7082
5770
3820
3563
6300
1555
7478
3757
7616
196
3558
7412
2818
2900
6854
4871
5805
6124
1129
1584
1217
3642
48
4109
254
6660
7447
6585
6723
1616
6723
701
381
956
7478
1720
6854
5612
329
1326
1806
7346
5597
6158
2427
3250
610
4799
1961
6735
2922
1733
3186
3358
1057
3751
6735
778
5610
6723
762
8168
2269
2440
7423
6699
3563
41
701
4620
362
7864
362
6086
7298
1687
3638
41
4473
2382
335
6660
1703
1042
48
978
4194
4109
3732
3684
839
2301
7346
5908
51
1451
3563
701
1960
5366
1451
1474
7257
1922
2846
2079
8084
1354
6723
4868
6086
7728
7389
6895
701
5052
932
1965
919
2374
3433
6509
5788
6814
4868
291
6086
2818
2301
7667
2874
1695
7430
2840
6673
610
4360
523
5592
856
781
4629
7634
3662
4796
5027
291
962
6398
2002
1965
1794
5094
5065
2468
6848
3604
7760
516
2440
1766
4868
6443
5572
6010
5770
7430
5231
2165
5323
4576
2755
7249
5009
5745
4361
3642
7002
1326
4681
2301
932
4194
3453
7850
4868
2874
379
4501
8164
6881
1482
993
1687
8100
1439
4929
5055
4123
4446
2187
646
291
7637
4108
2999
4796
1048
3642
382
646
7772
2818
7704
6508
3894
1847
6757
3866
152
196
2440
839
962
1528
5910
4767
3125
6147
757
172
4401
2818
4838
1104
5682
7910
5403
1048
8048
3642
382
7257
4868
381
610
4412
6441
6163
6157
3131
3604
1930
6723
196
4946
3563
5366
4680
7919
7003
3011
3998
4360
4681
2369
4479
5272
5627
5403
3642
6307
4521
4194
1578
5572
6336
6555
6009
7995
2900
3563
2083
3828
3828
3606
6723
4868
2846
5366
6010
6443
3659
6998
7257
2818
1628
4203
4799
1003
2907
5332
4353
4099
6380
1046
3478
2149
2785
6357
5332
3433
2387
6723
3563
646
7793
3030
5818
2222
638
6043
1766
8026
4576
5152
3511
3511
2874
6158
2021
5403
3589
254
1535
1424
5556
4874
6141
1730
6352
4264
7823
778
3817
7728
2874
3606
8149
3328
6007
3125
4144
2288
7792
6086
7634
5550
3463
3612
2631
6872
2211
4361
7011
4830
6583
5334
5245
6018
6508
3403
6631
1767
5531
2922
5115
4941
6854
953
2755
5905
379
7534
3122
813
667
6246
1234
2002
3205
5071
7857
3127
5348
7308
508
6000
5232
1929
7104
8050
238
1104
6680
2121
1823
5107
2907
5115
6627
5490
381
5505
5799
5481
7274
7702
1631
5715
2271
4491
1706
4509
5614
7903
5229
600
6709
959
3196
6075
4575
5779
3730
7973
1426
3268
358
1697
3167
1971
2130
6009
3688
6956
4328
6964
462
2083
4373
2291
1761
1211
7887
779
6170
5622
4322
4522
2686
7502
4572
5777
7171
4522
7236
7800
5520
5145
2047
7145
2464
5896
1048
3096
3358
7823
2922
7887
404
596
4369
1894
4541
4655
5367
1747
6266
1744
3629
222
563
907
5737
3691
4553
1217
5653
3144
4146
8025
5597
516
8030
3167
3120
6262
227
978
4858
4830
5332
2800
3012
1151
1183
5367
3947
4907
2534
3002
116
1115
4092
1453
1717
5574
4912
1416
7233
1804
5248
4148
371
2691
6104
8103
5896
7093
4017
2137
4851
4194
1129
6307
7011
5833
2686
5112
5945
3220
4670
6031
4259
276
7141
6954
307
2994
2958
4367
7029
7378
1099
6553
1083
4155
2464
2679
3158
1319
5118
2252
254
1217
5933
7722
1046
2002
2338
5467
7158
1638
2573
1765
7086
5185
6635
5779
2784
434
6768
7216
8148
404
2327
5798
2835
371
6320
2271
3414
1319
5896
4017
4796
1965
7415
3969
959
7389
8082
7973
5011
3562
4010
897
3432
852
1050
1823
5514
4830
6191
4993
3327
5052
332
6860
5170
1766
3747
2459
7827
7110
7110
109
5332
727
4700
6660
1709
1105
7887
4406
271
858
5779
327
2754
6768
972
2219
3321
2411
1467
2951
5736
3478
1823
6947
282
6336
2464
255
7910
249
6082
4361
4796
7011
2002
1481
381
7193
137
7051
7333
4017
1750
4820
6365
3494
7604
5553
5733
7974
5077
5353
1611
4685
35
652
149
5150
5385
1516
3817
1766
1766
7168
1018
1482
4329
1639
7386
3881
6723
7167
6366
4798
3482
3728
7673
4670
6202
3663
3504
4654
5279
2474
4293
1654
7882
2007
939
6902
4340
7769
1481
5481
3717
7875
4576
8099
3688
1631
7614
762
3772
8055
7784
5230
3858
4952
437
2502
4139
7015
2211
4952
7187
6720
2182
6357
4311
6706
5745
940
3747
1620
3287
4680
5634
3548
5417
5944
5079
7015
2406
6686
985
2756
610
6715
4873
3947
4576
7412
7346
5701
4418
6195
7882
6082
5937
6715
714
8143
1892
7297
