0
0
0
9
0
3
0
2
9
2
0
3
1
0
0
0
4
4
0
0
0
1
6
1
0
0
0
1
0
0
0
0
0
0
0
0
0
0
0
0
0
0
0
0
0
0
0
0
0
0
0
0
0
1
5
0
1
2
0
0
0
0
0
0
4
0
0
0
0
0
1
1
0
0
0
0
1
1
2
1
1
0
0
0
1
0
0
0
0
0
0
0
0
0
0
2
6
0
0
0
0
0
0
0
20
1
0
7
6
6
0
0
0
0
0
3
2
0
1
2
4
1
6
0
0
3
0
0
1
1
1
2
3
1
4
0
1
0
0
0
0
0
0
0
1
0
0
0
1
0
1
1
0
0
1
1
0
0
0
0
1
1
1
2
0
0
2
0
0
1
0
0
2
0
0
1
0
0
1
0
2
0
0
2
0
0
0
1
2
4
0
8
0
0
0
0
0
0
0
0
0
0
0
0
11
9
6
3
8
1
33
5
8
5
3
0
0
15
2
1
0
12
0
3
0
3
1
0
0
1
0
1
0
0
0
0
0
0
0
0
0
0
0
0
0
0
0
0
0
0
0
0
0
10
0
0
4355
1057
6583
2558
684
2850
7568
30
229
7040
6735
5650
3253
531
4372
7408
3916
7002
6417
7190
2653
5428
791
4436
36
6371
992
6293
1684
280
4809
6417
3158
6075
5045
5765
7344
5020
1029
5688
61
749
4489
3346
421
2907
3225
907
4796
2405
6417
5874
7391
4578
2464
5914
6492
4067
1852
4213
2654
4472
4609
5531
7244
7980
966
849
1620
6179
4200
727
7911
5092
6906
4339
7820
6417
2285
5778
2271
4291
7408
6089
2676
568
421
2648
3405
7592
3433
4011
1464
4881
3747
3389
3911
4367
4740
1940
7243
3447
2766
6650
30
7911
3571
8080
2098
110
7433
7836
4498
3051
4932
8011
2285
1450
4361
3433
1733
4043
3492
6041
4475
1620
208
6447
7806
3391
1272
3645
6889
3455
3504
1269
5273
6645
3152
1555
2964
7352
4576
3678
5120
3443
1733
5687
2672
947
3453
2478
5889
3095
3777
5537
6660
4007
1450
137
2464
5810
7886
7053
3790
1689
1748
6082
5921
1115
2319
4576
4966
7293
2351
410
5171
35
255
559
4353
2672
2269
3107
2094
1771
4151
5010
6396
3229
4412
4813
5402
935
1689
6473
4852
6081
1971
2485
1766
6049
3865
7627
2957
7781
4004
2558
1105
5024
4830
5220
2405
4950
3378
5564
6930
7412
6180
8036
3160
3608
8069
5166
7287
3666
5277
4392
208
2279
4172
6314
5741
1932
7398
2672
6161
7153
3229
7289
7887
2661
5079
1864
2907
5778
3389
96
1181
6269
4682
4180
1326
6424
6988
6005
2283
2244
959
83
3161
5364
7976
7210
2630
2217
7911
6307
6723
7422
6706
305
1523
702
7820
5138
6820
1748
1857
4150
5801
7713
4681
7066
7174
3690
6666
1231
2799
8105
7788
324
681
957
1164
7482
4745
4824
4353
6756
6608
1297
92
5119
3368
6667
8097
1267
6041
2907
6895
5998
575
6846
4658
1911
5505
2238
2328
6677
7389
1289
3834
919
5906
7274
1818
715
1699
1009
1989
4361
649
3635
6506
1046
508
35
4032
3277
825
2339
1067
3154
6554
3336
5428
4475
1035
1764
6374
7798
5731
7823
1733
5840
7885
8111
947
7742
5376
6438
7299
1672
1739
5107
501
5327
4825
1132
7620
5166
6997
3896
25
4291
4936
4568
4788
5928
6417
3308
4594
3600
4292
6583
3057
1322
4857
4674
5998
61
1220
6929
6141
1124
5232
2825
7357
1440
2337
6947
3847
7654
5265
3866
3183
2306
6252
2684
4340
744
5456
7615
3004
2558
261
2697
2252
248
7384
1041
1048
3453
3092
1040
5575
6694
1059
6563
3732
4533
6415
6925
5224
2484
1917
1797
4058
4944
4628
3326
925
783
1852
2271
4609
7591
1441
4597
4356
1345
7162
5470
3824
2605
3453
2858
2908
1766
6400
6443
2620
1295
4702
300
3980
7679
699
7064
5148
4698
4350
4809
6384
5129
966
1164
1600
4478
331
4294
5325
7911
3358
3943
7215
2908
6057
7346
4244
4682
1766
287
381
762
820
4082
3167
5172
2152
2772
852
3969
7692
2418
2130
3741
1523
722
7398
6141
1136
763
7463
4215
110
997
7322
7644
81
7713
7634
2779
5502
3048
7095
839
2148
7416
5890
877
7945
7524
3780
6571
6989
2130
4065
7223
7673
7615
881
130
5232
1304
7321
6330
3508
6695
7392
381
6138
6998
4275
5284
3013
3362
6155
6734
2893
1849
2493
1396
6422
2135
1155
295
3302
7462
6273
2056
683
568
3988
8125
3391
3536
1760
3571
4322
7973
5311
701
4999
5286
382
8048
4499
107
6666
4682
6097
7315
1145
610
5170
7667
5777
7235
931
7172
2413
7189
2825
7911
7913
5115
6193
6253
3885
1253
167
6862
3766
1977
7903
196
6159
8062
4033
1891
6574
1545
605
2456
6930
6723
6930
2908
381
7640
4533
5715
4561
2327
678
6353
7039
4545
7162
4621
3055
6185
6680
6613
1040
6296
953
7257
1104
7604
7498
1460
3563
4728
3369
379
3362
804
7249
6269
5052
6705
4007
2182
4442
5079
1224
2124
460
2777
4150
3324
772
5077
5385
3710
7253
4851
2888
6930
4946
3282
3423
3343
5908
1197
701
3828
6965
3285
6180
5017
1992
6283
283
3188
6417
1774
1075
5531
3229
4521
1709
3788
3807
7882
3358
7337
6450
34
6369
578
291
2085
605
2250
5496
3446
4715
3502
2999
5174
6413
1708
1351
4436
1590
6703
4606
5448
16
2533
7389
7398
795
2137
3718
759
2583
2319
1765
3167
3386
6241
5991
3620
4329
1755
5368
3895
4539
6052
7342
6304
2786
2197
1730
5655
5376
1253
1163
39
1027
4556
4120
2136
6583
5993
5982
2123
8016
2098
4158
3686
7753
2092
7398
3161
6583
3700
3521
7137
1104
646
640
6090
7446
4982
953
1149
210
1870
1956
1706
5128
2538
1244
3542
7543
3666
3909
6035
5871
1195
139
2912
2467
420
521
8187
4623
7591
701
5059
7729
3595
7000
6716
1991
3334
6424
1978
684
4482
7061
1556
7182
1527
7788
7056
3007
7926
7182
2538
4517
1564
2303
3438
6651
6015
6459
8021
1762
471
4140
3862
646
51
780
6631
1297
3743
7887
3732
4183
4405
6335
184
254
5292
4492
5839
3443
7104
2911
6193
5790
1094
5403
4623
6179
298
7384
7056
3196
5364
1040
3455
5373
6573
8026
2058
5556
4270
6124
405
8060
6737
4521
109
4056
7463
5975
2679
7441
5731
4082
1856
2764
4022
2217
3712
7584
8048
1581
2283
5403
7059
5731
169
7218
4635
3927
4881
1067
2825
3405
537
1096
7093
5985
4173
2975
6583
6645
3322
2379
4623
2248
1794
4011
7722
2907
1733
7915
61
3642
5171
2166
7029
2654
102
5118
2346
6610
1649
4202
2254
6409
5559
996
91
4619
6925
574
8025
4594
1935
7587
7869
2104
4950
4175
8023
208
2672
5654
6475
1709
3773
4561
2558
5689
4851
5143
8023
7418
5131
4016
2796
3585
4813
23
6310
7384
6989
1848
450
5129
6069
1129
6679
5288
2967
5731
7844
5290
5283
2214
7910
4350
3631
4112
7237
3631
5248
1513
7915
1989
6438
2512
2136
6553
2513
7872
3969
5057
3795
7757
54
7453
7256
