0
0
0
8
2
4
0
1
10
1
0
2
1
0
0
0
0
3
0
0
0
2
9
3
0
0
1
1
0
0
0
1
0
0
0
0
0
0
1
0
0
0
0
0
0
0
0
0
0
0
0
0
0
0
3
0
0
1
0
0
0
0
0
0
0
0
1
1
0
0
0
0
0
0
0
0
0
2
0
0
0
0
0
0
0
0
0
0
0
0
0
1
0
0
0
0
7
0
0
0
0
0
0
0
23
2
0
11
7
5
0
0
0
0
0
1
1
0
0
4
1
0
4
1
0
2
0
1
0
0
0
1
2
0
2
0
0
0
0
1
0
0
0
0
1
0
0
0
0
0
2
1
0
0
0
0
0
0
0
0
1
1
0
0
0
0
0
0
0
0
0
0
2
0
0
0
0
0
1
0
0
0
0
1
0
0
0
0
0
2
0
6
0
0
0
0
0
1
0
0
0
0
0
0
10
2
7
2
3
1
28
2
3
2
2
2
0
24
1
0
1
10
1
0
0
1
0
0
0
1
0
2
0
0
0
0
0
0
0
0
0
0
0
0
0
0
0
0
0
0
0
0
0
10
0
0
5906
2062
7005
216
3934
5819
5222
450
4563
3561
1177
1823
6980
7448
3014
1604
1695
1112
3082
7174
3327
3221
4905
6010
2706
1695
222
5824
3166
2257
8151
5423
7
7859
2959
8009
3646
4694
1243
4365
2339
560
7882
6945
4755
2969
7389
2295
3125
5174
5240
6704
67
1426
5373
2427
6692
3659
33
1854
4152
5710
1836
1062
2143
8099
6928
4715
8057
6281
2738
701
7617
2558
4716
7294
1224
4221
2862
4946
5170
1477
1991
5770
6928
2444
4878
6503
1847
6687
4999
2754
649
3454
6761
211
2262
734
4452
4676
3140
4803
4611
7765
128
4422
1300
2139
6400
3387
2706
923
3125
4221
1992
4706
92
3893
7482
7375
3472
826
1656
6006
5161
7196
4333
8075
6672
7005
498
7683
718
1855
3214
2032
1958
7415
8168
5471
1338
1922
5358
7658
6389
7213
5430
580
7455
3516
5811
1105
1652
7843
5240
2672
1238
5326
7354
2118
3994
2984
1451
4373
173
6436
6663
2057
4274
3144
3135
2908
2098
856
4468
5379
756
47
1589
1164
3166
3480
854
1107
5332
4492
1611
2497
6060
3851
6721
1872
4874
7982
5670
3171
7274
6810
5721
3093
4123
8185
2291
3567
6979
624
7814
7012
4975
5739
1029
1680
534
2544
7897
4142
2569
1635
2949
7843
5986
1293
7753
4092
303
1354
2893
5659
3432
974
1929
4906
2058
7743
6930
476
5487
5366
6361
4685
3343
6777
6411
5157
2979
5629
5549
4123
6850
5738
7857
5283
6979
3331
7749
4415
2568
2098
7387
1725
4504
1631
1029
6410
4132
2098
1802
2213
1086
1892
3825
3717
8057
7687
1336
6914
7654
1439
3658
7300
7704
3333
7318
4444
6513
5091
5494
4093
2198
1282
2978
1560
5936
68
3667
3975
794
1992
3135
3072
889
7323
2007
5740
7805
308
3125
5151
4323
5817
4413
4700
1027
8127
7546
7441
3570
6835
2389
4877
5622
6631
4562
2102
6443
7859
1148
709
3146
1226
5265
1403
7887
1525
6336
780
2488
1846
3820
2643
4696
4149
7827
5396
972
457
941
1929
3821
7710
2772
5050
2908
7821
4274
7269
1428
2772
7146
7697
1730
5998
3480
5898
3433
1623
2706
2908
4676
5967
67
7879
371
6498
5322
1414
5029
7418
6591
3659
2795
5403
2768
7623
6930
6348
4452
4618
3572
7995
2357
3865
5478
693
7431
5649
7121
1094
1821
4408
6151
610
6057
2251
4527
5886
6414
7538
2023
7087
4946
2951
7389
440
1015
6386
3100
5448
684
5168
4245
6194
2058
7954
6745
6348
2156
4401
4095
4472
3074
7497
2197
2706
7456
702
3322
5413
1140
5147
3667
4819
2148
480
4822
6557
3659
6850
6850
6571
310
471
7311
7697
3446
3998
7381
7370
186
6634
2104
4452
1207
17
5806
1600
6737
2688
4530
7269
3430
2047
1754
4817
1784
795
7334
5733
467
7300
4688
2525
6069
1029
4729
6964
7743
67
5462
4514
182
4126
1466
7676
4212
444
2631
7023
7070
5128
6835
4395
3537
8046
440
7845
6157
7829
4375
2677
3258
2150
8099
5704
5596
3575
3136
2990
3030
6400
1769
4533
7824
7598
832
3168
4427
6336
4967
7804
4858
5223
3178
1202
732
851
6457
16
5376
6979
7982
5382
3510
6124
5516
3562
845
7840
4456
4818
7605
3169
6928
1569
278
4726
2444
5328
3985
1525
3125
5730
6638
3446
5522
94
6663
7079
12
4961
929
395
8006
6092
4472
6940
1707
2376
6309
1217
3322
7362
2897
2582
4839
4108
4409
915
5622
6948
7857
5358
5353
4535
2206
780
2893
4788
778
7887
4123
4905
4421
868
3975
6972
2077
865
132
7226
698
5989
6500
6452
6011
3392
1403
6688
378
404
1858
6348
1802
8076
6430
1730
3827
5011
5481
5484
4779
7919
903
1307
6555
936
3595
3235
1415
1588
1104
2538
7545
5235
719
2139
6493
1711
172
3333
7687
2007
5011
6928
6591
3828
2291
1608
1276
1858
1347
6862
949
4951
2534
6623
5762
7718
2352
4810
5886
7859
4331
2148
1591
69
67
4645
6801
2195
5256
7973
5740
771
7412
404
5655
6352
3283
8155
7905
6494
6010
1833
7972
5040
7850
8186
4340
2442
327
4050
7263
3299
3178
6066
4819
3729
4129
5371
4220
2165
6172
3221
7534
7388
5497
1563
4132
5634
7998
806
733
1968
6352
5182
859
5201
1105
3667
3726
6309
5132
5622
6591
6065
6929
4212
4406
1364
2090
594
8136
6789
6943
3567
3140
5040
8010
216
1109
8099
813
8072
2943
4696
3881
7511
3249
7823
4329
7823
877
4149
5145
5082
6864
2215
2969
4588
1502
632
129
5146
5809
5149
3501
4082
2259
7165
1600
1029
5736
868
3221
2397
2090
7375
7875
3726
7149
6861
7576
3427
5359
7664
5027
6042
5252
1749
92
5479
3957
7588
2331
7532
4310
1588
1258
672
316
2581
5896
799
3322
1616
2682
4138
2921
1935
3326
2777
8156
2164
6889
396
372
4338
2642
2756
4022
1788
2177
3577
7064
4990
6479
248
4882
440
6623
5571
3681
5898
3602
2582
3388
2583
7430
2792
3178
4796
2354
531
2379
1748
8132
5954
6858
4110
3754
5050
1627
3559
1733
7024
5086
1438
2915
7995
1631
7287
1477
1
1721
30
3527
3351
5011
7973
6282
6850
6374
6980
434
4065
6749
7346
4208
5028
4452
6414
2218
7164
2519
7978
3469
933
2349
3261
3909
216
1913
4789
8013
566
1489
6568
2140
5110
5967
3884
929
5170
5586
7887
1414
762
7060
5144
7743
3595
4189
5404
6632
1925
646
7697
4841
7859
7070
787
83
1345
4049
5209
7546
8129
1059
3759
2206
1894
3678
3001
377
5011
7038
4270
6653
1855
1730
8084
3940
5556
5496
3718
6743
2549
6263
6514
5545
2558
7984
1353
1100
3568
4984
4882
6322
2427
8072
3048
77
3446
923
1083
5366
4395
7892
4851
678
3595
1858
6580
1606
1258
6964
5179
332
3287
4812
7546
2907
2907
3631
4874
7070
2671
5430
1259
5989
2021
2984
3978
7972
6425
107
5910
3135
2264
5185
3667
2684
1426
5366
1694
2444
7055
5622
1780
1450
34
3742
238
