0
0
0
10
0
9
0
2
10
0
0
0
2
0
0
0
0
2
0
0
0
0
0
0
1
0
0
2
0
0
0
1
0
0
0
0
0
0
0
0
0
0
0
0
0
0
0
0
0
0
0
0
0
3
1
1
0
1
0
0
0
0
0
0
0
0
0
0
0
1
0
0
0
0
0
0
0
4
0
0
2
0
0
0
0
0
1
0
0
0
1
0
0
0
0
0
5
1
0
0
0
0
0
0
21
0
0
8
8
2
0
0
0
0
0
0
1
0
0
0
3
0
5
0
0
3
1
0
1
2
0
0
3
0
0
1
1
0
0
1
0
0
1
0
0
0
0
0
1
2
0
0
0
0
0
0
0
0
0
0
0
0
1
2
1
0
0
0
0
1
0
0
0
0
0
0
0
2
0
0
0
0
0
2
0
0
0
2
0
2
0
10
0
0
0
0
0
0
0
0
0
0
0
0
11
3
10
7
7
2
32
5
2
6
4
3
1
22
0
3
0
10
0
0
0
5
0
0
0
1
0
0
0
0
0
0
0
0
0
0
0
0
0
0
0
0
0
0
0
0
0
0
0
10
0
0
6249
5684
4308
7495
2570
5720
885
2529
7563
5572
2572
7921
5824
4543
3203
3901
5889
7236
5843
2511
3083
165
7543
1768
7507
978
6583
9
4643
335
1017
738
2576
2753
6983
7189
1470
4427
2994
5418
3989
1976
600
1524
492
7886
3669
5599
7615
2856
2662
810
2498
5402
2119
6069
6895
6307
7507
8191
6648
3571
7121
7911
4640
1661
1042
1506
3060
5103
138
3192
4214
5256
3975
836
8144
4269
2478
4722
4641
3001
3413
1606
5630
6760
7507
5766
932
3995
7040
5560
3092
2418
6307
2576
3177
5684
36
4737
84
831
5664
5772
5155
5594
4227
4774
4714
6530
1284
1156
837
1799
2978
7815
3786
492
1717
5824
4934
3684
4643
6540
4793
4987
48
3715
3995
7196
6075
6877
6179
3011
4809
674
3183
2351
5716
94
3516
378
4381
5286
3883
3519
5243
7266
3472
3044
3876
3969
8187
722
6020
966
5128
4194
2418
3177
4339
3405
1200
6932
7119
3711
2892
7857
1015
6468
5353
3236
7799
6790
5608
1262
2844
3266
1511
4641
1336
2291
1021
6735
5419
1965
2799
34
3589
4689
2463
5766
4489
1200
4533
6822
617
1293
5850
7548
2184
5972
4993
4052
5909
3542
1588
2157
2572
3701
4535
3452
5466
5144
1623
3647
3358
7913
7861
753
2410
210
931
738
3666
3348
1941
2497
1242
1176
4971
12
7049
1242
6273
1284
4238
6659
2754
8055
3413
7072
4641
4756
6148
6010
4613
7230
5451
1929
7745
1767
4521
3968
3492
403
7040
7520
3544
6868
606
1156
1643
4746
3783
3290
5843
1458
1424
6477
153
7615
4718
4155
4641
7492
4777
4398
49
2042
8187
5350
1929
6249
1272
7441
5993
3639
133
5376
2157
1296
606
1242
2149
7732
7649
327
5408
6358
3866
128
5370
657
5104
5314
6053
4569
1119
7918
718
5883
4339
7739
3050
5614
6918
4805
4505
7067
7560
4740
3805
2978
5843
6790
5284
3958
3920
754
3964
6903
7520
7629
7196
5470
1360
3001
7015
2662
4718
1104
2448
8141
7520
197
835
5456
4904
2881
4489
7723
7757
7216
2365
6681
2149
225
5944
1797
5156
3061
6983
4596
2922
5723
2954
5736
5104
1896
5831
229
6385
1176
3836
1212
5760
116
6395
3783
3886
3769
1675
3405
35
947
6475
3621
6804
5192
7369
6295
1201
1245
3849
7592
7143
5157
3684
1468
225
3136
2785
2925
3066
4069
3122
1628
3198
1133
7615
876
6750
4502
6863
4385
5332
3666
2418
4700
7056
6131
5543
6070
7692
7415
7852
4361
1767
30
4290
7210
2157
7737
3489
6733
4904
4909
2263
1031
1291
7545
1291
7695
8055
8083
5434
4847
1472
6650
7520
6958
4521
6650
2576
3096
1522
6078
7640
6571
3085
3609
2713
1675
5354
5893
277
7758
6242
2374
1664
4214
5155
1825
3351
5843
2496
7871
3092
5095
3814
6569
836
7695
335
6756
7221
7507
3085
3085
3405
3229
5918
422
3857
6975
7573
6479
4976
3954
491
5013
2533
1090
4104
1282
5720
3916
975
979
6600
3161
2169
7262
732
4905
2805
6445
8094
6015
7592
369
3571
650
1924
5987
2986
6968
240
7407
7064
1657
405
6272
6123
1569
3733
3910
6170
6266
1239
4216
4740
4852
6811
2583
2482
5286
8118
3925
1641
4927
6660
361
3348
6179
7623
2889
643
8075
7217
7987
2421
988
7979
5438
7131
2820
2889
2303
138
5738
1442
1331
2374
915
5722
7131
1284
7534
7285
6691
1641
2123
208
5654
6475
4726
5075
2080
96
6106
6705
2639
6438
403
5424
6078
5168
1402
5393
6395
1275
788
6249
25
4729
3924
6047
4873
2368
7718
3636
2903
2915
5587
6735
5128
1009
1713
3581
5594
5417
7716
2449
6884
5474
1220
5092
7025
7125
6925
6923
7169
4990
7040
3571
6508
124
1768
4413
3922
5493
7326
6147
2957
2280
3992
1129
2907
6760
1590
5079
6816
5720
2737
2762
939
6361
4385
1890
2372
4645
2741
3055
2487
4489
7507
3445
2166
2280
3132
6022
2433
1400
5585
70
2539
1030
6578
807
3367
7561
5382
866
4804
924
391
7214
1799
2004
6422
7861
5354
5050
8138
2150
5704
1520
1675
5236
802
3969
3202
5015
4167
2553
4319
2260
5708
735
5577
6876
8001
5395
4094
1131
3223
6252
2760
5497
4199
3608
2772
4858
7243
5476
7167
5172
7243
7227
1200
1675
1947
3264
4218
3361
1030
5013
6790
7297
7116
8122
5884
7067
7290
6737
6709
600
3916
4077
3278
2978
2331
4847
1245
2597
6237
5100
6141
1546
3096
5226
7056
7186
1530
4967
5198
3992
8155
2115
488
2465
8188
5124
4553
3945
6777
6519
8083
3082
6562
4450
7396
5720
5903
2114
749
1057
1732
8159
4793
1074
7739
1594
675
3113
6687
3122
3081
829
680
4509
6743
3916
4061
5073
94
502
1021
1031
2643
7367
461
4979
7031
17
7931
702
5248
3969
5531
932
8135
3460
24
7759
6451
5143
932
3895
3472
4308
2715
6818
7388
5535
1567
3001
6001
1565
536
3959
1778
22
4359
5495
7233
3742
1028
2916
6009
4521
7788
7564
7692
4634
2229
471
7138
109
3861
4732
286
1661
5709
5209
3290
5064
5144
1594
3797
1565
3741
7350
1429
5157
5124
8013
7094
2768
5375
6583
1870
5376
4385
3553
7327
2613
4027
3642
5933
852
7294
6307
7056
3457
8133
1661
3148
1926
7737
1130
8186
1565
427
7882
807
6230
2843
3562
5475
4553
4583
3229
1964
2929
2393
354
681
7442
266
2679
4329
1217
8103
4700
4625
6571
3506
4400
924
514
1799
4205
6010
6978
4140
2838
7714
331
1893
4689
831
4031
7661
6756
428
1272
2363
7285
7725
8176
266
4194
3052
2558
7587
1675
6353
2419
2280
2379
3386
704
4509
1719
1429
2994
6087
2790
386
1704
5382
1513
5531
5500
4112
2022
3666
6116
4049
3043
1556
4173
2120
7121
932
508
4505
3373
1522
7235
5187
1287
4290
4024
5921
4412
1509
1286
4593
6784
5228
1497
3308
6997
7584
3411
5107
6997
7470
4392
3720
1602
5187
1815
3560
4623
6735
7230
2753
1409
5531
