0
0
0
10
0
1
0
2
10
2
0
1
1
0
0
0
0
1
0
0
0
5
9
1
0
0
0
0
0
0
0
0
0
0
0
0
0
0
0
0
0
0
0
0
0
0
0
0
0
0
0
0
0
0
2
2
0
1
0
0
0
0
0
0
1
1
0
0
0
0
0
0
0
0
0
0
1
0
0
0
0
0
0
0
0
0
0
0
0
0
0
1
0
0
0
0
10
0
0
0
0
0
0
0
23
0
0
9
6
3
0
0
0
0
0
0
1
0
0
1
1
0
5
0
0
4
1
1
0
1
1
0
2
0
3
0
0
0
1
1
0
1
0
0
0
1
0
1
0
1
0
1
0
0
0
0
0
0
0
1
0
1
2
1
0
1
0
0
1
0
0
0
0
0
0
0
0
0
0
0
0
0
0
0
0
0
0
0
0
1
0
8
0
0
0
0
0
1
0
0
0
0
0
0
10
3
9
4
0
3
26
2
2
1
0
1
0
19
0
3
0
11
0
0
0
3
0
0
0
1
0
1
0
0
0
0
0
0
0
0
0
0
0
0
0
0
0
0
0
0
0
0
0
10
0
0
491
8089
7577
3265
4011
4820
6905
5246
5980
1846
6348
6224
3488
1827
3282
5617
6755
2434
2319
2990
3221
2730
8147
740
1660
1201
209
3790
7816
6937
1411
4525
6308
1193
1942
3986
7910
4341
3851
5284
1528
6325
4369
2893
2990
4401
1477
6269
3508
7111
4715
6957
3678
3567
1856
649
7333
886
3121
4312
2762
715
5844
7455
4698
7755
3289
6927
369
4341
1965
5977
7538
1525
5940
687
5358
6930
379
345
6272
4791
3819
1451
1083
8076
5478
2974
369
3490
4796
797
2421
1117
615
83
7160
7180
7134
4013
5997
2470
6465
61
7991
5218
3757
5052
1727
7875
1844
1390
6850
7369
2733
2670
3548
709
6129
4307
5289
137
5191
2463
7330
4079
2164
3950
7405
1750
727
1733
6928
1528
863
7429
1609
4161
816
4231
7066
2360
7496
5392
1096
4696
3192
3557
3646
5634
6352
2020
787
4312
6810
2358
8160
5726
2836
7226
7190
4242
5364
7181
7103
6638
7370
8076
2448
3283
2738
8175
3178
8062
5478
1212
4619
5407
7718
7841
4430
7257
4678
4437
2050
4007
3017
4525
3862
5063
4013
1339
3068
7806
4578
7523
86
8183
4676
5005
4010
4678
3258
5817
5766
2339
3895
5144
1728
2670
404
6601
4943
1080
8035
5683
7249
1992
3482
1740
6427
6533
5464
3388
5292
5833
7491
4809
1619
7671
2990
8037
5358
2098
5358
6754
1945
4676
135
4576
489
757
5156
2910
3309
751
3030
498
4983
339
2291
1326
1642
2591
6036
1512
3572
744
4578
5731
2559
4205
1563
2609
287
5834
176
222
2094
6837
3529
4455
697
7919
1258
6841
1130
3282
1374
3283
1608
2943
2187
8084
7086
1285
4525
1285
4207
1160
4578
5283
4879
7998
6754
4118
5353
6873
6091
7073
1710
7140
1305
3830
5642
710
2714
8009
7158
4993
1957
6709
6463
8100
1461
3451
2441
5066
3320
1353
5874
4892
4472
3541
2443
7697
6350
3043
3060
3827
2550
4455
4817
3733
4369
7650
4570
6564
6497
3733
1259
6325
1957
4369
107
3881
4681
5683
7447
2836
6370
7148
1776
4099
2308
3145
7073
6091
6348
7592
4839
513
3933
4883
4450
4346
4551
5383
5947
2119
1468
6862
5240
7875
1727
961
8037
1528
4430
6010
6766
5980
6294
5566
90
6904
1978
4756
2669
5379
5730
2813
5788
2746
4184
449
6132
6242
3446
6603
7929
5013
5054
7080
5980
8037
5260
2336
277
972
1226
5535
3125
2764
8040
3922
4079
6904
2934
5024
5284
7420
1241
1709
1587
3958
652
31
8129
1571
6966
3221
3781
6639
7875
1294
1477
7370
709
1569
7367
3388
3985
7400
620
7086
4933
4688
5165
6989
5998
320
5452
7122
1048
170
361
5815
306
1232
3334
603
606
4724
77
2508
287
4682
4576
5299
4388
1968
6494
6536
2684
486
2793
1003
3470
7661
4242
7070
1680
6996
7141
6602
2002
7344
3815
6666
1374
2197
1336
2231
5432
3125
459
53
3458
1895
4890
5289
6762
7521
5883
5171
7333
5584
7520
8048
6152
4482
4609
2938
3589
8129
6408
3631
1944
5921
4437
1005
4369
2382
7375
1623
179
2583
1403
1429
3842
5192
4349
7605
5392
7909
5272
3017
2630
7059
7679
5165
3561
7180
2773
4242
3358
62
120
5896
7584
6735
193
2722
6978
4388
7257
4432
4143
62
6463
6873
1347
2551
773
6806
5610
336
2558
7409
7512
4077
7596
4818
3561
531
907
2483
4413
886
325
6262
2470
6876
5385
5886
4065
745
953
540
6310
1186
2007
4993
1339
3903
5301
6406
6158
3646
780
4919
3757
4645
993
4609
1836
2938
1550
5364
169
4249
7592
2285
2938
1062
7405
5129
2938
3304
7046
11
4043
8145
2448
3446
5313
568
4385
34
4243
2508
5144
2997
1305
8136
6410
7602
6321
2663
2257
7034
7070
6437
7063
7190
2080
744
418
2707
1223
2669
1815
283
1211
5289
7998
7855
2991
5558
1023
826
5289
31
4010
3503
2420
6352
2094
7043
6827
2496
744
5273
8021
4698
3600
4239
4214
6041
2120
7147
4919
2427
7988
6500
7018
7945
5018
6345
5179
3426
3221
3283
2351
4680
2992
6673
5274
5834
7367
7257
1733
3664
8103
5385
4448
3741
8143
4888
1776
1620
1523
5864
4430
5416
6164
4814
3910
614
247
6340
336
3093
5940
2098
2341
3007
7053
4515
2341
3567
3884
1911
4575
3068
4202
3816
2533
2533
1349
790
3213
5354
432
1059
3567
3003
2583
2626
5167
1115
6638
7476
4199
3079
1081
6296
7713
2311
6468
3714
7919
7843
51
4258
3682
2916
5778
374
2465
3741
5111
924
3012
3576
2257
1145
1229
5786
3363
7733
2070
3043
4541
3563
5612
49
2443
6297
2434
7713
2627
3659
1352
6985
2658
5452
4080
5584
1944
4492
4651
7012
6346
1523
4644
4242
7901
7257
6044
101
7086
3149
3692
3714
7973
5968
2669
4232
2354
3726
949
1623
7370
1332
1178
5586
4083
5063
2535
1796
6737
2654
1932
979
6902
6552
3959
6791
3806
2669
3489
4979
5075
449
4138
6352
3351
3125
5954
7509
6235
4809
1536
6638
755
5151
7995
6271
3740
6907
7163
1180
3585
6031
5412
5594
4569
96
744
4472
2528
4676
1590
2449
4602
5512
794
3718
8040
6533
7277
2132
2029
1185
6508
614
5
5057
3538
5896
2916
3347
1237
1356
979
4011
2285
1523
4609
916
7784
3376
265
1461
1801
3003
5144
755
6516
6639
7989
1822
2076
4525
5495
3862
1279
3153
6469
2024
6252
6370
1430
1279
3121
7666
2465
4841
4202
472
450
4242
5024
4855
1545
5017
4957
4220
5917
888
4053
721
4525
5701
2496
1821
5720
3153
7798
5739
5099
6847
3805
6659
725
109
3682
2029
2465
249
4707
6227
7995
725
2671
162
27
1178
1086
3833
4186
5112
7160
5385
747
4817
2553
626
2358
2557
7548
1871
3120
5000
6308
4197
4672
7333
6262
7229
2465
3068
7301
4099
2454
725
5610
3426
4323
7469
67
5538
4578
7344
4609
675
5115
2535
3078
725
83
2922
4119
3988
366
635
6323
6950
2737
6950
2429
4011
