0
0
0
10
0
9
0
2
8
0
0
0
0
0
0
0
0
3
0
0
0
2
0
0
1
0
1
0
0
0
1
2
0
0
0
1
0
0
1
0
0
0
0
0
0
0
0
0
0
0
0
0
0
0
0
1
0
3
0
0
0
0
0
0
1
3
3
0
0
1
0
0
0
0
0
0
0
0
0
1
0
0
0
1
1
0
0
0
0
0
1
1
0
0
0
1
8
0
0
0
0
0
0
0
23
1
0
9
5
5
0
0
0
0
0
2
1
0
1
1
0
0
3
2
0
1
0
1
1
1
1
2
3
1
5
0
0
0
0
0
0
1
0
0
0
0
1
0
1
1
0
1
0
1
2
1
1
0
1
1
4
0
1
0
0
1
0
0
0
1
0
0
0
0
0
0
0
2
0
1
0
0
0
0
1
0
0
0
0
0
0
6
0
0
0
0
0
0
0
1
0
0
0
0
10
5
7
7
6
4
29
5
1
2
0
2
1
21
1
0
0
12
0
0
1
3
0
0
0
1
0
1
0
0
0
0
0
0
0
0
0
0
0
0
0
0
0
0
0
0
0
0
0
10
0
0
2318
1333
5886
4640
3980
740
7405
6549
2049
5833
5998
959
508
1733
6677
3389
1830
5762
4521
727
5143
7207
1698
1046
2313
5896
3167
7997
2002
8023
7357
1824
7097
1839
5778
4489
4217
3120
2339
2884
7997
7393
3642
2002
7061
1595
7892
5172
8138
7435
5143
5143
5079
4413
2109
912
1048
5792
7216
5205
4807
5582
1027
2278
5240
1217
4707
5684
1514
1965
6791
1733
1012
7078
684
1600
3413
781
2655
1103
3980
4521
857
2118
6724
2854
4651
4643
7938
2369
7968
1408
5077
3600
5998
2354
7954
1385
7482
4489
1075
2308
5542
335
2791
6137
1600
740
6156
4231
2261
3572
7924
369
2512
1473
4390
1234
968
2884
4392
6454
1468
5350
169
3464
6791
2629
1789
6448
325
1140
1803
3287
1944
30
1706
7384
2737
2295
3104
5251
7162
657
2573
1453
3358
5840
2308
1743
5735
3716
484
1699
169
1137
5143
6372
471
6720
8089
3209
6361
5903
1118
4519
7230
3416
4634
1581
7083
1130
5366
7713
5594
1733
5107
5622
3115
8151
7384
2252
6680
1928
1164
7691
4851
1129
790
3684
369
4609
6963
5140
4984
522
4270
3660
7647
1650
6660
1115
6352
2699
2291
5655
4029
6827
7591
6058
2453
542
5890
4507
8174
4800
852
3777
4818
756
859
61
574
1944
6323
1954
4740
7178
2189
2704
795
785
2268
3030
473
5817
5462
2353
3647
1769
6321
7592
1938
6058
6442
143
1289
61
6411
1049
3299
8112
7384
4290
3120
2513
2149
1076
6409
3416
6889
5300
6657
3930
6723
7329
481
7899
7793
6745
1839
4708
4796
541
1234
4022
635
6475
4551
588
1464
1519
3617
7034
4099
5309
740
3959
3897
4080
4361
557
5551
5100
2054
7006
6506
5291
1894
7430
108
6399
3568
3609
7591
1786
5886
5248
7143
6795
1326
941
7269
6451
3415
6626
418
7798
6497
3765
1740
5543
4698
986
4007
1644
3125
1567
3333
4301
6930
962
3675
4676
562
7543
2843
7067
5694
6820
7039
4245
1477
6557
5157
30
4550
1800
5050
914
4817
120
4077
7867
3586
7058
2522
4360
1922
588
7237
2794
1451
7147
6561
2382
6631
4160
3105
5265
48
4754
6800
3930
2331
4752
6816
4303
7067
4580
6053
7829
2560
6323
5886
904
2133
3471
7670
1378
4681
2951
2708
1673
86
856
1894
6156
3221
6287
1965
3350
4140
881
1479
338
1860
431
2198
6745
1521
3732
8160
6510
5022
4971
6926
296
3455
6531
5915
6031
2874
6073
1351
7367
7888
3446
6688
562
755
2583
8016
4722
421
4762
5975
2686
6723
6048
5366
4599
4124
6440
1740
7689
649
4632
3482
896
7806
6990
5338
650
2123
1037
2945
929
2021
4742
533
3183
1223
624
5439
2219
6791
859
557
357
379
353
1208
74
7954
1857
6141
783
7689
3443
704
5997
6791
1012
4441
1725
4223
1834
956
653
2536
1186
4266
6580
1886
622
4858
2119
1620
568
7954
762
4780
4907
1284
968
3778
26
280
1836
7869
4967
5877
1453
7344
7901
6749
6692
1922
5937
5597
5527
6202
7446
7366
1870
3922
2014
4118
3077
1620
7237
5634
4212
2357
1543
6653
3629
7354
4998
6823
2349
7816
1944
5833
3077
6791
2708
2098
6969
1687
7973
7556
7679
1950
6630
2383
1289
2415
3288
2422
4291
3930
6631
6757
3021
1628
1858
4767
4231
3228
2943
797
4735
1103
8092
4605
2860
5479
5011
4949
2003
7264
7857
6242
4255
1395
7094
3899
3439
4950
852
1291
6010
3985
4868
4979
5599
2122
7044
4619
6676
379
7159
683
6649
2051
6510
384
1144
7804
5470
1567
7713
8057
7857
2529
7980
1856
7235
2932
1029
6355
1678
6443
2818
5740
1079
7651
427
269
1545
8031
1834
6930
4212
5937
5531
61
3414
1029
6761
6227
7497
4920
6443
3104
6816
3317
825
4950
514
541
3416
738
1695
7430
122
4243
427
1678
7429
4655
8122
929
6306
5174
1687
1687
7373
2130
6000
744
2679
6393
542
5033
4683
3940
6048
2643
4509
7506
7994
6761
777
6536
1673
2098
5182
7916
6214
3612
1898
7358
4891
6010
3879
876
2296
2098
4576
4962
1062
4609
5687
5243
2098
1687
7003
3104
68
2600
7800
1162
4274
951
2408
6926
1852
1021
4696
5869
832
5314
2368
4401
1922
7271
1695
41
402
4845
3317
8014
8094
6357
2330
4891
3030
3866
129
6400
3940
7263
751
607
6989
3443
1075
7584
3398
602
7582
556
5800
7326
1834
4138
4617
3131
5052
4868
755
2671
7753
5086
5423
6400
2908
3629
1858
68
2582
6282
856
3104
3985
5497
1171
5125
3008
4116
673
5514
568
1917
7825
84
6249
3140
7057
1739
4519
924
3274
5248
3244
36
20
1182
5408
4809
7201
1922
4946
3401
6443
3104
3048
1894
941
3614
30
2972
7527
390
6698
5372
7869
1081
2286
7153
8160
3888
2629
3771
7582
3980
6193
389
7530
4609
4707
1824
6371
3717
3030
5366
4920
6443
379
8054
3985
122
5245
4424
390
1441
2406
6768
7132
5950
227
1003
6659
6510
8155
7689
421
6451
2557
4015
4516
5112
389
568
649
7818
152
7903
2643
3148
7844
216
379
5256
929
4747
7389
3666
951
5766
2697
5468
6332
4310
1527
1664
851
5536
5325
5273
7882
2838
827
4809
3541
2464
7596
5150
1623
68
2295
5458
2679
5364
1748
1788
3940
7749
3773
1453
1293
5376
6425
5057
725
2727
6254
4955
7371
1523
2166
7482
3280
4489
1011
3347
3541
797
783
6002
5251
5366
5366
6214
6139
5531
3469
1088
6162
1497
959
2248
2795
2369
7921
1595
4080
6731
6427
1978
3501
5805
912
5034
1862
4640
3010
6437
5220
2405
3025
7299
2596
4983
856
2157
194
6722
6307
38
6877
2892
4194
4349
8047
1647
3572
1204
5127
209
5185
568
2802
5288
8006
8152
3899
849
896
7507
7408
4609
702
1220
4830
7903
6352
1523
4080
2679
47
6359
3292
7583
6776
731
1693
968
7445
4979
4148
53
2202
3785
308
2901
3012
3992
2538
6600
568
