0
0
0
10
0
4
0
1
9
2
0
0
1
0
0
1
1
2
0
0
0
7
1
0
0
0
0
1
0
0
0
0
0
0
0
0
0
0
0
0
0
0
0
0
0
0
0
0
0
0
0
0
0
0
0
0
0
1
0
0
0
0
0
0
3
0
0
0
0
0
1
1
0
1
0
0
0
0
0
0
1
0
0
1
0
0
1
0
0
0
1
0
4
0
0
0
10
0
0
0
0
0
0
0
21
3
0
5
7
5
0
0
0
0
0
0
1
0
0
0
2
0
4
0
0
4
0
0
2
2
0
1
2
0
3
0
1
0
0
2
0
1
3
0
0
1
1
0
0
1
0
0
0
0
1
0
0
0
0
1
0
0
1
1
1
1
0
0
0
0
0
0
0
0
0
0
0
2
1
0
0
0
0
0
0
1
0
0
0
3
0
11
0
0
0
0
0
0
0
0
0
0
0
0
7
1
9
6
1
3
22
6
2
6
4
2
1
15
0
4
0
14
1
0
1
4
0
0
1
1
0
1
0
0
0
0
0
0
0
0
0
0
0
0
0
0
0
0
0
0
0
0
0
10
0
0
1891
1238
2074
3320
2229
3610
1600
7991
7256
7336
205
7726
1849
5149
7198
5536
3068
3443
14
2002
2825
6796
5714
7679
2796
2442
2190
5873
3298
4698
8048
7398
2541
7205
1195
631
541
744
7072
2877
6452
4708
78
3153
559
1768
4892
533
5778
5165
2508
802
6009
6818
1062
7012
1430
5164
3571
5975
1270
7022
7507
5472
6791
3851
3999
492
4808
4318
6843
7607
7415
795
5510
5655
744
7864
2386
5556
2316
2966
7744
6605
2819
4236
7012
2410
3751
1434
3560
959
167
1076
4047
6480
2166
2217
4425
5384
7688
3804
4853
4959
5620
1003
3610
1395
2309
3700
1460
4145
495
839
3338
5603
7667
4064
1513
7884
2938
1367
3453
1269
5833
4618
5575
4955
3161
7941
5380
1989
6183
119
7816
664
7767
2628
3993
4077
7176
3761
4665
3829
3511
6453
4697
6399
5186
3295
2657
5482
4233
6518
4881
1253
7070
1019
2009
2675
4008
2999
6982
5870
6188
7067
2855
340
7590
208
82
5833
2766
1734
1933
113
2180
720
1200
958
219
8160
4214
7781
3144
690
3924
366
7621
7613
4504
7749
6674
6355
1047
673
1473
7028
5095
5507
2713
5095
2271
1521
3229
5489
547
3820
6342
2380
513
4011
348
7223
6310
1601
2402
5467
4717
5608
8174
4758
4565
3510
783
7980
7494
18
6741
6827
7459
5403
6975
2244
6730
1253
2442
727
2068
5156
2387
6132
725
1450
6089
676
5419
6329
2629
2777
6710
7289
208
4857
334
6089
3600
1550
3095
6831
2110
2613
4101
4579
1958
7178
6823
226
4499
4448
3983
2189
8005
5695
5687
3207
3899
2118
3469
1173
715
2051
3368
3899
3391
4147
6137
7967
8027
2329
3402
2458
6310
4261
2678
444
1269
5255
2478
2013
4824
5874
240
7793
4035
7982
2285
6473
7384
6571
1067
5531
3492
1732
1449
3358
1979
2772
7153
31
7629
3686
2513
607
1972
5402
1965
5268
4385
5331
3692
4618
1820
349
5556
6582
6843
6972
5127
3589
1062
5896
1046
7706
5909
3548
4762
7691
47
1928
4341
721
4239
5679
3685
7384
7064
3262
5805
4536
429
953
5389
785
2318
1092
1213
8139
6052
7859
4461
7121
1534
3469
6735
3292
2106
5631
4162
3020
1307
6733
6202
7086
2012
4421
4741
2654
795
4812
7950
817
7539
2897
326
7429
6414
690
7197
2497
7308
1659
1124
5402
702
4290
5301
6649
1176
6104
3676
7137
3343
3412
3403
3119
5603
7409
2352
3684
7691
5082
6780
5317
1730
5145
4239
3503
3066
1698
3432
1107
7998
2824
6791
331
6244
3614
3253
6735
5816
571
7705
754
6163
1489
7869
744
4025
691
4790
1270
840
3709
7616
5122
2978
6884
4827
4819
7650
5736
2134
3392
6591
2641
2984
7623
6162
1976
2840
6994
2181
2178
3006
3331
4666
6928
5662
6898
466
5510
7110
4367
3375
4802
5521
1929
6861
3989
122
146
5971
1144
2024
6252
3044
3384
5132
1725
5007
5935
2677
2631
562
5292
5544
2047
2233
172
6653
1980
2280
5489
3161
4329
578
5943
8132
4167
8062
5816
7756
1734
8009
6299
7827
1443
744
6000
3304
945
4598
426
5401
6509
7235
2259
3733
1855
6978
6664
1235
2233
173
2464
1893
4318
2081
4354
4387
6638
4418
5042
838
4092
3284
1336
3753
1245
4329
3746
3404
7495
4030
4594
1694
2557
1995
4943
5184
2561
5132
6695
6819
983
5565
4644
7782
5179
3472
2139
3714
2443
3262
4718
514
5816
502
2064
2331
1836
2870
3440
5882
3405
7828
6922
3988
1980
8136
6940
5315
8067
995
1613
4478
7408
6356
4691
7291
3193
7981
8027
4551
1719
3267
1605
2478
1442
3272
2553
2525
7748
4598
5745
836
1785
7464
2347
7446
7658
1360
2384
7859
721
5798
5715
229
7642
3958
1280
5174
7985
5609
1461
7749
1360
858
8084
6928
1600
4319
2284
4789
2885
111
6862
7129
6063
3534
2712
793
8132
4545
4000
721
3686
170
5364
389
88
272
1443
1852
7127
3047
4988
674
5726
5843
643
1238
5572
1570
6433
7945
2310
6139
539
405
7656
6021
2932
594
2511
6010
5106
3816
7092
5998
702
2610
4744
5362
4641
897
3422
1676
2870
3730
1038
5343
1037
2459
2515
6627
806
3657
354
2130
3252
2892
1930
3652
4142
4725
6818
4399
2553
1606
3079
7101
4350
1634
266
7776
5643
1664
89
5124
5897
858
3559
3012
7748
8099
3742
4398
5722
5245
5844
6210
5686
3741
1598
320
5292
4957
6638
5465
5495
6322
3918
2619
5788
7494
7188
1600
4504
8075
5714
2918
5594
5099
4836
2750
566
7388
237
6549
3541
5307
5474
6964
1342
3771
142
5748
5024
3050
4145
6266
6738
1010
4696
3060
4030
1595
3934
5853
6202
5925
9
6547
96
4207
3700
2165
2939
7057
7534
4415
5288
2001
3990
4208
1104
7229
807
6436
4821
5885
2412
6214
3783
7787
4464
1271
229
139
1620
6804
5077
2831
3533
4340
1941
4390
4207
1286
5738
122
5772
2834
6906
2916
5995
2519
1361
5193
7773
7360
524
6299
2688
3643
2198
6335
1258
6080
697
1395
6243
4361
3413
266
6549
35
3462
1683
1988
1443
7852
6321
8122
311
1295
1091
1845
4578
4621
1200
6848
5788
923
3559
2569
2030
5139
5972
4613
239
706
1896
6188
4268
2467
383
1776
93
7594
3028
3021
7405
3793
7413
7146
4998
8121
7389
3445
4340
2870
1046
3918
6956
1089
7588
7387
3783
1579
4444
7499
4350
6605
6263
7967
5165
7497
926
3775
4206
3541
2577
2494
3004
7463
7596
7196
116
704
297
349
967
2640
8078
4771
7714
5506
1810
3392
865
6345
1313
6989
1023
5017
252
4533
1245
6737
7246
2650
84
3936
4932
4335
255
750
1425
4202
5507
2527
4441
2339
1562
6503
1810
5374
3074
2900
4721
3504
930
3189
7691
727
5731
1588
7064
749
7575
382
7258
63
1367
3367
7869
5979
6756
3570
702
3783
3158
5654
7652
254
3264
1822
1917
7040
2411
7941
3645
3445
4977
3763
4504
6958
7398
7692
749
4700
