0
0
0
9
0
0
0
2
10
0
0
2
3
0
0
0
1
2
0
0
0
0
1
0
0
0
0
1
0
0
0
1
0
0
0
1
0
0
0
0
0
0
0
0
0
0
0
0
0
0
0
0
0
0
3
1
0
0
0
0
0
0
0
0
0
1
0
0
0
0
0
0
0
0
0
0
1
1
0
1
0
0
0
1
0
0
0
0
0
0
0
1
9
0
0
0
8
1
0
0
0
0
0
0
21
1
0
8
3
2
0
0
0
0
0
1
1
0
1
1
3
0
4
0
0
1
2
1
1
2
0
1
0
0
4
0
0
0
4
0
0
1
0
0
0
3
1
3
0
1
0
2
0
0
1
0
2
0
1
0
1
0
1
0
0
1
0
0
0
1
0
0
1
0
0
1
0
0
0
0
1
0
0
0
0
0
0
0
0
3
0
8
0
0
0
0
0
0
0
0
0
0
0
0
13
1
8
4
2
4
29
5
3
2
4
2
1
20
1
0
0
12
0
0
1
1
0
0
0
1
0
0
0
0
0
0
0
0
0
0
0
0
0
0
0
0
0
0
0
0
0
0
0
10
0
0
5456
837
1180
7714
4214
2684
22
2526
3559
3557
7657
5797
7240
6272
2525
6264
3012
3075
1784
4306
4783
3611
1497
5663
2120
3558
8005
6697
8128
2349
7925
949
810
5104
1282
498
3326
4835
7978
7856
1662
2446
5001
4527
5991
6704
2615
1296
5939
6318
5455
4637
847
3387
4939
8008
5735
6240
2643
5735
7811
102
807
4235
3159
1693
3470
7325
392
6210
6832
6744
1662
6709
5289
709
1696
5063
1078
7217
7540
3503
8065
6762
344
1986
3486
7961
2576
916
508
749
1139
6034
1861
6956
6011
6926
4379
3242
3469
2276
358
8009
488
5104
4897
7438
4432
7628
6593
7443
863
584
4992
483
4620
6967
3977
5454
842
749
480
7337
6069
4129
1362
5476
4563
900
2120
7434
7611
2800
2349
5903
1020
1301
5124
7411
1757
3155
3586
7459
7639
5274
4388
7932
7787
1013
6762
6601
1551
6123
3061
6977
3946
1927
6104
6440
8177
5284
8061
1163
3517
6464
1363
6062
941
1349
7330
4554
7577
2253
1
3486
4997
1429
6457
2064
458
6170
5124
4432
440
5130
3786
162
284
4562
7722
5145
3038
3503
6361
4934
1189
6540
5765
5794
7437
280
7874
8186
8184
4268
3562
6732
2982
545
6414
6960
2064
3977
7768
4496
1928
3010
428
5233
5530
6137
6434
6816
1736
2142
1464
7982
787
7805
5086
6508
7821
4368
1555
3401
5631
7931
2263
1859
2598
276
1282
6598
3977
3503
4496
5425
188
1289
1203
6148
1873
942
7887
5924
7447
1608
1523
6346
3669
5754
6354
4007
3183
7847
2475
2585
7905
3141
3549
2168
6189
47
858
7240
3215
3001
4602
2751
133
2516
7835
2963
3159
1443
2308
1288
176
6151
5459
4198
4583
6041
5048
4303
4423
5114
2457
4780
5138
4119
3316
4227
2419
4175
3659
4637
7895
7607
285
1677
9
3748
7441
3482
4335
7967
3644
2596
2572
7414
702
4446
5352
2270
1852
4812
2431
2982
6099
116
7650
7332
602
6409
721
2168
7420
6642
7225
257
6244
1426
4737
474
3851
3823
7591
5482
5365
1243
2219
99
8011
848
5097
7087
3321
2374
2457
4104
6378
835
6016
7167
2076
1247
7173
3578
3283
4382
1431
4510
7037
859
3949
2279
7706
26
6571
1023
419
4322
6306
7158
4835
8167
2720
1090
5430
981
4686
5274
5289
2041
3977
1560
3482
923
4471
6318
4197
6105
6842
6885
1013
1438
2504
3084
3720
5172
3401
4846
2032
2647
4346
515
6790
7820
7531
2232
1130
438
3971
222
4720
7929
939
6960
7440
5328
6349
6098
3993
3136
1131
3030
4052
7070
4904
1076
384
7591
3490
2081
6473
3470
3594
1848
3631
3754
7286
3002
296
6662
4083
5056
5274
5585
229
7753
4342
73
5957
5454
2446
8062
4791
4903
5937
5662
585
5571
3271
2244
6396
235
230
2019
3862
3763
7143
5378
4789
6705
2064
3993
8057
7438
983
5407
924
6879
3975
4496
4354
1777
5240
5114
4680
785
5200
7356
4796
1090
1082
26
865
6593
3809
7185
5267
6120
1488
3412
3892
1282
1411
6960
7736
7533
8037
5585
2675
7921
6189
3965
7718
5952
3527
5064
4379
6709
4382
3397
992
3492
2558
6141
4674
6276
4856
3875
827
7430
3022
5882
631
8060
1403
7800
2615
4104
7277
4053
1124
3854
7431
6121
7718
3526
2443
7586
5631
1073
7374
4110
7520
743
7722
1145
3359
63
4337
4789
7777
4729
1224
7732
4892
2339
3629
7292
3503
1411
6478
5843
5351
6048
4888
7491
686
3134
5578
4104
1590
2450
59
5520
1021
811
3262
4899
3911
7985
4116
6974
2837
7777
1709
6733
4007
6791
1531
4702
2986
2175
7123
4359
7021
7874
1398
7628
4361
5604
4369
945
4893
7756
7080
5361
5242
729
1802
200
568
470
4256
4274
1539
2133
6470
7171
3806
5701
3145
1992
1943
6002
7440
27
7364
5631
4817
5145
4857
1262
217
5091
7111
7440
1288
3599
5909
5882
1357
1395
1750
2243
3711
2614
7217
626
2912
2907
1765
832
3943
1165
1638
172
6294
2431
6098
6960
6926
1999
3840
392
4416
7022
6709
6044
12
5748
3572
4983
4148
6082
8128
4942
4516
6722
4239
1041
1272
5120
5921
2331
697
1374
789
3401
5191
488
7648
6844
2615
3997
4777
6018
4534
7967
1942
3878
5877
3381
4116
2601
5309
411
1195
1153
3790
5169
2686
3681
6181
1343
1513
729
2351
4686
4527
1429
1678
810
3858
3141
4509
2064
5915
2711
6005
3577
7271
3562
7582
1295
4617
5801
2120
4809
978
2254
7571
1313
2279
4289
3953
4809
158
4739
5821
3998
5927
1757
6272
5109
2984
7639
5191
7585
5631
346
5833
1590
3209
7657
6460
7494
6303
1362
88
6438
6189
6817
5162
1443
4747
6109
6849
2115
1494
2798
2837
4866
5289
1461
863
3886
500
331
1219
2511
8067
2670
672
118
3446
4014
7440
1229
7235
6895
7415
2785
3235
4077
4085
928
5735
7377
7286
3530
389
5048
4050
1571
4322
4430
5556
1026
1402
4079
189
7932
1330
7646
5821
7355
1654
3977
808
7278
7823
2092
8163
6062
5566
3134
5033
6227
5833
2558
3238
306
30
1620
5470
5317
674
3282
5261
3972
6414
5453
3349
799
1296
8062
7918
1604
551
6092
1545
6018
6656
4753
3120
2549
7982
5445
7316
3021
6969
3413
2123
5865
865
411
7418
863
1441
6172
7992
2305
2457
5923
5820
6705
3950
5223
3998
5050
830
6663
4619
4660
7722
7963
1206
6850
2690
6111
6985
2532
4011
7583
2942
4422
2302
1928
4053
5998
4651
4070
2168
415
1724
5624
8035
2404
488
7240
3489
2770
3287
129
552
3874
4727
928
3320
4315
3231
562
5947
4976
7583
758
1280
1416
399
6567
1856
5077
4491
5735
6042
4651
7084
4637
3998
5987
584
975
1073
6809
6825
2939
1296
191
4270
3501
1438
715
124
3715
3613
1650
1602
1819
6575
3936
2008
4420
3868
5840
3682
4809
1686
4651
2581
1329
7217
6884
4118
3771
6057
5927
6017
7406
6614
6214
6698
6569
6824
4224
3320
4574
1173
2662
