0
0
0
9
0
0
0
0
8
2
0
2
5
0
0
0
1
5
0
0
0
1
0
1
0
0
0
1
0
0
0
1
0
0
0
0
0
0
0
0
0
0
0
0
0
0
0
0
0
0
0
0
0
1
0
0
1
1
0
0
0
0
0
0
1
0
0
0
0
1
0
0
0
0
0
0
0
1
0
0
2
0
0
0
0
0
1
0
0
0
0
2
10
0
0
0
3
0
0
0
0
0
0
0
20
1
0
2
8
3
0
0
0
0
0
1
1
0
2
1
6
2
2
0
0
4
1
2
0
1
0
0
3
0
3
0
1
0
0
0
0
2
0
0
0
0
0
1
2
1
0
0
1
0
1
0
0
0
0
1
0
1
2
0
0
1
0
1
1
0
0
0
0
1
0
0
0
1
0
0
0
0
0
0
0
0
0
1
0
2
0
8
0
0
0
0
0
0
0
0
0
0
0
0
10
13
8
6
4
5
25
2
0
8
0
1
1
12
0
3
1
12
0
2
0
4
0
0
0
1
0
1
0
0
0
0
0
0
0
0
0
0
0
0
0
0
0
0
0
0
0
0
0
10
0
0
1605
5827
2213
4799
7701
2536
2164
3714
5631
1881
4060
2219
1010
972
3538
6478
5495
245
5099
5284
5005
2525
4672
1444
6080
1960
6180
6180
375
4732
3995
2418
5825
7730
291
5253
1297
5757
7163
427
4680
404
4872
4104
2820
4197
2157
7166
2793
7031
6827
3011
8186
101
7411
4963
6837
1766
701
4681
1202
4312
1965
4339
7881
2908
379
4982
5505
546
3050
1942
4369
5634
7480
3489
6469
2778
7756
2793
7031
1855
7367
8065
101
2793
886
4038
3993
5099
2275
7634
4807
5332
97
3050
7881
809
856
7793
1418
5904
6425
7115
2330
3475
6105
6598
7057
3538
458
7006
5816
5011
326
3950
2793
6636
6667
8184
2164
6937
6582
3833
1814
1709
5205
4589
7130
7073
3833
6261
2619
8105
3250
1766
904
6201
3467
4688
7031
4866
1590
7411
6667
2064
6216
1527
8184
6844
6547
1180
427
2616
7257
5548
6956
1864
1250
993
3833
2921
1758
3603
4421
6889
512
7698
5835
3711
1968
1730
5064
1978
3958
1727
7217
3777
2519
1411
3557
5957
6636
4933
1237
6841
6300
5083
3836
1717
5052
7412
38
3815
1968
1390
3772
7176
2782
3595
7086
3538
3012
306
6631
4672
5820
306
2225
7006
7569
2697
5957
3557
6264
626
7874
4213
1558
2307
1647
7642
661
7066
3535
539
1848
7450
6419
7463
2929
4021
2024
3329
6547
1896
2234
3374
4368
7932
933
7607
5156
1326
7330
5726
3538
7006
6427
3066
1625
6126
2195
1600
4838
755
913
6237
7499
1874
3956
3634
2772
4875
4921
3538
626
7006
107
2221
613
8056
3559
4888
4613
2156
3441
1934
7577
7666
5284
3557
3583
233
1581
7823
4549
733
2557
2119
710
5059
2762
6580
6201
7660
7876
6472
3701
1590
3897
5634
7007
345
999
5307
2621
277
6048
3538
7577
2149
5631
1633
2919
4006
1709
1217
2167
8162
3391
4422
6564
4649
6632
2145
3557
5203
2517
4799
6646
7874
858
1979
5967
7423
7398
5424
3075
1208
4021
2553
277
858
2468
6890
1310
2384
1709
5739
4111
7489
1767
4339
1753
8106
5282
626
2778
7387
1832
4549
8070
83
7006
6860
2553
3724
7178
7137
7698
6634
858
3305
205
7293
6837
2301
2523
2365
1769
5739
2371
518
947
6598
1411
458
3102
626
626
3538
4921
6434
7174
7292
4866
7411
6960
5191
5552
2430
2189
6151
826
5313
5976
3203
7656
2384
2539
4581
6660
3186
5709
3804
4751
602
2992
296
458
4197
101
7586
6636
3017
7800
7500
626
7031
4866
3777
1606
752
3360
4065
5726
7369
1654
7258
7537
6889
7732
3534
7913
169
7867
7113
8135
2249
101
8111
7353
3519
7577
6598
2030
5454
6547
3136
7577
691
1530
5994
3629
2675
6544
6598
2778
6844
1659
5454
7162
5950
2278
539
462
3795
2753
1653
3920
3083
6924
1177
1347
2284
449
626
1336
2960
3726
3265
4309
7711
1207
2957
6940
2378
6996
6214
4398
3728
7650
1226
7292
6353
4740
3896
4984
2223
4643
4412
197
966
3492
1483
8067
7954
1707
3728
1131
5458
4766
98
853
743
7645
995
858
7197
5000
6066
184
3159
1934
2157
440
7162
5680
1042
3407
4505
1814
7002
4087
5493
7489
5547
858
2258
7031
2793
2793
5957
7353
865
4861
1681
584
552
5566
7577
4672
7057
7353
3289
101
5454
8184
3066
5444
7347
165
2194
2371
1336
6413
901
253
2507
3557
7031
7031
7031
2064
6601
1259
3769
2560
3017
4965
7364
7736
2984
3446
2124
296
7874
6960
1237
5064
62
6937
7141
6935
5870
2327
1578
2498
6319
4415
4971
7861
6600
4295
7031
6948
6105
3076
5283
590
6960
4965
7333
5572
2904
2778
5191
1978
5816
5454
8184
3176
2030
4379
6925
5767
262
6847
435
5119
4579
6246
6435
3807
7463
3736
5044
1743
6201
4061
785
5070
5566
1073
4696
3567
7333
6667
273
62
6636
3390
7666
5284
2157
6520
4987
2903
6569
2967
2748
4213
2576
2915
6406
2672
5095
5666
5557
1511
7757
1845
5433
8156
7895
3453
5772
4791
3777
5843
4780
306
7163
1117
1276
4396
6181
2836
8118
1289
4741
4771
6571
4339
675
7056
4751
1864
3259
843
817
1200
6724
1019
101
2145
4379
3503
427
6105
1978
338
3467
8089
3557
4866
7292
101
3232
7666
3715
1520
6027
5405
925
2196
3143
6648
5273
7090
44
8069
4754
4422
6012
5717
715
7353
7411
7895
7292
5584
7577
2933
6105
1296
7006
3557
3066
1411
4554
4199
8004
7426
1815
7211
2672
6273
2653
1409
7924
7913
3706
125
1136
4934
4851
1200
557
2662
6301
306
2030
101
3289
7941
3152
4640
2948
3667
7711
1107
552
5808
4037
5434
3061
3259
6406
3453
263
7256
6137
4211
3960
4271
3995
6822
6895
7823
6141
1279
7505
1276
1083
7895
886
6598
7942
2705
6249
4009
3821
7002
3977
1561
1173
7908
1661
4084
6312
2560
4329
7722
1522
7997
1522
2092
7415
5451
1732
7230
1245
4640
1893
7018
427
4396
7411
6636
3020
1287
5890
7575
4847
4427
7895
5139
3161
6650
2543
5452
6634
1050
249
5682
48
1046
4390
6983
3849
1163
4533
4703
3506
5749
1890
2478
6352
6242
6601
7192
5834
7765
6330
1287
4493
6229
4496
5737
6366
6144
5970
1465
5286
7227
6660
1350
5824
2419
1890
2704
3264
1009
1163
5451
5653
1717
6078
5107
7178
4104
5353
6547
3762
239
5376
6895
6295
245
6318
3900
947
7911
4295
4197
5011
335
1820
8129
6602
5265
7040
7489
2697
4581
1232
6843
2698
3821
2512
4339
1279
3762
5797
1465
4418
4309
7908
3684
4315
3351
6598
6492
7463
7196
373
1336
4696
7507
2166
2930
4174
2119
2654
6654
4215
1180
7163
5695
5160
3320
4830
1173
7389
4020
1769
1434
2090
7767
2476
3799
1144
6536
280
1554
2369
6776
7656
270
458
2635
5531
4934
3051
4194
6058
6058
3121
4866
277
6294
3265
3263
6052
1245
3405
4472
4112
5717
3694
5835
3715
5175
2825
5911
3823
7520
7692
4927
2577
7577
3538
