0
0
0
10
8
0
0
2
10
0
0
1
3
2
0
0
1
5
0
0
0
8
0
0
0
0
0
2
0
0
0
0
0
0
0
0
0
0
2
0
0
0
0
0
0
0
0
0
0
0
0
0
0
1
0
0
0
2
0
0
0
1
0
0
5
1
0
0
0
0
0
0
0
1
0
0
0
0
0
0
1
0
0
0
0
0
0
0
0
0
0
0
0
0
0
0
10
0
0
0
0
0
0
0
19
0
0
7
5
8
0
0
0
0
0
0
0
0
1
0
4
1
2
0
0
0
0
0
1
1
5
0
2
0
0
0
0
0
1
0
0
0
0
0
0
1
3
0
1
1
2
0
0
0
0
0
0
0
0
1
0
0
0
1
1
0
0
5
0
0
0
0
0
0
0
0
0
2
0
0
0
0
0
0
1
0
0
0
0
7
0
6
0
1
0
0
0
0
0
0
0
0
0
0
11
6
6
1
1
3
24
7
1
2
4
1
0
17
0
0
0
13
1
0
0
5
0
1
0
1
0
5
0
0
0
0
0
0
0
0
0
0
0
0
0
0
0
0
0
0
0
0
0
10
0
0
4074
4238
215
810
6057
4526
1248
5874
1295
6997
6818
4475
2513
6060
3477
5048
2676
5077
6385
3480
211
568
6868
418
7246
4667
7887
657
7665
1776
7034
783
4934
7453
2784
3057
4596
5397
557
1508
4796
6677
6440
7887
1664
4011
4067
6440
1595
6252
2221
6766
2753
3607
7154
6632
2861
7188
4689
5994
2005
2630
916
4609
3621
8086
2661
8143
5531
4542
2922
4326
2835
3022
5403
2710
5874
4214
2013
4614
3682
3682
7382
2829
3145
4698
8011
4383
704
1279
749
8087
3551
340
2410
1279
649
2009
1027
1117
2533
835
103
6831
5756
1774
4818
1872
2520
7229
4716
4294
916
170
7814
7636
924
6553
261
4526
5035
5998
7223
4881
5279
1450
1600
7408
1470
1970
1057
5048
2784
114
7380
4600
7484
4419
7908
1270
5073
2022
1600
7887
7575
5507
7696
6509
6315
3816
1675
6886
1907
225
6553
4670
876
7788
5385
2916
2646
4152
2419
2951
1279
7218
250
6777
1544
1090
1183
5277
4372
2835
6997
1931
7235
5781
2428
6409
744
2678
4880
5140
3650
1620
2285
3220
5537
7640
1600
4065
885
7506
7053
3635
158
6243
4852
6975
4202
4291
2217
6440
208
5874
114
3577
5412
4947
4046
7113
4667
7505
6884
6481
1
3290
5664
4644
2166
932
1450
568
6818
3440
6756
6966
681
338
6510
5647
2034
390
7527
1009
7788
3835
6384
3551
6796
2205
3487
3358
3755
5419
7148
554
411
2654
7948
3017
2166
1600
6571
5798
7642
6188
2270
2608
5283
5173
3584
4718
7040
4765
4340
6776
749
5314
3408
1698
5735
3314
6753
3405
3631
747
3377
5204
2533
1156
3885
3686
1732
6346
1830
7940
1084
2383
8119
2467
4339
3553
3606
223
3001
5628
1105
4818
6243
7389
4642
6547
660
2557
7227
1361
5326
6384
1736
4074
2676
4712
6393
332
6735
6203
5019
631
539
1758
1047
2372
916
6144
980
826
6020
7673
5470
2513
2130
491
4575
7357
497
2265
5584
4082
2678
5928
6417
2066
1550
1774
3542
6588
946
899
4647
6593
2978
5290
6230
4024
4056
1769
6903
7663
1173
7246
6002
4788
7956
4568
5542
3239
3037
5813
6152
566
3870
4293
7160
2182
6417
7596
4644
2192
2377
491
4522
45
5364
6989
2343
4898
1521
3464
4343
7663
3322
6271
4034
7699
5477
2354
2964
5871
6256
3926
109
7916
4754
2862
3542
531
3816
7596
4628
4953
4295
2764
4594
472
4042
1837
7860
3207
5805
7877
369
35
2684
2558
418
5267
1914
5697
5942
2905
4871
6131
2379
1473
7614
2414
6393
7545
6796
2736
7236
3077
4233
7596
5239
7056
4067
6827
7405
2285
2066
4492
5322
920
1445
3016
5061
6813
7065
3898
5468
1829
2196
2167
165
2538
1942
5717
6465
3477
6417
5220
1181
4849
3600
390
5579
7582
2057
6588
6271
5112
7391
6188
343
3217
7352
2079
3107
1558
1955
1028
5060
1541
5252
5708
3904
6889
6717
1133
3143
1423
2916
4809
6677
2066
559
4146
7596
5542
1452
1280
3542
8188
650
6183
3605
4144
8115
265
220
6267
5510
7728
6461
3759
2006
3532
2384
3407
5196
5168
912
3993
170
764
5576
3188
1787
170
897
6440
434
4492
7061
3193
4507
4090
6910
1558
5641
3682
3148
3066
1490
7791
2110
2544
1585
6679
539
752
836
2498
5048
4644
8143
4647
7160
8075
7258
525
3188
6002
4329
1269
6622
3777
1622
6878
1756
1784
6791
2080
5928
7042
1657
334
3197
2110
4571
423
3904
6521
6087
206
6244
6393
225
1931
6749
7344
1279
631
5579
7665
7301
3480
5921
4605
8138
1062
7575
916
4920
4335
6877
6637
6188
7324
2313
7138
1459
5762
179
2196
7176
6531
6615
3530
7790
6510
4100
5756
2271
721
7344
8025
5998
7497
7736
5515
643
8167
4580
3959
6440
3805
6049
4727
4624
7631
5133
5871
2544
4590
2327
7262
1027
5370
7711
3597
4467
3821
3736
3037
6355
7941
4644
5363
990
1279
1372
4025
2532
7866
2684
914
8059
4368
7442
6902
1547
2277
3716
1872
8191
3810
3671
2653
2805
1923
1838
2964
5827
715
372
3487
2126
2782
6508
3220
6571
2405
462
109
580
6533
1313
7077
6369
7344
3977
2537
8022
8191
4737
6217
1428
3047
5913
5954
8004
4410
3338
1502
5508
7895
729
5428
2583
1241
2385
1485
3743
3682
4652
2834
773
1773
2071
8090
2611
7405
4164
6185
5894
3492
5709
3535
1570
7466
788
6227
5732
3493
4095
6384
7277
464
6590
1803
559
8055
559
6616
4998
1534
6791
3247
4539
8152
7344
338
2806
1620
6823
5254
1046
5479
6083
1045
1060
2647
1817
2192
5643
4033
2308
7909
3584
1857
7941
6481
5661
6384
7391
7246
4451
2398
1944
3647
7327
6851
7396
4487
2486
2483
7962
1505
7758
7442
5949
2133
4236
3934
6879
2678
2593
2347
6672
6588
3260
7413
3947
2650
1425
7258
210
6385
3896
859
5998
6271
7581
2924
6989
2159
5167
4708
4236
5311
6775
4539
1411
2285
3876
4143
6332
978
168
5196
7011
4233
5536
212
7997
2265
4341
5802
2684
2967
111
7
4070
2285
508
5888
3742
3810
575
1706
4236
7661
919
4742
5165
2856
7953
4546
2217
1345
1895
3084
6770
3196
5393
825
5364
1381
2671
8117
2520
1748
4562
4099
32
6271
5470
1075
743
6553
4080
1581
6355
6380
3581
5706
8011
5045
6953
3455
7642
5706
5982
4818
2837
2358
7545
4499
7015
6165
2343
4017
5650
1155
4094
5245
2422
4224
3057
5326
266
5432
3056
2773
7153
7676
2677
4651
4383
5130
54
2771
5292
5945
1579
783
2339
2066
4106
3645
6294
5037
2678
5650
6060
5619
1808
4975
1680
5363
1576
1003
3571
6053
4253
5619
7928
795
4035
4735
4867
6075
1823
7371
3497
338
7586
1944
6660
3056
5013
4319
3368
3682
7190
2080
3389
1774
534
1309
3443
1320
6306
4255
400
6346
8025
4498
973
6189
6012
960
7615
7
3127
5475
2442
5579
348
3702
3615
6472
1864
3835
6009
7781
5384
2059
3702
2080
