0
0
0
11
10
0
0
2
10
0
0
2
3
1
0
0
1
1
0
0
0
0
0
0
0
0
2
4
0
0
0
0
0
0
0
0
0
0
0
0
0
0
0
0
0
0
0
0
0
0
0
0
0
1
0
0
0
2
0
0
0
2
0
0
0
1
0
0
0
0
1
0
0
0
0
0
0
0
0
0
0
0
0
0
0
0
0
0
0
0
0
1
0
0
0
0
7
0
0
0
0
0
0
0
25
0
0
8
5
5
0
0
0
0
0
2
4
0
3
0
5
3
3
0
0
1
0
1
0
1
0
1
2
0
3
0
1
1
0
0
0
1
0
0
0
3
0
1
0
0
0
0
0
0
1
0
0
1
0
1
1
0
1
0
0
0
0
0
0
0
0
0
0
0
0
0
0
0
0
0
0
1
0
0
0
0
0
0
0
4
0
7
0
0
0
0
0
0
0
0
0
0
0
0
14
9
7
2
2
4
26
2
2
3
3
1
0
14
0
0
0
10
0
0
1
3
0
0
1
1
0
1
0
0
0
0
0
0
0
0
0
0
0
0
0
0
0
0
0
0
0
0
0
10
0
0
568
7389
2661
6926
7666
3894
5909
2645
7294
3924
6667
5163
255
5019
3449
6122
1998
292
2157
5276
7235
4035
1396
7226
3851
6227
520
1786
1697
2343
6222
6681
4007
7235
1685
1136
4742
6555
1353
1248
1242
2500
1187
2314
8040
2130
591
4608
7425
5734
3989
4692
6058
1071
7485
837
3291
3584
7455
740
5893
2773
1797
1056
2195
5063
7217
5139
6634
5417
1820
7591
7570
575
7485
7281
1150
1786
4574
2318
298
6934
2803
356
7798
2850
4170
7369
5909
783
8159
2415
6370
1576
1023
4853
2500
3543
6657
4335
5677
4159
7914
3439
1740
8143
835
3910
155
5102
2930
7736
7520
7203
932
3027
2214
2826
1470
1839
3577
390
4570
3490
1478
4442
5063
8040
8039
5075
5945
3439
5496
1678
1050
6294
6660
6417
2754
6220
5275
4074
6926
6836
1524
1372
5063
3903
5805
1941
5511
1307
3950
7798
3189
5576
6967
899
5322
1353
4691
1248
876
4904
1855
2402
1938
7330
7227
4326
5605
2010
8075
649
6973
7380
6836
4694
2836
6472
973
7754
7428
609
5102
835
2415
4525
146
4580
6645
2850
2546
2318
469
4740
1351
5075
7718
715
2922
5701
3669
3473
769
4155
4594
4835
3572
7002
6356
7829
3421
1025
1667
2128
1765
1944
1839
649
91
454
5537
4355
6784
5876
2834
4289
3159
1057
5275
6465
7860
3526
679
2401
4075
5519
4331
6271
2361
522
5931
1963
6474
3639
5931
3812
5902
3682
2024
7143
7135
3027
3993
2146
2318
338
4427
1287
5102
146
2022
3751
7995
514
6898
2863
7208
2849
3118
5800
3046
4135
1440
4096
815
7125
6898
317
243
3237
619
7798
6009
5021
2878
1839
7995
7995
6706
8080
6850
1230
3023
4275
925
7332
1196
7059
4528
3319
4815
6560
1749
1357
2110
1196
2128
5162
7441
2194
1073
2916
3056
2500
3067
6046
6728
2941
5102
1524
2583
4519
3478
7156
4289
4289
1786
2136
2165
4590
5762
95
7856
4583
1486
2006
6040
4178
4081
1850
3170
1990
3728
5319
5807
2227
3806
3336
1553
6681
3351
3067
2309
4114
44
5456
2811
5363
1925
7865
6386
75
3795
5126
5233
6529
1172
3810
4741
3813
5662
2194
1850
1998
5652
820
1820
7890
5687
7256
1756
8186
3696
1230
3731
114
6746
6616
4530
5931
2179
4931
2720
73
3108
7819
5584
3444
4675
8114
2720
4281
2594
2949
4737
6499
6784
4319
3439
3823
5275
4493
84
304
1219
7199
1797
7431
6835
7603
7081
7136
7138
6013
3108
2849
6844
37
994
1025
3708
1327
6405
6527
2694
7912
3495
317
4931
4864
851
3287
591
2080
1778
626
3526
5010
4031
8068
4815
1401
5126
1318
3683
4523
2178
6851
6883
3170
1905
5545
6188
995
1963
2911
3300
3536
6220
7059
1671
3810
128
7694
4357
6354
4812
6672
1941
3022
6746
6444
6898
4783
1025
8152
4524
6693
5837
1671
6251
7037
7592
4340
3765
7178
1926
7020
1385
7054
586
1318
1850
1340
1905
4281
1401
5633
92
4877
4817
7369
8039
6578
1196
831
39
1434
7171
5584
7004
5233
3318
7177
4011
258
711
5282
1765
3118
4659
37
611
4415
4415
6076
2487
5023
2838
3350
6833
2484
2131
4839
2259
5702
2238
1366
1401
6920
5133
4749
3294
1963
6640
1385
1954
7528
7085
393
1285
2208
6444
1869
5647
3810
1413
5529
3639
2838
3291
2034
83
1697
4289
4325
3920
315
7265
8067
6839
4911
8019
6693
7486
6883
4749
3078
7171
7230
3997
1241
457
2292
1357
6364
87
3492
5853
2401
317
3402
4319
6967
6634
5844
4593
6199
10
1715
6681
4325
4813
6414
252
1061
6990
6014
7486
6990
3209
366
5785
2565
1486
6331
1327
3024
7885
1064
5005
7330
2080
4880
5977
4318
4519
5109
4579
4606
7156
6749
8011
4008
7764
657
3068
6710
6251
7819
7020
6388
4044
2911
2716
5473
380
4524
4459
6405
7207
6210
6821
177
5290
1279
3797
4421
1219
5171
4876
2801
5551
5090
7661
3420
4861
4788
114
5786
3294
618
4044
3946
4044
1869
4736
5233
1486
2849
423
978
7059
5015
4622
4608
3188
1565
7464
1107
3017
4317
3066
449
888
6019
3751
4511
5010
3189
7470
4367
464
5762
6281
5233
1869
5233
3683
5924
7378
504
1028
5350
4662
4931
2076
7828
2907
3901
4511
4152
5129
418
120
7938
6865
7111
614
1932
5756
1343
8139
5831
7303
4805
6035
5394
7001
1486
6444
3495
4830
2421
3834
1850
6065
2272
3886
3144
4079
7148
6884
7049
4914
5687
1124
4036
757
6624
70
5749
4169
4784
3635
1183
3639
2226
4037
3263
3810
1079
6545
1972
1459
1671
7059
6741
6035
4356
5736
7201
4608
4892
5997
4585
1331
3773
5551
3095
3402
3612
5772
3580
6286
3592
885
4126
3574
3644
4153
1366
7923
4367
741
229
679
4911
3257
3834
6892
3617
5608
3144
2601
4950
1103
5835
7718
5440
146
3056
3440
7395
6593
3438
1733
772
5456
4781
2595
8019
2395
2024
7244
1031
435
6469
138
803
1346
6990
1486
1170
2684
5277
1769
6440
1559
3623
6232
6594
5225
614
1103
7956
5226
8040
460
148
3369
3054
2139
3056
4784
6868
2346
1031
4444
2031
5476
600
8039
6979
5764
658
3368
315
8093
1248
786
6088
1237
2774
7823
2654
304
44
2929
3320
7966
5095
7738
5227
3043
6047
6047
7718
4449
6440
6281
7051
3193
244
6374
2005
2133
2104
5208
2260
3481
3623
179
1047
536
350
5191
165
2685
4482
4005
1094
1316
3162
4482
297
2679
8187
228
3517
4392
5439
3676
7199
8170
7323
2129
371
5306
1154
7419
2465
2829
1107
3488
3289
6271
7363
1235
4800
5636
7079
3807
4451
5380
6691
7801
6810
501
6886
5118
4065
3754
5652
1591
5452
6323
5977
7301
2780
6983
5739
3861
3894
3830
6764
640
2132
6552
4579
6427
5100
6847
3318
5867
3224
5938
1760
5816
3793
515
7861
2554
3901
7522
4540
4836
7235
1839
4737
2766
3740
5086
5871
7227
3077
5608
1508
6129
6850
1469
3287
