0
0
0
10
13
0
0
2
12
0
0
3
3
3
0
1
0
2
0
0
0
0
0
0
0
0
3
5
0
0
1
0
0
0
0
0
0
0
1
0
0
0
0
0
0
0
0
0
0
0
0
0
0
0
1
0
2
0
2
0
0
1
0
0
1
0
0
0
0
1
1
1
0
0
0
0
1
0
0
0
0
0
0
0
1
0
0
0
0
0
0
1
0
0
0
3
6
0
0
0
0
0
0
0
23
1
0
8
11
3
0
0
0
0
0
5
5
0
0
0
6
0
6
1
0
1
0
1
5
1
2
1
1
0
2
0
0
0
0
0
0
2
0
0
1
5
0
2
0
0
0
0
1
0
1
0
0
0
0
2
1
0
2
1
0
1
0
0
0
0
0
1
0
0
0
3
0
1
0
0
3
0
0
1
0
0
0
0
0
9
0
9
0
0
1
0
0
0
0
0
0
0
0
0
11
8
9
5
8
7
31
2
4
7
3
2
1
22
1
2
2
11
0
1
0
3
3
0
1
1
0
5
0
0
0
0
0
0
0
0
0
0
0
0
0
0
0
0
0
0
0
0
0
10
0
0
3401
5174
3762
2296
8078
7688
5495
558
541
4734
6411
3056
3677
2357
1690
3577
2534
3017
4029
6681
2357
6709
30
8078
4450
3056
2374
3043
3842
4545
5155
2762
1709
2157
6315
1941
4765
5267
3478
6787
5373
566
7799
6208
6545
6858
7695
2378
3146
6743
6921
6784
2232
5868
2453
7645
5035
1801
7910
1019
6562
7647
7332
2830
5408
6968
1567
4904
5476
1100
4384
7255
7255
7237
4092
6784
1850
5420
763
5174
1502
7483
2867
7711
5479
4853
4112
7143
3910
718
7738
6672
3614
3824
6201
7595
2214
2960
2135
5829
2485
7945
937
2220
4727
7799
4742
4873
3760
2401
3973
1769
7928
3548
4861
5497
5390
7556
5267
5868
2368
1446
3012
2941
7812
6664
1599
5267
1295
5843
5174
1100
2837
7938
6335
5400
6498
6686
1255
4019
1138
4815
677
2668
2040
4820
7237
6452
607
5150
6001
6315
3410
6005
7919
2150
3152
6781
143
7131
5724
1124
6781
6346
3002
4264
4519
226
5563
5520
422
4439
1954
6303
6659
6035
5499
4033
1061
6990
5632
4281
4000
6058
6317
6282
3778
4604
562
6001
7998
4747
1659
5843
2195
4535
1610
6370
6222
1502
5420
2715
2715
2252
6990
4811
1327
2894
2471
4439
5627
5862
2956
1091
3287
1567
1158
4077
7289
1449
3506
5018
2357
4876
5921
6109
146
3997
6208
2420
1295
4616
5924
2715
4273
1671
1401
1963
7020
4080
7079
4390
574
1671
625
6732
4845
6464
1896
6203
2443
3278
757
5317
1117
7167
393
6208
970
4628
5581
4613
3923
4739
7178
5455
6331
4310
5695
7319
6598
1196
1777
4916
1699
1346
7420
7606
7002
7213
4289
6988
3825
7235
558
5404
3298
7380
6686
4418
5063
6273
1678
3236
186
347
1188
731
1646
4815
2507
2059
5430
235
1590
6303
7078
2313
3438
758
6001
172
6978
382
5501
6295
4264
3958
4658
7812
1606
2485
3696
5018
5035
4256
79
1834
3300
5896
4295
4135
6490
4050
2128
1366
4736
3628
4505
3438
2975
7020
4873
7373
3478
2115
7187
2070
2522
4614
3287
243
5338
3351
6383
6498
6356
1219
2479
1025
4345
1061
747
3515
3991
128
785
6198
3664
677
2409
7834
1950
7166
3696
3720
2708
7682
5400
1193
5035
469
4077
1021
558
5361
3359
2135
4082
2504
994
3319
6444
5804
2668
1207
3490
3196
1241
1241
4017
2252
4944
128
6698
1850
7684
607
2911
5862
869
6784
1100
4029
2378
8078
2762
5614
3369
3677
1230
3720
4702
4944
1172
4737
4591
6203
1954
2272
3143
6498
1284
2660
560
1494
2226
7081
4477
4889
2849
2863
2389
1538
1055
5569
1252
5820
5338
4837
7074
2357
941
1690
4664
194
1760
4469
3891
1834
201
317
1671
3197
6282
4101
4972
1519
3421
3721
7880
4270
1978
3257
5637
6781
1230
5858
4727
3369
5035
1230
7884
2023
6166
3748
819
4069
1835
4528
5853
4547
3121
5233
1440
5005
4845
7447
4664
2766
235
1989
7819
1401
4590
1856
470
153
7636
566
4112
5373
7695
1690
5035
6114
4675
7643
869
2281
5118
747
3712
3675
1743
747
5675
1196
2379
6139
3318
5430
1139
6990
6990
7020
3197
1435
39
7300
2040
7614
4535
7090
2898
4333
5845
5118
5176
815
5761
6263
2164
194
5584
3473
3760
7059
7885
632
4358
75
4887
320
625
540
1242
4692
4528
747
7435
4285
1913
5738
1295
1938
5893
4082
6139
747
1835
37
6405
3263
4048
4075
5924
1357
7234
7620
3191
807
5527
6572
5924
1982
6873
6375
1976
3449
6065
6405
3279
4768
5567
994
3707
4777
5267
5449
2956
7057
5433
5584
4375
5036
2849
3932
3294
5566
1076
4358
6959
5176
3162
3153
1740
4881
5998
6365
2775
2961
3197
4281
611
1971
1139
1667
6940
7764
395
3300
743
5762
460
4672
1021
34
1682
7303
3664
857
5350
5297
572
392
4944
2358
5050
37
4080
1595
5454
2685
1010
8064
7825
1091
3885
5844
4101
5018
4972
2584
2194
1401
1835
1979
6365
2426
3300
3037
6659
1440
5723
6099
8117
4480
7193
2534
1584
2252
5675
6810
5495
3096
3810
6189
2178
6348
6430
6282
3548
1799
1567
7149
5931
1366
625
4135
3510
4881
8160
1565
5730
1671
5764
4238
2671
2016
2933
6282
8046
102
380
5853
5804
460
4528
1585
5811
1502
6282
7097
7255
6116
1567
4727
7431
3258
5168
5764
6886
7177
4525
3777
3186
6114
4413
1243
450
2339
3146
7695
1185
625
6710
5145
4312
1954
7079
7207
7393
4354
885
7156
130
941
5035
3548
2837
7277
2032
2649
941
4972
4022
2956
7234
1437
5675
2952
873
7344
7843
5373
7620
1645
3816
1060
6065
7154
1048
2178
3708
132
5150
6383
7645
6562
2803
4264
4538
6014
6498
2075
6689
2005
3012
2575
7432
4002
5035
2949
3832
1905
117
2803
527
3696
7593
6112
1543
994
6139
1994
4153
3533
6593
142
3144
6295
1690
1938
6301
2631
6241
3997
941
1269
5893
7682
2867
1678
1230
7144
5701
7806
2365
3533
3452
3236
1103
753
4381
534
994
5761
4477
3293
2354
5075
6689
1938
4849
2829
1230
5553
4350
5174
3236
3359
3886
1453
7812
2522
4652
1042
1083
3541
5373
4535
4150
3782
5579
937
692
6784
4209
5420
7411
4502
5921
5334
4791
763
3614
1799
6568
6430
7764
5458
2336
6706
8155
6014
2485
2336
4418
5569
4988
7160
1354
7695
7989
7156
4735
3025
7945
6112
5494
5786
2803
7645
49
7123
4125
6743
4106
4535
219
6430
1819
5868
2731
4727
217
2082
572
4551
6344
4551
6554
4609
7749
172
972
3440
4735
4504
6784
338
7857
4412
7945
1232
5417
4739
5622
4449
8011
7718
4873
5018
4841
2941
5622
5581
475
2030
2318
7684
7921
5829
7893
4164
4570
2867
7123
3824
6041
1245
3805
6686
2708
5035
5090
2803
5245
2024
4873
2378
6371
5317
2129
3287
5115
835
3043
3478
4061
7131
2803
7556
4727
6409
6599
5714
6781
3478
1353
7113
5507
4596
6335
4727
1
5986
5501
5226
2215
6926
2867
1158
