0
0
0
10
0
9
0
2
11
1
0
0
1
0
0
0
1
1
0
0
0
1
5
2
0
0
0
1
0
0
0
0
0
0
0
0
0
0
0
0
0
0
0
0
0
0
0
0
0
0
0
0
0
1
0
0
0
0
0
0
0
0
0
0
0
0
1
0
0
0
0
0
0
0
0
0
2
0
0
0
0
0
0
0
1
0
0
0
0
0
0
0
2
0
0
0
10
0
0
0
0
0
0
0
21
0
0
7
6
4
0
0
0
0
0
0
1
0
0
2
1
0
4
0
0
2
0
0
0
0
0
0
0
0
3
0
0
0
1
0
0
2
0
0
2
0
0
0
0
0
1
0
0
0
0
1
0
0
0
0
1
0
4
0
1
2
0
1
0
0
0
1
0
0
0
0
0
2
2
0
0
0
0
1
0
0
0
0
0
1
0
10
0
0
0
0
0
0
0
0
0
0
0
0
11
3
10
8
3
2
25
2
0
6
2
3
1
11
2
4
0
11
0
0
0
4
0
0
0
1
0
2
0
0
0
0
0
0
0
0
0
0
0
0
0
0
0
0
0
0
0
0
0
10
0
0
520
335
2761
3491
1998
1665
2120
1385
7056
5984
6012
3654
2878
2641
60
6869
6193
4337
3374
1709
7889
5651
1057
5891
3287
6518
5577
5531
988
3095
2415
6975
4192
3265
7248
2793
241
3891
959
2487
7061
5576
5126
1434
4407
4407
693
3202
4218
2591
683
1017
3177
4426
3775
1137
4779
3177
7636
2786
4424
2248
615
3152
4192
3209
2300
4955
2848
2717
7241
2104
1253
5445
508
3045
7979
2783
7845
6604
5730
1544
1091
1907
266
7224
673
4011
4080
3810
1535
2709
3297
6571
4975
3707
3115
1009
2240
7227
6604
7355
5987
6485
8009
1788
5353
234
3752
2615
1000
3037
7985
2234
644
3589
3085
5180
6643
1691
5802
6622
3047
6864
3430
6849
1965
7516
5128
328
3361
8081
823
2712
2529
1070
6704
6325
5353
1719
7675
7823
6820
5332
1997
3914
3996
6829
134
3857
1284
562
8009
7158
4010
1203
1979
352
7172
722
7691
1965
4097
2544
7704
62
1360
3559
674
122
5782
1442
7531
5871
2635
967
7389
1699
2338
7519
1402
2978
8147
8147
5972
5944
252
5733
3862
4151
8043
1929
3144
3775
4377
7311
831
2994
6705
6884
1617
2064
1280
1552
1833
5264
746
6876
3712
6307
4497
1491
8137
6259
122
6750
2497
3867
3617
1453
3716
4851
726
7902
3658
7053
1817
6450
6357
5274
810
5909
2867
7364
1986
3317
3977
4467
5273
7442
1870
4737
5147
3489
5284
3526
5104
3901
3467
2223
394
1564
7415
234
5884
4489
1697
7529
7723
7968
2884
1560
5064
5071
3351
1525
4789
3989
3612
6743
4827
2750
7710
3396
5064
2615
5174
4155
4509
3698
6105
1597
1452
2733
7590
3099
5708
5722
261
5777
7180
4079
4456
1571
476
1226
1801
2947
2420
1070
5456
5972
6348
4446
1707
1707
3966
2584
225
3851
3011
6580
3003
7823
1600
133
7869
6569
2527
5097
2613
7755
4521
4115
5204
1347
4258
5940
4142
3886
5465
3503
3526
5614
5022
5952
3714
7903
2184
2615
53
1291
972
277
6457
6792
4779
3047
2369
2504
7064
1228
4985
1304
2320
4462
869
7467
118
7460
5323
5569
3272
3526
2572
4509
500
7932
3966
7919
5071
4253
3501
6631
7440
4998
4308
3635
2010
1091
4082
6193
5993
4700
2014
4482
1299
2069
248
3983
6180
4682
6244
6814
2007
5614
2584
4509
5498
3612
7411
5011
2584
4655
4767
976
48
7210
7562
7073
5297
3005
4588
3515
2458
4420
743
6823
6974
3150
7412
5670
4891
5946
4775
6268
7390
780
3698
4599
1560
6348
4142
4432
1284
5323
2054
6767
3746
171
7899
6269
143
1009
2810
5691
2313
4425
2727
7494
4864
1528
6816
7083
3009
4682
3397
5182
7358
6336
5289
6143
4253
2622
3030
5937
5410
7644
5774
3738
41
1477
4231
4893
3563
3710
541
1878
4824
4689
5767
4808
1477
1681
6208
5799
4231
1477
7264
3201
7029
4385
6239
7588
4827
1229
8009
562
4604
1069
655
8054
222
8183
3159
6816
7728
7352
2792
7113
328
5063
3105
1338
5251
780
4410
1708
7899
3397
1378
3985
1952
7372
8152
919
2660
5510
1520
5975
8138
8084
7249
8183
2990
2740
1819
545
6433
1477
6269
5683
3979
275
2265
3496
7919
1406
132
3682
3546
6269
4212
1922
3496
7821
4385
7196
2313
4700
7224
5764
2922
5908
5462
878
2550
3566
3981
7704
1619
1644
7981
7981
106
4299
1234
1522
857
2270
7081
2931
68
3605
6160
2003
5910
3721
4689
3373
4005
3666
4135
6554
2557
302
605
4990
4169
4421
7537
106
7542
2943
4946
67
1617
5232
383
5402
820
24
4201
2814
440
1337
1707
7412
2847
3405
7415
4047
3231
4005
7099
4264
6506
1911
751
5487
573
7817
5461
4194
1157
2008
3680
6222
5419
1899
3007
1939
5020
6001
7836
7356
3783
4449
196
5974
755
4703
1039
6701
3617
5007
3740
5975
5915
352
1528
144
7045
7309
2501
1048
3186
5419
981
7303
1554
6533
3224
1768
7442
7182
5325
1411
4515
2225
6305
6734
2213
2975
6979
7297
7441
6852
3264
2277
7151
1078
5197
3168
7135
2740
6953
2129
227
1027
6722
6062
1111
106
6691
5791
7207
7366
3728
6705
1833
7332
6509
2420
1351
5361
162
2047
6917
3222
7908
1479
4526
4830
1546
1321
7923
1491
7766
3540
3496
3546
1498
2602
3054
8145
3055
2401
3775
1302
3363
3363
2978
6123
4939
3012
5535
2450
6580
7624
1247
859
6107
2010
5615
2100
6268
3510
2766
6189
1434
7911
2491
2560
1595
3637
3641
7582
3814
7908
7219
4001
5075
674
6743
1156
2586
7297
972
5254
3503
4875
1817
1571
7294
1556
4308
5008
266
335
5867
416
4991
2433
5374
7639
6422
4213
6307
3621
5800
589
6990
4546
7556
2529
6123
3012
7332
718
225
4509
6081
2613
5273
5281
2782
372
4019
5058
903
6724
6869
5909
2531
3579
7886
2389
3616
4358
361
925
4737
5583
6004
6776
1976
22
7095
995
3701
3458
4346
6411
2010
5380
2635
2433
869
1864
1304
7773
2723
2806
95
5833
5035
7219
5095
3286
3635
1809
5160
1009
5682
6513
6253
1535
2172
2655
3865
3317
5254
1707
6937
2153
746
2753
4337
1544
5467
3113
5092
3710
5375
7195
5810
4751
4613
7243
6932
8089
3586
5183
2681
3361
1409
4758
3464
4805
7219
7271
2149
8035
6112
3544
5742
5162
1409
2825
963
4517
2194
8123
1964
3405
1322
8006
1318
3411
2220
83
2100
7842
3574
84
3442
1997
3407
4273
6202
448
5176
1564
258
2311
4000
6789
2681
7861
2100
95
8080
6733
2806
1163
5583
7024
5419
1171
7003
1239
5761
5995
898
1570
7869
5577
3159
4339
7503
6034
3391
2557
7652
3617
5666
3041
4182
5372
4431
5837
6183
5086
7115
3570
433
5398
2576
1675
7725
2283
3536
5954
8001
515
5347
3616
3832
3271
4352
1479
2401
3812
7654
2613
64
4531
7359
217
2798
34
2491
869
1661
7136
5632
6975
938
1768
3814
2547
675
3750
5870
3791
7219
565
1635
4356
3098
2110
6075
6265
