0
0
0
9
12
0
0
1
11
0
0
1
0
3
0
0
0
0
0
0
0
0
0
2
0
0
2
7
0
0
0
0
0
0
0
0
0
0
0
0
0
0
0
0
0
0
0
0
0
0
0
0
0
0
0
0
0
0
0
0
0
1
0
0
0
0
0
0
0
0
0
0
0
0
0
0
0
0
1
0
0
0
1
0
0
0
0
0
0
0
0
1
0
0
0
0
5
0
0
0
0
0
0
0
22
1
0
11
7
7
0
0
0
0
0
5
2
0
2
3
3
2
3
0
0
0
0
1
0
0
0
2
3
1
0
0
0
0
0
0
0
0
0
0
0
1
0
0
0
0
0
1
0
0
0
0
0
0
0
1
2
0
1
0
0
0
0
1
0
0
0
0
0
0
0
0
0
1
0
0
0
0
0
0
0
0
0
0
0
8
0
6
0
0
0
0
0
0
0
0
0
0
0
0
8
9
6
3
3
3
21
1
2
3
3
1
2
16
0
0
0
10
0
0
0
0
0
0
0
1
0
2
0
0
0
0
0
0
0
0
0
0
0
0
0
0
0
0
0
0
0
0
0
10
0
0
6009
5931
5942
6728
5596
6867
8019
5909
3810
2922
4106
1965
4632
6031
4609
5412
4950
5048
4651
6396
1821
7405
1584
5107
1787
702
4308
7613
7301
2597
3686
5629
5723
3801
8187
7234
4135
3960
3269
677
3162
1440
4291
5874
7582
5024
1195
4609
6041
783
5077
2558
783
3004
2780
6321
2405
5632
6364
5584
3682
1057
4707
6796
7856
3300
7148
4856
756
373
6815
1068
7195
3851
4950
6417
4568
1452
640
4771
8167
7836
6572
3682
2464
3220
6000
48
3707
7248
4240
7613
4242
4491
4609
215
1168
2716
4571
3353
1677
6810
8068
6991
7438
5984
5489
7246
3389
4008
6415
7426
2565
5426
7923
2645
5701
5024
711
5688
4071
2332
1168
6417
6645
2271
729
588
4925
8107
5554
2000
2493
7997
6020
4240
8114
3763
1280
6384
8143
2316
341
4310
5086
3664
2544
6708
5326
1217
7653
5142
4263
2555
1740
5364
7691
4950
1309
5716
1682
4482
4675
7931
5951
5398
2252
908
5593
501
5133
7922
5162
1546
4482
3812
586
3162
519
5537
1620
5751
7856
3444
1042
7754
4887
1196
2253
3959
6227
410
4749
1982
3579
3859
844
3664
3037
6124
6558
3444
7048
1440
3676
1094
5443
4526
3740
7059
2716
6053
5470
3707
4075
8114
7592
3421
3444
1263
807
7755
211
7798
3153
7154
1327
2518
2072
5837
1929
2727
7256
6121
1982
3162
3669
6697
618
5332
933
1671
1585
6549
7067
6288
6388
5837
7613
994
5438
3285
3318
1327
845
2558
6520
5998
7125
5989
6939
3734
6078
1327
7518
4944
4526
7286
4524
2594
6130
5682
2379
3037
3891
4849
5524
6710
5473
3536
5547
1137
1327
4135
7493
5584
6371
5226
2602
6815
3723
3421
7493
5255
967
2555
3186
906
5787
5473
565
5584
3862
344
3286
2379
5081
5489
3096
1318
5845
5924
7643
2248
1682
1241
4310
1546
4478
533
8107
6853
7727
7965
5938
7303
4729
3051
1216
2292
984
7992
747
5761
574
6641
7135
7176
4622
4600
6227
5210
2332
3536
4526
4881
4811
3209
2454
1204
4594
8025
7603
7295
746
397
6405
4811
2252
7
5651
910
618
886
1989
4944
6405
4295
4815
3129
6005
5249
4892
2916
7856
2082
2915
90
1385
586
4310
4835
559
3207
3197
2721
5804
1413
4528
747
574
8110
3911
1241
7154
227
6065
2956
994
2911
3854
6720
4352
2768
4067
5428
4729
6990
2635
6009
4448
760
6990
2260
4818
5576
1585
5931
8081
1522
1430
4310
3269
4899
163
1659
1094
3721
747
328
5394
747
6095
5862
574
7256
7752
4606
4628
712
4699
5226
7063
7613
3740
7598
3702
6533
1472
457
2578
3191
2976
457
904
7020
1741
4743
8156
11
4925
6095
194
4273
796
1435
4211
5767
501
6121
2927
2887
497
2806
2856
4207
7188
5975
3702
165
3349
2965
3834
2544
1346
7622
747
7629
5639
4920
5275
7915
7885
4590
1682
994
5938
3926
7011
1671
747
6139
7435
3528
2482
3530
2459
6791
1245
1017
729
7134
5649
6710
746
3313
4523
4524
2956
7885
4048
4299
3452
3862
6668
3664
6990
1982
2911
2082
320
7785
3263
6405
6844
7505
5430
4275
1029
4202
2795
6648
3443
7915
1163
1436
7694
6220
5761
2006
1103
1010
423
5864
4270
5761
7518
3325
386
1340
1366
5672
8040
6076
457
2504
6474
7213
1032
4725
508
170
5411
1367
7915
4830
1312
7512
6102
1585
4815
7089
4851
6262
8064
4075
3186
4662
3434
7482
3077
3209
169
6876
5853
1429
649
7243
722
389
881
3218
6756
5945
4630
3642
4594
8138
411
951
2642
679
7493
1506
6114
7755
7272
4223
37
221
7766
4523
2219
4482
7932
1863
5507
2441
1748
4796
3173
575
7462
1527
3876
1118
3004
3682
744
4329
14
4533
3497
4001
4924
1645
1733
1472
5938
797
6143
7770
369
7303
4017
1989
2753
2676
6677
4146
631
7995
4415
3682
5950
6997
3610
1988
2817
5767
4339
3686
5482
6776
1899
952
7325
6023
5545
4273
1327
3257
4796
2252
3795
7918
123
1584
5131
764
2676
6384
4004
657
1185
702
50
35
491
7887
4511
1382
1581
137
845
3995
479
627
1316
5332
1241
4944
908
5938
2252
1989
4800
7953
615
3568
1172
3656
631
6417
5277
4618
7029
6545
6904
7679
7143
6332
760
7820
7816
3245
5077
4852
3864
4750
5923
7861
1473
6405
1056
3257
1965
1660
1850
123
6303
7710
5602
3886
1478
7545
6923
4422
1319
2869
2727
2379
3121
1755
6544
1743
5997
6249
5077
4361
4411
2729
3804
5118
4749
1241
3834
3162
3186
273
1548
7059
5118
6103
1298
5909
5977
536
628
2429
6082
4004
928
6853
4771
2543
7882
5023
6041
263
421
6994
5741
2698
1048
37
4273
4283
1976
815
1241
7623
6403
4749
1965
4643
5435
4474
7851
729
4292
3077
421
1944
2120
3434
7060
3166
1024
5403
5798
3851
5801
677
21
574
6403
3962
8014
2749
1279
3989
3832
2379
5602
6288
7059
7059
2281
3435
120
2922
304
1164
421
4372
7034
8190
3854
5748
1988
4492
450
3457
5738
4520
4542
4783
4452
4312
289
7839
7497
457
6041
1734
6121
4636
6331
3186
4649
5914
1770
5608
1312
1137
411
744
6372
1826
5412
1946
7785
5385
2907
5352
5133
7079
2380
5343
6708
3969
1289
7172
575
2226
2907
1879
1087
1011
2162
6027
1243
2773
7596
3052
2693
8151
5048
4950
3793
1856
729
2283
1661
744
255
7227
3969
1972
6353
7192
1620
3229
6025
3920
783
1522
460
702
5290
2411
8143
2174
425
2896
45
1643
5803
432
7484
1415
477
845
6904
7094
4425
109
568
2764
3571
1440
2127
273
1620
3161
5396
2463
2118
3642
1241
7679
5220
4950
3240
2465
8025
3741
4112
7817
2194
3120
1944
1561
2724
2232
3434
331
2607
6253
5385
7205
541
5276
4785
618
5874
3876
4272
1372
1234
5743
7059
4491
170
5536
4647
2285
4065
7577
4441
3534
1544
389
390
2902
4752
4329
7086
7545
8047
1409
169
5290
