0
0
0
9
12
0
0
2
11
1
0
0
0
0
0
0
0
0
0
0
0
0
0
2
0
0
0
4
0
0
1
0
0
0
0
0
0
0
0
0
0
0
0
0
0
0
0
0
0
0
0
0
0
0
0
1
0
0
2
0
0
0
0
0
1
0
0
1
0
0
0
0
0
0
3
0
1
0
1
0
0
0
0
0
0
0
0
0
0
0
0
0
0
0
0
1
5
0
0
0
0
0
0
0
24
1
0
9
4
5
0
0
0
0
0
3
6
0
2
2
2
2
7
1
0
1
0
0
0
0
0
2
0
1
3
0
0
1
1
0
0
0
0
0
0
2
0
2
2
1
0
1
0
0
0
2
1
0
0
0
2
0
1
0
0
1
0
1
0
0
0
0
0
0
0
0
0
0
0
0
1
0
0
0
0
0
0
0
0
2
0
8
0
0
0
0
0
0
0
0
0
0
0
0
12
8
6
5
4
2
26
2
1
3
2
0
0
20
1
3
2
10
1
1
0
2
0
0
0
1
0
2
0
0
0
0
0
0
0
0
0
0
0
0
0
0
1
0
0
0
0
0
0
10
0
0
4326
1633
4826
8052
6806
6788
4512
5855
6607
266
4782
5234
6161
2714
5919
2264
4770
8052
77
6367
6064
2772
4826
3133
2231
594
6019
5544
1851
2693
3752
197
6034
4960
3537
5852
1123
4770
6655
3027
6962
19
5483
2608
2250
7837
8119
3027
6603
5866
5204
620
5135
7562
8119
356
4929
809
3956
2058
1123
1586
2231
2621
7848
5641
6169
4577
6607
496
2545
7161
4704
6006
2882
1524
3500
1178
5641
7007
3195
8108
6217
1757
2483
7891
1563
1225
792
6136
7203
7769
6494
1460
3133
7030
775
8022
4577
4996
6609
4750
6577
4653
4258
5958
6910
8016
5213
2591
3160
4434
869
7831
7622
3394
7502
2350
7949
3103
5059
6655
905
7668
4186
5696
2107
4230
4009
5390
4318
2731
2345
6331
2685
3517
2506
3113
8175
915
981
5163
7083
5327
4181
6990
1253
3937
7481
7949
4653
1563
5700
4128
4313
5719
4894
1805
4978
2161
3192
7364
176
4791
5984
5862
1440
3143
403
3639
4075
1389
589
4861
4302
3579
8068
5938
519
5800
982
2955
5311
694
3662
5885
6219
4936
1683
7881
3768
1874
4802
6088
1420
2690
4431
7133
4815
4528
7125
1170
1318
3211
4026
828
3750
4358
3049
5675
7603
4358
502
4906
1254
5803
1382
449
5383
2155
7305
3507
1033
3424
1536
4124
1726
4487
2401
3199
3197
1401
994
7081
2504
3639
8068
6782
3170
1025
5862
4944
6444
8152
3531
5633
370
2729
1318
5518
6061
5035
1055
4318
6768
5680
6238
5166
156
6291
6578
7008
1809
1413
3294
5938
2033
2471
1139
2603
677
5199
1025
5072
1436
4531
4172
6892
6311
5759
6251
1318
2060
1888
2969
858
256
7151
64
2221
4283
4926
7788
7008
4263
3197
6121
3683
6365
8038
906
5924
5669
6630
4153
4459
3380
6731
5072
3574
3349
6451
3814
2128
3639
457
3294
7195
7155
2467
3883
4997
368
3125
256
5633
711
1990
3789
6612
2956
5646
4738
3191
2289
2729
6851
3492
3257
5350
4045
4731
5764
7125
6339
7819
5938
4815
4358
2277
1804
4230
806
7938
8117
8085
4719
6476
5438
5621
4649
5723
3832
2349
4699
1346
3834
4840
1459
3318
625
5646
7234
6518
3932
5394
7976
4209
625
223
2792
6562
4717
3501
2741
1571
3238
2042
3958
206
4917
2952
5473
7915
6987
632
1585
4209
504
787
7085
3750
2242
7303
3049
281
7572
618
625
6853
3013
2787
2723
4497
5709
1117
77
7624
849
1189
5882
1361
2401
3628
319
760
7831
5924
1760
872
2856
5684
1424
109
1401
1970
8107
6987
4415
5800
4263
3579
1618
2256
1923
2142
3273
469
5888
3471
1290
7732
3404
1251
952
456
4459
3822
7309
5176
4330
3153
3686
5678
363
3490
4330
807
4526
2471
380
3748
2340
3839
2369
5277
6562
4051
2277
7294
4771
7846
7289
5752
4145
6130
3202
4471
1856
999
75
75
2911
4526
8065
1490
92
2252
6798
6114
2766
2194
5646
2872
7377
5493
7919
6083
724
524
5494
1279
2038
1362
2712
6562
1618
1436
1061
1907
1437
4375
1196
1667
2727
6851
1204
6234
3029
2902
5433
746
1346
872
4866
743
1074
7818
5815
944
5885
7299
2464
2130
6963
4746
2352
5228
2281
4482
3834
3579
8158
1170
6886
7136
1316
3664
1435
4925
2671
5913
6448
3049
6014
341
1989
7024
5814
4624
6802
8003
4942
4334
4094
4365
6600
2930
4084
3353
1346
4736
6444
679
1967
2911
1068
5862
2685
4571
1919
7234
933
4249
2685
2289
1546
6405
6040
7089
3574
235
4574
6511
6438
568
2720
1452
6714
913
7512
2493
3822
1316
1972
3765
7622
5332
1134
1667
3579
6444
3707
2685
1850
3170
5400
1340
6851
7816
5646
3473
97
7814
4640
7600
2541
3766
904
2166
5620
6889
4957
3168
2720
4889
2289
3339
5633
3029
7364
1346
1963
1939
1172
3574
5420
7081
4172
4357
769
5938
7622
3579
134
7274
7265
3386
568
112
3077
3684
1339
5286
6019
6492
4436
5681
3891
3197
1961
4916
2219
964
4310
3841
1327
3434
2194
625
1585
1061
1266
6092
4528
2226
5633
923
4516
2541
3122
4770
1105
5620
902
4030
1872
3236
6036
5192
5820
2310
6599
2920
7195
7996
470
7752
4011
6987
6114
126
4916
6377
4467
1939
1253
1440
7831
406
7012
7570
7324
4131
5048
3568
5225
1765
6594
6823
4640
4392
3061
742
6015
367
815
1483
1266
611
1430
456
3120
8064
2952
3643
1329
2401
5942
2563
2471
5394
5997
6582
3276
1352
7781
7311
1522
7845
3702
1376
2273
4877
6667
902
1923
407
6853
5836
5527
7493
7726
4481
134
5836
2772
7817
3351
3025
2952
2471
3170
4812
7408
1735
2722
1437
7153
735
2053
2038
6077
6019
4855
7775
1726
2316
1923
1514
7442
4425
1972
7078
5023
4942
1170
6753
181
6209
165
2884
4529
1104
6864
5997
2201
3050
6435
8073
7887
4524
4142
954
6934
1639
7239
6237
7530
6918
3364
3535
8091
341
1682
4944
3812
8081
4280
5251
7604
2009
1700
1597
7718
107
6203
671
1212
1458
5765
3077
1600
1522
7262
4034
7143
1245
7723
1147
1140
7629
1755
5135
7914
3627
268
5764
1882
5035
2140
2847
2794
2895
6804
884
6676
5050
568
880
4855
6558
2607
531
6058
7531
844
3115
5236
6171
3933
1825
6326
2746
5775
5127
836
5278
4333
3790
6227
7946
1280
3776
3308
3515
3716
7775
3221
6215
1067
7324
4111
6022
4314
5292
3995
2348
1548
2038
6204
4323
2682
2824
3883
3994
3208
1321
4869
3902
6227
3098
1155
1057
6031
7417
791
4572
3510
689
61
568
1169
5923
6023
4034
5604
5292
6929
5074
7722
8189
5313
5367
6469
7209
3045
2826
3989
6401
6518
2467
5288
1650
390
3722
6656
1033
6623
7426
5712
7216
1024
3274
3639
954
7231
2030
3678
2130
5308
739
5352
3849
7998
6533
2265
1213
1556
5046
2449
3445
5653
297
7408
3771
2483
3051
7654
6288
2795
6802
13
1767
568
1481
7988
4226
350
5825
995
2684
7710
5053
