0
0
0
10
13
0
0
2
10
1
0
1
0
0
0
1
0
0
0
0
0
0
0
1
0
0
0
6
0
0
1
0
0
0
0
0
0
0
0
0
0
0
0
0
0
0
0
0
0
0
0
0
0
0
1
2
0
0
2
0
0
1
0
0
2
0
0
0
0
0
0
1
0
0
1
0
1
0
0
0
0
0
0
0
1
0
0
0
0
0
1
0
0
0
0
1
9
0
0
0
0
0
0
0
22
0
0
9
8
3
0
0
0
0
0
2
4
0
0
1
4
0
5
1
0
0
0
1
3
0
1
2
0
0
2
0
0
0
0
0
0
0
0
0
0
2
0
1
1
0
0
0
0
0
0
0
1
0
1
1
2
0
3
0
0
0
0
0
0
0
0
0
0
0
0
0
0
0
0
0
1
0
0
2
0
0
1
0
0
4
0
8
0
0
0
0
0
1
0
0
0
0
1
0
11
7
7
5
7
5
28
1
3
5
5
2
1
25
2
0
0
11
0
0
0
1
1
0
0
1
1
0
0
0
0
0
0
0
0
0
0
0
0
0
0
0
0
0
0
0
0
0
0
10
0
0
4172
1559
5106
5896
1697
501
7294
183
7835
226
3164
3682
1979
3259
6154
2254
7230
5915
1589
3415
3624
6778
702
4997
4485
273
6256
2717
2546
2489
725
92
924
4469
200
657
8075
1447
208
813
4931
3211
871
1224
7205
1483
5965
7745
921
913
7823
5748
389
3503
3443
25
7378
7584
819
619
5102
1716
4300
4029
757
4004
304
1581
2211
7691
6967
6696
3845
4738
5649
2396
7413
3443
2088
3121
3503
6949
7941
3245
5574
7827
785
7207
6012
3363
2235
6000
2808
8127
6409
6897
4154
3413
1581
5227
5045
4377
4011
1318
370
4811
2872
2770
6796
5010
5713
209
3350
7321
3667
747
4340
6941
3851
260
1948
3488
1554
1502
4975
7304
7452
510
1090
5228
1593
4335
2008
3793
1714
4699
7001
3932
1267
658
2650
921
3665
3224
7028
3448
4519
1606
3702
4118
785
122
6698
7997
6273
3145
3265
7586
1034
47
298
5163
87
2405
7205
5276
2068
3579
2618
5400
5199
2023
1765
684
1106
2778
3754
802
2642
649
5840
7237
5975
5772
1204
1084
6335
2217
6124
1087
3393
1024
3816
3762
785
3742
4141
7299
4804
4684
2154
6529
6451
2027
3835
4575
1299
904
6004
1786
4965
5031
2076
2916
6456
3299
5248
7911
4554
1976
632
6985
1479
3577
4112
859
4699
3926
6364
2555
7081
5036
493
6439
5394
5593
4880
1238
1475
787
2576
5116
7613
272
6946
5004
1631
2354
1830
8174
2934
3322
3542
2067
2512
2907
3049
2281
6592
2289
2128
6444
3683
1139
380
4528
1025
1298
4661
6055
3611
3838
7749
6417
7699
1965
3156
5015
5563
1699
167
7757
1155
3559
7760
4516
4896
1765
2401
3276
6579
3170
7020
6991
6388
3342
7518
2273
677
7020
4469
6014
6602
6034
729
7063
4835
446
7295
6559
1074
5787
5222
5187
6973
480
1485
4580
1607
4478
3708
6710
1196
7020
2849
2694
6466
6539
6263
915
6613
5830
6839
3202
3933
7055
677
7781
5701
6576
3812
3005
3617
2289
7008
7258
5997
4275
1864
928
1011
6346
625
3574
3339
1025
938
4528
1357
4916
3162
7518
4294
3953
1131
3960
7507
5903
3211
4312
5708
3211
5126
6849
4172
1972
3812
6501
6470
683
1821
3816
3631
289
5804
8068
4768
4801
1267
3831
493
7125
7178
5403
6926
7424
8184
6836
885
239
3754
6276
7208
6027
3639
223
1316
2563
5764
5632
7645
699
1939
792
7084
5764
4368
7643
3885
6027
1170
7020
8158
4281
7798
4319
3968
4633
3118
3303
7020
5708
2458
535
4459
1972
394
3156
3574
341
7136
5723
6952
4249
2716
1646
2471
95
8143
3421
7136
4801
406
7084
4743
6365
6810
423
4232
696
6182
3814
1972
1972
1585
6696
627
1440
4940
5583
5036
4931
6027
4188
7004
2915
3197
341
5380
6504
4293
6378
2154
7059
1989
3055
4181
6883
4743
5862
1241
7125
6286
4040
4970
6853
6839
3536
4188
4811
2613
4889
3574
341
3831
6466
5704
2110
3814
1618
2872
6990
1362
4892
2802
847
7214
1068
493
6114
4815
3294
7416
527
4741
6027
7791
2141
21
1428
6013
6439
4743
2292
2618
6311
6529
423
3639
5723
2037
3707
3191
5649
1124
7699
472
3068
2875
3211
4531
3318
1025
6839
4526
2780
677
6131
869
5646
3514
7608
8081
2956
493
3855
6693
7001
4731
3197
3211
1068
328
2277
2787
2613
3304
4723
4181
6592
6858
4357
1850
5761
4172
1196
1472
7810
4178
6839
4005
4970
6108
2877
2332
3294
632
2477
938
3683
5133
6085
457
8019
7185
1437
3672
1467
128
126
3294
4815
679
7081
4005
6035
4153
1340
854
396
1090
7825
3789
1253
519
8158
380
4300
6539
3965
1130
2496
1963
8064
5398
394
8006
1953
3188
4964
8043
7717
2715
3760
5162
4913
2716
6740
3765
4741
2011
7956
2708
4274
1494
6752
7923
6466
1994
4738
2273
1224
6131
6552
7234
3108
4357
3127
3403
5780
3851
7737
1640
7580
8108
6331
1850
3574
2487
3047
1585
1436
1366
90
4093
4958
5507
4504
5657
380
2644
3108
227
4194
1437
6124
3209
6331
409
3780
187
7178
5689
4131
8160
1483
4710
6436
3364
3277
5867
2863
6668
728
7685
5800
6295
6761
8138
4592
2524
1142
5796
3026
7620
4062
6981
4482
4944
6883
6466
8059
5514
208
2982
7048
2870
6228
5007
5066
5050
6859
5862
6539
760
695
1857
3647
5563
12
3396
4249
2316
4044
5233
3049
2006
6065
4281
7493
7620
1267
4768
6339
5652
1524
7319
6060
7948
2560
4796
2260
7372
6529
3859
3946
6331
941
6686
30
5472
5098
4781
7281
2926
4518
2281
6883
705
194
39
1682
6375
7302
995
3257
749
5751
6864
3857
4679
4049
3561
4240
1486
8091
4925
6990
4899
4096
7520
3123
1932
1051
6789
3384
2389
7054
3683
3300
5764
1344
2253
2720
994
4738
3026
6839
3893
4729
6781
3891
3352
6009
6843
3946
5176
1025
1430
2186
4526
3841
2573
3690
5214
7162
1902
341
1334
106
3257
1585
1142
317
380
1263
1241
4749
5473
7629
1767
3621
2130
457
171
6895
587
6396
5455
6195
7149
7004
5086
7516
6215
5020
3923
5118
2433
7175
5061
7008
3536
281
4135
4645
5920
2884
1682
3683
7001
1027
4916
1842
2214
7029
7195
4926
8173
4948
2747
7468
6730
2167
500
4237
2465
4011
163
7740
1030
5482
6348
1483
4809
1483
3449
6490
6251
4457
2915
7739
6199
1641
1850
4343
1395
4820
6458
3808
6851
5095
2824
5145
5850
3706
1494
2773
1078
1188
123
3167
1522
4329
2764
1620
2421
472
3682
8086
6189
5292
8073
3191
5853
6536
5403
2015
1478
5024
568
5731
4640
6552
4608
5139
2783
4830
5264
3483
559
5450
1919
2002
1009
7117
3358
3252
4353
2059
2192
7699
6436
7389
6509
6245
5153
5272
1819
2802
7123
6031
3559
6144
6179
4878
6553
937
6407
2265
7810
3755
340
1038
3347
7827
2219
4344
1163
6082
534
4061
3899
3959
2370
2063
7548
2766
7371
3449
5031
5350
1740
3304
