0
0
0
10
6
0
0
2
13
1
0
3
0
1
0
1
1
4
0
1
0
8
0
0
0
0
2
3
0
0
0
0
0
0
0
1
0
0
0
0
0
0
0
0
0
0
0
0
0
0
0
0
0
0
0
0
1
4
2
0
0
1
0
0
5
0
0
0
0
0
0
0
0
0
1
0
0
0
1
0
0
0
0
0
0
0
0
0
0
0
0
0
0
0
0
1
9
0
0
0
0
0
0
0
26
0
0
8
6
4
0
0
0
0
0
1
6
0
0
0
4
0
4
0
0
1
0
0
2
0
2
0
4
1
2
0
1
0
1
0
0
0
2
0
1
1
0
0
0
0
1
1
2
0
1
0
1
1
1
0
0
1
1
0
2
0
0
2
0
0
0
0
0
0
0
0
0
0
1
0
0
0
0
0
0
0
0
0
0
6
0
9
0
0
0
0
0
0
0
0
0
0
0
0
14
8
7
6
7
5
31
3
2
7
4
1
3
27
1
1
0
10
0
1
1
0
1
0
0
1
0
0
0
0
0
0
0
0
0
0
0
0
0
0
0
0
0
0
0
0
0
0
0
10
0
0
3497
6271
6967
227
3541
5031
5306
7527
2339
1030
7512
1314
3401
157
5020
2339
215
6139
4274
1940
1237
2533
3610
1452
4771
3610
1893
1544
1748
5572
4847
1746
6484
5482
6759
4771
3058
7408
6304
7488
3443
1733
726
6304
6019
7916
1938
7405
5133
2459
974
1864
3143
7301
1296
4698
805
6104
5107
7196
1854
6252
4479
2570
6281
4836
1414
6691
6722
5997
8135
651
590
297
5176
38
3271
7254
4962
4735
1042
1319
4851
4049
262
2511
35
2408
1965
2727
7956
6183
1309
2303
531
280
1180
6075
6271
7470
831
5997
3292
5055
6369
7592
5475
1472
7184
5222
6978
4005
7301
255
6864
1158
852
1040
8143
3493
7816
169
7198
5580
6997
450
8021
5071
2916
6329
5705
3177
5241
5024
708
407
4502
8048
2894
380
1554
1433
5971
3637
1749
4735
4099
4812
4478
947
2412
2630
825
7779
7583
853
1965
5412
2825
3701
4581
5794
6262
1290
7627
1046
1538
6181
2773
1760
615
532
5126
2379
2872
5088
2291
2247
3983
33
7596
30
5681
4521
4491
5143
6509
3621
1003
6135
1680
1947
7777
772
3218
4190
1639
3448
7405
1591
5857
6361
4482
7230
5723
7234
1440
1735
543
1289
4805
3073
5389
7101
749
6188
1740
727
7866
4384
5560
4609
4479
1469
4652
5454
2905
6770
179
6563
4150
8046
5798
8013
7493
5118
1422
3156
5762
7559
3739
7750
5086
1817
3061
1609
745
6835
635
8023
568
1078
4596
4491
1534
4519
744
3415
1540
5921
5468
6075
7781
2266
2784
971
457
2429
1964
1629
7200
1850
1428
5562
4279
7290
7710
843
5357
2413
1085
4340
1103
6654
6508
390
4017
5766
4851
4007
2121
8065
2063
7573
5364
1600
2362
2340
2544
3096
5943
6543
2838
3424
3276
1506
5333
1984
844
323
4032
6428
5570
5691
4718
4445
8080
5220
5232
1469
6243
4851
7798
6935
5236
2914
1105
5292
42
78
95
2119
3282
3213
7815
1027
3689
7362
3904
5912
3564
594
8030
275
3546
4127
3742
4020
2530
3541
7121
7716
7063
3712
4950
881
5874
7499
1856
187
834
2757
1409
3377
6073
6895
5097
7710
1027
7298
6353
4111
1065
6174
4124
4106
7528
2205
2153
4478
4170
5385
2119
4914
6271
959
2679
2121
3175
4927
6759
4147
6397
2733
7048
1159
7514
6020
3288
4588
5068
3364
7035
1402
4640
7526
7342
7570
1917
7175
7955
6939
6396
4329
651
6082
7013
5687
5891
1620
7752
1542
4215
6988
3597
7326
6147
4407
3348
4424
2635
2042
3617
902
7040
3385
5766
7290
6157
1124
2339
2354
1712
3913
5304
120
4802
1495
2075
7230
2631
2402
7522
5886
4222
3218
6366
849
8094
6683
4975
7132
7948
457
4805
3202
2240
4581
2265
2697
5718
7330
6000
5403
5479
5713
333
652
5702
7296
5762
3847
1876
7861
3154
3740
3983
1842
2280
6353
4543
3412
6201
1027
6253
1027
5255
3361
2247
7526
2316
3886
1853
589
6165
3888
5346
8022
3883
1396
1256
6350
7613
7695
7337
7747
5288
675
7594
7854
5871
7757
7732
3039
2235
5810
1409
7757
1413
4489
5800
3206
4936
6104
7901
8048
1488
1450
5573
5557
6731
7381
3280
3993
5587
6391
332
2130
6031
5794
735
4726
84
1042
6903
821
7810
6004
843
3346
883
8187
6476
957
5621
5406
825
4329
1157
7232
3696
5417
4570
4987
6562
7187
1765
2907
2308
7223
3876
2071
7865
935
6171
3405
2881
2204
4088
5031
712
165
1700
341
2531
2162
5713
6111
3465
3861
2462
7166
1176
596
6714
4211
4474
7872
3930
5225
6447
7679
4392
121
5644
240
7865
7262
1041
4314
1956
7570
1919
6022
5810
4986
2152
7526
4356
7191
3739
3311
5963
4672
355
3958
1684
368
6036
3594
4634
5686
7362
4883
3212
1
8142
3412
2875
2008
6041
4953
1924
3682
2905
7676
7256
2917
7617
1114
7681
1289
6290
7649
374
2423
6074
4318
1415
1694
5765
3695
1057
7415
857
5278
6338
763
7869
4556
2239
6973
6632
941
4986
5288
5891
1675
1247
6391
1939
4294
5621
463
3820
2791
5737
3098
1639
6829
6052
4800
3598
7031
6759
5171
2369
6198
1469
5963
1
4279
4178
2934
2406
6000
3948
728
2013
4643
3465
7189
7130
3241
5883
7085
3642
7039
764
5155
5122
292
3287
3916
4038
1845
5874
3660
2418
6359
7332
4349
1362
111
1944
5168
7583
2966
2303
1024
5222
383
4344
565
6338
626
2130
3402
7564
1796
3148
6442
4967
5012
2922
6967
1132
1941
4614
2610
3455
1230
3093
4446
7817
6508
6082
2513
4565
3685
4722
1090
1236
371
7677
1535
4233
6833
7795
5724
3969
1513
3402
1362
940
3410
5724
2303
583
2485
7189
6351
2071
2808
3526
7898
472
4292
6708
7405
1105
8186
6306
369
3501
8129
2904
5625
4644
899
2218
7013
6667
8160
250
2419
69
930
5165
4164
157
810
35
6756
3389
7595
1650
695
6082
2705
2022
2513
7910
2233
740
7642
6795
2257
7764
5332
7980
6552
7820
4809
6271
1238
4498
6031
2312
4817
5893
4493
757
6268
26
2850
4498
2157
5858
6599
4853
7090
2810
6791
6082
5472
7229
7887
7053
1820
5801
4475
2585
3553
5275
6599
4489
3851
6243
7614
6764
3413
6955
4876
2470
3038
335
2379
5013
7006
4920
707
6188
5173
8069
1709
3661
5580
4312
1443
3671
4214
5566
1069
914
5893
6312
4784
648
3986
5071
7775
4213
6215
1029
5653
7806
8136
1319
4358
5176
3207
5988
4484
5746
2838
3322
3305
4651
1062
5743
7344
462
3740
3402
6516
1980
1581
921
6660
4546
4673
6135
6346
1224
1219
340
4442
5720
4632
200
731
5037
1942
4535
6222
1821
5816
2999
7966
369
6320
7378
7505
3960
3661
4207
5236
4700
4016
7090
4822
3672
6281
3581
7275
3853
6208
932
6784
261
1751
158
3959
2406
5250
2073
8186
2708
3594
7190
1365
1769
568
4011
1279
1842
2759
2113
7193
5515
4335
2533
8059
3326
2408
2584
8117
3897
5187
4876
7613
3320
182
