0
0
0
9
16
0
0
1
11
0
0
4
0
1
0
0
2
0
0
0
0
4
0
0
0
0
2
2
0
0
1
0
0
0
0
0
0
0
0
0
0
0
0
0
0
0
0
0
0
0
0
0
0
0
0
0
0
3
2
0
0
2
0
0
1
1
1
0
0
0
0
0
0
0
0
0
1
1
0
0
2
0
0
0
0
0
0
0
0
0
0
0
1
0
0
1
9
0
0
0
0
0
0
0
19
0
0
6
2
6
0
0
0
0
0
3
4
0
2
1
1
2
2
2
0
0
1
1
2
0
0
1
2
0
2
0
0
0
0
0
0
0
0
0
0
3
0
1
0
0
0
0
0
1
2
1
0
0
1
1
1
0
3
0
0
0
0
0
0
1
0
1
1
0
0
1
0
1
0
0
1
0
0
1
0
1
0
0
0
4
0
5
0
0
0
0
1
0
0
0
0
0
0
0
13
14
5
4
5
4
21
3
3
3
2
0
2
21
2
0
0
10
0
0
1
4
1
0
0
1
0
1
0
0
0
0
0
1
0
0
0
0
0
0
0
0
0
0
0
0
0
0
0
10
0
0
390
4852
6997
7344
1620
7910
907
492
6549
5166
2907
7910
4950
418
2796
5272
6271
6973
4716
3760
4731
4588
4327
1474
857
4815
2956
747
2194
4590
6139
4209
4361
7415
3443
5364
2907
4441
7995
96
6353
7995
1709
6307
4291
7798
2796
3876
320
5724
6014
5044
1885
3802
6560
5169
7831
1357
705
6839
994
1671
4590
5762
137
7389
744
5290
2907
208
7275
2679
1845
947
4007
3490
783
1944
6227
2285
3460
6694
6171
4807
4425
2915
1430
7574
872
5830
3683
1671
5761
4944
4662
1988
7389
4491
1270
649
5171
3571
1220
2741
4718
4641
5228
553
5004
6680
215
6626
1641
7747
4087
5780
6612
501
3346
8112
2544
2849
7953
7234
6405
2308
7613
1395
2916
3682
7491
3577
932
6366
6141
4007
1680
3833
3654
165
6515
1897
3401
8125
1365
788
4805
7362
6920
5419
7132
5943
4912
310
1327
5761
3153
5122
7134
5332
2405
7910
6307
2922
1163
7398
5024
3600
33
195
6131
4209
1372
4606
5310
587
4087
1367
328
4081
7234
5023
3786
834
7205
5664
5199
574
6319
3385
650
5867
3682
5403
2999
2419
2022
2916
2405
575
2364
7428
1990
3055
5126
6171
4721
3407
3904
1168
1485
1440
3047
4942
1656
6171
123
4232
3153
2234
2798
7489
7489
539
4291
4491
2830
7692
2130
4950
4618
7294
3791
5955
754
1168
1585
3736
1959
7362
5543
3962
1382
298
3143
2865
3786
5562
6668
6139
705
5913
96
1309
5598
7107
1769
4707
35
7592
7582
5290
7613
6089
88
8125
2436
5780
3795
6247
4931
457
4209
5397
2186
252
5830
4070
6806
5203
2252
5761
4209
904
6973
3835
568
1084
4291
1620
6571
3835
4718
2948
6244
1005
4389
1406
5333
5210
1472
3191
2863
5862
7819
7393
6668
2956
1671
5344
4923
4610
1716
3777
7831
785
702
3443
4788
7781
4950
210
1029
390
3914
7184
5621
4272
587
6533
301
4931
7493
3832
2477
4459
5830
102
2186
6137
4542
5675
6014
1061
1061
6220
7418
845
1160
1029
3642
1971
568
1023
7582
3568
515
387
2095
4805
5175
1639
7913
1440
6220
4182
2863
4542
7622
7432
1138
7020
1546
725
6276
1971
705
6035
446
5608
5801
4270
615
4525
6332
2546
7135
1853
6083
4168
3316
7363
3834
807
2006
7171
1760
7093
504
39
6891
921
5761
3421
6014
3962
3051
1699
994
2734
3062
3019
8001
7443
7670
3326
1136
1042
7995
5008
5741
1367
7366
7629
4741
3710
3795
4050
493
4944
7755
457
2774
2948
1241
4273
6474
3024
7885
7078
574
6013
1025
5717
5694
3273
990
4689
1581
4291
5412
7186
6569
4517
4345
423
999
999
5118
6262
7953
807
1401
5756
1800
6217
1434
4080
3318
1850
6311
5394
2715
5335
5118
524
7169
1008
4456
4689
2411
5232
2916
2318
3297
4174
7740
6887
1919
457
5761
7304
7041
1346
5672
3481
7143
1241
7374
5761
7755
109
4542
5176
8019
1204
4885
5943
3799
2383
702
2907
7866
1820
6737
3572
4058
50
539
2905
8004
524
1479
7171
7958
8107
5913
1395
1822
5566
5627
1241
6308
507
7234
2956
4268
2386
5124
1130
3726
2002
7854
6020
4600
2922
5403
639
1155
5812
1367
2127
2905
2183
3560
6810
456
5394
7441
1357
7234
2894
6065
7303
1453
2671
102
857
4916
3113
1917
1576
1849
1450
5422
5101
3022
5332
683
7592
2967
921
2582
7407
2212
957
2774
5100
3469
3024
3841
5830
4590
3834
3153
5675
2715
2575
1699
4749
747
7432
6843
6000
508
369
3490
5452
3835
4340
3751
6660
3153
5608
3773
1929
2380
501
7543
5255
2791
2451
3523
7620
3841
457
3294
5176
3026
4209
1366
807
2226
5811
6295
3530
5584
5024
1285
2051
5322
7405
2119
3288
1155
7582
5810
4887
777
4987
7480
2635
3320
787
4731
6114
4899
4749
8019
1671
8107
3153
75
5764
2121
6215
5024
932
6640
2672
3793
508
6082
2271
3161
2826
2002
1581
6583
5419
2131
3995
1726
3037
2826
5168
807
7704
7180
7990
7079
3760
1228
2216
1
5883
3483
8047
5024
5514
2859
1717
5647
7654
2629
3610
2002
951
5290
845
7143
727
7699
1395
7216
1472
1071
3623
7786
2462
1494
4659
4731
872
7377
7311
2645
6215
1550
2328
3676
568
3497
1
6475
3806
1595
4291
1769
1600
5066
1988
3541
3635
7722
3851
6558
4111
5149
2127
7997
5877
7569
4209
8073
7441
1363
3925
3835
5531
2916
6053
5551
2379
4796
1232
4343
7851
5801
4950
2410
491
2308
2780
2916
1819
1765
4202
4940
4744
1220
681
937
7582
3682
4333
6392
6190
3786
8017
4005
2645
6141
4291
5507
4215
7207
1024
740
1478
1550
3577
1082
2483
4732
7011
5024
7040
5997
5132
6083
8191
7998
513
4719
1944
568
6041
721
3305
2865
6111
1109
39
1513
1600
568
7229
6453
1024
5998
3584
4175
1954
6593
2248
4880
7258
7582
2930
2229
6807
7568
4507
8058
5100
5035
5998
4651
8138
6271
3963
6082
331
1165
4501
1163
7823
1105
6447
4367
3288
1600
747
6475
5000
2608
254
1821
3490
5805
2318
5467
256
1709
2663
5874
2777
6203
373
4011
4533
5482
3682
4942
5288
8160
7190
361
4294
5715
4796
2285
4472
7153
2379
514
7143
6141
5255
7239
4717
2029
7211
5998
3741
8086
1177
4812
1740
4813
3650
2459
2907
3740
4419
7946
4011
7613
2219
3433
7470
6141
210
5290
472
3077
2166
4809
7827
5024
3762
6847
3286
7867
146
2907
1944
7135
1181
1200
5482
3402
3637
3682
1988
7011
6393
6645
1207
7389
4525
3326
35
3666
7887
1105
1944
7910
702
649
5185
7716
2661
6552
747
7773
7539
744
208
3186
3647
3876
1473
2907
5265
4651
5403
1453
90
5542
6005
1473
5185
568
5024
91
1009
1769
4796
2130
4007
7582
783
2217
1794
7901
6645
3660
2870
6243
3096
1680
1158
88
6000
5896
4742
7699
7518
1040
6147
2411
6545
320
123
2252
5403
5805
6353
2672
4007
208
5385
