0
0
0
10
5
1
0
2
10
1
0
2
0
0
0
0
0
1
0
0
0
10
0
1
0
0
0
0
0
0
0
0
0
0
0
0
0
0
0
0
0
0
0
0
0
0
0
0
0
0
0
0
0
0
1
0
0
0
0
0
0
0
0
0
1
1
0
0
0
0
0
0
0
0
0
0
1
0
0
0
0
0
0
0
0
0
0
0
0
1
0
0
0
0
0
0
9
0
0
0
0
0
0
0
20
0
0
11
6
5
0
0
0
0
0
2
0
0
0
1
1
0
3
1
0
3
0
0
1
0
0
1
0
0
2
0
1
0
0
0
0
1
0
0
0
0
0
1
0
0
0
0
1
0
0
0
0
2
0
1
1
0
0
0
0
1
0
0
0
1
0
1
0
0
0
0
0
1
0
0
0
1
0
0
1
0
0
0
0
1
0
7
0
0
0
0
0
0
0
0
0
0
0
0
9
7
8
5
7
3
22
4
1
3
7
7
0
28
0
2
0
11
0
0
1
5
0
0
0
1
0
1
0
0
0
0
0
0
0
0
1
0
0
0
0
0
0
0
0
0
0
0
0
10
0
0
6660
2862
1245
5168
36
959
5682
7214
1950
5762
3007
7230
1680
5994
4802
1876
493
4291
3642
1415
7997
3981
4355
5168
1217
7755
6827
2948
254
35
3742
2104
4800
1582
1042
5106
2954
4824
2186
3006
1658
87
1021
5898
6090
3674
5967
5904
2058
7833
5382
3213
973
6212
3303
932
4467
4524
6141
4330
4538
5335
343
4426
8040
2316
4763
3398
3510
7117
5350
1532
7675
373
2935
3273
3264
6905
2874
419
2637
6413
1891
6819
313
3388
5799
6535
2799
3668
7180
6535
5662
2459
4634
3997
3899
1749
3159
2109
2023
5232
849
6415
3085
672
3105
1781
3059
5315
1700
3101
7519
3509
3243
5774
6716
5799
660
632
4150
6925
4338
33
2601
8021
343
6353
7869
4563
1873
4199
1929
2238
6162
1468
187
71
4889
2180
2800
1260
7283
6623
6765
7372
4483
1810
3101
7578
5312
6905
703
3002
3305
3695
1752
7533
6994
310
7884
731
7174
5672
7942
7692
1686
556
4282
6675
4269
6177
7688
6814
6231
1633
3752
2964
7549
6807
1426
4902
6742
5331
6719
7842
3002
7279
3077
1046
4804
4273
6069
1716
1979
2261
5793
522
8060
1379
6428
7733
1433
5331
5027
1876
1063
6719
7742
2770
3500
4408
901
1761
2564
1891
5621
41
4649
1173
3159
731
7913
7827
7227
3492
1534
3492
2390
2255
33
8052
1933
6090
1092
3393
3700
5481
2625
6986
3960
1097
1115
5312
2014
3763
3239
4161
7449
6090
4167
1441
6450
1015
2772
7746
2068
6795
3196
2603
2756
237
2960
1684
1861
2168
3324
4159
7119
7775
1622
4536
6350
4347
1876
6225
2806
3156
2568
195
7361
1691
7733
7230
2235
1850
5743
1870
3673
7859
6861
30
1584
7617
3589
5729
3371
2013
2412
4793
7275
6237
6172
710
6802
6163
7206
2261
1669
4300
2704
2305
860
5252
4824
1732
3492
4255
1928
6824
2977
2641
1970
727
5222
1856
6996
8153
5241
4311
4918
4967
2932
2109
275
1876
5897
5339
2236
794
58
3135
1412
6157
7448
3957
6838
1631
217
1607
574
1041
4464
1227
1494
4740
4194
457
6437
3642
272
532
5880
4425
7398
6715
2043
1730
4030
2009
4598
419
8008
1601
6582
6966
7512
2782
440
5985
672
7685
5050
2376
7859
5460
2624
6457
3847
4368
1010
2791
4974
3659
5306
762
7448
5565
4287
7473
4355
7692
758
2264
2371
3371
4243
5198
3817
3053
475
684
8006
6361
6703
7416
2002
7079
5000
6848
2883
2079
1992
5876
1342
4389
1619
5722
3203
610
6054
3151
3812
6157
5164
4882
4990
836
6391
3759
833
730
2883
923
2662
5682
5403
2675
2221
7773
137
4026
5052
7422
7741
7741
1457
7883
6600
7034
2633
2216
6870
3645
6665
4
6695
7137
5772
7206
3430
1952
178
6930
3710
4501
4951
3558
2023
3927
5128
3515
8021
4212
7708
5461
6662
4149
8060
3077
990
4509
5063
1220
2052
7609
4362
8159
2123
5417
3250
5885
2165
2662
6835
5264
4948
5603
190
2158
2649
4350
4229
2288
2052
3133
6969
4727
5035
5335
4143
1345
3795
5382
7821
5361
371
4138
5677
6843
4295
2347
2933
352
3029
4880
4255
4204
2167
2536
3101
6506
6360
7377
1534
1591
6989
3159
1441
6263
3642
3405
423
3667
1243
5350
2892
7913
3891
6653
7387
7078
3932
7059
4086
4906
2488
4357
1075
5662
4556
5603
2057
5730
4415
4618
383
320
5128
6297
1532
1934
3647
373
832
3460
358
1
2073
1322
5534
2294
4746
6679
1735
5557
6966
4158
2700
1837
4357
1105
1686
5833
3642
4310
3631
5430
7149
1818
3847
6062
6488
681
163
2272
8071
7377
6411
2866
2436
127
2890
7649
3064
2409
5803
5152
5956
5389
241
2880
1636
1497
3261
5385
1307
133
2392
6563
323
1917
990
6078
3530
4963
201
5679
2979
4896
8064
5852
3757
7991
6425
2910
7088
5131
4660
2043
4592
2681
3648
5848
5538
7631
8153
7210
715
5951
434
6233
2951
4280
778
87
7117
5458
55
208
6664
5998
7722
3236
4948
7751
7528
4145
1878
5234
6090
2243
2602
2014
3101
7708
6676
697
729
1012
3667
1494
5833
6996
3668
1570
4379
5364
5172
3492
4852
4182
4824
6263
5738
7252
148
5383
7305
7276
3535
3820
5132
6559
6767
6928
3428
6496
1368
339
1783
1275
1724
4702
1027
556
7934
7688
1247
6493
2624
5672
1817
4343
8113
4342
2445
5312
3815
3983
2212
189
1700
5293
1324
455
4141
240
4366
5325
4032
7864
7088
2279
5679
4310
2203
1929
204
6549
3159
3347
5682
4365
5809
6514
5403
7753
7075
5429
3757
6231
4220
6172
2531
1246
298
5301
1203
463
6758
2462
5027
944
3820
2478
3642
3475
3077
2512
4392
2671
4776
2331
5739
320
98
4301
1227
3051
1230
5839
4541
7329
3563
4489
1115
3463
25
2705
2740
6801
7129
843
1838
4476
3264
2772
5527
3698
2023
1709
6042
6535
4862
1976
7675
1600
1929
5911
5809
2516
2848
3918
2858
3101
5047
8142
5681
4362
712
91
1027
6623
4486
8017
6184
3408
2308
5738
607
7029
6556
4004
7588
2170
1492
4096
5325
4824
423
3261
3455
532
4406
6931
1840
703
2058
5442
2870
5442
6319
2862
2577
1708
7850
6745
5122
5379
7452
5898
217
7426
7396
4639
5682
1466
2973
6317
2177
6668
159
226
6557
1245
7177
1307
6153
5234
3546
2897
868
2081
2228
7854
7219
7326
7342
7342
8085
3668
47
5738
3728
2062
6437
163
1686
4896
2578
3311
1570
531
3541
683
4749
3790
2381
877
2750
6931
4483
4336
7342
3953
4125
1230
7886
7531
8168
1629
3813
6722
308
3642
6761
1522
8167
4984
4345
1582
7987
666
902
238
4129
3299
5382
4857
2070
6257
2015
4443
4483
2488
6551
2073
5445
3506
512
2294
6623
1541
7980
7829
8137
5952
4027
1551
5998
1285
1631
4766
7214
4869
1158
8040
8000
534
733
2410
6146
686
7746
7745
684
7351
1499
6811
5363
8070
8067
1572
1131
5107
5742
2279
756
4580
1415
5742
974
1522
