0
0
0
9
1
10
0
2
10
0
0
2
0
0
0
0
0
1
0
0
0
0
0
2
0
0
0
0
0
0
2
2
0
0
0
1
0
0
1
0
0
0
0
0
0
0
0
0
0
0
0
0
0
2
1
1
1
0
1
0
0
0
0
0
2
1
1
1
0
0
0
0
0
0
0
0
0
7
0
1
0
0
1
0
0
0
0
0
0
0
0
0
0
0
0
1
5
0
0
0
0
0
0
0
23
2
0
10
8
5
0
0
0
0
0
0
4
0
1
2
0
1
3
2
0
3
0
0
2
1
1
0
0
0
4
0
1
0
0
0
0
1
0
0
1
2
0
3
0
1
0
0
0
0
1
0
1
0
0
0
0
0
0
1
2
1
1
1
0
1
1
0
0
0
0
0
0
4
3
0
0
1
0
1
1
0
0
0
0
1
0
7
0
0
0
0
0
0
0
0
0
0
0
0
10
3
7
4
3
2
29
11
3
4
3
5
2
22
0
2
1
10
0
0
0
5
0
1
0
1
0
1
0
0
0
0
0
0
0
0
0
0
0
0
0
0
0
0
0
0
0
0
0
10
0
0
4776
3216
6210
902
3854
5357
4437
6233
1712
7987
7441
4217
5076
5491
6961
8187
2479
719
8190
7705
6431
34
7859
217
2631
3760
5355
3353
1410
1629
5806
2753
3138
2119
3658
4824
1917
6055
3689
2248
5985
6670
6691
3412
8
3100
5258
7766
3244
3361
5673
4092
6334
2504
2701
7325
4645
7325
7785
4838
6867
5882
4846
5527
3470
2390
3571
963
6189
2780
2079
6021
4111
7924
6795
695
572
5831
5150
4718
7922
5516
7684
2533
3581
4740
2266
5812
6513
1106
1964
7284
3134
2236
8174
1206
3255
4759
6499
690
3666
3140
3582
2043
932
1564
6495
3585
6672
3612
3612
6884
1238
5716
3548
6790
7812
5843
979
5476
5831
323
7741
7710
310
1275
5092
6013
8019
4573
394
6057
5335
1304
3669
4141
2316
1382
495
3851
1053
7764
7764
538
1774
2629
5456
1681
1679
5569
5831
4904
3886
4641
4223
4561
4222
3179
915
826
731
2772
929
4915
2545
4083
1675
7252
5989
4727
5450
6498
6338
4334
3001
6705
7350
7332
5716
1291
4155
1442
2933
2837
1151
972
3001
1637
2306
3162
7061
4971
6549
55
4331
5817
3005
6183
2487
2631
979
4904
4907
5648
4976
3185
1291
3369
536
3526
7799
8117
1678
3559
3916
3825
4844
1673
2184
4178
6263
7033
532
6535
5747
4354
3589
5898
206
1675
262
5291
7973
4709
3148
5530
1697
5245
3559
5326
4239
7684
7297
5393
4904
5291
4904
2638
5174
6186
2860
5775
3265
8013
7829
3021
2946
2582
1216
941
6366
4944
7136
1782
6816
2529
6271
5018
6383
7556
4878
1209
3690
1069
7667
2333
1427
5614
643
6011
5614
1069
1070
607
5918
4505
4416
2219
7840
5995
446
4623
5920
3992
4088
121
3941
5889
1782
5655
2529
2257
3148
2901
4165
3140
4547
338
7013
4435
6552
1812
5831
2760
6750
5534
405
6864
2787
110
3321
7243
5767
7075
2750
79
1780
545
4515
7857
5479
2534
6186
3698
3438
6661
6519
1416
896
1069
1787
5716
4658
3963
2867
3816
6221
1085
2735
4050
693
5232
4464
2234
6140
1457
664
3658
7987
6335
6482
3696
6631
7857
538
2485
81
3629
6266
3084
4367
4453
4569
1273
3082
4304
6229
238
7601
7135
2892
1543
4374
1785
1089
433
5898
2058
6852
3092
7342
162
7716
1101
1730
6631
3581
8188
7276
5909
1739
5326
96
3544
4641
3438
2708
488
4061
1567
302
6169
5130
2752
263
1299
8018
1063
5888
4444
719
5989
7867
3465
7144
5291
7702
49
353
2453
2860
8143
6884
3174
3947
6770
4547
3730
3691
1076
1731
4334
3067
4088
1104
5169
5131
5064
6583
1348
6183
7861
1163
5978
6179
3403
3930
6631
1273
4367
6816
4697
2572
119
7015
6289
4834
4445
1205
2515
4042
1427
936
1069
1031
2573
8052
518
7737
5530
5567
1570
2750
7825
7824
3799
3533
302
5535
7160
6553
8188
5465
1860
3895
3886
5608
3452
2324
5546
4789
2021
5109
4734
4554
6777
1580
5829
1474
4502
6482
7005
5577
2993
495
4706
5967
1583
3372
4641
2502
327
4934
7596
3045
7127
7945
810
1209
3001
4718
4644
2533
4841
4530
6056
7840
4543
1000
5340
4920
5456
2404
4220
6385
3861
5010
2296
4907
4301
3381
3861
3148
3284
2169
3507
2054
4504
6071
6571
6677
1133
1284
139
937
780
1785
7854
3310
4563
3016
6859
1776
6436
4239
5460
94
2760
1678
6902
8138
7815
6622
7604
5797
2009
5522
6200
2001
6470
732
2397
4085
6568
6872
5496
2583
4101
3081
4435
6458
198
5787
3983
7149
3203
332
7861
941
447
3860
4061
333
1114
2501
352
5898
8095
3154
5361
7062
1567
580
2453
94
1938
3693
3359
7297
6482
2572
5599
5937
2708
2392
3314
3276
4483
8178
3840
4904
4664
4317
3604
4167
7252
2313
295
2819
4791
2988
172
5618
49
7237
6170
3068
2572
7467
5944
2296
4873
1926
3930
94
2357
116
2603
623
4223
2458
1184
5131
6770
4214
426
4504
5812
367
5891
5732
4124
4652
657
2324
5373
7905
5450
4239
4317
6001
7492
1133
4920
876
94
3298
7684
4972
742
2922
7185
7517
8187
2476
7983
699
4489
5802
5403
1724
3144
3226
7254
3081
5875
7556
49
2760
4920
4509
5418
514
3001
2405
3528
4165
7598
1273
5671
1681
2482
6171
7075
6176
1364
1924
6081
2105
2884
1396
4217
7245
1716
4043
4635
6618
4907
1539
2584
6661
5756
1301
6266
4214
6639
8143
338
979
4155
5267
4061
5599
6266
3869
164
3061
87
1572
2969
7113
4824
614
468
8177
5041
7442
3169
7705
6162
6784
3001
5618
1273
5314
1697
979
3223
5756
5267
6651
5010
4399
2175
6371
249
5763
4342
719
2022
7434
5310
1481
6722
7334
3104
2422
440
5066
1534
947
3887
6406
3612
447
3401
6686
3208
4155
5450
5427
7003
3693
225
7013
2541
4641
2047
2085
5829
1658
2798
3689
7180
1342
1143
3133
3742
5712
7836
4974
5640
693
6823
4158
4673
2499
5756
1738
3453
5019
5999
1678
7236
2631
1782
4718
979
1744
1034
311
3117
2047
4405
2975
3930
853
3582
689
468
8150
5672
6708
7966
4384
761
6185
2296
5756
5720
1530
1384
2533
4955
3237
1678
5599
2785
2497
6165
4802
7755
6416
1582
990
5549
8145
2119
851
3564
660
310
777
8047
2232
1237
4876
5527
1543
5756
3526
4664
3012
3290
8143
2059
4317
2368
6315
2837
3081
1543
240
6389
1410
1271
4940
7155
279
2768
5732
714
4300
1153
2909
4945
7459
6563
5891
4941
2686
5530
5850
5466
3892
2080
2285
5174
1320
7167
7237
4591
269
1140
615
2753
5703
6986
4755
4776
723
7864
6176
2658
475
1956
6777
4037
1307
4299
5910
4182
6768
1658
5963
3236
5843
1425
4667
7197
4445
1539
3941
2772
4598
373
241
7576
2143
3546
5124
1453
8100
1588
5691
1042
7075
395
4406
4794
7602
7200
6212
5336
4858
5460
2079
7096
1940
3396
1793
4431
7196
7842
1850
3924
1631
6233
4452
6759
4741
3273
4301
1890
