0
0
0
9
3
1
0
2
9
0
0
1
1
0
0
0
0
2
0
0
0
12
0
3
0
0
2
0
0
0
0
1
0
0
0
0
0
0
0
0
0
0
0
0
0
0
0
0
0
0
0
0
0
0
0
0
0
1
1
0
0
0
0
0
0
0
0
0
0
0
0
0
0
0
0
0
1
0
0
0
0
0
0
0
0
0
0
0
0
0
0
0
1
0
0
0
6
0
0
0
0
0
0
0
20
2
0
5
4
6
0
0
0
0
0
0
1
1
0
4
2
0
5
0
0
1
1
0
1
1
1
0
1
0
5
0
1
0
1
0
0
0
0
0
1
3
0
4
0
0
2
0
0
0
0
1
0
1
0
1
1
0
0
1
0
1
0
0
0
0
0
0
0
0
1
0
0
1
1
0
0
0
0
0
0
0
0
0
0
2
0
7
0
0
0
0
0
0
0
0
0
0
0
0
9
2
6
4
6
2
21
6
1
4
4
3
0
29
1
1
1
10
0
1
0
6
0
0
0
1
0
2
0
0
0
0
0
0
0
0
0
0
0
0
0
0
0
0
0
0
0
0
0
10
0
0
2130
1949
5705
3392
635
3989
615
3682
2405
4880
7246
783
575
721
740
45
631
7941
1824
5428
297
1279
3389
797
7294
3542
4241
5185
7063
1803
5112
4475
5835
2793
5334
2916
870
5619
916
3443
5171
6950
1468
3497
3947
3561
1148
1151
3572
7087
2063
3180
261
2309
951
2591
7548
1944
6531
5748
1664
7223
7
7642
7592
3625
1037
5324
916
5326
4155
4018
170
1776
1086
3062
1757
3836
5362
4388
5052
2171
3023
8164
7735
2513
4651
581
6089
5536
4579
8167
896
4329
4722
4708
2175
5290
7887
5412
4293
7189
7301
2244
5661
1774
321
513
4012
7873
2301
2506
3626
1720
3385
7701
7037
5275
5805
3490
3364
3433
7262
2672
5779
7651
7692
3225
1395
6554
227
366
507
3710
4375
3078
5715
2136
6819
1741
1144
7206
3674
5009
2213
2213
7265
5307
598
3773
1003
1786
5584
1539
8163
6997
3085
6005
7781
4644
7957
8174
7418
254
5113
722
4805
4290
617
4934
5203
4676
7759
3555
4388
3757
1764
5550
1167
8102
3753
6355
797
7205
4892
1944
6533
4727
4080
6547
1076
123
7243
4112
5833
1794
4340
5647
7788
8080
568
5847
6819
5718
1005
1685
1277
7216
7000
5049
3717
5609
3103
5311
6790
7022
2306
6493
3797
6104
5896
5288
255
1279
5192
3364
5384
1522
2467
3642
794
3417
4745
927
4314
8052
5053
6889
5196
4024
2183
2622
3763
6627
2319
962
8124
6314
2980
3990
4645
2843
4339
6307
263
1522
5492
4427
1536
7613
2597
3806
6172
5493
3337
2126
7511
3206
2460
5468
3267
4087
1272
1500
1246
3132
3062
4728
7616
2183
6638
2168
2158
1631
2063
1584
254
7028
6150
6469
7915
4771
614
7723
4788
5303
127
1537
489
701
3933
3267
836
4107
6359
784
6564
6291
624
620
6755
8119
2930
1555
6090
1593
6989
3120
6000
4479
2860
2279
7788
2219
7256
3045
4851
1534
4905
4516
3817
6049
1436
5003
4737
7137
189
6627
6078
4131
4869
8146
3955
3133
1402
6268
7823
5514
5338
5874
6510
1852
201
1465
4698
5248
7736
4361
921
2135
1804
3267
8162
4905
3566
7773
1359
6538
2427
7315
5603
6767
4115
5621
4078
4483
6923
3994
137
2092
7086
4615
2500
6124
3720
4570
4007
7012
2491
886
7613
7816
1681
6027
1169
1563
2508
3144
935
5947
6022
5159
2020
2073
7133
3724
1874
6074
1891
6283
5531
6616
6843
2708
3968
1825
2843
1699
4600
6497
7488
3196
3588
3571
16
1677
3367
3101
2993
2616
454
4037
2029
5994
2305
6425
1670
1633
833
2930
305
4344
4813
7327
8086
254
1023
2610
7584
7586
10
5993
39
6973
1508
2768
1216
5523
8105
6555
4642
1692
7839
3968
4771
2275
3815
6741
6594
7426
6964
987
6719
6686
2149
5166
1797
8184
4545
1740
2063
7823
5636
5844
5730
1111
5505
518
7942
1799
5350
3793
2488
6204
3706
3162
7426
4167
4750
3229
2429
5119
356
2943
3631
3439
7408
5608
3298
1245
1786
665
3445
5576
2359
2626
4980
307
6735
2327
4793
2316
921
4830
2336
808
5128
5199
5811
5767
7037
7745
2869
3978
2619
5691
7967
1864
1942
2800
3962
5553
2793
2184
2041
3828
67
7817
5468
6020
7755
4170
8163
216
5252
5052
3062
7450
189
7260
6290
6848
3606
755
7306
1226
2276
7876
7293
6814
4008
6307
2122
6228
117
3541
4861
6190
1143
5745
3245
123
2826
4294
4
4101
6817
610
7817
2621
3215
387
3546
7449
839
5170
6913
3623
492
6437
6925
8120
660
1115
3544
6831
3237
5581
722
7311
5133
6804
1929
4685
6299
3738
6080
6814
7409
2993
8004
6875
1959
7366
6476
3836
5179
51
7082
3606
206
3510
1544
6983
4744
6246
6090
623
6074
4791
3326
684
1417
3493
3706
2539
1670
2946
3595
7285
130
7757
4744
1027
7623
6244
3611
2190
7881
4512
6723
5848
7510
3636
2576
2379
1314
988
44
734
2427
280
1279
5155
3771
4862
7287
407
2586
5733
4405
5265
931
7058
4786
6615
5133
4862
7058
7512
6896
5562
2259
3190
7711
3189
6700
263
1141
5704
8098
3324
1285
6058
7109
4422
249
2529
6352
217
3381
8056
794
1256
462
5159
3710
4387
6450
5709
133
2313
2384
6033
6805
4838
962
6116
7210
8187
5521
1104
5306
2897
5163
7159
2975
1942
5332
591
4641
7884
7975
1692
5027
4506
4362
1272
1272
6700
3968
7176
2177
539
7426
6246
5311
4868
1980
5055
8162
6147
2462
6291
1342
2658
4578
6188
7551
2057
1821
1942
3793
3851
2501
4125
1791
2352
8004
4241
7732
2283
2576
8010
2884
165
426
6398
5757
2769
3910
2597
3554
1684
5103
5709
5471
7777
3993
5351
7586
434
1896
7012
584
8103
7897
8163
1876
4606
738
2577
2345
2280
5390
1363
6015
7209
7499
1591
1147
4999
646
4029
7290
633
956
6141
2260
3482
626
942
2441
7748
8117
5873
5284
5272
5875
7747
51
5170
4421
1923
1785
2826
2633
640
5166
263
6777
4344
7201
1652
6780
2609
6380
3720
2968
4707
3257
1414
7966
951
1789
2525
1243
3055
1886
2152
6430
7824
2301
2058
6087
7282
5653
1742
7211
7975
6147
2418
3920
6172
6330
2637
734
4665
4430
249
7688
7110
1467
859
7764
3347
2121
591
4340
2956
5794
5168
6552
1719
7960
6676
7630
5521
6599
3580
5875
3488
7025
6932
7747
3788
3236
4719
956
4282
1452
6868
1800
5035
8092
7658
4397
1291
4435
6020
4009
194
5710
2042
4346
1248
186
4855
5763
3933
7113
4046
7150
4589
7636
1653
3554
3933
492
7375
5492
2271
3684
3391
1087
1900
2945
5701
137
2059
6229
4678
6724
1241
1453
3443
979
8075
5739
6836
7131
4521
5048
2238
7283
7323
2280
1861
5876
7757
1703
999
2629
2836
7303
382
1768
4467
1760
7860
5530
2628
920
1024
2009
7171
722
742
618
4546
5403
1546
3851
2576
1105
4120
6761
6827
5403
1347
4606
3232
5921
1356
4029
2279
6681
384
6752
5102
7753
5627
5113
731
