0
0
0
8
7
0
0
2
9
1
0
0
0
0
0
0
0
0
0
0
0
9
1
1
0
0
2
0
0
0
1
1
0
0
0
0
0
0
0
0
0
0
0
0
0
0
0
0
0
0
0
0
0
0
0
0
0
1
0
0
0
0
0
0
1
0
1
0
0
0
0
0
0
0
0
0
0
0
0
1
0
0
0
1
0
1
0
0
0
0
0
0
0
0
0
0
7
0
0
0
0
0
0
0
22
1
0
9
3
6
0
0
0
0
0
1
2
0
0
1
3
0
4
1
0
2
0
0
1
0
0
2
0
1
5
1
0
0
0
0
0
0
0
0
0
2
0
2
0
0
0
0
0
0
0
1
0
2
0
0
2
0
2
0
0
0
0
0
0
0
0
0
0
0
0
0
0
0
0
1
0
0
0
0
0
0
0
0
0
1
0
8
0
0
0
0
0
0
0
0
0
0
0
0
10
7
4
0
1
1
21
5
0
3
3
1
2
25
1
5
1
10
0
0
2
3
0
0
0
1
0
0
0
0
0
0
0
0
0
0
0
0
0
0
0
0
0
0
0
0
0
0
0
10
0
0
615
1272
3572
229
7156
372
5259
4783
7437
7652
679
4291
2464
988
3535
2602
1816
2922
1029
2419
4070
1631
4465
1105
7726
5999
6330
6649
61
3244
4106
2558
16
5344
7623
504
7226
5374
5514
5821
8064
683
1459
7607
1532
6811
3236
6425
3430
3221
4429
6389
1770
5482
6139
3420
2892
1836
725
1956
1046
2614
1430
1944
1638
899
7639
7773
7811
2750
8103
7672
5780
7494
2049
7706
8119
2621
6982
3338
7512
710
2818
4890
5224
2405
4521
7287
5867
2836
657
2525
852
778
4881
1031
2104
7015
4635
6950
358
30
6083
6670
4899
1606
1581
4109
7952
3179
3172
8059
3884
610
7655
1392
5241
757
581
8023
6321
6369
946
6268
1217
3469
6980
807
3445
7825
7592
3391
4667
504
852
6830
3777
7885
4361
7336
3820
5522
2955
1176
4808
3014
6757
4772
6605
3606
8006
4140
289
4521
1997
3167
6139
6060
6972
5185
514
5790
2530
5302
6740
208
7915
7178
54
6361
4492
2991
1773
1189
5162
3706
6494
4929
2834
7307
2053
1006
3986
1607
1185
2370
7723
5896
6831
6000
5290
3816
1217
4291
1581
1748
3358
5475
1748
7619
778
2558
4221
7360
4078
3919
5515
7488
4187
1088
624
2014
1626
2647
5982
7413
1241
2123
5093
1010
2453
3736
5982
5877
2372
174
2950
6821
232
7098
4950
4359
2679
8160
3247
1578
2673
7549
382
3472
2224
127
2038
4167
1387
2339
6660
1639
2057
1182
5432
6913
460
3235
6243
5576
2410
2496
7583
3196
6262
2106
411
852
6135
250
7453
5303
6610
3261
7144
4437
3606
8074
6627
6528
6236
718
2405
3051
649
6000
6889
1245
3501
4027
5738
6706
1836
4692
2679
6737
1275
2520
6327
7910
6593
61
4950
2802
2897
2058
7718
6675
1847
7068
1300
4996
893
7858
2540
2022
324
5037
2737
1048
3742
4898
62
6139
8048
6902
925
5266
4397
615
2152
615
7296
4390
6989
1849
8125
6918
7963
6163
6486
2224
3366
6801
8119
7751
1642
5226
4491
8128
7110
4689
3609
531
7178
5000
2843
7064
7926
5689
4348
6660
3046
187
2068
5902
4835
4136
3882
3183
7290
8096
5313
7307
754
7068
4262
2882
6205
4702
4554
6124
5107
6222
273
845
1836
3413
1849
255
1414
2244
5892
1012
3956
4421
6964
7116
6076
5522
3945
3794
7818
7817
7146
2722
3605
856
1668
7449
3387
1455
2783
6921
538
859
4516
4202
170
169
297
5731
5326
5748
3836
3776
1482
1622
4208
1695
2920
573
65
6006
7027
5315
6345
2834
7477
1984
4258
5158
5376
7107
1903
6194
2735
5705
5531
7033
5736
5220
5066
2772
973
5132
1135
7667
7760
7446
2834
7611
7873
4450
6172
2311
195
4957
6768
6923
5803
8026
7425
3536
2123
1372
6905
1995
7605
6723
1468
1824
7396
7654
3911
1722
4078
5832
3761
944
2160
2003
3382
1605
3960
2671
3778
2653
1326
7111
5625
4325
5370
5313
60
6292
3475
5801
7642
7840
1018
7291
7616
6817
7681
7575
7258
3128
1460
674
5801
4618
1734
368
2446
1259
6759
5374
1581
2740
754
5144
6437
5495
2069
6575
7740
4975
6104
3120
5971
3531
4680
7727
3334
7677
5353
811
6228
4708
3790
4702
3358
3594
1834
3386
14
4261
30
6791
1534
5276
353
6254
413
5233
687
4444
5438
2010
4372
1769
1621
7910
7781
8030
1223
3918
4088
4609
209
7497
3447
3167
5147
4255
1699
1965
4049
2780
7484
1275
4577
6849
3724
2439
2246
301
4706
5052
745
648
6742
7640
5482
5232
4353
5161
170
806
5461
5283
7868
1023
8093
7506
3037
6003
5102
2868
4150
4448
3702
4814
51
5303
4875
6726
604
7631
4991
7329
7481
961
2382
1809
2328
8092
7527
727
6227
1849
7491
3162
7910
4596
1466
1587
2986
2868
6121
7453
8190
6005
7935
7146
3953
1260
2161
4282
5088
4721
1251
5303
956
6985
6762
7030
2972
3732
5322
2127
5944
896
3106
3443
7661
4009
5725
6541
4242
4448
7321
3177
2684
6846
2993
1223
780
5702
4803
2221
7514
3241
1853
5164
6479
2160
5262
1806
546
5385
1415
5343
5007
6484
450
45
1620
1118
5255
3007
5840
4100
7006
7405
6262
2704
1738
4719
7446
752
6521
2276
3939
4635
3203
6875
50
5306
3334
1336
5315
7894
8077
2530
4147
3589
1029
3995
4491
8021
1270
2336
4693
6152
5948
478
2130
6885
7077
2430
5745
1147
4543
1094
6918
7961
5303
2169
5203
4024
6955
6657
2859
504
5290
3754
6768
4830
7210
3631
6289
4120
6768
3747
1345
783
6060
5412
7570
4868
336
6716
7274
2189
5198
3177
5644
4596
2460
2928
6812
609
4497
6760
1406
3551
2831
4315
4934
5419
3004
3656
261
3742
2918
4175
5279
5579
1808
263
5104
5321
1063
4159
3879
5847
3601
7496
4486
7893
2519
2315
2310
4490
2021
7478
7985
3635
4568
7134
4007
2015
7852
811
201
4029
899
2448
3715
6310
4479
7527
7887
3364
5040
179
4230
2315
1104
2444
7129
184
3825
5440
7107
3243
3146
2749
4108
5024
7980
4118
7583
7910
6720
4545
4667
4578
1660
7072
4352
1488
1473
1265
6325
2303
1586
7129
6351
5463
6145
724
7409
4570
5175
5766
7200
6107
4648
2189
4823
5470
6872
5975
3115
2934
4340
6289
5731
5324
5071
5708
4099
2626
4933
7384
4412
4007
7311
7824
1685
181
1641
829
5870
1725
7854
6685
594
6871
455
3546
702
2513
1800
7583
5434
3684
4164
5168
3849
3875
4568
4441
1750
2280
1567
139
3980
1281
2080
438
1322
2425
5533
3658
3853
5422
8163
3724
2412
3267
474
1651
491
6845
5214
4067
7980
6167
6963
7679
6737
7982
2558
1979
2137
4236
3106
5031
1989
1105
1776
8023
3148
6068
6780
4201
5717
2347
6865
3131
6063
6192
5950
1534
7784
6777
525
3480
1467
3405
7482
6945
6708
536
1488
4164
6989
6417
4546
3196
1680
2016
5149
6012
4835
6568
7270
3558
4234
7884
5353
762
3011
6348
631
4964
1241
48
2376
3482
5714
759
2308
6791
