0
0
0
10
10
0
0
1
10
1
0
3
0
0
0
0
2
0
0
0
0
0
0
1
0
0
0
1
0
0
0
0
0
0
0
0
0
0
2
0
0
0
0
0
0
0
0
0
0
0
0
0
0
2
0
3
0
0
0
0
0
0
0
0
2
3
1
0
0
0
0
0
0
0
0
0
2
0
0
0
2
0
0
0
0
0
0
0
0
0
0
0
0
0
0
1
5
0
0
0
0
0
0
0
26
2
0
10
8
6
0
0
0
0
0
2
2
0
1
1
0
1
5
0
0
2
0
0
1
1
0
1
1
1
2
0
0
0
1
0
0
1
0
0
1
1
2
2
2
1
0
1
1
0
1
0
1
0
1
1
2
0
3
0
0
0
2
0
0
1
0
0
2
0
0
0
0
2
0
0
0
0
0
0
0
0
0
0
0
5
0
7
0
0
0
0
0
0
0
0
0
0
0
0
14
3
7
5
5
1
32
6
0
2
8
4
0
21
1
1
0
13
0
0
0
4
0
0
1
1
0
1
0
0
0
0
0
0
0
0
0
0
0
0
0
0
0
0
0
0
0
0
0
10
0
0
8143
6258
2896
1209
3777
721
2175
3071
4484
6384
4100
5412
3454
2513
631
5650
1593
3071
2896
5112
4698
3071
1269
5214
948
411
2896
2896
466
848
5778
3389
3585
592
7868
4233
211
7451
6320
7986
1672
6384
6796
702
5403
5661
5214
5129
3260
1133
4155
2130
8030
6258
3071
7205
5579
4708
2662
2478
7479
6954
4175
2441
1593
7781
1929
1279
6639
7405
3207
4575
5756
7916
3304
6535
5735
4892
2958
4952
6553
5124
5741
4190
8058
1787
2896
7344
3252
2533
4092
215
4152
202
3942
3352
1049
3475
5279
845
7405
536
4053
4167
1627
6717
1074
457
760
1541
8000
3581
4934
446
1440
2110
6769
138
4146
7894
7029
2896
121
4647
2896
4419
3741
4448
5412
559
2610
2166
7545
6128
4388
8022
1888
573
4942
2716
3055
805
2383
527
1101
2281
2293
1048
519
7300
2285
7173
7986
4575
6198
4664
5540
5107
3625
3504
1824
7070
6481
5214
1244
2787
1334
2920
1505
5942
5557
5621
5356
5300
6275
2902
6189
2950
7578
1670
3051
3361
8030
2494
4233
6587
3287
2918
1209
1969
3071
7015
202
4670
255
4698
4365
5761
2753
7610
4601
6504
5673
6361
3812
933
61
5235
74
4300
1440
6496
4426
6983
3678
5285
8143
1550
4475
7246
4070
6481
3942
7063
437
1664
4055
8025
6556
5675
2219
6137
5228
5812
1792
7011
5924
3946
5527
5092
7835
8071
8081
4153
75
4926
8074
4712
3071
45
702
7901
5292
5403
778
7484
5945
6371
2377
6320
4530
747
2208
7552
2360
6064
3795
5398
4005
3712
2791
709
1523
3046
2685
6035
1025
3753
3886
8025
1053
5220
6252
2325
7304
6481
525
6548
673
5368
3728
6417
3631
465
4263
6504
5837
6962
4456
5210
4308
6403
5938
779
2835
4207
4178
5761
4944
5448
5486
418
1774
5650
1776
5623
7419
5129
4089
2889
550
5224
6259
7645
33
3075
908
6691
6578
6029
6496
5509
7733
4924
423
310
7232
3101
5999
3421
1522
4542
2752
5361
5412
7884
14
3722
2860
4094
643
4442
967
1188
3694
5933
4158
8022
5402
6990
266
4725
4240
72
7739
3049
145
2894
78
4816
4607
3864
126
1699
1661
3029
5220
1672
2541
606
7816
7702
2496
5112
4778
6911
62
4741
301
5438
3099
2581
2887
5765
5004
5590
3812
6560
248
3986
317
6573
8166
6503
7008
2766
6193
5782
2777
5661
5116
5650
4484
2831
2257
2586
931
2697
4651
7443
1645
2877
7394
3118
3024
6650
1436
5372
8027
910
6710
1137
4209
913
5091
3941
2581
2952
7503
6959
3266
12
5230
434
5561
5129
2831
6060
6850
4027
3007
3713
5836
1553
4040
5526
3495
2654
4661
5767
1735
3118
1862
6474
1479
1760
2550
2677
1440
3859
7024
8067
3225
4907
1252
4207
7575
6135
4499
2562
3570
7524
3134
3109
6682
3055
1476
4978
2589
1581
2243
5867
852
5856
4702
2272
126
2973
5057
5675
1982
3434
2407
6060
2867
7453
6590
1746
3625
1879
5744
486
48
4449
3263
5143
4001
3853
2506
901
586
1989
2190
3789
684
3286
1775
7464
6253
4722
4232
7078
4749
705
4617
4207
7882
7408
7596
7628
4845
3438
3610
5071
683
6009
6778
1734
2581
4951
3654
515
6959
1473
5264
7853
6262
857
1667
4566
7123
3381
1382
470
6490
109
5853
7571
7910
4237
3287
8055
1863
7205
4146
5283
1928
16
8064
7053
5340
2210
380
6758
4434
8023
8048
7600
1965
6303
3197
3780
1085
625
527
3164
747
229
273
3742
2547
7399
6795
7584
1664
8188
5687
3068
1236
331
149
355
4703
1835
6365
705
5927
4426
6720
5225
1168
7302
5867
2226
3678
2225
1740
8048
4833
3150
3562
6292
4531
7573
8004
1302
3916
3668
859
5079
1047
2850
2276
4390
994
2601
2308
1137
456
5394
3325
1468
994
1346
5567
5811
4950
6731
6439
5931
1563
7184
7266
4273
2419
3742
3995
4142
484
1958
1589
1497
1067
133
7093
102
1185
2530
325
2949
1856
6659
1357
4469
457
4182
6292
6030
1445
7101
7825
8114
3546
1991
1959
2775
2487
2601
7642
2954
2120
7644
1961
5517
2041
6583
1947
4352
2002
3162
726
7073
4422
8105
1450
5547
5433
5276
7821
6962
4917
3509
6905
3536
8068
3850
2381
5577
2863
2244
132
6152
3152
5576
8067
5374
5029
5549
4222
258
5332
6198
4944
143
4733
2478
2420
6047
8176
6089
4167
1068
3639
2032
4468
990
1025
1553
5883
442
8173
1971
2973
750
4339
6936
5891
1029
7299
7039
5850
54
460
7057
1989
6069
3535
7587
1935
3632
7116
3783
5094
394
618
6518
4633
1971
3668
1167
983
3650
4263
3834
343
1228
6554
1798
725
3265
6307
34
3074
6549
6824
7563
7825
2716
2421
4290
585
777
7726
2905
6703
72
97
3795
2277
5527
7696
3340
4940
4424
5922
301
3642
6226
4390
1129
6351
6922
1534
6281
2634
6422
2630
998
3777
5931
7953
1538
61
6035
7398
758
98
5958
4377
4944
3650
8002
6217
2685
5560
5923
3197
4201
438
6000
585
5095
1721
725
3503
2671
3535
5166
54
3475
6824
460
1204
807
2771
4604
842
6403
3851
965
1485
3712
7059
618
7053
7138
4005
5936
6807
7324
4958
5833
2071
4619
2203
2558
7894
5043
34
8028
2663
4209
2894
5109
240
919
2884
2552
324
1971
255
2647
72
6121
5176
731
2973
325
3050
1670
5970
3309
6217
5111
2761
3699
3022
4387
1716
4056
6756
1928
2764
3748
6667
5438
7852
4285
4365
7588
167
6276
4255
4750
1199
8081
2277
1585
1473
2753
887
7710
6904
3849
4622
432
6082
7135
3428
5487
7548
5913
212
7691
743
3358
1967
3320
4040
2791
3413
471
6656
16
7096
971
3812
3434
7752
2426
3795
5000
6934
2506
5154
7821
3174
7849
2071
3505
6411
4874
1659
440
3684
5833
2005
4934
4464
2894
256
5710
1873
5340
2372
1548
4190
6690
3565
3812
4805
6594
2252
4017
7739
5398
7623
2056
3650
1962
1450
5767
4354
395
