0
0
0
10
1
0
0
1
10
0
0
0
1
0
0
0
0
1
0
0
1
12
0
2
0
0
0
0
0
0
0
2
0
0
0
1
0
0
3
0
0
0
0
0
0
0
0
0
0
0
0
0
0
1
1
2
0
0
0
0
0
0
0
0
1
0
0
0
0
1
0
0
0
0
0
0
0
0
0
0
0
0
0
0
0
0
0
0
0
0
0
0
0
0
0
0
4
0
0
0
0
0
0
0
25
0
0
10
6
6
0
0
0
0
0
1
0
0
0
3
2
0
1
0
0
1
1
0
0
1
2
1
0
0
3
0
0
1
0
0
0
0
0
0
1
2
2
2
0
1
0
0
0
0
1
0
0
0
0
0
1
0
0
1
1
0
0
1
0
2
0
0
0
0
0
0
0
2
0
0
1
0
0
0
0
0
0
0
0
0
0
8
0
0
0
0
0
0
0
0
0
0
0
0
11
3
6
5
4
1
25
7
0
3
3
3
0
31
1
2
0
12
1
1
0
2
0
0
0
1
0
0
0
0
0
0
0
0
0
0
0
0
0
0
0
0
0
0
0
0
0
0
0
10
0
0
208
8006
5715
7371
5840
4932
137
2217
4069
5278
3058
731
4067
7491
1414
480
1765
5385
6437
6321
5385
6366
5385
4796
2002
6358
5338
5726
7025
7706
7982
1534
7389
1631
7258
8187
1599
758
3510
3631
3504
5627
1767
1046
3806
4050
7743
3887
4129
2560
2663
3002
1965
3469
4975
845
1830
7982
7908
266
7679
3432
8048
5048
1217
932
6668
254
5906
5654
4251
6452
5975
492
7795
4804
4864
1086
352
1063
8146
6096
3160
2595
1600
6864
400
1591
1050
1009
6437
2030
3367
7187
4229
3347
420
4885
61
3849
6312
7053
6020
7279
5160
1834
4592
7068
5389
6814
7778
6515
7578
3531
7175
5550
534
7736
4343
2244
1600
3668
5193
6827
1598
5560
2825
4361
1532
1532
4491
2104
522
4400
1347
5227
7982
3521
7656
1622
7014
387
4995
6586
7266
6819
7473
2247
7730
3105
4092
7592
3650
1830
1217
5305
5840
5403
3258
7961
4390
3762
6327
4441
2463
7782
3186
4934
2143
5307
6133
6985
754
5621
2789
659
7850
3611
8150
6848
7082
6404
5017
535
2244
4703
5627
7210
5531
3762
5020
8190
5921
1062
3051
2538
4778
6700
2442
3161
948
6783
1530
4549
7519
1924
909
4527
7656
2101
2207
216
2234
7730
4860
5036
740
1830
7479
3153
6116
6076
3702
7613
1581
2949
1046
8117
4342
933
1100
7861
4747
5459
196
2752
489
2412
3476
512
7426
637
3869
1814
1930
570
3509
3563
6203
4858
3305
1937
1029
2558
3515
4896
5802
827
1709
3244
1581
7755
5629
1732
1942
7974
6286
3874
824
1692
196
6145
3666
84
1326
7594
1141
7082
8162
5442
6365
4934
2802
7745
2501
6346
6929
3821
5829
7942
7546
886
5896
6000
4491
3740
5459
5564
6461
3239
935
3101
4882
6235
4971
3617
881
6780
6425
6758
3603
6814
1572
4150
4084
2948
227
4086
4354
8190
4881
3934
978
6535
5244
7861
2948
1029
7705
5550
3745
7557
4814
7342
4610
1996
1563
6194
3392
6273
6177
6904
8029
594
6581
7956
852
1248
2442
6389
7827
6082
7211
4070
6656
5731
8137
90
1492
3320
684
5234
7439
2536
7091
6794
5004
956
5832
7457
1246
7676
2039
5504
6982
1848
1582
1003
1124
6700
1924
7887
3196
1767
132
5921
8064
534
1494
7706
1019
765
4137
3689
113
6808
7425
3028
7881
7537
4802
6149
4409
5327
3850
5732
367
833
3443
3455
1048
6389
6759
7585
5128
4251
1046
5731
4521
6634
3755
1818
5244
6081
6375
1013
2360
240
1726
2393
1203
1815
2753
650
1902
1092
6359
1743
5434
641
6168
6473
715
999
6722
1706
163
3403
2547
6437
4270
144
5533
1086
2551
1253
4905
7104
6493
3142
4490
58
2859
524
1217
5523
1914
3353
6090
1127
6199
6476
5981
2762
5364
1581
1818
550
2830
2780
4355
3995
5354
1261
7864
5389
7747
7119
3979
3873
944
107
2475
51
2976
6120
370
6199
539
7055
7935
7704
7803
1995
6177
2143
8018
2419
731
3647
3271
1680
2459
7143
1148
6841
6133
113
7543
1964
5956
3330
6928
8131
5331
6412
1741
7991
7438
3460
3150
5004
2568
4687
5934
3729
5235
7732
6665
5934
486
1686
7434
2560
2181
1379
327
3195
455
1008
3177
1484
1400
7009
3869
7611
8175
5642
4161
6270
2707
4483
3648
2158
2020
6408
1601
8073
2130
1570
3355
754
2445
4360
7450
5743
684
243
4332
4184
1990
754
4223
5657
4126
2621
5448
6716
3791
42
893
4764
3330
7526
849
754
2858
2909
5379
7538
3401
1709
6022
8085
7307
7290
1616
3850
7788
2957
3927
7655
1914
6719
4362
4410
3292
3896
7676
1633
6133
3202
2812
3502
690
5691
6256
7865
1481
836
216
2846
310
4580
1089
5709
6861
7315
5550
6262
2791
7210
3740
7427
7562
5876
6097
322
1601
5339
5096
3611
6848
1233
4974
5228
2579
5307
7489
4807
2397
5681
5904
8047
4280
2130
7371
7601
537
4039
3411
3927
3077
3469
320
3934
3934
7099
5721
6200
2782
2278
2523
3563
2897
6848
2681
4467
7307
1246
6157
8125
7311
7966
6985
7630
1398
3455
5896
4280
5550
2158
5806
6405
1856
6321
6128
4027
3631
7101
3309
4275
3554
7283
8005
1853
7287
6676
4145
343
1260
7287
5709
594
5995
4461
4215
7172
5644
7827
47
684
7259
2798
4007
5385
3085
1713
2389
702
4934
1307
4090
205
1018
7824
6244
1027
1601
3763
2870
4640
7287
2790
5803
6719
3243
6194
2058
7627
4270
6437
2501
225
6321
915
61
6000
7980
4640
919
2308
5140
210
3684
2621
78
2733
7290
881
5413
7537
6626
1322
5589
6814
1202
5698
3828
6814
7842
2488
1491
1024
4017
3969
2727
6737
54
7692
7587
1650
531
1046
695
5492
5842
2616
6340
3119
5694
7407
3392
3083
4457
1081
735
7850
7082
7526
2432
3994
6177
4279
358
4099
3702
369
3667
3659
3134
5731
2354
3381
632
7688
1003
5332
6082
2247
1700
5876
2468
3027
6179
4154
93
2523
5293
2536
5657
7879
1618
7528
4167
89
1124
779
686
5748
1834
7877
3681
4022
5682
8099
5580
3621
6514
6321
2995
1145
1203
7410
4663
7101
719
1342
5717
1027
1145
3411
4456
8146
5508
2770
1062
5911
7294
5829
4368
6415
1979
6141
4374
4022
6322
7180
6066
4962
2956
5915
34
3599
8084
5186
5984
7487
6274
5550
4839
603
3411
3918
490
5741
2260
6357
3144
6139
4303
4042
5693
4847
1048
5742
7575
2626
6720
3969
4350
1661
4190
2422
3470
1021
4255
2135
2457
250
5591
5662
7366
311
4704
4938
5833
4727
1489
1236
686
5332
331
2369
6254
6733
6252
4481
6795
30
7679
6167
6533
3824
8046
2576
320
5722
5921
1534
5933
3443
396
4361
927
5727
310
4140
7844
753
7520
434
4452
3755
4441
1017
5732
1039
851
1824
5232
4602
332
4022
4962
1046
2135
61
7357
3608
4852
2349
7113
3980
137
4194
4796
8014
1029
4525
7811
4294
4525
2799
919
460
7827
1589
4266
1929
4618
1140
2948
5024
