0
0
0
9
0
7
0
1
10
0
0
1
1
0
0
0
0
1
0
0
0
0
0
0
0
0
1
0
0
0
0
1
0
0
0
1
0
0
1
0
0
0
0
0
0
0
0
0
0
0
0
0
0
0
0
3
0
1
0
0
0
0
0
0
0
0
0
0
0
0
0
0
0
0
0
0
0
1
0
0
0
0
1
0
0
0
0
0
0
0
0
0
0
0
0
0
6
0
0
1
0
0
0
0
21
0
0
9
5
3
0
0
0
0
0
1
1
0
0
0
2
0
3
0
0
5
0
0
2
1
0
1
2
1
8
1
0
0
1
0
0
0
0
0
0
6
1
5
1
0
0
1
1
0
0
1
0
1
0
1
2
0
3
0
0
2
0
0
0
1
0
0
0
0
0
0
0
2
0
0
0
0
0
0
0
0
0
0
0
2
2
10
0
0
0
0
0
0
0
0
0
0
0
0
11
2
10
4
3
0
27
8
0
4
1
0
3
21
3
3
0
12
0
0
0
2
0
0
0
1
0
1
0
0
0
0
0
0
0
0
0
0
0
0
0
0
0
0
0
0
0
0
0
10
0
0
1850
1177
4582
7706
2543
496
2887
39
6217
1677
5786
7825
2603
7717
7154
787
4229
5853
102
2923
7746
527
4391
6338
5345
3627
7503
3736
4940
5738
1357
6626
7376
5097
1609
1472
5792
8018
3613
4273
5898
6450
94
1898
5640
4173
6703
7136
3086
6309
5118
2434
7811
854
7824
7154
5227
1440
7237
2116
5355
6144
1466
964
4124
7912
2830
5738
3639
990
4858
7029
2863
4173
2889
7614
3985
4406
7800
3085
7079
658
6183
94
5184
4645
1463
1589
6914
4856
5790
4229
7821
2577
2118
2544
5449
6476
5475
3641
679
4457
1570
4536
7803
7274
4641
1273
5182
3963
5917
3844
3376
5528
3517
3693
6631
3748
4050
2039
6389
787
316
6474
7384
7560
2364
4000
8040
2400
4357
2591
8152
3261
545
6757
7388
4289
4920
6315
970
2572
6723
5138
6994
2139
6632
3122
5373
6613
3680
2216
4069
4467
2023
2260
6438
6425
4731
963
519
3263
5228
5118
6808
7213
3612
2691
7720
6282
5230
3776
4323
7201
4784
1273
6816
5535
4101
5064
2445
4806
4356
4940
5015
4005
409
6513
5549
5813
1716
3812
4345
3740
6263
370
3759
4138
5284
357
6433
5843
1184
3122
4585
6745
6616
3916
3612
6676
4535
5659
1466
1706
4044
5951
6327
4840
4129
6061
7785
5123
8021
5741
1378
1655
237
7183
970
5496
6745
4904
5496
1360
2600
3446
4435
5267
6315
8055
437
5479
8095
3982
6551
4896
2893
2251
1570
2244
3156
1025
5898
3777
2015
6789
5222
7514
769
4740
2397
1898
1208
4214
3638
4554
937
2397
2837
6519
6150
7716
1841
2443
8099
5967
4323
2090
5323
734
6352
1077
3384
4322
4223
7309
3460
8127
6217
3265
2579
847
6225
1208
1069
3478
772
6370
2129
5284
269
558
7702
3063
5075
1031
1511
3714
5474
4138
3548
1788
168
127
5284
4864
2863
4467
2246
1048
5649
7125
7366
4443
2759
4515
1678
357
7467
514
2314
1208
6519
5104
3700
2643
2978
2941
885
7005
2985
755
6723
6745
6433
7308
5361
4000
2785
7432
2373
4998
7393
943
4285
7978
1069
1208
941
1567
5444
8011
1898
3770
347
7702
1230
2406
3081
4535
2785
7075
3652
1782
5548
1894
2198
404
68
3677
1567
7479
6907
2100
3161
7038
4858
1658
2569
5018
2485
1208
4289
7866
5291
7556
5174
5348
6631
1208
3895
762
5284
4435
5501
113
3509
4983
5967
5182
549
4946
2267
4756
7388
2863
4639
2787
5738
7821
5613
3244
67
5820
5071
600
357
2889
6203
5967
1812
1377
1377
381
206
1697
7627
1628
2158
2314
4967
6914
799
2643
3221
5747
1031
1950
973
7441
769
3891
8043
5989
2357
2837
2662
4698
7213
6170
1567
6616
6557
734
5505
2021
1326
6748
6591
6929
6066
1817
7717
5232
1167
3789
6042
2753
5125
3129
4899
957
1817
419
1947
1543
4784
4061
5254
5986
5115
7131
4641
7388
2534
937
4993
381
1310
4400
4741
7441
2720
1453
204
7503
3996
6618
7154
7443
943
4815
3847
1686
74
4891
3140
1208
5155
2747
5347
6726
4543
4856
2361
6672
8099
6750
7582
572
3317
2960
7682
6535
2863
5742
2772
4940
1436
6436
5567
2391
2954
4583
5567
4703
6816
4904
5775
4357
550
370
6415
6774
6959
2448
4632
1550
7998
825
3438
5844
2846
1088
2336
7517
3980
7681
1349
1089
7382
7171
868
7303
5878
597
1367
6365
553
3012
3268
2391
2766
4391
3191
285
6706
6087
1402
2684
7614
3453
1791
1018
4440
7231
2482
100
2277
4538
1079
7177
4776
5097
7976
7588
3255
3996
1
911
2603
2721
6688
2128
2962
2863
7512
4346
4652
3403
3879
8112
4445
5215
4506
2472
3567
1208
4570
347
958
5128
3668
5739
6613
6183
7913
4173
3845
4022
1058
7078
1040
5791
859
5707
1025
5898
7998
2040
6784
972
2482
1115
3880
3895
6816
549
7981
1858
2485
347
4655
7726
6365
2364
7784
7855
4126
6792
2764
3962
522
6556
886
6972
7407
5577
217
1182
2472
5260
4435
3612
7799
5466
4435
6225
5535
3770
8057
2291
562
1208
6383
3850
2717
6513
1692
4766
391
1642
4406
5241
7146
1433
3442
4273
5662
6559
974
8014
7702
5251
7429
3770
3526
1119
1284
353
7981
4655
751
6443
7743
1730
5599
4005
2926
889
4426
672
6490
59
5662
4571
632
2392
3597
1686
4173
8073
2205
1708
6638
5182
3985
751
2529
4664
5614
2324
6638
1788
4535
5496
7702
5825
206
1584
6263
1287
7300
4352
854
4481
1406
1958
679
5796
6952
2235
6450
6365
4173
1708
6631
269
596
4248
6816
357
1782
2295
6399
970
3317
4450
5677
1156
79
1522
3644
2602
7913
1522
4431
6493
61
7184
4389
3077
3850
6309
7154
2540
675
2165
2643
6616
338
2867
5291
7748
6123
1069
5967
4976
4655
1681
2420
4658
7297
3288
3913
3412
756
4740
1366
3055
203
15
819
4971
4931
400
4452
5762
3353
6363
2296
5267
5267
347
1788
2198
7595
572
1608
6790
718
751
2198
8117
3317
4218
2272
2143
7639
2791
7618
1651
4096
116
5577
4655
8113
5593
3527
5682
3299
178
3442
2941
7193
5291
5182
1176
1690
6315
3714
2114
2941
2837
4696
6336
4624
6263
145
3222
842
5662
5985
7746
5698
2238
5577
2023
6583
4330
4896
3191
4429
4357
2972
7534
6631
6557
1644
596
7144
6616
7695
410
6616
6914
562
7702
4302
5403
5118
5202
7194
2284
6777
1089
7177
7346
5764
1884
4412
4759
4623
702
8127
765
275
6174
6631
6557
7534
2357
5019
2837
7702
1031
5951
102
75
5228
574
5057
5118
726
258
5382
3763
693
8158
4259
33
456
226
2915
7263
7422
5146
7922
1850
556
6443
1898
7534
3667
6513
1291
5967
6398
3271
5640
1880
5168
5836
6309
1010
5791
2407
7163
1965
4618
7629
2965
5679
4354
4726
399
8034
5730
21
5704
4429
3642
2632
719
8137
854
4806
6263
6210
4019
4806
252
4846
556
111
3384
5662
5954
7145
3191
1348
5532
1631
2284
