0
0
0
10
0
2
0
2
10
1
0
0
1
0
0
0
0
1
0
0
0
7
0
0
0
0
2
0
0
0
0
0
0
0
0
0
0
0
0
0
0
0
0
0
0
0
0
0
0
0
0
0
0
0
0
0
0
0
0
0
0
0
0
0
0
1
0
0
0
0
0
0
0
0
0
0
0
1
0
0
0
0
0
0
0
0
0
0
0
1
0
0
0
0
0
0
14
0
0
0
0
0
0
0
21
1
0
8
6
5
0
0
0
0
0
1
1
0
1
0
1
1
5
1
0
1
0
0
1
1
0
1
0
0
4
0
9
0
1
0
0
0
0
0
1
3
0
3
0
0
1
1
0
0
1
0
0
0
0
1
2
0
0
0
0
0
0
0
0
0
0
0
1
0
0
0
0
1
0
0
0
0
0
0
0
0
0
0
0
2
1
8
0
0
0
0
0
0
0
1
0
0
0
0
14
4
7
2
3
8
25
4
0
1
3
1
0
29
0
1
1
10
0
0
0
1
0
0
0
1
0
0
0
0
0
0
0
0
0
0
0
0
0
0
0
0
0
0
0
0
0
0
0
10
0
0
6631
3372
6748
1940
4482
148
4882
4501
1108
231
5435
3632
2275
1541
5287
4592
221
3327
7949
7438
7449
599
2010
7692
683
5057
2467
8187
820
6015
5232
5187
4664
5826
207
382
39
2115
5254
6694
3035
2197
6274
6931
4512
7446
2919
1387
3563
1645
2079
3070
4032
220
1332
7373
2419
2419
6070
4194
4497
6441
3876
5057
6005
4353
3364
4640
263
6380
5838
7187
2702
1582
5052
5014
2846
5027
1018
3597
6676
2714
2473
6029
6767
4307
49
3122
7692
4020
915
4329
7048
4339
4349
4729
1217
7823
2029
3320
758
3898
6496
1297
4468
5565
6719
6504
6985
3979
4437
6494
3815
7817
6742
7783
299
4284
685
7677
44
7505
3995
2799
6983
7156
7061
1287
5374
2418
7188
916
178
267
6801
5901
7580
1725
3836
1605
603
971
3652
2473
463
3050
4697
2551
3652
7875
2549
1898
7211
4533
3405
5882
6849
1050
6958
7398
5810
7056
3416
6487
6962
956
7386
6786
6236
4624
6846
1691
6111
6113
3198
1261
3340
2738
8118
7346
881
7326
3603
3310
4664
7056
5682
777
4942
5128
1200
7211
4740
4570
1090
190
5859
4875
7815
2095
2473
2320
2393
4512
6696
7994
1516
7320
7450
901
7848
5195
7611
2153
2564
2488
476
91
3263
4533
5867
1661
3903
3056
1556
7056
7217
2488
4032
5318
7248
5696
5429
6048
4814
379
4154
7498
1173
8113
2669
6813
7677
245
3327
4967
6133
7634
434
4343
8190
4737
7243
3305
4858
82
4934
2741
4984
4286
489
1421
547
5967
3724
5123
195
2729
4121
125
5820
8148
2726
7360
5673
8173
7897
5481
4420
2353
4383
2119
6307
1556
156
4349
5374
8086
3405
1009
978
1086
5683
5812
6814
3392
57
4286
7668
1847
6312
3411
610
603
1924
5003
6581
3987
6166
3343
4630
2173
7289
1732
959
6776
3302
6475
5810
5456
3769
3051
2419
3563
1704
860
1123
3035
3062
2668
2476
3724
6452
1773
1121
6947
8013
7289
5462
4537
1100
6841
3222
2637
513
5653
8138
6307
4734
5374
3571
2024
4561
1929
210
5035
642
3135
3016
3070
7047
8129
1018
7952
7361
3116
641
2370
3001
578
2174
4289
2129
2637
1922
6856
7812
6464
5993
6660
3416
7757
6756
90
3824
7207
4533
4605
699
7728
4991
4138
113
5835
4664
7970
7068
5685
5246
3223
0
2048
6231
7931
2593
2021
1930
1491
6549
4533
1453
1430
4150
7155
5810
393
3405
2903
2558
3358
6508
5787
8100
3994
2858
5410
2381
1313
2320
2759
7938
7674
7734
2846
7864
5158
6148
3068
4165
572
1729
1898
369
2280
5476
4934
8174
4150
3161
7948
6346
4521
5092
4353
5715
3100
4702
7522
7297
4183
6017
6599
5278
4489
6605
1084
122
4238
4695
2054
7570
2061
4873
767
3347
2119
557
702
5095
1450
3995
4374
4946
4756
3208
2274
2296
5532
1730
3696
2274
4067
4730
5899
2639
7891
3024
7812
7187
4002
941
2759
1182
1565
2860
7764
5252
5946
2004
7012
1009
1733
5531
2290
5323
2638
7159
7764
8034
7569
4200
3890
1273
5230
3769
5504
1042
2168
243
7604
7604
8032
6429
580
3140
7213
6606
3916
347
558
207
3125
3766
1015
2558
7011
469
269
4713
4891
4923
4436
2467
7297
2534
2742
4418
2004
3700
6482
2054
4086
420
2759
353
1069
7961
7446
5827
1011
1926
2482
7812
1381
7763
5471
2754
6480
20
5251
4673
4841
8099
937
5417
1377
3880
6356
1351
354
562
1031
3930
2351
4537
4289
4547
3902
2593
2054
6814
4523
7072
447
269
6568
1624
5007
3826
4756
572
2534
4664
3254
2072
941
6421
1619
8044
2397
4030
4143
5535
5466
4844
6568
2485
1731
6470
7905
3830
426
1386
488
1583
7857
7763
2913
1386
7520
2520
2058
2759
4844
718
4028
5717
6899
4837
435
2643
7704
2485
5504
1543
941
6698
5150
269
1841
970
6398
6568
4140
33
2333
6282
357
6337
4946
2560
3391
740
7005
4437
1729
2837
4730
6534
6966
171
4539
4775
3081
6748
6787
7647
1284
572
5245
5174
3208
2963
6071
4535
3410
5362
7166
4227
941
2274
1747
7640
6141
722
702
1100
6574
2472
7684
5418
5506
6706
3698
6112
3208
6282
2370
4591
6433
3236
6357
674
572
302
5614
2007
4437
6191
4834
6429
1747
567
7852
369
4847
4561
30
3584
4264
5967
6433
3487
1721
4624
5484
941
6787
1069
2040
3559
1069
1543
3916
1938
6541
7695
572
526
7397
5495
7297
571
4683
1929
369
4700
4343
6228
6202
254
3413
5322
4329
1620
5057
5243
7606
207
2614
347
2115
972
4200
4655
1542
3351
3372
7614
5195
4972
751
5936
93
6925
919
5739
1820
6958
1600
959
5283
3210
5730
1395
1009
2684
5266
2691
7763
2600
3140
6429
2610
2314
572
7448
3022
353
7614
2054
94
4547
511
6401
7417
1040
951
7256
3025
7144
6593
4689
7777
4296
1413
35
6475
4274
7156
1516
7627
5569
7870
572
2686
6503
692
6191
6770
1031
5373
5846
7763
4563
954
3163
2029
932
3732
8135
4830
1513
3909
4274
6735
1854
3786
1009
4194
1765
5715
6307
5842
6163
2160
5479
4061
1273
6208
7830
4509
1834
6748
4082
7997
5232
1513
5265
5682
208
7398
2573
7196
1767
820
1713
6203
5150
6027
36
5715
820
5249
5402
3835
674
1802
2658
3785
1361
1284
5768
1812
6337
67
1535
4881
2916
619
3589
1032
3320
6321
6899
2884
5163
1893
3047
6332
3577
7757
1556
1733
6708
3720
947
2999
1839
2938
2870
478
1393
6299
2605
7903
7135
6735
2672
722
2483
7025
1588
7497
5975
1009
5595
3821
1591
3636
6932
5393
7745
6440
6247
3061
2031
5107
4353
7777
2219
7479
2682
120
4880
7398
4651
2152
1522
5531
4190
369
1249
6209
5265
2130
2915
4441
5921
5494
1245
3654
4778
3615
5476
2562
3960
3083
5376
876
4109
2856
2136
3665
3000
6985
1951
3893
740
4413
6583
4067
3588
6203
7199
5696
2749
5998
4771
1864
6958
35
1610
2336
