0
0
0
10
2
10
0
2
10
3
0
1
3
0
0
1
0
4
0
0
0
6
0
1
0
0
0
1
0
0
0
0
0
0
0
0
0
0
0
0
0
0
0
0
0
0
0
0
0
0
0
0
0
0
1
1
0
0
0
0
0
0
0
0
1
1
0
0
0
0
0
0
0
0
0
0
0
0
0
0
0
0
0
0
0
0
0
0
0
0
0
1
0
0
0
0
9
0
0
0
0
0
0
0
23
0
0
8
5
6
0
0
0
0
0
2
0
0
1
1
4
0
4
0
0
1
0
1
0
1
0
1
0
0
4
0
0
0
0
1
0
1
1
0
0
1
0
1
0
0
0
0
0
0
0
0
0
2
0
1
1
1
0
1
0
1
0
0
0
0
0
0
0
0
1
0
0
0
0
0
0
0
0
0
0
0
0
0
0
4
0
13
0
0
0
0
0
0
0
0
0
0
0
0
9
9
11
2
2
2
23
4
1
3
2
1
1
18
0
2
0
10
1
0
2
2
0
0
0
1
0
0
0
0
0
0
0
0
0
0
0
0
0
0
0
0
0
0
0
0
0
0
0
10
0
0
5627
2948
3443
4925
428
676
3153
4070
2229
1527
7995
7303
3651
5282
5206
456
1285
1680
1800
7997
7753
3504
797
7620
8046
4950
756
1699
297
3153
2603
7029
2679
3153
1994
7700
5584
1076
1699
6303
3167
2574
4426
3191
7012
731
1979
6000
811
82
3996
5627
6299
2806
6839
6824
5911
1288
7997
1304
803
4507
5801
8023
1527
5126
5382
626
2229
1619
7014
5250
3447
3530
5923
1699
7379
4273
3259
7613
2498
736
3029
1048
4491
5057
4466
1817
7234
2252
1651
2242
6517
2356
1818
6076
7493
310
2112
1535
2621
5876
2910
5694
4960
1489
3172
1348
7277
3893
1989
8155
1979
6639
4887
2894
7518
3066
626
4372
6973
7816
2761
6220
4418
7976
7885
4011
3263
6948
3463
7554
7307
1876
1069
8052
4086
4271
5815
6416
3759
2405
26
283
5232
5482
7196
7014
6980
1624
7611
4004
4578
933
705
536
4781
3455
8105
960
1236
1989
4207
5460
3479
3446
5390
2627
6443
733
7539
2691
7102
1832
1360
1600
1988
5210
6909
2101
278
1968
4032
7116
3748
6592
3888
5402
5427
778
7806
1364
2354
4806
5999
7849
4486
2412
3895
2314
5565
1110
40
1708
3982
3062
7865
3326
1206
2053
4807
1426
3330
4928
1616
4401
732
780
3335
4308
2729
3158
4840
4330
6548
7064
4743
7829
4221
3367
7388
1702
7705
6106
362
4437
6964
1725
6789
6778
7259
3637
2900
1626
2445
8115
7439
4606
7439
1743
5068
4038
5690
845
2459
6000
5629
6189
2271
7604
1086
1794
325
613
1377
7017
4033
4418
5659
7615
2545
2564
8101
6298
2627
4890
3317
6057
2187
5052
173
4024
3918
188
182
5222
5830
1942
5335
3158
7816
1591
6757
4362
5808
6918
1351
7169
6558
6582
704
421
5146
6410
4123
6814
6486
5370
692
7502
2723
2295
5011
956
8066
4111
7433
1699
5403
5803
6000
5408
823
4035
570
4933
3584
865
4369
6955
2547
7997
3585
4319
1716
3193
8099
6745
923
7656
5986
3949
1258
6109
4280
152
4138
5557
1847
1479
5185
8028
5011
4696
3043
2832
7060
160
1584
7336
2389
4493
5185
4352
1961
7218
323
2881
3638
4295
7704
734
7134
3371
1711
4022
7507
4980
127
2853
377
4238
4356
6264
2735
2643
610
2413
7531
5833
5896
6638
7982
5608
5622
7557
3423
109
4707
6438
4746
6217
7143
7221
739
7138
5950
933
3043
7058
3866
2011
197
5668
7174
8152
6344
941
638
5211
2477
6471
147
3417
3371
624
6548
182
603
2178
1105
5744
2393
4696
812
1127
2042
3351
315
133
3351
2058
1226
7439
396
7781
7054
8103
2496
1748
8119
3502
7994
7715
5216
7804
5256
993
4827
2411
3298
6930
997
1580
7512
6088
2472
5379
2529
4747
4545
4095
4968
4212
4349
2139
6384
4880
109
3847
6000
3388
637
1597
4272
701
3081
1280
143
3733
7061
1473
7524
5887
1633
4226
3922
1169
987
3371
1777
7143
2948
1977
6925
3166
4489
717
2109
2663
1110
6816
6333
2412
732
7082
1484
6694
5730
2252
6436
4007
4202
7078
6720
2472
216
6994
5588
541
6860
1094
8142
4791
1647
122
5494
2443
6825
7184
1570
5065
4541
1069
4570
4599
6748
8099
1377
4696
5877
3644
3106
4820
1886
3750
3610
4019
1878
5113
6730
5820
4030
3589
7029
7620
3167
3930
2366
1980
4435
444
3642
1422
6486
2726
1550
4976
3136
6228
1208
1898
1009
1699
5627
4238
536
3486
1338
3059
1372
845
7500
2867
5354
1144
4145
5614
1597
3101
3563
6618
549
1377
1635
3002
7818
6631
6548
6674
894
5031
248
2354
1965
6451
1137
1046
7418
5107
5135
1543
6616
5667
5028
751
1457
7361
4176
7797
6056
2141
6813
4974
4760
5967
7060
4338
5716
7388
4542
1689
7302
1315
4482
1965
5099
5114
535
1193
1505
5019
337
6686
3916
4541
3369
6816
7342
4970
873
7580
2701
4411
5818
4942
1449
7903
1708
1929
4784
3941
6753
1671
998
2952
7924
1319
4017
4038
3966
1576
3115
3020
6723
2893
2485
6541
5182
6715
1000
5732
1505
4263
479
5438
2599
3605
2412
2837
2357
4302
3113
7882
2107
7230
8175
3398
4796
5687
5748
393
138
600
2274
270
1377
6225
2368
6391
1858
2539
3001
754
7248
3786
4431
5372
515
6468
1761
6676
6964
1494
7330
5382
7013
2513
3810
1318
2057
757
8147
5344
369
1716
5173
12
1200
7725
1982
5473
2583
2184
4591
578
6747
4633
4058
5372
4807
2498
2001
6225
6685
2016
6974
5402
450
5909
5701
5903
2059
759
2129
1523
2941
2454
4469
1204
6253
4805
2632
1824
3554
7446
516
3563
5741
7249
4862
6800
7803
5366
5479
941
1707
5874
5209
156
48
5882
137
6892
1664
5381
199
7779
973
8070
6700
5563
3969
4737
3299
740
1360
6716
1898
7903
1898
7903
2614
3003
6787
6399
4138
1782
2421
2956
1907
1404
6941
7028
3697
248
3614
8119
1964
756
3449
4718
6137
3911
5434
5810
5522
3990
6354
7354
4696
6816
2482
1386
1015
3372
2529
813
7264
5877
3414
5821
6450
2628
7236
1697
4222
7585
4964
6839
6179
1137
6357
907
1675
2601
7416
1430
3896
2561
4777
5110
1382
4624
2534
2892
1673
1351
4138
8155
7405
1478
3325
43
1057
2887
5530
764
4726
4580
2699
7303
2463
7517
3393
4492
5627
6720
2466
7520
6756
624
3384
6555
1428
4218
163
2489
1029
4205
2934
4580
1680
2465
3265
3841
3259
683
3271
3162
496
749
1832
6740
5973
7685
857
3475
4399
6470
5855
1338
1059
1847
1968
2658
4424
1479
722
3350
2298
4172
4274
1309
5454
3145
4820
214
2903
30
3167
1830
6121
306
143
1823
3161
2371
2248
1967
3469
2165
7630
1450
4598
1960
4715
6287
5780
4940
6508
8027
2918
2494
6552
3561
7029
389
704
3790
248
5531
1988
6063
3044
4207
4214
4710
1522
2930
3037
240
5423
2080
4124
5043
1104
5
7261
6675
5560
4703
3497
5324
2130
5075
5029
7559
2920
1817
5034
28
6533
6202
