0
0
0
9
8
0
0
1
10
0
0
3
0
0
0
0
0
3
0
0
0
9
0
6
0
0
0
1
0
0
1
1
0
0
0
0
0
0
0
0
0
0
0
0
0
0
0
0
0
0
0
0
0
0
0
0
0
0
0
0
0
0
0
0
0
0
0
0
0
0
1
1
0
0
0
0
0
0
0
0
0
0
0
0
0
0
0
0
0
0
0
0
0
0
0
0
8
0
1
0
0
0
0
0
20
1
0
6
4
5
0
0
0
0
0
3
0
0
1
6
2
1
3
1
0
0
0
0
2
0
1
1
0
0
1
1
0
2
0
0
0
2
0
0
0
0
0
0
1
0
0
0
0
0
0
0
0
1
0
1
2
0
0
1
0
0
0
0
0
0
0
1
0
0
0
0
0
1
1
0
0
1
0
0
0
0
0
0
0
2
0
11
0
0
0
0
0
0
0
0
0
0
0
0
8
6
6
2
2
1
23
1
0
1
2
0
0
22
0
2
0
10
0
0
1
2
0
0
2
1
0
2
0
0
0
0
0
0
0
0
0
0
0
0
0
0
0
0
0
0
0
0
0
10
0
0
783
5997
1787
7940
3577
4291
4950
1774
7451
2325
1576
2513
4120
5412
421
2271
7872
3542
6481
2325
2896
897
1739
1620
631
7940
2896
2896
4867
2896
2896
6258
2464
2464
3477
6481
3346
4491
4339
4442
2896
4670
4291
6791
3541
389
5514
5778
7413
4340
1774
4594
5779
3225
1620
4594
7110
1565
2343
1209
3656
6635
4712
592
2679
3120
4644
559
255
2464
5013
6635
6828
6384
5412
7596
2533
4618
8034
6271
1988
2464
211
4475
4017
5220
4340
6791
5798
4164
1824
7506
1824
4011
5945
1523
6761
3253
1576
2483
7882
3747
5643
4202
5112
425
5244
2734
923
4024
5919
3836
5048
568
4698
3661
7582
1029
2464
2271
1944
3207
6227
3572
7596
4707
6000
4707
4233
7570
4647
4712
4007
211
2066
2679
3541
4568
4895
1717
5551
3601
7097
8010
4885
7872
5798
631
4448
6973
4809
3223
4448
2182
2684
4698
1948
1948
3682
4242
559
6295
390
7451
1576
4236
671
421
3504
7139
1711
846
4876
5813
6925
387
4271
5430
2066
2066
559
5748
4483
5917
4714
3667
4735
4291
4809
4647
3220
5594
5077
1620
729
4491
5945
170
3477
3747
5579
2707
4493
4362
6442
5184
3788
244
7957
678
4594
3542
6452
3295
7710
6685
6492
2153
8150
1155
4950
8025
7986
1948
5661
6828
3266
7679
5536
414
1824
1965
6417
4301
5904
1481
3189
2131
1189
2280
4493
3250
5714
5130
8087
2566
5732
7893
2929
6765
1328
7623
3682
1774
5412
1488
1787
2464
255
4329
5185
3542
4594
2405
3004
5735
6010
3435
7571
7243
2790
7122
1685
539
3489
190
1481
6536
2004
4807
41
4111
2514
3366
5285
1787
4796
4011
3207
411
2907
6041
4368
3247
5644
7116
2777
2513
5970
6015
981
5255
7767
1020
4162
7801
462
3264
2249
5964
7630
2277
2155
218
6496
5612
4594
4609
1824
3600
2405
4609
6417
3268
5950
7564
1649
8004
5752
2165
3883
1362
6141
4754
683
3981
2272
4985
1141
7782
3939
5368
3093
4108
315
8112
7671
5612
4609
5403
7484
631
5343
1029
4242
5044
7843
5317
4703
1685
5390
1082
3953
2826
3922
7786
3055
7843
5830
181
843
3946
6083
2053
3530
7977
7817
7858
594
358
2441
411
1105
2271
6135
5290
8168
2384
5440
3923
1532
7966
7711
2152
6921
2249
7106
7524
6263
4916
6040
3367
6220
7064
6476
3590
5307
7343
4108
6443
6695
5091
783
4609
2459
5801
6082
649
1148
7285
3420
23
5149
4029
5647
931
1660
7604
2647
1396
7533
4149
496
5675
4723
1642
3748
3059
1888
2693
5330
3652
6159
3068
4735
702
3541
7596
6135
3541
912
3050
5319
2283
2090
174
6958
4355
7911
4338
5862
743
4005
6689
2977
689
1654
2508
5584
7562
234
3340
7728
6261
2819
5995
5288
6104
631
7613
1411
4670
3959
3458
1027
5653
7890
4493
3933
2576
2345
1554
7154
5796
8013
1656
3460
6943
6993
4037
102
7400
731
7351
3745
5955
1251
3484
243
4735
6031
6227
5661
601
5661
4146
1089
732
5732
6374
186
6122
5888
1928
2315
4649
7752
3788
317
1307
604
510
521
7559
5862
7540
6267
648
518
2667
723
4651
1965
5507
631
1319
568
4568
4475
6861
3506
5440
773
6760
4858
857
3193
102
2027
2733
943
6499
6354
8109
2196
5406
4273
8186
1888
5047
4127
7215
4707
740
4796
7223
4609
4609
559
1824
4120
7246
3857
4640
885
7199
7282
7859
4088
7752
3224
834
1631
2968
3414
7867
3884
1401
78
3331
1261
3593
7361
4715
1620
531
3741
6258
45
4202
7582
4120
5214
744
6791
5450
3759
3567
5210
7067
1299
2492
1572
2671
1334
6437
978
7327
6066
2972
4931
620
3424
7991
7690
6959
2271
7570
3454
1787
3225
3022
5801
7679
6824
5514
4809
3563
4425
6624
849
5481
6808
2046
3712
168
1726
4352
3228
851
6445
140
5634
2151
6694
6006
6494
4809
2405
2676
4594
1075
5364
3196
1319
1988
2464
2285
1914
3918
3203
6928
2169
1300
4363
1760
3850
2164
7081
457
2591
6939
3155
4231
6620
2886
1903
7562
721
4950
3004
2130
4290
4491
649
5514
414
5024
2856
5738
6655
2621
7362
5096
1095
2708
7151
4665
6235
7055
5086
6506
4749
6035
2926
4366
2094
5330
6179
5013
3188
7223
591
2303
414
5536
4340
568
5928
4609
5687
1914
6719
5059
2616
5251
6876
7146
905
218
2004
6807
6236
5197
3958
2049
6107
5593
1717
5493
5468
3765
3542
5579
3477
4236
3414
4594
1803
2676
1224
3541
5113
1665
3662
2276
2893
3203
6875
2536
2360
7938
3812
1005
6239
2380
2681
7634
5620
275
1143
1557
220
7481
4053
4600
5288
7596
432
6818
592
4950
7781
3443
3433
3168
3779
3945
7329
4228
7656
5582
5592
7060
4362
7186
6862
1791
6530
4714
3670
7815
5399
3603
1908
7751
8014
1944
5650
1824
5536
1944
3068
4291
5748
6321
5701
6553
2405
6867
7410
3736
6765
6814
7985
4308
1806
5145
2127
7793
6866
691
4826
6172
2148
7991
6622
3833
4523
764
4207
3416
684
8025
45
1312
7806
2629
2958
6635
4670
2080
6157
1903
3955
834
2582
1079
1824
4202
5842
7578
2153
4313
4859
2259
2231
6418
3957
4370
635
6053
5214
4796
4594
1931
2896
2896
2896
825
7582
7582
3585
202
6553
6495
819
6791
6791
5412
5536
5112
825
502
8146
3918
3062
1891
7605
5406
4394
1784
6791
1620
3747
3167
5650
2285
2896
6635
2896
1776
2343
4017
1488
7451
5129
7223
4383
1075
7484
6135
4651
450
4609
6041
5874
7804
3779
7693
8035
4789
4568
2411
4475
1620
6645
4735
2938
6818
4341
3490
7190
4146
2465
5779
2405
2061
202
7940
8025
2271
6135
3541
7405
4594
6320
6824
4594
2777
6791
6227
5874
5874
5661
3477
631
531
7258
7940
559
5778
3389
1029
1029
4120
4670
5661
7451
3625
7451
4670
4568
4950
411
7596
4609
7596
170
3253
5650
6227
5661
6135
631
4594
5643
5798
6818
3541
1988
5687
6481
5928
