0
0
0
9
1
0
0
0
8
3
3
2
0
0
0
0
6
0
0
0
0
0
11
2
0
0
0
2
0
0
0
0
0
0
0
1
0
0
0
0
0
0
0
0
0
0
0
0
0
0
0
0
0
1
1
5
0
1
0
0
0
0
0
0
3
1
1
0
0
0
0
0
0
0
0
0
0
0
1
0
1
0
0
0
0
0
0
0
0
0
0
1
0
0
0
0
9
0
0
0
0
0
0
0
18
3
0
12
5
8
0
0
0
0
0
3
0
0
2
4
0
1
3
0
0
1
2
1
2
0
0
2
1
0
4
1
3
0
1
0
0
0
1
0
2
2
0
4
1
0
0
1
0
1
0
0
0
0
0
0
3
0
0
0
2
0
1
0
0
0
0
0
0
0
1
0
0
3
0
0
0
0
0
0
0
0
0
0
0
4
0
6
1
0
0
0
0
0
0
0
0
0
0
0
8
5
7
2
5
2
28
4
1
3
7
6
1
33
2
0
0
10
2
0
2
5
0
0
0
1
0
3
0
0
0
0
0
0
0
0
0
0
0
0
0
0
0
0
0
0
0
0
0
10
0
0
1544
2984
7209
727
6353
6775
6632
6940
2907
7825
3358
2560
7064
2336
3515
7437
2613
7227
7788
2277
7319
5679
1527
6430
1947
2780
6972
4259
7918
4011
3224
6389
7723
2493
6415
6303
886
1768
4563
1544
3161
3795
2177
7375
5642
7837
4282
4732
988
6262
7059
1833
6843
3469
2426
919
6276
6070
6351
5092
6365
8048
7203
3051
5458
629
7976
7679
7811
1012
2753
1462
1818
7005
3951
648
2021
1891
6234
4824
3391
7622
3862
3348
3376
7915
6214
4091
4945
6437
4283
6437
2023
7859
6451
5149
747
557
2595
1426
6679
5998
4112
6323
2232
4950
2522
2669
3704
642
4350
39
3862
717
6549
5127
7861
7330
2463
5898
6925
5430
1856
618
7253
5877
8132
2248
7675
3510
2558
7739
5191
2082
948
52
4983
4607
6759
8171
4663
51
3054
3901
7861
6194
2394
1227
1941
1055
8118
2236
3287
6069
7230
3936
6668
4934
7064
174
7855
4080
941
2119
5819
5531
1140
6782
1005
113
2528
5946
5968
5387
599
6707
3064
7386
6905
153
7463
755
3133
2706
1741
5971
7860
3642
3224
4457
4637
1395
8113
7588
3755
5738
7227
3317
6647
993
809
5417
7037
7721
6809
1332
2050
3362
6523
5328
5478
5946
5953
3193
6964
6159
7457
7043
5939
7235
6864
1395
5398
1817
1492
1956
6639
3121
7178
7686
7896
3657
2508
930
2846
1730
6057
3595
1332
4617
7257
6909
809
5642
2893
5387
5852
7847
1460
2876
7549
6507
5182
4783
5903
6480
4273
2002
2979
5998
3879
7247
379
6567
2197
6045
1625
1247
7174
1545
2655
4221
6666
2299
7249
4919
2897
3877
498
1396
1695
3226
7619
5866
6040
7321
6547
1514
2276
7976
4851
3823
2230
2197
752
1338
336
4286
2090
6943
707
13
5496
7438
2879
483
5593
7646
6101
6621
4511
2197
4388
2021
7206
6808
4901
7723
7491
2972
7811
227
3203
3527
1569
4663
6964
6209
2521
8067
2094
4663
6655
3063
796
5772
4677
6497
3870
7386
1299
1711
624
3248
4388
1710
107
2428
5358
1686
5492
7167
3158
7706
5593
3779
7630
2439
2021
3718
6399
6647
5387
8096
5011
4832
6850
1631
3704
5054
2885
6747
2993
4862
4423
1489
1109
6801
5958
6408
6493
4697
651
2238
7811
1639
3595
4221
2550
2206
2021
2981
3404
1212
4258
2897
1460
4946
6092
7749
5379
4676
2171
1688
6811
2669
2158
107
7356
7514
1194
3417
2508
7535
1474
3085
4700
7102
5968
1847
1491
7702
6217
4021
2735
6806
483
6951
5286
2262
5440
5017
1461
1651
5969
2991
5936
6528
7027
1371
6260
6734
1214
7105
381
2469
6045
5802
4702
8044
5539
4902
5379
2264
7174
7189
6767
3343
6494
687
1770
1070
6090
6766
5261
1730
1991
336
5604
646
792
3537
313
7549
5157
1003
1659
5377
4447
932
2104
8046
7029
3827
1489
5330
3186
7918
3410
7536
1202
5552
446
3463
1625
1891
6523
1093
7988
5572
6301
4452
2535
1911
7562
7567
1023
3096
7507
5781
1900
36
2799
4355
7827
460
5726
7196
5688
7767
1856
8164
7734
3865
4373
7266
3238
6766
7988
5564
850
7961
208
1716
4881
6660
7389
237
6479
8034
5796
6741
2112
6121
789
7056
8103
2426
731
3263
4840
4070
2799
6940
5841
3956
2099
4060
3504
4483
3269
5017
6782
5598
1965
2715
1466
4217
7765
3582
7702
689
6724
5868
7461
832
6563
5743
2688
5739
842
6460
7011
5883
7011
7495
1110
3366
6270
3141
1185
2511
7476
3622
6399
7270
3075
2166
3969
999
6696
6244
3318
7250
5376
4525
2836
6994
6294
2607
7918
1600
1020
2954
7416
7028
3203
4362
7103
253
3410
3249
386
3093
2746
2386
1058
3597
2681
1241
3007
974
2448
370
3968
2515
5422
3639
6200
6121
574
7503
2715
3241
3448
2167
1163
8111
168
4171
1935
7285
4905
7438
4516
7438
4980
2259
1336
6589
3590
4011
331
1979
280
1607
6478
5282
1777
4857
3233
6234
3055
6070
5644
6242
97
3308
335
1234
2605
5261
2020
3883
3334
2846
5919
1761
4158
3488
4999
489
8170
1435
3469
4903
5902
6234
1254
8151
3308
3740
4542
4223
4969
422
3715
672
2772
2660
28
7557
6209
7257
7257
3884
5557
2865
5481
2197
4388
2224
4418
1844
3070
6335
2690
7172
7921
167
97
7287
7869
3418
2639
2591
4009
1139
4911
3320
5484
2972
5742
7848
734
1628
7095
1005
3050
4344
6205
7541
7329
4051
4171
1121
7206
4661
4147
7757
650
704
5008
501
5147
1141
7085
3728
1255
7623
1642
5374
6065
3857
4804
7903
7536
7043
6045
809
7480
6270
6697
1628
2259
4024
923
809
3779
8035
4290
2316
710
5066
6007
2436
2265
5649
2869
2244
1734
3196
1566
7253
2791
3515
1973
1767
3221
5992
3531
5478
1336
755
5158
7760
1460
6087
8129
3657
3116
4135
1856
2578
1765
4779
372
5145
229
6033
6147
4702
8040
4095
6654
1559
6596
2229
1241
2410
3056
2669
2148
2259
1474
1728
7035
8003
944
2305
1872
2038
4917
2932
6756
6075
4800
4940
1136
3413
3188
3667
6193
7209
3011
5655
1816
8073
4729
4192
5028
8046
3969
5179
3595
7557
4848
2564
5261
306
6313
2140
5919
4262
3134
1396
5250
6691
6623
4570
7851
480
4971
6514
990
831
6722
3934
7199
377
3631
128
1218
4796
4780
7761
1144
315
3833
5416
2428
962
2091
2427
7511
5142
698
2165
4039
8030
3668
1485
4338
7230
828
6853
5255
6042
383
1285
116
1025
507
1898
1199
6739
6860
7042
2746
3371
5617
4284
5435
4396
2724
5008
8185
4353
3854
1348
1158
5739
1495
1173
6199
7384
2960
5511
3460
2444
7005
1615
3120
7517
186
2957
3155
217
3415
2633
6800
4179
3704
4831
332
2679
7075
2050
1046
3700
7064
2710
1217
7897
1934
3475
547
1089
214
1954
6563
7064
1050
7682
5662
6925
5532
4840
1084
7861
4047
5419
2446
1130
4313
4753
1979
3487
4387
7022
1929
849
5308
4766
6057
6663
511
5290
6146
4485
6929
6743
1103
6040
