0
0
0
10
6
0
0
1
11
0
0
0
0
0
0
0
0
2
0
0
0
11
0
8
0
0
4
1
0
0
0
1
0
0
0
0
0
0
0
0
0
0
0
0
0
0
0
0
0
0
0
0
0
0
1
0
2
1
3
0
0
0
0
0
2
0
0
1
0
0
0
1
0
0
0
0
0
0
0
0
0
0
0
1
0
0
1
0
0
1
0
0
0
0
0
0
6
0
0
0
0
0
0
0
23
1
0
8
5
5
0
0
0
0
0
2
6
0
0
8
1
0
5
1
0
0
1
0
0
0
0
0
2
1
2
0
0
1
1
0
0
3
0
0
1
0
0
1
1
2
0
1
0
0
0
1
0
0
0
0
0
0
1
0
0
0
0
0
0
0
0
0
0
0
0
0
0
0
0
0
1
0
0
0
0
0
0
0
0
3
0
9
0
0
0
0
0
0
0
0
0
0
0
0
9
7
9
8
7
3
24
0
2
2
1
1
1
25
0
0
1
12
0
1
0
2
2
0
2
1
0
7
0
0
0
0
0
0
0
0
0
0
0
0
0
0
0
0
0
0
0
0
0
10
0
0
5715
7915
1024
3666
3186
7294
4049
1430
2229
4329
2796
6053
6735
5682
972
7489
753
727
4796
1009
936
1525
5909
6508
5227
1200
7398
2560
3577
7716
2773
5874
5629
8151
2922
3346
2379
2002
916
2459
1544
3492
5419
1023
7408
2271
691
2148
4996
390
3389
4353
6319
7172
6021
1500
7315
5947
6190
740
2066
4475
7419
3806
1082
5332
531
3481
369
331
3433
1620
4329
169
5350
1473
3433
1482
387
1063
3135
4190
4274
3196
492
4786
4570
2280
4215
5976
130
6041
4533
7788
1576
783
1848
2850
4361
6721
1903
2259
5382
5272
1062
7435
254
7823
6571
6849
1398
3101
2539
2604
5331
7592
4017
4017
4291
4472
2548
1141
1163
3392
8047
4099
7484
649
6219
1147
2558
6700
594
6351
1495
4563
7670
778
702
2907
5251
546
4721
4362
3023
1063
8052
5936
7491
2244
7442
2415
6109
156
3933
6465
7872
1787
4207
2441
1537
6875
4361
1226
5847
4204
1250
2700
4345
795
3682
6571
7631
5603
6476
2903
5303
6801
113
5109
5024
6227
5964
7002
1864
1581
4291
7887
472
418
7872
8025
3990
2127
5364
7735
4125
3724
7571
3611
6412
508
1103
316
2566
3376
3231
3613
6090
2924
3297
8154
2777
5507
1154
5308
3096
5778
6000
7442
7788
4812
2217
5798
6419
1023
5077
6518
4984
1754
4839
2910
311
7432
390
690
2653
387
3765
70
3014
956
4610
6607
3443
5364
4609
1739
4074
4293
4569
4718
1279
3067
2780
7492
7566
6021
7798
7531
1115
2945
7512
2910
5040
58
5687
594
2167
5955
3868
6494
6551
4456
6413
7785
2002
8048
1453
2031
2916
7570
2676
5664
684
1204
1440
2836
6190
6943
4503
6172
1407
573
5649
7276
1321
6413
6559
5346
1402
6736
5721
2205
5691
1968
6516
7389
3600
2411
7691
7061
1046
4264
6973
1595
1546
3421
7020
6497
1605
518
1495
5806
5156
4624
2412
2616
2833
6767
6416
940
7360
3611
2205
809
5303
2230
1426
1576
5173
2796
7699
4737
7845
4112
4293
8023
2118
4911
6990
1835
4724
5300
2065
5117
113
2805
1409
6918
719
944
7708
5557
3191
282
7195
754
4860
3912
4609
3959
2676
2533
215
2327
7441
1217
1160
254
3358
7722
1709
1709
375
443
1832
2816
3826
4639
3535
3334
5243
1016
906
3946
2538
8068
1207
4831
455
3051
4134
1917
4419
4569
2343
6321
7230
4569
3483
1043
3561
7956
1384
3901
7952
4953
1717
6020
1620
2862
5501
4607
6551
1328
7837
1742
603
6643
4344
910
6176
1501
5788
5852
1033
4850
5382
6371
5576
960
916
7618
5896
6553
764
1787
1050
1566
2002
8048
5514
4864
4085
4988
2486
7102
1544
3813
4345
1396
2627
4824
1637
2253
6219
7091
6896
4305
7952
3791
3420
7135
7722
978
3455
2541
4274
1009
4207
508
4521
6137
7011
3173
3960
5166
3407
4158
8134
1810
7816
4492
4467
2581
2255
3249
1741
2455
2101
3376
2148
2093
724
2465
1672
6393
1040
7064
4017
4796
8025
6590
7545
3642
1217
8136
1097
6372
573
754
3311
4840
5998
7110
5232
371
2162
234
2007
1940
6525
5729
6780
1202
1832
4667
5654
4009
1534
4339
7256
2137
7887
4339
4492
7012
491
3828
4271
7828
2327
2713
957
5709
1048
4774
6116
972
4124
760
1762
2311
7449
4048
1000
1704
2413
7098
3290
248
6253
4623
2248
7592
491
7384
1699
8048
5998
5048
3659
3637
8047
6999
957
2049
6873
6578
5762
4337
877
687
4680
4086
3593
5170
1085
2714
7222
2308
5650
7790
5232
1453
1544
7691
6590
932
3911
2907
109
1105
7494
2206
426
1717
5401
4306
6759
4355
7426
3962
7426
1902
7652
2210
6719
4764
7815
7630
6665
4934
4525
1075
2856
3572
5833
5975
3326
4340
6000
6735
5149
852
2764
189
3515
1864
3302
1874
5907
2531
3192
6121
177
7693
3384
8062
7200
6719
1202
1495
738
5801
4293
966
5890
1709
1595
6776
4492
2780
2015
1453
1105
5403
4716
132
172
2801
7184
2819
4181
453
7186
4537
2799
5252
7161
1847
7855
1500
1396
6761
3901
2513
4194
675
857
6104
138
4641
1453
1971
6989
2379
1954
7492
3563
7290
4741
2672
3247
336
5307
3050
4607
578
7511
5968
6177
1691
2917
1067
7887
3391
2271
4521
1760
1029
568
3851
6552
3240
1414
783
7435
7591
3515
615
2621
10
7311
6885
8134
1233
2148
1846
7765
474
1687
5300
516
5040
3005
5298
4812
1129
675
4950
1155
3326
4841
5116
7940
7790
1384
6383
2059
3741
3487
4881
2923
4803
4660
3868
8134
6719
311
2320
7104
3772
829
2148
2681
1692
2980
2065
3273
7258
4353
169
1620
4270
7227
6170
5779
5687
6208
6616
764
6656
4175
3358
840
4487
6268
6554
4721
1254
1261
2897
7405
5228
3193
1426
4282
2700
2789
7858
4556
2545
332
1217
2442
5077
1075
1620
1931
7012
2099
1767
5664
3510
7725
5531
7640
6665
2299
7702
5243
4123
2789
1981
4291
297
6775
5557
4123
3428
6177
6551
1063
7824
670
6436
7591
5902
825
5701
5579
825
7739
7056
1289
2442
5434
3047
3443
7523
738
4410
2508
6434
1853
6595
795
5332
5889
4127
4087
4611
7569
7858
2733
2517
6780
1612
4293
2059
2329
3936
8121
7823
3741
4521
1285
5225
4292
6303
4822
1944
1950
5506
5303
7733
2239
4053
722
1105
1620
672
305
5885
5303
3101
2243
799
1911
8156
7940
2285
4533
731
1217
4623
2217
6124
7070
2271
4194
432
6927
96
2676
6010
4872
5763
350
6332
684
2679
3132
4812
5292
4119
3652
6607
2892
2405
4867
1550
966
4881
2777
5798
5664
2661
7755
3684
7584
61
1241
1769
7384
3386
4796
6776
1129
2676
702
1217
8103
2137
1453
3085
5332
3541
920
702
4718
4317
6796
2916
1584
6320
96
3888
8160
783
5730
5149
3161
48
3790
639
7692
1473
1048
727
4038
6593
7256
1105
1965
2459
2558
7915
3391
6009
4735
7049
575
5116
6791
2661
1160
3326
6645
7408
5489
5687
