0
0
0
10
7
0
0
2
11
0
0
0
0
0
0
0
0
1
0
0
0
10
0
4
0
0
1
4
0
0
0
2
0
0
0
0
0
0
0
0
0
0
0
0
0
0
0
0
0
0
0
0
0
0
0
0
0
0
0
0
0
0
0
0
0
0
0
1
0
0
0
0
0
0
0
0
0
0
0
0
0
0
0
0
0
0
1
0
0
0
0
1
0
0
0
1
10
0
0
0
0
0
0
0
21
5
0
9
6
4
0
0
0
0
0
2
3
0
0
5
1
0
6
0
0
2
1
1
1
0
0
1
1
1
0
0
0
4
1
0
0
0
0
0
0
0
0
0
4
1
0
0
0
0
0
1
0
1
0
1
2
0
0
0
0
0
1
0
0
1
1
0
1
0
0
1
0
1
1
0
2
0
1
0
0
0
0
0
1
5
0
10
0
0
0
0
0
0
1
0
0
0
0
0
8
4
11
6
7
2
29
0
1
2
3
2
2
27
1
0
1
12
0
1
1
1
0
0
0
1
0
2
0
0
0
0
0
0
0
0
0
0
0
0
0
0
0
0
0
0
0
0
0
10
0
0
6417
783
46
4475
2967
3925
5095
4737
292
545
269
7297
5456
3101
6374
1245
2465
3959
2441
4784
6395
8092
5436
5436
1787
5436
421
2285
3056
4796
5113
5574
7246
3188
6227
4236
3825
3836
4696
520
1740
6271
5779
6635
1260
6688
5493
2264
3233
7872
1776
600
2679
1473
4491
7205
4735
2489
1581
5402
5811
1613
2557
2057
1035
1031
3696
4683
2003
3880
7373
7872
2896
1620
3584
4689
6742
3116
2749
3407
2293
5717
1279
7223
3220
421
2464
6818
3291
5975
6137
1319
631
5116
783
6824
6686
2499
1747
1283
6433
4585
4074
1765
4522
7484
921
5859
3611
8007
6187
1773
3820
7948
2858
1209
2657
5403
3911
1164
4824
857
255
3196
7455
6435
2092
5643
7246
5798
3696
6464
6202
1488
1550
1765
384
5643
2999
2319
4814
7068
4719
7852
6285
1167
7478
7017
5514
1699
1988
280
3290
2856
1512
1554
3722
7740
5369
6836
631
3888
6818
5079
4202
2441
3577
1023
2408
4701
4498
5699
1018
5014
6291
1232
7032
6171
7630
733
1700
936
8080
2999
146
3638
3133
1566
2728
2530
4409
7610
5874
2489
5997
5997
2080
740
575
5902
4074
649
6343
5061
5717
2046
5198
1842
7035
8134
5859
2928
2381
633
5306
6413
4750
1437
2724
6403
4003
1196
2907
411
4568
1023
4605
2986
4718
3959
7798
657
7236
6395
3138
1406
2090
6767
963
4271
7489
264
5327
1995
1628
193
7489
901
1989
5804
2740
1401
598
6831
1824
4491
3584
4605
600
591
4214
5805
7777
4605
5275
7570
6447
6045
4529
3318
1680
3788
2389
7023
7797
2734
6277
218
949
7649
1390
2021
6964
2101
6605
7854
4007
5536
4718
1154
5043
190
6158
5179
1851
1402
4504
6770
3252
3097
2829
3752
4885
3752
998
7342
3318
5280
8183
2328
6880
4663
1633
4704
2625
168
7426
678
2836
5364
4667
3898
7824
7681
7649
2393
5074
428
3387
8189
3671
1677
4273
2942
5800
8113
5154
2955
4288
4899
2226
731
5198
761
7433
287
6905
4611
1233
3193
940
2459
5186
112
6665
6929
7918
130
3083
1708
7817
7462
4244
1635
5642
4084
3371
6865
3864
7779
4832
5118
464
3095
2646
3329
7449
236
4040
1310
1909
218
3848
5896
2198
2093
7534
2190
5156
6335
87
4870
2455
1662
2985
7299
3753
1137
1847
5233
67
4408
996
4868
1466
2677
5319
1812
4693
5052
3823
678
6404
944
1680
845
5013
354
2924
7040
7111
5122
4418
2165
5307
5800
2214
7486
7044
8170
6425
6023
1396
3828
5808
2863
7831
3854
3135
3222
6557
2015
6862
590
278
2894
7093
3747
5247
2951
1597
3652
453
7075
1570
1923
7604
8026
3996
6066
3804
4720
1990
6358
5048
3176
7658
7771
2475
1164
3085
3637
4203
7674
8056
5249
988
6000
3120
2244
7154
170
6824
7448
771
7122
2152
2397
7970
5348
5430
2186
5592
7088
683
8092
5475
4659
159
6057
98
247
873
1166
1371
4073
7242
3003
5678
4689
1965
142
194
7405
2252
6366
3376
4545
3728
5515
3555
6190
5
7617
5544
27
4269
7520
4096
7116
2333
639
2118
7396
650
5065
3724
6295
40
6971
1005
5318
7090
5779
6124
4491
70
5557
2539
1019
6078
5878
936
5544
3953
317
6066
5917
409
8041
2318
8114
6833
6073
4160
325
2511
6758
1868
7734
4260
1741
3546
5059
5307
3123
4796
8005
7611
4803
1396
520
1468
1237
7463
4719
5691
4542
3784
3946
7042
4934
6738
5868
802
4232
4672
4418
6600
155
6295
6664
526
6158
4313
6780
2757
944
4854
893
3752
7818
10
4350
5731
7539
6536
1398
4052
5284
5894
102
2585
6759
7944
87
2358
854
6141
7836
6182
336
1600
7438
2386
6747
7095
5065
3388
2189
4402
6476
7058
4515
853
4340
5933
6168
2207
6216
6852
982
2970
609
5725
5145
4280
2570
4003
7450
2535
7153
1042
6890
423
7674
6813
3484
4145
996
944
7097
5872
6443
5813
8099
1107
5101
7748
5100
4418
5090
2714
7068
3815
7566
1237
5717
4373
7102
6260
3800
4169
2619
3704
5544
4724
221
5052
6551
6538
6966
462
1213
6690
6419
278
7568
4215
3403
7156
1169
4192
4814
7438
8008
7326
4551
7153
603
7735
5262
5069
5262
1547
594
4704
6986
6757
719
2568
7599
603
6538
7201
5835
3657
473
7498
6249
2697
734
6823
4437
1081
4145
4138
2740
7592
2361
7724
2787
5158
3397
5391
7077
1705
2647
3356
160
2171
6775
5462
162
1734
8186
3933
338
559
3631
4340
1483
6023
2076
243
5492
6735
6245
7369
146
4049
7326
1691
7224
2360
455
8003
3825
5994
3188
3389
7739
1776
5623
5661
255
7679
1473
3115
14
3504
1049
3220
4491
5364
705
6346
4062
7180
6009
1159
6410
7707
6534
2155
2109
2890
359
6175
1643
1416
4609
1164
1075
6802
297
3469
3414
5761
1430
3551
2325
4255
684
1029
2835
3959
1042
298
1929
2429
3186
304
5357
3193
2738
341
5027
3836
826
712
3355
2051
6708
6515
3240
3240
3240
747
3684
6521
531
6327
2635
7234
5185
4426
6733
6796
4089
3245
1989
5896
5403
2558
4105
487
2874
315
5812
4744
3639
3782
6319
202
3068
1470
4670
4867
6828
4329
4911
705
5920
5920
675
681
1217
5840
2835
3121
1613
1048
5896
432
5172
2671
7928
3593
4001
4241
4617
4208
7232
5592
5608
3071
2896
960
4747
932
488
6137
5024
1424
4399
6588
4878
675
4887
6907
2766
3196
5276
5627
4751
5739
4027
7230
421
4595
6971
4362
690
8162
1601
845
3071
2896
2896
3290
7064
2885
4055
283
4233
2624
4716
3936
4670
649
425
7413
3207
2773
5181
3676
6450
4294
7740
3712
7980
6104
7283
6867
2430
824
6348
45
631
601
592
778
5016
121
1969
2896
6258
6384
2737
4390
5129
5165
3389
4575
4759
7258
4055
4232
5066
1699
5403
2421
4080
5403
2843
6642
2708
6979
6258
348
1217
729
2309
606
7031
3240
2896
592
2896
6481
6258
6945
592
