0
0
0
8
7
0
0
1
10
1
0
2
1
1
0
0
1
3
0
0
0
11
0
5
0
0
0
3
0
0
0
5
0
0
0
0
0
0
0
0
0
0
0
0
0
0
0
0
0
0
0
0
0
1
1
0
0
1
0
0
0
0
0
0
1
0
2
1
0
0
0
0
0
1
0
0
0
0
0
0
0
0
0
0
0
0
0
0
0
0
0
0
0
0
0
0
10
1
0
0
0
0
0
0
21
5
0
9
6
4
0
0
0
0
0
0
1
0
2
5
2
2
4
2
0
0
0
0
1
1
0
0
2
1
0
0
0
3
0
0
0
3
0
0
0
0
0
0
4
0
0
0
0
2
1
1
0
0
0
1
0
0
1
0
1
0
1
0
0
0
0
0
1
0
0
0
0
0
0
0
1
0
1
0
1
0
0
0
0
4
0
9
0
0
0
0
0
0
0
0
0
0
0
0
10
2
9
2
6
0
28
0
2
2
1
1
1
25
0
0
1
10
0
1
0
1
0
1
2
1
0
2
0
0
0
0
0
0
0
0
0
0
0
0
0
0
0
0
0
0
0
0
0
10
0
0
7816
5664
6469
471
1185
2867
4670
3614
3443
4272
3078
7395
1124
5850
539
1462
1567
2418
1409
2808
3004
1513
698
6661
5214
1160
5436
4679
6667
4950
5250
5173
4295
7301
2463
2101
6438
5279
3207
988
5172
6019
4605
4131
2507
5469
2051
552
5411
3666
4516
5668
939
1242
1721
524
1132
3017
3594
4825
967
2164
7143
1733
1838
1576
3367
6044
6070
6569
2731
3686
5415
5930
7874
3533
6323
2572
5794
7506
4274
1289
1017
2791
2356
8128
1409
4361
925
4329
7494
4810
5737
3321
2591
5189
6238
4605
2622
6289
1554
4596
1649
6743
7636
5678
4812
1532
6867
2177
2415
4967
4070
6756
5627
3435
4082
1350
7040
202
389
6354
6494
4315
1981
93
2780
3543
2607
3216
1493
5363
1425
3189
7702
7592
2369
3740
7227
5040
5300
6410
1484
1023
3245
6075
1248
1716
1902
3310
4703
47
968
7546
1851
4021
6346
7577
3609
150
1184
4866
45
2303
45
448
7757
248
5824
3684
1620
1251
3101
4486
4953
2506
6243
2530
402
4512
4336
1629
4753
2747
7598
774
4171
3544
1155
3687
2371
4037
4139
202
5215
897
5724
4392
5023
5402
3666
1675
1733
4316
6496
3247
2262
5331
5145
7827
3297
1144
6694
2205
5964
5536
2572
1521
1770
7040
6672
2481
3401
4448
3260
6553
2259
6355
6000
6964
2258
1415
1907
7706
8047
4906
745
6551
4437
6622
1783
7382
1503
5088
5406
379
6135
5540
3475
2731
341
5026
234
4119
3930
3017
3220
4224
5844
1238
2404
1300
5751
5501
3557
1942
4319
1664
659
6410
4645
8052
6239
5372
7649
5910
2319
4306
5236
5530
1087
2002
4034
7817
3441
615
7011
7679
20
4948
5224
1566
6452
4277
6167
6493
40
1891
8020
6835
7836
2151
3657
7631
1044
7208
3537
1609
2213
6613
5166
6876
2558
7337
3079
7462
8064
1854
884
1242
7546
7739
5636
3684
2130
3443
7181
3874
5310
6782
3206
1641
4292
5211
4469
5804
2011
6839
7985
4895
622
1012
471
1055
1453
5530
6264
5561
3699
3589
4990
3177
4124
2973
947
6983
1870
6660
3984
4706
1984
5152
1085
6551
6943
6057
4951
3243
6489
7253
7529
3633
7105
3343
6655
1326
7183
6940
5288
6635
7413
4160
2809
5696
712
6136
7492
4580
7585
4634
1275
2786
5641
7080
1991
2043
3256
3465
5853
7514
5896
3261
5853
5719
7886
305
4128
7088
7450
667
672
837
7872
5746
7823
3240
3825
112
5427
1559
6861
2538
5092
1535
7994
2528
4394
8026
1216
532
5529
3789
4017
2975
6839
2765
2247
178
3496
1984
1891
2702
4422
3056
4596
348
1478
6469
3233
2662
3950
3645
5923
3002
5168
7982
6009
2166
1471
3065
874
4459
4395
4081
394
2208
1382
5287
4127
3852
6763
804
1166
4524
7086
3329
978
6354
900
4350
5630
7218
6820
757
2227
6960
435
3636
1062
1087
7346
3387
3028
3151
2243
1299
2787
2765
7067
8062
4156
2990
7797
216
7277
1620
531
2271
7980
5731
8023
2583
7895
2028
1559
3237
3637
386
395
6650
7591
1658
4144
2237
4388
5158
311
646
2428
2117
1741
2991
1065
143
6332
263
5986
675
5371
3159
217
61
3475
5292
5695
1559
8039
3623
4855
7006
5710
8116
3793
2456
236
6910
408
4113
86
1613
5204
6496
3509
7808
7794
7751
2907
266
2229
167
7825
1940
676
4562
4602
5255
3580
8174
1062
4095
8040
5129
6361
386
686
2043
578
875
1371
5864
4492
4236
5325
6734
7930
6037
1421
6727
208
4343
8133
1105
2254
332
6199
2903
4940
4100
587
4577
1815
6472
1949
2777
4017
1836
3159
4092
3622
5218
243
5024
7692
1733
7910
5989
7565
451
3101
5886
4926
3443
3775
7056
1478
2639
5254
7064
5434
4623
6627
4721
6496
7266
1550
6495
1207
5811
2825
7040
1287
7188
6483
508
4710
169
919
7913
502
3314
1029
139
777
1613
4389
7244
7691
4329
7277
5579
4465
7913
833
7035
938
702
8048
109
6415
4412
5402
7064
4939
54
8135
2166
4164
7645
1245
1768
1502
4507
7408
4847
3637
1520
8013
8048
7034
4353
2368
6714
2511
5383
3522
3562
3196
491
8021
1272
6450
3775
4851
6608
4472
5193
2466
2127
4876
4878
5434
4703
832
82
1839
335
1430
3986
1824
4340
7209
320
5183
3162
1599
689
3196
5730
531
2369
7172
7
3694
5993
676
5493
8047
1946
7132
1114
712
7941
5104
7357
4722
5201
522
3608
5292
1157
1842
4422
4596
3700
6327
6243
5531
5227
6000
1017
5434
6248
2368
2654
5589
4406
4605
6636
5739
8111
6181
1734
6354
4614
5209
5053
6377
6508
3271
98
7563
8073
4333
3716
5636
2903
7740
507
1929
8187
1556
6069
5535
1285
210
44
421
4712
1821
7332
8055
601
7592
3077
1105
6409
7566
2015
3475
5514
7976
7588
4667
2650
5636
7887
3541
7011
3117
7314
7287
5261
5579
692
4694
5277
5075
1020
4256
3715
3769
1155
5682
2308
1750
3455
7240
736
1554
5531
1857
8023
2907
5514
5035
7135
4296
5264
6876
2002
7227
7157
786
2127
7072
1750
4453
2992
740
4570
3936
3381
6083
2989
1733
4441
335
5777
2167
675
6000
1071
1768
7680
7592
1309
6409
7440
1042
4800
2753
7918
3184
261
2224
954
2343
7593
4238
4321
7230
7398
1725
3207
2855
4896
2223
3634
753
7056
3849
4618
478
6829
6563
5493
7625
5933
932
7775
2365
4070
6988
6777
3298
8012
6882
7564
6245
4867
6796
2868
2444
1762
7246
5229
1932
5092
1836
4140
2265
7210
3196
2127
6945
7755
1463
7921
1345
1479
6437
90
119
5999
7744
4363
2430
992
3351
1095
6245
2851
202
411
5779
4004
2773
3260
4066
6216
7691
1289
7093
4777
6689
1675
3656
5398
1009
2127
5024
1409
1521
7210
5545
6041
6258
6078
2543
2698
2227
1071
6590
4293
2329
7665
4712
6310
1962
5129
4485
7172
5175
109
7866
8151
665
7289
4146
1631
7722
6237
5057
4340
7923
5335
2696
643
2771
6850
6759
3435
6027
7262
