0
0
0
8
9
0
0
2
10
0
1
2
0
0
0
0
0
2
0
0
0
9
0
6
0
0
0
3
0
0
0
2
0
0
0
0
0
0
0
0
0
0
0
0
0
0
0
0
0
0
0
0
0
0
0
0
1
0
0
0
0
0
0
0
5
0
3
0
0
0
2
0
0
0
1
0
1
0
1
1
0
0
0
0
0
0
0
0
0
0
0
0
0
0
0
2
9
0
0
0
0
0
0
0
24
3
0
7
9
4
0
0
0
0
0
1
4
0
2
7
0
2
9
3
0
3
0
0
2
0
1
0
0
1
6
0
0
5
0
1
0
4
0
0
0
0
0
0
3
1
0
0
0
4
0
0
0
0
0
0
0
1
0
0
0
0
1
1
0
0
0
0
0
0
1
0
0
1
0
0
0
0
0
0
0
0
0
0
1
5
1
8
0
0
0
1
0
0
0
0
0
0
0
0
9
7
11
1
8
1
28
2
2
1
3
1
1
30
1
0
1
10
0
1
1
3
0
0
3
1
0
0
0
0
0
0
0
0
0
0
0
0
0
0
0
0
0
0
0
0
0
0
0
10
0
0
5802
6820
7921
7086
3604
6267
5943
6171
7200
641
4150
3682
6431
6504
387
2853
358
506
2700
6235
1081
7091
5331
4922
2771
3386
6228
3936
3322
4478
7405
3835
2799
5751
4375
4624
3984
6063
5956
6792
4721
6025
6236
1706
349
5406
1609
2579
7657
286
547
1633
4032
3101
3437
686
4150
6031
6645
7913
2780
3096
6756
3358
5283
6041
4608
6940
2871
7667
2498
696
4167
3869
336
5186
6309
8070
3397
6682
6835
6500
6494
927
7342
6239
831
4150
1464
3449
5019
1740
6465
5109
3804
2951
2009
361
4788
2415
6968
429
4167
4946
3800
1687
1264
4275
6494
4541
6490
7990
1080
532
2955
754
429
4931
4504
4623
4926
6884
4442
3320
4213
5647
3650
7483
4407
6877
3433
1055
5422
1030
5841
4665
6792
7762
878
4917
2313
7912
7562
6959
3099
4302
7400
6986
2300
2057
1870
2120
6776
4224
3433
4533
5183
7575
1820
1778
6445
2491
5654
4274
1470
3981
6498
3087
6742
336
7747
5328
3421
6559
7432
4027
6003
56
7762
1401
3274
7135
6735
1709
3322
3386
5232
3445
2442
4261
7497
7051
4412
6724
4876
6447
280
3793
932
2533
658
5357
7088
6283
957
5054
556
811
4469
43
6578
4607
7960
2846
2701
616
3134
6058
4217
3936
3811
6327
1716
6660
600
3862
6294
6465
486
5601
3804
1242
1279
7699
6005
3117
1816
6030
6336
7121
171
4005
4096
6247
2619
6819
1609
2789
6045
8020
1275
4689
947
6650
7590
3995
2764
791
7485
3765
6887
7592
683
2832
1087
3460
3887
3424
4805
6217
6369
3277
5529
3331
4115
4980
7562
5961
2065
1761
6211
2323
2319
2272
210
7463
5636
7845
7871
6295
7828
4598
1350
1050
6058
338
7101
1086
1741
1299
5389
5832
7169
1850
5162
4145
4178
3689
6239
3913
3522
2158
5691
2148
4653
2319
1769
3684
3684
3702
2676
7790
1343
4876
3660
3823
4236
2068
6782
8131
3156
3509
1251
6981
5300
4437
1444
944
6665
2737
3753
5211
8164
6986
3327
7991
7088
6867
2817
852
2690
1600
2696
3916
6590
3123
4575
907
3604
3626
6780
3181
236
6182
6278
250
6586
2789
3397
1618
2375
5154
7453
750
1570
1507
5856
6494
4871
5558
2009
6756
3666
5915
3555
4488
7716
6346
4604
2672
984
4915
6373
312
6910
5841
4881
5292
543
6461
2872
6267
1484
8124
7524
2418
1733
2483
6058
4812
3455
2654
2975
3161
1870
5236
3027
5119
1084
1042
3842
6983
65
6751
4090
5974
2456
1638
3647
6346
2690
3605
2528
1991
1625
1197
6490
6989
1157
3469
6000
4716
4291
5403
3684
5620
1870
1522
3475
3469
919
61
3661
4845
4194
4483
1166
3622
5115
5681
4836
7216
6533
1741
4176
4544
3009
6461
2180
7692
1057
6776
2527
3229
4412
369
3358
8191
234
6183
6722
4479
3513
7155
4087
5688
2146
6759
143
3861
3320
2462
5070
2278
1066
3478
5539
2842
3040
2779
4631
2690
3096
2217
4390
1940
3407
4392
2975
5918
5666
4737
3161
4604
3571
6906
1870
6188
3004
6770
1470
5434
2374
2826
2778
2803
4876
7380
33
8115
6729
4113
7891
2772
6756
508
7788
6176
966
2057
4340
7061
6307
1595
5689
4486
6903
966
4261
8106
7013
914
3851
1524
4325
1365
83
1679
1287
1684
5701
5371
6006
2386
256
3386
3364
7415
7028
7692
4708
4737
4339
7887
5048
7218
3045
6731
7654
795
4261
2986
1539
1411
1954
797
3806
289
7294
7395
4802
6728
1361
4812
6228
7910
35
7436
2942
1521
1322
2645
7405
4340
3061
3092
1767
1600
7921
7575
6183
2057
6989
2999
3320
6562
7921
8160
4442
4319
3902
619
1056
8059
2679
3274
5890
3571
6650
2276
5255
933
5833
5166
290
7389
3702
5402
5092
6877
254
4504
3244
4374
4099
2570
5317
7736
2496
7028
1752
7980
5858
1981
3144
6235
6358
1157
2466
2531
753
3154
5385
5731
3386
2173
4355
932
1009
4315
2713
6391
5385
5933
8138
2762
3449
2553
1285
1740
4339
3229
61
4934
8048
2608
7838
6323
3589
1514
6069
2271
4880
7497
5232
7415
1289
1217
1062
3074
3292
2166
8187
3229
3876
7827
331
7851
5456
5706
3559
1322
5043
4261
3322
1750
3561
1534
5964
3095
7437
6353
2690
6797
3079
1873
4505
7861
7279
4640
6691
6179
2862
2491
5013
295
727
1313
5166
617
5099
7467
4618
30
3795
4389
2825
7497
6321
6228
1567
142
3449
5037
101
7319
3847
3264
3373
6183
1598
7070
3391
5601
4824
2676
5013
1820
2654
3386
6521
4228
5139
7210
7780
4818
3561
7642
4290
5802
2622
457
2341
7156
4062
1581
3117
569
1839
7871
225
4457
7869
1564
1014
5024
3052
533
1845
1776
1940
1535
4472
7221
7203
684
5232
61
1157
5620
4387
2630
4341
6144
4822
1488
7244
4975
4422
5201
3933
8040
4264
2918
5537
3695
225
1672
7777
6141
7497
6417
931
524
3322
2005
7844
1598
1873
2442
4533
6075
6323
2934
802
2270
4504
7178
2146
4431
6346
6722
2339
5220
7583
6332
407
7217
4921
6553
4892
2470
1062
7160
2024
2904
1773
2439
3359
4392
5668
1157
3848
3289
92
3487
7497
1870
4492
980
2800
7233
5993
3684
2137
1046
3480
1600
1353
6257
6294
1464
4472
1534
4716
3274
4511
2950
2682
3749
581
7645
7598
4877
6963
7585
2104
1067
5183
2119
5731
1452
6657
5748
1245
1581
4984
726
7121
795
7121
2415
7520
7587
5398
2679
2339
5654
177
7417
6492
5263
5171
3435
614
3592
7801
2960
7344
1441
2799
3348
4521
5292
2368
7497
3161
2013
7408
2244
7911
673
919
5470
5292
1062
7827
3561
7160
4412
4880
1279
1042
6307
8121
3936
4570
4174
3721
6320
1062
1441
3722
736
482
7497
5222
7491
7861
2369
6075
7887
7405
6820
3364
2501
8187
5710
3480
1534
5220
6879
6887
4472
6549
6243
3876
5715
4349
3740
2648
2244
2442
7155
5283
7138
4604
7575
260
7640
6438
4349
1163
3115
6321
7344
1155
4598
4036
698
3888
3483
4818
4150
