0
0
0
7
8
0
0
2
10
0
0
3
0
0
0
0
1
1
0
0
0
9
1
6
0
0
1
1
0
0
1
1
0
0
0
0
0
0
0
0
0
0
0
0
0
0
0
0
0
0
0
0
0
1
0
0
0
0
2
0
0
0
0
0
0
0
0
1
0
0
0
0
0
0
0
0
0
0
0
0
0
0
0
0
0
0
0
0
0
0
0
3
1
0
0
0
11
0
0
0
0
0
0
0
24
2
0
16
6
4
0
0
0
0
0
1
2
0
0
6
0
0
6
2
0
0
0
3
2
1
0
1
0
0
0
0
1
1
0
0
0
0
0
0
0
0
0
0
1
0
0
1
0
0
0
0
0
0
0
1
2
0
2
0
0
0
0
1
0
1
0
0
1
0
0
0
0
0
0
0
0
0
0
0
0
0
0
0
0
4
0
8
0
0
0
0
0
0
0
0
0
0
0
0
10
1
7
3
2
4
28
1
1
2
5
5
0
36
0
1
1
10
0
0
0
3
0
0
0
1
0
4
0
0
0
0
0
0
0
0
0
0
0
0
0
0
0
0
0
0
0
0
0
10
0
0
583
4476
2002
5902
5515
245
4069
8059
2195
7323
2397
5844
2691
957
6833
1892
7482
1280
877
6997
7688
4406
5265
708
5442
482
1319
2548
8069
8186
7482
3747
3824
6810
4088
4604
2981
7467
5614
3404
7640
3401
5761
5092
5000
3321
1466
324
4227
4011
4722
7
3684
575
4984
1789
1789
1280
5896
4338
1319
1084
5423
2679
5495
7037
1607
2614
6266
3700
5476
6899
5761
7061
2850
5149
6505
1522
2741
1114
6181
4385
763
2682
5531
715
4858
1447
3971
3581
4628
1958
3161
2157
966
6583
649
7982
1988
4112
61
4953
7527
1733
2359
7811
2445
6742
7017
3101
5667
3733
7720
698
2459
5746
3077
7493
3085
1425
1209
5601
649
1292
1202
3326
635
7604
3293
4085
7614
1713
302
1929
2181
616
2985
6496
7329
6600
1104
936
6682
7592
1699
4900
5682
271
6089
4944
335
1803
3038
2930
3449
2397
1595
1308
1103
5847
5382
5459
542
6493
6854
4930
2282
4512
3472
2393
1591
3960
5122
267
6078
650
3245
1345
7234
2753
4264
7230
1699
5754
6237
1958
3038
5547
7882
1319
7110
7720
5334
7816
2468
7690
7147
701
7712
7836
5383
179
5196
453
8020
1911
4492
325
1810
7676
44
7056
550
7753
5397
7039
7507
2392
7588
7258
1607
3682
6720
6522
4090
316
4894
3545
822
1518
1294
5800
839
3362
1984
5052
3283
2686
5292
729
1765
2156
4869
3843
4389
174
1989
1309
2442
6802
3490
6320
2657
2248
4361
7995
1891
2528
6890
3573
8035
7607
3788
4138
6172
3324
2095
8033
7987
1295
7002
2184
219
5745
2136
6262
2253
738
6610
2799
3413
2629
352
7369
491
4150
297
6321
5597
7203
6076
4273
807
3024
7512
2834
2834
179
5241
5557
6665
2305
937
2165
1311
7013
3174
5997
1308
2464
5224
5422
5817
4773
3521
5705
2631
7235
3682
2522
5156
4352
5924
2662
1566
3007
4749
6733
5702
3506
3914
1570
6719
3882
7827
2002
2006
1661
2854
1396
255
1631
4809
3330
6206
3040
7231
6169
7361
1504
6921
3449
7038
5123
396
4492
4492
7801
4524
3838
5417
7282
7732
5293
3472
59
4734
5743
6135
4644
5099
7921
6835
2465
182
6766
3944
2174
6093
6174
4131
5300
6837
7300
3580
4749
2948
7205
4255
1201
6013
5820
3403
1923
6486
7970
5147
5406
1638
7059
5833
472
2901
7198
4213
6414
6618
755
5144
5550
5828
5635
5953
3399
2053
620
7879
3922
6939
4639
1048
5913
7085
7714
1077
3060
4145
3472
426
6694
296
10
2784
2184
3240
2485
649
2558
1249
4746
6474
434
7482
731
5224
3388
2148
5096
352
1804
1833
5784
6457
7623
2172
2637
7290
843
2352
6801
2498
1006
6843
3462
835
7451
148
2358
6249
2597
400
4549
6137
5048
7679
7171
1994
2029
6398
3913
25
3048
5044
1825
1184
2546
2643
7537
834
2205
4032
7560
7748
1680
825
7732
2662
1550
3543
7235
7911
1157
7523
6866
2446
2112
4049
5375
3184
6350
7265
562
374
2316
956
1109
6956
7843
1639
988
2316
2962
6240
7344
4202
959
1803
3322
3214
2597
5761
4379
6384
1393
5011
4772
5142
7078
6139
5335
6415
1121
7206
7460
5896
491
240
6928
7068
78
4169
1810
8003
2508
3256
626
1748
2105
3258
1776
6875
3443
7921
2164
338
6386
2305
7065
3054
6066
6301
4778
4529
2735
7818
5407
4758
4822
2654
5240
2923
7058
6205
5040
6551
1704
3424
903
3416
4800
7419
3816
4604
1590
4326
7497
3480
4475
7733
7634
2187
5835
4325
4506
6172
6434
4145
7147
280
7281
1784
6384
5450
6867
6413
5234
1484
5345
660
6236
932
542
657
3614
472
4081
5779
6568
2826
1019
331
8145
769
3338
5286
2577
1027
3472
5270
7041
4521
4255
3186
2346
6830
8025
4149
661
1781
5841
4728
4388
3322
4888
960
7165
5928
1677
7790
5418
7587
382
7243
2640
1623
7604
474
1303
2323
220
2690
4007
5494
226
3186
4270
6948
3572
1032
820
5806
7602
491
7887
4847
7882
7190
6532
2285
3166
3542
5507
4317
4851
109
2953
5732
2131
6760
4777
4903
1319
6112
6955
1631
7470
3597
4338
699
2574
3541
508
5166
5010
14
7371
6583
5095
3004
5561
3022
6164
6041
1462
7546
7882
1443
6070
944
4751
4839
3765
3773
7011
1308
4092
5715
3002
7282
7569
7389
5450
1765
2772
7736
4955
4921
607
1989
47
6215
6704
1119
5619
5536
6569
4375
3210
877
6743
4929
6268
4305
990
355
4939
6599
3364
7011
5078
4478
6685
2313
5904
973
3694
5948
517
5619
5536
2252
2686
6784
500
4949
5710
353
4914
1443
6106
3068
5547
3604
6694
4626
5973
1497
7940
4255
4196
3969
8009
6735
1534
5911
6654
7138
1595
872
4361
3438
4216
3747
5024
4293
6677
6082
1273
5476
8143
4569
5232
6590
4399
3483
2320
3486
4029
2496
7806
3927
2511
6921
2303
7241
8159
2954
420
2863
2684
4689
2123
4233
5594
3559
5129
5019
7190
3148
8000
5430
396
61
6467
2856
4361
1048
2464
5403
1164
2868
4542
2252
5552
48
393
2699
752
1182
1089
7086
35
2009
6929
4794
4399
5484
4712
1238
7070
6732
4017
7679
1177
7077
1301
8075
5332
2737
6480
6475
6020
5403
3911
7230
156
1308
1075
3541
4291
5730
6879
2916
7556
615
3494
3942
914
3081
3575
995
2894
1769
3969
6000
7230
1011
3494
6868
5020
2137
2405
7237
2654
7966
7011
7924
3830
7304
4484
389
4580
4702
4605
6899
3644
1787
5705
2629
4164
5168
1048
254
2419
5166
3347
2679
1699
4702
45
6937
3158
8151
1217
1029
2296
7289
4049
1830
271
4399
5220
5222
6212
1856
4735
5603
2947
5408
3741
5507
7517
3186
2418
6437
3693
1732
7418
4858
4526
945
472
2678
1520
947
2248
4979
4858
2708
5020
6438
5761
7028
4987
383
3586
2106
7575
5654
5839
6770
7940
421
7207
3706
3165
4190
7464
7989
896
3051
6608
7223
514
6590
3240
6759
1048
673
3240
2791
2661
6132
4170
