0
0
0
10
0
6
0
2
11
0
0
0
0
3
0
0
0
1
0
0
0
0
9
1
0
0
0
0
0
0
1
2
0
0
0
1
0
0
0
0
0
0
0
0
0
0
0
0
0
0
0
0
0
3
1
0
0
1
2
0
0
0
0
0
0
0
0
0
0
0
0
0
0
0
0
0
0
0
0
0
0
0
0
1
0
0
0
0
0
0
1
0
1
0
0
0
6
0
0
0
0
0
0
0
22
3
0
5
8
4
0
0
0
0
0
1
1
0
1
1
0
1
3
1
0
1
0
0
0
1
0
0
2
2
0
0
0
0
0
1
0
0
0
0
1
0
1
0
0
0
0
0
0
0
0
1
0
1
0
2
0
1
3
0
0
0
0
1
0
1
0
0
0
0
0
0
0
1
0
0
0
0
0
1
0
0
0
1
0
3
0
8
0
0
0
0
0
0
0
0
0
0
0
0
11
3
9
5
2
0
25
3
1
5
1
1
1
13
1
0
0
12
0
0
2
7
0
0
0
1
0
1
0
0
0
0
0
0
0
0
1
0
0
0
0
0
0
0
0
0
0
0
0
10
0
0
8063
609
4513
6236
6061
6593
3548
7266
1627
2475
3605
642
2079
8137
2862
2200
3039
4986
2256
7457
6286
3099
1212
3089
3472
4677
5337
406
4633
4263
4895
6622
2144
2113
5841
5253
7449
6742
4194
4280
659
3231
6807
5218
3552
7921
732
1881
660
4917
1627
6560
1005
6736
3309
4032
3206
1783
3014
2155
1382
5341
1212
3226
3345
6808
4113
5894
1547
1167
2250
2114
6057
4684
3062
6017
7607
5018
5144
2439
6662
3744
5685
3507
59
2020
2050
5234
4344
1695
7975
1489
4983
6286
6762
6476
1897
4586
6774
286
6496
2018
909
7214
2130
3241
2857
2450
6125
4535
2943
6964
847
3312
73
1400
6710
4059
4895
3361
6518
1998
1212
2142
5836
7906
5298
5919
647
5004
530
8108
1368
1668
7770
5841
2005
6514
4679
2559
6616
7018
125
7875
4696
476
3685
1421
1553
3967
8125
4637
5819
2792
4451
1651
5800
1572
7514
5518
5848
6794
4520
195
828
2812
4663
3239
7214
2295
7477
4993
560
6112
2013
3198
4676
1525
2660
2026
5864
6813
1068
2113
3075
5201
6528
2792
2561
3222
5558
6159
6901
6727
6805
1507
1627
2556
3285
5061
3779
1594
7541
2007
4547
2449
6146
7082
4430
2990
2994
824
3984
1264
3181
1507
2821
696
2592
4226
4928
5356
2320
1212
6871
7949
6586
4302
5312
2141
287
6807
6794
4123
858
3567
5816
731
3249
4946
2197
476
253
1162
6814
186
5994
4447
7248
3723
5435
3579
6270
333
3646
3099
6215
7344
4369
3951
2435
530
1795
3500
287
4780
496
219
5182
580
2336
8002
2847
4980
847
3691
381
353
68
3297
1080
3426
8007
5061
2598
2714
7425
5815
6878
3720
2937
5267
1666
8131
4971
5937
7750
2426
2446
1730
921
1971
6356
1858
2792
6762
6787
4622
6709
1567
3629
5366
7305
4204
944
2852
8178
609
8088
2890
965
6461
1023
730
1062
298
1264
7538
4338
6468
172
7217
5634
5846
2951
22
4919
2994
7083
5782
5724
5256
799
3479
3874
1339
4228
6758
6765
3070
5635
7949
6813
3181
659
7153
7009
3804
5373
1663
1108
7714
3136
6352
2628
4613
1347
706
7970
235
4920
1037
3140
5284
6001
4244
2872
5593
7569
6865
4437
5310
5641
6017
3266
5841
3053
6551
1024
6102
3909
3067
5901
2726
5655
1801
5967
5018
7098
4275
2291
6868
7028
3614
357
6817
7840
6794
2237
551
952
6504
1959
905
3183
1598
1140
1279
8146
6524
6863
2054
2521
3491
4296
924
6850
7743
3838
5448
5732
2446
6552
1511
8082
6516
6662
1442
7599
5345
952
4653
2602
2821
5312
6501
5051
5423
7859
7803
3483
4505
7249
5057
1337
4178
5843
707
2040
277
3662
6557
5997
5173
3836
5246
2722
6596
7642
491
6266
1251
2475
1436
6905
3500
89
149
3527
2825
5178
6244
2261
1155
4323
6697
4798
6449
272
1708
7285
6638
6743
3949
3148
7570
7903
3371
961
4529
949
5155
2392
7552
2602
5685
4512
4011
1577
5586
2022
5061
2813
8118
188
4019
5664
7028
5390
3621
271
5529
806
6616
5772
810
3927
168
306
7697
4437
1626
5094
1139
4128
8181
893
5991
7956
3811
4789
4635
3097
4816
426
2189
4211
2707
866
5530
1655
1159
4329
4242
3695
4980
347
306
3125
7282
2225
2722
1630
8160
1306
3891
4071
7009
4268
4846
1275
7784
2810
5539
771
3340
2434
3233
2371
7216
5951
48
4762
2221
3925
6484
6649
2384
6047
7388
3488
6225
7391
3662
1740
6549
2023
2936
1086
715
927
7753
5048
883
3239
6755
4083
4552
5985
7033
1713
7489
197
4869
1029
724
4723
1849
6460
671
227
6458
5655
3045
4093
6292
4478
1609
6068
6890
8048
1166
1029
4478
7174
3181
7734
6364
4083
8123
2062
4446
2654
7437
1924
5813
7568
4809
1444
5834
916
7746
6022
2541
2637
3283
182
1824
5767
260
5937
6321
6211
2164
1160
1629
3306
3268
2599
3874
7949
251
6256
6225
4668
842
2248
2352
3072
4640
4568
5394
2411
1793
3427
6413
1361
7378
6041
3995
7436
5305
4350
3455
3038
5024
3396
1315
1876
7278
1761
5728
2948
4795
2813
4807
5906
10
2458
3432
3245
2109
1732
4301
622
6973
5335
7845
4990
591
3402
1253
7726
3698
2073
2949
7408
1714
82
1270
4205
7784
2422
4508
6957
3107
4604
6273
6291
4634
3842
5442
1062
4022
4503
5024
521
6301
7933
2279
8030
170
3747
2893
1589
6876
1726
5116
7398
7566
3370
3443
2398
6371
5364
985
100
7968
7190
1626
7686
7025
7688
2650
2693
4758
1502
3233
425
2662
4190
5679
6271
5489
2631
7622
17
2387
7405
4950
7462
2511
5794
2813
4363
107
3303
3497
763
1270
5850
4479
7351
1322
5521
2312
7753
7297
4147
7187
6451
5470
7229
6769
4698
1155
4950
1749
5130
3790
4319
6938
2601
4245
6083
1213
3695
7828
5308
7884
3273
4481
6656
2863
6393
6057
5849
4882
7537
7207
5530
3666
2478
632
472
1607
5408
3790
3223
4492
3643
3082
785
5066
1937
5668
6577
1588
4685
400
5777
2744
6632
1834
2234
1616
2686
2796
568
1998
7361
1379
5912
5530
831
7962
6619
3610
5997
2465
4892
4514
3561
5661
6973
1718
1500
2813
7262
4579
3904
5493
6088
5742
5220
6804
156
8137
3170
5881
1155
6791
4112
2316
3273
3310
182
6189
7243
3389
5574
5412
871
1133
4094
3038
7371
1138
7289
5468
1150
7025
3367
4410
5780
7506
6190
7290
5172
419
5370
4962
7765
2684
7901
4214
6613
5994
589
8113
7424
7596
6384
7972
6588
8103
5430
3391
2597
1157
7039
1021
5688
1890
7463
1561
7013
6164
3888
390
2854
6677
4303
100
5361
1971
1295
1620
907
6450
5251
2341
4164
799
960
215
1060
7011
260
7202
5918
1295
34
3933
1873
758
6320
3004
6358
4296
2523
1590
4363
1556
4242
1442
7601
4765
6791
4599
3980
4569
2496
2734
2080
960
4569
4341
4788
941
46
3423
722
2943
466
6263
2843
836
7463
3440
5821
156
4194
7160
