0
0
0
10
9
0
0
2
10
0
0
2
0
0
0
0
1
1
0
0
0
11
0
5
0
0
1
2
0
0
0
5
0
0
0
0
0
0
0
0
0
0
0
0
0
0
0
0
0
0
0
0
0
0
1
0
0
0
0
0
0
0
0
0
2
0
2
0
0
1
0
0
0
1
0
0
0
0
0
0
1
1
0
0
0
0
0
0
0
0
0
0
0
0
0
1
5
0
0
0
0
0
0
0
22
5
0
4
6
7
0
0
0
0
0
0
1
0
2
5
2
2
3
2
0
0
0
0
2
1
0
0
0
0
0
0
0
2
0
0
0
1
0
0
0
1
1
0
2
1
0
1
0
2
0
0
0
0
0
1
1
0
1
0
0
0
0
0
0
0
0
0
0
0
0
0
0
1
0
0
0
0
0
0
0
0
0
0
0
4
0
10
0
0
0
0
0
0
0
0
0
0
0
0
10
6
8
5
5
1
26
1
1
3
2
1
1
20
0
1
0
12
0
0
0
1
1
0
1
1
0
3
0
0
0
0
0
0
0
0
0
0
0
0
0
0
0
0
0
0
0
0
0
10
0
0
5489
4053
348
7691
5945
2645
6023
2464
4881
6924
2896
5928
5715
5853
5364
7901
348
4448
1195
6731
4914
5343
5701
6778
2777
7679
2650
1075
2896
3477
6135
5220
4389
1346
2676
170
7301
3188
5798
744
4457
998
4082
4578
1944
615
6065
4273
2679
3959
5000
4944
6289
7582
631
5048
4164
1029
6761
6635
5279
491
6227
3469
7207
2613
97
615
348
6481
390
1217
2512
2916
4491
5350
4291
5013
2938
5517
39
7518
5048
5013
4594
4237
5112
7976
783
2648
1774
348
907
5536
4017
3196
5013
797
5176
7518
2788
783
4291
6391
7516
7984
2464
2777
2002
3712
5867
5998
6060
5020
7924
1900
8021
3561
4818
6791
568
1522
4233
7484
916
1917
5998
1774
1289
2835
5798
1265
7851
4818
5013
2057
8065
2257
1473
2015
5833
5743
3959
5171
2631
4018
1863
5343
8048
1479
5997
3068
2309
6950
1836
4491
3541
2736
2835
4498
5836
5129
7405
4835
3240
6183
5129
4575
6245
7887
4800
5430
202
6635
860
4969
1532
7451
6587
6879
4007
2736
348
3220
7451
1863
3790
2066
5436
6193
6131
6563
254
4361
4251
4237
372
3617
4448
4233
3240
7451
7901
4578
1550
758
443
1144
962
4291
2257
1238
5778
45
3661
1523
4578
7745
727
1852
3077
5979
4124
61
5412
7926
30
4242
2464
6121
5279
2513
2773
2377
1217
6737
2066
7283
6865
4282
7681
252
4202
4867
525
5077
7484
5165
3469
559
2678
4022
471
2566
1680
1740
3443
3835
5436
5279
912
999
3585
4448
5168
7059
5730
3536
1538
5348
4918
5869
2846
5685
4533
5779
6587
4628
411
5214
783
3220
1067
6668
4061
2494
686
4973
7134
6588
5982
6135
411
2613
3449
7506
4198
2358
6677
7845
1114
1805
6961
7044
7856
3306
7012
1395
3207
2285
7582
3667
6135
7235
7518
4291
6218
4857
3790
5715
1988
4621
2657
4950
5928
7497
2219
3898
8063
8007
324
7926
1793
1726
3496
2026
7549
1421
5714
2419
2995
2946
794
4816
2921
1784
783
3389
6135
5332
2613
4425
2533
2736
4419
2716
744
6677
1299
1326
2599
2386
3877
3163
1206
5598
4123
5969
1392
6655
4485
6496
6504
7438
5287
7733
516
2517
6104
3389
6791
2626
6103
5077
2855
4089
5579
137
4153
4568
233
6794
6621
8007
6528
530
4764
3688
986
6688
4360
5281
5917
8005
7858
1332
3709
4167
1489
4996
6301
4255
2459
1830
6791
6969
348
4809
568
6818
1415
5290
4138
8007
7027
7152
4231
4282
7611
1138
3571
5685
7762
6985
1654
4184
4552
5357
3281
8108
6909
4033
5385
744
2513
1776
6587
7419
3123
1774
2657
2825
1236
1900
2411
1421
2564
4252
3874
270
4829
842
765
6331
6391
5353
1195
6463
4604
5842
6794
5901
7856
3223
2678
4670
3454
1049
2329
3162
6135
5436
1414
6995
5112
5013
5627
1523
6800
7549
1632
528
3452
8020
3325
527
3277
3589
3440
1176
6957
1783
5429
5435
7806
2741
3240
2835
7236
4950
5412
5402
28
6053
2736
2835
1048
4716
5403
1308
6271
4763
3034
6573
1445
4337
2632
3427
3760
3642
1248
4758
4467
5498
2629
3389
4202
7415
1617
4651
5013
6417
7691
4940
7234
310
4578
7451
740
7484
4207
7997
2517
1368
1547
3163
7432
2475
4153
6263
5020
1559
5266
6396
1511
3748
2464
170
211
6060
7723
1778
3932
6183
5112
1576
7056
169
857
2041
5403
845
2748
3484
1400
4902
7975
883
5649
990
2435
3277
1429
3411
1182
1079
3564
549
1640
2339
5214
5661
2059
3571
6535
5977
6824
3454
2830
5871
7886
3115
3115
174
6671
7532
4576
6077
6043
3198
7649
3035
1882
198
7038
3904
4890
812
5685
4332
6494
1505
4644
5077
4707
6635
6921
1467
2066
5412
2547
6522
2076
484
1280
3062
1233
7743
6710
71
2256
3990
2093
2653
5847
1868
1421
4101
901
6801
3605
2714
754
6413
4777
5077
845
5412
1852
3748
2777
559
3860
425
6041
3291
3148
4332
5241
5203
4512
1991
3852
2883
4234
1404
1642
7991
6751
4493
3442
1537
3276
6688
2962
944
5741
5013
4881
3513
825
3936
2246
2066
6481
1821
4018
5945
61
1595
3169
4661
6811
1783
2391
1823
1923
520
6758
7879
5069
4819
1150
2857
755
4047
755
7569
7616
960
5279
4712
7753
3120
1184
2629
1740
3212
7827
2557
1029
3389
6228
6553
1129
5412
7453
3834
6146
2013
944
7906
6628
1344
5322
5674
8017
1891
4790
5538
3652
2244
6321
5079
8055
61
28
6009
4319
5168
102
7408
4341
5891
2496
4867
6613
6824
4484
2248
3646
5832
4588
7657
7423
1064
1087
5165
1892
1805
42
6283
5928
5403
4081
1074
8176
7905
6417
5165
973
2002
4578
6135
6450
7178
4089
2783
3571
899
2062
7419
3537
4860
2221
2460
1065
3947
7872
1714
5629
3123
5650
4202
5048
6256
5767
2076
5489
3661
5928
783
7784
2835
7901
34
3968
6587
1863
2612
5938
1944
7933
5419
4721
3310
1490
1705
7523
2411
4251
194
4628
5833
5482
3154
8173
3291
6258
3240
5997
2773
1039
6082
4698
4851
5350
1972
3120
3773
3791
2081
2747
4011
2074
1331
2803
4684
4473
6622
235
3741
8019
6824
1775
2915
6518
2533
6456
960
3454
1209
2793
592
6635
6384
3007
1483
3561
7260
4670
1969
1238
1698
7661
1440
6166
4331
3477
5425
1398
246
7064
5726
6989
957
6560
7400
214
3427
3213
726
6027
831
4874
2788
7675
5682
1320
6417
2120
4197
592
7451
202
6945
978
7776
1494
3661
3077
7679
6735
47
3074
7013
3608
1650
683
422
5712
3702
7190
4609
2892
1544
5853
7435
2137
2015
6818
5292
1928
2788
1348
4352
2671
778
4341
332
4291
5514
919
3390
7790
4670
538
4524
7993
7056
1836
2835
3541
2145
2875
1849
5013
1852
4651
7416
5942
2574
7405
2956
6777
3257
1048
2002
5048
7070
731
5896
4796
98
3071
4089
2762
2896
5229
6307
8046
266
4707
7596
4791
1969
7940
8136
7609
6791
2777
559
4317
7207
