0
0
0
11
0
5
0
2
9
0
0
0
1
0
0
0
0
1
0
0
0
2
6
1
0
0
0
2
0
0
1
5
0
0
0
0
0
0
1
0
0
0
0
0
0
0
0
0
0
0
0
0
0
3
0
0
0
0
0
0
0
0
0
0
7
0
1
1
0
2
2
0
0
2
0
0
1
0
0
2
0
3
0
3
0
0
0
0
0
0
1
0
0
0
0
1
9
0
0
0
0
0
0
0
19
1
0
6
6
4
0
0
0
0
0
2
1
0
1
1
3
1
2
2
0
2
0
0
0
0
4
0
1
4
2
0
3
1
1
0
0
2
0
0
2
1
0
0
7
0
0
0
0
1
1
0
0
2
0
1
0
1
2
0
2
1
1
1
0
1
0
0
1
0
0
0
0
3
0
0
0
0
0
3
2
1
0
1
0
3
0
11
0
0
0
0
0
0
0
0
0
0
0
0
10
6
9
8
6
4
26
8
2
6
5
2
2
23
5
1
1
12
1
2
4
2
0
0
0
1
0
4
0
0
0
0
0
0
0
0
0
0
0
0
0
0
0
0
0
0
0
0
0
10
0
0
5434
1748
5248
938
2624
6510
3693
6198
6889
7208
4007
2957
1943
2868
1415
5413
3541
6770
639
5396
2205
6371
4605
1466
432
5267
3222
6790
727
6447
7844
2421
7869
3469
4291
420
3832
925
5412
5767
5292
1991
7860
3433
8113
3685
5874
5791
272
5322
2192
6203
8001
1618
3584
5045
3002
83
1845
1911
2603
729
5482
5236
3200
7029
3490
5403
5691
7575
705
1883
7491
3297
5379
5909
4340
3086
4605
4651
397
3851
1395
2737
7527
955
2401
6128
3897
1584
5476
6571
3458
2891
7613
2279
7112
3209
7582
227
935
618
7592
5537
2019
6665
1167
7753
778
7647
522
1023
1667
4033
7777
2832
8030
34
220
4431
590
629
4236
3553
7642
7520
660
5275
5620
2082
1534
4618
4481
506
7887
5290
2727
435
233
593
937
1497
6972
3950
7559
2516
4087
6002
5915
1830
4192
1629
7595
6070
5833
6031
941
5403
1395
5806
3245
4928
2411
7755
803
2593
6365
2850
2709
7418
1326
2456
3291
6480
600
7482
4634
6861
6053
1422
3196
7745
5408
2920
5357
740
994
3469
5041
7945
853
3158
3666
2340
7235
4578
597
1954
3945
1928
6128
6789
3366
4676
4810
2478
4812
5344
7779
3237
227
6791
624
7121
8011
2015
1251
2471
8103
2244
1285
3185
7645
48
7279
7528
1620
1611
1794
3588
1819
4724
7491
6934
6734
6854
6646
715
5427
3754
7779
4812
7675
2419
1824
5549
465
1899
4634
4671
4022
1769
1042
5107
349
961
7279
2185
3291
7041
2343
3077
6735
7115
979
6691
5585
3866
3605
2921
4224
4667
6522
7090
7143
383
109
7582
5843
2980
5024
1409
1618
5858
338
3535
7004
1513
6700
6267
3790
3549
7013
702
3816
3223
3549
6817
3657
962
5770
7317
3248
374
597
8075
1559
1100
7148
568
8160
3884
2446
8006
5570
2401
7745
261
7902
1581
34
6285
597
2225
2411
4346
4754
1786
6700
8005
6424
1013
379
6049
8008
8185
753
7844
6735
210
4639
5531
4291
7629
6243
2737
4339
6637
1767
852
4232
5382
1466
4536
5202
2136
5408
5520
1320
6031
2593
578
6809
7743
440
4401
8183
2456
57
932
1464
3660
2541
5283
4374
4182
7250
7333
1830
829
4548
4521
3698
785
7622
2074
4064
559
639
2541
5551
1581
1326
1115
52
5124
2847
1477
57
6653
1461
3426
7377
7198
657
3584
2364
5130
1944
6473
5419
393
2297
2949
5408
491
3244
2531
1486
4341
2002
3561
1024
562
6971
4566
6692
7423
1305
1968
6692
5981
3195
5827
2991
1242
7389
1820
7177
6698
4462
6659
208
3667
4489
7428
3584
6509
2479
1611
13
432
4880
1279
4291
4235
6269
3780
3479
3520
5256
7749
2990
5052
5471
7306
1477
2787
6645
3386
5547
1444
1934
7570
7691
7432
1224
8001
7622
2131
1441
4094
5633
4004
4580
2626
1815
2171
2021
4982
4649
7137
3780
8057
4132
4091
222
5299
7181
4723
5805
258
1475
1651
1595
2057
333
657
5977
980
1618
7380
3307
7739
2875
4759
7897
8093
4165
6841
265
961
2908
3769
3508
7981
7668
3518
7771
1695
2508
3940
4618
2920
7860
4148
6877
5870
6818
6181
4335
2894
2185
2863
3376
2830
286
2365
389
4207
2854
1431
6646
4682
5991
5753
806
7919
7174
7465
4871
929
5289
3426
3761
1248
96
1959
7064
5168
121
7049
486
1660
1709
5563
3680
3851
515
7205
3576
1395
3901
2687
7899
1623
3104
5673
3228
6399
7521
5740
3522
1710
7465
1903
2008
3057
428
4722
4734
6031
4632
121
877
4224
444
1027
5591
209
829
2378
2166
5948
7995
3331
4576
2990
4983
5981
3104
1378
1945
7903
6769
7771
6298
8076
3130
2584
3893
7389
6720
2782
3861
7012
3205
1188
396
7568
807
4862
3373
5830
8151
5756
1255
5195
3070
5052
1305
1766
5991
4752
7412
1426
7771
6692
5753
7521
2020
6221
988
5325
4217
7821
3164
144
3465
6183
3119
3191
3644
2328
433
1439
2263
5340
6308
4698
381
3279
291
216
5256
2251
622
8076
4682
7390
5353
2052
6773
4360
1781
2488
5506
4119
1114
3271
7710
1201
1678
597
3143
4326
64
6876
3536
7056
4106
1672
2509
1294
3659
3508
6506
4286
152
7317
3828
7429
6269
89
8008
4982
141
6905
3940
8084
3250
6172
3047
4550
6059
4846
964
5019
1265
6619
650
6680
34
4569
3770
2508
5981
5240
4982
5366
5991
1891
549
4682
8074
1571
5237
6676
5505
6816
5873
1099
655
2052
6699
765
2238
1990
2190
7235
4969
7796
7301
6450
7022
7806
6289
1757
5968
5262
2770
431
1894
8015
3940
8109
1986
7212
4349
2897
2135
6669
6715
5505
3511
4982
5872
349
5804
6009
2838
4007
1873
458
2545
919
1091
4809
5154
7036
4676
3140
1720
5455
6747
6086
4974
2847
6280
5011
2059
4765
5946
1628
1894
2818
953
1960
2380
4209
1544
7902
5583
1415
1716
6497
2188
4722
6583
5094
1377
94
3293
362
7903
1891
2959
7668
5910
3518
7429
7761
7687
152
3371
6436
7815
6086
1460
2487
4173
3748
3202
3452
515
4348
6724
1382
1622
7472
3698
79
314
7173
1812
7875
4398
5981
1894
8054
2291
6399
8183
216
4121
5910
381
7584
827
3050
534
1039
7609
284
1880
997
4201
914
2610
7735
2382
6715
2946
2187
3479
7743
1718
2254
4388
2187
4212
41
5932
4212
3125
2096
3417
1695
1720
4011
4331
5840
2929
4027
5764
3000
6996
4358
898
1778
1890
7078
4756
1766
6400
1747
7412
6723
6322
5774
3673
1557
1991
1728
5262
4212
3622
5049
2946
6814
6433
5402
3667
8081
266
714
5904
4278
515
1964
898
1775
2217
4748
2062
5376
1714
7497
7793
5908
5323
57
1497
2688
1179
7536
2874
5312
6769
7476
1386
5786
928
6338
5347
1752
6569
8156
4885
2787
6462
328
234
6073
5322
2720
5470
7575
4372
4830
1004
5251
329
4980
7491
7575
702
1229
4440
4665
942
1395
4634
1195
5920
5663
249
2548
2280
942
6565
3473
6108
432
