0
0
0
9
0
8
0
2
13
2
0
0
2
1
0
0
0
2
0
0
0
0
7
1
0
0
0
2
0
0
0
1
0
0
0
0
0
0
0
0
0
0
0
0
0
0
0
0
0
0
0
0
0
2
1
0
0
0
1
0
0
0
0
0
1
0
1
1
0
0
0
0
0
0
1
0
0
0
0
0
0
1
1
1
0
0
0
0
0
0
0
0
0
0
0
1
6
0
0
0
0
0
0
0
21
1
0
9
5
4
0
0
0
0
0
1
2
0
1
1
3
1
2
1
0
0
0
0
1
2
1
0
1
2
0
0
0
0
1
0
0
0
0
0
0
1
1
1
2
0
0
1
0
0
0
2
0
1
0
1
0
1
2
0
0
1
1
0
0
1
0
1
0
0
0
0
0
2
0
0
1
0
0
1
0
0
0
0
0
7
0
9
0
0
0
1
0
0
0
0
0
0
0
0
10
7
8
6
7
2
25
6
1
8
2
1
3
14
2
2
2
11
0
1
2
5
0
0
0
1
0
1
0
0
0
0
0
0
0
0
0
0
0
0
0
0
0
0
0
0
0
0
0
10
0
0
4605
2986
783
1493
3551
1238
7230
6818
5739
6826
2325
1672
2474
7563
3096
3007
6318
592
2896
2057
80
6481
4162
5352
12
4164
536
5902
3068
4509
504
6104
1672
1672
4114
245
3993
6526
837
7800
3701
1158
631
1938
2309
6791
2309
5415
6303
3528
2783
5317
6165
633
5561
2184
8025
170
202
3513
2896
45
1279
2732
6950
1725
7666
3910
6836
8162
8171
458
4199
7801
3986
5829
1500
6125
7593
3039
5129
2130
4747
158
184
1824
3240
35
5742
5229
5143
2773
1289
2958
414
2583
7639
2773
835
6976
5351
8136
2700
2630
6073
5783
1256
155
3971
3367
2762
7004
3806
6359
2771
229
7680
6526
335
2140
4914
592
5746
3161
7451
5000
3477
7868
7593
5495
7246
6635
2124
7074
6654
6799
4379
6001
4786
2889
933
6915
7321
4722
777
4521
2836
7795
6633
4112
3824
4722
592
4973
1948
5229
5374
2958
214
7948
2489
7639
5944
1237
3449
2352
4654
7679
5075
3351
2611
584
458
7229
604
7575
4703
2318
3413
838
6510
2369
5999
4238
6430
211
6258
1948
5129
1546
2771
2463
6170
643
7588
3687
6915
6000
1944
4791
643
7098
837
396
6645
3121
6835
6132
7198
2808
5452
1425
200
5870
1803
7642
1450
2283
6997
5664
2061
7868
5402
5112
7002
654
3072
6255
5013
5070
7577
3291
4872
8117
906
6830
6058
7246
967
4762
7352
4827
7344
35
5012
1039
5963
4120
5279
5779
2202
5332
5343
3378
7815
2121
6562
6627
6520
4301
7806
6238
7006
3968
7456
4717
5267
6346
7618
946
4243
3116
5462
379
5291
245
5160
5255
5149
2327
6724
7642
7380
783
215
7911
7085
1333
3494
838
4319
288
926
3378
6414
2139
715
1021
2406
7966
1617
304
1326
4982
5080
265
51
7092
7028
7986
4716
4818
6791
825
2280
6076
3510
5666
966
6826
1252
4796
1050
5011
5246
4769
4070
797
7437
425
2736
2958
1821
762
1528
1086
3985
5262
287
6862
7527
1717
7923
5124
6077
7586
5642
3096
3642
3791
6482
7986
350
6633
5720
617
7337
7640
5540
1396
1244
3570
3314
3677
6897
1676
1484
6277
7903
3622
3009
2094
476
6349
3838
3479
4929
2295
243
3225
7025
6457
4670
7689
3699
6095
3808
1103
2984
1280
2447
4091
2148
6715
2990
4686
2847
701
7095
2456
1644
313
4360
2908
4452
1766
5683
8183
953
7147
7412
3104
993
5408
2896
5432
5447
2019
1969
7806
7491
4134
7377
8057
5001
7477
5910
7264
152
4244
5585
7066
3880
2094
2730
1283
5908
7352
1687
2814
71
4682
1484
7066
4576
2098
2465
297
4580
62
8155
5361
7735
2990
7404
8100
4890
1477
7521
3857
5774
4360
265
379
6048
5256
7793
7899
7271
7066
505
1326
4983
1326
961
8057
781
927
4443
2483
5140
6761
33
7735
5425
8057
1695
3940
6692
3114
6269
3048
404
381
2386
1687
1831
1718
68
2946
4248
4946
993
1477
4678
3659
7793
4144
71
2908
2030
750
1131
6545
3397
1986
1710
1766
5080
2998
1145
86
431
7412
7954
4547
6300
41
3985
207
314
4790
767
222
7429
929
4180
7027
2386
6734
1484
41
568
5636
447
7374
3215
6086
1710
7046
4868
5299
2847
646
2847
7460
2669
2253
2750
762
4734
6770
276
5687
1681
7981
5683
8183
8183
2319
4360
6755
4212
5786
1886
7571
4342
7771
655
1221
3717
1326
6180
2187
2833
2990
2547
476
1425
5019
3625
2343
4914
3114
7099
2534
4946
1687
4212
2386
7412
4244
7066
7875
5323
5892
4400
3288
4274
3489
5377
765
5042
3726
5687
4693
6041
8025
7246
6395
3352
601
2896
7986
6828
2291
5017
6164
4964
7257
379
498
5323
6160
3879
5946
704
6789
7630
4148
2273
7059
6790
3207
1664
3901
2896
592
1672
2896
4089
4112
4522
6258
6481
2676
171
5908
4401
6016
348
7673
4333
6192
233
168
202
5412
4418
6042
7326
414
7018
6109
7596
6245
3352
3504
2896
4114
2325
2896
4841
7223
2896
2896
6635
3359
1018
8037
68
3563
3207
592
2285
1550
3541
5229
6258
6818
4809
7366
2862
45
5957
1284
2851
2325
2089
6227
5619
4937
2896
7236
3656
592
2325
5915
920
3125
7412
222
7345
1451
8014
4293
591
3947
4475
592
2896
202
4774
1853
6548
702
6294
1999
34
4569
4011
4670
5756
5643
7301
1232
7986
2986
1834
6583
2331
993
7263
605
1729
1208
1297
8034
5010
7986
2610
3071
2896
2835
6981
4885
2958
7064
5713
3747
1787
1917
132
592
2777
7699
7119
3071
848
5833
4851
2798
2472
2397
2652
3866
5667
734
4042
5088
3071
7989
6005
2896
3260
332
1398
1606
8143
6777
5873
472
838
420
7292
1672
5887
1556
2496
6258
7012
3121
7574
4700
5740
2874
1687
1451
562
1898
6638
2443
4609
1434
574
3260
1709
4178
2881
414
1965
6146
363
718
3664
3772
4796
6020
7221
4049
202
6547
7799
7573
5086
3947
5505
7249
612
1894
2472
3463
2314
4237
3598
1218
5744
6108
458
7676
4613
4089
3392
5423
682
1238
5850
7619
7484
8112
2548
4670
5688
3279
7398
2190
4069
4867
7127
5260
2420
1644
3886
1464
5661
6321
8106
1245
7562
6974
7437
1726
14
7851
5852
5469
1488
6795
7282
8111
2805
5273
825
5129
7086
4350
3101
3643
4089
273
740
6547
4146
4867
2796
6258
2325
4342
7684
501
411
4872
4614
1715
4575
824
5093
6369
6770
5433
7436
5168
4405
572
3240
3444
1892
2207
515
414
8103
1834
7796
3625
2629
554
932
4937
7012
2464
6802
5497
7155
1830
7436
2232
778
4831
4207
5747
280
6575
1094
935
5531
3071
3017
4649
2817
240
466
6370
1394
2202
3205
4227
387
6875
5214
6847
297
777
7821
4060
7868
4194
7056
5945
7627
211
7244
4697
6667
6547
7053
1009
2533
4348
7214
4112
1481
308
8025
5395
8156
5037
1320
4497
3761
2202
2214
1652
4710
1277
8167
5207
740
5132
4385
6227
4119
6058
6898
3673
