0
0
0
8
0
0
0
2
10
1
0
0
1
2
0
0
1
3
0
1
0
2
10
0
0
0
0
0
0
0
0
2
0
0
0
1
0
0
0
0
0
0
0
0
0
0
0
0
0
0
0
0
0
1
2
0
0
1
3
0
0
0
0
0
2
0
0
0
0
0
0
0
0
0
1
0
0
0
0
0
0
0
0
0
0
0
0
0
0
0
0
1
2
0
0
0
10
0
0
0
0
0
0
0
19
3
0
7
6
3
0
0
0
0
0
0
1
0
1
0
2
1
5
0
0
2
0
1
0
0
2
0
1
3
2
0
0
0
0
1
0
0
0
0
1
0
0
0
0
0
0
0
0
0
0
1
1
0
0
0
0
0
2
1
0
0
1
0
0
1
0
0
0
0
0
0
0
1
0
0
0
0
0
0
2
0
0
0
0
3
0
10
0
0
0
0
0
0
0
0
0
0
0
0
10
2
8
3
2
1
24
1
2
3
6
4
2
20
4
1
0
10
0
0
1
5
0
0
0
1
0
1
0
0
0
0
0
0
0
0
0
0
0
0
0
0
0
0
0
0
0
0
0
10
0
0
2650
820
8080
1794
7051
4689
921
643
4291
7497
4346
7205
729
3490
6833
6053
827
5112
7236
1508
4335
3959
6552
3585
215
3959
1550
1664
4644
1750
5219
4268
1037
4852
5255
4926
7135
6761
2106
3044
2967
7722
4065
2686
6645
7148
7123
3449
2232
698
393
4608
7389
3600
7689
1488
6002
5778
2285
2442
2095
886
2080
2343
1606
1559
2597
2850
6483
3347
7048
6571
2558
4785
4788
3577
7995
4605
3544
2737
4136
2407
3469
488
7123
2192
3291
7294
4594
1029
2095
1010
2777
3741
2136
3542
116
3347
4729
5451
5451
5730
3410
4812
1478
6141
797
332
7527
3544
3614
3247
1911
2197
1705
5197
5944
3449
5720
6818
6183
6642
390
591
5997
3449
1565
6417
4077
557
4926
2850
2374
7598
7773
1090
1395
4852
4038
6203
5720
3432
3868
5834
3567
307
7370
2427
27
6385
1565
2620
6066
4594
2303
3600
5412
6818
6053
3625
4346
2279
3598
4581
4842
2024
6863
7591
5057
4852
5902
4112
3095
562
1013
2660
27
6567
22
3311
2893
3100
3811
8046
4214
4053
5608
1550
7613
7063
1539
7190
2478
3134
2512
8155
4375
7243
6863
7527
7591
4852
1539
3237
3589
2668
4205
1831
7619
1547
5740
7807
381
448
2164
7236
1075
3851
3806
215
2136
4155
5079
46
5451
3432
2092
5192
6012
4888
4640
7227
8080
5451
3166
7777
6745
1831
789
3446
3836
5841
2187
3540
2305
4346
7391
4921
4155
3901
7545
8128
4809
5079
2080
7872
4100
5120
372
3559
5810
7957
1270
2124
541
5451
3095
338
1642
27
6557
4637
2897
6500
4132
6754
2954
7805
3449
5456
3449
5579
4365
5865
3959
2136
2629
6553
5376
3347
1470
5277
3402
3320
6191
6104
7135
7135
5892
2263
7735
1397
7374
549
2893
4831
1451
6295
7733
17
4061
6395
1672
1917
995
2285
4718
3741
5594
6721
2497
7426
2808
6005
1353
920
1581
1470
6552
2415
6227
3205
8126
3985
1397
516
5740
1433
4264
2637
5564
2948
2948
7236
7269
995
2285
5079
3542
2470
5624
4735
3191
684
6361
5112
5433
5566
2565
2059
1340
1634
5889
3082
5555
1199
1922
7174
7605
7406
7094
6755
8084
1693
3449
5516
7931
7642
4718
7582
8076
2489
4207
3741
5077
4205
434
6940
8122
7222
3377
2443
3268
5663
5314
1003
6004
6486
2142
2792
8070
3416
6971
3295
6297
7015
4651
440
418
6041
1247
3795
390
6818
5079
3542
3685
3927
4202
2181
3969
3003
3706
7600
2135
4165
2217
3722
7651
8096
7400
4746
7143
6966
3595
7024
421
1965
5033
7872
7679
5353
1944
6677
323
7545
2773
3212
744
2443
1361
702
6510
4294
7090
3816
3085
4591
5285
1430
5019
3903
2993
3176
7255
3309
3132
686
1879
6016
4061
3568
7841
308
6535
5781
7344
7546
5998
2676
7720
2248
3612
4390
5975
6677
97
3572
6004
3685
5840
3055
4227
2624
1085
4361
7457
5464
3934
7691
3671
2016
7045
139
845
3959
3188
3741
1821
2796
395
6104
145
100
6735
7484
916
2576
3477
5767
8030
7755
2133
843
4964
842
1241
6760
892
4094
7997
1424
1157
1011
499
3025
1666
5801
1746
6089
1425
2986
6417
8
956
3449
2937
7636
2314
3293
5150
271
5397
2917
2453
2613
4329
4297
297
5633
4881
4353
1830
8157
7424
1423
4101
6716
4289
4236
390
393
480
4015
2209
7447
1048
2063
8077
4837
2515
6599
6784
6460
7452
4069
4639
7542
2548
5102
4969
2547
7180
5168
3174
3213
517
5257
6546
1958
974
7918
461
6099
6937
3490
2136
2080
7297
2105
2357
7812
937
2218
937
2133
1818
1012
2374
7357
5128
1395
8070
3847
3443
250
7279
2798
1032
6700
7776
7882
6454
5116
774
3021
4594
7871
575
215
5257
3731
4845
4845
7888
2040
4165
2274
3025
2892
5736
745
686
434
5913
4155
5520
6692
1021
80
5209
2215
182
7376
2809
6293
2075
937
7292
2662
2192
3835
2715
8036
4354
4623
5295
3079
2686
6730
635
272
7875
794
2175
2610
3037
6228
5434
5092
7061
5445
1556
749
3475
3551
1029
7800
250
6429
6752
7157
5945
6417
3641
5724
1519
6310
2513
5574
2169
7737
3271
4946
961
2291
118
3402
4346
2855
1680
810
3557
3816
466
7752
4037
2265
1714
8134
1927
5693
5549
1571
4464
7127
157
3464
2851
4585
5716
3161
933
6289
3879
5246
3446
5353
483
3693
398
1391
7398
6634
3081
4685
6656
5024
6202
4546
4142
5264
3242
3941
5470
6756
4499
1681
4540
4445
572
2638
3927
1253
3941
2040
2777
6107
5260
4655
5286
5174
2572
2975
2780
2837
2638
7812
6993
1015
46
5846
7763
2989
7440
6326
877
3188
5454
6788
7614
3895
1690
2040
3676
7178
4101
4713
7072
1917
6709
4791
3714
350
7194
4729
7311
7167
1926
7857
7149
7763
2129
4698
4509
778
3477
6320
6242
1780
7051
7806
4069
3405
4585
820
5739
6482
6545
703
7212
5940
6557
5497
7737
6534
1554
3995
233
8147
3145
623
4359
740
1750
7497
354
620
1335
5452
6667
2463
3214
5582
96
4718
2939
1900
1958
7144
1176
253
2730
3567
5834
5940
6673
7371
6141
5546
5578
7903
5157
3022
8098
4219
7837
6671
2123
7510
4875
2708
6044
7394
2242
3997
3507
405
2995
7135
649
3066
1565
22
856
6754
5144
652
7989
7415
6012
5274
6352
3003
6871
4602
976
6496
7611
754
2046
2700
7275
5314
6323
8093
626
1237
4272
7130
1346
4792
1837
3983
2501
3693
8045
3195
3090
4141
7064
3995
5917
1604
7875
3331
3892
2448
2904
7718
3833
1321
487
7824
6367
7098
3449
7332
4817
4877
3073
3768
5267
3210
7107
3035
1614
4061
8136
2854
605
4352
1890
7556
31
395
7892
6399
3595
17
22
277
7710
2492
1505
4556
6694
6143
5135
3989
2064
6497
1303
7867
4412
3424
6515
7649
7161
1597
4652
4545
7623
3259
7913
3282
1338
1727
4104
5465
2448
1515
469
2345
7291
4923
2297
7102
4184
2893
1631
6924
5566
6370
