0
0
0
9
1
2
0
1
10
0
0
0
1
1
0
0
0
5
0
0
0
5
8
0
0
0
0
1
0
0
0
1
0
0
0
3
0
0
1
0
0
0
0
0
0
0
0
0
0
0
0
0
0
1
0
2
1
1
2
0
0
0
0
0
3
0
0
0
0
1
0
0
0
1
0
0
0
0
0
1
1
0
0
0
0
0
0
0
0
0
0
0
1
0
0
0
10
0
0
0
0
0
0
0
25
0
0
7
9
7
0
0
0
0
0
0
1
0
0
2
1
0
2
0
0
1
0
1
0
0
1
0
2
2
3
0
0
0
1
0
0
0
0
0
0
0
0
0
2
0
0
0
2
0
0
1
2
2
0
1
0
0
2
1
1
0
0
1
0
1
0
0
0
0
0
0
0
1
0
0
1
0
0
2
1
0
1
0
0
5
0
7
0
0
0
0
0
0
0
0
0
0
0
0
7
8
7
3
3
2
23
4
0
3
4
4
5
21
1
1
0
12
1
0
2
1
0
0
1
1
1
1
0
0
0
0
0
0
0
0
0
0
0
0
0
0
0
0
0
0
0
0
0
10
0
0
4272
2065
4577
8133
2973
4304
611
7210
3969
4104
5407
734
5535
3998
1608
5622
2291
1429
1336
505
2157
6694
6190
38
1503
735
6219
2190
2190
518
901
6171
7489
5389
3132
2810
2630
2244
4715
6289
7843
1528
1707
5409
7181
6557
4205
7875
2448
2158
1477
6214
377
3791
1495
2230
6788
4230
5337
5177
754
4409
3231
1605
7935
6538
7740
1322
1893
2571
169
6827
3838
5740
41
1338
4976
2187
1708
6638
1390
3030
5535
7743
3030
7585
7649
6190
1641
4272
4814
6511
4230
6313
5177
2117
5105
1656
1566
5589
1997
5105
2188
5547
6486
2090
7158
1687
381
7998
27
7667
8100
6631
2158
222
6214
6399
7876
1874
38
7120
877
6316
3472
5046
6319
3763
718
72
4719
4052
6215
7554
7860
2119
5967
2991
7743
6214
222
3387
6394
7602
2090
1390
6305
6557
1144
7460
4624
7107
2789
150
5575
6392
3597
2230
4314
5046
5105
7967
3842
6858
1819
3484
1768
970
4130
7945
5740
4983
2643
6299
2792
4208
5052
2448
6557
6118
2187
5440
7282
4936
1397
4151
2656
173
6392
6171
7462
901
7952
1066
6327
212
5973
3014
1954
4065
3833
2834
2984
7158
1687
2021
3369
7450
6299
5011
6300
8100
5260
5852
7351
5298
2217
4490
594
6551
2230
1656
2053
3955
2195
3265
5943
999
1291
1735
2219
1561
7973
1623
2158
1336
4515
2847
5827
4803
7730
1451
945
4696
7873
1537
100
1155
1495
7283
901
5950
3925
2816
1605
6171
6231
3358
6267
26
6487
5382
3010
3096
6412
569
7430
1628
51
2561
7367
2065
3940
2519
826
5333
724
5135
3977
2646
6476
2053
5950
5074
6205
336
2413
1946
7511
5140
1353
2002
629
7977
2133
491
5203
5983
5512
6978
27
6158
1418
8084
2943
7988
1303
7766
7607
6138
2460
3938
4814
240
6145
7489
1853
7605
3179
6915
513
7327
1409
4812
629
8027
4375
7781
1333
7466
5307
6486
2233
6978
8100
2637
4006
5300
1162
6010
2020
6199
1303
2413
7283
3956
7462
1853
305
3005
6903
7492
6316
4926
1328
6346
7380
1123
3007
3162
1279
4546
2299
7865
2058
3883
3714
51
8102
6811
5655
3776
1171
1124
4660
7120
8112
6149
5950
7601
6694
7725
684
1024
4869
6020
833
6243
3254
7256
4038
4232
3350
4600
6685
5133
5644
7611
6676
7375
6010
4696
5169
7865
7934
3592
1202
901
6459
5046
1705
8005
3590
5127
393
4043
6282
7740
5298
3702
6703
2394
6768
3017
6810
6436
4600
4610
2765
2943
1902
459
4946
6171
5693
7440
5260
2261
1225
2230
735
5310
834
3163
4579
4112
2916
5406
728
2059
72
6243
1275
2886
7489
2728
2219
5807
250
35
4115
3472
5422
1077
7960
6558
2156
7619
2299
5325
7472
5044
5950
6788
5788
524
6437
7492
5410
4797
6385
3623
7980
4349
1295
4936
2413
654
797
7086
6687
1075
6176
3280
8003
6897
4277
2653
6896
4497
2137
4520
6683
784
5557
7283
6136
5000
3252
4020
6783
2816
2272
4224
8087
749
1767
8172
1832
4292
3897
6659
8191
1850
2483
3396
492
7835
2183
7186
2716
5739
7321
7970
821
4272
784
7511
6110
7592
1024
1386
7944
5276
7788
2986
450
2705
639
2811
5105
4996
3924
2662
3159
7594
1971
4742
2976
4346
5310
3885
5095
6234
537
6811
7472
6231
6665
1805
2591
1181
1452
8087
5057
2328
3358
4361
7405
2705
4384
7175
6371
6780
4230
1954
201
7415
5583
472
1115
2330
3885
5128
2140
5625
6033
709
6538
1191
4078
5543
2631
1595
860
7209
7956
6719
4285
951
840
1658
1789
3623
1109
2645
3206
1201
3986
4359
5791
7618
5249
3627
802
371
7725
758
5300
535
1549
5885
3882
2124
932
4504
341
1160
4154
7107
3644
4835
3682
3497
566
6055
25
7690
6799
735
1087
4866
6475
6319
2541
5843
1235
3812
7059
691
4305
4416
2413
1586
5259
3185
249
1302
6799
4948
7107
4814
7851
5561
3134
5224
6823
1834
8123
3440
463
772
4062
2358
5846
1503
1919
6271
7426
3628
6262
1580
1651
7360
7130
4425
1613
5236
4365
4796
4561
4996
1853
4870
7098
5276
255
3862
2945
7582
4086
5804
4436
743
2114
47
6619
7739
6849
5048
7663
3712
3897
1053
4958
776
443
1350
3988
5283
7505
1857
7952
5044
2095
5876
13
4291
2109
2463
7290
4361
4007
7864
933
1065
3941
722
6974
369
6869
5998
4335
2300
6469
7545
438
1499
3853
1613
1361
3561
2916
2853
5300
5310
6435
4314
1941
4796
1717
3723
3746
722
5024
7887
443
4545
7428
3098
5761
5730
6193
203
5350
186
3322
5048
5925
1977
3699
1841
811
1024
1286
7450
754
5046
3802
1605
7788
4183
6544
3307
18
6932
3561
1765
4537
6095
58
7396
4700
4317
5790
6198
458
3497
6997
1513
545
5438
5739
2318
6332
4533
7952
5947
7120
1705
4272
474
1055
1638
626
2676
4842
4570
653
5762
6645
3203
6469
6560
6355
7816
2809
7071
7583
635
4097
1532
1886
4335
6015
4340
2661
4012
6033
4995
5557
4154
6171
2621
1067
1452
273
4270
3347
2286
4007
7161
7956
5882
1036
797
83
138
6791
591
6818
4707
5687
1978
3152
3434
3647
4350
1315
311
7649
4721
4314
7881
2438
4797
932
3455
7520
7872
1765
6353
5682
5893
7528
5537
7329
1835
6668
6565
4521
1327
2410
2047
7630
5831
5833
7330
2402
7798
4085
8172
6190
173
1063
4996
861
2405
7816
5877
3405
1046
7820
3936
3609
2182
2773
5403
6440
1199
3153
2808
4343
8019
744
6522
7617
496
1550
825
825
629
1155
2539
3424
3918
905
7915
1931
4825
1790
1954
1565
4852
3284
7180
2123
5107
1453
7615
1023
2004
5761
7598
1576
6359
7405
2922
4722
2683
1886
3469
1076
5859
6262
2661
4370
5836
1595
7012
3623
1765
3166
2630
1281
425
3901
4796
951
7243
2441
8062
2854
2684
5344
1709
6447
355
575
860
4935
2013
6009
4472
4150
7291
5365
7570
5255
393
6243
6005
531
778
