0
0
0
10
0
2
0
1
10
1
0
1
1
1
0
0
0
2
0
0
0
0
8
1
0
0
1
1
0
0
0
1
0
0
0
0
0
0
0
0
0
0
0
0
0
0
0
0
0
0
0
0
0
2
1
1
0
1
1
0
0
0
0
0
1
0
0
0
0
0
0
0
0
0
0
0
1
0
1
0
3
1
0
0
0
0
0
0
0
0
1
0
0
0
0
0
7
1
0
0
0
0
0
0
23
2
0
7
9
4
0
0
0
0
0
3
3
0
0
1
1
0
4
0
0
1
1
0
1
0
3
0
1
3
2
0
4
0
4
0
0
1
0
0
0
1
0
0
2
0
0
2
0
0
0
0
0
0
0
1
1
1
1
0
1
2
1
0
0
2
0
0
0
0
0
0
0
2
0
0
0
0
0
0
0
0
0
0
0
4
0
9
0
0
1
0
1
0
0
0
0
0
0
0
15
8
10
5
7
6
30
2
4
3
0
1
4
27
2
0
1
16
2
0
0
2
0
0
0
1
0
2
0
0
0
0
0
0
0
0
0
0
0
0
0
0
0
0
0
0
0
0
0
10
0
0
1778
4228
2525
5835
6672
1778
3186
3775
3601
5888
460
7258
7931
2330
5135
2342
6472
1117
1707
2029
1075
6895
4487
7699
615
320
4292
4049
320
6263
1071
280
3490
3121
1132
130
426
2196
3764
3340
5027
5468
5625
7051
3011
5753
8009
7973
4241
995
2305
1780
4446
2418
3340
7740
7166
5139
7120
7323
1435
2179
5117
5915
4877
1252
3210
1094
5374
702
1798
665
4215
1121
3960
199
1659
8009
5240
4064
6214
5156
4676
258
1130
3804
1071
384
7577
1217
4786
778
3594
2662
1702
8069
7718
5063
5943
3751
61
3571
1520
6070
4215
127
4397
3680
7932
6631
4430
4313
1353
7743
461
7697
5125
3287
6237
3740
7643
602
5923
4876
1527
5167
1237
1300
3085
1285
5346
6560
6475
2358
6932
4616
6237
1947
2960
4622
5005
4863
5328
8190
4052
6048
7988
7257
4123
4401
2976
3078
5454
5175
834
7239
872
72
7189
7798
3405
615
5625
5832
3061
4570
681
1508
6955
3515
6488
129
549
7306
4817
6605
5455
4720
287
5980
2448
5
7723
297
5547
4926
5054
2402
4152
2793
1896
5493
1620
7061
7258
785
126
123
3897
2303
3922
5115
4827
1719
5496
7521
5766
2349
7536
2670
1107
4999
6736
3973
5986
3806
4038
369
7230
925
5867
3534
6005
6918
5214
7497
7213
3586
1443
2887
1539
568
2374
1293
4780
8009
5182
565
4079
888
3915
5897
107
4893
7822
8036
422
4926
2727
3654
2155
3637
7509
5719
6907
7148
5113
3208
2324
1377
6225
3990
6366
3504
7613
1130
5005
1338
6754
5284
4036
4913
7430
4961
1446
4756
2692
571
316
2372
2273
6907
8146
6231
4292
6199
3506
7188
1241
4698
562
4460
6541
7280
4683
3403
2285
2164
2449
118
68
652
2439
4333
7150
7237
1860
196
2399
2083
2399
4961
5372
6025
5557
7285
5127
7957
5876
905
6023
5514
2773
3377
4248
4884
6676
1718
7178
997
1797
5353
3567
1013
3843
456
2614
4547
4398
5946
3131
5908
3866
7376
4677
6169
4751
5730
3077
2024
2484
3654
1252
3326
998
572
4868
4042
6317
4227
1834
949
652
4205
1461
1352
6627
7456
6545
196
3563
6748
1101
152
4947
1205
3897
6829
4124
1978
4911
3977
5801
7
4605
1281
5332
5896
4756
5323
3548
1718
2351
1954
1623
6105
5011
2984
1924
1108
2553
1377
1622
3880
49
1731
4947
7158
1103
7134
1796
914
4396
6850
1946
6862
2554
5101
2285
2823
450
7297
2368
2723
2785
6660
404
7306
6638
6085
1968
7683
7037
2064
3629
1894
1624
4709
2003
1613
6252
2042
6465
575
7333
514
3346
3404
7874
3230
3291
3121
2219
5579
1824
5921
1115
820
552
1338
2187
3883
753
5358
1332
3622
7312
7029
7159
3359
316
2791
6414
5402
142
2500
6804
486
7995
1978
8160
2372
2902
5283
2242
6831
5536
5998
1933
1288
7367
6738
7743
132
3193
7257
5981
4021
6806
442
3219
6383
5724
3140
4891
3734
3132
4211
2698
2042
2426
3993
7369
3161
7120
2520
7529
3224
631
255
4390
1352
5144
4791
168
2305
2353
2139
5353
5617
4510
467
1337
3131
1284
4378
6745
6994
5584
5566
1546
4672
4732
5844
4390
4975
5160
5801
8190
4270
3600
2796
978
2463
3282
7683
1898
6463
6383
107
2550
7066
5545
183
2399
3563
2098
2165
4762
4398
6913
2080
7347
4152
6058
3316
3722
5292
881
7640
7798
5886
1954
2736
7823
4583
3910
270
523
6914
5274
6494
1326
6957
5547
7159
7083
5323
5565
7344
362
7045
6857
2051
4692
5452
390
4786
3684
7492
7911
3037
5364
4672
5547
4120
1620
5780
1881
6299
107
449
2434
5425
6714
4691
3854
4961
6399
3187
740
5799
3048
1101
6574
5945
2042
6785
2080
3710
4975
1010
6053
6438
1067
4672
6860
5482
6677
4377
3221
404
2259
1079
3359
1338
7697
809
6301
5157
1347
6411
997
4891
1337
1337
5323
7872
3230
2481
1238
6020
5422
1007
6053
2385
332
2164
7461
5112
425
5376
483
3971
4435
7720
8100
107
7095
4663
257
1740
2198
349
1555
1648
856
5908
932
7223
7148
1974
3594
1105
933
4472
3233
4643
2516
7210
2494
4491
1664
4291
7270
2021
4688
1569
3567
755
5917
6806
6323
6649
2464
6123
1894
6156
1283
2772
2530
7596
486
7024
7006
3389
6104
4361
8066
6728
6104
2512
4735
3510
1488
2285
7262
944
5144
6509
7375
5797
3263
1965
6722
615
3292
5701
7798
1292
1124
4497
7337
514
7258
7363
7296
1944
1620
845
6660
886
845
1067
2489
6078
3504
4341
7795
2439
2109
8100
460
5101
1556
194
3050
811
2790
3078
2560
3188
2916
1798
1536
486
4878
4692
1117
3594
1767
3968
7051
2878
2076
7642
7995
3171
460
7901
1585
6458
4104
7787
596
1367
814
1287
2229
414
1312
7109
5801
7796
4329
3179
4511
2986
3585
7455
6602
6188
7767
3093
4605
5452
715
210
7997
237
5545
6677
4292
142
1673
830
5923
6025
5627
5762
5404
649
390
3654
1856
3057
1951
50
2728
5874
414
4788
6369
5019
6440
6583
3959
7086
1103
210
4022
1193
3288
3188
6983
7306
5182
4036
262
4887
7187
372
3728
1411
5173
5739
3740
4641
7666
4786
2731
5647
3804
261
6932
7258
4561
4124
297
5066
3188
6355
2663
2124
4963
1664
2137
5780
1276
7740
1253
899
3742
491
6361
2951
5873
7109
4046
5998
1029
4577
5737
6667
1030
4700
8010
3553
2152
1902
6847
3230
897
7497
557
2671
674
3188
744
7924
3784
2157
1856
3941
5514
14
2136
156
4421
633
1864
4194
921
7740
366
143
2547
6793
1796
3212
3115
652
6950
5101
7689
2217
7845
5185
7749
631
6320
5149
7192
7732
2494
1979
4707
7246
7049
3359
1450
3083
2462
4290
7823
6932
4283
3121
2630
2405
639
1275
2056
5344
3290
1076
3504
2339
1220
1664
629
5778
5724
3989
8190
747
3572
5290
6510
2411
4842
2178
4892
4099
7048
6724
3161
5531
2002
657
3102
5114
4643
6012
