0
0
0
9
0
6
0
2
9
1
0
0
1
1
0
0
2
2
0
0
0
0
9
1
0
0
2
0
0
0
1
1
0
0
0
0
0
0
0
0
0
0
0
0
0
0
0
0
0
0
0
0
0
1
0
0
0
0
1
0
0
0
0
0
0
0
0
0
0
1
1
0
0
1
0
0
0
0
0
0
0
0
0
0
0
0
0
0
0
0
0
1
0
0
0
0
5
0
0
0
0
0
0
0
22
1
0
6
4
4
0
0
0
0
0
0
4
0
0
1
2
0
4
1
0
2
0
1
0
0
1
0
0
2
2
0
0
0
1
0
0
2
1
0
0
0
0
0
1
0
0
0
0
0
0
0
0
0
0
0
0
0
2
0
1
1
0
0
0
1
0
0
0
0
0
0
0
2
0
0
0
0
0
0
0
1
0
0
0
1
0
10
0
0
0
0
0
0
0
0
0
0
0
0
11
2
9
6
4
2
22
1
1
1
2
1
0
18
2
1
0
12
1
0
0
1
0
0
0
1
0
0
0
0
0
0
0
0
0
0
0
0
0
0
0
0
0
0
0
0
0
0
0
10
0
0
3220
7665
897
4055
2343
4293
4522
2343
4233
3123
3260
348
7223
348
202
4293
3454
7451
4233
4089
7451
7213
6139
4089
6384
3240
3220
7468
6587
6481
3542
6635
3220
4569
7872
7872
960
7419
6587
7872
2343
2343
3542
2533
3068
2676
7868
2343
3225
2309
7451
8025
960
1787
8003
3401
3528
5229
1787
6553
2309
960
960
1774
6384
2676
2676
7872
7872
7872
960
5129
8025
3220
764
3784
183
3232
4644
2736
2202
6553
6553
7419
5619
6553
1944
2875
7013
1774
6384
7419
1672
6553
3942
6384
6384
4569
2676
2676
2676
2676
1672
1672
6553
764
374
3900
6843
7432
3975
7419
4712
1863
5129
960
6553
8025
2851
3081
3536
4233
8025
2343
960
1672
2676
6384
6384
2676
6587
2676
2676
2676
7223
7984
1787
5619
8145
923
5005
5284
7923
3134
1672
7984
3542
5129
5129
6553
2835
5279
710
3001
960
6553
1948
960
2773
2736
6384
4569
1948
6553
2676
7872
2676
5279
3004
421
3960
7400
5124
2984
6348
8134
2339
7419
4914
6587
2061
2202
1787
4089
1971
4115
4569
6553
2676
2343
2773
3240
6384
4569
2676
2676
7872
7419
2676
7419
6796
2364
8129
5407
306
976
6598
8137
3247
4569
5279
2062
3240
3741
5750
3240
973
2370
990
6384
3207
2343
2309
1774
6384
4569
2676
2676
960
960
1787
960
4475
3046
2706
7787
7875
1742
7607
3272
3784
5024
1425
3625
4937
1787
3240
3240
7350
897
4990
2499
4233
4146
2309
4670
6384
2676
2676
2676
1672
1672
6954
6553
5079
128
5124
1332
7973
1292
7945
7932
6348
7400
4242
3225
2736
6954
1550
167
1354
1104
4069
5413
960
214
1672
1823
6384
4569
2676
2676
6553
5129
2773
5129
5129
1101
5144
549
1477
3580
5549
5458
6272
5821
6723
2402
4475
2343
5908
3717
3815
6646
5179
189
243
960
6553
3220
6384
4569
2676
525
3207
2343
2676
5129
6791
6281
961
1604
5144
7263
5365
3317
7140
6123
5340
1310
5798
6322
1725
2021
107
5138
4569
1209
6351
764
202
3240
6384
4569
2676
2676
2309
1209
4712
2343
6796
79
8129
6348
1477
2140
6048
7226
7805
2225
1659
956
6730
3752
7430
4869
5182
5322
5643
3240
5232
2208
960
4146
6384
6553
3004
7419
1672
4326
6826
214
2061
2285
4388
5556
4369
7271
6286
5937
7140
1957
5444
3613
1930
4855
7045
6667
3240
1217
4317
4712
4233
197
5831
3240
6384
7872
2343
2676
960
5129
1787
3625
5579
1008
7111
222
1604
6010
1226
7748
5458
7805
2225
5937
1005
3001
6553
4233
7665
3241
1672
5754
202
7431
3155
6384
6384
6553
2676
8025
6384
7419
6384
4233
2773
2285
7080
5940
4791
4893
1460
5535
6738
1259
7197
2238
819
6384
3240
4804
7451
8138
3066
5129
8046
6384
6521
500
6384
7872
5129
7223
5161
2465
7583
5530
7451
7506
2139
7212
4130
306
2750
2187
4515
326
4060
3168
3947
6761
7940
5530
3232
7198
373
4670
2184
6553
182
2753
6384
5129
979
4762
6723
2148
1730
2020
4862
1579
7406
2660
6574
819
31
7727
7998
7521
6181
1030
4455
2676
3503
3220
2272
5489
150
7451
3240
7518
7451
7913
6384
4293
4004
5049
4611
4946
1555
6745
987
1439
1858
1377
5907
3606
4530
4788
1590
1654
5284
7177
3634
7451
3240
202
7628
7545
3765
6902
3240
4061
3291
2784
3207
960
5650
2900
1914
391
7159
7430
41
2134
4289
6745
7062
7476
755
2164
3888
4519
7919
4903
484
811
3220
5129
8025
1792
3348
1927
3240
4146
1970
7940
7940
6553
5129
3741
1115
7181
2187
5182
3629
3675
2759
6400
7864
2284
4074
5099
3238
6638
422
3329
4774
5111
4888
3240
202
1012
5227
6128
2309
3240
6357
6937
348
6553
7223
1209
2676
357
1995
7257
2122
5371
5910
976
715
7333
184
3221
8009
4253
2434
1753
5516
4914
7479
425
4146
2465
3407
6276
500
202
6553
6810
7087
5129
5129
960
4914
3542
1523
6591
7981
5667
4660
3631
6705
5981
2990
2427
4696
2574
2139
7919
101
5911
7419
6925
3240
5129
7053
3977
3468
1787
3240
2686
6531
4467
764
7419
4146
8025
3225
2692
7111
6745
6400
3475
5625
6468
6485
3627
7907
6738
7217
1833
6636
658
7380
8188
5104
6635
6357
6162
3464
3240
3240
4937
348
5309
3334
4888
7419
5129
7223
6495
6399
7864
2960
2808
1347
4132
2427
5144
1338
6214
6532
22
4791
7165
6384
201
7259
3220
1593
3492
8148
960
3220
6164
6384
3240
3002
7329
5371
7940
5279
4591
4715
4333
5643
2378
4047
22
3634
74
222
179
3592
4976
1259
5160
5129
2851
2764
1784
7451
189
2854
4914
1787
4029
6384
960
7419
4641
1810
1302
764
6646
4868
6335
6587
2066
3214
2655
5240
5940
2904
7954
4333
3351
8100
3830
7190
6635
2773
4174
6553
6863
4372
4912
7868
4148
3220
960
8025
3225
437
5196
7169
481
516
4831
5279
6384
2080
1898
2405
4435
2291
5144
7800
1892
5465
22
2574
2303
7940
7389
4507
7113
3363
6195
8025
5743
7451
8025
8025
6553
6384
1774
3762
4131
2513
3886
5129
5129
3542
5549
3617
4350
3282
1831
1846
7556
1403
6999
7872
1060
2851
960
5752
2478
4693
2061
1787
2002
4758
7236
960
6384
6553
5279
6384
1607
5522
1067
7940
6553
5129
1776
5325
6786
5144
476
2446
674
3082
6825
6509
7940
1319
6635
475
6124
6162
3352
202
30
6937
3853
6569
4053
6553
5279
8025
3220
4053
6172
8135
5129
960
7451
6417
3776
5151
6352
2448
6123
942
6963
5091
4146
5623
4146
6698
6000
7749
4317
979
6632
4867
960
2856
6083
60
5408
5279
2343
6384
271
1980
7426
6384
3542
5129
3001
1661
532
1707
3090
3363
5622
3711
4888
6384
288
5705
7063
1396
568
3225
4979
7940
5129
3240
3220
7013
3672
2487
182
7940
5643
5746
3478
2278
2676
7940
7940
4809
1372
253
940
3363
1799
2878
595
4670
5079
3497
3225
4107
1776
211
2855
