0
0
0
10
0
4
0
2
10
0
0
1
0
2
0
0
0
0
0
0
0
7
0
7
0
0
0
1
0
0
0
0
0
0
0
0
0
0
0
0
0
0
0
0
0
0
0
0
0
0
0
0
0
0
0
0
0
0
0
0
0
0
0
0
1
0
0
0
0
0
0
1
0
0
0
0
0
2
0
0
0
0
0
0
1
0
0
0
0
0
0
1
0
0
0
1
4
0
0
0
0
0
0
0
22
0
0
5
6
5
0
0
0
0
0
1
1
0
0
7
1
0
7
0
0
2
0
1
2
0
0
1
0
0
1
0
6
1
0
0
0
0
0
0
0
0
0
0
1
0
0
0
0
0
0
0
0
0
0
1
0
0
1
0
1
0
0
0
0
0
0
0
4
0
1
0
0
0
0
0
0
0
0
0
0
0
0
0
0
2
0
12
0
0
0
0
0
0
0
0
0
0
0
0
10
3
12
3
3
7
25
4
0
1
2
1
0
24
1
1
0
10
0
0
0
0
1
0
0
1
0
0
0
0
0
0
0
0
0
0
0
0
0
0
0
0
0
0
0
0
0
0
0
10
0
0
5201
632
1823
334
1885
2261
595
5708
301
5086
3742
1833
4643
3170
4618
6579
2493
7717
1466
4700
556
3996
6210
501
2733
7608
4050
2624
5796
6152
1029
7717
5806
531
1907
6528
3076
6405
3186
4978
2471
1226
4398
302
5000
5636
3418
217
5764
522
373
3134
6474
5219
7299
2961
7104
7685
5158
4800
1140
32
2581
7059
684
3373
5176
2603
1157
61
535
3143
2460
2614
2596
5667
4591
5936
4736
4431
2451
8159
1056
126
6560
3180
3303
7493
479
6119
2270
6365
7767
4160
1304
2843
6518
4031
7779
7243
3513
2474
332
8121
7743
1898
2614
1393
5599
79
7253
556
3734
3610
2392
3491
37
717
6808
2632
898
632
1913
4143
3480
7625
4467
7821
2662
2473
4160
5984
4339
5871
7299
5184
2073
2122
7158
4844
357
2447
2603
2194
4639
4396
1958
3491
6989
2369
7136
632
769
1598
5811
5120
4582
1138
1937
7098
3750
6263
7079
4505
3748
3729
4970
5770
357
6787
5498
3895
5667
2047
262
6328
241
2447
5301
1584
3899
4899
7452
6752
4951
1321
1424
7613
1680
795
5804
5662
3962
5176
2954
2858
7793
5003
1543
2627
357
3447
7087
4697
4844
2158
4610
5307
745
7361
1903
610
2858
6369
7608
3639
1415
6215
1689
7747
2400
2631
2920
1430
448
7214
6748
1377
2412
6872
353
5195
2448
2614
1218
2712
762
6985
1644
6398
2917
5004
5049
1516
4929
932
1304
3491
1943
5965
134
4874
5116
699
4070
1917
5457
7609
1677
6336
467
5937
3208
7127
1708
3228
2444
329
923
6689
190
4655
7005
3983
2568
1310
448
1304
1091
4633
7519
5497
6535
6470
6284
7194
5655
4330
4356
217
370
1145
6225
3963
2089
2086
1501
4452
5203
7084
6715
1986
4962
1860
5011
2427
4221
4976
1799
7121
1087
5470
5782
5499
5790
7303
6506
1869
2299
4354
2272
6937
4402
4126
1427
6541
3963
3235
7918
901
2985
5050
5951
3868
8171
1914
3330
4756
7382
5545
5951
5356
2342
662
6120
4173
6263
3668
1880
5873
4877
1749
2937
4975
1502
7393
3428
5599
3963
6398
5500
1486
5491
1216
4201
7472
860
4373
2643
5971
4356
2208
1880
1784
2985
3932
2119
319
2229
7976
7964
5189
4297
3352
6556
1998
3475
3222
5821
1041
5251
7045
4452
2520
2961
2515
7858
7897
8099
3595
5689
974
7885
5606
7976
392
6281
5007
1902
1089
1850
1686
2654
3156
2444
2952
4783
335
974
1646
1046
7346
2658
6787
2263
6687
4141
5256
4129
1525
8099
3879
6118
7877
1091
4182
1990
1089
4384
5465
7874
5949
4619
5605
675
2937
5898
2926
542
4387
6120
2720
5024
2153
1489
1377
2596
7000
2101
3334
5496
5869
4767
4870
1629
3149
6052
5382
3753
4717
5492
1848
5573
2942
1759
6902
2300
2892
7828
4623
7609
1899
7979
7844
5283
5307
4512
6692
7346
1283
7760
4176
6159
8008
3502
6443
6194
2787
4021
1784
7300
5285
3478
5165
1765
3460
689
5931
6413
6704
5601
3455
5168
5400
1682
7908
285
6148
4999
993
751
2267
6010
2411
5124
8120
3657
3019
7137
5151
3460
5511
204
725
4880
4600
110
7104
4431
3487
3571
2313
4094
328
5045
475
1979
5881
4355
5596
3868
4946
1351
6322
4348
4261
6563
5160
6697
6450
5340
1623
6436
3276
8021
6618
6121
6042
2973
7230
1015
6825
6568
5620
2407
3491
4337
4050
4209
3980
5527
7821
7389
7121
1234
2493
2049
3305
4415
231
1317
2248
2118
1947
743
2538
6151
4756
976
5023
7136
7520
4712
5229
2157
3492
475
254
6996
4970
3486
4154
2825
951
6311
6877
8073
2581
6703
2713
5685
4424
7806
727
641
7682
8053
4058
4756
3880
7628
550
7717
6329
3390
182
240
3576
556
5993
10
5710
6907
2937
850
295
2512
3789
2076
6452
2905
4917
6572
3401
3790
3223
4027
3209
5592
2412
5460
111
636
1729
268
8191
5574
2923
1129
1716
5620
7426
3669
7548
8138
6556
6648
7414
1937
7622
2716
5384
8068
273
4256
8006
7911
2716
8176
143
8099
4683
3880
6148
357
2596
226
1689
5906
6076
4069
2298
2806
16
1913
6295
7974
4618
5708
256
80
5209
4218
5868
5233
5764
5363
7022
6248
3729
7603
7184
4756
5146
1681
571
562
3317
6975
2838
6525
2974
3305
4477
8151
37
2603
4726
5584
6836
4261
8153
7576
4804
6756
4675
1345
3113
2954
3752
3820
5170
4042
1718
1708
3691
4992
1731
4844
1416
7612
7864
1903
5992
5052
2621
7082
5949
5790
1850
7020
3213
6171
8006
1366
2595
795
6013
4356
5764
4042
4891
6716
7448
357
3693
7903
2596
819
449
7448
3334
2397
706
2101
2102
2094
4991
6300
802
3789
3124
5668
898
5244
7895
1328
1293
5567
5149
5781
5764
4563
3895
467
1693
4844
4547
3963
3499
7345
7950
6551
6748
6947
3717
3948
690
7245
7991
3789
2100
3685
2787
7717
1134
5335
8067
5302
6514
1318
6613
7609
6040
2255
660
1069
1644
4092
111
5832
7903
3608
2237
6691
5740
6591
1747
6200
6138
755
5512
7237
3854
3650
3448
7821
8019
7382
2137
5715
2089
7974
7259
4804
2969
5960
4769
2280
4227
5569
997
5546
2693
286
6501
4864
3827
6468
6231
267
314
2652
2023
8034
2128
7149
5934
2277
1329
6983
12
6327
6988
7776
269
7273
2379
1255
2253
503
4547
4844
127
5906
2720
2985
5491
2833
241
6675
7220
1258
1708
6248
1401
1091
8162
4079
7608
625
3614
1808
5583
7432
1688
479
2309
2244
938
1009
5605
1366
695
1250
3403
4730
2558
2966
2478
3867
4660
5028
5379
6172
3304
5862
3872
4356
5746
5434
6869
3491
1943
3442
5811
2784
8055
1039
3473
3857
5796
7524
7958
8048
3568
4814
1644
302
171
6133
216
5034
1831
7557
1802
1758
7477
1880
6263
6030
132
6210
5821
3765
660
2791
1900
2434
2524
2717
3364
7319
91
632
5563
7258
5043
1903
813
1439
1619
314
1995
6398
6159
6739
3221
2702
4663
8039
2973
5898
3184
