0
0
0
10
0
14
0
2
11
2
0
0
0
2
0
0
1
0
0
0
0
1
1
2
0
0
0
0
0
0
1
4
0
0
0
0
0
0
0
0
0
0
0
0
0
0
0
0
0
0
0
0
0
0
0
0
0
1
0
0
0
0
0
0
0
0
3
0
0
0
1
1
0
0
0
0
0
2
0
0
0
0
0
0
1
0
0
0
0
0
0
1
0
0
0
1
9
0
0
0
0
0
0
0
21
4
0
6
4
6
0
0
0
0
0
1
1
0
0
2
0
0
8
4
0
2
0
1
1
0
0
1
0
0
3
0
0
0
0
0
0
0
0
0
0
0
0
0
0
0
0
0
0
3
0
0
0
0
0
0
0
0
1
0
0
2
0
0
0
0
0
0
3
0
0
0
0
1
1
0
0
0
0
0
0
0
0
0
0
3
0
10
0
0
0
0
0
0
1
0
0
0
0
0
10
4
11
2
4
1
31
2
0
2
4
1
0
11
1
1
0
10
0
0
0
1
0
0
0
1
0
0
1
0
0
0
0
0
0
0
0
0
0
0
0
0
0
0
0
0
0
0
0
10
0
0
3528
6258
2325
2325
3260
2325
4867
592
4867
4867
6258
2896
592
2896
2304
4845
3797
6150
4867
6258
2325
4867
592
4670
606
2511
6553
2896
2896
4238
7237
1181
4152
592
4522
3220
6258
7940
2896
202
2410
3494
6635
4365
2896
2896
8055
6123
6383
6464
2225
592
7940
7940
2325
592
3483
6170
5018
7665
592
5099
4264
7235
592
4522
4522
3260
1776
592
3816
7451
6955
1057
3068
5139
6635
2164
2215
7237
2867
5071
3071
4647
4522
2325
6258
3741
4222
4951
5010
7411
6258
5324
7595
1279
4522
4522
2325
4114
3965
2896
3610
5957
2713
8123
7199
2149
6553
2629
1707
2353
2836
5279
6258
6258
592
7419
2773
2645
5937
2122
819
3067
7087
6258
12
1158
4522
4522
5779
4522
592
2343
5073
3045
8097
1196
6868
1834
7954
2896
5161
1697
1579
4952
4647
348
2343
2059
2772
7375
7763
347
5989
5858
232
2896
7451
3783
6258
4522
7451
5643
4522
4867
3100
4215
7040
7723
558
202
3071
2896
53
2732
3544
2500
3154
4155
2957
7375
2098
3714
5868
2090
5340
8055
1284
4712
5013
3783
7673
4522
3220
4522
2325
4867
3741
4436
7745
6849
3532
3225
5450
7986
979
5150
6856
4176
6242
7705
5465
4726
7158
2268
7697
4333
6677
606
5071
6548
6635
5063
2343
2325
5643
6258
5229
1209
5427
155
7219
140
3851
2106
4355
2835
516
306
5182
4483
6743
4664
7446
3998
5132
5478
7614
2086
3235
55
7277
2986
4004
260
2820
592
6258
5229
202
5418
84
7256
6951
5066
7966
7347
4442
7868
4641
2691
761
2001
7297
6605
2027
5740
5558
173
7438
7265
6336
7144
1543
577
4438
7236
4955
6258
202
200
3672
4155
3984
6183
2487
3920
2181
4641
1787
2896
4867
5724
4541
1431
7255
6692
152
4184
4663
2550
2897
5044
6328
6010
751
447
2314
3054
2896
2325
2066
2762
173
2907
4623
1068
7417
7063
4963
5806
1576
2896
2896
3542
49
7857
6787
1396
3426
3765
2900
2770
153
7062
6389
402
1644
1847
545
6552
2325
2325
3071
3071
2672
5189
6776
829
1356
7446
549
5323
6593
2896
592
4618
1582
447
3068
3783
5371
6482
2266
2251
168
6048
6862
5812
7733
67
3068
2686
2896
6258
4089
4053
4498
8094
5227
7577
7063
2722
562
2264
532
1672
6590
3373
4377
6872
5250
3432
3214
532
2625
7604
3643
7818
6494
4929
3003
7716
14
7665
1863
2896
2061
239
6186
2239
7798
4242
1619
956
6557
6754
402
5412
4242
1645
3260
7941
3388
5418
7737
2135
2837
404
5291
6805
858
2629
8143
6750
6954
7986
3792
2896
7940
4214
2507
469
5086
7846
2735
6494
7430
6138
269
1635
3081
4270
6830
49
1782
6816
3081
1976
3165
7237
49
6787
6980
3477
3886
1892
6456
208
5314
2851
4293
4937
5264
7415
1770
2080
6159
516
3770
3566
3603
7140
4056
94
6369
4946
6123
3333
2135
3236
866
4428
7857
5671
3970
4079
7615
4384
2860
727
896
1286
7924
3449
4355
140
330
402
3135
6433
4515
2140
6928
1729
4423
5179
5478
2295
6350
171
3877
6112
4435
7702
2356
6593
1895
5211
7777
2357
3134
592
5746
6562
5884
3509
4113
7147
6905
3916
2583
2600
6692
1530
1344
2656
5052
5071
7297
1628
2021
2192
5640
3703
4873
3548
4450
7145
5809
1708
7248
6902
308
4867
3661
4666
7158
5538
2534
5693
6357
1273
4664
7329
658
6443
2596
5556
8137
5724
6746
3266
8137
2572
269
3591
4075
3483
4613
117
6689
2357
5323
643
5447
8
1948
915
922
3084
1652
3693
5450
1004
5889
7308
3864
5762
2569
3330
6348
276
4165
2303
6664
338
1361
3288
4641
5579
4914
2309
1892
7843
4541
4827
3594
937
4103
5562
5732
2760
6315
1678
5291
7165
238
5019
5018
6203
2621
3829
4920
7647
5889
308
3144
4655
4053
4670
3542
4670
2896
592
8055
5643
4150
3272
3067
6635
5010
1612
1003
1422
5361
2803
4664
6631
353
3816
5145
437
4338
1801
447
2135
4435
2075
437
4522
2896
45
2850
4914
592
7940
592
592
3071
5153
2149
4670
979
2384
4290
675
6245
4575
3351
1782
3003
5599
2777
7411
5846
5889
2840
4334
2215
2529
7282
6593
4914
5120
7203
2182
2896
4522
3220
3220
2896
7431
4979
7986
1893
536
1506
4375
4867
6635
2736
5479
4655
3140
3614
8117
5614
269
2007
7892
2840
1697
2468
279
5343
1009
95
6796
4233
3071
2325
7451
6258
7933
4712
2860
3041
2628
2024
7545
7048
3617
1581
4165
1543
5535
2397
7614
7357
2220
5466
269
941
3941
3266
2331
5092
6290
4911
980
101
2343
3240
4647
7940
7940
2896
5595
4369
6170
5839
7747
3047
7723
1479
6593
347
1205
545
3581
8097
5093
4575
4904
2453
2054
5182
5230
983
6290
5119
6307
832
7199
6245
2896
4522
4522
6258
4239
3154
960
4035
3477
4779
6430
4413
1342
941
269
5267
2297
4263
5517
5623
7056
4575
7404
7409
4844
163
197
4881
6125
6257
643
6258
4233
45
3260
592
7223
6222
6198
3490
6583
3510
4126
5666
2533
5469
6790
5128
4899
6626
7436
4382
2240
1585
2339
4892
1732
1017
6778
2975
3252
7451
4498
411
1391
560
7419
2896
139
4091
2525
7061
6533
5194
4415
6569
7004
7164
1774
3492
1351
3130
1776
5129
5057
5583
3654
1733
7056
3648
318
5139
1999
3071
3635
4993
6532
3612
1238
4670
5710
5330
3918
5376
4018
1803
4183
4700
4851
5672
4150
906
960
4670
2896
3260
5886
2713
5762
6063
1554
5998
538
202
7986
4867
3225
1037
4904
3100
5373
595
3220
5428
6863
7723
2645
5999
3352
273
4792
3854
462
2533
592
4867
3494
250
1508
6889
1954
7217
2654
7067
4737
1245
7916
6481
187
3478
6826
2089
4904
2202
6481
979
3614
7671
2920
3544
5724
7035
2433
4425
3730
948
44
6818
338
2795
8048
3666
7686
2242
5671
3482
2202
4888
3656
2896
2309
1012
601
3352
6170
2889
6170
