0
0
0
9
0
10
0
1
9
1
0
1
2
1
0
0
0
6
0
0
0
0
0
0
0
0
0
1
0
0
0
2
0
0
0
0
0
0
2
0
0
0
0
0
0
0
0
0
0
0
0
0
0
0
1
0
0
3
0
0
0
0
0
0
1
2
0
0
0
0
0
0
0
0
0
0
0
0
0
0
0
0
4
0
0
0
0
0
0
0
0
0
0
0
0
1
6
0
0
0
0
0
0
0
18
0
0
7
6
5
0
0
0
0
0
1
0
0
0
1
2
0
6
0
0
1
0
0
0
0
0
0
7
1
2
0
1
0
1
0
0
0
0
0
1
0
0
0
0
0
0
1
1
0
0
2
0
0
0
0
0
1
0
0
1
0
0
1
0
0
0
0
2
0
0
0
0
0
0
0
0
0
0
0
0
0
0
0
0
3
0
4
0
0
0
0
0
0
0
0
0
0
0
0
11
8
5
2
1
6
24
6
1
2
1
4
1
16
1
0
0
10
0
0
0
0
1
0
1
1
0
1
0
0
0
0
0
0
0
0
0
0
0
0
0
0
0
0
0
0
0
0
0
10
0
0
1900
6571
2271
5732
6094
4062
8023
5482
7517
2121
6401
4643
3911
3997
3541
1319
7064
4005
1733
4822
5870
4934
325
3664
1312
3007
7849
3904
2635
752
675
6521
3155
7384
5886
3756
7252
5874
2777
5629
7441
2536
2006
6152
6474
8046
1434
5896
6027
7587
3391
998
683
5583
7112
7934
425
998
2405
1299
2481
3515
4830
7596
4905
6103
1536
1487
3784
2591
626
1346
4900
7441
1989
4944
1164
5133
5998
3391
5149
2558
7692
2349
465
4340
2824
1252
5998
1989
6560
6252
3120
6296
2578
1029
7798
4081
7854
1117
144
1287
5970
6953
7078
3348
6883
1207
3167
1415
1871
6297
41
4665
4983
334
1497
1076
1873
3537
7518
5544
7785
7205
4491
2358
721
3793
7491
4312
4797
1590
2587
2648
5761
6041
310
5627
5394
6263
4017
6824
5368
2998
3201
7066
5907
6723
6930
3744
2925
6137
8059
2183
2421
1117
1272
6510
3386
6941
7187
4851
8107
3121
7398
2907
3313
7823
5874
747
4759
1366
6176
3243
1477
4205
4767
1145
7263
216
1922
7068
2908
4283
5272
5736
7909
1093
5726
1944
1513
5629
6384
3870
5762
1934
1407
3280
6068
7299
7739
254
7078
7496
751
269
3208
4002
5132
7308
7903
4433
2148
7836
4212
4983
7346
1823
7582
3278
7820
1563
5815
4881
3449
1395
2632
845
6935
4009
5975
5363
1114
1028
2716
6186
7812
6631
826
1678
1898
222
1625
1332
4750
6984
1451
4983
2333
605
2229
6059
1155
7801
689
5682
5801
1527
4017
6339
4272
4796
2801
3821
4345
5350
1588
7647
2368
5713
2614
2054
1722
2382
5407
3426
2980
3104
6225
2998
2291
4333
3617
3055
123
4559
6486
1970
1620
7089
2843
7078
1137
4542
7573
272
3244
7155
5373
7888
2101
68
152
5251
7981
4683
5946
2073
7697
357
4891
3268
5052
6556
3857
3154
5790
2925
5815
2725
5731
5761
1333
5790
7726
649
5592
3186
2120
5472
2534
1069
6468
5409
8132
4535
269
1059
171
1292
2069
4402
3881
7073
2852
4576
4984
6645
3226
454
4580
3441
4634
2630
5024
1252
7963
7901
4340
4263
6876
1282
7972
1926
685
2295
7131
4963
2295
2614
3114
222
176
6048
1898
1914
3622
152
7438
5468
1764
7599
4085
752
2009
1356
2786
8078
4879
369
2494
4526
5790
3012
2867
447
3208
3369
2691
7271
8071
1894
856
3048
2197
3521
6461
4360
5366
2083
216
64
5927
1628
3704
3808
931
4735
191
4183
3761
6141
4415
5821
6828
2368
718
2482
5466
4333
6877
1860
6138
1059
3219
5366
7245
7023
655
6269
1283
1283
5908
6562
2743
5182
4369
1407
5573
4442
169
702
5125
6895
6290
1667
3541
3693
3923
219
2377
4844
3441
6398
6433
4515
6317
6191
1004
5670
2319
5151
5946
40
1687
604
6521
6141
7544
445
7157
2854
2358
1012
2077
5802
2345
1364
7420
2106
3278
2215
7800
718
4873
6519
3533
2472
5634
1831
6443
7101
610
2135
4624
2614
929
4817
307
1809
132
625
5465
3810
2464
5102
1007
7913
6135
5970
4950
4707
6279
3189
3043
799
6746
4227
2534
5497
3140
2614
1718
7793
6123
629
976
5880
1283
6257
4920
1008
2538
197
2186
4175
5536
1675
7516
1917
5903
5272
2868
255
6796
4873
5404
2708
2534
3612
94
7702
196
2874
3866
7614
941
6297
5474
5967
7213
5210
7106
2363
6139
6953
7048
2118
3651
2817
7324
7018
1775
5430
933
3642
7685
4498
5174
1031
2867
3208
941
3432
447
6352
7373
1502
4562
1644
353
5724
5555
4422
5986
488
1559
5629
4707
1584
6265
1148
1822
4297
5877
1051
4628
6988
3716
5220
1466
8
1115
2785
7718
7614
1519
4289
5373
1230
8132
1543
4165
7213
1545
5054
6896
239
3324
3536
5185
3435
6551
7234
7588
5403
916
3389
6846
3708
6650
2178
7178
2118
3785
2715
4618
4747
5614
3432
1177
7556
225
6186
402
3045
4493
1545
2719
3239
940
1476
2889
7185
3186
5382
568
4155
478
2015
7034
7482
6320
2907
8073
4269
7816
2024
1907
1862
2613
2406
1394
1956
7645
1612
7352
60
712
7
5557
2751
6321
6656
7716
1459
5382
390
4251
4754
872
1680
7788
2956
4441
1012
5684
7172
5109
5172
7962
5192
1367
4377
3626
19
2563
730
7016
6690
2555
4077
2374
7270
5704
8092
542
5739
4609
7038
1641
6199
2178
3158
7151
5909
7110
7038
1137
7078
5347
1025
6886
24
3386
6262
7536
3349
3808
5901
2877
3249
2352
6144
2371
7463
5143
7339
7384
3668
5737
740
3706
5202
123
4881
5811
5514
6263
1971
5736
5112
4255
1840
4075
4181
7435
169
2910
4894
5936
3805
2751
5516
2002
7086
3321
7086
2226
6103
5168
4381
3471
5309
508
2772
3747
3589
6743
7857
8103
3000
4319
731
1664
466
1949
4352
7441
4390
6768
5652
3077
8142
3371
8129
2271
3560
2370
6572
1308
3598
7718
2242
3230
5722
6228
7136
1308
3077
4753
2379
3506
3049
5067
5127
3067
6371
3696
2913
4546
3635
5003
2583
5107
705
4779
2817
1095
992
2207
6009
5997
4853
2725
4410
4651
7462
6000
5804
5731
7057
5196
4216
1074
123
7636
5367
6811
3723
2727
7755
4396
7500
6712
7343
5560
8005
2644
5584
2904
7018
5463
1487
6668
1830
3680
2911
2610
5590
1062
2178
6950
7688
4727
4835
134
4011
6966
4609
1319
1308
1836
7180
3391
1472
2777
1797
3834
4573
4017
1775
783
1765
1113
8006
6327
5627
5412
2771
1241
3120
5748
6405
2130
6047
3696
7723
3286
3902
6253
7980
1164
4731
1900
5282
6472
2685
2716
3911
5242
4815
5862
145
6139
7679
1236
366
3280
361
1855
3667
1118
1680
2105
4925
130
3612
2402
3560
11
936
2296
2346
4037
3968
7375
4985
283
2209
4356
4887
6377
541
2487
6733
2761
5126
2671
6950
1994
2710
6563
5652
5536
2679
2481
6012
7593
1883
7518
4692
7342
3444
4077
6705
1331
1468
2856
2515
1071
6894
1929
24
681
1209
4858
5538
366
2271
5220
783
8128
5840
