0
0
0
9
0
12
0
2
10
0
0
1
0
4
0
0
2
0
0
0
0
2
0
4
0
0
4
0
0
0
1
0
0
0
0
0
0
0
1
0
0
0
0
0
0
0
0
0
0
0
0
0
0
1
1
0
0
0
0
0
0
0
0
0
1
0
0
0
0
0
2
2
0
0
0
0
0
3
1
2
2
1
0
0
1
0
0
0
0
0
0
0
0
0
0
3
5
1
0
0
0
0
0
0
23
1
0
6
10
7
0
0
0
0
0
1
7
0
0
5
0
0
9
1
0
3
1
1
2
0
0
1
1
1
1
0
1
0
0
0
0
0
0
0
0
0
1
0
1
0
1
0
1
0
0
0
0
0
0
2
0
0
1
0
0
0
0
1
1
0
0
0
4
0
0
0
0
1
0
0
0
0
0
0
0
0
0
0
0
8
0
9
0
0
1
0
0
0
0
0
0
0
0
0
12
8
10
5
7
1
30
6
1
3
4
1
2
15
3
0
0
14
0
0
0
2
1
0
0
1
0
1
0
0
0
0
0
0
0
0
1
0
0
0
0
0
0
0
0
0
0
0
0
10
0
0
6104
4878
4835
4707
3038
5371
5792
925
2346
6904
1979
4707
6761
5634
5622
1688
596
4205
6414
5245
6680
7753
783
5945
7827
704
5997
4079
2815
3196
423
1395
337
7216
6638
3410
4292
1532
1890
5997
4202
6722
7876
7110
1620
4535
302
4398
447
357
7144
4289
5075
3317
5786
4532
744
1824
1319
4505
3006
2780
978
8023
6203
3755
7287
2406
825
4950
5871
2137
4291
5395
1050
15
5605
3458
1069
2324
751
5082
1681
7430
6225
7614
2453
4535
8175
3747
8151
4352
6753
4211
4091
7823
3541
698
2464
48
825
2466
507
6227
7344
1206
3836
610
5807
7888
3403
2295
2658
4248
7430
3562
1788
7713
751
2785
6906
1171
1062
1823
197
1217
7064
6829
2330
6338
1620
1824
2791
4604
8092
250
1695
51
7713
5481
3351
2115
2941
2146
7658
4123
6433
4476
3185
4547
4696
6745
5291
5291
7829
5690
6935
2538
1055
6533
3886
7584
1824
5896
4343
5945
5120
2809
4576
7358
976
976
3997
3082
407
4334
7888
2941
7201
4143
5622
1961
7448
2614
2643
4873
2472
5596
7207
1017
4505
4056
2405
1634
2868
5048
4796
2663
5417
1580
3334
3880
2122
6200
2404
6112
6568
4334
6968
6225
2624
1511
4169
7818
4846
1704
1708
6816
1427
5770
2538
4758
6256
3488
5364
5118
796
3541
3443
6225
4535
4042
3567
4086
6877
5889
2502
5631
2482
8009
5834
5022
7737
447
7547
1836
2283
1217
5460
2658
2357
6322
7407
3143
7380
5672
4472
5185
6460
1029
5786
4535
4904
6757
6159
6336
7664
5110
5724
937
7373
2314
1791
2539
5546
4398
7380
2600
5215
4529
6571
7822
5064
1089
2676
5181
348
5798
5998
3682
7269
7753
7388
4844
5291
6928
2333
4884
1578
3249
1176
3351
2420
5972
5361
4685
1619
7843
4381
5906
4446
4540
2489
2643
2691
1145
4294
4594
3480
2196
2679
491
6358
5251
1673
2215
572
5967
6123
6226
1681
6817
2121
91
5291
1782
5284
7680
6074
3608
5205
3981
5085
5720
7028
7470
447
5460
5920
6592
7739
7196
3589
1680
7910
7650
2834
6208
1059
2139
6225
225
571
5056
5987
3082
4614
4271
2691
7470
3487
7138
5344
4215
6483
6421
653
4839
3082
3880
7482
3969
1686
6038
1818
5687
4796
4270
4242
970
7346
2324
5716
94
2397
2785
148
6993
7945
4398
1855
5736
6947
2970
4244
4574
1230
3608
3892
8009
3548
347
1687
1281
902
7980
4270
5682
1861
1344
2271
7294
7158
6233
2047
3012
3582
1653
7614
5873
3896
1681
6921
2314
4384
4142
3368
2482
2397
3562
1892
1690
2054
1069
1077
4594
170
2015
1062
5332
4491
4372
3647
7012
4542
7034
1289
4804
3327
6784
353
3805
6233
6225
2933
5373
6203
4384
2691
6969
7231
851
4976
5775
4844
7388
6225
6982
1067
6677
928
4618
5385
2421
797
3117
2119
4489
731
610
3985
158
972
6568
5496
3638
5417
7647
2315
3614
4883
2742
970
6470
4384
1892
7000
5569
4547
1377
3838
7435
4007
5896
137
980
471
2506
827
1043
7830
646
7735
4535
6913
2195
1673
7074
1834
130
3317
5887
1799
1951
2420
6706
7440
5479
3317
3638
6816
6816
3120
7258
8046
5322
1090
3490
3695
4088
5536
7941
2094
6086
237
6433
3284
2742
5286
6914
7274
6383
2370
6132
4121
7068
2094
4537
2867
7388
7074
1782
2960
531
5332
8006
1595
2002
6636
3599
4211
4538
6147
1179
2197
2818
3446
7928
1685
2691
3432
5417
2314
6608
2404
6363
5597
3606
1378
5017
5033
6336
2600
8132
6816
684
807
2894
3120
7570
5147
4339
2167
5259
568
196
5908
4682
6194
3769
1543
6914
6574
1996
5683
6080
3104
4105
8185
5366
2052
4983
7521
7614
7213
2397
4562
4340
5531
2442
6510
8021
7064
197
6220
5292
6421
1326
1337
703
891
6269
1398
287
2609
2094
2568
2769
1145
379
5907
6961
3867
2998
8109
1543
7388
780
6969
2358
6458
2002
4546
1428
2576
6493
1029
4878
868
3327
505
2738
4678
2407
2882
5197
4132
7729
1323
8150
4946
4868
1283
2268
68
8098
7705
2357
2397
6336
5436
5128
7279
6760
3037
4779
2023
4361
4475
5173
3738
1922
3982
2187
1099
7068
7095
3604
1326
1332
2083
3866
6814
7062
67
7448
68
1922
2387
545
8132
783
3432
1581
6000
2002
226
3729
1839
7901
6651
2562
313
3104
1378
2998
216
5505
1145
498
5908
68
7713
4041
498
1944
4006
5569
1145
3567
1283
4665
4856
825
7506
2948
6262
2791
1824
2916
3350
4419
288
4093
7073
2052
3104
216
4868
1687
3327
152
3604
1018
3659
7910
6332
6320
2331
247
4947
5967
7864
7177
2173
4701
3892
5896
2130
2002
4796
7398
1979
5650
7049
3826
7068
6080
2382
4665
2213
610
52
4166
3178
7582
6271
4020
4120
1224
421
1725
7083
7903
7743
6053
7207
568
4878
5514
229
5731
3469
7533
2496
7391
2999
2303
2182
6796
2478
3433
3481
5024
2938
5530
6709
7408
7692
4007
5798
5514
2464
3635
8084
603
6437
7093
2684
5214
2061
7304
4340
1989
2562
2244
1032
6599
5608
4788
3145
3098
7350
2894
3541
2405
5514
2252
2244
4237
4644
559
568
4568
4340
6503
1730
3866
4568
2868
4251
6393
2648
5605
4491
5290
6607
1890
533
1794
7153
6294
3115
3068
4442
1699
2464
686
5112
5514
1988
5276
1818
1620
5292
5112
7901
758
51
5743
389
2015
1164
6122
5173
4319
48
5209
7444
2149
1309
568
4381
3977
5314
425
4007
2089
5514
2464
5430
6354
5997
3790
2464
7893
332
3443
1621
434
6300
764
7205
3504
109
6814
472
3974
4491
4375
6583
4600
3551
3068
3230
1539
649
1565
4784
1279
328
5997
255
5079
2112
4214
255
421
5185
2402
4950
8092
4359
1803
6791
5514
6417
6048
1331
5594
169
1595
1586
3161
7933
448
5802
852
4374
7233
2953
3684
2323
676
966
6877
3079
1870
7706
1870
6877
2261
6877
1870
1716
4315
4009
4489
5613
4315
4561
2754
7252
4147
