0
0
0
10
0
9
0
2
11
0
0
0
1
0
0
0
1
1
0
0
0
1
0
1
0
0
0
1
0
0
0
1
0
0
0
0
0
0
0
0
0
0
0
0
0
0
0
0
0
0
0
0
0
0
0
0
0
0
0
0
0
0
0
0
0
0
0
0
0
0
1
1
0
0
0
0
0
5
0
0
0
0
0
0
1
0
0
0
0
0
0
0
0
0
0
1
3
0
0
0
0
0
0
0
25
2
0
8
5
7
0
0
0
0
0
4
2
0
1
1
2
1
10
0
0
4
0
0
3
2
0
2
0
1
0
0
1
0
0
0
0
0
0
0
0
0
1
0
0
0
0
0
0
0
1
1
0
1
0
1
2
1
2
0
0
0
0
0
0
0
0
0
5
0
0
0
0
0
0
0
0
0
0
0
0
0
0
0
0
1
0
11
0
0
0
0
0
0
0
0
0
0
0
0
10
4
11
2
5
1
28
5
0
2
4
0
2
21
1
1
0
11
0
0
0
0
1
0
0
1
0
0
0
0
0
0
0
0
0
0
0
0
0
0
0
0
0
0
0
0
0
0
0
10
0
0
1593
211
6791
2640
6025
3597
1113
2698
2622
545
3858
4173
6072
2642
3643
2380
3351
5592
594
2228
590
1038
3240
3240
4293
3253
6258
7940
7451
2968
7213
7503
129
2557
857
2482
2820
7718
4406
1029
1053
1441
6332
903
2522
949
2735
6861
6709
3102
4914
4146
4237
3586
976
2585
2516
1236
3208
5078
449
983
733
7195
3483
5282
7665
7063
4857
1684
3812
4895
6871
1814
2705
4464
3986
4010
7689
3477
7901
2309
1980
5601
6047
4331
4486
3423
6205
3335
6518
6999
4147
4333
1659
6386
7533
1621
6761
1819
2202
2371
898
433
6829
6653
6564
7216
5195
1364
1924
5192
7852
5989
7762
849
4209
4218
4456
8046
4961
5786
7311
5527
2150
6233
851
5354
7980
7852
4878
188
5736
7725
6551
1334
130
1721
383
5127
6768
8043
1742
7183
7214
4633
6500
1378
5365
7306
7177
4223
2600
3659
36
350
4452
5325
6563
5497
5561
7901
2712
2690
1247
3685
1171
1964
333
6263
5772
5932
2409
6463
903
2753
3850
3567
2485
111
680
5668
7748
7045
4178
3548
4907
695
1003
311
7387
4092
1793
45
5094
4374
632
2376
5640
2765
5188
1615
3311
7243
7214
6366
3678
7931
5382
4140
7146
504
7945
139
522
4846
1711
1613
1223
2407
8127
4856
391
1635
3668
4478
73
5144
540
8048
7530
6229
6480
6961
313
1695
243
4888
3572
2277
4971
6914
3533
3901
5066
6299
6216
6233
5937
2208
5240
4971
4679
985
7189
116
6201
4666
1468
7334
2928
6685
2119
6450
266
2848
1283
1718
5323
1911
602
3162
4354
5139
1942
6212
2287
1021
3492
1802
6305
69
6679
5786
1173
7388
1940
449
4658
4975
5446
7958
2544
4922
471
1534
740
79
1283
3235
1101
5774
6653
3563
2386
2701
7045
3476
898
4743
4655
6679
1031
5911
3842
6613
6195
6980
6201
1686
2255
5031
7903
2316
6926
4830
1287
1076
1836
1364
171
5946
1652
111
1101
1898
1386
7430
5946
3268
4357
2478
5440
3254
3384
6422
2840
1024
601
5111
7764
7524
2047
2029
3224
1456
5130
7437
3572
32
3263
297
1337
5323
196
1695
3268
1950
5146
3866
7981
7414
3258
1009
7588
3774
8
6828
5067
5334
6594
1714
1805
4515
4804
1522
2916
1690
7816
1350
4074
389
6484
5311
2098
5556
5008
3370
3795
7722
172
1628
762
4774
2663
1049
5826
7255
4289
256
6057
2109
937
4268
1937
2251
823
335
5020
1062
527
7398
795
191
41
1337
7346
1126
1445
7766
7979
7622
4354
2488
1991
475
4375
2979
7775
2148
2261
3914
6932
2284
6940
5373
3002
1295
2130
7745
8138
254
4452
1426
167
3866
5908
7263
5110
41
1145
381
5899
1708
3140
1930
7949
8018
4492
3322
7406
5054
6257
3968
5455
4033
1658
5471
5017
2380
7827
7506
658
1272
6165
4965
4212
2083
2399
3940
4767
645
4868
5325
7139
3613
2627
5462
4158
1783
6982
3164
3184
6140
2701
7358
1922
2187
2614
3963
4508
3287
2601
2768
1890
5560
5817
4079
3891
7804
976
5471
5144
1802
1377
645
2614
152
3195
5769
4212
4868
4112
2558
3201
1934
7595
4058
3979
3131
1283
6433
8060
1030
5868
7788
539
209
1185
492
3290
2062
996
2591
4361
4947
196
3228
929
4360
3239
3133
4212
5908
3183
337
1548
7684
7829
3492
7429
402
6757
532
7788
3492
616
3497
4397
1931
2426
7
7418
5207
5647
6040
163
3604
755
6961
498
4665
4112
5848
2568
6757
751
2269
5967
3933
976
1810
5082
1652
2086
6757
92
7177
6646
7981
7981
1145
7358
391
5769
1044
4176
6477
3883
1441
751
3866
362
4997
1732
2378
4029
2478
6864
5956
5848
1283
8099
8157
7446
2627
4460
3479
1491
3161
5146
5481
3479
1708
1622
594
826
7974
5866
6174
2213
6380
1644
3187
2198
4484
2578
3238
6789
502
5701
2036
5312
7062
3563
2399
5094
6509
7713
1718
6928
5662
6189
5714
4368
7815
7697
4483
3518
6996
3892
605
3606
7954
7005
4248
7588
7371
2238
4165
1589
1254
7524
4617
6314
3864
3606
3829
5366
4110
542
1644
3479
6016
8023
1275
3502
505
5357
2550
6268
6003
3184
1158
1069
2391
7617
2949
1492
5770
7829
2135
1382
6528
1183
3114
7068
1761
3256
1179
610
4752
7722
1998
3914
7894
3158
4974
4280
1092
7286
4683
8122
4138
2165
7749
5847
7634
534
1686
317
7177
7358
4978
868
6608
2354
1616
505
701
3183
1595
3131
6862
1463
4382
4399
238
1364
7329
152
4223
41
7903
4108
4437
7448
4514
4440
8079
5005
2150
3658
1582
3101
4819
129
2960
4264
3109
1960
929
6929
5000
2004
8152
5786
5209
6563
7371
1652
1644
1206
603
3879
2148
3836
3104
6716
3114
1761
7703
2970
1799
4791
3156
1999
3477
6818
2760
211
4697
6334
7413
3477
4794
2260
3415
1689
2529
7623
7892
5228
41
6716
2910
377
396
6848
2792
5910
7358
264
5674
2818
7650
186
4492
7972
277
827
2837
2892
6746
799
4878
3477
6790
4580
1347
4495
5135
2299
3161
4881
7155
8023
7823
4475
4297
6741
1741
4624
135
3109
5460
6277
7068
5230
2313
3678
1749
1021
988
6580
7893
3554
5404
2800
4538
3659
2029
3522
4397
4368
8014
1544
6660
5371
2110
722
1067
37
3114
8099
1718
1980
3682
7907
196
5481
2020
259
7903
6493
565
6556
3492
3726
500
1004
7208
1780
7963
5898
5786
2000
2631
959
1958
6560
7568
1962
5077
7548
3123
3003
6638
5079
1733
45
5285
5343
1850
4471
5558
4971
2960
5146
4313
6167
923
5806
7240
5495
302
3668
5007
7113
3997
4183
4755
1289
3373
4707
3661
7405
5527
3599
3386
7854
5005
3697
3158
5742
6059
1686
6408
1011
3602
2070
162
5529
7377
3308
5354
1834
5527
1347
6233
6048
5146
1538
255
5748
5684
30
1522
2229
4472
2051
3947
7650
3263
211
3038
7618
3096
12
501
7636
8010
3793
6210
7978
17
769
3411
2960
3933
6614
2867
6003
5354
