0
0
0
9
0
11
0
2
9
1
0
0
0
3
0
0
1
1
0
0
0
6
0
1
0
0
0
1
0
0
2
0
0
0
0
0
0
0
0
0
0
0
0
0
0
0
0
0
0
0
0
0
0
0
0
0
0
3
0
0
0
1
0
0
0
0
0
0
0
0
1
1
0
0
0
0
0
3
0
0
0
0
0
0
0
0
0
0
0
0
0
0
0
0
0
0
9
0
0
0
0
0
0
0
19
0
0
7
3
6
0
0
0
0
0
3
4
0
1
1
1
1
8
2
0
3
0
1
0
0
0
2
1
0
2
0
1
0
0
0
0
0
0
0
0
1
0
0
1
0
0
0
0
0
0
0
0
1
0
0
2
0
0
0
0
0
0
0
0
0
0
0
5
0
1
0
0
0
0
0
1
0
0
0
0
0
0
0
0
4
0
9
0
0
0
0
0
0
0
0
0
0
0
0
12
7
9
1
2
2
23
6
1
1
6
4
0
21
0
1
0
10
0
0
0
1
0
0
0
1
0
1
0
0
0
0
0
0
0
0
0
0
0
0
0
0
0
0
0
0
0
0
0
10
0
0
5816
5450
7104
4017
1786
7857
3959
3321
7785
7945
1976
2867
7681
5866
5065
1777
6557
6371
4160
1544
1755
2275
5770
706
3613
732
7777
3658
7739
5403
2862
3475
6189
7503
2284
559
7480
3214
1227
1347
7833
5103
6072
3168
3634
599
2565
7139
3263
978
842
5644
5641
51
2614
5535
171
7843
7446
6430
4538
8157
6578
6400
2984
3169
7934
6589
7399
715
7440
5238
5942
615
32
5492
4123
4248
857
702
2110
3576
728
51
780
3317
2759
2304
7388
1377
3778
7332
198
578
1758
1860
6162
335
6203
595
7046
4815
7448
1797
16
6825
4083
3482
3066
6864
2559
4613
1751
5592
352
2353
3612
820
2867
6921
219
7954
4963
6743
5600
5106
7159
837
6052
760
7276
4573
4196
972
1254
2943
4693
5608
1439
2935
8099
2014
5052
1390
5011
7206
4346
3293
6716
4993
5033
5766
6383
6433
877
2268
4423
5917
5917
7864
2356
985
520
4485
5934
2007
1241
6777
2986
1145
1323
809
6805
1695
3463
3122
4655
5254
3548
1846
440
4546
1309
5354
3165
7533
7704
1847
3963
4398
1833
826
4384
6914
1367
3466
924
7844
2184
2272
1364
5662
7864
6443
846
6816
4136
5569
2811
353
2569
1751
683
2378
6248
7470
247
5245
2108
7822
4435
7000
4086
1980
7493
6994
4446
7916
2901
5850
4331
4422
6876
7722
4418
4401
4280
1451
5327
4455
729
3770
3930
2315
5172
7099
2919
3144
3949
646
3030
3343
4108
5842
7240
5937
5906
219
174
2918
5244
5080
4079
1689
4812
4521
7101
5872
3488
4868
7864
5612
2837
3930
130
6068
758
2641
6368
7595
3043
4161
5052
2756
2168
7557
7743
1474
422
2720
4619
6891
6761
7537
6679
2686
7409
6494
1968
7903
1720
4456
6805
5124
941
5090
5535
3122
6568
1050
6133
444
2941
5657
2291
6158
1894
446
1283
7000
7101
5698
6723
6676
2021
5011
7879
1903
7534
6336
5535
7658
7430
4683
8005
3030
6958
4435
2631
7607
4961
7257
8027
5311
5889
7101
3978
2738
5565
6383
1855
6616
2427
2020
7146
6443
7000
1223
6443
786
5150
2001
3643
1100
238
1725
7346
2959
4256
2135
5569
4148
520
7719
52
7733
6780
1223
5256
7994
3048
2168
6902
1819
6816
3681
2809
2295
4271
5873
2803
1284
243
5535
2443
2009
7860
3317
5745
762
7606
4515
4844
3629
5417
6556
4923
5956
2269
549
6412
610
5228
4683
6229
2900
1144
7346
5817
1681
5245
3783
5889
5035
6738
4546
5417
3236
3668
6290
1
5090
5018
6317
2295
1284
7998
2614
3820
2900
1145
794
419
2197
7030
6172
2643
653
1935
3776
7409
1847
7111
4904
2135
395
4450
4325
6335
1606
3867
5491
8080
763
7547
100
5330
1543
1782
6268
762
961
7174
2921
135
3424
2295
1336
4450
1886
1483
1847
8061
3516
2004
6225
5497
5522
2101
258
6582
2709
178
7717
3627
6790
8168
4184
1860
2933
1284
4398
6961
8181
6581
3472
2738
8153
168
1898
3159
416
1049
4888
168
7658
1019
5716
2268
7656
4613
7439
1635
1093
489
6157
4307
1248
5459
4483
2792
1104
2708
1176
2047
1460
8098
6205
8168
3282
6322
1855
6007
2076
714
6513
1545
396
337
553
7375
258
6398
1184
4891
7778
5978
6885
1720
2368
5548
929
6655
5535
3140
3236
1852
3371
7649
2052
6998
5011
2356
6850
3322
4872
7625
975
7085
4874
730
4610
4683
562
3842
4435
77
1922
7358
6270
3247
5311
7274
5330
3820
1876
3688
5104
811
5997
7859
734
2658
2658
7658
6393
7753
7929
3936
427
4429
333
755
6494
6010
2479
5353
171
5788
4149
732
7478
3247
4831
8076
4999
152
7697
1567
7702
684
7258
6552
2856
2448
5772
876
783
2209
2192
2254
7901
6214
6389
6400
6054
4366
5016
2047
5538
1612
1337
6993
1474
1283
8026
5218
8168
6805
7145
1950
1351
2951
7205
7995
4533
5596
284
6321
234
5856
5536
4126
317
4789
7964
6425
1555
4220
3446
1619
8099
2435
1092
1307
4929
3458
6687
3881
5110
2197
4983
3718
7981
842
2734
3396
6824
1595
4809
2540
3686
6393
8030
2581
5168
6335
2069
4159
5740
860
3680
4827
5323
2846
6090
2351
3397
2485
5481
216
1359
7824
5522
610
1855
7250
5154
5168
3326
8030
7467
4651
2762
740
3541
7533
5150
2673
6575
5090
6087
5358
2440
7282
1762
7743
6425
2402
5745
347
6443
1720
1378
3537
7823
5770
5893
1089
6761
7205
1595
2686
8092
7294
7545
7679
4708
5066
5399
1285
2513
6703
1730
2134
1460
7713
6857
1461
6089
5874
3614
6966
3327
4373
483
6377
6438
7443
704
2513
3686
2856
7294
2271
5748
3934
6176
2410
203
5866
3077
4225
2962
611
5354
780
1336
2834
1704
7576
1236
8006
1067
3268
2213
1898
2658
7497
5350
1129
6365
2303
7205
6996
3174
626
2441
4116
1318
3675
1944
6405
7790
1282
2540
487
1073
4354
1652
8060
4340
2902
310
6253
4308
6977
5354
3140
6411
61
2338
4634
4858
5612
2941
4038
575
2483
2756
3721
7484
7806
2489
5500
4430
5873
2992
5535
4707
7212
5833
6257
5382
1029
4530
5364
4716
5123
5790
6531
3418
7949
336
3288
5890
7950
6018
7301
3487
632
7806
3068
2496
411
2405
7350
3055
1569
2815
7185
6011
5224
7326
6183
1675
5898
6176
4858
4881
6820
14
6941
3039
1433
5046
3132
2654
4824
3472
3086
111
5778
5679
7806
5701
3631
5382
5812
1968
6514
7422
4070
6827
5531
159
7692
5350
2229
6137
1345
272
7676
6652
4944
2223
134
2979
434
3397
2464
3814
2277
6276
7484
4809
740
2862
4181
7739
1401
7626
6558
4415
1692
6549
8134
8112
3155
7418
5118
7333
1023
575
3823
2157
163
4009
3611
1532
686
6552
7357
5380
4017
6076
3068
1280
2405
5412
2478
6193
2076
1329
3762
7893
2119
320
1639
7788
2232
5998
7877
482
2463
4429
3384
4297
7982
1420
5049
383
568
7753
2747
5708
2130
5531
1531
450
5687
704
2968
6437
