0
0
0
10
0
9
0
1
7
1
0
0
2
3
0
0
1
2
0
0
0
0
0
1
0
0
0
4
0
0
1
0
0
0
0
0
0
0
0
0
0
0
0
0
0
0
0
0
0
0
0
0
0
0
0
0
0
4
0
0
0
0
0
0
2
0
0
3
0
0
0
0
0
0
0
0
1
4
0
1
0
0
0
0
0
0
0
0
0
0
0
0
0
0
0
0
5
0
0
0
0
0
0
0
19
0
0
10
5
5
0
0
0
0
0
5
2
0
0
1
3
0
8
1
0
3
0
1
0
0
1
1
0
0
0
0
4
0
0
0
0
0
0
0
0
0
0
0
1
0
0
0
0
0
0
1
0
1
0
0
1
0
1
1
1
0
0
0
0
0
0
1
5
0
0
0
0
1
1
0
0
0
0
0
0
0
0
0
0
8
0
6
0
0
0
0
0
0
0
0
0
0
0
0
12
6
10
4
5
4
26
5
2
1
2
1
1
23
0
0
2
10
0
0
0
0
1
0
0
1
0
1
0
0
0
0
0
0
0
0
0
0
0
0
0
0
0
0
0
0
0
0
0
10
0
0
4594
2034
3144
2696
6833
5013
7986
2958
2513
7352
5903
4867
390
3416
3637
462
4493
4224
5643
2918
7764
5247
1595
4651
7235
6295
2419
7002
1839
1082
1794
5107
4481
114
5581
8132
6442
6799
2066
5798
4508
4946
291
3148
1852
925
777
4529
3144
4224
5579
1384
1031
4630
1565
4609
137
407
407
7854
1248
4215
5192
1019
5579
6973
148
6291
2696
4329
4237
631
1018
1099
1283
6494
3207
210
1009
1890
4493
6799
7246
5489
1176
1951
1024
6791
4340
1864
4441
2850
355
7818
734
4325
45
6031
777
7231
7106
7823
5214
1634
929
4891
1644
2440
2496
6227
5107
3687
7123
1181
7922
2754
4334
124
2500
1105
2922
1395
3196
272
6777
6087
4918
1820
45
7887
2425
2189
5468
208
5412
2545
5908
6160
7173
4891
4423
6384
393
1315
7412
313
3622
7352
2499
4689
3835
1620
4224
1395
208
4011
6202
7135
5227
5653
601
4224
2772
3243
4327
6972
2080
152
1718
5740
1206
5946
3879
2143
6269
2197
3563
68
2382
4747
5716
3440
2999
1550
4242
4264
2152
137
7236
7910
2022
3904
631
258
6420
71
2094
1528
5004
1283
4891
4730
2399
3948
5907
3125
1101
3219
2614
2083
1894
2784
885
7255
3720
3647
6031
4109
569
1362
7582
8030
117
4960
1824
4007
5466
755
3048
68
2003
6723
767
7158
1652
5907
1894
1101
1718
5775
3866
4683
2260
4892
4739
5581
6122
4572
6031
4493
6932
6822
5272
393
7002
6425
1824
4361
2283
4245
856
4440
2324
6197
5366
6769
789
3558
7430
2083
4333
5908
605
152
7229
6227
2136
4112
3751
7211
3416
304
5521
7966
6295
2339
1333
8069
4290
6650
1289
6724
7358
4868
4730
5946
5910
3562
4267
7697
7083
5182
485
5366
6757
3740
7153
4207
4372
1155
3823
4224
6997
5187
5122
6871
1820
4698
3835
3623
3229
2265
2491
7911
4616
6928
7257
3880
7346
1255
6692
351
6506
6148
3717
2269
4373
3084
2136
6848
6766
764
393
6188
361
7957
1814
1290
6820
2405
4341
6820
7290
6691
5993
992
5671
3901
6090
3567
2468
4961
5971
2295
6965
2014
993
7212
2669
8063
2382
6573
41
2411
3851
6009
4842
4545
2576
7189
4729
5536
5650
4343
4187
2531
5997
5805
6396
777
7530
7147
2324
2738
6653
7334
2231
6653
6805
7068
7065
2599
1002
5366
5251
4207
3572
4335
2832
1124
978
5451
5248
7596
2835
3635
1536
1988
6082
90
4325
5904
5482
2701
71
1992
4831
544
2003
3948
5251
7346
3892
7799
1283
1802
1451
2411
7910
1794
657
3572
1864
6441
137
411
7868
2410
6677
5077
3443
4350
44
193
743
5120
4252
4728
8063
845
5774
6692
4891
1718
3081
7651
447
3219
1451
3326
3443
137
820
533
7547
4842
7823
4291
5077
4852
3541
1824
2907
6827
5451
7510
3726
783
6443
7894
4007
3835
4946
6692
3131
1101
1205
6816
5954
3963
646
6858
4007
4350
2843
4335
3457
5647
722
1319
5364
5055
7798
5332
369
2002
7699
2696
2679
6708
1584
5171
5514
4809
5799
1652
3975
2324
645
4819
2295
5946
1860
7687
6799
2764
6222
3457
1362
8040
3740
2464
2679
915
6009
4290
1929
39
5376
3797
7946
3470
5020
5272
6082
6417
4121
5460
7159
135
7430
2055
3948
1206
3604
4501
3898
5995
5857
3901
3588
7227
2922
4017
3120
7380
4729
3186
3642
5232
541
3751
5707
2960
3196
6791
170
5077
2456
5916
1159
5323
6154
168
7083
5908
929
4683
7733
3426
6126
4871
1031
5208
1581
4830
1473
4812
7258
7915
2459
5385
6967
2930
4900
7700
3862
568
6791
4406
5974
3717
5842
1011
6908
3048
5366
6191
3140
5474
7430
1922
6747
2770
4180
7836
1464
5403
3120
1362
2661
2557
3358
1029
2558
5055
6052
5244
2865
4007
5412
4808
7147
1451
337
3776
2366
5366
3235
4981
5532
7101
8026
1498
3604
6723
5907
2660
5248
2459
411
4880
4700
2635
5731
372
2244
2741
3236
1140
3077
2483
2679
5048
6201
8149
4974
3770
5571
1771
3131
6757
755
4360
4360
3563
2083
3698
5107
1082
6441
744
3389
8143
1105
1733
6571
4491
7613
6441
2696
4266
2421
5115
3790
3196
3934
7806
3334
1984
1622
2187
2168
5407
6734
3030
2251
237
1513
7956
4852
978
7591
5220
5661
568
649
3196
4491
1319
2464
210
5075
4856
1617
3732
5982
369
6858
6082
7845
7640
3678
86
1628
5769
7612
4495
4020
6015
6237
1786
4213
6583
3732
4340
6320
5112
1621
7882
1748
4479
7093
5107
7123
1658
6415
5171
1308
2831
3448
702
5790
4079
1893
1145
1557
5932
1507
5327
5551
2278
3637
7956
6070
3096
3320
4950
1836
2916
450
7781
5292
3577
2271
1765
3797
4160
7893
6483
2464
4198
7785
5272
6975
2907
4350
2034
4435
6837
5674
6763
2346
1947
4615
4474
7957
7230
6660
740
5485
845
1621
531
4017
411
411
740
1938
1716
6634
7591
2907
1680
4639
5171
4147
5024
6082
4630
4630
3266
8057
2495
757
5653
6820
393
2832
4732
6262
783
3747
5077
4594
4735
4475
7901
7246
390
2115
482
5487
157
6053
6059
5185
600
7559
3682
5048
1057
3995
3298
5067
941
820
4876
1769
4812
1508
486
4796
5214
5661
2271
559
3661
170
2777
5928
5489
5858
1716
3003
5319
575
4479
6737
1108
5689
2907
7011
3051
1272
4839
3236
3797
2856
5048
4291
4853
2378
26
3851
5214
5661
4609
3712
2226
2433
1546
7940
5798
8058
6989
3714
2131
921
4573
7820
6788
731
7497
1473
3995
1272
5122
2933
4813
1550
1155
7389
915
2933
5501
4335
170
3454
7405
7609
3885
1395
5798
5798
3207
2192
1441
1226
1791
2560
6366
4053
4643
1185
4796
5629
1105
4570
4754
1685
5914
7545
7153
5198
4169
7206
1685
4585
4609
601
6227
2429
1075
6945
1852
1824
1944
3861
959
550
5835
2916
5118
4642
1084
899
3682
2907
4291
2922
2741
177
1082
3416
651
6871
218
537
1210
5653
4007
5661
4237
