0
0
0
10
1
6
0
2
10
1
0
0
0
0
0
0
2
0
0
0
0
0
0
0
0
0
2
1
0
0
4
1
0
0
0
0
0
0
0
0
0
0
0
0
0
0
0
0
0
0
0
0
0
0
0
0
2
1
0
0
0
1
0
0
1
0
1
1
0
0
0
0
0
0
0
0
1
1
0
0
0
0
0
0
0
0
0
0
0
0
0
0
0
0
0
1
10
1
0
0
0
0
0
0
20
1
0
6
6
4
0
0
0
0
0
2
2
0
5
0
1
4
9
4
0
3
0
0
2
0
0
1
2
0
2
0
5
0
0
0
0
0
0
0
0
1
0
0
1
0
0
0
1
1
0
1
0
1
0
0
1
0
1
0
0
0
0
0
0
0
0
0
2
0
0
0
1
1
0
0
0
0
0
0
0
1
0
0
0
3
0
6
1
0
0
0
0
0
0
0
0
0
0
0
10
9
9
2
5
6
26
2
1
1
3
2
0
21
1
0
0
12
0
0
0
2
0
0
0
1
0
0
0
0
0
0
0
0
0
0
0
0
0
0
0
0
0
0
0
0
0
0
0
10
0
0
6703
6162
4224
2744
2256
6317
1619
4981
2652
993
152
6322
4683
6686
1665
1496
4078
3137
4865
6084
6084
6084
6084
6084
1921
1921
1921
1921
1921
1921
2355
6702
4308
396
2217
2871
3879
2759
806
40
2098
6556
1718
605
7981
7358
3065
1022
4989
5271
6446
5032
5032
5032
5032
5032
5032
5032
5032
5032
5032
5032
5032
582
3650
2423
1802
7604
329
5384
5256
2641
2399
2998
1018
3131
6993
4734
1286
4145
6101
6379
5271
3018
6084
5032
5032
5032
5032
5032
5032
5032
5032
5032
1921
5087
8040
3426
4656
4868
5003
5174
1813
5052
2187
1337
1283
7720
3963
4648
6653
3566
7311
6049
412
2841
6446
4133
5032
5032
5032
5032
5032
5032
5032
5032
1921
5087
4945
3239
1858
1176
3333
7614
929
7101
362
751
4683
171
3717
5937
3109
7840
8098
3658
1829
3234
582
4133
5032
5032
5032
5032
5032
5032
5032
5032
1921
5087
4451
1289
8071
4683
3499
1833
4911
4050
5626
1813
7448
7502
3880
5774
7713
6322
4767
4541
2046
4612
5271
6446
5032
5032
5032
5032
5032
5032
5032
5032
1921
5087
3433
5553
6087
6383
5410
100
2420
116
2215
22
2330
5535
976
122
976
7875
3399
2627
1104
2079
7862
582
4133
5032
5032
5032
5032
5032
5032
5032
1921
5087
1658
4796
7604
3895
1351
976
755
6757
1359
7448
1747
224
2054
2472
6174
645
400
3948
79
3945
4157
6702
6446
5032
5032
5032
5032
5032
5032
5032
1921
5087
2981
3265
6020
780
7000
3563
3700
997
7626
4086
2331
7604
171
3563
3131
3327
51
2295
2295
4697
5508
4711
582
5032
5032
5032
5032
5032
5032
5032
1921
5087
6508
1404
3445
5000
2295
5659
3423
5967
3643
4844
7271
171
4730
3563
2517
4730
5471
1860
183
7213
984
7862
4133
5032
5032
5032
5032
5032
5032
5032
1921
5087
1024
1289
3936
5402
4340
1638
976
891
4683
8044
3479
1722
4947
4947
1283
6745
6698
6279
2803
4869
2386
3182
5032
5032
5032
5032
5032
5032
5032
5032
1921
5087
777
5709
6070
933
486
3702
168
7897
2609
3563
2003
6443
1018
152
1644
5569
5150
159
544
8051
816
1222
4133
5032
5032
5032
5032
5032
5032
5032
1921
5087
6306
783
5537
7956
2838
3563
1644
1351
3333
2213
578
4868
5325
5775
2800
2373
2708
2874
7791
2659
5441
4057
4133
5032
5032
5032
5032
5032
5032
5032
1921
5087
6310
428
7188
3849
4758
7760
2003
767
4450
2614
5389
646
2804
3813
6443
2852
1619
8044
7763
3565
713
5271
6446
5032
5032
5032
5032
5032
5032
5032
1921
5087
4765
325
254
4703
4412
5908
3131
302
3479
7373
6618
3330
3327
2382
1731
3770
5805
1619
127
3912
3306
7862
582
6446
5032
5032
5032
5032
5032
5032
1921
5087
522
5288
6645
4375
763
6757
3219
4515
4460
4891
1950
1802
5471
1018
3168
2453
4837
7713
3479
7056
1422
3626
1222
6446
4133
5032
5032
5032
5032
5032
1921
5087
3538
2034
390
1677
1111
856
866
2269
2818
4665
1992
3458
6928
7083
2122
3082
7502
4891
7604
7722
5531
6870
7341
2841
4133
5032
5032
5032
5032
5032
1921
5087
6767
7425
2205
4601
1915
2959
2251
6602
3688
3403
7870
2374
7358
171
6816
623
6757
1624
1896
2173
2501
7714
7359
3928
4133
5032
5032
5032
5032
5032
1921
5087
460
7901
2345
7207
2654
2900
7488
4296
1502
718
4385
4215
3614
5738
3979
1731
2098
4243
2684
3507
4930
4586
4828
6702
6446
6084
5032
5032
5032
5032
1921
5087
1931
4812
4039
254
2560
4436
2054
6442
1376
2834
7014
5847
4847
3948
381
7938
7903
3328
1961
35
4309
6524
408
7774
2176
2176
2176
5032
5032
5032
1921
5087
7995
5812
4788
3327
1652
1639
3122
1619
6652
8122
3261
2109
5937
993
3330
4289
1718
4983
1059
1288
6012
8187
8124
1517
4567
3556
2588
2588
2864
5087
7100
5087
2750
1620
4508
2440
171
6015
1176
5880
5883
4478
7962
2197
7472
467
858
3403
7446
2399
5323
383
1200
2009
7983
1166
1764
6763
3366
7750
6702
7288
4057
4057
6227
4412
1451
171
4058
6921
244
3698
1351
449
545
7870
3479
7743
6599
4756
4398
5880
321
2290
4703
4422
8159
132
4
7811
1097
6841
2037
1984
1388
4057
7591
7729
1914
2946
5740
6366
122
2404
558
2945
7446
6363
1898
1230
7127
4697
2267
6872
1283
5052
5805
7575
7908
3674
6391
1252
919
4390
146
1251
2822
6702
1514
4408
605
2295
7150
6048
4673
122
6366
1762
2523
2090
8078
3122
7478
3999
2534
7903
5471
5907
1923
6508
1929
6027
1717
4543
7828
5012
4999
1781
2599
2822
5099
706
314
1860
7981
4972
2583
7702
2614
1935
1530
7658
1377
4891
5132
4946
1860
629
4844
6653
2818
7716
3413
7227
5275
1931
4420
4335
3949
6297
6783
2873
8159
361
7520
3430
2785
6383
4963
6582
4033
1444
1894
2004
4868
1250
7144
6225
3372
2643
6336
1069
152
3611
149
6756
6664
3483
3842
6525
321
5959
812
801
2747
6000
3676
3447
1511
4655
1381
6225
6814
3331
3463
4042
1451
6631
1031
6433
4086
7280
6669
187
3122
7722
2283
7561
2850
2505
349
7233
2819
7341
2767
5025
2464
7684
5811
5260
3317
6282
4067
6897
81
1578
2708
2946
3866
1377
6679
3696
1922
3104
291
4862
152
5774
4061
7329
6332
4988
7257
4231
7659
3630
3556
6702
3483
7714
1041
2626
3879
1069
959
7623
6112
7448
3021
1451
5323
3895
5176
5622
8032
5774
1089
362
4868
3738
3953
7570
7573
4492
2505
1912
2084
6512
5271
6702
3172
3821
6922
6285
3688
767
5613
7724
4535
1176
6669
4868
1813
3895
1473
36
3612
6321
6003
8140
5158
5278
5777
3732
3185
7298
3591
4650
8007
3800
5002
6702
1710
4915
3789
2633
6317
6816
7027
7724
2446
3185
7055
5774
5535
1077
1522
7924
7302
5742
7917
491
4383
4990
7422
2971
4394
2898
7254
2919
3097
1208
659
1728
