0
0
0
10
0
9
0
2
10
0
0
1
0
1
0
0
2
0
0
3
0
6
0
2
0
0
0
5
0
0
3
0
0
0
0
0
0
0
0
0
0
0
0
0
0
0
0
0
0
0
0
0
0
0
0
1
1
0
0
0
0
0
0
0
0
0
1
0
0
0
1
1
0
0
0
0
0
3
1
0
0
1
0
0
0
0
0
0
0
0
0
0
0
0
0
1
6
0
0
0
0
0
0
0
26
1
0
13
6
9
0
0
0
0
0
10
1
0
2
2
0
2
10
3
0
3
1
0
2
0
0
3
0
0
2
0
0
0
1
0
0
1
0
0
0
0
0
0
2
0
0
1
0
0
0
0
1
0
1
0
3
0
1
0
0
1
0
0
0
0
0
0
5
0
0
0
0
1
0
0
1
0
0
0
0
0
0
0
0
11
0
3
0
0
0
0
0
0
0
0
0
0
0
0
15
9
5
8
9
2
30
3
2
1
1
0
0
28
0
1
0
11
0
2
0
1
0
0
0
1
1
5
0
0
0
0
0
0
0
0
0
0
0
0
0
0
0
0
0
0
0
0
0
10
0
0
715
7243
2632
5709
1470
6238
1765
3880
5260
3122
4345
5058
367
5149
1929
2868
4441
320
6994
3535
4674
1680
1440
3398
6201
4285
3408
3381
1404
2286
1660
1680
743
3061
4824
3814
1040
1584
5403
4029
7843
5332
7829
7551
6085
3995
7811
2965
1599
4743
852
3152
259
3262
6351
3148
5824
7234
1346
8138
6465
777
5668
6761
5531
6313
1104
1030
465
6722
2727
354
7949
7543
2512
3458
6413
7861
1680
3734
5249
1441
756
1544
209
8070
6247
7827
1486
1177
2522
7997
6869
5127
1537
7121
3245
6422
69
4804
491
1289
306
6440
4290
457
2954
6124
4294
7283
5694
708
3854
5975
1544
2346
3721
8013
1469
2072
2119
4881
3158
3124
784
4217
999
4017
6668
6152
7196
4800
1196
4533
3638
5852
522
7592
4125
2613
3995
981
4145
4111
2766
1106
2982
5143
5103
1385
8128
7620
1318
1814
3318
5580
5904
3650
7781
3571
1520
320
484
2766
7196
7138
3608
7234
4331
3197
5567
7604
5334
4415
4975
6578
4683
5496
391
3134
1928
2358
1544
3663
4358
5555
3196
6438
3245
369
4777
3244
4807
3472
87
5886
5222
2498
6022
2137
2679
7081
869
6162
8064
6303
2916
865
7702
4398
2472
8018
137
5833
123
4222
2428
7595
6139
3154
5630
4852
7747
2916
3440
1322
7815
3799
5566
87
7289
5627
6393
6829
3812
3841
7854
7180
6618
6350
6433
5546
4435
314
7821
272
732
7279
3186
8023
7753
1236
2336
1395
5913
169
4017
4851
1492
4754
1992
7116
5762
1217
470
621
4047
6020
7779
1899
594
3895
3403
4655
3140
2643
3122
1227
2575
3641
1440
6437
4491
4507
2946
4402
4395
1769
432
747
5514
5403
1514
1608
5363
7189
286
5266
4142
1217
1593
4980
2735
2740
1747
3998
2913
5535
5569
7702
4940
5545
1361
2956
2219
4918
971
3967
3231
5423
1213
7902
6299
1747
780
3519
845
5514
397
1453
320
8092
7314
516
7446
4086
1785
122
780
3778
4384
1069
5481
8151
5150
3668
6848
3424
78
4360
4902
5347
1095
6650
4624
2691
5291
7981
5305
7487
6525
8005
7414
6462
1623
5745
2331
7074
3638
1284
2420
1077
5497
2933
2658
5694
1029
3657
6663
5560
5402
6498
328
4919
2137
7997
4375
2493
2818
962
5312
2991
2738
1377
806
1460
4905
5569
3778
3317
7534
3012
7206
5634
2742
5291
7843
7060
1628
196
7472
6496
5416
2489
5120
1492
5403
737
553
2197
7702
7430
6174
1283
7903
2148
7308
4697
1104
7201
3963
3467
7206
6787
5512
391
3718
1738
7534
357
7604
6172
7060
2412
5799
2701
2346
4950
3093
703
127
1831
6811
6192
3746
7000
3403
4476
7650
7607
4697
5535
4696
1081
6556
2074
2331
1530
6399
8109
2356
2482
2330
206
4086
2448
1347
5512
313
1655
568
6215
3620
269
7812
4334
7650
5042
2381
5325
879
2945
4624
4515
122
4443
6144
1200
5655
8064
435
3566
4159
7870
1673
1361
846
1622
7840
1914
6287
1197
4348
4424
5419
6068
6336
549
2943
7000
2397
937
562
3570
4296
8113
4804
7271
6175
5075
6460
4685
5605
3072
2198
6266
122
5022
438
5742
1619
5325
5011
1891
3055
2252
5689
5434
7524
6383
7000
6653
4
173
270
459
5555
1928
7287
4136
837
7922
731
6057
7942
5353
7265
780
2691
7193
1782
2251
135
6638
5003
2791
4754
2489
5183
1246
1137
2047
7274
4697
1980
7241
1616
3567
935
22
2491
7085
3353
5856
7674
5911
5352
1377
20
3685
7271
1104
7429
6993
1543
5466
5785
3443
1689
2676
1447
4128
1706
1425
89
5745
6172
7062
6268
7276
7430
3190
3998
7097
2083
221
2232
5897
5742
706
866
27
2090
5569
6383
2691
4266
5159
6499
6228
7256
6253
3589
5787
61
7739
744
5146
2353
7308
7095
6494
866
3193
2596
7894
6679
3896
7165
4159
357
5807
4159
6398
2397
6172
7446
1892
200
7110
5918
1989
7739
3161
5398
217
7005
5347
4413
1620
6653
5478
7983
2400
1418
2569
371
2614
2740
5472
3403
5946
654
1619
3140
5016
4178
2712
3790
7405
5707
2464
8151
7643
5143
4737
7495
2272
4858
785
7563
1931
5815
678
7974
734
6723
1059
2981
135
6687
337
4624
3467
7730
2324
5156
6618
956
845
5385
6035
6668
5412
7405
7726
4594
7753
1017
4444
6617
6354
5165
4485
130
923
5908
282
2396
7605
8100
4282
2231
6574
6443
513
6156
3580
6653
923
944
150
7625
1048
5890
7908
7234
731
6181
2155
7740
3668
5833
3209
747
1393
5496
8044
5346
1687
7083
166
3312
1720
4704
8070
3384
7879
2324
3567
562
4790
3879
1491
5682
3631
3314
6141
35
4412
6320
1150
3968
1062
5975
4881
3676
6654
5535
2809
7360
5050
5346
6676
2545
7562
3221
3828
2993
7562
2481
1085
3403
6322
6172
523
6060
123
2104
6326
4147
2672
7739
966
6251
1600
332
665
7911
1347
4131
2627
3946
813
1501
323
1336
7478
1115
5745
6745
8098
6426
316
2928
7213
2295
2677
2022
7034
557
2690
2741
1426
3245
4069
4925
8103
1057
1272
1348
3643
1704
1307
5496
603
8122
780
7446
7954
920
315
5659
5555
4943
2336
3563
7388
3463
6663
4975
7034
1775
2260
4505
5166
8118
5997
5423
7078
5890
5732
6583
3122
976
362
7630
6010
780
7146
6437
7887
1270
5111
7323
1069
1283
7760
4844
3537
2267
3684
1450
5608
14
1620
2820
6677
8103
5428
756
5273
4345
1050
3577
6399
7713
2897
8099
1847
803
465
1057
3676
3196
8048
1958
5230
2691
4803
6862
3114
6665
3284
1272
7823
5012
4259
363
7408
4881
4822
4804
5785
3541
574
6795
2058
1516
4831
5747
3469
959
3405
714
6441
3346
2229
332
5403
5724
1115
5323
3659
6090
243
2470
5567
3120
6827
3316
6438
5226
165
7012
3443
3676
2501
7029
5964
7575
3682
7745
7755
1234
7207
3623
2272
1220
7543
7997
4881
1680
3223
2547
2158
2568
5714
4329
3300
4840
2265
5220
7995
