0
0
0
10
1
0
0
2
8
0
0
0
1
2
0
0
0
1
0
0
0
0
0
0
0
0
0
3
0
0
0
0
0
0
0
0
0
0
0
0
0
0
0
0
0
0
0
0
0
0
0
0
0
0
0
0
0
2
0
0
0
0
0
0
3
0
0
1
0
0
0
0
0
0
0
0
0
2
0
0
1
1
0
0
0
0
0
0
0
0
0
1
0
0
0
0
3
0
0
0
0
0
0
0
27
1
0
6
7
8
0
0
0
0
0
4
1
2
0
2
2
0
8
0
0
4
1
3
0
0
1
3
0
1
1
0
11
0
0
0
0
0
0
0
0
1
0
0
0
0
0
0
0
0
0
2
0
0
0
0
1
2
1
0
0
1
0
0
0
2
0
0
4
0
0
2
0
1
1
0
2
0
0
0
0
0
0
0
0
2
0
8
0
0
0
0
0
0
0
0
0
0
0
0
12
6
10
2
0
14
28
4
1
3
4
0
3
22
0
1
1
11
0
1
0
2
0
0
0
1
0
3
0
0
0
0
0
0
0
0
0
0
0
0
0
0
0
0
0
0
0
0
0
10
0
0
5963
7269
4089
5622
606
2202
1823
1427
7882
4718
4712
7763
695
2089
2896
3494
6654
3528
3401
3533
2918
2557
1345
2185
7277
182
4712
8055
2984
5120
6389
4867
2896
202
3071
2529
912
3123
6661
260
4710
1673
5743
4138
4551
3816
6259
6481
6385
5078
4367
129
4899
6248
7220
3994
6321
4622
7013
6536
4165
6565
2071
7451
6258
2988
5650
592
6245
592
4867
1774
3100
6761
3260
5945
1416
3561
3240
2896
18
3229
6202
1238
7092
3280
3222
3616
6954
4914
8111
7868
276
7446
3494
1707
592
7479
3240
4867
4164
6899
4165
8122
6481
3960
4784
3848
6635
500
2896
4710
4317
1744
6012
5536
7063
6043
6998
1808
7167
6258
2474
979
1342
5608
6456
525
2309
5619
7013
4092
49
7063
2254
2657
4867
2309
2516
2397
2329
6844
7468
6635
2830
6689
3237
3824
5083
8076
1718
2175
5412
2610
5560
2650
5779
7418
7645
2218
5618
6914
5701
935
4822
1801
4712
1803
302
5229
2135
3454
4712
3225
4818
1579
7764
727
2909
4982
7159
5667
485
2086
3072
4399
8160
5661
4803
3691
3656
6150
80
2309
1569
825
5536
2854
1587
3415
189
7665
6879
7673
5661
4253
5701
1364
2036
313
7650
5774
5667
1337
1894
1101
5667
7974
4031
4183
5714
1821
2257
3947
3512
3942
5116
3240
6828
3071
3291
7711
1
2329
4976
5736
960
5733
7864
929
2324
6197
8050
8057
4947
5366
6574
976
605
1729
4683
1283
856
6581
6309
2768
3207
2840
202
4914
5284
4165
3240
1269
4428
4146
3372
3225
2338
755
767
6723
1283
7345
5094
4683
5353
5082
5880
1359
41
4248
6160
4981
4884
1101
2399
549
1949
2896
2896
6954
332
4347
5495
3494
2325
6481
7218
283
2263
2291
1718
3948
7083
7650
3174
4862
1099
790
7087
467
7971
1393
6207
7083
485
5946
6757
1948
4670
2325
4522
592
6635
3526
4238
1311
4867
4658
1280
3685
5801
352
767
5409
1693
5469
127
2988
8031
1292
5409
5946
171
171
4730
4301
467
4947
3660
5447
7986
3260
7940
4522
4089
3947
1238
7665
592
4146
838
348
2304
5880
55
316
6191
2851
5368
7248
2614
4962
5842
7345
7358
5409
5667
1718
362
5977
5982
4237
1819
5619
592
2325
3220
7785
3570
25
5746
3432
7350
3207
6258
6112
1720
3963
7903
2135
3890
6158
1041
1101
7173
5323
1018
8098
1731
1652
5619
5220
1750
3432
1425
122
4114
7940
2896
3207
4293
2459
2343
2908
2919
735
6258
1179
485
5462
1729
4774
7604
1841
2089
100
6541
316
1145
6676
1089
425
6587
3260
6954
4255
6258
6588
276
6245
6635
7564
5099
4641
5548
7291
1371
5697
4095
3139
302
3219
1101
3139
1004
2295
1101
7194
4460
4697
7358
3109
1059
2260
7984
7648
7484
592
2896
5650
1698
2896
6258
1593
30
5597
1708
302
571
6160
6782
6748
767
8084
1101
7280
6591
1223
2614
3131
6042
4460
6817
3109
4961
2582
4652
3551
3701
1698
4293
5471
1148
5507
6635
4139
2440
6928
767
3563
4884
6541
6059
6745
455
5243
5546
1206
5460
2158
7346
3613
3131
5033
5916
3979
4947
956
5756
8030
3401
5754
6678
816
1192
3075
2648
7653
3820
2440
767
6745
6236
316
734
1619
8098
1914
7430
993
3948
1720
1390
1101
5667
152
7974
7903
7346
3827
6691
7594
5909
6826
3649
2344
1074
1171
7177
7258
7502
6225
605
5907
578
2959
2900
2488
8084
7864
6305
381
4854
314
7062
6207
5946
5471
610
927
4983
6236
482
4070
202
2896
4094
1506
6876
6989
3188
348
525
1738
6197
1718
6574
3479
51
4360
6194
1359
1283
6928
610
6557
7717
1012
928
6327
5403
5224
1753
4773
7827
4779
4467
6258
3260
7210
8048
4094
5544
5071
6258
3225
1673
645
2874
7308
5256
5619
4654
4680
4360
5434
2532
749
2210
8148
1413
2512
7980
7845
1514
2004
6595
896
960
3240
4146
7013
8046
4089
7299
5110
5129
6464
4569
4253
5366
334
7971
7971
4237
4952
7117
3364
1808
3510
4025
704
2727
7766
5436
1621
4634
4491
7757
1878
7252
6116
6635
4126
5995
4089
3882
78
4004
8025
5463
4146
3220
4670
5782
1439
159
4491
7179
3026
559
5475
2112
5762
5376
7917
5295
1062
1129
5710
5266
717
4462
2175
4867
1774
934
4070
8023
4534
1803
4114
5653
3660
202
5661
2690
6438
3969
30
2298
6886
1534
4027
5035
217
832
5220
6488
7729
4292
5666
5143
7700
260
4670
6945
6703
2120
5906
852
3054
5705
6639
6011
7183
2303
1171
5729
1211
6848
1095
2276
3747
1453
35
4321
1319
3577
1962
2679
169
5403
7827
4251
7013
6258
592
3159
7085
250
3188
8138
1131
4779
2753
61
7717
3526
5129
6937
169
6004
4763
7474
2854
7640
5995
4337
2062
4546
6613
5436
4237
3661
3893
5945
6031
6590
6826
592
6902
2896
6635
437
6189
5047
5038
1880
4266
6519
3071
6457
960
1863
6245
7044
6588
7682
8019
4294
1538
5567
1308
3668
5840
6329
266
3020
6384
7692
7940
2896
2896
2325
6258
6635
7210
2862
7980
6059
4339
7230
1209
3656
3644
7665
825
4687
1012
4573
5742
5595
7415
1706
4070
5048
5209
3824
5434
2512
2948
3260
4525
7665
1834
2896
2896
2896
3494
5790
3299
4479
3677
6848
4338
6454
327
2887
4467
3139
7856
7294
4400
2004
1873
1664
6263
7685
7961
3364
3341
5790
6004
4372
4867
1009
6796
6384
3123
7344
6587
914
1964
1048
5506
7723
4017
4759
421
6460
2167
6944
5574
3477
5605
2288
4618
2676
5436
531
8151
2552
1680
1461
4864
3684
2202
411
4089
1958
7182
6248
5764
1345
1589
1357
1163
5485
4479
4763
4578
6358
3348
2906
415
6320
7820
5739
7413
7596
7497
4237
4140
4140
3443
3464
5571
957
3240
14
5111
3280
8103
5244
6176
4303
4341
7180
1680
2229
1319
7180
7596
7149
4521
1658
4859
7491
1836
1836
6135
3477
3651
868
5118
8078
7961
708
2512
4670
6258
