0
0
0
10
1
3
0
1
9
0
0
0
0
2
0
0
0
0
0
1
0
5
0
5
0
0
3
2
0
0
2
0
0
0
0
0
0
0
0
0
0
0
0
0
0
0
0
0
0
0
0
0
0
0
0
0
0
0
0
0
0
0
0
0
1
0
0
0
0
0
2
0
0
0
0
0
0
0
0
0
0
0
1
0
0
0
0
0
0
0
0
0
0
0
0
0
7
0
0
0
0
0
0
0
21
0
0
9
5
5
0
0
0
0
0
3
4
0
0
6
1
0
6
2
0
3
0
0
0
1
0
0
0
0
0
0
7
0
1
0
0
0
0
0
1
0
1
0
0
0
0
1
0
0
0
0
0
0
0
0
0
0
0
0
0
0
0
0
0
0
0
0
4
0
0
0
0
0
0
0
0
0
0
0
0
0
0
0
0
7
0
11
0
0
0
0
0
0
0
0
0
0
0
0
10
4
10
1
2
7
21
0
0
1
4
1
0
23
0
1
0
11
0
0
0
0
0
0
0
1
0
1
0
0
0
0
0
0
0
0
0
0
0
0
0
0
0
0
0
0
0
0
0
10
0
0
1516
274
4735
1106
1739
6852
145
7194
2643
3880
5967
956
832
7872
4716
4745
5424
6557
1359
5276
631
5874
2610
5308
6227
5031
3008
3438
2654
2647
5615
2229
6760
1018
3424
8188
235
6648
3177
6189
1860
7373
6582
2472
3836
6982
701
1390
3657
2472
6383
7872
565
1598
7101
8168
4665
7434
6103
3046
5512
1634
711
1235
6158
5083
5676
3111
2639
6740
1129
5474
1283
3122
6541
3140
1841
3896
1722
781
4235
2412
6380
3879
3776
1922
1616
1898
1619
2339
5942
2311
7195
4245
7138
6571
2095
5838
1014
7065
5263
7723
39
7840
7308
1223
2867
6398
5535
1543
2837
5237
6048
3895
780
8044
562
1250
751
1747
2984
8191
6569
6877
1243
2920
2058
200
7010
5331
1339
6926
5801
8191
6121
3131
1652
6745
972
3187
2122
2614
4289
7045
2472
1223
562
3880
7308
4655
6787
5251
7022
1739
3927
4115
4939
834
3490
7492
1747
6008
7489
6215
590
915
7559
5323
8098
1755
5291
7173
1894
645
2643
4947
7082
605
1337
4473
7158
1755
5251
2267
1672
4374
3504
1956
929
1091
3154
2784
4336
6479
6733
7871
3287
2214
3353
152
1644
5569
3895
5795
5910
5946
7150
5323
6160
3160
610
3675
5774
6443
3895
7139
4723
1318
1519
3457
6177
3788
1478
1275
322
6776
6791
2465
4641
5067
5925
152
3140
7448
1693
7150
6197
2998
5366
5460
1806
7430
2333
2998
3563
1718
1644
6556
1074
1589
7049
6197
1482
2339
2661
317
7014
1740
3320
6395
5477
5171
1223
41
3219
4433
789
6692
4473
2291
4994
6399
1976
1718
5799
3563
68
7358
4756
2379
2881
5461
3259
1858
3724
7408
4340
8096
7495
3741
6884
7874
907
1565
2211
3868
1377
6197
789
6138
2074
603
842
5990
6757
5967
976
6739
7729
152
1494
2487
5225
5542
152
1377
1254
6997
6055
5896
1211
5024
4326
3287
7013
2447
5144
6872
3236
6988
3428
2950
6652
4368
41
3680
108
1813
5323
152
1894
866
6680
3654
7910
4947
314
2175
2190
249
2900
2610
27
4136
2662
6818
2122
5550
2267
5569
2397
3548
4142
3084
4904
2342
7448
956
3657
6745
6574
1898
6745
4138
1860
1348
1352
1619
5184
1849
4610
4743
5394
3127
6053
3600
6849
8030
1451
1283
8013
3219
4435
6078
6532
393
5472
226
4551
823
6487
5937
4655
4697
6723
3479
6748
5774
5132
1731
2295
5967
1898
7311
2671
2217
6370
5079
4700
3411
4141
1337
3140
2054
2472
1292
7256
17
4020
8171
2338
3165
6106
5481
1624
2399
2627
5082
7863
1283
7793
1761
4683
7713
1644
6433
6912
7090
4739
3897
3483
646
2052
1206
1377
3023
395
5659
399
6023
3793
4804
4159
6159
2781
213
5667
3998
1481
3479
7083
329
7346
6381
4974
1624
7478
7373
4756
1015
3741
3993
2627
68
1283
4882
6699
3685
3122
1100
1833
1876
5184
4621
3652
5082
976
1511
993
1377
7173
2376
562
7650
68
2545
2818
1089
4844
2129
4664
7757
4372
764
4838
7150
2440
8057
5873
1416
3868
1543
7658
127
3184
7206
3643
2658
8044
2054
5946
6928
6574
5366
3479
1034
7763
7000
1283
2291
347
3916
7042
6976
1928
7036
1766
2052
2600
3766
8084
5946
3131
1644
4683
172
1685
8050
1855
6172
2472
7060
5967
3643
302
6322
7763
5182
6616
629
7358
2040
4406
248
3376
1254
764
5052
5907
314
1644
6010
3766
7358
1283
4683
6814
6745
6872
4443
5745
1101
7055
3563
1619
2397
2324
2324
4904
7962
5184
6687
5466
1544
6892
7518
4389
2874
4888
2502
4623
1041
2397
7763
1644
3122
7448
4683
5907
1337
3613
3879
645
2834
2399
196
5745
941
7614
6282
2742
4223
7206
1722
2477
6307
6920
4160
38
6000
7138
5112
7686
4771
8081
1522
3184
1599
866
3642
6676
7083
1337
2399
6160
6757
6848
216
3023
4817
5247
1230
258
3382
1530
3359
1491
1716
4840
2790
7106
7968
39
1017
4175
1500
4758
1129
5613
6438
4934
3186
3868
41
2083
1283
2021
2946
7713
7083
5251
6626
3168
1791
2658
562
7818
2397
1064
3244
36
1506
4162
6299
7176
1453
3186
880
435
4400
1715
1512
7752
3650
7033
7864
6723
1652
6699
5946
381
6322
6745
1434
6740
6470
8099
5323
2170
2472
7188
3740
3499
3392
4355
109
4029
2716
6307
6183
7287
3875
6396
4340
8094
2677
6810
6549
6814
2399
3160
1628
362
1283
6745
1479
2006
2960
3479
51
2387
7159
2261
6648
1207
3322
3186
1048
6384
7571
5176
109
1713
1295
4115
6338
4800
2248
683
2922
5184
1695
68
6723
1722
152
8122
747
5627
6068
751
3479
6745
780
5082
3318
2002
1581
7079
7512
4239
4849
7138
423
3301
1048
1924
1401
1048
6989
1900
4639
2654
4624
152
2900
1283
1858
3896
4505
1473
1030
7713
3333
7000
314
5829
7592
423
5629
2772
2460
5843
4077
521
4352
4869
5046
8006
2208
6124
2199
2677
7722
1564
3346
2261
3563
4683
1644
335
2196
3259
2381
1059
7788
6861
269
2558
4851
7524
1733
6660
1361
960
1353
3494
298
7384
1406
8066
243
1217
1479
8048
7913
607
7067
4211
866
41
7000
169
1658
3186
3824
6757
7398
5344
7258
4830
2780
273
8023
2791
3824
5112
2548
825
3775
1929
335
426
7077
3685
6035
2546
5181
727
6583
7924
925
1283
2802
5176
5896
4123
7654
3759
7415
7827
1989
3196
1899
5332
6824
5731
6865
1972
1084
2059
6590
5923
169
1453
7978
4703
5753
1535
7168
3904
5933
981
6249
4858
1965
6040
1989
5689
1402
7592
4350
5627
4070
3809
2750
7679
4361
7398
6777
7418
1570
7242
6902
2316
1544
2002
7583
6556
457
4851
1557
5081
3184
2825
8046
4491
1453
807
109
5627
929
295
332
310
1613
39
618
169
2137
6652
7214
4390
1522
6193
5168
2772
7803
1395
1767
4413
7722
5350
1217
4175
7692
263
7531
7691
4353
3854
4975
4345
7093
2377
6070
5236
7234
6797
7256
4339
7978
2662
109
