0
0
0
10
0
10
0
2
9
0
0
0
0
2
0
0
0
0
0
0
0
6
0
5
0
0
1
2
0
0
0
0
0
0
0
0
0
0
0
0
0
0
0
0
0
0
0
0
0
0
0
0
0
0
1
0
0
0
1
0
0
0
0
0
0
0
0
0
0
0
0
1
0
0
0
0
0
0
0
0
0
0
0
0
0
0
0
0
0
1
0
0
0
0
0
0
4
0
0
0
0
0
0
0
25
0
0
7
7
6
0
0
0
0
0
2
1
0
1
5
1
1
8
0
0
2
0
0
0
0
0
0
0
0
0
0
0
0
0
0
0
0
0
0
0
0
0
0
0
0
0
0
0
0
0
0
0
1
0
0
0
0
2
0
0
0
0
0
0
0
0
0
5
0
0
0
0
0
0
0
0
0
0
0
0
0
0
0
0
5
0
7
0
0
0
0
0
0
0
0
0
0
0
0
11
1
10
3
4
0
24
1
1
0
0
0
0
19
0
0
0
10
0
0
0
0
0
0
0
1
1
0
0
0
0
0
0
0
0
0
0
0
0
0
0
0
0
0
0
0
0
0
0
10
0
0
3383
6454
2548
5232
4729
5560
3154
7389
7077
5210
6552
7592
7491
1029
3604
6676
7981
3826
3287
5569
7607
7405
7061
4027
418
6396
2679
5921
643
764
6141
4099
4361
450
7723
1340
3594
6799
6660
3196
7570
7135
5290
1739
6303
1624
5366
171
2397
562
937
1104
3836
5892
6552
2979
7442
3861
5367
3676
3823
3004
3732
921
2635
3012
3740
4361
491
3121
6041
4718
6380
5251
51
402
1452
2908
7083
404
1077
7799
5410
8098
4868
3402
4016
4242
4975
6076
96
4694
996
5160
7700
686
5442
6179
2541
3096
6868
6427
5626
929
780
1069
4683
5003
4946
5597
1860
2848
4637
1624
7875
152
2058
2934
2411
7013
3212
1893
6243
744
3797
6847
802
2553
2271
5687
7582
797
681
1343
4190
7855
207
6398
7159
1841
1644
734
4624
6500
1619
371
7150
7903
2073
4835
3594
2645
4716
425
8160
4933
1024
5594
155
2042
4100
5226
2411
2868
4861
6448
6698
751
5466
4428
3122
357
7704
8044
2291
7083
692
2324
3881
3430
7430
4198
3173
1893
3950
6645
418
5507
7229
7615
2136
6616
3533
1856
3936
1020
4478
3598
6007
1644
1731
2482
7905
7231
7373
2818
4946
6191
5777
3171
3131
379
7412
4983
4576
1766
1275
657
1478
96
5403
4340
1852
6031
3006
1878
5347
7642
2227
3660
6068
6225
7127
3359
1876
1205
856
4983
5535
1145
3377
7818
1031
6194
5908
5740
1337
6757
1687
7082
121
2533
6417
1279
2728
825
6076
7590
2182
2405
7229
7845
8040
2658
7478
3839
8044
5325
379
4947
5535
1628
171
152
5174
6961
362
2399
7981
1841
6872
5967
3657
1148
114
5997
1595
4009
4969
4339
7767
3051
6015
4359
5290
3287
3827
2605
2397
2998
152
2331
5215
5409
6857
68
3403
2274
4212
5460
3880
3140
7539
3140
2387
6254
390
6271
5790
6248
457
4374
6983
5
7725
5048
7570
3417
379
2098
371
6930
6745
4387
1738
122
2943
2472
1894
4384
1451
856
856
2083
4327
5243
1439
4651
3581
825
3572
4800
4400
61
1514
2489
6188
3469
7840
5417
7812
7763
2324
3563
7083
2109
6317
74
3601
3643
562
7308
1914
107
41
4360
381
41
381
3881
646
860
3599
1576
3443
1090
7852
812
8168
2658
7131
4844
751
6322
3895
6745
1847
7003
5504
2569
5003
438
7308
4868
1640
5799
8084
3397
1802
5740
4449
7150
4946
2818
3291
3600
36
3213
6089
5094
2658
1681
4756
6816
1860
7704
7863
1104
2472
6299
6653
789
7308
6156
1894
1359
5256
4223
5256
7083
610
1619
6325
6993
3131
2943
744
5102
4457
7559
3584
2080
51
4756
238
5409
3428
5003
6112
5662
7311
371
3867
4962
6928
1451
41
2047
1718
2301
3377
5358
5662
2268
3479
1922
780
1856
692
2358
2489
7321
3712
8176
5325
545
7000
1861
1205
1693
5745
3023
420
5261
7224
623
6006
3881
1206
7137
152
7907
5838
5908
41
3828
3604
1898
4648
6586
1740
4335
2979
3936
5128
6248
4217
1858
4844
2600
1104
7478
20
1307
2187
1995
1802
2276
1741
7833
5585
723
2268
6757
1922
1806
5908
1378
2295
2397
4263
909
6798
3092
1521
369
6869
310
7679
6745
357
1841
5946
976
3717
3717
152
5110
1633
6039
5147
935
196
2991
8084
4730
605
3268
152
100
2658
2960
1581
3786
3964
3925
1697
4858
1873
7942
1046
2392
780
1898
4624
3567
3778
2310
1390
1383
4551
827
7427
6813
667
4617
7358
5366
1477
3030
5474
4267
6233
6877
8088
6021
6810
5442
3010
1029
5560
7435
849
1103
5937
2943
1359
7311
2073
5144
4776
4769
1416
7044
420
4282
2959
6159
7375
4983
2382
4891
6350
2662
795
1009
2592
1549
675
3894
7755
5580
1815
2265
6262
2136
6320
6086
5910
196
4530
2614
267
7903
4161
2039
1498
4730
5179
6653
6160
4032
379
6817
4698
7180
1129
978
5337
3005
2492
460
1748
4489
5365
5654
2470
3600
3558
1687
1337
1349
4042
2387
3998
2301
352
4999
3978
3133
4460
4221
5323
6715
1652
5323
1713
727
8103
2132
6161
3739
6274
939
726
3229
4873
2378
1661
3695
2568
1722
605
6624
6814
7430
645
3125
3114
993
2582
8099
3247
1101
6928
1687
927
1894
993
5715
1046
450
7636
6073
6615
61
808
2156
2778
5594
6761
7116
6930
1813
5740
5971
5880
7719
1390
6692
7430
7864
8168
6191
5799
6618
5409
1390
3563
5366
7308
7799
1224
2002
919
7061
6183
3391
1356
2257
2465
6761
5264
7010
4212
6928
6669
5967
7877
6400
645
6506
3776
4868
2052
1491
3131
2052
3251
3613
1922
3048
5774
1913
4004
2130
1345
2105
5629
5292
7492
2773
4753
963
5092
7487
4983
5908
7314
7240
1812
929
5908
40
6745
7864
498
3866
1337
3659
5505
3759
5740
6848
1283
7375
5731
6450
4270
4340
7625
2228
914
2631
852
2538
7739
3563
956
4537
122
7448
8141
6745
7840
7903
4267
5230
6676
1652
216
5907
4961
381
3114
4891
1922
7083
2916
4340
5833
4634
5853
827
920
4426
7688
6479
1129
2445
7430
1099
6787
1162
1337
4683
8084
2073
4131
7679
4648
2301
6757
929
6723
605
152
7974
605
7308
6041
4596
2693
7584
5567
6276
5985
24
149
2544
3995
2900
5908
1474
5256
6433
4960
1812
1336
7240
3542
5886
7887
7012
5325
6676
6723
6723
3131
1687
2382
4868
4934
4339
3244
705
482
4834
8176
6776
3244
482
2248
701
927
6757
1861
4138
4000
4485
3074
6480
6053
988
54
6009
1443
7497
4422
6057
2792
3879
5940
4665
1532
6307
448
109
7524
5720
6889
3391
4070
1157
4290
3726
5238
1282
4594
8023
3936
3775
3560
731
26
1103
5756
6920
6281
5567
2512
744
1620
6645
7299
3851
3589
5143
5394
4291
1631
174
6483
4374
2916
4290
320
5537
1523
3777
4412
2557
7196
7196
6183
5909
6983
6876
5063
6121
2442
4290
2679
7545
3134
372
7210
7059
1769
3460
4851
811
526
7135
