0
0
0
10
10
1
0
1
11
1
0
0
1
0
0
1
2
0
0
0
0
1
2
1
0
0
0
2
0
0
0
0
0
0
0
0
0
0
0
0
0
0
0
0
0
0
0
0
0
0
0
0
0
1
1
1
1
1
0
0
0
0
0
0
0
0
0
0
0
0
0
0
0
0
0
0
1
2
0
0
0
0
0
0
0
0
0
0
0
0
0
2
3
0
0
0
8
0
0
0
0
0
0
0
21
0
0
7
6
2
0
0
0
0
0
3
1
0
2
1
2
2
3
0
0
0
0
2
1
1
0
1
1
1
0
0
1
1
1
0
0
0
0
0
0
1
0
0
1
0
0
1
0
0
1
0
0
0
0
1
1
0
2
1
0
0
0
0
0
1
0
0
0
1
0
0
0
0
0
0
0
0
0
0
0
0
1
0
0
3
0
10
0
0
1
0
0
1
0
0
0
0
0
0
12
5
9
7
5
3
27
5
3
2
2
2
1
13
0
1
0
12
0
0
0
2
0
0
0
1
1
0
0
0
0
0
0
0
0
0
0
0
0
0
0
0
0
0
0
0
0
0
0
10
0
0
6447
5107
297
1105
5275
5701
1242
3037
255
2560
4805
3722
2597
1084
156
5131
2778
2149
4541
4457
2950
4007
4291
575
2433
1170
3407
5702
7590
3676
6533
5402
4007
1048
3443
1430
778
4007
2686
1989
7110
14
5402
5560
6724
7040
6237
1492
3792
3958
7501
2385
125
109
1944
1367
6853
1639
6756
5007
3710
7067
4807
3346
4291
3911
4852
5427
4007
2843
2801
3245
1319
1488
7722
3666
7463
7624
6739
2925
3730
3149
5452
2393
2906
4493
5385
5420
2884
1743
1422
7590
3463
2414
6027
7210
2410
4291
3096
4605
4732
384
2402
2967
5629
899
2137
6862
104
7307
6751
1058
1892
8186
1607
4720
6741
3189
4431
5225
7688
7811
2813
5362
1817
7311
1472
2741
7874
783
4232
7795
1003
6508
7545
6735
2894
3504
7196
5493
7077
3910
6696
3171
8072
2860
3082
7227
7290
7216
5938
3684
3191
3637
4630
6929
7067
2230
4543
7811
4858
3167
1331
4214
6686
5265
2131
8187
1988
5185
5531
2607
4311
5139
3669
3192
7914
5282
1757
7091
7686
6171
2252
550
4162
1217
5369
4753
3056
1743
5065
4807
7327
1217
4361
3457
7011
7389
5067
722
845
6824
740
6650
4461
5821
4366
725
2051
5226
3289
6185
7275
519
3667
747
3351
2546
574
177
753
2679
1973
2637
980
1333
4441
3740
7148
2907
5997
5057
5896
1821
5877
471
3233
930
6639
4965
7784
7140
791
1703
2914
1204
1048
7090
1245
2977
6346
6863
3577
853
3487
1513
1941
2741
1287
5403
4142
807
2214
5057
2894
6989
8063
6688
4776
3953
1680
4481
1942
2500
1778
1548
3247
544
5020
835
125
2002
5468
2791
2219
2622
8080
3153
6307
3186
8187
7135
26
6445
4228
6660
6082
5244
7023
3841
3557
2099
3426
5491
5079
7323
4696
7333
1711
3712
3475
1709
574
7966
1182
581
3391
6720
250
1767
6188
304
5247
3694
4694
4543
2115
7995
1319
5726
5547
2710
5188
3148
2463
6922
704
7963
4496
6616
6758
5627
5514
407
6321
4422
1709
5896
7256
4950
1285
1450
4335
7188
7722
3699
2500
6756
7094
5332
2464
5322
6989
3514
2720
1662
3559
7586
7445
2591
3673
43
198
3429
702
1048
3601
8103
4835
7143
1520
508
725
7520
5149
4830
47
7294
7461
1928
2449
2922
4491
5998
6660
1105
6817
581
3886
466
6510
1184
6815
457
2555
436
7715
4813
5006
1680
3196
3288
2870
7788
7243
4521
740
3358
7966
4310
6547
331
4295
5283
6262
5185
684
254
1009
8093
1688
7356
1834
5365
1498
6014
7532
1662
3214
5649
5423
297
1449
2005
5309
2546
7915
802
4103
1864
932
4858
7745
6315
5767
1709
5896
740
1534
5403
4007
2460
2493
4544
6425
1512
6642
2141
700
2451
2684
5551
3475
2119
3167
2195
335
7135
2002
2973
1395
208
2419
2672
2967
6799
3936
3162
7258
649
5635
4096
5029
708
1494
5764
2965
4967
5189
2789
2200
3579
6405
7230
7592
3238
4472
484
5057
4729
5403
5913
1450
5277
3056
5171
6895
4742
835
4526
1595
2582
6924
2960
1599
6306
8046
5486
6498
924
4835
5133
3622
6298
7750
1765
4847
2894
853
6509
6262
1740
2493
1954
44
5422
6583
6761
5095
2986
1046
5402
3532
1302
3839
1172
296
4693
643
5667
952
2064
5088
7644
195
5081
8031
1954
4800
740
882
4604
2922
1740
4209
2907
6833
1786
932
619
5160
7823
1798
1017
4847
1169
3054
3658
4069
5075
5714
5949
5635
7884
7005
6493
1167
684
4361
2166
4542
4011
7756
5531
1395
2463
8151
6303
7613
7029
3577
7823
1087
1409
3617
7911
7279
3960
677
3597
5182
7954
2024
6272
4903
2124
254
7314
5543
3158
1581
5405
5833
4934
7613
4339
1769
6262
4749
4374
5778
4735
4120
591
7563
3789
4172
7034
5092
5689
7711
7314
2272
2287
3403
1523
2586
449
2688
4339
2912
7493
3687
7953
3196
6012
1965
6065
1765
1473
2956
4506
1600
369
777
2810
7507
3616
8081
7172
2196
7061
2826
719
5962
4434
2843
1341
338
142
4998
3807
2312
4232
7269
1835
1497
3077
432
3986
1988
857
6176
4597
3674
1601
587
6540
5964
7426
5942
1289
3348
3904
8187
679
106
4456
6653
6001
4764
770
6054
2009
6021
6740
3790
6152
5066
1581
2557
3504
2868
5397
7466
5551
3706
1200
3684
7034
5587
6654
8068
3992
3224
3302
6249
34
6030
2000
3363
4921
5050
874
6881
123
7207
5708
5675
4542
845
4232
6827
7827
3299
7765
4833
849
5810
7740
4377
2152
1009
7591
625
7219
6533
1289
1084
752
2805
4658
466
1488
3353
3514
3546
7821
5920
2710
904
5397
6438
4313
113
7602
2752
7560
539
3793
999
3115
5149
5979
1661
5682
673
3280
6518
1520
1453
2167
197
2468
5821
695
1485
2532
1221
2987
5412
5778
3480
2230
3210
2123
935
824
2798
1021
6438
2207
2022
8116
8069
1873
841
3995
1245
8152
2481
4192
1094
3405
3960
6476
5760
3025
2236
3920
2672
2930
2248
4047
6648
5334
7957
1675
6016
4881
4385
6199
403
4095
8163
4597
2009
1587
6003
117
5041
5396
3639
4389
7256
7861
3292
6522
7715
5430
1980
1318
2031
1289
4741
3995
2957
7573
6214
1830
4635
2929
6558
3847
676
1402
3609
1200
7692
7914
3706
3666
5835
3821
2128
1506
2613
4374
6359
4326
4979
6095
2852
4648
24
2903
1230
3445
4488
2308
6889
1946
3093
2120
821
5170
7251
752
46
3212
4482
5374
3445
2809
4948
3056
2120
3812
84
7869
3265
5608
3136
6410
2839
5233
4906
788
6554
6199
2204
305
2979
5882
2637
1300
5691
6862
4732
90
6230
778
5536
4164
6544
366
7134
2249
7704
7378
1226
1334
2986
2934
156
5673
2289
3995
4162
7463
3085
1770
7666
3490
3862
5896
1534
6321
7980
3058
8021
4492
2999
7908
1048
3790
4297
7672
16
3213
7514
5736
2630
3258
2629
7747
2119
3301
3045
6926
460
1067
2552
1157
1200
4990
7617
8118
5780
6078
3307
1715
6918
587
