0
0
0
10
10
2
0
2
8
1
0
1
1
0
0
0
0
1
0
0
0
0
0
1
0
0
0
1
0
0
0
0
0
0
0
0
0
0
0
0
0
0
0
0
0
0
0
0
0
0
0
0
0
3
3
0
1
1
1
0
0
0
0
0
1
0
0
0
0
2
0
0
0
1
0
0
1
1
0
1
2
0
0
0
0
0
0
0
0
0
0
0
5
0
0
0
8
0
0
0
0
0
0
0
20
0
0
8
10
5
0
0
0
0
0
1
0
0
3
1
2
3
5
0
0
0
0
0
0
2
1
0
1
3
0
0
1
0
1
1
0
0
0
0
0
0
1
0
4
0
0
0
0
0
1
0
0
1
0
1
0
0
0
0
1
0
0
0
0
0
1
0
0
1
0
0
0
0
0
0
0
0
0
0
0
0
0
0
0
4
0
8
0
0
0
0
0
0
0
0
0
0
0
0
11
6
7
5
2
0
27
3
3
6
2
0
2
10
2
1
1
15
3
0
2
3
0
0
0
1
0
0
0
0
0
0
0
0
0
0
0
0
0
0
0
0
0
0
0
0
0
0
0
10
0
0
1988
396
3490
6041
1024
1425
5998
5127
6110
837
3526
5160
7858
5631
7213
2221
4976
8075
2766
4350
3320
6973
4796
1204
1522
453
1951
5601
1362
8078
5833
6273
6724
6616
3781
2608
3888
3145
7121
5840
3598
2100
4420
7622
43
5706
5250
8027
2116
4710
2679
2850
2189
7617
1343
5531
2722
1287
6689
7869
1956
3029
4925
857
1416
6401
7415
5430
2780
1327
3265
2253
5493
4719
4461
3197
7657
968
6593
6217
3602
4620
6844
6227
575
7061
2616
1605
186
966
3554
2553
1824
1308
6179
259
785
7393
5921
2413
6560
5790
7692
6112
2932
7462
350
7691
990
979
3838
4983
1988
4717
209
1576
2527
1626
5717
1163
3119
2230
2464
3167
4944
4062
2408
1951
4899
5142
4079
4352
102
5732
563
5012
6145
7622
2747
7852
1094
7593
4812
3770
541
1196
2854
4051
7262
4898
6015
3674
7416
4900
4426
507
4754
3534
778
2907
1036
7622
508
741
4215
5226
3490
1706
3096
7048
1346
3179
244
2059
1788
6939
795
268
4153
4356
2004
966
4405
1988
6449
3557
3542
7190
6020
6583
5531
4628
4366
4556
6657
3287
7405
4609
4017
6920
712
4289
3600
4099
1784
7799
7629
4890
6411
179
1583
5265
2286
6025
4858
3115
4798
2092
4294
1009
1508
2005
1144
5337
4138
4847
5652
972
4232
1584
5726
1343
5702
7196
7739
4261
6894
6002
6088
1433
5350
2400
3613
4574
4707
1469
3834
7024
4308
4741
4737
4805
6958
4207
7537
5143
361
1242
1824
5536
4759
6149
6427
4545
6989
5339
5492
6985
5444
2860
853
1344
6600
5624
3153
2756
1305
14
5402
5522
5983
2619
7924
7231
4500
7914
5276
145
3541
4340
2894
4759
2612
2366
2789
2619
2038
2671
3292
923
5145
2615
1741
8018
6414
2824
934
760
4518
1443
2464
5664
7258
2283
2006
6303
2557
1157
6926
5514
6078
6179
5904
7024
6824
3253
24
5493
4813
4604
3834
5284
4554
2856
1007
2700
1030
3581
1589
1449
1011
4103
7401
6850
1082
939
6720
5397
2051
5074
5810
5364
3291
2769
7811
1361
3358
3414
6549
1055
1532
4270
5778
4300
8055
1224
7685
2156
6972
2051
2011
599
6683
4169
3391
3420
1733
3561
2880
6691
5742
4444
519
4995
8111
5888
5449
1078
2546
1512
2654
419
2557
2654
5531
3629
3701
1301
7307
3245
7752
4912
514
3086
6820
169
4759
9
1191
5870
6999
2668
8019
6220
2253
2496
7966
2586
75
7075
383
4798
5979
1346
7017
1753
754
7639
7650
5145
6022
1438
2547
4509
8078
3564
3155
3506
453
4409
7919
6863
2705
2192
116
1926
1057
2489
1791
1075
6829
1169
5248
2252
4985
1620
1319
5163
3597
406
876
4843
7630
3879
4789
4599
7008
6928
3761
5717
3184
2544
5920
97
6717
6131
4290
3358
4818
4634
2280
5130
1599
7155
6997
2219
7070
5283
8187
5668
3428
2055
1280
123
5615
6953
3503
536
6522
4776
7723
7393
2894
6510
5093
841
3061
3257
8092
1715
4005
4310
6974
7682
263
2910
2123
1078
5868
366
4399
7021
7819
5560
5079
5820
7723
7265
1296
6544
1890
5759
6571
1057
35
5664
3186
4504
2854
3599
2795
7498
5241
4798
1281
1864
1669
169
2672
1180
5445
6583
2217
6475
94
5454
4029
6144
5237
2972
378
6552
350
461
80
7031
6036
6522
5050
6522
440
3788
1768
1988
3167
886
4264
5463
3447
783
7997
7171
1989
2671
3245
6824
6614
4554
2464
3646
1438
2798
1810
3291
5007
7494
7328
2204
528
805
5201
1247
5510
7542
5273
676
2229
6011
4753
2934
1057
1527
109
3257
727
3326
2446
8078
3361
6467
6062
5717
193
5911
5806
5833
4218
2247
1066
7040
1272
6445
244
5681
6947
2616
7676
1322
336
1605
1050
1173
1661
3368
1820
5079
83
2741
250
5506
4034
7205
3910
2408
2478
5035
611
258
5796
1643
6391
2870
2740
5097
2491
6643
1462
4379
1182
4815
1003
243
672
6831
5584
8017
3324
4632
5107
8031
6918
1965
1672
3642
3861
5882
4354
4562
301
2272
2539
5474
7811
2501
831
4533
531
2999
7327
2051
2850
2110
6540
3773
6150
4013
8023
2464
2553
1487
3143
7506
3571
2336
6558
2002
2418
4266
6630
3544
363
2906
5131
7854
947
3773
1860
1430
5915
7689
5024
4731
704
4623
791
3888
7119
4294
5185
8190
3435
139
482
2915
8005
4942
7178
2364
3716
966
7797
4238
3576
6375
2347
7209
5095
1413
2446
1318
6531
1940
7680
5447
8048
5402
6116
2713
5644
197
963
1441
8159
1535
2577
2013
7630
6330
998
7463
5918
4115
1131
4878
7176
6556
1765
1497
1024
5153
7415
7613
7803
849
1069
87
4273
4292
2459
4011
6535
849
7119
8118
8118
6636
1661
6391
3650
6391
5629
1946
2127
1791
8137
5756
4929
3791
5377
4523
5519
5267
4744
7739
1473
5631
4143
7995
7483
2286
3650
7505
7997
4836
5293
1947
7722
1236
2371
1838
6776
1396
2942
4275
4217
3448
6636
866
3036
4777
7393
1137
6886
5878
4842
6973
1137
6152
4165
5282
3688
5833
7067
531
6152
6013
7408
5950
5581
3480
633
4604
6823
4662
5603
3448
1217
4189
7031
955
1971
4788
756
5675
3212
1857
5808
3668
5067
5133
201
4329
5652
2166
665
5761
2459
857
358
1690
5923
5735
7337
2782
1964
725
3911
383
7745
3430
6119
1933
6220
5143
6215
7752
2916
5802
6330
6864
2863
2830
7256
2441
6125
1234
7119
8103
2252
3167
5176
4481
1971
390
518
5878
7231
3551
7704
1774
5412
2032
6272
590
6948
95
643
5809
1824
747
4949
4418
1569
5522
7455
3240
5173
1009
5531
7319
857
5629
3790
3708
395
4950
113
3882
2628
3790
6139
4568
5427
4810
4888
201
3304
4583
6208
1275
5185
1308
3585
1747
4578
1217
5627
1823
3120
715
5748
3637
6430
1965
5896
2252
1865
4796
4264
2389
6053
5139
7823
3732
2358
1937
6509
4018
3470
3249
2654
7012
3291
5896
8118
2358
2868
6082
7798
1497
7613
8103
2496
2152
