0
0
0
10
9
0
0
1
9
0
0
0
1
1
0
0
0
1
0
0
0
0
0
0
0
0
0
1
0
0
1
0
0
0
0
0
0
0
0
0
0
0
0
0
0
0
0
0
0
0
0
0
0
1
4
0
2
1
0
0
0
0
0
0
1
0
0
0
0
0
0
1
0
1
0
0
1
3
0
1
0
0
0
0
0
0
0
0
0
1
1
0
6
0
0
0
7
0
0
0
0
0
0
0
19
0
0
6
7
1
0
0
0
0
0
2
0
0
1
0
1
1
5
1
0
3
1
1
2
0
1
0
1
2
1
0
0
0
0
0
0
1
0
0
0
0
0
0
2
0
0
0
0
0
0
0
0
1
0
2
1
1
4
1
1
0
0
0
0
1
0
0
0
0
0
0
0
1
1
0
0
0
0
0
0
1
1
0
0
3
0
8
0
0
0
0
0
1
0
0
0
0
0
0
8
4
11
4
4
3
29
4
6
1
0
0
1
21
3
0
0
12
0
0
1
3
0
1
0
1
0
0
0
0
0
0
0
0
0
0
0
0
0
0
0
0
0
0
0
0
0
0
0
10
0
0
3487
7304
2811
5057
2143
6758
4793
6615
4136
5122
6638
2878
5934
7588
7380
7785
2378
4751
3609
1441
5093
6519
3847
1679
3884
4521
89
6493
4019
6137
7493
484
7408
1821
7500
212
7788
7200
3264
4793
4604
4804
7381
6960
5868
6668
8090
2978
297
7090
266
7520
7467
5687
6616
6793
4242
3402
6846
1356
1292
2923
2173
3623
1981
1012
1411
3076
4921
1683
7732
6183
7210
5577
5554
4442
2443
5474
959
4190
7313
1534
1021
1581
5975
5250
7642
2878
3642
269
2868
7563
219
1606
3726
5884
3734
7129
2783
3057
6831
4779
2795
4118
7580
2857
6490
5829
7381
1258
8047
2327
4457
4226
7138
448
1023
4209
895
1929
2613
6332
5614
1634
1978
5109
1230
4007
5241
6691
8133
6943
3155
3432
5636
3428
8187
5978
5071
7577
6210
6908
7573
7040
6353
4457
4389
7056
7254
4758
6351
3197
593
7666
5093
1208
2051
4664
1664
1744
5510
3383
6623
1063
8043
4310
3611
2607
6615
6999
4518
7424
6576
2179
7119
2870
5732
7075
2407
1762
2761
1675
7573
5012
5068
1265
2464
5921
4747
1680
3676
1893
2621
1506
3412
5347
4214
7426
8004
2294
4597
4621
6117
475
7248
2963
5911
966
2443
4878
1602
5545
7188
1820
1319
7799
4464
2072
7881
1153
2869
4009
6109
3037
8061
4280
694
5954
4830
1334
5839
1321
7900
2320
4442
626
7084
3877
3877
358
1662
4876
1090
2977
4812
1871
5985
2410
5464
4175
494
4478
3634
303
4272
1686
3713
6171
6262
395
6675
2905
2880
4517
5666
370
1281
1353
2368
2952
3429
1507
82
4230
2925
5696
2464
2425
1658
3654
6547
3351
5998
7640
7866
7587
30
6638
58
310
6306
5679
1815
5839
1482
1220
7814
2216
7006
4702
7895
6327
5036
1600
1601
2264
8065
5356
1798
4491
335
69
5079
1280
6098
1151
4735
825
2354
6902
6694
6355
3482
2527
1895
2884
2172
3499
5350
2400
3741
835
4132
5528
3469
7380
600
139
3497
3401
6134
1185
6989
6547
8011
3333
7396
6482
2383
4568
5614
3993
1131
2484
2002
1874
7056
1081
4786
2602
4545
4359
5250
427
7339
6572
3022
6777
2114
7089
3317
7330
2260
7029
5899
450
7932
5438
6170
3482
5957
1854
4934
8174
4632
979
5309
5303
6829
6618
5506
2112
8056
3991
3544
680
2014
4129
4361
1893
992
2796
499
5028
2497
1367
643
3741
1415
2318
3579
3363
6708
16
5543
892
2464
7077
3684
1008
1289
1485
3979
3298
4755
4699
1539
1850
589
3505
2837
2654
6132
6636
6000
3317
25
1055
7041
7445
2811
5731
35
6833
5196
4887
5688
1661
3229
2780
2390
1367
3348
5763
61
2546
1196
6561
973
6096
1193
7654
3074
3726
5902
2206
1584
2513
6329
486
1879
2466
4253
900
3553
7327
2922
7071
1262
7509
7966
2418
849
1272
2204
5806
146
3320
4201
3711
3551
6626
35
2272
6109
1957
7490
5780
7625
5138
3448
3853
8187
4397
7492
4689
772
6498
7497
7494
2684
569
2884
5335
1726
650
5154
2419
7686
4349
1099
1010
4876
8131
2482
4743
1497
727
5976
8055
1769
5235
6304
7485
6810
1907
467
2365
1565
7090
6249
4350
5995
1965
5390
5985
5767
7252
5335
1353
6868
3867
298
4272
8016
7747
4674
704
5092
7897
1928
7482
6547
1248
4214
1103
284
5715
3777
5070
6798
6740
266
3863
1047
2941
5739
650
197
5004
1765
4477
4365
2701
3099
3728
1213
6498
1800
5125
899
7301
1176
8075
4236
4637
4794
5501
6924
3438
4061
5507
4175
3816
3443
5200
7332
5821
844
3407
5729
3008
4491
4441
3038
4904
4566
1986
5810
323
7736
1490
1030
276
1012
3599
514
1979
3046
5427
393
811
4853
5456
899
1803
1858
2295
4604
8065
5461
2579
7944
248
2271
7110
123
3599
3266
2548
7645
1622
837
7804
4813
410
5066
2522
1896
3636
2560
5920
7115
428
6776
4533
4779
3844
4059
4007
5058
3504
1195
3179
6251
3165
7816
3167
2464
1989
3100
2832
2646
6971
5977
2360
7149
3405
2834
6788
5120
6144
386
297
4735
2366
5524
7407
6807
2434
1550
210
4474
928
7466
5333
8031
2220
1743
6048
7953
4491
5739
6784
7922
2715
502
695
3587
1346
3038
2146
6705
8133
2548
3289
3240
3741
5530
1177
3153
3958
2557
6109
3557
4359
1815
6849
3391
5956
1127
1091
6961
5629
5896
628
1961
6469
2543
74
5403
5896
4590
6426
3797
2578
7332
732
6281
6583
6927
1562
3121
8143
3152
168
6264
416
1683
7432
3600
1053
7814
5631
2893
1308
7110
6477
3275
3551
7282
167
4546
3120
3158
1714
3910
8000
3389
702
4263
2487
5684
4087
3350
5220
4410
437
7455
4419
4960
6831
7670
1834
7374
2177
1344
2541
4900
6996
3370
415
5614
3052
186
3413
5896
1137
4563
1654
6749
2534
531
652
2877
5590
5911
5736
5456
214
2104
831
7835
6535
5858
5375
5801
3256
6122
4034
6377
2029
3572
6960
286
5934
5198
2439
255
3167
1900
6561
758
722
1765
4016
1024
1067
1739
6109
4534
6143
5693
1801
1671
6549
6185
5361
3448
4149
2578
2248
5964
2824
4955
3857
1068
7465
7303
249
7726
4950
4542
4806
5073
1634
566
3795
7051
249
6988
3252
488
3505
7886
2405
3614
6308
1836
4095
2602
2750
4825
7854
7275
542
914
6294
2141
2287
26
5128
6391
297
255
857
3742
225
5404
5902
4535
3523
4350
5267
4707
7294
3686
5724
5909
7070
7906
7083
6556
4294
7908
7436
2903
2069
3575
125
355
4544
6204
5405
3487
4527
2897
6808
2733
3150
7443
2661
5066
1051
5075
5805
4790
4326
6073
7326
4391
1107
2672
2595
6863
5175
7886
7531
4602
5951
1058
5198
2418
5951
2872
4009
6906
6112
5628
6989
2800
1874
2681
5074
2632
2631
4065
6795
4270
1709
4236
4688
2280
7188
2039
3288
219
2229
7394
6303
7661
6789
5602
4457
482
7640
4755
1535
8105
1292
4957
3206
4559
6929
4296
8085
2789
387
5891
1873
4998
4658
5041
6749
