0
0
0
10
9
1
0
2
9
2
0
0
2
0
0
0
1
1
0
0
0
1
1
0
0
0
0
0
0
0
0
0
0
0
0
0
0
0
0
0
0
0
0
0
0
0
0
0
0
0
0
0
0
1
4
0
3
2
1
0
0
0
0
0
1
0
0
1
0
0
0
1
0
1
1
0
0
3
0
1
2
0
0
0
1
0
0
0
0
0
0
1
7
0
0
0
11
1
0
0
0
0
0
0
20
0
0
9
4
6
0
0
0
0
0
0
0
0
1
0
3
1
6
0
0
1
0
1
0
1
2
0
3
2
2
0
1
0
0
1
0
0
0
0
1
0
2
0
2
0
1
0
0
0
0
0
0
0
0
0
0
0
1
0
1
0
0
1
0
0
0
0
0
0
0
0
0
0
1
0
0
0
0
0
0
0
0
1
0
2
0
6
0
0
0
0
0
0
0
0
0
0
0
0
10
7
6
1
2
4
32
6
4
2
1
1
1
13
3
0
1
16
0
0
1
3
2
0
0
1
0
3
0
0
0
0
0
0
0
0
0
0
0
0
0
0
0
0
0
0
0
0
0
10
0
0
3541
5514
4740
7030
5566
959
1596
3288
1253
650
633
2514
8173
3169
4542
1584
1076
5627
6152
3504
2229
3684
6353
1520
931
1287
4294
2346
4830
169
1699
6843
1287
8125
7157
5255
3621
4488
6176
2272
4805
3203
3000
5761
3120
8023
7029
4017
1473
2358
7827
1548
5259
3367
7196
3995
7135
841
186
777
7692
6895
4796
7011
6345
2372
740
4692
6248
546
7209
1434
2230
7200
109
1979
6013
7304
4881
6303
1988
1163
3706
1535
4441
5063
6583
2690
2369
8187
4099
1864
7640
4934
1965
7143
6660
5886
2100
487
8094
4842
6571
4805
6665
4542
574
5567
460
6000
4542
7753
5417
3440
2548
6183
6445
7966
6843
5063
4852
5163
6549
3405
2280
2152
4213
4049
123
958
1289
3995
2817
3405
2772
2065
4815
3911
3911
857
5514
5168
3988
6554
1735
5278
692
5063
7722
5654
2419
1732
3598
2967
4694
6249
5689
4194
2077
361
2910
6724
6396
3684
1725
3358
3617
6261
1164
6139
8048
797
6012
2705
1354
1115
5207
3634
4420
1287
3320
3598
2922
2654
3092
2531
933
715
1581
5057
3358
7823
3259
5277
7314
5888
5439
5278
5955
5148
1164
7154
5998
382
2735
6483
149
5642
4397
5999
5737
7386
3079
3570
1785
5844
2922
361
1090
820
1820
3637
4694
7860
155
7233
2032
842
358
550
4394
7303
1740
1631
4687
6249
2270
966
3879
4985
2793
643
7071
2799
1675
5689
2546
7909
124
2415
4213
3457
795
6777
7077
7788
7539
5397
6139
7110
3167
1988
1830
5403
4169
7495
761
4738
2425
933
7102
791
3990
1968
5282
8135
4422
6035
457
1253
2603
2100
7767
8105
753
5127
3277
2560
5637
1473
7482
109
2358
7613
7691
6419
3264
3364
7749
2751
2723
7543
2897
7461
1039
5452
7269
2278
7621
7094
3969
1535
3995
3096
4766
3810
1907
7584
3386
4350
7997
6124
5171
7827
981
3799
5362
3324
3092
2286
3793
2535
5245
6657
6966
6562
7598
939
17
3376
2555
200
5376
3687
5376
1896
4350
5551
7890
2922
7785
5419
7377
8023
7517
3795
2259
6918
4344
2342
2164
4533
1082
4969
828
4622
2042
5037
5037
3942
1767
5260
4446
7163
8170
4192
6645
3933
4294
1395
1395
6475
777
3416
6407
4621
4934
2597
3358
4074
3823
174
6774
3577
4851
4108
2647
2808
5552
5204
5292
643
6580
7151
1305
1350
3580
6141
3457
4194
5308
2558
2459
4926
5493
5405
4421
2967
4533
6583
5402
1478
876
5072
5036
6067
6228
6117
2299
4397
8073
6343
3283
3470
7477
838
3443
6925
6549
7090
5166
4852
651
6005
3358
169
4392
3085
7243
980
7584
6876
7924
5160
7239
4467
861
4401
494
5018
2330
1465
4861
590
1243
4379
5066
7156
565
5890
6307
5332
4830
4926
4217
1055
7592
7852
5682
5751
4703
5915
2894
2252
4065
7716
1839
6305
7733
5127
4038
4903
7158
3504
1488
7167
7233
2571
6802
6330
1082
1738
4019
2679
4788
3732
7520
7845
3085
3995
959
6009
8041
553
859
772
5254
4502
617
7025
4841
7954
2881
1881
1412
2553
4216
3602
3010
1117
1958
1896
6472
1376
2570
125
2313
2459
7745
3085
5376
4353
6895
7520
5078
1586
6733
3581
7369
6441
7745
1333
4785
2408
2064
1897
4188
3771
686
6616
3136
4333
4259
92
1893
1309
5319
8139
7756
915
3113
2265
7823
3577
4796
5403
4224
6554
7093
5920
1610
4985
992
7592
5899
7539
5403
5639
457
4820
6546
4333
98
4375
3501
6233
6869
2316
7874
2811
23
3259
6027
8191
5772
1494
8151
5514
7449
1786
2443
1453
6035
4016
5805
2146
5433
3159
1665
1263
4442
12
5250
3888
6520
6493
4913
4172
5837
7992
4071
5400
6632
8016
5915
4049
1147
2195
1799
7752
2525
112
7507
942
746
6415
4478
1741
4454
1145
6688
1589
5343
5408
484
3284
2374
5725
6909
5372
5054
5159
3617
7552
2048
5738
6681
1464
5671
4325
6615
3236
90
7598
3595
7836
2378
325
2887
6907
7309
6794
6823
1110
1411
5562
7175
5264
1540
7952
915
7873
3845
2594
5803
4777
2453
5834
4813
7839
7740
2497
7285
3553
3355
4739
5997
5957
270
1633
2800
8083
5932
2162
972
1133
914
5454
4049
4703
6230
3388
7090
3851
3502
3683
7831
5126
410
4213
7106
884
4840
5531
1051
4385
3736
5334
114
932
1589
7756
7444
5971
56
3335
5725
4319
6709
7934
209
7178
5067
5751
3706
7369
3184
1298
2506
3197
4182
2830
4346
2741
3490
2500
6095
5119
6475
7838
4274
4581
6768
5267
2303
4687
7831
3832
5754
3225
4537
7131
178
1403
249
7956
7591
5189
3851
1939
3129
3473
3937
5384
2741
3351
4921
5801
4605
1333
1600
3346
1248
2361
4385
7134
7909
3411
2154
7001
3576
5902
3320
1361
8020
140
4350
1177
4853
5277
4632
5742
2872
100
137
4085
835
3694
4457
155
1078
1132
7051
6667
716
8010
7723
3230
4385
6465
2720
4240
6279
6073
2496
3289
4766
7428
527
2539
1055
3453
7113
1177
909
434
304
181
3588
4793
887
6295
5886
4852
6372
980
155
7217
2372
4264
486
7788
6353
4411
6907
6506
3789
2030
4066
2369
118
48
2630
841
4570
4883
4058
4310
3237
4615
3267
2967
1090
5308
5914
1407
3598
4632
7143
6799
6058
6935
4605
3298
5101
3832
6499
4538
7791
123
6291
2746
2034
6836
1740
3320
4170
5808
3933
5893
2672
5647
581
3121
3797
6294
382
3420
7492
8016
5681
7867
6058
3933
7828
2415
7025
5405
3252
5994
677
1082
4533
3056
4778
280
5647
7086
6385
3823
5122
3695
6967
7243
7077
5205
2832
1786
3922
3236
2463
4106
7337
1241
3416
4346
3588
7928
4545
1023
7890
484
6217
5545
4616
1232
4926
6562
2826
7788
2415
4441
8094
3144
5886
5109
4396
8105
3435
2764
3487
307
6728
2015
4545
2484
1786
124
2484
5835
6265
4694
8040
4112
1521
5923
6799
692
2189
931
6781
1019
1838
3056
6664
90
137
2419
2813
692
7851
1839
7788
1132
