0
0
0
9
8
0
0
2
10
2
0
0
1
0
0
0
0
2
0
0
0
0
1
5
0
0
0
2
0
0
1
1
0
0
0
0
0
0
0
0
0
0
0
0
0
0
0
0
0
0
0
0
0
1
0
0
0
1
0
0
0
0
0
0
1
0
0
0
0
0
0
0
0
0
1
0
0
0
0
0
1
1
0
0
0
1
0
0
0
0
0
0
10
0
0
0
9
3
0
0
0
0
0
0
19
0
0
6
3
2
0
0
0
0
0
1
1
0
0
5
2
0
4
2
0
1
0
0
1
0
0
0
1
2
1
0
1
0
0
0
0
2
0
0
0
2
0
1
0
1
0
0
0
0
0
1
0
1
0
0
0
0
2
0
0
0
0
0
0
0
0
0
0
0
0
0
0
1
1
0
0
0
0
0
0
0
0
0
0
2
0
8
0
0
0
0
0
0
0
0
0
0
0
0
12
5
7
4
2
0
25
7
1
3
3
0
3
12
2
1
0
10
0
0
0
4
2
1
0
1
0
2
0
0
0
0
0
0
0
0
0
0
0
0
0
0
0
0
0
0
0
0
0
10
0
0
5798
3001
2190
7025
2806
5147
2766
1732
7723
148
933
2752
4097
6141
6441
4700
3712
6074
5587
4852
1395
6121
1928
4581
7913
262
1661
6199
1929
5739
6441
1733
7872
3225
5801
6027
1923
4998
738
1900
5175
2248
7966
3642
6671
7244
2597
3391
2327
6137
5308
7786
7692
740
2421
1900
8043
7132
3264
4211
7663
524
3571
3740
631
5079
5171
5997
3244
2805
5376
6149
7622
6237
5035
3793
3059
4263
2772
7395
6141
7210
5975
5163
2696
4217
5663
4805
5092
4506
1127
4339
3904
5745
6724
5255
591
450
1733
320
4708
7366
3623
2280
1946
5273
7828
7782
5168
7896
7507
2152
2665
3476
5615
6972
6777
4176
5036
3267
1042
7056
7119
3609
4154
5523
6521
1639
783
3600
4788
1965
797
915
1570
7398
1639
3061
6626
2783
7899
6747
4345
3059
6911
7421
3257
7791
586
2506
7539
6583
7207
5745
5175
3849
3385
6776
5717
5122
5290
6393
4291
5332
7592
7258
2462
1816
2709
5472
5374
5233
370
4411
7066
7656
6241
4688
6562
1360
7353
1635
2903
3161
2278
2813
1522
7262
4355
5839
5096
2726
1988
3490
5332
1584
48
7143
5997
1372
6363
6578
3367
3896
3519
1437
3097
7945
733
5622
1465
5454
132
3355
4211
7732
1481
665
5092
3385
5405
5339
1661
7692
5896
649
7613
320
297
5332
3686
7258
5709
3117
1940
6353
5242
3011
4624
2602
871
1565
990
1492
4595
3259
5110
7757
1141
4339
426
5119
7692
6131
2119
4405
3077
7615
5173
5514
5998
5403
3358
4708
740
5205
1173
3554
3576
5135
1411
2874
2598
7910
6813
7366
4825
6820
2407
3751
5376
6932
7732
5227
3348
675
752
7244
2219
5594
5208
6262
2894
2248
7722
7143
4291
6218
6567
4013
1942
3614
4755
2464
6794
4097
3841
1905
5135
5722
6360
434
2032
3877
6777
263
675
6145
4793
2801
4881
3959
6552
5290
5896
5739
6895
3386
8110
4653
586
4835
1692
7718
7735
8068
2313
2023
4060
1156
7512
7428
6331
3054
2287
5651
1864
6776
1848
7216
2280
4353
2661
3481
7391
2136
2459
1395
1478
7798
4880
5056
2208
166
965
2591
6960
8080
4155
4722
4672
5042
1429
142
2168
7797
5970
4125
7196
7172
3650
6735
3259
3534
4011
297
4319
3477
3577
7258
5129
2465
2825
6075
2010
6298
2629
4216
6389
2427
2584
4789
1474
7798
4399
4197
101
4984
7961
3676
4377
4194
2932
7732
3722
6823
5403
3196
2464
297
4312
7753
5034
2093
2019
3202
3031
7054
6053
3989
5188
5770
139
3993
7756
1525
7973
1843
5109
5698
298
4754
3292
4595
3870
179
7216
931
1595
649
4796
1089
3882
6489
176
210
4340
4229
4871
5247
2100
3185
5101
819
573
3958
1659
810
1339
1619
5198
3827
2979
5175
1554
1842
7436
8159
4851
3259
2483
532
2424
5380
1288
5077
5013
2986
3096
2654
1434
355
2815
6601
1005
5778
2283
4514
1338
7177
1856
697
6369
749
665
3229
5620
5422
3263
4533
5766
4744
6594
4737
282
504
6141
2907
3861
1489
2339
7106
3609
5708
1488
3279
6687
7093
2916
8078
315
1464
7195
850
303
777
6724
6614
297
7398
2805
2813
7617
4294
5203
5883
2464
3732
675
7798
3851
707
4226
947
3384
7111
2051
2878
3870
5883
5470
4303
2380
2316
7653
3743
5265
4740
6983
3079
5839
6237
2577
4374
1785
6078
3209
4007
2464
2137
1544
4718
5997
2633
967
7593
1957
845
1112
2586
3657
1802
1243
850
7136
7248
4001
5319
1285
4349
2795
1768
6521
1521
5986
471
3719
1847
7153
6307
2464
2137
1733
7615
727
5175
7645
5000
3524
6872
7874
7539
2921
7807
5528
2287
195
2049
2022
1009
4852
2372
2654
1402
5680
6307
1450
6122
8187
6889
4708
3732
7995
3186
83
5024
2379
722
2791
7650
6627
5463
5260
2731
6400
5772
2477
7580
5299
1789
5277
7135
1514
1684
4579
30
7199
2930
1017
1675
1713
5739
1965
1584
5403
2252
4291
2577
2425
1600
98
3595
7480
5512
7593
1847
6663
6304
7020
4411
7646
7179
4792
4598
3457
7415
7786
8133
156
6776
1929
5369
2280
491
3968
5128
7997
7613
6200
4543
7230
2836
4821
2725
1232
5595
7752
6003
1847
4912
6304
4955
7148
1564
5915
5319
304
6895
7590
60
675
4424
84
7518
1404
7909
1087
2136
5892
4796
5767
3189
3844
797
1834
1822
390
7101
1572
5953
5205
5000
3410
3325
3287
1472
3733
4561
5135
7714
4751
7119
4805
7559
4975
959
3153
7398
764
283
960
1597
3609
2459
951
2219
1839
1105
5403
3423
5807
4342
3895
6284
1726
6426
1004
747
3749
932
3821
2548
1127
3560
5128
2240
2347
4294
1949
3861
2500
2051
7788
1479
1003
6116
1821
7051
1775
3740
3166
5179
7483
787
4932
7798
4053
1651
4929
1241
2313
5247
5402
1556
6691
3265
2922
4208
8040
5802
101
425
5427
7910
1989
1057
2679
4065
2459
5762
4270
1997
4329
8072
7914
129
4291
3686
2986
5821
1361
5140
4741
2907
778
4556
2977
4211
1767
8189
90
7196
3594
6385
3594
6374
7256
5751
26
169
201
4950
6469
297
4319
1089
6319
3159
777
7755
4319
7563
7718
6752
60
7110
2100
7507
1791
3716
7389
2653
4521
1094
4949
5385
1523
7908
1820
5514
1473
7816
5173
4385
7398
4067
6660
6557
4226
1733
7823
4491
4955
8065
2175
5232
515
1493
1690
5162
4758
6075
2922
2870
1521
1661
5276
5896
6315
4062
4255
574
2629
876
2662
4525
7154
5403
2922
7933
7080
4504
5092
4950
2586
4354
491
7933
4543
5070
3600
1964
4294
4389
5332
6187
2782
5322
3790
1395
5456
5020
1185
5874
3823
3732
1105
6009
6997
4771
1733
2558
1173
7290
1870
4580
6818
785
2157
5476
6023
6798
1513
7636
5853
2479
48
2127
2219
421
2894
5332
5160
4925
5077
7613
7823
1057
3995
4390
7592
109
254
1220
3463
1662
7798
1893
4399
5242
3538
2699
6131
5923
3773
1524
5920
7886
6020
5545
1988
6152
705
2308
