0
0
0
10
10
5
0
2
9
1
0
0
3
0
0
0
0
0
0
0
0
0
0
1
0
0
0
1
0
0
0
0
0
0
0
0
0
0
0
0
0
0
0
0
0
0
0
0
0
0
0
0
0
1
2
0
1
0
1
0
0
0
0
0
0
0
0
0
0
0
0
0
0
0
0
0
0
1
0
0
0
0
0
0
0
0
0
0
0
0
0
1
5
0
0
0
10
0
0
1
0
0
0
0
17
2
0
5
5
2
0
0
0
0
0
0
1
0
2
3
5
2
5
0
0
2
0
1
1
0
0
1
0
2
2
0
0
0
0
0
0
0
0
0
0
0
0
0
1
0
0
0
0
0
0
0
1
0
0
1
1
0
1
0
1
0
0
0
0
0
0
0
0
0
0
0
0
0
0
0
0
0
0
0
0
0
0
0
1
2
0
12
0
0
0
0
0
0
0
0
0
0
0
0
13
3
9
3
5
3
31
3
1
1
3
1
2
14
4
2
0
12
0
1
0
6
0
0
1
1
0
3
0
0
0
0
0
0
0
0
0
0
0
0
0
0
0
0
0
0
0
0
0
10
0
0
1217
7788
5442
256
5629
2327
1670
3853
673
7510
915
524
898
8010
2124
3118
84
4436
4047
462
4085
3532
1025
3037
5477
8048
5739
5332
3726
680
1525
4425
2772
996
2576
169
619
3166
4716
4232
6728
275
6985
3920
999
2907
3577
1620
2049
7519
6171
8004
4431
6626
453
7588
8143
5726
727
6000
6552
5860
1735
1078
5225
3188
4733
5566
4578
6818
7989
5945
4830
6139
3196
47
4340
1988
4491
957
1040
2780
3857
178
829
2320
140
3603
1291
5275
2496
5322
3196
644
1836
164
7753
6508
7011
1988
3253
1488
1488
5066
807
2410
5232
208
2832
5403
2612
4168
2491
5824
3085
727
3011
5331
3791
6142
328
4353
2124
4492
1965
568
7890
904
4589
4694
1767
2558
5272
3287
4270
1046
6895
5975
7244
4385
3085
5800
2234
691
2169
1114
4858
7723
4194
4492
1145
883
3239
5100
7294
4242
4788
6824
783
2853
7615
4731
1671
5139
2498
7426
3712
7755
7893
7893
4551
2013
4426
531
1048
126
4064
3507
735
7520
978
4211
3121
1494
4279
7798
4880
7851
4319
2907
7143
6731
3927
1473
1830
5594
3741
7642
2327
6475
7464
6422
522
2704
6374
6199
5376
3391
4543
6448
2530
1805
1153
4211
90
5457
4245
2273
6810
5220
6393
568
5998
5801
836
2189
4855
2384
4413
8187
753
3782
2967
7794
7885
5495
2671
3939
7462
2123
7106
957
706
6351
328
4305
8040
448
1929
523
2688
2418
61
3212
4809
684
5886
208
2408
4217
3245
4374
3161
1810
6483
6697
5736
7874
7959
4619
7155
4497
4461
6956
7182
2823
4953
4346
4097
3493
7254
3977
2381
1581
4516
1620
5185
47
4618
2987
1706
7362
1290
7053
7470
4339
7002
7623
6969
3356
4149
1961
3572
4707
2464
1699
3716
7609
2053
5837
3552
6551
1881
6408
3940
7253
7755
698
5079
4651
7151
5475
2816
865
4194
6137
3706
6202
4111
5284
4446
288
426
6829
8080
5584
5109
2308
8060
656
7720
1503
2141
5123
5850
5139
3733
6522
1965
5118
4718
7871
581
1287
3904
4604
8078
3643
4049
7077
6994
6348
1045
2529
7867
134
788
3869
6852
1587
6877
4945
2622
2273
660
2585
3594
116
3802
5163
4618
1234
705
5343
1565
5810
7571
4296
2825
1017
853
5780
460
1226
476
4357
5364
7029
4017
5514
6935
2350
7425
2219
2271
4291
4204
810
3631
6212
2876
5950
6307
797
7688
747
2464
843
2622
3189
7077
6480
7463
3980
4616
6638
5027
3743
7735
1139
6248
5162
3085
1443
5950
4796
3814
4291
4384
6259
4388
301
5228
3036
5356
4521
7788
3490
1482
2805
3621
4390
7543
6202
1289
3959
1488
5809
7254
4880
3732
2002
6953
6020
4232
3292
4097
361
5871
6058
1401
6749
4048
5635
409
7327
805
3984
1485
4708
2805
4753
174
174
1546
1057
4481
3682
4194
7399
6412
7156
3966
2149
2905
6932
5627
4533
3186
5107
3167
1395
3164
4238
1706
4071
5018
7279
1395
2579
5598
905
5277
3893
7918
3292
6222
4856
6307
7048
320
4448
5622
6486
4190
4233
3897
8040
5972
3162
4632
4716
3196
6031
1130
4917
5104
4115
5945
3716
2894
6188
1835
4422
3740
5384
6759
4744
1309
87
384
3823
1281
5050
2994
1030
8120
1864
4580
6202
3901
1744
390
2630
2464
5997
7240
6262
2518
5874
2080
5048
1907
5034
3983
1364
3642
5839
7854
7098
4049
3167
1440
4729
4396
5868
5
659
1869
1839
2252
7575
4950
559
5707
32
3682
4628
8093
488
4373
3974
7119
2196
6531
587
3554
2067
7844
3515
1200
853
8040
4858
992
4779
7737
5470
187
7184
1298
7178
5275
1767
2120
2053
6171
4087
2239
3226
643
6276
5759
577
7765
6546
3376
6975
241
4039
1794
5472
3386
124
7230
3167
6141
1662
6563
1202
1397
3783
904
3480
1506
4249
4524
2041
2041
2027
6891
5821
5305
8137
2589
3118
519
4059
7466
4087
38
2838
2429
7688
7121
1003
8103
6740
797
1857
4104
1678
5248
7933
3321
5276
649
6041
6674
6183
7360
7560
2713
7598
5125
700
1324
6141
4441
7854
1591
7811
5493
1210
4771
1820
5232
1709
6983
2916
2405
2341
7396
5144
5495
649
4442
5531
8078
6502
6966
3925
3904
7908
6479
8089
4190
5078
383
3445
3061
6925
2270
650
7571
7436
3347
4985
686
4533
3711
4920
5622
6361
552
5997
4007
4340
829
455
823
4174
6889
8187
2870
2327
691
5736
2461
868
6330
5732
7849
6564
5557
2265
5448
3903
261
6281
5997
7011
6778
4093
1725
7895
7745
5993
6000
2384
7747
6610
7803
4170
2137
6922
7739
5164
1556
6868
4988
7066
4357
4085
7053
83
384
297
4067
5781
2152
4329
421
3196
84
2366
6960
5877
1413
7207
3608
2479
7948
5580
2372
4700
6569
690
2498
966
3238
2629
8152
6220
660
2483
1752
2430
2434
4171
1503
738
1733
845
2483
501
1717
101
5608
746
7674
1210
36
4079
3254
5543
3213
1805
6036
7869
4842
174
4955
5361
3479
1802
1372
4409
1406
5951
5984
5511
7183
4461
2338
994
2663
7546
552
4399
4887
7773
7138
6075
2802
7788
5636
3115
6003
947
7275
6066
4504
6411
4747
3749
2973
1964
4145
3159
2219
3911
5982
5290
1048
4010
1130
705
1361
6335
5343
2780
727
2283
3189
343
2558
1564
4352
361
5445
135
3669
3858
3771
5547
597
1468
2248
3740
1193
6805
6328
1559
3448
3153
5171
3741
5551
7584
4295
4018
1684
4754
7028
5587
3259
2922
7061
3320
1082
135
5695
939
3291
1589
4387
6064
2903
5993
5248
248
6724
508
3196
3915
719
1123
2298
5517
7053
4022
2051
5278
2531
7823
7640
263
1046
3681
3732
3681
8089
5447
2995
2276
1798
5264
28
1277
7299
7867
84
2679
2525
6121
2635
1824
3432
106
3736
6219
3989
2051
4082
1556
5682
744
1581
1029
2583
7121
6712
7593
686
5709
1809
6824
4604
2868
6179
5482
1874
1863
3307
2607
5579
5035
5482
7227
4007
5778
990
849
