0
0
0
9
10
1
0
2
8
2
0
1
1
0
0
0
0
0
0
0
0
0
0
0
0
0
0
0
0
0
1
0
0
0
0
0
0
0
0
0
0
0
0
0
0
0
0
0
0
0
0
0
0
2
3
0
1
2
1
0
0
0
0
0
2
0
0
1
0
1
0
0
0
0
0
0
0
2
0
2
1
0
0
0
0
0
0
0
0
0
0
0
7
0
0
0
8
0
0
0
0
0
0
0
20
1
0
7
8
6
0
0
0
0
0
1
0
0
4
0
3
4
3
1
0
1
0
1
1
1
0
0
1
3
0
0
0
0
0
0
0
0
0
0
0
0
1
0
2
0
0
0
0
0
0
1
0
0
0
0
0
1
0
0
0
0
0
0
0
0
0
0
0
0
0
0
0
0
0
0
1
0
0
0
0
0
0
0
0
3
0
7
0
0
0
0
0
0
0
0
0
0
0
0
10
5
8
0
1
1
26
2
3
4
2
0
2
13
2
0
1
13
0
1
0
3
0
0
0
1
0
1
0
0
0
0
0
0
0
0
0
0
0
0
0
0
0
0
0
0
0
0
0
10
0
0
3631
90
711
7035
6982
252
3194
8003
6479
1768
1724
2708
3482
1212
3106
7575
156
2146
6531
2123
8162
6346
3141
3003
5681
93
5012
7732
1998
1070
1118
7029
3077
6645
8156
4366
4659
4434
3359
8040
1048
4900
4856
68
5720
6107
5430
7398
7852
4605
2219
4521
2782
1789
3792
7865
4990
4719
5493
492
297
6886
568
215
7910
7188
2672
3795
5920
2488
4366
4525
2464
7093
5118
8033
643
2345
179
7068
5012
1430
7258
4017
7034
5282
5736
4513
4299
5841
1220
4353
1664
7196
11
7230
4809
1057
3538
3353
611
403
4683
4889
4689
5531
2558
5702
466
1083
3150
627
6041
2507
123
1245
2265
7598
858
3231
4913
501
7564
1768
1820
3292
1327
1653
3490
7061
7617
1674
4040
3255
2428
7260
4616
2717
3293
2024
6098
1010
2048
6520
3899
4331
450
520
6559
2233
5902
5602
4247
6132
208
7389
2986
7196
2348
7909
1029
8046
1202
3163
2079
3764
1618
7842
6397
3184
6353
4572
3067
5821
1263
5528
2477
4247
6917
7180
6254
566
3783
7189
5639
5837
4017
1733
899
428
5095
2691
4948
3369
3534
5024
3896
5004
784
3984
1955
7266
5868
5481
5079
7424
586
102
6507
6373
5076
3314
6956
7764
2815
3574
911
7004
7110
6510
7258
1171
6015
7860
6303
3510
1972
297
2907
2024
6778
5128
7566
2375
7791
1696
5252
5104
2601
2368
7398
3857
5000
1653
3355
6868
7171
6710
4123
5877
4093
7956
1200
3882
3751
7575
1260
6000
1234
7953
1699
3504
1631
2076
4900
2272
6474
252
2341
2258
7269
7699
678
2410
5247
361
769
1458
6150
6600
1141
5671
5587
5226
1153
4584
6508
581
2393
7201
3706
128
1671
1671
389
6263
7492
4639
3170
2770
649
62
1004
7658
711
5236
361
2999
1667
2389
2051
8108
4400
4309
7886
4339
6564
7852
4842
3995
3346
6082
1415
5943
2159
1274
97
7011
102
5272
920
2476
6770
4396
5809
1110
731
7580
3180
5264
7188
6836
2586
7324
278
8112
7172
2905
2816
4975
6569
8004
4605
2777
5514
5515
2000
3122
3198
6564
3676
2716
1767
1077
3265
3559
3331
5844
4258
5764
5345
6706
4111
627
4238
6465
3367
263
3326
7290
3280
6069
5057
2425
1815
307
939
1672
3351
7209
199
4925
5167
1091
2549
1716
4142
3631
3965
7122
3417
3620
3609
7119
6350
2401
2586
633
1289
531
2405
7120
7666
7497
2166
877
7025
7307
7121
7570
6065
4357
1620
3301
2945
1754
5845
2821
1193
3730
5736
3748
1431
5325
2932
6353
7854
354
3017
7275
5339
3710
5636
2816
7740
4542
2544
3478
4839
2467
3335
7078
1971
1293
4109
2206
1864
4088
6678
1078
2815
1698
4672
5256
2177
5839
3765
6569
3241
7571
3469
6923
2932
2119
8187
341
2930
1971
756
1855
6569
2805
3364
1299
1048
5798
8160
1452
5551
1864
903
3194
5688
4654
672
5375
5511
6222
7398
5751
6612
2190
1690
7325
5492
1287
6895
7466
6200
5189
3322
2583
5369
7924
5493
5560
4425
1965
6553
3212
7798
7051
2031
4585
227
217
7364
1929
938
874
4478
2219
6820
1942
7196
3202
1239
5265
6015
1402
3257
7997
4291
1697
4987
7727
1675
6015
3348
5431
747
4594
4809
575
5110
5295
5150
5954
1954
4637
7829
5558
6193
5914
4950
7424
1734
8082
5876
6374
4294
3241
5871
6517
6517
708
615
4990
6549
5350
915
6521
4181
3212
4735
6081
3211
3830
6522
5099
8105
4277
806
5730
1415
2498
6472
7445
3432
968
3440
3554
947
1277
2099
1453
1548
6636
7051
7436
4350
6932
1287
915
1027
1900
4007
1241
659
828
1411
4672
4680
3095
6908
2645
3686
5891
858
4809
2167
7217
5412
165
1935
7686
6078
7333
7618
7110
6660
7663
6843
7699
4703
932
5405
735
797
6972
2601
6185
1911
4878
2496
6580
935
7001
7591
7205
1994
14
298
1219
3469
227
4292
5739
4492
5628
2327
7885
3259
4345
7098
5057
6012
169
1050
7723
7234
6820
2829
1155
2024
4888
2979
2990
5621
6490
1857
1472
7978
1607
4851
2182
1287
2276
5118
6989
259
2576
4339
882
4948
4858
5936
4700
4521
2327
5398
4339
6740
4569
3621
4715
7736
4214
3458
7833
5053
2916
1023
727
7913
4675
7436
4385
1453
7990
6000
665
298
6089
5914
4346
7256
3995
1071
2283
1928
4703
3115
5374
1637
3004
7806
8183
3623
396
4194
1224
7153
1395
4812
255
7304
1982
4125
5189
432
2791
6147
3189
3789
1709
7384
5896
5350
8174
1227
7077
335
2196
1522
1661
7727
1343
4753
530
1595
6844
4929
393
5244
684
5272
6510
7615
1527
3684
684
1699
5187
4625
4580
34
1478
575
3504
7155
569
675
197
7913
6724
1556
722
2471
3391
1631
4592
551
6639
3871
701
6636
35
137
1600
3601
3162
2225
6152
7722
2654
4597
2142
8148
434
5735
2038
2531
1742
5975
2531
6003
3969
6359
1472
1584
4107
8187
5531
1794
48
4592
6280
7094
1554
931
1245
1713
6544
3790
320
1245
5580
6249
797
2513
6044
2747
4359
8133
8135
3712
148
539
3085
1597
3772
852
5226
3440
3706
4521
2871
714
5829
3188
673
7090
5890
1048
2080
6948
4771
978
382
1675
7533
756
7702
7398
1105
1643
3706
3676
5375
1289
5374
7584
5368
1479
2226
5653
1150
1055
6185
2000
5706
7880
1845
126
966
5236
6632
4707
6465
6330
6353
2308
1140
6667
1988
7997
7493
7463
5402
4800
3264
295
1946
4792
2276
773
4173
4294
3807
2068
3628
7138
5913
7332
7926
3623
4482
5542
4384
4710
8048
7060
480
6199
4017
6000
5332
2271
727
6179
3083
7134
8142
2280
7886
7913
4345
7221
2713
6073
1411
5984
165
2081
712
4314
4218
3386
4005
1534
4319
4707
2389
7933
6023
5185
2041
7934
3363
7292
7816
4170
1277
4424
7119
2628
8004
2905
1200
7176
5791
5113
3058
7278
6675
1661
6889
64
3118
2662
5634
5055
2252
7829
1675
1204
2464
8092
4950
2339
7188
4932
2080
