0
0
0
9
9
0
0
1
10
2
0
0
0
0
0
1
0
0
0
0
0
0
0
1
0
0
0
3
0
0
0
2
0
0
0
0
1
0
0
0
0
0
0
0
0
0
0
0
0
0
0
0
0
4
0
0
0
0
1
0
0
0
0
0
2
0
0
0
0
0
0
0
0
0
0
0
1
0
0
0
0
0
1
0
0
0
0
0
0
0
0
1
1
1
0
1
7
0
0
0
0
0
0
0
17
0
0
9
4
2
0
0
0
0
0
1
1
0
4
1
1
3
7
0
0
0
1
2
0
1
0
0
0
0
4
1
0
0
3
0
0
1
0
0
0
0
0
1
0
0
0
2
0
0
1
0
0
0
0
1
0
1
1
0
1
1
0
0
1
1
0
1
0
1
0
0
0
0
0
0
0
0
1
0
0
0
0
0
0
5
0
6
0
0
0
0
0
0
1
0
0
0
0
0
11
5
7
8
5
4
26
1
0
7
2
3
2
18
0
0
2
12
0
1
1
8
0
0
0
1
0
0
0
0
0
0
0
0
0
0
0
0
0
0
0
0
0
0
0
0
0
0
0
10
0
0
7688
1096
3059
5704
4220
5807
2407
5949
5636
3214
780
303
442
7241
3410
4223
518
6010
1923
2582
2498
2104
7649
4396
793
1595
1009
7061
97
7622
7151
4457
6733
5867
67
7166
6653
1015
3839
3813
3268
738
2341
3828
3608
6299
3681
7381
5575
4401
6614
6862
106
4017
7945
3868
5572
6243
5566
1544
6098
1539
7113
3458
532
865
4531
4666
6475
5366
610
4192
6299
7241
1406
8136
172
7241
3953
3369
3903
569
6174
868
7214
7887
5796
5980
5748
2698
5756
1443
6281
2870
3879
7232
6994
681
7870
2407
5592
6925
3519
7324
5007
5132
2759
2216
6892
2984
7958
7420
3276
1107
1463
1578
7059
2356
1858
6760
7520
2057
3742
1144
2833
4751
5133
1812
3325
2397
7342
5722
4946
6554
1968
2004
449
7441
6444
6061
2965
6047
4411
2863
677
2723
4984
5760
802
1855
1094
2887
4472
2442
3841
6876
7803
6559
4624
5853
6157
4036
3659
5557
7766
5101
6210
2134
130
4467
5199
6030
4076
7079
3108
3713
3277
3043
1134
7295
7467
2228
404
7575
87
8176
2578
2225
4106
7644
3311
7060
67
1117
1445
7314
6626
7512
1817
1963
6398
5090
7085
6311
73
268
1064
370
1788
4356
6364
4551
2504
3319
2863
3483
2541
1236
5873
2735
2038
732
6174
6030
1717
3411
1780
179
3962
687
5844
4411
2110
3351
7526
4374
3024
4815
6233
1972
7214
2872
6304
3143
281
3760
2787
1230
6993
6083
7329
1251
7426
4810
423
8122
733
3410
3608
4000
5400
4411
268
484
493
5126
2266
6331
4459
4749
807
3211
6700
8158
2578
677
1699
4942
7271
6967
5770
826
7704
2360
1724
6679
6692
7747
2360
6422
4058
5522
2049
8107
5123
677
3158
6883
102
3536
611
1285
3113
5233
4469
7171
5086
2178
3834
3054
557
3113
4811
3613
923
2020
1721
4280
6085
6618
2945
1183
5811
2032
4749
4223
6339
6579
6092
3932
4199
2694
1646
3258
2389
990
6311
1869
4439
6069
317
2272
1134
3937
2631
6985
25
6616
3226
844
2238
923
2791
1651
2208
1138
5856
1440
4481
4899
5199
4415
1061
519
5804
180
465
4044
4173
7071
3697
5931
6152
4783
3743
6075
3211
6630
2520
7447
1071
2005
2977
3617
1644
6363
6689
2952
180
1869
7020
4815
5924
3164
6139
2033
3795
2033
7965
2281
1285
2401
8114
61
3743
5884
3421
1172
2178
3113
3448
7388
2482
6007
7351
5133
3825
4366
4588
8152
3845
1346
6139
4523
6444
5344
975
6839
7302
4172
102
2186
1346
268
4899
5098
3664
5206
370
2575
7609
2011
2573
3930
2134
3132
932
5088
6172
3282
7539
2582
2727
4768
6613
5931
6613
3444
7831
102
2559
5344
7071
3049
380
1048
3421
4518
4199
1346
7133
7650
6386
7255
932
758
2748
7522
624
7727
3697
1628
4749
7620
3996
284
75
3191
4285
2988
8014
5509
3452
5207
6013
2521
2429
4899
1134
7831
4783
6827
5232
1958
4356
1134
3707
2244
1021
4551
186
6055
4138
4769
7644
4527
7369
5793
1172
75
4783
6470
5267
4467
3093
4899
3669
1650
7990
3743
268
6196
6076
5421
1357
611
4014
7880
5020
1619
7522
6914
5373
6996
987
6672
6880
5722
625
4281
3026
3421
7483
6651
4502
4317
4485
3238
6035
6844
5420
4135
7567
2618
54
4899
1907
5118
1091
2110
7399
5494
6299
7113
3973
6244
2077
5228
4749
3294
6220
3153
5457
456
235
7736
5408
4812
2511
256
4976
611
2454
7831
465
7755
743
5126
4076
3026
5602
8114
75
7692
7396
970
8006
2935
1100
866
3733
2298
294
317
4899
2186
6247
6251
1949
5267
1926
1301
2032
6697
1989
4766
677
3832
1267
2011
11
5913
714
4723
3054
672
6475
937
6327
8191
6138
2501
5922
5199
5675
2720
7518
1134
4281
3318
831
2389
369
1050
7138
1494
2426
5199
6996
1138
2525
3536
7939
7613
1979
6451
4861
1177
5361
4844
83
5544
2975
3988
6183
7404
4467
3743
3729
5072
3452
4571
3760
4843
494
6095
319
3029
2685
807
5931
6500
6405
5853
1068
7831
1655
886
7388
2772
7395
1658
4934
6422
5325
4971
4655
440
6999
1818
3707
6668
5867
493
7020
1646
1357
4310
4337
6640
4295
2594
2226
4270
4075
1037
5395
7001
5238
2925
3821
7628
941
4282
2656
2647
2697
5188
5238
1245
310
5400
658
169
7125
7953
5420
2216
386
2380
6035
7302
3211
7527
493
7442
1139
6253
7149
2296
4048
2887
607
4346
3795
7706
1998
1810
7696
2027
6398
6201
5649
2368
1689
2116
5672
4970
7493
6941
1318
3470
7378
8107
7214
7885
2865
5394
318
797
2116
6490
1583
2214
4030
70
6022
1724
7702
3830
3604
5653
7811
6309
3333
1599
4801
1818
4531
6883
3445
1869
2281
1285
872
5722
3760
286
2934
711
7825
1134
6371
3453
5581
2447
1157
5613
7227
6816
4613
2150
3620
1458
4530
6679
5041
664
4357
7163
3879
1527
4048
2279
1646
574
5712
6974
2838
7493
8107
1090
1196
7467
4346
6479
4812
438
5386
5983
5581
6795
6618
1361
3072
5007
1644
7432
3568
2427
7512
7704
6369
1544
7117
4413
2026
4743
5199
6014
7584
1869
5951
5944
3266
1535
3685
3652
1724
602
4905
2380
343
7595
1404
2442
7483
565
6581
206
5733
7934
4009
4863
5228
5722
6918
5222
666
3184
8018
8068
8030
3156
7548
1422
2296
3895
2338
6999
923
4905
641
5911
6123
4182
6297
1708
3238
100
6920
765
7214
2972
1104
6363
4643
3933
3241
7736
1810
2004
1732
1551
6350
4545
3176
5718
87
6057
1591
6162
6925
6536
5511
7546
5351
4734
6297
4143
6692
4178
6819
7595
2573
6556
7985
5422
6348
521
5738
3404
5655
216
5722
1928
1619
1599
6626
3140
5007
3261
8067
6176
923
5228
4081
2330
756
3398
3813
2482
7151
3646
2972
7436
4511
3680
1347
1742
6317
5097
7496
7002
1872
2261
7075
7447
4957
5050
1773
1100
8171
1594
2272
7840
5169
7478
6616
4858
3140
6889
3185
4857
