0
0
0
10
13
0
0
1
10
0
0
3
0
0
0
0
0
0
0
0
0
0
0
2
0
0
1
2
0
0
0
2
0
0
0
1
1
0
0
0
0
0
0
0
0
0
0
0
0
0
0
0
0
4
0
0
1
0
4
0
0
0
0
0
5
0
1
0
0
0
0
0
0
0
2
0
0
0
0
0
0
0
0
0
0
0
0
0
0
0
1
0
1
0
0
2
7
0
0
0
0
0
0
0
21
5
0
7
4
3
0
0
0
0
0
1
6
0
1
2
0
2
7
0
0
0
0
0
1
1
2
0
1
0
1
0
0
1
1
0
0
0
0
0
1
1
0
2
2
0
0
1
2
0
1
0
1
1
0
2
0
0
1
1
0
1
1
0
0
0
0
1
0
0
0
0
0
0
0
0
0
0
1
0
0
0
0
0
0
5
0
7
0
0
0
0
0
0
0
0
0
0
0
0
13
6
8
7
9
2
29
1
3
2
3
4
1
12
0
1
3
12
0
0
4
10
0
0
0
1
0
1
0
0
0
0
0
0
0
0
0
0
0
0
0
0
0
0
0
0
0
0
0
10
0
0
7407
5149
2676
3032
118
8134
1483
531
1308
3934
1917
7029
3490
3171
1823
5112
3647
7921
4077
137
2244
3414
4796
7258
5220
3414
4735
5579
5498
1734
649
186
3207
2784
6679
4017
3464
5129
4950
1620
6954
5536
2799
5586
1849
1062
3224
1944
601
6396
8103
601
4809
7940
3888
1473
2679
5536
536
3600
3220
2343
5165
1015
4809
5147
8021
3120
5514
3809
4950
5661
4952
2192
1716
3538
6104
6139
7933
3086
5094
6444
3823
575
7451
5120
2777
6150
1453
7246
592
7246
3260
2066
491
5725
2308
1944
2358
1217
2327
1042
457
6041
6503
3549
4213
4368
5482
702
7427
2154
4951
223
2686
1412
3291
6461
914
4202
7063
4578
1313
4242
4594
7155
4120
6777
6135
3389
2390
1057
1600
3732
369
6303
7194
5989
6189
5626
318
4878
5235
493
8068
1869
5078
6368
4452
2010
5120
4520
2684
5079
6104
4475
1514
7424
4343
3793
5928
3220
6520
1021
3722
6445
2572
4971
4770
1213
5646
842
4076
1976
5856
3342
5072
6339
2216
2033
7608
5233
6256
7278
6321
2014
6590
7940
2494
4315
6974
2870
6389
1931
3585
6221
1253
7000
5682
1028
3117
7745
2972
6893
3831
2595
5649
7302
3342
2178
2594
2849
6693
3831
2589
8000
5061
4053
5995
3100
5165
2979
5165
3711
7673
3085
5998
2112
2358
167
3276
6393
2179
3118
6939
1486
6693
5072
3760
6220
2595
7519
1357
2863
413
2594
6451
5563
4619
7184
2506
6796
7640
6135
4475
1962
2405
931
7034
30
1841
1532
7831
228
6828
373
7081
4281
597
380
6643
1262
6114
409
1327
7400
1865
1266
3491
1327
5764
5072
6662
7654
1103
6791
2066
3778
2753
7497
3207
1209
7753
5741
4769
2849
6904
5596
585
1486
6630
2787
2715
3743
2720
1486
4899
4044
4783
7414
1934
7939
3831
3832
5295
5353
5279
3262
5668
2541
695
5214
559
7063
5618
4931
6851
4247
2033
7657
8018
7271
2849
3318
5637
2510
4439
504
406
5637
7939
4044
849
4659
6839
4306
1073
2470
1406
1473
7393
1965
1787
7868
1680
6791
2676
6662
2154
2849
5072
5394
2277
6220
3325
6858
2778
6572
4866
5365
2194
4075
7912
507
3008
6247
4768
479
3211
7797
3192
2411
1600
74
7246
45
4291
672
5953
7958
327
1437
7302
4899
6630
7081
6941
2019
842
4619
2756
6457
602
4675
310
7797
3339
7001
2849
5473
6069
4457
6792
5449
3225
5937
46
6550
7229
441
15
7967
7404
6444
4048
5883
6339
1881
4823
7822
3086
7075
4899
889
2019
6405
7133
2186
6466
5811
3780
370
7608
7349
3130
3494
907
591
4702
3492
4888
4333
3495
1196
5199
4639
6030
872
1590
1757
2139
2493
903
3491
2504
1640
3452
4048
632
3180
519
3832
4766
5233
2033
2451
2521
4388
2338
6354
8151
4017
1971
2046
4940
3180
7379
611
796
1196
1696
3332
8064
5078
6365
6839
3124
6769
858
3441
5394
4674
5546
658
4310
3831
3342
4899
2544
1299
2569
686
1988
1988
7823
1863
3483
1757
5098
4843
1138
6405
7020
4285
1662
2304
3574
4149
2471
4678
5145
6121
6952
598
2216
5029
3711
4528
7831
4076
4748
3390
6710
5850
643
5748
6354
4301
6368
1196
317
5862
3024
2720
3996
7020
5302
4866
5217
2023
461
1442
259
5725
1934
4811
4518
2863
3054
493
3222
4160
3132
5034
7887
7902
2777
5584
7914
475
1348
7519
2849
5723
6466
373
4149
1172
7079
5991
8091
4722
3010
5140
5455
3476
7880
1266
5602
2116
3491
4504
3673
7292
2172
3538
7872
1103
1279
6635
4293
3673
470
7076
1943
3644
3164
7142
4755
3536
2720
7797
4899
1749
4096
4958
5420
6886
5233
3841
3261
6858
6121
7992
2116
5848
5489
7570
1105
4194
7192
3207
5661
6000
4367
2339
2300
3841
5923
7706
3998
3332
7001
3113
871
7526
7214
1344
2070
677
8036
850
7286
5806
7598
3318
5199
5449
898
2663
169
5997
4134
432
4114
4707
369
1329
5953
5856
3869
1943
137
6027
4662
5421
5796
3452
6744
5529
2225
3177
2720
2116
1124
3211
1050
3642
3047
6769
7907
3123
3207
631
665
2995
7443
1948
4448
5595
7866
4929
271
4931
2451
1869
3845
6284
7125
2716
5924
5591
6030
6493
2193
2289
5276
5796
8114
5867
6263
697
4874
5412
1424
116
532
1473
109
5695
3483
7901
1490
1467
7428
2391
4281
5127
2775
4467
4528
1696
370
1869
235
3011
7295
7722
5199
5964
2521
281
4387
531
1452
7921
3378
1661
2892
5048
5020
6619
2062
4647
1155
987
3075
1364
5148
5640
6220
4075
6339
7493
7814
383
6693
2194
1913
2252
409
4889
2532
7905
4892
4878
3969
3050
2907
3464
6481
721
5292
3284
3656
3123
5403
2182
3477
7102
1823
2760
4805
1777
1267
641
6284
1196
6893
1646
1865
6700
457
7399
3565
5650
3389
3656
7575
6558
2184
7940
6135
4707
731
1650
6797
3477
1105
1767
684
450
4242
3068
4040
4301
3108
2613
5450
4801
7349
7750
7399
3145
433
1579
4242
7506
592
1680
3947
3132
392
2325
4707
5731
7405
6027
1678
2678
6553
8151
35
7679
7882
372
5201
4207
1269
1916
3068
2985
6411
5007
5945
4667
4563
1680
3207
5928
7784
947
1319
6814
2421
348
3747
4628
6588
3754
3148
7940
7413
3454
7940
649
1319
45
5450
6588
3930
574
7722
5730
3413
5113
853
1852
3955
3483
214
4055
2169
7216
2868
7447
3329
740
5220
5650
3477
1209
807
4522
3223
3740
1311
478
5024
4441
5629
3584
4094
5332
852
8155
359
5928
5709
1048
5825
2836
7665
3168
3276
6481
1852
6058
2235
959
297
1948
3352
348
320
2531
1253
2252
4152
1467
7588
7416
1620
1279
807
4017
7524
4207
2597
4940
4475
1041
4183
7303
5873
6252
2699
1689
979
5579
7342
4852
7419
1821
400
857
7258
2184
3240
3485
3930
3993
6552
2901
6258
5842
5066
4361
943
3816
4575
5628
6437
6384
7926
1725
4319
8075
4342
3656
6076
3025
3411
1864
