0
0
0
8
11
0
0
2
10
1
0
2
2
0
0
0
0
1
0
0
0
0
0
2
0
0
1
1
0
0
0
0
0
0
0
0
2
0
0
0
0
0
0
0
0
0
0
0
0
0
0
0
0
2
0
0
0
0
1
0
0
0
0
0
1
0
0
1
0
0
1
0
0
0
2
0
0
0
0
0
0
0
0
1
0
0
1
0
0
0
0
1
1
0
0
1
9
0
0
0
0
0
0
0
24
1
0
11
8
4
0
0
0
0
0
1
4
0
2
3
4
4
6
0
0
0
1
1
1
2
0
1
1
0
2
0
0
0
3
1
0
0
0
0
0
1
0
1
1
2
0
0
0
0
1
0
0
1
0
0
1
0
1
0
2
0
0
2
1
0
0
1
0
0
0
0
0
0
0
0
0
0
0
0
0
0
1
0
0
7
0
6
0
0
0
0
0
0
0
0
0
0
0
0
9
6
8
5
4
3
27
2
2
3
1
1
4
15
0
0
1
10
0
0
3
11
1
0
0
1
0
3
0
0
0
0
0
0
0
0
0
0
0
0
0
0
0
0
0
0
0
0
0
10
0
0
5514
7575
1690
5998
959
4881
3468
7453
4796
2419
1042
7776
749
8128
6989
1003
7820
4441
1050
5629
4881
5292
5408
1328
1003
6059
1631
7230
6353
396
7236
3162
8167
3684
5778
6740
3842
1931
7609
5765
3389
6031
7711
259
3561
331
1699
1617
6081
4029
2023
821
3683
4609
5295
1997
6263
4350
61
5092
3384
1576
2761
4596
4863
6082
7304
5648
5982
2057
6650
1023
2121
4809
2214
7954
6493
1748
3311
3299
3222
8114
3170
4075
507
7101
7089
6722
4723
651
3554
3658
5748
3651
6434
7034
6082
4365
729
5536
4788
2538
5344
2257
4099
3123
5723
3129
532
2961
409
1963
679
4736
1172
1401
6752
5072
6224
2243
1818
6338
7398
7676
2034
7235
6975
1929
591
7180
354
5314
146
7845
1289
4175
4110
3780
7559
3831
6331
3708
6839
7303
3108
6613
3683
3946
2033
3743
4356
3831
7721
465
8060
156
2016
7816
1937
7692
3445
6569
1029
2907
7015
7779
5608
649
2959
1134
268
1061
2595
7171
3108
618
6939
2532
8137
7302
1865
3294
3170
6220
5924
677
3864
4885
5153
5715
1965
4492
6922
5013
1709
4493
7243
2217
7622
6525
4415
611
5036
6466
7441
2253
7456
842
5499
6474
2956
5637
5309
128
4528
217
2471
1196
2116
6596
3966
1075
5385
6761
7910
3085
4190
6165
5892
4175
3074
7503
5199
519
6013
1139
2253
871
7976
6991
8114
4743
3318
5142
6377
3421
5473
6331
4899
7576
4069
4505
1433
7885
3682
3359
2626
4044
4499
4509
3851
2130
7286
8043
4528
4281
3855
4911
2863
1437
457
7171
6234
3318
235
2116
2595
1134
3164
4899
5862
1646
7939
2194
2172
6737
5364
5172
4255
7086
3240
4216
870
3540
3314
5637
3683
3683
3932
6501
4783
3845
7880
7929
990
1061
5924
4524
7020
380
1900
4766
4276
5001
3380
3832
380
1990
832
1279
4290
1023
2497
2777
1589
4126
7685
1138
4518
3164
2477
7912
2727
6839
4281
3753
1905
1204
1846
4044
815
1800
4439
7754
4153
4944
1091
4736
3841
7603
5608
6199
1203
7119
83
6593
1469
153
5420
4469
4528
2956
5672
4951
3164
4743
3258
7195
3276
5743
75
1134
2952
1366
556
7313
1138
4415
2219
7518
4452
3090
139
7405
7647
6515
7575
1856
6120
7278
4743
5663
2110
4518
3164
6883
5457
6642
5109
7726
7004
6003
2164
3859
7894
6941
8107
625
4668
872
5420
7831
3708
5347
5178
5444
2136
6722
2679
2405
2181
4331
6375
3024
6939
1682
3294
3286
4925
1546
871
3251
3222
6220
3470
2902
2849
4281
3712
3008
3143
2641
7178
938
4153
1850
7916
6332
2015
1260
2095
6445
3784
7939
3300
7427
2823
4356
796
3642
4358
4281
2685
7885
2569
3280
6668
2720
7185
2961
2578
5420
331
3198
1401
4106
995
8145
7776
2796
6004
3153
5652
2166
5985
4699
5457
7912
7078
4958
632
1172
7004
4209
1089
1200
6761
2594
5824
3376
1366
3900
2260
4283
4913
1345
8093
3473
4651
772
851
2447
7915
7447
7230
3541
4897
3602
8019
4172
5430
4489
3859
542
3885
3108
3536
3054
7755
2849
1979
7004
2815
4330
4588
7645
5398
8091
4806
5160
7125
200
811
7989
6868
2449
3561
6393
1750
4970
6490
2219
5558
1749
4736
7990
2787
1046
7742
6220
1472
3118
8156
3376
6000
3841
1025
2289
1011
3841
5762
5938
3022
5430
2825
3284
2318
501
2271
744
3891
7195
7806
7531
3810
3124
6444
1241
285
5993
6572
5753
2766
1357
3191
2379
2639
8091
3523
406
493
7675
8107
1850
3936
7494
7784
7453
5705
5731
4061
731
1542
30
2684
7325
3575
5678
2444
6876
1671
140
320
933
2720
2426
6210
4003
2304
4005
3115
229
1972
1301
1582
2026
1522
3993
985
5430
4415
919
5444
5338
3229
3686
3022
2184
502
3628
4899
3118
4424
6017
1
7061
7797
2208
7418
2595
8177
4198
323
5199
1366
4172
5288
3274
3584
5928
3732
208
5107
1067
6549
5129
5120
1962
2133
6332
5283
5691
1693
4668
3743
2532
7482
1958
3760
3105
7962
2186
8043
2423
3549
672
281
4804
3443
4640
896
2024
6831
7910
484
4707
2248
3862
7357
4361
2907
3449
4207
8018
4888
4116
1131
3314
3854
7253
6339
5106
686
1963
1091
5877
1100
35
1382
7894
2458
295
3346
2825
4550
4472
978
825
6058
3980
7997
3682
7869
1220
3287
4315
5405
2451
6520
5712
725
4800
938
1301
3022
7519
2272
7020
1739
7666
5909
3594
1279
7737
3616
4580
7109
4800
5689
6737
5896
6322
1680
3359
3017
1319
2531
1289
4291
4462
2308
844
725
4781
4815
3263
2562
4504
7234
598
2114
2548
7980
2708
5514
435
1619
1551
7917
8048
7012
5620
6262
5596
369
1244
5748
1485
2429
4569
2525
254
749
4651
5115
2541
1817
3792
2339
607
2679
1750
2624
1957
4491
4600
7013
6919
8012
8128
6593
7823
2271
7573
5748
7926
3851
4596
1564
7121
907
8143
6828
7415
2496
2339
7049
5477
7447
2552
4758
3643
4830
6989
4372
1739
1241
4707
1750
250
3469
5933
226
2533
5650
1438
1821
2610
6563
5514
6902
323
1584
2499
6565
4758
6482
5877
7849
7573
3848
6827
1050
3925
5921
959
39
3584
6150
4225
3712
531
4852
3443
4093
8064
1209
3233
2713
5844
3682
6011
4735
5469
1534
5403
2932
3068
411
6437
1276
2816
7887
3775
1029
1830
8083
3475
3391
4441
5517
5767
1769
4350
5720
7570
2271
7827
4830
1956
6720
3610
2484
8112
5115
3120
432
1164
3443
2199
7011
5434
4348
3949
1035
2252
4319
2109
764
4233
2922
361
7861
1856
7468
538
5482
4892
6552
4504
5701
6674
4565
1155
7154
1548
1926
7093
5485
1769
531
795
1331
4977
4273
2361
249
5664
2608
2679
5129
5057
6427
1550
3245
3625
1926
1672
3301
2533
1488
5933
557
3092
925
932
1765
600
1049
7640
7575
6104
8023
7827
4880
2410
1114
425
7962
3209
7726
8143
4605
5175
5997
5193
1965
466
6060
3326
511
2002
4952
4390
