0
0
0
10
11
0
0
2
9
0
0
0
0
0
0
0
0
0
0
0
0
0
0
1
0
0
2
1
0
0
1
2
0
0
0
0
2
0
0
0
0
0
0
0
0
0
0
0
0
0
0
0
0
2
3
0
0
0
1
0
0
0
0
0
1
0
1
0
0
0
0
0
0
0
2
0
0
0
0
1
0
0
1
0
0
0
0
0
0
0
0
0
0
0
0
1
6
0
0
0
0
0
0
0
18
2
0
6
5
4
0
0
0
0
0
1
2
0
2
1
2
4
4
2
0
0
1
0
1
0
0
1
0
0
1
0
0
0
1
0
0
1
0
0
0
0
0
0
2
0
0
0
0
1
1
1
0
0
0
1
2
0
0
0
0
1
0
0
0
0
0
2
0
0
0
0
0
0
0
0
0
0
0
0
0
0
0
0
0
1
0
9
0
0
0
1
0
0
0
0
0
0
0
0
11
5
7
4
5
3
31
0
3
1
1
1
0
12
2
1
2
11
0
0
2
8
0
0
0
1
0
0
0
0
0
0
0
0
0
0
0
0
0
0
0
0
0
0
0
0
0
0
0
10
0
0
5534
3017
2978
5133
2163
7135
6453
4083
146
6571
2467
6404
3367
2870
6603
2001
5210
340
3014
619
2490
1016
227
2650
7336
4308
606
1577
7814
5882
3401
4975
2775
624
6196
6947
6352
8087
2304
5066
5512
7611
1472
3750
3274
1573
7077
5815
7872
6227
8132
1100
4345
5236
1479
2391
3843
1712
7483
5801
7241
2249
1330
4565
7177
6440
1521
7254
4511
5207
7337
7531
8012
8044
3786
3992
1127
6687
696
7151
5097
4046
5169
7827
6724
7040
860
1768
7413
4142
7415
5598
992
7315
2928
5392
5870
4511
4173
788
6228
6709
5255
1955
3522
3775
3364
1227
3571
6444
7099
964
1068
3039
7142
1902
3669
3348
370
4187
2511
560
782
5310
826
6598
1438
8102
4498
1345
7730
4413
2817
2185
70
2346
2104
7917
2752
7195
7526
5646
5636
4801
7821
589
6365
2037
3810
5894
1436
6140
6741
5664
5876
63
4035
3336
4138
2341
5092
5630
6433
4222
762
7488
3451
7720
4283
4355
5072
5649
3562
4768
7303
3926
5891
128
3841
6064
3473
679
677
8029
4255
4443
5751
7628
3538
4422
2729
3701
6864
3165
7584
7293
1837
4800
1381
7570
530
7939
3222
2594
5602
3030
3708
7752
6065
6251
597
3639
3859
1939
4520
1196
7602
5457
5380
4539
2447
6133
6205
1929
6412
1931
3610
858
6756
3194
2348
1121
1773
5669
4970
6859
2977
241
611
2872
5913
8177
0
4459
1749
2033
6912
3434
8043
6931
5588
3229
5824
2671
6876
6144
3007
4418
5261
7680
5788
6983
6431
2576
3120
3930
6839
7524
1139
406
6572
5621
6858
830
6027
8158
2589
3325
6752
911
6666
7685
6604
7762
199
8021
4604
959
5182
1234
7410
3992
7498
2526
4823
2872
3996
1253
1172
7195
1498
2194
3108
4467
6490
2594
807
3083
1454
5058
4899
1357
5086
3054
4879
2802
1306
5077
6299
2105
6777
738
4026
6901
2826
5733
5951
4209
3303
5528
169
8177
1025
73
5036
1228
2082
6444
6501
2194
6640
0
7142
7179
180
3712
1618
4592
6264
2312
7410
3265
568
4618
4984
1289
4109
1426
906
6507
1507
4523
3270
3628
5527
3024
7990
7831
2618
3396
3008
346
7469
4815
2246
3294
7503
6290
7821
7958
1379
7985
7784
4667
2576
2907
744
1680
3943
5984
3379
2457
4001
2504
1900
3536
6368
4471
2644
6331
5499
2154
2216
4044
1340
5693
6991
318
618
5233
4661
2332
2521
1696
4422
7886
7382
3814
7910
3607
2234
4889
5602
2253
109
6064
4510
4281
4566
8114
5759
2681
6696
4459
4075
2578
1454
1138
2937
4014
1385
2273
8038
7700
662
1306
8019
1769
2761
4517
1289
1219
8082
6683
1254
2962
8038
5762
3760
2956
6301
4518
2774
4044
252
7406
4209
3495
7020
2644
2863
4815
6727
2521
2471
5426
7921
7217
5198
139
1321
5955
7357
7299
6332
96
448
3616
2766
4209
4316
7136
3486
3380
2863
2128
4000
252
2154
5821
1651
677
1139
2186
310
5762
3170
1655
6184
6493
5581
7098
4262
589
61
1890
97
3003
4276
7085
7797
906
1266
4278
140
6696
4459
358
7912
5335
2952
6987
1357
6507
1216
4095
6143
251
281
317
1266
5970
3887
5286
7926
197
7374
7462
719
1089
7493
7393
5627
857
4477
7532
5980
4426
1357
7214
4281
7195
3854
2010
3277
1671
7567
5036
1048
1473
6451
5800
4536
5466
3662
4895
2465
1009
6078
7601
6111
5853
5824
1467
7682
6490
6499
7482
5131
4552
6405
1134
632
2598
1196
6121
4592
4273
2578
4639
3946
1138
6474
2872
4075
2872
7861
6921
3148
4569
4361
1750
5684
1714
1091
2289
5123
109
1989
97
3915
6065
8043
6630
310
3255
2838
194
1546
73
8046
1340
3271
6103
3531
3303
1264
5283
7820
2252
1476
4820
3242
7252
6828
2346
5088
4174
6906
317
4633
2186
6124
6365
3251
1422
2181
470
3838
7185
2041
7363
4005
3020
7603
2219
3789
714
7399
6078
1702
2541
2190
1409
7134
248
4192
5223
7967
1200
4815
3911
7059
6415
7532
3777
871
2194
999
3505
2956
7085
4743
1527
5049
4524
5158
3276
3196
2305
2287
4614
1605
3849
7590
5380
4483
6121
7587
7908
1453
5473
4580
1635
747
6682
3911
1076
7911
6668
3712
6065
2717
1638
3777
747
2219
4674
4426
2011
7001
4998
1492
1974
4965
7844
2716
966
769
7584
3115
448
2825
3969
208
7819
8048
6139
3186
1699
2581
1740
5380
3318
5577
4270
2179
4521
679
484
7829
3314
1441
5747
4596
6120
4308
4953
4004
7339
6083
3432
248
1017
5086
829
7568
1012
7746
6139
4783
3734
6303
1989
2308
126
4462
1835
1939
7852
3859
8175
4481
370
8119
7119
3676
3791
7191
2500
8006
7319
4892
1858
2077
5459
5095
843
8019
1336
625
7493
7303
3962
7915
3536
1241
938
1453
4590
2677
6839
5754
854
500
4898
6252
4813
5380
428
3373
3741
7318
1241
1209
7189
7919
1037
615
6664
4479
2369
939
680
796
3134
6065
2471
6632
2199
5672
7185
1103
7186
2650
3148
5394
622
5010
1787
735
5264
5174
7378
5035
7882
7852
7258
5292
424
1674
6031
2701
2432
3420
6183
396
5149
1467
2685
1579
6650
1366
5382
2902
5278
7353
7437
3398
6249
4132
2957
1253
7339
2510
1046
6307
6445
429
6569
6829
4592
7975
5185
7594
3168
7011
4963
4825
1003
5489
6183
2167
719
7482
5285
6064
3960
6833
4033
1253
7466
2491
5219
4391
2491
6989
4271
807
1683
7577
2529
6761
149
3443
1836
5102
6391
2169
1870
7340
7890
2679
1012
3358
1520
4609
1395
4578
2562
3847
793
8135
5131
7590
743
6109
396
6458
5078
4578
2693
4532
2343
6332
328
97
6193
7876
3997
3475
6196
4047
2130
6273
2545
1163
6303
3154
6606
5869
7707
6969
683
7882
5653
6604
3392
6232
1303
6240
5024
5264
1409
2916
1870
54
3196
2106
1277
1047
7642
1317
169
7344
5364
6107
4312
5748
297
7844
6346
3519
5942
6329
7566
2939
1029
5937
4080
5559
381
7801
757
