0
0
0
9
12
0
0
1
10
0
0
2
0
0
0
1
0
0
0
0
0
0
0
3
0
0
1
0
0
0
0
1
0
0
0
0
1
0
3
0
0
0
0
0
0
0
0
0
0
0
0
0
0
2
1
0
0
0
2
0
0
0
0
0
2
3
0
0
0
0
1
0
0
0
1
0
1
0
0
0
0
0
0
0
0
0
1
0
0
0
0
1
1
0
0
1
6
0
0
0
0
0
0
0
25
3
0
6
5
2
0
0
0
0
0
1
3
0
4
4
1
5
5
0
0
0
0
1
1
0
0
0
1
0
4
1
0
0
0
0
0
2
0
0
1
0
0
0
0
1
0
0
0
0
0
0
0
0
0
0
0
0
1
0
0
0
0
0
0
0
0
2
2
0
0
0
0
2
0
0
0
0
0
1
0
1
0
0
0
2
0
9
0
0
0
0
0
0
0
0
0
0
0
0
10
5
10
6
5
1
29
2
4
5
1
0
1
15
0
1
0
10
0
0
1
8
1
0
0
1
0
3
0
1
0
0
0
0
0
0
0
0
0
0
0
0
0
0
0
0
0
0
0
10
0
0
5928
7613
4343
7910
2777
4892
797
6227
4609
2229
4337
5542
938
4748
4160
5413
1852
5731
7178
2720
519
6058
2856
4538
5220
3682
4698
5608
5896
5507
8023
7613
2513
3682
2358
7570
6417
6218
5741
3491
6041
6487
1970
6769
4469
6939
1345
3602
4729
4076
1760
1172
4003
5928
6075
3251
538
4291
4173
4716
121
744
5364
4207
5810
4353
5951
915
2286
920
2685
1172
565
6828
6114
5420
999
4218
3795
3549
5636
7054
1428
5571
871
5542
519
7259
4899
1850
8123
472
4492
4578
1680
5489
1917
2354
4319
128
3117
4788
8143
1318
5072
3832
7814
3373
4080
3421
5924
5856
1040
4887
5446
4583
5545
6777
611
7085
6069
2107
1467
6027
6017
6393
5998
5290
4268
4076
7552
3303
7001
7791
4406
237
1358
611
1506
3664
456
3978
4571
4268
8184
7214
1011
7226
3470
310
6331
123
5169
7882
625
7762
2130
5995
1852
4698
2835
3610
606
4454
1298
3170
5804
2272
3897
4721
3733
7885
6682
4197
3465
831
7976
1869
7441
4731
6810
618
6898
150
1467
3617
1757
3096
5741
2225
7229
2339
4365
7425
4022
4651
1690
4688
3329
2216
6405
7810
7912
640
4531
611
7469
4916
2258
3813
4126
229
2181
7521
6216
7416
3617
6891
765
6710
6535
7585
3716
4722
7400
2477
4411
3996
6292
5806
3996
1207
7020
8089
174
4801
3286
6987
7576
3117
3077
342
7997
5157
3452
857
1979
5807
5896
1520
4310
3196
6810
6303
1907
6309
6220
5199
4518
7020
5723
507
6836
5233
5898
7990
5420
7831
1900
3008
4843
2156
4939
666
4571
1435
1276
5913
7313
1709
6323
8014
8167
2238
2557
7185
1130
5874
2152
3712
3644
8177
1905
6493
787
2710
7416
1869
7037
1435
3384
3325
625
3126
7111
714
731
7024
1714
497
978
3859
4796
7038
4692
6501
6405
3824
1506
2504
7564
6749
2303
7441
6458
169
1881
5123
1061
3708
6301
3960
4659
7185
3209
4027
2300
3211
6640
4310
938
4469
5176
3421
2630
5375
2710
3314
6365
4439
4815
743
2422
3412
6959
6247
1640
796
7260
994
4075
906
3859
2911
2392
7125
279
7318
7366
7726
7912
460
256
7486
87
3108
7588
838
434
434
1241
5751
320
6495
1552
8000
213
3672
3997
1130
320
5692
6664
4528
3976
8065
235
1638
7001
3008
7136
5433
4743
6103
2421
4135
684
863
1689
7440
2591
769
3118
4352
3452
7892
4686
7791
1437
4088
8114
3049
7648
2649
994
5036
2585
2030
4135
5398
5844
5200
6810
4738
5748
2216
3701
1859
5511
7643
6427
3911
3263
2254
2634
2780
24
3197
997
128
457
6636
2354
2948
7807
2720
7177
6114
5473
4645
6572
2401
6276
8068
5242
4209
2216
5461
872
5140
724
3326
1581
4783
7819
5419
5906
2740
5013
7615
7372
872
3024
2454
5545
6365
1091
5725
1961
728
1340
5991
7142
5906
3024
3492
4879
1076
5922
6948
5438
5902
4065
1559
1445
3562
4753
3538
2277
677
3335
8000
574
597
7078
1327
4390
2077
3602
684
5143
8156
4903
5924
2587
7143
7208
3858
4096
5909
5956
584
847
2402
1483
5160
6662
1869
5188
1458
8103
1285
815
140
7441
5637
2033
7372
5692
2999
7609
3209
6630
540
7845
2778
6323
2778
1980
7525
5456
1522
3126
3927
1856
933
4971
7400
5036
4342
1025
6375
5420
6188
7995
3892
5233
3574
6507
3153
951
7081
6444
7787
7877
2426
4199
3159
4209
5529
7378
7416
1234
272
1291
1472
2976
2603
1856
8014
2922
4643
5168
2685
1172
5602
310
4605
252
6592
4788
6735
2594
6839
3892
2001
7939
1329
4350
6303
679
2154
4926
1012
1340
4562
2164
1366
4076
1753
4768
931
4789
2244
3996
1971
6040
7125
5199
3574
2504
7716
1453
5426
5764
3602
4264
43
4510
4017
7171
4201
448
37
5936
3946
625
6668
4452
615
7286
5233
7156
3077
1735
2199
3171
1982
5886
6076
995
6490
2778
1188
4801
2943
2788
1839
769
3495
169
6095
1675
5473
7526
4525
4843
3748
8158
5924
8136
7675
7976
4048
3683
3809
3455
128
765
2774
2421
1850
310
2361
2377
5602
6375
5013
1232
2401
3495
297
4135
5332
2668
2351
938
4729
7416
725
5723
37
3037
1976
4464
310
4076
5131
5664
7048
7396
5759
2194
1494
4699
8046
6892
4889
3148
6541
2110
2720
102
221
2894
5225
2405
3476
1659
6078
7277
4944
5400
7142
5993
1576
235
493
3170
3211
4074
5161
5867
4846
5633
4815
8137
1972
5723
3503
7218
6444
373
5804
2521
6331
1554
5185
4934
5978
7277
4218
3743
3721
6014
2594
5374
4291
229
221
1784
677
2010
5279
2972
7243
779
3199
6365
3457
7432
5542
2396
7519
310
3156
1913
1998
7880
6172
5693
1436
7218
5796
3644
3448
2965
7349
3644
7548
820
310
4738
6926
5426
2192
3483
1428
6639
7647
995
5999
5428
7562
625
1869
1990
3468
8152
1696
1675
6164
479
1357
1767
7325
3486
174
6952
2082
4801
5168
139
3257
4801
7086
1661
2578
5489
7087
6951
4600
6227
2918
7190
7985
6040
2433
1569
5623
7456
3096
1698
3057
6925
5107
4858
8158
4815
2308
7004
607
2872
7740
7777
7749
4356
4466
4857
6274
3682
4007
5048
727
4796
5489
5650
1576
3682
2135
6791
5449
7723
48
2009
744
5531
227
1295
409
760
34
5233
4190
6774
6198
7451
7188
8019
4913
437
3503
30
64
6876
7132
411
5928
4293
2130
531
8025
3068
3100
2178
2013
8081
7154
749
7312
2217
5723
5784
310
6444
2762
6774
1662
559
4651
394
6444
6301
4341
4341
5739
2612
4152
721
4291
7679
568
418
5928
2777
4609
2411
7997
7497
6887
4887
7601
7408
2027
2110
3708
8068
6281
8126
8048
4600
4207
2049
3639
7503
3682
4207
4419
3347
202
6735
4017
4202
392
6076
5928
5173
215
7012
6135
6202
3834
3186
5608
6104
4667
519
8091
4748
3896
7078
639
1556
4472
3068
2152
5166
675
6227
6587
6989
7491
649
5595
