0
0
0
9
14
0
0
2
11
0
0
0
0
0
0
0
0
0
0
0
0
0
0
2
0
0
1
1
0
0
1
2
0
0
0
0
2
0
0
0
0
0
0
0
0
0
0
0
0
0
0
0
0
2
2
0
2
0
1
0
0
0
0
0
1
0
2
0
0
0
0
0
0
0
2
0
1
0
0
0
1
0
0
0
0
0
1
0
0
0
0
0
1
0
0
1
8
0
0
0
0
0
0
0
22
4
0
7
4
4
0
0
0
0
0
2
4
0
3
2
1
5
5
3
0
0
1
0
0
0
0
0
0
0
1
0
1
1
1
0
0
0
0
0
0
0
0
0
1
1
0
0
0
2
0
0
0
1
0
0
0
0
1
0
0
0
0
0
0
0
1
0
0
0
0
0
0
0
0
0
0
0
1
0
0
0
0
0
0
2
0
9
0
0
0
0
0
0
0
0
0
0
0
0
10
3
8
7
7
2
33
0
4
3
2
1
0
11
1
1
0
13
0
0
3
10
0
0
0
1
0
1
0
0
0
0
0
0
0
0
0
0
0
0
0
0
0
0
0
0
0
0
0
10
0
0
1158
127
6583
6565
2430
6820
5874
6384
5778
1023
1717
1513
1513
411
631
5048
6651
5928
4120
3986
2539
2483
5887
7153
7901
4985
4065
671
6997
2520
7901
4007
954
4492
3728
7781
3506
3346
1103
5579
631
744
2467
2975
6243
4847
631
783
2686
4093
138
631
5412
48
5301
3902
2796
1821
7090
7582
6983
7928
1155
4880
4340
3291
631
2676
3095
123
7437
1944
2736
6791
2672
1009
7153
3298
2830
631
6417
4535
4506
425
4202
5412
7570
6374
4343
3861
6473
3888
5402
7663
1997
4472
3995
2916
3584
4718
2411
4651
1794
5236
6346
1776
600
2244
5130
261
7420
111
7424
765
3685
5382
1999
418
4988
825
3044
6571
1082
6520
3386
932
1709
980
4412
36
5248
5079
920
591
6796
8011
951
1944
7682
7844
1494
6233
4374
871
6988
3707
3173
1990
1982
5792
5725
5816
2066
5024
3995
3687
5285
3490
6645
3161
4651
1220
4294
255
96
921
5013
3483
526
2138
2976
5086
3352
7744
6643
7752
6892
1699
2277
4005
1153
904
6415
810
5874
5412
3572
650
4892
1581
7956
6735
5798
1997
3694
1057
7570
3647
88
6608
1170
325
1366
2429
3473
7997
726
5118
4931
7518
1800
2041
4358
2729
2582
3607
134
2856
4475
4340
5547
4349
538
2339
2136
6796
6346
3229
2907
4114
7647
199
4858
3099
7319
1472
463
7518
2340
3263
3891
5938
1818
1635
6536
97
8046
1479
3789
2303
8030
6417
7596
7321
2024
6060
5275
6053
4202
5977
4609
4646
2223
4713
6460
3129
4815
4492
252
229
3832
3669
1357
6303
4467
3318
8001
7416
3639
5036
3486
6934
2010
6761
5013
5874
7154
7408
7670
3949
6290
7121
7989
6065
728
3286
331
3300
5747
7378
4620
4524
4887
2603
4523
2082
7279
1527
5123
3055
2243
925
1318
4531
6224
4101
4734
7901
4009
4837
820
6041
2027
5658
4096
4201
2729
6522
5344
3258
615
2644
1714
6907
1437
1850
6030
3495
7835
7362
6526
2181
7643
6563
4518
1916
4486
7779
3782
7049
5292
7002
3440
4150
2865
134
4505
2426
1068
7503
1435
6106
1884
504
457
4843
4857
2313
7079
4285
2642
7754
7303
457
7482
3762
7811
5764
7303
122
6599
4841
1155
4049
5805
5439
1443
7825
2128
7299
2679
2219
5527
4753
8046
4330
611
1130
3318
5162
1928
7493
1440
5962
2603
2660
4924
4916
5633
765
1025
2226
1862
698
5272
5249
7223
764
2441
2184
8035
128
4209
5524
4984
8088
6668
7976
6522
1682
6810
116
857
3318
4924
756
380
3010
7618
3723
1699
6663
1058
7685
6821
219
2016
7505
3058
2538
6906
3242
3262
6642
7816
4866
1061
4563
5760
6301
6883
1800
11
7934
7911
7142
4815
7819
440
1762
3434
8151
1937
4827
7240
3477
1598
2957
2016
6188
1552
5426
4524
6572
7078
726
2110
1584
2630
4281
5793
1682
7609
5375
796
3008
593
2547
5529
7821
3538
3921
6405
6940
6970
6907
4636
4048
4298
725
1852
3894
6384
138
5272
5644
7295
625
5633
169
5567
7057
756
5583
3708
6579
6499
807
6527
7990
4110
1784
625
2426
4270
1862
6326
2289
597
3921
4426
2423
5579
6820
1736
8039
8038
2512
2553
5608
1207
6091
7079
3865
6898
3180
4996
910
1466
1434
4897
4542
5920
2544
8073
3810
522
6616
217
3750
4070
6193
5871
7380
559
4667
5051
155
7827
5725
1584
1683
625
5380
2277
1048
6069
4675
715
4037
2082
1241
711
1440
6198
2320
5672
3892
4383
7527
4978
1939
1316
3813
6853
3676
1523
5801
607
5036
1435
1067
1064
1699
2649
180
4340
3258
725
4266
6796
3010
5545
4081
3469
5201
5632
4007
6034
6246
4053
5428
3614
6377
3548
2560
43
1618
7149
2441
3084
2131
4008
6968
4815
4986
3885
5636
5546
4736
8091
6951
3021
3392
1934
6560
2002
4528
3118
5238
2030
4528
3179
5530
2513
97
4775
4585
4644
4722
7057
1997
2034
5236
7979
6853
7923
4096
1973
5113
6650
6594
5222
5942
1473
8152
7895
2255
911
5599
4400
5853
2246
7384
2027
140
643
8175
4708
563
8086
2958
4007
2328
4335
2318
4925
7028
7144
1926
1584
853
3319
7827
4031
5148
469
5223
2601
5621
3755
7615
2675
2712
1777
1795
4753
7861
2465
5583
2186
5439
3506
5579
1029
1452
1155
7570
4652
1685
2696
8191
5837
2134
288
758
4788
1982
5672
3061
5185
2889
6203
5444
6071
725
3136
4723
5649
1667
2671
7583
3319
1155
5749
1794
2648
7598
138
6818
340
347
5227
3579
3536
5403
2080
4201
6189
1549
5672
3313
7494
1672
4489
1667
1961
4285
1620
3077
3678
1990
4940
6517
3538
1425
26
5904
6708
7205
7591
6294
8075
331
8152
4917
1896
2496
8160
1085
7452
1939
5748
7482
5942
896
3266
3434
2209
6572
1060
6992
5489
2260
1939
6849
4609
1765
7615
2022
5236
1090
4641
1524
6117
3720
5115
575
4713
6672
5143
3542
5494
8081
3100
4792
8081
914
3402
3257
5984
5871
4214
5691
5744
1845
6031
3486
4194
7262
2296
3207
3821
2133
721
4475
8025
2533
3797
2463
7888
1051
7492
1565
3666
2716
7593
7336
869
920
83
4514
3124
8081
2146
5476
1944
4341
2661
4568
4349
2834
6784
5798
215
6041
1023
4735
4120
7582
6279
5451
1523
1523
4594
3888
4192
3789
3741
1200
470
472
7909
5831
3304
6290
7380
617
3732
2402
1944
6441
4367
148
4329
6997
2464
7246
4492
6059
3600
4616
5835
4442
3625
1620
568
7615
6240
1998
4569
7779
3191
3389
7823
3621
1279
1859
5048
4478
1690
4150
7615
4880
6571
538
2811
4700
7389
631
4958
3850
4651
6031
3835
211
6053
1343
6973
5013
2444
5344
6677
7236
1776
1845
4729
1404
7301
4472
7887
472
1739
7013
2136
5048
7781
425
3240
6385
6332
4202
1944
6791
5928
3004
600
3095
8160
425
4644
1944
5013
7901
6677
215
6447
8143
4329
7415
2777
1523
5997
170
825
6384
1565
7596
3541
1075
7419
4522
2958
7901
