0
0
0
9
12
0
0
2
10
2
1
2
0
0
0
0
0
0
0
0
0
0
0
0
0
0
0
1
0
0
1
3
0
0
0
0
1
0
0
0
0
0
0
0
0
0
0
0
0
0
0
0
0
1
1
0
0
0
2
0
0
0
0
0
3
0
0
0
0
0
0
0
0
0
3
0
0
0
0
0
1
0
1
0
0
0
1
0
0
0
0
1
1
0
0
2
7
1
0
0
0
0
0
0
19
5
0
10
3
3
0
0
0
0
0
1
3
0
0
1
1
1
8
1
0
0
2
2
0
1
1
0
0
0
1
0
1
1
3
0
0
1
0
0
0
0
1
0
1
0
0
0
0
0
0
0
1
0
1
0
0
0
0
0
0
0
1
0
1
1
0
1
0
0
0
0
0
0
0
0
0
0
0
0
0
0
0
0
0
3
0
6
0
0
0
0
0
0
1
0
0
0
0
0
8
4
8
7
7
3
27
0
5
2
3
3
1
22
2
0
1
11
0
1
2
9
0
1
0
1
0
1
0
0
0
0
0
0
0
0
0
0
0
0
0
0
0
0
0
0
0
0
0
10
0
0
7570
3004
1523
4270
907
4609
7978
4743
4609
7039
1821
7902
1680
4796
7781
4475
6481
4207
2986
4712
202
6321
5343
5385
5019
6761
7094
6945
5010
4442
6796
897
5398
7871
30
4207
6708
2303
601
4334
2548
7819
4569
7380
845
1917
764
7277
4109
2676
6384
3585
5010
5143
3571
4383
2441
2405
4609
7051
7424
250
250
5165
5537
26
7435
1020
7258
5902
2500
7885
280
7451
2377
4553
7269
2821
167
8068
7286
3415
7657
4028
5730
764
5092
3085
254
5077
7910
8030
4242
5048
7679
2995
4442
6770
4634
5764
1217
2405
2835
4667
7806
4365
2318
1204
4858
3750
438
3707
4172
3946
8152
7059
8123
6618
5784
3386
1385
3402
3443
3386
5092
3936
6868
7941
6635
3225
6306
6327
3934
607
6831
79
6507
4258
5687
3140
5863
4075
6251
5400
6331
263
2246
4273
679
3113
1809
2254
5244
729
7256
7162
5351
1217
1158
592
7118
7063
5997
7984
2494
7987
75
3789
5804
4554
2945
896
2343
6441
4811
2272
7622
3029
4135
4153
4686
1436
705
252
6592
3224
1979
2676
96
5858
215
4522
6895
4830
2002
4880
6552
2501
3211
6810
7243
906
2960
2867
3274
1535
2128
5473
5862
5793
2050
6244
2756
4743
257
3841
2504
737
671
8143
4224
5013
3022
4735
6384
825
6357
2100
5800
7377
5127
5314
2727
1100
8046
437
3432
6750
1990
1869
5602
4864
3008
510
5420
756
5123
7912
7428
609
1850
7910
4016
3483
6481
5999
6753
914
1748
3483
4075
3314
2303
4055
7235
3720
5301
4575
4425
2273
6821
399
7416
769
3992
1061
5473
470
7939
5800
6987
1907
5558
1748
1029
1473
4209
1440
7673
4089
5997
4293
3891
5563
910
6884
4216
2726
1645
6983
6393
4263
3686
1162
3765
1357
294
2710
3885
1869
2982
7432
4531
5602
6365
754
6198
5322
4099
47
1224
7716
6767
318
632
1327
3055
4293
7451
924
5161
3834
4939
5549
3316
2170
1913
3834
7054
7402
1749
527
2381
358
3279
3560
1138
6490
737
5623
7673
6635
4892
7670
6338
4209
679
1048
3980
866
4880
2444
1789
3257
72
122
5140
7037
2023
3859
5583
1994
2982
3153
4357
4001
4281
342
7939
1972
1263
5459
6553
2676
3572
7910
5133
6493
2685
2252
725
933
6498
5970
743
7330
7079
1486
8014
5473
1635
3760
7912
7136
5830
5804
3996
3191
54
6290
5233
1783
3476
540
1576
960
6227
2681
7526
1989
1905
5938
747
5347
3654
2663
4382
5350
3760
4209
679
4662
7071
4899
1551
4195
7085
4149
6851
4749
5097
1266
3288
2272
527
6830
200
4194
6271
3542
2762
3090
4390
2512
227
1241
5123
769
5461
3024
6911
7166
5217
5115
5804
62
3743
6493
6970
457
5862
5281
7797
5913
3170
1646
5800
118
3207
1523
425
7371
3560
3083
7517
1429
2849
24
4339
778
807
3760
556
5883
2011
1635
2337
2820
2273
3859
7990
3760
4285
3587
7253
8038
1436
409
6939
3875
1348
7419
916
5065
75
7486
3318
1048
1532
7797
7797
4330
1137
6040
1366
4011
479
2208
5516
3232
5419
2949
540
5637
8038
7309
3683
6405
2273
3261
6859
5036
1734
3816
3004
3279
5806
4173
2504
3191
747
5785
3980
2208
4014
1130
6405
5704
1357
363
435
7057
1635
4524
145
2715
574
2253
7552
5519
440
3164
5072
769
252
3166
6708
6553
1886
666
320
7178
4801
5426
153
4731
6572
1566
6092
2501
3272
2179
217
7125
815
6851
37
8091
677
2715
886
5637
1850
109
705
4075
597
1948
6945
240
5931
1304
7682
1204
6262
7958
7752
460
7299
3353
540
5529
4958
3261
2675
1472
5991
7486
4749
7416
6939
2506
1817
7995
815
723
6630
8152
7788
5447
740
769
5455
5499
43
2226
3197
4743
1989
5657
4916
3762
39
6234
3318
3238
7821
7835
6898
4916
1990
3760
4273
4281
1134
7428
2049
6710
7979
7396
2442
4202
1035
702
6821
1552
5563
442
1699
6027
7177
4342
3813
938
3164
7243
4096
2791
6580
7242
6450
227
5785
8068
504
1850
1989
6892
1298
658
481
5714
6650
8080
1787
3741
3666
8094
1775
3143
370
6630
4353
6198
7549
4944
7
2838
3167
5154
933
1139
903
1366
6474
7387
4801
719
7004
7915
507
1817
4406
6590
4718
2343
348
2066
472
4081
4548
3318
6940
1129
6262
5844
1105
2544
6040
1395
4005
2219
5811
7081
206
1064
2138
4811
1462
281
4358
1241
2863
5856
2048
695
3806
4242
5077
3071
5756
2465
89
4353
1907
3452
4869
7234
2727
275
5584
3143
3628
3859
5924
5626
1682
2849
7059
3130
5176
2380
5199
5723
1618
3222
4216
749
5176
7012
7223
2325
1776
7451
5506
586
4149
2401
4699
434
5602
3421
7852
1869
1462
6364
5398
7592
5747
199
7125
1581
4452
6592
743
8014
3452
2050
6818
4390
3842
6321
2325
5292
5326
2657
7468
2496
6525
409
7486
6070
5669
5629
5796
2246
109
3707
2308
92
1404
7996
5723
5856
6124
990
5669
963
5530
6776
1443
5176
960
1057
5643
7972
4074
5445
471
7418
684
1236
6256
2426
1241
6861
3664
2033
4259
4738
3713
7929
209
3491
3617
4801
5499
1862
674
3054
1740
7816
3098
1473
1988
2905
4522
6366
3240
1672
3947
5730
740
568
949
6980
1667
1817
7234
6504
5527
4076
3105
1967
3712
263
3523
1400
6137
5146
2922
3046
472
472
4413
6355
2022
7924
5364
4572
592
8025
2843
7110
35
916
3835
4762
1298
7297
869
5999
3995
5238
3712
2281
1532
869
3038
6355
2313
7679
1105
649
5756
4236
3536
4007
4570
6553
4233
7613
5594
4853
4340
526
1238
6393
7908
6271
7545
5428
1184
6053
7096
328
4014
4483
3271
4641
6226
2474
2533
4153
5687
5173
2057
7256
2285
2938
4207
1133
7143
6724
6552
1176
5350
4651
4293
3835
3988
4835
45
559
6587
6945
3402
2303
7451
182
1698
4472
4812
1769
763
30
8030
6571
1929
2645
2166
1076
4651
4379
