0
0
0
10
11
0
0
2
10
0
0
1
1
0
0
1
0
1
0
0
0
1
0
1
0
0
1
1
0
0
0
1
0
0
0
1
2
0
0
0
0
0
0
0
0
0
0
0
0
0
0
0
0
5
0
0
1
0
1
0
0
0
0
0
1
0
0
1
0
0
0
1
0
0
2
0
0
0
0
0
2
0
0
0
0
0
0
0
0
0
0
2
1
0
0
0
7
0
0
0
0
0
0
0
22
1
0
8
6
3
0
0
0
0
0
0
0
0
0
2
2
2
9
0
0
1
2
3
0
0
0
0
2
0
2
0
1
0
3
0
0
0
1
0
1
0
0
0
1
1
0
1
0
0
0
0
0
0
0
0
0
0
0
0
0
0
0
0
0
0
0
1
0
0
0
0
0
2
1
0
0
0
0
0
0
0
0
0
0
4
0
11
0
0
0
0
0
0
0
0
0
0
0
0
13
5
10
3
2
3
31
1
1
3
2
1
2
13
4
1
2
12
0
0
2
12
0
0
0
1
0
2
0
0
0
0
0
0
0
0
0
0
0
0
0
0
0
0
0
0
0
0
0
10
0
0
4609
3196
4707
389
272
3433
5166
5608
7258
7995
1024
5911
2830
7726
7806
4112
7171
1029
5272
263
7886
2950
4533
825
2272
1789
783
3667
7640
2532
1411
8021
1075
432
254
6563
684
4339
266
1564
1716
5890
4634
7196
932
4263
460
2512
5833
4881
8046
7061
3083
683
2791
8137
2648
3748
1576
2219
1466
2727
832
6393
8023
3158
3153
4668
2552
14
6409
8065
2219
6761
6578
5785
4326
3999
1025
7012
5997
5536
2679
6989
1196
5048
764
1928
7617
2513
1627
3278
3909
6737
1566
5877
8151
5423
6561
5982
2576
34
4568
3976
8030
558
5099
5706
4735
1453
2462
3184
2271
684
1775
1666
746
1231
6770
2130
55
8139
4295
7517
7380
2686
2464
5063
46
5608
4707
3755
6583
169
4340
2937
7162
1056
3780
4875
951
3911
1733
4766
5715
6720
865
3748
2538
457
5838
5064
1544
4291
4648
6828
6353
5079
999
3682
5731
5279
2405
6791
1139
2547
3307
7003
6824
392
1988
6845
4887
1453
1452
1607
6082
4017
5739
8094
1874
5086
7591
7810
416
3504
2679
134
167
6276
7405
6121
5351
3405
2850
2496
4428
3038
5933
3271
363
4472
1698
243
1003
5259
4390
2402
1988
1241
2199
6338
3732
7583
3572
5225
3701
2513
6796
7755
4153
785
3576
4094
4202
7886
1971
1588
5778
204
6737
4214
7912
7984
7827
2922
3120
0
1490
6952
7125
2048
5199
2521
7810
2470
2308
304
4735
3899
4569
6104
1457
7010
2671
3661
8148
649
3504
1650
7907
6759
5354
5113
2016
5385
7691
3460
3867
5511
2144
3967
3314
5669
7608
2138
1869
3984
4075
1349
928
5227
1607
1115
5699
8031
4510
1769
2862
4238
6104
3790
3378
7936
3729
8040
8025
4899
1581
2144
409
5563
2720
370
5853
611
4173
2544
6991
370
642
6774
2243
2493
255
3930
3956
3419
1068
7921
7723
7435
2777
389
432
340
2062
5222
4000
8023
4926
6701
3143
4075
2753
2194
6014
8114
6331
4459
2849
3616
310
2154
7519
5818
909
4531
7332
7260
3469
6437
7154
7219
250
536
5104
6510
2499
1485
795
7543
2922
6135
2924
4481
4800
7195
6220
2082
574
1061
8038
2154
4469
2401
3915
1646
1216
5168
5459
212
4708
1658
1709
369
4548
5595
6796
7492
6760
6307
4027
1032
2418
7235
4317
6843
2254
1196
3491
3024
5123
2791
7519
493
7195
4749
5993
519
2594
2144
5563
4723
6818
7533
4881
2907
2139
5679
7178
3282
5143
591
98
6583
7723
6276
5754
3572
6557
370
6893
1998
3156
6774
2952
6859
6013
6014
1327
4358
5583
2451
7612
7273
5482
7119
5364
87
6000
4348
7110
5277
7135
5403
6436
5292
5975
1606
1633
729
7831
1068
7750
4299
5762
1436
318
3683
7004
6220
938
6220
7685
7185
7912
5218
790
5191
7163
6361
831
4165
5627
4232
4317
6511
2979
5276
475
1010
4319
4885
6311
2082
3054
4391
4459
4088
1357
3008
2863
3325
319
3579
4076
7309
5034
4218
3729
635
3515
5273
4147
5650
811
1182
1621
4484
297
4434
769
2052
1134
7313
6224
2273
6220
2937
6839
4195
5762
3765
6331
6014
8107
7939
2226
1471
5199
8179
4440
2229
7011
695
7740
2894
5998
7154
2799
3179
3320
2106
3251
769
7125
6403
679
4738
7799
1913
2532
6970
6851
5036
2594
6331
815
3996
153
2872
1436
2289
3353
2496
6724
5514
5338
5998
332
5993
1853
725
1769
4400
4689
5801
4674
2685
4573
4588
3996
92
3669
7195
6444
3491
4356
2952
1134
378
3973
2685
3164
3579
4299
6168
491
341
1195
8176
3824
4935
2513
575
7905
1774
167
4240
2872
7372
770
632
1527
5938
2952
574
2956
6013
7125
6375
2308
7572
1138
7599
3875
5520
3066
1266
4339
4729
1824
2030
4477
2119
4291
845
4491
4575
6363
2255
5865
7620
6569
3024
4022
2037
5344
3709
5131
2451
5809
611
551
268
3461
5762
4738
1108
2008
2796
3347
6027
2351
5619
7325
6215
3280
7570
4950
2999
7970
3029
1410
2715
6102
5938
2116
7372
140
5896
310
4769
6331
3261
4075
743
6987
4076
370
589
6389
4718
9
4833
2313
450
2639
6778
4852
574
5472
5979
4238
7255
6950
2270
3294
6103
254
3932
4281
1170
2949
5400
2226
4357
5563
5663
3307
5764
221
7746
92
4329
1453
7594
3810
2130
1824
1650
1706
2263
744
5013
450
6587
1581
3345
473
2112
6990
1068
2471
5459
2154
7894
6507
1025
6859
7791
1465
487
2337
6844
3610
4888
4350
5376
7078
272
2219
5335
4718
2284
262
6926
4092
835
3200
4528
4796
2166
5438
3851
2043
383
3514
5993
1856
5642
3117
2010
3996
418
2168
3120
48
5351
3432
7011
2410
149
3674
7230
1978
6041
215
2289
7984
2613
2541
2421
7722
6980
3495
7716
0
4528
2856
479
2592
2411
6365
221
4592
4858
3022
1209
2271
4618
908
6210
933
3407
1774
4702
4830
5290
3389
4334
4619
4150
4881
5419
2987
960
4492
925
4809
331
1023
1709
2457
7190
3647
1786
2948
4016
5344
4406
1694
3433
2736
1035
1043
4419
7827
731
5130
5019
6615
1129
1224
3136
705
423
2533
6884
80
2374
5748
3617
1932
6615
7753
4120
4384
4609
7022
7784
3934
681
7218
5225
1664
8106
2465
11
7176
3712
4716
2671
109
1037
4721
6415
4851
684
5332
1698
7419
4343
2907
4914
2773
4194
3007
799
943
5279
3494
1698
7745
1234
1527
1824
7269
4060
7191
2798
7894
3594
6940
649
1852
7236
4475
1430
6252
7645
6450
928
6411
3732
5896
3701
4712
2458
5975
6636
2939
2934
4800
2002
2894
649
4578
2934
8135
4475
1238
7344
575
4182
3077
5403
3682
3576
3475
1900
5343
1830
2654
1049
7784
320
683
531
722
1042
4273
5031
5321
662
35
6831
6041
1767
3651
1319
7093
369
7484
1075
471
3391
3710
6761
7011
4164
795
6361
606
411
7419
4422
2679
272
5998
2441
3253
450
2009
142
5160
8004
2987
7548
2741
7679
2459
2907
