0
0
0
9
0
5
0
2
8
2
0
0
0
8
0
0
1
6
0
0
0
0
0
4
1
0
2
0
0
0
0
2
0
0
0
0
0
0
0
0
0
0
0
0
0
0
0
0
0
0
0
0
0
0
0
0
0
1
2
0
0
0
0
0
3
0
0
0
0
1
2
0
0
0
0
0
1
1
0
1
0
0
0
0
0
0
0
0
0
0
0
0
1
0
0
0
8
1
0
0
0
0
0
0
24
4
0
10
6
7
0
0
0
0
0
0
3
0
0
4
0
0
5
0
0
1
1
1
0
1
1
0
1
2
1
0
5
1
1
0
0
0
0
0
0
0
0
0
2
0
0
0
0
0
1
1
0
0
0
0
0
0
2
1
1
0
0
1
0
1
0
0
0
0
0
0
0
1
0
0
0
0
0
1
0
1
0
0
0
5
0
6
0
0
0
0
0
0
0
0
0
1
0
0
9
2
7
4
4
6
25
2
3
6
3
2
3
22
2
1
1
10
0
2
0
3
1
0
0
1
0
2
0
0
0
0
0
0
0
0
0
0
0
0
0
0
0
0
0
0
0
0
0
10
0
0
6925
3493
4274
1767
6063
1680
272
2705
5731
4841
2500
843
3597
4535
1177
3320
7642
3214
4509
272
3352
2509
5118
7198
5205
4798
3666
25
6823
726
2665
2131
335
5203
466
2880
6450
6409
4273
981
1200
7902
4969
3483
6890
6594
542
7332
4274
1732
6053
400
779
5223
2544
3719
6852
1450
7155
1249
4776
7067
93
3117
1598
3814
6198
1600
2626
5273
7205
6737
5378
1248
2642
886
777
2711
4616
283
644
238
606
1854
1344
2916
2271
426
966
1679
6340
3092
6691
7357
7034
6374
2869
6292
1513
4927
708
7313
1217
6749
2708
280
210
1777
951
1220
246
3481
3046
2080
3669
3954
1978
5611
5801
26
3842
3721
5888
2308
5731
2339
4387
355
5293
3810
4568
4412
2498
7591
2645
1785
992
5576
6997
7519
4533
2199
3045
890
6063
3028
4704
1760
1200
2361
5158
6192
6053
7777
6393
7679
2889
2773
7910
3364
4003
7710
5035
7592
4600
2067
4106
1147
2004
2844
832
4416
448
7078
7570
5265
1219
4262
535
4646
1443
1998
2553
2086
5891
7887
3449
6756
46
45
4519
7039
3118
1218
7738
6710
2533
6246
684
2442
729
1439
2165
2791
1498
795
750
2152
2354
4814
4110
6500
2181
6940
3481
4322
5024
1012
3113
1588
2157
6945
5628
4504
3744
7447
5302
1420
842
4561
3608
5209
6013
2378
6244
5840
5856
7757
5708
4412
4245
1833
4110
6154
3857
4343
5580
460
2214
4009
2130
126
5301
7297
4578
2252
4315
5513
7177
759
1459
6556
7765
3304
89
6174
749
168
352
6120
1101
4704
1008
1101
4947
3866
6157
4958
4666
966
5023
5791
1482
4174
2854
4759
5290
1275
1534
5649
2582
3439
6251
4294
1081
5707
4981
7548
3428
2356
6159
485
3675
6400
5532
1722
1894
6443
4961
3114
5332
2487
3571
6908
4172
853
5516
558
5092
5857
3120
5721
405
4883
6171
4123
7859
4345
4864
5123
3969
5409
2052
1337
3698
8122
5657
5841
5670
2036
6443
4300
4331
3332
4736
2223
2120
7121
4303
2951
2286
575
5997
7913
6513
3666
5184
7381
8059
2884
1953
1695
1652
41
610
5571
3256
2294
5612
2014
993
2734
2427
7497
4792
1535
4830
2498
5000
3445
1815
2498
5898
3666
2008
7884
1453
7191
2369
7600
3289
266
3995
6007
605
1099
2324
1894
5571
2847
6998
2364
217
381
6010
5366
1326
3869
4734
3326
4479
2975
1253
7836
6311
1157
7146
4560
6307
769
3445
3442
2359
5954
4248
4820
1894
152
1718
868
2985
6007
4429
448
6929
4683
4974
2847
3104
5274
6583
4809
7388
7779
446
8190
4461
3960
3883
110
7699
2506
6835
5237
8096
4839
3276
1446
121
7046
599
5088
5873
7804
4319
2576
1048
5029
2390
6670
3604
5740
4147
4431
446
3192
1593
1675
7253
2462
7647
6626
5167
4019
1089
7040
7791
3995
6759
721
1858
4756
7637
6854
3985
4622
2968
1595
1761
6322
3881
4974
3975
4962
660
4957
5984
4718
249
8191
2185
1090
5756
2013
2402
64
491
7271
3399
2671
5352
5786
4550
152
2324
6832
6018
7859
502
7252
1628
2517
6961
6716
7903
4846
6756
903
7443
4774
6183
4751
2963
858
4791
6776
4295
1940
1056
2562
1027
2383
203
3327
7907
467
1101
4683
868
7864
7005
3546
1950
7667
4961
856
2847
196
4962
5951
2361
5079
790
1462
722
1139
5146
866
5806
4333
4388
1184
5238
1637
1600
1693
4844
1898
5908
7452
4666
485
152
4566
3187
1101
1307
5256
2908
1673
3178
5209
6057
1947
2497
4836
5921
7371
887
311
7757
5701
1506
6698
440
9
4604
1031
2047
4467
2339
4655
1782
767
3770
5474
6333
4891
5946
6715
5908
6581
2100
829
5338
6978
501
1376
5720
6310
116
1730
6235
3348
1179
7214
7040
824
5702
5629
3115
3307
8148
7647
1360
6541
6748
6156
5662
1718
4715
3675
4961
4963
5636
1289
2764
6464
5156
3719
5915
1151
2638
1961
3403
7861
919
341
4851
5434
2110
6445
1815
4088
8143
6672
2129
4196
5033
8026
5257
1719
3866
1483
1182
7053
5725
5611
1567
7218
1345
2120
6083
2115
1443
3171
5684
749
3367
6131
3995
324
6407
5668
4390
3560
4690
1442
2004
6189
562
4
4283
1633
3187
83
4065
6700
5309
4114
24
7432
6346
63
7645
3858
2577
4478
4551
4400
2943
2445
5725
1129
5847
541
2015
3838
5434
6681
5086
3367
2052
913
510
1084
4468
7948
210
1940
7624
5292
4807
3067
4375
7436
7051
2541
7732
1287
3684
4521
1039
2652
7457
6776
1952
7362
156
6075
545
6114
607
1570
5228
2995
7416
6739
26
4286
6493
6989
2698
7586
3534
6419
6871
6319
633
948
5735
1958
3849
142
3187
4943
7902
4194
8048
1434
5160
7684
7756
2453
7624
4229
4050
4339
7214
4779
5202
3576
3948
2720
3083
2009
1938
6672
2059
868
2925
3141
7915
5748
5235
1382
2538
7207
5790
5531
3074
4584
462
410
5458
5985
4511
2808
111
7922
1513
1150
4774
323
2123
4301
3840
720
7256
7123
7015
7220
5338
4190
8061
6844
3348
4222
5472
2009
1040
7518
6756
1842
3659
1443
4359
7201
4771
1324
1150
3828
7795
3851
8127
3811
2530
2149
1956
6493
1588
484
1697
7757
61
4441
915
7039
7304
6721
4174
7059
3469
3616
1354
3802
971
1469
5273
7115
7886
2887
4106
44
3595
6521
5050
1339
7015
1343
3600
5368
4731
4374
1304
7706
7570
7884
2175
428
6396
1119
3793
2137
272
7818
256
3694
6291
4056
4234
2923
6137
8048
3148
4449
5276
4845
8041
3802
6125
4546
3267
2691
7496
7070
7902
4366
5712
5020
7780
7177
5456
1159
4397
2771
744
6841
2179
5715
729
7801
5383
6176
6613
2362
515
6222
3487
1173
5427
941
2458
2114
2009
947
5869
4593
4580
6438
2975
712
4863
1053
4065
7174
400
2831
5209
6208
5039
1511
5816
2973
6817
7499
698
2707
3492
6599
10
4080
3483
2654
3144
7902
4950
5569
6070
3297
6902
5244
7861
2009
