0
0
0
9
0
1
0
2
9
0
0
3
0
1
0
0
0
8
0
0
0
2
0
5
0
0
0
1
0
0
3
2
0
0
0
1
0
0
0
0
0
0
0
0
0
0
0
0
0
0
0
0
0
0
1
0
0
0
3
0
0
0
0
0
3
0
2
0
0
0
0
0
0
0
0
0
0
0
0
0
0
0
0
0
0
0
0
0
0
0
0
0
2
0
0
0
9
0
0
0
0
0
0
0
22
2
0
6
5
6
0
0
0
0
0
1
3
0
0
5
1
0
2
5
0
3
0
0
4
0
0
0
1
1
2
0
10
1
0
0
0
0
0
0
0
2
0
1
1
0
0
0
0
3
0
0
2
0
0
1
0
0
1
0
0
0
0
1
0
0
0
0
0
0
0
0
0
0
0
0
0
0
0
0
1
0
0
0
0
2
0
11
0
0
1
0
0
0
0
0
0
0
0
0
12
1
9
5
6
11
29
1
0
3
3
2
2
24
0
3
0
10
0
0
0
4
0
0
0
1
0
2
0
0
0
0
0
0
0
0
0
0
0
0
0
0
0
0
0
0
0
0
0
10
0
0
4692
6134
5867
6124
2489
5689
4491
3504
4291
4881
7143
6447
4698
684
722
1129
746
4741
1472
1929
1129
7592
4291
3790
5997
5874
4291
5332
3457
1217
2379
6124
7785
1822
109
109
740
3666
4950
7910
1087
5272
1576
7049
820
4521
7064
5086
7219
3992
7691
169
684
2679
5833
5627
3167
5364
2271
6735
7755
7061
1129
3305
8014
2922
4270
3443
2405
1522
139
5144
3358
5801
1279
6645
1767
1129
1017
2613
3276
4192
5092
1415
8030
3682
7997
1430
2137
6735
4340
6660
3245
4211
3460
906
2907
8073
3440
2130
7405
8018
4854
5144
3681
5412
4950
1029
6735
2015
7739
1253
7442
1900
1129
320
4291
5998
5398
4482
1415
3642
1046
3358
5810
3115
5133
7135
7258
3584
3205
2015
828
5166
6699
3563
4726
7344
845
649
4881
1048
1544
6876
8190
1040
4521
6307
684
5403
7384
1900
1522
2137
4339
6776
2119
532
36
335
4950
6438
5314
2373
4975
381
2998
1337
4473
7108
845
1115
6082
3196
7011
320
1415
3051
6827
3186
1048
109
2137
1129
2120
3348
5636
5374
4280
7056
963
5560
1620
2907
6533
2493
2652
618
5786
24
1482
1695
4066
7480
6791
421
4243
7527
5251
3909
3717
3153
5143
1048
2015
7415
2772
6450
675
4039
7442
5177
4461
1272
4266
7706
5288
1900
3558
2023
152
7865
6723
6928
5666
2440
5476
1042
6999
3328
5251
2251
4716
1029
2252
169
8151
2922
7279
3391
522
2753
2929
7067
84
2903
3850
1802
993
5857
7082
2466
3971
7036
1179
6569
4359
1337
2998
2508
6908
1847
2056
6133
560
4291
7155
1846
6228
205
2444
3684
217
2265
1079
699
6788
1289
5799
4153
3131
381
2869
575
661
152
3880
5985
3006
2998
2998
826
1619
2088
5088
8032
5484
3738
7793
2946
3879
6369
6247
8060
7543
4022
1937
6560
7560
4805
6897
5337
2008
796
7389
743
1923
7903
4256
5358
5990
7091
4645
5870
225
4537
970
6676
6944
41
6112
3236
4094
2663
7109
7042
5335
3571
7739
1521
1564
1017
7091
1898
6721
4094
3809
854
2226
6123
1179
6166
368
3405
8067
5073
5774
4799
2766
868
4868
4304
4664
6565
5095
3376
4530
7493
7852
3186
3391
3288
6650
5095
6757
2998
2954
8092
370
256
5871
2260
2330
6503
24
2993
5418
3952
3738
3104
6715
7603
5592
1151
499
1923
933
2143
7609
4847
2229
7746
434
1275
3229
6895
203
6574
7752
1040
1534
7831
272
736
340
1644
6443
4618
638
6757
3312
3563
6374
7131
5073
6857
6305
1600
87
6121
999
6468
1531
1105
4880
3443
3732
684
152
4683
2708
2639
3775
288
3572
4301
2284
6300
1273
7113
370
7717
1841
1567
3916
2388
5946
3528
2861
7079
3800
2654
2442
144
753
2152
361
4600
744
4340
2324
2692
1101
3303
3298
6276
702
4478
7684
5998
6429
5106
5366
1077
3074
1206
3030
3312
2567
8077
2662
5115
7915
2091
5350
368
3335
4444
4331
6281
5248
3358
7198
6638
400
7522
5831
6188
4155
4575
3755
487
1692
4395
3612
2639
7454
3907
6723
5000
1000
291
6283
61
48
2654
7782
5159
2920
4314
5177
5434
4353
1009
6982
3150
2789
976
3155
1582
1620
1023
7611
5075
7133
1931
729
1719
1619
2086
7159
5787
4280
5859
291
5907
4947
1722
1858
2390
6174
2046
7944
4786
1430
4441
6752
7321
1502
2737
2510
4299
4995
1645
3783
2197
7472
6683
6938
3187
1673
1159
8168
2978
1533
4946
5768
5532
68
7214
6735
6569
6515
5524
6025
7747
6600
5653
1806
2993
404
4476
2418
2473
6761
5151
774
5868
6397
5934
3930
4803
1622
3419
3558
5424
2234
4576
3516
3160
4683
1551
4395
6366
7253
1247
7601
5694
650
5887
2974
5599
94
7058
2301
2318
2861
6187
5575
7214
1446
7449
908
2203
3899
6081
4810
5471
3131
1642
6928
1048
144
5106
1345
5162
8047
3649
5273
2576
951
4842
2522
6577
398
2213
391
6958
1626
5310
3377
2122
2712
5222
3169
5162
912
7595
2443
206
2318
5010
6371
1734
6668
1979
1753
4353
1522
1430
2635
8047
877
6706
41
7840
3479
4683
2056
1439
4395
6568
3447
7478
3516
4695
435
2988
3949
3208
3869
6462
2306
4333
7651
2478
7384
3186
6000
48
4353
1522
7507
2810
7462
1141
3447
6723
2627
7297
6433
1771
4992
1806
3826
2218
7793
3766
5907
3442
4652
2187
7346
1695
4868
1802
5963
5846
5911
4482
5398
2248
1395
675
5493
1601
2700
5380
7713
6008
6996
5043
1207
5774
629
41
3328
4398
4994
661
3219
1894
51
7763
6680
7487
7674
362
5873
767
646
7722
266
1584
5531
1717
3302
570
1499
8017
3330
8026
5663
6148
1466
7793
5846
1860
5869
2946
8113
2086
4576
3677
2505
7892
1717
4697
5073
7651
6551
1960
2382
7903
4830
5398
6075
3083
7439
6841
5610
6290
3479
1722
5323
4946
3866
152
4498
2135
5774
703
5614
316
4387
856
1265
3586
7158
6737
8138
6233
6549
1733
5531
7158
3571
3115
6724
1481
1457
7925
7238
5669
1718
3479
6699
942
1018
2129
763
6277
1446
610
4042
5907
3516
135
3084
1284
6648
6082
5707
7300
2303
731
7178
4998
258
457
5767
4154
2058
1065
5676
6182
1416
5496
3526
2133
4946
115
7448
7728
5708
1099
1223
7498
1858
5484
517
7003
5050
1990
3900
3171
7366
3974
2220
4521
5644
3314
7056
197
5825
2853
6236
1368
7380
3731
6818
759
5949
6011
7793
1018
6322
4938
5998
3190
820
3052
3738
6817
3765
6820
4804
2162
7823
369
5689
6777
2979
1479
1816
3623
7663
3119
547
5047
5257
2837
3389
4289
7477
645
2083
5252
7693
1283
5185
2406
6513
2377
6494
8005
3561
673
7234
4581
5984
3732
4694
1017
1253
5350
4771
550
6889
4825
3190
4328
5378
3098
3208
5660
7675
1018
6993
3023
720
5815
8128
5732
6107
4372
4796
2639
2581
5796
534
2922
2558
3003
7121
1272
165
2557
2152
5319
7811
951
6222
7900
