0
0
0
10
0
3
0
2
10
0
0
1
1
3
0
0
2
6
0
0
0
0
0
7
0
0
0
1
0
0
0
0
0
0
0
0
0
0
0
0
0
0
0
0
0
0
0
0
0
0
0
0
0
1
0
0
0
0
1
0
0
0
0
0
3
0
0
2
0
0
1
1
0
0
0
0
0
0
0
0
1
0
0
1
0
0
0
0
0
0
0
0
1
1
0
0
5
1
0
0
0
0
0
0
25
3
0
7
6
7
0
0
0
0
0
3
2
0
2
8
1
1
2
0
0
0
0
0
1
0
1
1
1
1
0
0
9
0
0
0
0
1
0
0
0
0
0
0
0
0
0
0
0
0
0
0
0
0
0
0
1
0
2
1
0
0
0
0
0
0
1
0
0
0
0
0
0
0
0
0
0
0
1
0
0
0
0
0
0
4
0
6
0
0
0
0
0
0
0
0
0
0
0
0
12
4
7
5
4
9
28
2
3
2
1
1
1
21
1
0
1
11
1
0
1
3
1
0
0
1
0
2
0
0
0
0
0
0
0
0
0
0
0
0
0
0
0
0
0
0
0
0
0
10
0
0
6066
4830
8135
6210
5228
7258
2283
5482
618
2677
649
3347
740
3299
212
2223
1140
3631
6892
6005
1281
1823
4804
2316
1720
944
550
55
145
607
3847
4166
731
4111
2277
7075
254
226
7171
1937
7176
727
7148
5106
3475
7172
5896
17
4276
7911
1241
7795
3691
8150
5222
1582
7556
6306
5133
5985
4774
2487
3995
7205
1582
556
684
1150
2483
3367
2186
1550
5951
3020
2915
6075
7886
1367
6262
1309
3212
973
676
2751
2303
7799
765
2165
2493
400
5050
7767
3469
3348
5576
704
3168
2164
6493
7510
8139
7491
2277
4880
6820
6307
7210
7195
1757
7980
5230
204
4270
1822
92
2504
12
4824
6835
4129
8013
5695
3398
3642
727
2169
6758
8018
2768
3728
7438
3086
2975
4596
6041
5809
5091
7048
2916
4198
4223
3854
1155
7733
6321
6703
5130
5739
3962
684
3245
2280
3968
463
6252
6167
91
4633
7976
2370
6229
2949
4060
5188
5897
3159
7680
896
8020
3263
799
8081
4217
3943
3392
1838
675
6458
7382
6265
7061
2112
2999
1042
1345
6461
5183
123
6001
2419
7932
7171
7524
6499
7194
4429
2407
3876
1082
7966
4496
2400
1155
5748
5836
2030
2900
3515
3706
4521
4552
5781
2950
159
8036
7893
3010
854
2641
2008
765
3235
6447
3435
4017
5272
6730
5185
3347
5197
6451
8073
2034
4852
6493
5551
3980
6697
2420
5371
7210
1661
6864
4420
7591
7334
3165
1349
7995
2942
1357
227
4406
475
6263
2750
7950
7570
5292
2420
8004
6608
4340
3224
6697
1364
3438
3549
6705
5510
5228
2768
1613
7954
1217
2925
2641
5357
2537
318
4947
440
828
4329
1570
974
7496
4836
1535
4353
1387
723
7916
5292
6997
1075
7679
3631
975
2014
6354
753
2407
7875
7389
55
1023
7171
2946
7412
5410
5336
6363
3432
4783
3876
4740
5767
297
5725
5226
1958
238
8069
7869
2254
4017
1105
3067
8083
3927
2105
7623
3191
329
2237
2028
1760
6437
3129
3673
1755
5365
1390
7991
7728
6683
4339
98
6068
2429
6304
7570
778
3044
7980
2539
1816
5445
1830
779
2770
408
1274
2440
4808
1927
2331
698
2244
3834
1896
358
929
2054
3608
1040
6177
535
6703
7371
7982
4467
6563
2303
1544
35
3742
450
1021
3695
8191
7633
4947
5110
2568
762
7713
3268
2400
5240
7785
1160
7236
6816
4223
3738
4868
2568
6881
3315
1986
949
1944
6973
3007
3252
7244
5796
2764
7093
7236
4478
2522
1761
3417
7168
5609
2931
2301
381
3072
4820
4873
4008
4053
7588
6363
6679
2333
7999
7280
7981
4402
65
2086
374
156
6068
2881
2634
920
361
1765
1613
1158
7570
4764
2011
1860
2221
258
3497
1813
2605
8014
6436
7800
3440
1250
3224
3020
1364
1788
4905
5860
4140
916
684
3051
5982
5007
2049
3667
3391
615
606
4312
5475
4916
2217
4868
6363
2993
7055
291
3152
2029
639
1176
172
3030
5609
3131
2382
3738
935
6348
7317
4050
5921
391
2513
500
699
1589
6756
7913
2610
123
959
7591
6780
3563
7000
2442
7082
6969
4705
4549
3152
7804
5799
5887
1782
781
7150
7804
7150
1896
7575
7746
7336
6517
7122
2707
8071
7452
88
1028
2916
5244
3022
2211
1455
1813
1018
2026
3988
3987
2399
3327
4378
2991
7150
1898
4969
5361
2656
1283
7220
3428
6443
5685
1347
471
5071
2254
527
4338
5701
1019
2684
5915
4464
6300
4808
3511
6434
6160
6857
603
3328
5132
1616
40
5774
7376
3566
7476
4856
1516
2900
3417
422
7452
2717
1749
4864
535
7676
6040
5099
6532
4452
4981
2251
4342
4808
3595
7376
2167
4946
7150
5869
4336
337
1722
1018
1652
3982
3738
2798
4460
7481
3328
1474
261
3510
2573
5726
1004
1382
3150
2192
2661
3433
8143
4011
6189
1521
2791
4789
7677
7150
7864
1099
0
6297
5243
2998
7308
7358
2874
2874
4798
5361
3940
7942
4623
3358
1129
4753
6233
7788
1087
1352
7300
541
2650
6488
3893
3218
2220
139
6841
2382
6692
5065
2083
4762
929
7729
3496
187
2482
1138
672
5226
4478
7884
4858
8048
8174
6346
2996
1917
1706
1443
6829
6185
3348
2949
2270
6189
708
569
1996
6287
6961
2319
7855
4235
6928
5907
6736
2269
1080
7719
1021
2907
2042
1445
3008
7732
2232
3762
2838
4426
7166
3286
1200
6749
8191
5347
4505
1932
4264
2421
5144
1652
4041
6566
6301
4200
4983
6699
6256
6509
1324
7389
5809
5475
3347
2272
8064
2215
1062
1103
5898
2707
4448
7015
3854
6532
6701
2747
174
2027
4864
7063
1281
1516
132
653
2525
4329
1914
1599
5847
3712
3930
4375
618
3642
2052
3495
7587
5732
3134
5045
7967
6288
2972
5532
2215
4655
358
2544
7854
3229
3047
3397
7622
2295
1794
3391
7243
5050
1338
6835
5682
866
3667
2525
7477
6185
7654
3472
1706
2397
2221
643
2393
1062
4322
6884
1714
535
3299
3676
4509
6499
1498
1810
5850
4939
3560
1497
7726
557
2027
919
4639
4951
4429
8127
92
1173
990
2544
5644
749
4084
219
3118
3022
2441
2697
2112
4698
973
3381
4655
2062
1029
2939
6535
1658
5024
3620
310
7967
6994
3353
3667
5335
2854
142
1971
343
504
1742
110
7976
4565
5542
4053
7015
6183
3280
3022
1697
6750
4618
2532
4242
1638
4022
5209
5877
5040
168
5172
6969
7059
159
6131
4499
111
3475
851
1346
6973
2063
690
566
1050
393
6686
1483
8175
2863
3252
643
2650
1555
8065
4099
1029
7344
2516
5511
3847
7613
530
4538
3668
4857
2254
7788
923
8186
7739
6281
149
3487
3676
4217
6948
6532
338
851
5455
4175
5099
2686
3351
137
7160
4551
3136
4722
7551
7797
912
5071
55
3285
999
1566
5224
6545
1048
3490
8021
5906
4106
1857
2576
3795
3974
5048
1799
1821
2737
5120
6386
6746
7893
1566
5705
6700
7013
469
924
2402
3783
7396
6002
4897
3473
7024
4846
7098
1989
5790
7138
4112
1864
3025
4022
5351
5601
