0
0
0
9
0
5
0
1
10
1
0
1
0
4
0
0
3
9
0
0
0
1
0
7
0
0
1
1
0
0
2
1
0
0
0
0
0
0
0
0
0
0
0
0
0
0
0
0
0
0
0
0
0
0
1
0
1
0
4
0
0
0
0
0
2
0
1
0
0
0
1
1
0
1
0
0
0
2
0
0
0
1
0
0
0
0
0
0
0
0
0
0
2
0
0
1
12
0
0
0
0
0
0
0
19
1
0
7
6
4
0
0
0
0
0
3
6
0
3
9
2
3
4
2
0
2
0
0
1
0
0
2
0
0
3
0
8
1
0
0
0
1
0
0
1
0
0
0
1
0
0
1
0
0
0
0
0
0
0
1
2
0
0
0
1
0
0
0
0
0
0
0
0
0
1
0
0
1
1
0
0
0
0
1
0
1
0
0
0
3
0
8
0
0
0
0
0
0
0
0
0
0
0
0
8
8
8
7
8
8
26
5
3
4
2
1
0
25
0
2
1
11
0
0
0
6
0
0
0
1
0
1
0
0
0
0
0
0
0
0
0
0
0
0
0
0
0
0
0
0
0
0
0
10
0
0
121
5073
2699
4849
7391
4641
121
2499
3851
1035
5530
4061
5208
7651
2610
6357
4784
2645
3266
2562
393
1736
533
2562
4061
7236
7866
1051
4061
4739
4834
5010
5530
1273
517
3581
7237
2129
7684
6593
4972
580
580
4502
6921
340
3581
7237
1384
3438
3438
7606
1053
7237
447
5720
580
2129
5010
4713
49
4873
238
5858
4652
7812
5010
182
5724
6593
6902
1291
7297
4873
4873
6902
1427
1784
5724
7651
49
1849
580
1291
6830
2453
937
7684
941
6790
4103
7651
4784
6698
7237
6357
5208
6790
7237
7595
912
2257
2402
1119
3482
5846
1926
7237
5756
6982
7350
7297
6482
7380
4727
6357
7297
5267
4845
4061
5267
5724
2296
6482
2192
1349
3438
4502
8143
340
115
5150
1384
1051
4664
4652
1678
6781
1291
4713
2562
7972
3002
4061
5858
4547
1273
4029
1242
4834
2699
5393
447
7695
3438
1119
7494
6170
6357
1291
340
1119
340
4641
5858
4873
3098
2860
7645
3916
517
2699
5150
6973
769
2699
1291
115
2562
3266
4061
7651
572
5254
2699
3438
4190
1343
1307
2699
4381
4061
3052
4664
6357
937
4784
4972
447
2328
2115
1291
3098
499
94
5393
1729
2941
5010
7866
8083
8153
2610
4236
8086
1119
1926
5858
7096
4365
1932
580
3438
4600
8143
4652
4784
6315
4784
2572
7888
410
5858
4261
7198
4502
5858
4820
8058
540
2754
367
7892
4229
5506
5748
1179
7874
5899
2699
779
8153
6482
7297
572
6833
2699
8058
4845
6315
2115
6830
6357
1119
4834
2296
3178
4333
4082
1089
4419
8113
4660
1736
2483
5511
7319
2296
3165
5073
6487
340
6613
3631
6482
6482
3916
3266
6271
4223
5846
3438
5846
772
558
7049
5724
2040
5393
2699
121
7647
6679
5418
4336
2291
3449
5949
3046
3438
388
2562
2133
942
6994
5073
4641
7684
4368
6348
7588
580
1280
340
2562
1119
2699
4641
1151
5858
8058
4920
4406
4794
310
3872
2305
5040
3890
756
6150
8058
340
2699
3615
5377
28
3513
1004
219
4061
1384
5846
597
8113
3483
5846
3438
49
499
6482
82
8071
5120
3576
3022
8103
7705
7746
4576
6248
427
4419
7072
2946
6244
8083
438
1932
8058
4652
4664
7606
1154
4008
1845
7599
2316
2650
121
4784
4713
2499
6191
2908
317
6723
7481
594
4492
2613
811
1693
3442
5083
1766
1092
7884
3100
1599
1736
3266
4061
2699
1291
8058
2509
4767
4492
799
8074
790
3599
7871
7871
5846
3327
1111
6683
1860
1737
1155
5482
3389
7474
4291
7257
7864
5533
4651
4160
1000
1762
100
3943
5546
4530
3145
2192
517
3082
87
6484
3120
2499
6493
6322
4578
1616
731
7907
731
3839
5801
5403
1046
3604
1677
2869
6263
3413
7311
4863
138
2861
3783
3046
3438
5963
4236
4419
7651
517
7871
5351
6285
4874
6210
3522
7864
7551
187
5880
4143
4223
3682
4651
361
3668
2168
5115
5626
2900
2268
5344
2995
5029
6335
5520
340
4664
2699
167
517
5775
1089
1688
2986
810
5475
4121
7308
1223
6172
391
6536
1119
2309
4594
4580
4333
7452
1722
2517
3738
7728
6049
6081
3046
1739
5842
3916
6482
6315
4129
4680
3165
7033
2071
4041
3563
1018
4983
1337
7308
3558
2582
7164
2482
3001
3352
7903
6485
755
7154
6723
1914
6194
52
2772
7007
1347
7871
7829
1384
410
3223
517
907
114
2986
1736
2021
661
5907
603
2222
7101
3702
7590
6160
8155
6563
5239
1633
1041
2203
7321
2086
6431
3419
7634
3817
1451
6835
3006
1659
340
6750
842
1364
3908
391
2215
2854
538
3868
5223
4740
3766
5323
6680
6669
2803
7083
1587
8138
1622
6543
41
3417
4069
1140
7411
3401
5408
580
7866
2699
5756
4419
5073
3046
3835
3066
4382
8103
2627
3833
7502
5859
1687
5094
5505
5184
424
2946
2269
316
5357
5323
3606
7987
5262
1624
674
4008
728
5073
580
6784
1291
5724
842
5549
842
4092
7121
3757
1743
6409
6488
3010
5774
6086
1704
2295
7481
5907
7150
7704
3563
7955
1718
4929
646
1984
553
4498
5071
340
5846
4972
3615
7049
2699
3046
2339
6514
7533
5470
943
979
5031
5574
5788
8026
6680
6692
1018
6090
6961
2301
6781
4149
3370
5575
6653
1960
7351
7892
5393
7651
6315
5073
472
4008
5073
4713
6150
3916
2699
182
3326
4920
2754
260
2946
3411
3330
2925
5474
2319
4141
5917
3479
1968
5596
4239
3463
3414
2707
5158
4498
2377
7820
4129
1429
5393
94
2257
5858
6770
2699
2699
1291
7716
6016
7642
883
8084
3893
610
3208
6177
6090
7005
4838
2070
2509
4618
6721
7916
6150
2499
590
6348
338
6128
4061
96
340
2562
5010
1423
6902
5393
410
2056
7079
674
8083
1736
6227
6780
4042
2723
5052
1852
3308
3133
1519
1302
6447
2760
6460
2478
4256
7479
7650
4641
4641
3861
657
2423
5846
88
1151
5963
4317
7005
1736
114
6186
5846
5954
7345
3606
2862
4949
5120
6552
3785
2491
1856
7650
3586
7583
6902
2699
1423
5846
2699
7651
7236
580
2192
5073
2860
4845
4502
2860
3851
1736
4713
1119
6271
6042
2470
4731
5450
6411
4498
4338
1818
1913
7345
5608
5073
2199
4406
5963
3438
3438
7647
5477
472
3098
4834
1154
3861
49
5418
4317
5393
4845
4652
7072
4502
2540
340
3742
3886
5903
7716
4419
7173
6377
1736
2331
3927
5393
698
1693
4845
4972
114
3266
4114
4834
517
4419
3057
3615
4652
5073
1736
2699
96
5963
3378
308
595
1699
4175
1594
6484
4641
3496
3022
2562
5073
5599
6186
3610
1736
1291
2699
7651
4502
5664
5450
1273
4834
5393
3148
4834
410
6357
8188
2699
8058
5268
5735
6980
4759
7855
138
7411
851
4804
472
5846
7651
3022
7651
2867
4641
340
1736
2115
8143
8143
8058
2411
472
6902
5756
4641
5530
4641
1739
1739
2562
1736
5450
389
4858
5344
4964
2499
7967
4920
799
4008
340
6371
3290
4834
4784
3615
121
2699
114
