0
0
0
11
0
0
0
2
10
1
0
0
0
3
0
0
0
9
0
0
0
0
0
6
0
0
0
2
0
0
0
1
0
0
0
0
0
0
0
0
0
0
0
0
0
0
0
0
0
0
0
0
0
1
2
0
0
0
1
0
0
0
0
0
0
0
1
0
0
0
0
0
0
0
0
0
0
1
0
1
1
0
0
0
0
0
0
0
0
0
0
0
0
0
0
0
8
0
0
0
0
0
0
0
22
2
0
10
6
6
0
0
0
0
0
2
1
0
0
6
1
0
2
1
0
0
0
0
0
1
1
1
0
4
0
0
13
0
0
0
0
0
0
0
0
0
0
0
1
0
0
0
0
1
0
0
0
0
0
0
1
0
0
0
0
1
0
0
0
0
0
0
0
0
0
0
0
1
0
0
0
0
0
1
0
0
0
0
0
5
0
10
0
0
0
0
0
0
0
0
0
0
0
0
9
5
8
3
4
13
28
2
2
2
2
1
5
25
2
1
1
10
0
0
0
0
1
0
0
1
0
1
0
0
0
0
0
0
0
0
0
0
0
0
0
0
0
0
0
0
0
0
0
10
0
0
4271
5224
1522
1624
189
1248
5739
1472
1554
4339
3443
5664
7090
4377
1733
6593
7113
1042
6784
2357
2484
3245
6829
5581
692
3189
5149
24
8047
5622
1176
2597
39
6366
4758
2425
3694
1163
4851
39
7442
1675
7028
7866
7688
675
1395
5254
7256
8191
3177
4535
7614
3245
181
8132
5417
2933
1289
1907
7722
2357
2829
3722
2426
1057
7757
5195
6202
3849
7613
4007
4703
2092
6202
3823
5742
3560
5374
5019
7301
1890
4489
1470
382
2635
2370
3696
3963
2740
843
3775
6005
2583
4691
2801
1989
1613
1544
5451
7227
1472
2586
3154
7507
5964
2809
343
8060
1114
7723
5744
5489
200
6724
3047
3515
6116
629
5914
7539
5339
2487
4493
3440
7176
587
1864
7691
2100
6903
7415
7861
3676
921
7888
6253
7393
4211
6672
2381
4729
5842
5798
5013
1082
7358
6983
34
3420
4679
7139
966
6600
156
617
6724
6193
5402
1163
3862
8190
5347
7227
248
8187
5504
4625
5273
169
1929
1778
7569
2057
288
6568
4165
47
3563
1220
7861
3559
3222
6210
1597
7281
7547
6112
6179
6179
4271
7415
2843
6889
36
2576
1277
5196
6735
1014
808
2913
1842
5531
424
5124
1464
1482
7931
5415
5907
4294
6005
5591
3428
7919
6533
5376
5671
3601
1136
4883
2691
6141
7520
4825
7852
6848
7729
1622
2661
6063
868
152
7188
2780
2925
1139
7522
362
2946
4947
2399
6176
6208
7088
5092
1639
5986
3347
915
7786
7002
2397
5041
3085
933
6735
7034
5990
6699
6723
6330
7275
1377
1813
8071
1732
5726
4665
7622
1720
2222
645
2946
7702
3609
1382
2227
2783
1652
6475
7207
1675
1707
3825
7938
3722
3186
4492
295
5012
3241
5774
244
4353
3433
2687
291
7742
3021
7640
6864
1793
3213
781
3328
4545
5609
468
3131
7729
4926
3245
6120
5000
2357
5622
155
2248
2429
4077
2336
7384
753
4778
2922
1660
460
1826
6298
6857
7377
7187
8138
3708
4031
152
4121
1725
7589
3138
175
8076
3684
733
6562
5373
172
545
6237
8023
2374
925
7188
4273
6437
4141
1145
6721
164
676
1018
7121
519
4340
421
1928
1174
196
2627
2932
5474
3767
321
2442
199
8105
3751
1176
5835
6074
902
6000
7122
1951
8004
7609
2152
1755
3738
2946
4947
2998
1529
5219
7823
6535
4429
5867
1958
3680
4271
3219
4393
7634
3568
4881
1055
8186
6214
186
3284
8023
1220
1245
1825
6383
5264
6983
931
1794
6112
2417
2222
2687
1841
5505
2811
1919
1900
8075
920
1652
1679
41
2614
7397
3558
856
110
676
3079
1923
2327
5567
6615
7938
4732
1508
4694
3666
7235
4519
8190
6660
5222
5799
820
3604
7792
7350
7467
4841
629
6728
6778
6706
4756
6961
6961
767
5946
485
5908
3334
7839
675
4700
4847
1508
6660
335
5587
3072
7487
7045
171
2003
1747
5964
7849
6669
3658
702
3584
91
6676
5859
5880
2003
856
2874
6611
2537
6653
5810
2188
1363
2327
5833
6321
7942
722
263
3733
3288
1338
2946
2687
4854
3328
2747
6554
6757
4437
1050
6549
7113
5295
5989
3558
417
5758
1215
7042
4994
1722
7005
6087
936
8004
1965
5629
7377
6157
4553
495
7454
1862
1958
1018
3341
6946
2003
359
5366
4343
7686
5384
7559
1059
1121
4210
7713
1135
6008
5307
5251
6932
2346
2741
3904
9
4824
6864
7591
2870
3348
2677
1395
1302
2382
781
2627
3372
2537
923
1032
3334
4033
6346
7760
4994
1250
1782
5215
7280
750
7845
2299
106
1582
6835
3332
5806
2086
7524
6176
3265
6554
5374
4042
5256
329
7999
2306
5505
3487
5249
4121
5847
3700
7999
1530
1417
2440
3746
5257
5774
5907
4213
1556
2278
3305
1861
3460
1009
5975
4211
3096
2127
2637
4362
61
802
1078
1030
7002
2771
4837
2399
4121
3923
2003
7589
5609
1889
4947
781
5774
969
40
929
8137
1228
1511
1140
335
1217
1890
4211
7722
5739
1376
710
3245
1463
5808
4683
3372
7019
7150
2946
5774
1648
5256
4393
1211
402
6197
7036
5410
40
108
3604
4082
7499
4488
5227
3469
5143
3904
4851
3051
2137
4574
2637
1430
2227
1666
2946
1718
7430
3568
2440
1841
2946
4683
8077
2517
3341
175
2920
7297
1041
3776
3604
4039
4296
5352
2248
229
4215
7132
2248
3144
24
4375
4211
1217
4796
3470
7722
2127
2442
8145
5908
175
7137
4056
3194
3208
1898
5907
8075
4851
1638
1039
3515
143
6281
4174
2379
4771
1732
7908
7464
3548
7908
802
5390
4623
5339
5553
1042
6551
275
3128
3563
68
7784
186
362
1718
7830
4572
2573
1039
150
4366
7518
5100
4211
97
5350
2252
933
2137
722
347
2280
5167
778
4758
3604
5910
613
1406
2081
7213
2946
2425
7
2252
6568
1337
6197
778
8176
6369
3359
7811
3244
5405
722
1129
2372
1105
8080
6020
3044
545
137
2856
980
362
3268
2306
4906
7913
7227
5742
258
6020
1204
4604
4525
6574
6653
3391
4283
6437
7845
2653
936
7942
5682
7773
2741
6294
1121
4643
4385
449
820
4708
5622
7448
7729
362
60
4312
6329
1597
6944
6832
5187
1631
3051
7852
3284
5057
966
1030
2679
2597
7206
1951
7211
773
3609
2347
7206
4211
1136
3775
4830
5682
1478
1057
5653
6906
879
1009
5096
2622
1860
5011
7279
6141
4084
5128
3186
7785
980
1040
3455
3259
7122
5187
3348
2635
6847
4574
4046
4561
1336
2557
3560
335
7527
722
5043
7729
1738
563
3341
7729
4635
3433
174
2671
5504
4395
6880
2956
1700
966
2152
5160
7025
752
675
48
7755
5095
6124
7230
7711
3455
5308
7559
3553
3751
7713
6197
2267
7150
1624
781
5774
5751
2118
4290
6817
2210
8095
5833
4138
3457
7661
4353
7363
2726
4830
6356
4778
3153
5278
3391
48
4830
698
2374
7333
2679
1277
1898
2907
329
1129
2843
5580
1386
6645
1997
4541
1731
1623
4290
7061
1534
4580
2628
5332
407
2357
3236
6202
2560
7262
4413
6645
