0
0
0
9
0
1
0
1
9
0
0
0
0
5
0
1
3
11
0
0
0
0
0
5
0
0
3
0
0
0
2
0
0
0
0
0
1
0
0
0
0
0
0
0
0
0
0
0
0
0
0
0
0
0
0
0
0
0
3
0
0
0
0
0
1
2
1
0
0
0
1
0
0
0
0
0
0
0
0
0
0
0
0
0
0
1
0
0
0
0
0
0
0
0
0
0
5
0
0
0
0
0
0
0
20
1
0
5
7
5
0
0
0
0
0
0
7
0
1
5
0
2
3
3
0
1
0
0
0
0
1
0
0
1
4
0
8
0
0
0
0
0
0
0
0
0
0
0
0
0
0
0
0
1
0
0
0
1
0
1
0
0
0
0
0
0
0
1
0
0
0
0
0
0
1
0
0
0
0
0
0
0
0
1
0
0
0
0
0
4
0
8
0
0
0
0
0
0
0
0
0
0
0
0
10
6
8
4
7
8
26
2
2
0
1
1
3
17
0
2
0
10
2
0
1
3
0
0
0
1
0
1
0
0
0
0
0
0
0
0
1
0
0
0
0
0
0
0
0
0
0
0
0
10
0
0
4703
7178
1213
6724
924
6141
7966
4998
48
725
7094
5255
2753
7303
2308
1287
6814
2646
1809
397
1840
3014
614
227
5185
2248
4036
5405
1965
4355
492
4375
6724
5185
2167
4590
6189
2219
3079
1204
4027
1671
5374
1928
4194
4542
1671
5160
5339
7733
5431
4111
3955
7426
7250
7587
1965
7915
7134
7997
5629
1459
5682
5739
879
5531
7234
5993
2540
7592
2491
6276
4426
6139
7059
3849
457
2252
2741
262
1159
4335
4608
5255
6117
2608
1300
6340
8162
5332
5167
7691
6437
2613
7064
7243
6422
849
6985
5187
5482
273
597
2248
102
1137
310
5189
1048
2015
7591
7786
130
5492
4017
1944
3561
1613
2916
5559
1724
7845
6474
1277
2394
6489
6025
6141
2424
741
7733
435
1349
5666
3238
949
3598
6253
423
2172
30
5374
4708
4600
297
317
2635
2663
5344
7739
1989
109
1453
7155
5398
2201
6175
3843
1637
4625
7860
3609
6679
6422
6499
7326
2408
3134
5332
1900
4887
4726
6450
683
1584
7613
1048
1159
4857
725
7723
4579
4005
4542
2308
4080
3740
453
5671
60
423
734
7012
6403
5185
1351
3430
3194
4800
5742
7059
5627
2006
4830
7512
4723
3186
2252
1048
2509
6035
2219
7691
3307
169
4273
8103
5278
1989
6249
8086
7040
2418
1559
7029
7823
5896
7243
925
7418
7664
2717
547
335
650
460
756
4085
8064
1794
1989
7311
208
3712
852
2967
2894
7234
3405
163
947
4377
6761
3851
2240
7867
7718
5800
702
3712
2894
6198
7679
5131
4220
6240
710
1660
4934
4467
1271
5906
2922
586
5332
6121
1989
6020
8048
5627
7997
423
966
5514
2308
3153
4623
2766
1641
3847
1494
4702
3159
6244
851
4318
999
3472
2717
2679
7588
6220
4648
7591
4464
6981
4194
2429
3077
1532
5375
7053
1494
2805
5811
6124
4017
3676
6863
6824
1919
3427
109
6983
5434
5842
7793
2108
2733
3533
5910
5500
189
6281
7816
3186
5043
6895
1587
5934
4129
2907
2459
7995
254
1584
3712
1204
5576
5762
8023
722
6139
2591
1453
2278
1485
6664
183
993
5548
523
5366
66
3376
62
6081
5527
2330
2168
3980
6824
1613
7755
5482
2907
4751
1584
4310
1430
6735
1440
39
7755
7467
1459
4530
1003
3636
3665
2691
4058
7308
1894
4178
234
6556
995
4944
7162
1679
2000
3486
7995
4881
1204
1584
1415
831
5853
4310
675
5998
908
1440
4700
1114
5472
7722
5516
7243
3702
4500
5575
1642
7676
4349
1617
6463
568
4641
6980
3430
6160
7252
1494
1965
7493
4482
7732
6437
7078
8118
169
7258
5275
7755
6020
4355
1979
5514
7011
1706
1087
2707
8154
362
868
4980
5555
674
425
924
182
1922
3118
4708
731
5419
1472
7685
6660
320
6137
2379
1971
4525
2999
3085
5375
1965
4856
722
5167
7086
5577
821
5366
7660
6841
5266
261
3612
7506
1784
691
5132
1444
2865
7377
1658
4683
423
7011
3676
4741
852
7029
123
3642
2951
1732
163
7640
2110
5838
3817
51
5323
2301
2640
6352
2173
3755
4570
5667
4027
692
1348
6617
6841
7897
116
4858
2252
5514
4516
169
857
1217
2613
263
7011
8190
3353
5899
6940
6726
5875
2963
4947
462
7650
1538
444
2880
637
6458
4433
2185
6546
7241
3312
7096
4833
6989
7755
2907
978
2137
4273
5057
4080
7135
5906
4971
2737
3284
6460
2333
3750
8118
5132
667
5410
4
1995
4028
4221
1677
6745
8099
267
3023
1860
7864
3558
2440
5809
3432
1492
7347
7877
8034
7897
3178
3263
1395
6810
1534
47
8061
5185
4038
234
6005
1041
926
7713
6198
7537
6797
3766
172
6652
7741
420
2058
6194
7650
6676
5243
5971
2261
1462
2248
5185
568
123
3096
7726
8151
2459
5924
6082
2663
1233
2397
2537
6118
5907
285
2665
2001
1005
7677
7606
6816
7645
7033
5332
5232
4628
6000
2032
2338
7046
779
4874
6514
3974
7923
8159
7591
923
7995
7625
4789
2933
2884
7108
5799
1250
2535
2362
439
7933
5198
710
1381
5325
6752
2868
1835
857
6262
2364
7823
2308
6679
7588
5738
159
4702
5576
1752
2849
7982
5514
3120
4788
4484
5403
2274
5925
3953
1927
2118
5982
7127
4977
3392
1577
2077
2229
928
4017
6307
7587
4916
4482
4788
3712
5402
5717
1189
5532
3153
7773
255
7995
3671
585
5898
1429
3533
1131
2679
2642
8023
3792
7514
1631
706
1457
6443
3077
2358
386
3261
2578
4958
7642
5547
778
5993
1395
2530
3847
3021
3271
3832
997
7271
4819
1597
7497
7533
4881
7154
1395
7821
5343
1548
3571
1046
2135
4570
2308
2002
5403
169
109
2364
4329
6847
1105
5419
5143
5232
427
3571
5309
1424
3061
3010
6281
4732
1958
3167
6824
491
3469
2381
4679
460
8151
3624
28
649
7517
5874
2464
1241
7011
5100
6034
6820
3320
2903
5576
169
109
575
6740
7679
3186
5954
4634
7256
2392
6824
7613
8006
7416
5810
7829
7706
7384
2894
6660
2027
108
2968
6053
4232
1046
7143
5106
5975
194
6724
1671
7591
2271
8023
5417
4211
1467
5666
2244
4836
988
3666
3848
169
1105
3346
3686
4245
6167
8190
123
3847
4190
3730
8018
272
657
4270
1581
597
4796
5833
8048
1404
4034
6735
1979
6189
266
5897
795
6252
4283
5290
2780
1965
3186
5332
7041
4329
6057
2248
7915
5361
6824
6284
4689
1688
1049
1534
7304
1686
6824
4881
5998
3007
4390
8151
845
272
6887
3167
4604
7723
4858
7679
4998
6610
1989
7121
1527
3134
6720
7745
16
7256
5785
6509
7061
1103
4239
4264
574
5208
266
3051
1217
5374
3909
3007
6789
1129
3364
7795
5918
229
740
3575
6069
2967
3664
6076
1971
2062
2578
1733
6124
2986
2498
3861
7953
1733
4264
1896
4011
7777
725
1929
1453
34
2463
5738
7143
573
7083
59
7948
2780
4759
725
3120
4340
6438
7755
4580
3909
6020
7172
7207
1478
5628
3224
2047
684
6036
5419
4011
5504
2015
5398
1769
639
