0
0
0
10
0
2
0
2
10
1
0
0
0
3
0
0
0
6
0
0
0
0
0
4
0
0
0
2
0
0
0
0
0
0
0
1
0
0
0
0
0
0
0
0
0
0
0
0
0
0
0
0
0
0
0
0
1
1
2
0
0
0
0
0
1
0
0
0
0
0
0
0
0
0
0
0
0
1
0
0
0
0
0
0
0
0
1
0
0
0
0
0
0
0
0
0
9
0
0
0
0
0
0
0
25
0
0
10
8
7
0
0
0
0
0
2
3
0
2
5
0
2
3
0
0
0
0
0
0
0
0
1
2
1
2
0
7
2
0
0
0
0
0
0
0
0
0
0
1
0
0
0
0
0
0
0
1
0
0
0
1
0
0
0
0
1
0
0
0
0
0
0
0
0
0
0
0
0
0
0
0
0
0
0
0
0
0
0
0
6
0
7
0
0
0
0
0
0
0
0
0
0
0
0
9
4
7
4
2
7
22
2
0
2
1
0
2
18
0
1
0
11
0
1
0
0
0
0
0
1
0
0
0
0
0
0
0
0
0
0
0
0
0
0
0
0
0
0
0
0
0
0
0
10
0
0
2771
3298
5144
3464
5232
4847
7343
6344
5731
7
758
7908
4493
2359
3120
736
2099
8120
3569
7268
3053
4458
5633
5024
1342
6455
1222
2864
7204
7385
6702
2718
270
1532
3750
2460
2101
6005
2916
7093
4609
102
1588
7441
3932
4698
7625
520
7599
1233
4787
5508
6926
1114
6102
3334
5294
1022
4176
3556
4057
4057
1222
2666
6797
5745
8160
5220
2385
6411
5183
780
123
4310
7618
2761
1422
299
4350
1289
2950
1251
3856
1728
1971
164
2906
7913
7837
1846
7925
85
509
4068
412
6808
4379
7244
4361
7408
347
791
1644
6057
1879
3616
6544
4662
1312
6078
471
5143
1466
5580
6158
163
2306
4451
5416
6070
5045
679
3103
275
3779
6908
5190
3737
4251
2941
2249
2654
986
5017
7156
3302
5975
981
7243
6437
117
5738
35
765
7561
7312
2038
7059
5242
5370
3815
8034
4755
7308
6691
3358
6774
3270
6511
7016
4310
2605
5715
5112
229
4030
4127
7406
5500
6353
3085
2229
5743
5236
2603
5840
3974
6438
5175
8187
7829
6309
5673
7064
1777
6314
6176
2734
6763
938
8154
7770
5450
1775
4151
4441
674
2260
858
3959
2478
5063
2151
299
7817
1224
297
5862
3862
1041
2127
684
1620
2966
1239
6737
6262
2256
6611
4425
4534
2655
1676
5127
7012
219
5068
4311
6949
549
2304
7855
6766
7679
2916
3490
3927
2942
1800
1514
5164
6681
2579
6905
3969
7640
1007
1819
2232
8134
7390
3020
4881
5325
295
8190
4049
3701
4002
3554
760
6317
6978
6673
845
3686
8006
2995
6361
4583
4623
6202
7859
3195
2373
1383
2083
6056
4536
1687
1898
923
5881
6159
6180
2389
5102
3849
5048
6391
8010
1769
3909
5051
5079
1620
4763
7273
4646
903
6493
4864
3629
2233
4431
8098
6268
661
1197
4158
1901
8018
2221
5060
7794
7927
7068
8034
4456
7980
7956
817
2204
30
32
5778
1765
5896
335
4708
2722
6732
5532
6365
4032
613
3671
4649
4767
6541
2052
2935
4420
343
944
267
5366
3268
3371
2627
4962
2972
3936
6012
3936
6253
3480
5975
5717
6938
8135
556
6068
427
6939
6744
942
849
399
5733
6309
334
7907
584
4804
7827
8000
8113
636
3458
6207
2324
2458
2591
456
744
4791
5681
5715
7559
5580
4192
2411
1279
1057
3732
568
5178
5088
484
5222
7300
2103
4926
5600
3012
3934
7926
4514
842
8018
5595
4295
2383
5131
1285
7679
305
135
566
4716
1750
2522
6508
1700
5757
5259
7418
8127
1155
2522
4514
1608
369
8034
3470
6544
1302
2578
1748
7090
2225
2327
2679
2603
1937
7038
4538
7806
4353
4140
782
5023
209
4652
3493
2227
1836
2339
3481
2773
3651
391
5833
7679
2672
5396
5882
4067
6895
2727
4116
3324
807
3368
4771
703
6589
5024
4609
4880
7415
6907
3773
2119
3572
2549
3397
3492
1761
7997
446
4730
7143
2907
4667
3789
5149
7739
4186
7599
7188
4342
1050
1409
5492
1424
7231
2749
6603
6950
1750
7929
7012
369
2626
4759
108
7618
2770
3314
2109
8150
3966
5577
3481
7901
5050
7575
2105
1857
3074
1159
5979
4900
3263
3497
7679
1799
6163
5156
160
7745
882
4202
1824
1296
3684
680
3639
7085
441
7336
5394
8078
284
2277
7939
3562
6252
763
3336
4377
4643
2217
3999
7779
266
5878
3401
2130
6657
5286
4943
7866
1084
297
729
2624
851
3602
5613
2427
7244
6002
3765
5715
2272
4776
3327
4578
737
5143
1155
7389
392
3986
3318
7034
2230
7437
1039
6756
2608
959
197
958
7968
2856
4182
7588
3513
7540
2392
523
4259
5566
2244
2983
4562
7611
5624
4018
2677
3469
8160
2688
1808
4819
5147
3642
2127
4111
4546
4087
4759
4013
8006
7470
2159
7583
2031
3079
5364
2385
1687
5571
2946
5071
1678
2192
701
1644
5850
2058
5250
250
5695
4229
6060
4660
2228
1360
1277
1485
8021
2422
2252
335
1613
7887
7911
7218
5935
3840
4772
2625
1898
1628
1914
5529
744
3930
4984
1652
6723
7055
1516
3866
7875
3896
446
504
8023
5770
1055
5301
194
2265
5176
684
4291
7180
484
440
1360
1693
152
5774
7245
3072
2482
1502
6170
7622
357
6817
5774
5703
7971
4614
4072
3678
2252
2244
8122
4345
5596
4338
4330
5537
4294
1453
2100
1971
3322
2783
3563
7150
1722
6081
6670
4705
7502
6500
1747
4042
1206
362
4760
3963
1477
3215
4031
164
2369
6948
7537
4971
6843
2038
5997
6053
7012
5833
8191
3862
4880
478
4758
6430
1184
5262
4868
6675
7589
7863
860
2818
1018
3187
7433
962
3738
7674
6631
3289
3680
468
847
106
4683
727
1067
3326
6830
7187
1838
249
6482
5970
6144
4707
4462
141
196
7981
5768
1731
1529
6897
431
2102
7883
4617
5257
7165
5472
7576
4976
2118
2726
7031
5902
2271
3161
786
3242
3186
5686
3388
77
3320
6500
695
2399
4282
4117
1380
2627
1197
4983
7083
3513
6429
6395
6998
1644
5609
3364
1979
6460
6312
7531
7559
334
8064
1308
7902
3096
7148
1287
2809
7702
2513
5993
5354
4108
5572
6002
7684
6266
6854
3651
153
279
7604
1624
4652
5283
448
5413
3576
6327
5696
1157
4435
2923
479
3589
2894
4841
2455
6988
970
6627
1550
7507
5112
1595
4623
36
4885
6602
4660
7299
5535
7744
4316
5842
1283
2054
6353
98
4426
3443
5975
2923
1009
1818
1024
5266
7725
3383
3280
1735
4703
5135
2929
1434
5707
3381
6789
3936
1231
2558
2119
586
557
5024
2491
7490
6326
1603
6068
3486
3790
6262
2544
3444
3469
705
3775
5681
6414
4840
5259
1481
5565
2997
2422
1067
3585
7689
2064
6434
4255
7995
6767
6166
48
870
4733
7362
4217
6726
4226
4003
6852
4070
1540
541
5324
4856
6649
3475
5413
4634
3383
1599
6468
5011
4270
4735
1750
234
7160
7098
7180
7250
5516
7827
7926
1008
7064
6943
4340
5092
7127
229
3379
502
675
2676
1313
2167
7253
1217
568
7405
254
7908
4367
8112
