0
0
0
10
0
0
0
2
10
0
0
4
1
0
0
0
0
10
0
0
0
10
0
6
0
0
0
2
0
0
0
0
0
0
0
0
0
0
0
0
0
0
0
0
0
0
0
0
0
0
0
0
0
0
0
0
1
1
1
0
0
0
0
0
2
0
0
0
0
0
0
0
0
0
0
0
0
0
0
0
0
0
0
0
0
0
0
0
0
0
0
0
0
0
0
0
8
0
0
0
0
0
0
0
24
1
0
6
4
5
0
0
0
0
0
0
1
0
0
7
1
0
5
1
0
1
0
0
2
1
0
0
1
0
4
0
0
2
0
3
0
0
0
0
0
1
0
1
2
0
0
0
0
0
2
0
0
0
0
1
1
0
2
0
0
0
0
0
0
1
0
0
1
0
1
1
0
0
0
0
1
0
0
0
1
0
0
0
0
3
0
9
0
0
0
0
0
0
0
0
0
0
0
0
15
4
9
2
3
1
30
3
1
2
1
0
1
23
0
0
0
12
0
0
4
5
0
0
0
1
0
0
0
0
0
0
0
0
0
0
1
0
0
0
0
0
0
0
0
0
0
0
0
10
0
0
8118
6227
5601
568
1863
1672
7890
7491
5715
3326
5470
7303
2374
4800
4546
7869
5767
6141
3224
1395
4319
7901
3835
5977
5689
7924
6889
4546
2439
6967
109
4718
1285
5332
6002
2967
4312
921
1252
7064
4192
5019
96
4796
7908
5523
602
7464
7234
6228
3196
7229
783
1220
4805
7591
2313
4934
2379
4632
8066
3305
369
2986
4270
2358
1270
4950
1550
46
7012
4255
280
3212
3186
2252
7887
6761
4385
7716
4881
7051
6831
1997
4785
5334
5977
6058
7518
4147
7852
2744
6114
4634
796
1594
5226
7615
5024
421
5579
7798
2002
3134
5911
5012
6886
568
8159
1522
1479
2489
254
825
4406
2463
4312
1607
96
8047
2487
5853
4329
5226
201
4698
4273
6076
1567
7243
4255
486
4112
1350
5290
3266
325
2836
5896
2119
4037
7803
7143
1535
3684
3785
3213
5562
7723
271
3223
5023
2903
4065
4522
4056
3534
6002
4099
7816
835
802
4796
4074
1333
453
7587
460
3368
8030
2948
4087
3716
7463
7210
298
6027
1988
2943
1993
814
4233
199
1367
7256
1160
6553
1556
967
2374
8103
7798
7363
3654
6927
3682
4361
3475
6876
2219
5456
1029
1434
6035
7591
2843
7029
144
204
53
2377
4788
7901
170
1027
84
3686
4367
1820
843
2496
650
5248
5730
2635
211
331
7408
7613
6060
4858
5689
297
7229
7617
2558
372
4175
7901
5169
3136
418
4342
3386
6417
2106
2221
6882
7229
1467
1617
5630
6089
7494
4037
6321
1680
4349
3093
1931
2358
5272
4059
5863
2578
2376
6556
6011
3828
278
1466
6141
900
2272
4438
6269
444
30
723
6535
4196
189
7732
6497
5531
5232
8190
2002
4353
4065
5801
1686
985
3427
5557
5742
5423
4129
7548
7906
2838
7387
1761
6244
4386
6567
1929
2065
2237
2548
3804
5596
5050
7109
484
1129
684
2544
6513
1241
4698
7838
7040
6437
5738
1279
3448
3381
6514
4341
3562
6581
6763
4768
1313
8014
6443
75
803
875
2578
4395
8030
5228
4160
1799
2359
1413
249
90
8190
255
7239
1882
951
6089
243
8018
7094
1546
3266
4273
6369
8019
1370
5223
47
4229
7821
7181
4144
4520
3759
5176
4017
5007
6724
7543
6691
1478
7459
2454
3121
6371
4079
3804
2697
2425
7901
3432
787
1488
3950
5760
4679
2972
6476
4368
5751
785
932
5266
4531
5471
6926
8048
5662
2684
4926
2881
3812
1331
2684
4339
7059
1697
744
3609
8129
4835
1155
1364
6998
5738
4630
1441
5910
3606
4217
2543
832
5945
557
8184
6925
7112
7374
4606
5276
5244
4094
4241
1253
7155
1564
6829
2405
4242
3682
2489
1160
5507
2754
527
4628
4194
7668
5922
6751
5081
2039
399
4767
1787
903
3867
5511
6090
1558
2961
1291
5279
4693
2498
1859
1428
2967
4261
7823
3682
1023
2327
1459
4553
2464
1523
8018
3101
274
2748
1501
2375
1086
8091
30
6189
1479
4667
2876
1212
5853
7843
5856
934
3174
7527
2279
5234
201
1842
5892
4670
4732
62
7189
1129
5874
851
5079
7710
544
6959
2738
7422
7612
3953
2950
5915
6618
6726
4347
5154
7058
2386
1575
1025
2121
1241
2491
4249
2370
906
3433
3661
5801
2372
280
2464
5532
568
4937
5714
5670
7195
4010
7704
5709
2026
6287
4282
7828
1633
911
5480
6855
5154
7693
3732
683
5684
5633
7207
6131
6438
1581
5732
4340
7739
1062
3352
7784
3729
7576
6358
26
2356
5364
589
3951
135
4772
6142
1777
5408
5531
4901
523
2134
1029
4343
4887
78
2766
7956
250
7384
740
5405
2487
3162
1285
6989
2645
7901
3497
999
2741
2976
5343
7392
6513
4760
6489
2083
5430
1958
2459
7127
8
202
4074
2414
8175
3434
5412
5874
2975
1048
418
2149
8190
1595
7887
681
3490
4632
2029
5275
3927
3668
2987
4367
2601
303
7264
5520
7732
4998
2532
6215
4981
779
2750
6389
4413
6650
491
4569
3391
3433
5977
6945
7582
4011
5275
6480
643
1672
1331
6386
7271
5618
4789
2002
7494
280
973
6320
3654
7601
7546
522
283
6548
2713
2766
4630
4717
6937
4848
4694
538
3220
4867
2015
6438
1331
3144
4034
2182
5288
2405
6195
1739
2220
3503
967
1046
3561
7277
1749
8035
4740
258
3515
4256
5333
2729
657
5531
1610
4706
5871
4820
6635
7110
6510
7148
7258
6447
6001
5019
4522
4207
825
4293
55
4489
6895
6703
7259
3504
5516
7029
5419
3247
5737
4570
2949
752
6735
5293
6253
5259
1928
2885
5079
1593
7190
2762
3044
2507
4867
7940
6384
2533
6827
508
7747
5197
1129
2791
2780
3747
122
6188
1021
427
6307
4786
1661
7219
2653
2727
2922
4340
254
7740
3594
6818
472
3358
7871
3212
4937
3347
7940
7940
4920
6307
7613
2516
915
4444
3005
6969
857
3321
4150
7816
3043
1317
4627
8175
5276
3364
320
7497
2764
2309
45
2777
7788
7189
4319
2303
6070
5687
2784
4294
3861
7415
4484
184
2613
5977
6877
7269
712
3671
5013
6437
4618
4091
2606
5730
90
1367
7093
6228
6002
202
649
5476
320
802
457
3077
7491
5165
5255
4413
484
5160
6060
3179
6533
441
4475
7294
4872
5494
4106
5048
5183
4331
3262
491
2465
6777
2041
7699
3577
4095
3402
3245
6645
5914
6020
1289
7230
4698
1789
600
615
5701
1864
5621
2024
2202
6587
7592
396
7598
3224
607
2606
1204
6141
5273
1242
6926
3161
4095
2612
6633
6820
5593
3851
2489
1550
3245
3551
2343
1672
1565
6228
1988
5560
3047
8190
5873
7002
1917
1539
2192
7056
7362
5633
7915
2903
60
6450
2557
7415
7752
1706
1346
7186
1667
8106
4670
3542
5013
170
6384
7625
5650
8040
6020
2255
2653
1770
8090
7541
4015
1733
1168
3119
3473
2379
1593
7221
8040
7861
913
5272
7343
1900
2753
4358
5024
3733
960
2586
5477
3387
3121
3802
6796
4950
1438
4451
5276
1948
1736
5495
2406
7455
1971
2929
2780
2464
5175
4005
1794
4933
643
2378
3358
3682
7028
2363
4525
