0
0
0
10
0
0
0
1
11
3
0
0
0
3
0
1
0
11
0
0
0
1
0
8
0
0
2
1
0
0
1
4
0
0
0
0
1
0
0
0
0
0
0
0
0
0
0
0
0
0
0
0
0
1
1
0
0
0
1
0
0
0
0
0
3
1
3
0
0
0
1
0
0
0
1
0
1
1
0
0
0
0
0
1
0
0
0
0
0
0
0
1
0
0
0
1
7
0
0
0
0
0
0
0
23
5
0
3
1
8
0
0
0
0
0
1
4
0
2
9
2
3
3
5
0
0
0
1
0
0
1
1
2
1
2
1
11
1
0
1
0
0
0
0
0
0
0
0
3
1
0
0
0
3
0
1
0
1
0
1
0
0
1
0
0
1
0
0
0
0
0
1
0
0
0
0
0
1
1
0
1
0
0
0
0
0
0
0
0
5
0
9
0
0
0
0
0
0
0
0
0
0
0
0
10
6
7
2
5
15
31
2
2
2
5
2
1
26
2
1
3
11
0
1
2
2
0
0
0
1
0
0
0
0
0
0
0
0
0
0
0
0
0
0
0
0
0
0
0
0
0
0
0
10
0
0
531
3389
852
7596
3123
6619
4120
3427
6945
1434
1774
5596
3445
48
7615
6258
2896
7673
5436
6677
2654
7503
7827
1948
6980
2513
845
5249
4668
6346
5891
1319
7092
7613
4634
928
559
5165
1164
8148
5048
973
6354
7299
6000
6258
6258
5408
7940
4146
8160
2938
5128
6263
4237
4475
7321
2277
3220
1836
3844
2509
4192
3541
1046
631
1415
999
4881
5779
5661
2066
4050
3585
4530
7405
6791
1787
17
4238
3386
8006
852
1775
8000
5220
531
7877
2951
4055
4481
7784
4759
2493
3314
411
5290
480
4952
3475
1287
6980
568
6796
119
2778
6386
45
7821
4912
7901
7886
5375
4952
1824
1759
2062
6245
1313
4514
6698
3225
7675
2254
7679
2181
3885
1919
3004
7393
1534
1689
1852
5193
6510
1971
525
432
1659
5466
4341
4242
2538
6193
4290
2137
1706
574
6945
4654
5043
6877
6104
2178
1380
1943
8188
3124
6536
6680
6635
457
2271
2835
3260
5165
7517
6320
7829
1542
5412
4345
2137
5567
3628
7902
7028
4069
3551
3691
4183
6227
134
149
7882
182
3123
3857
1243
2376
1043
367
7820
211
7584
5326
4361
536
5279
4481
5220
5985
5202
1836
3391
1345
5993
1425
1270
5403
592
348
4524
821
457
8021
1750
7673
2639
2150
2254
2374
2190
7917
5743
2657
7861
4707
5982
4141
5248
7779
1931
4228
6436
1988
4961
5228
5168
5382
6640
434
5489
6677
1631
6108
2354
1584
973
5143
3055
6598
139
957
24
7494
3196
7872
5449
3260
1824
1718
7371
631
111
6787
8092
1759
1101
4178
4340
8167
2603
916
1483
2062
6263
2157
2799
61
1157
6535
3686
2968
8122
7700
3120
3113
4110
5738
3504
2112
2459
7719
207
4947
5033
3406
7840
1731
4909
1917
5744
6526
4146
6167
6925
3460
3492
1709
1140
5620
5579
4273
4628
4350
7432
1213
631
61
3690
4971
3890
475
5112
3613
3848
3550
6156
3020
1359
7893
2086
2260
973
4378
4947
2941
3742
7869
2496
5999
5252
3816
4070
61
1589
1600
7300
7487
6167
450
832
2496
1858
362
1101
207
4621
4856
1731
1976
4846
6452
6007
4947
8132
4
1597
7902
2487
8127
5850
6365
1538
4944
1381
5382
5408
3963
5090
5009
6284
2703
2271
5661
8167
1320
4428
4628
5738
7710
4846
4492
4809
6225
5946
2470
7045
2639
7418
2426
389
1060
6926
471
6525
6150
4031
1856
3240
4405
881
7107
2168
5917
14
6824
3058
1283
767
7883
3927
4819
4900
4594
631
7588
5733
4940
2960
6519
1841
866
1021
6720
7121
7506
206
714
4784
475
7628
1013
3381
3145
695
5890
1236
5774
4196
1125
3378
3208
3072
4200
5579
4229
389
6320
6661
6828
4804
5268
5687
8023
4120
170
3123
5739
5220
7167
266
4619
211
6652
25
2390
7194
2513
6761
7271
316
1580
6574
1324
785
2732
1948
5233
167
3575
2274
395
6415
1283
1359
475
4647
261
1775
7093
7934
2271
480
697
402
1680
6599
5031
4100
2732
5982
3414
2736
4042
1731
2954
8153
6519
211
80
2062
2540
395
1812
7502
571
4428
357
4962
1680
684
3299
3418
7864
2702
1407
3742
4551
6865
2553
5183
3698
7882
7806
5323
2267
6429
4092
2515
475
5145
4094
7753
7388
2639
4134
5967
6283
2692
1953
1250
116
3668
552
3611
4508
1501
8069
1029
526
920
6487
6618
5928
3414
2754
183
3691
182
7830
7863
5116
2942
7237
475
2573
7971
207
6938
1393
3892
3478
5048
2229
8118
4270
1060
3880
7889
5236
7823
7205
8040
981
5038
1747
4426
4683
4042
3705
6669
1681
7868
7857
3250
5963
2412
4092
567
17
3187
1494
3487
5020
866
4755
6289
5778
1188
1622
5880
7275
7101
7622
5975
2962
6409
2737
2405
1681
1439
6619
1391
3941
571
1755
1543
5648
329
1812
5450
1359
202
7675
432
1319
5920
845
2968
2112
6320
4827
1555
1725
7599
4047
3229
1289
3645
3202
5412
5547
6761
4484
5667
5880
4317
4121
1729
2638
1337
4433
258
5851
5786
5239
2199
5850
3123
536
6059
2254
3671
320
7679
6189
1359
5106
7462
1303
7207
2700
6720
4609
1010
851
5908
3469
189
2055
4973
4433
1693
567
302
5532
143
7755
7034
4479
7162
4888
5168
727
7527
7121
678
8092
1588
4844
2913
196
5376
2347
5517
5332
568
3168
2062
4067
1971
4200
4547
3840
7806
5116
2295
2331
6761
541
6789
6460
6514
1309
7012
743
8094
3786
2509
2976
3504
167
2940
2330
117
6759
1698
369
6824
7984
3504
7676
4491
2354
5323
432
3790
1988
1607
7143
615
5364
5833
2062
3551
6844
2479
5710
2912
4777
7440
1677
6580
475
58
3372
3447
5245
1422
1193
7882
3443
8023
3176
6321
2560
5706
3668
4361
24
1043
4965
2831
2753
304
1105
6228
7995
8093
919
1962
7396
2753
3704
400
5824
5370
636
4591
2515
7405
3959
6124
297
3769
3145
4390
4011
5896
575
4732
6649
1345
1290
3510
3851
7909
2829
3788
967
7097
6589
3120
1958
3073
6023
6516
3012
5119
6555
3174
7259
7588
7533
3184
6415
3486
698
684
3847
7618
2494
1958
8018
7584
1164
4441
1319
6433
6238
5315
456
478
5292
3258
1043
7205
8093
8045
3631
3883
6764
7394
2338
411
5896
2868
243
4973
5403
14
5403
4900
5739
4874
1799
4224
6668
8019
2047
507
4851
7816
7575
6263
3120
3162
2202
5150
3560
7164
6680
3934
15
5596
3120
2061
6499
557
4914
8055
2597
3685
7029
2127
1589
7467
347
7193
5982
7039
1243
1796
2464
3847
7851
6626
4604
3007
3754
47
5160
1968
3762
3361
7201
3848
4363
5623
5896
3651
6437
7718
4837
8046
6438
5993
157
7663
1177
2984
5625
4415
4551
1062
5181
2894
8040
3404
566
2254
1242
1506
1095
6237
229
117
1825
7843
5068
7921
3420
7827
2345
167
172
1150
14
7882
61
2038
4717
2315
2597
7296
315
7034
4348
5891
1236
980
1093
6284
7062
6650
4067
4710
1989
7207
3894
7779
6362
