0
0
0
11
0
1
0
1
10
2
0
4
0
0
0
0
0
0
0
0
0
0
0
5
0
0
2
0
0
0
0
0
0
0
0
1
0
0
0
0
0
0
0
0
0
0
0
0
0
0
0
0
0
1
0
0
1
0
1
0
0
0
0
0
2
0
0
0
0
0
0
2
0
0
0
0
0
0
0
0
0
0
0
0
1
0
0
0
0
0
6
0
11
0
0
1
9
0
0
0
0
0
0
0
23
0
0
5
7
3
0
0
0
0
0
2
3
0
0
5
1
0
6
0
0
2
0
0
2
1
0
3
1
0
0
0
0
0
1
0
0
0
0
0
0
0
0
0
1
1
1
0
1
0
1
0
1
0
0
1
2
0
2
0
1
0
0
0
0
0
1
0
0
0
0
0
0
1
0
0
0
0
0
0
0
0
0
0
0
1
0
10
0
0
0
0
0
0
0
0
0
0
0
0
11
7
10
5
5
7
27
0
0
4
8
0
3
15
2
2
0
11
0
1
0
1
1
0
0
1
0
0
0
0
0
0
0
0
0
0
0
0
0
0
0
0
0
0
0
0
0
0
0
10
0
0
5907
4662
3109
5951
1599
6211
6270
7387
3558
4624
4700
3748
4245
6897
6285
5347
2679
5102
3487
2972
2158
6338
4483
6458
6928
4127
3673
4645
1535
7156
2715
2590
7773
5584
959
1245
4178
8132
7005
5049
1881
3161
1717
6158
2340
2772
5705
8084
7188
1283
1288
2153
3949
1753
7178
7001
400
6676
5641
2479
3527
5317
3353
851
3144
1445
3480
1193
3305
5654
3960
2419
7946
5848
2446
6068
581
5395
7841
6200
1094
2804
5354
2369
7848
443
6812
2501
2364
4280
6300
8099
2786
1179
3358
2549
7207
3268
7070
5793
5678
1021
4266
4633
3824
3897
6636
1252
496
7577
5952
7643
2511
3554
7035
2134
4086
7848
821
7266
5933
7273
970
7541
1720
5350
8018
1720
7357
4990
5020
6827
6124
6719
5500
8099
7648
7411
6318
4197
5770
5282
1045
3011
4791
3329
4323
352
6409
4116
4530
5971
4454
7308
5243
2571
3516
2220
2865
2999
1487
1362
142
1217
1009
1639
8065
3771
8111
7411
1073
7639
3733
4976
4197
7225
3557
7963
3404
7705
565
4350
844
7848
518
6327
2229
3657
8123
1034
4282
7179
6475
6244
1217
117
1291
5760
7440
1228
6976
2574
5960
6099
6520
7569
7445
6092
1276
656
3192
3519
2351
1902
3377
5179
1397
7616
6322
4626
7014
1359
6682
5788
4011
5141
539
1490
5707
4561
3399
3557
5960
1957
5498
53
2992
1416
3526
5960
1026
1079
4872
7420
4750
1135
3740
6118
2389
4012
6775
5842
4306
13
2027
7448
7169
7019
4452
6353
6020
1950
5454
1073
5085
2947
2574
129
6979
7282
1719
5453
53
2855
3578
3238
7837
6900
3658
3072
7174
1310
1005
7083
7611
2627
7605
4875
523
2345
3350
2538
6820
3991
6995
176
4465
4992
3966
4265
968
6663
6557
939
5782
894
2019
4118
6988
1402
237
3251
2378
5634
2582
6436
7130
4006
5170
7730
4086
4019
5911
7782
1934
11
7936
1360
1957
914
1957
4010
5446
7799
2450
1296
6750
4912
5453
2855
1571
847
22
2341
7192
5955
3428
2783
4613
2981
7881
3193
1197
3348
5224
3986
1397
1465
53
3526
8036
3544
5726
5972
6673
2030
7749
3989
3792
6348
5498
6979
2574
3771
3858
6561
7525
5752
2000
2604
3109
3791
4159
7489
4422
1452
5127
6520
4802
4509
80
276
1276
4515
4878
5846
6116
4442
4175
4844
2540
810
481
5104
4119
5446
7166
3063
4191
1262
3305
405
7705
1630
5346
7616
449
4353
4143
6976
819
8067
3503
500
8111
3183
2089
8030
2377
6422
4055
568
3698
6979
1552
2947
4823
1552
1527
4323
1696
4523
6568
670
1758
6964
4691
1995
2063
7811
1073
5588
4453
6453
1539
3792
481
5503
1276
8030
6932
7034
8065
7684
2978
5377
7936
5498
4912
3032
3350
7932
5
5713
6769
5269
1226
1626
5315
2655
2266
7887
1961
4119
6099
5155
2798
7332
5960
4253
7525
1552
5497
4509
5382
3322
2064
7895
3272
7225
1026
7225
3771
456
2585
7662
7179
3643
3160
1804
5799
2262
3161
1057
2612
3232
8166
4453
5786
98
488
7013
7841
4903
1112
4354
82
1209
7049
1552
3966
4265
1026
6378
2304
3283
7810
449
1398
3242
2380
2038
5052
371
704
6437
7595
7166
7895
8111
6976
53
53
6616
907
4465
5952
3141
6733
5153
6664
1468
6318
2448
162
3136
7306
5274
7420
5348
3533
7443
1924
6758
7569
1848
2478
5824
1584
6478
7931
2939
2461
4992
7225
6704
2939
4008
4239
2947
5453
6673
5453
2994
481
53
500
6092
5455
5200
7803
1289
4220
3958
24
4042
2923
5512
6000
2002
3469
3939
5056
2904
6704
4453
6894
3965
5972
4992
7776
2978
3413
2615
276
53
5960
4119
3232
7964
847
4572
7704
7155
7803
5824
4353
4755
3710
4108
4312
5833
6700
4472
6467
5783
6468
3634
7810
770
6995
6750
53
1719
5498
4912
1045
3966
5588
3711
4879
4191
7420
3216
8040
359
5796
3264
724
2068
7000
7326
6958
5472
3538
4472
7090
1659
7586
5231
5624
7232
6547
6894
4453
4265
1073
894
6704
6572
5503
5274
1905
7805
6724
7587
5620
681
2637
4395
2605
1117
3662
4437
3671
7539
8073
5276
5933
1042
932
1193
3446
3221
6673
904
31
5658
5952
5692
7895
3459
7318
7514
3714
4444
2356
2002
967
758
4438
1714
3169
2073
2234
1059
3835
4506
3968
1680
3893
6369
1224
11
6844
8100
1259
3169
7521
5395
5289
3915
3076
259
3784
6735
7592
3074
5224
7098
6522
1675
206
7151
6856
1754
1324
298
4950
7142
3134
7405
2041
7617
959
1312
1942
7963
4021
2299
5927
6825
5058
2448
6146
877
6321
1012
5531
6589
853
7463
1023
3152
3209
7757
6863
7485
4855
3142
6440
3854
5095
1200
588
2008
2826
3405
208
1742
1312
3443
143
83
5232
3453
208
2663
7437
3560
1617
4350
2780
785
2905
7497
7997
169
5088
3506
6159
245
683
2547
7156
4708
6361
277
4361
4812
5534
1453
1415
3177
1595
1600
7464
2995
4824
3981
2948
3024
8039
6216
4985
4702
4022
5762
3492
6753
3455
820
4352
3315
7583
1732
7189
4363
5982
1778
1979
2907
474
6508
5191
458
1900
7061
7171
1494
4881
3162
7389
6892
4851
199
1699
6852
3093
4194
6997
5824
5118
3348
4700
5551
2063
2041
5226
2540
5778
6735
7997
7155
2911
6141
5689
6009
4836
3667
1699
6198
1345
5419
3386
5397
1989
618
4485
7995
2832
602
1479
1820
7860
802
5531
7239
1734
7583
4707
2238
5057
2119
210
4960
835
7110
272
4563
928
7029
4069
3440
3963
2379
2892
1308
4285
4796
2124
2753
2731
3433
1177
7714
2766
1958
3351
3899
3668
3427
3572
1714
7090
7154
4492
5162
2166
7086
928
5514
3218
6568
2410
3642
3805
4777
3024
2271
457
5738
2177
6593
746
6109
4443
5100
2654
7591
5888
4602
5652
434
857
4134
999
7332
1616
4525
3988
722
5742
2410
5050
2894
8016
1789
2679
3742
5264
6996
6664
16
1532
6448
2110
2008
7966
444
6132
7464
2013
2850
