0
0
0
9
0
0
0
1
11
0
0
2
0
0
0
0
0
0
0
0
1
1
0
0
0
0
4
2
0
0
3
0
0
0
0
0
1
0
0
0
0
0
0
0
0
0
0
0
0
1
0
0
0
0
0
0
1
0
0
0
0
0
0
0
4
1
0
0
0
0
0
1
0
0
1
0
0
2
1
0
1
0
0
1
1
0
0
0
0
0
3
3
11
0
0
0
9
0
0
0
0
0
0
0
21
0
0
8
6
4
0
0
0
0
0
2
6
0
2
0
2
1
4
3
0
0
0
3
2
0
0
1
0
0
1
0
0
0
1
0
0
0
0
0
1
0
1
0
0
0
0
1
0
0
0
0
0
0
0
1
2
0
1
0
0
0
0
0
1
1
0
0
2
0
0
0
0
0
0
0
0
2
0
0
0
0
0
0
0
3
0
6
1
0
1
0
0
0
0
0
0
0
0
0
8
10
6
6
5
9
22
3
1
4
6
1
0
15
2
1
1
11
1
0
2
5
0
0
0
1
0
0
0
0
0
0
0
0
0
0
1
0
0
0
0
0
0
0
0
0
0
0
0
10
0
0
1767
3152
6436
2803
853
3386
3642
3744
1105
471
8138
332
672
3376
149
1062
7380
4742
988
5781
2392
3980
7827
5781
144
6656
1680
2870
4713
2118
432
4683
4716
1769
1416
4210
472
3120
3863
6166
1765
5715
3262
7621
6593
5038
5668
2772
4824
6730
6830
1157
6722
2229
478
1062
3909
832
3485
690
3909
5731
832
4069
1836
3134
169
2364
4194
629
5292
8128
6656
6736
1437
4315
6828
4255
3242
3909
5531
2295
2356
3453
7012
7726
7043
1968
6452
7753
4795
3271
4304
6600
832
4818
189
6320
3074
2661
7000
1752
266
3274
1708
7875
7500
2532
4861
1509
2470
2231
3971
7438
707
4228
4879
3819
4678
5188
7988
2220
149
2244
6371
6176
3469
4011
1497
3544
5292
2120
7344
4975
2869
758
3076
245
5056
7456
868
2427
3624
904
7089
1954
1305
5588
1276
3567
8136
8136
7306
7847
6775
6902
1634
87
4134
5731
6228
4591
47
3213
1353
1304
149
343
6044
5454
6520
4720
2424
37
3232
3523
5503
4453
6979
1231
4507
6252
1552
415
6040
3978
3388
3677
4261
1029
2966
6176
7153
3128
5659
4977
7250
2869
7437
5151
4783
2494
5151
1934
3452
3008
4177
2461
3774
6894
7567
5447
6376
6979
232
4675
6376
8072
2982
5261
6001
7198
7980
4582
5933
4426
2111
2696
15
1750
3923
2305
7964
51
2611
3452
3524
5728
154
770
2855
3965
6456
838
1552
7936
3112
2193
7142
6094
551
3045
7370
5963
1689
8006
3445
1443
450
4134
6215
852
3999
7490
363
5642
6659
3523
7225
154
6092
5588
3783
6995
4509
838
8065
680
3774
154
6376
656
687
4678
1460
1427
332
4251
3635
1319
3696
773
5220
6482
1460
3343
5782
6318
154
154
863
7076
1296
7031
6937
5714
810
858
1045
6976
3771
154
7225
1266
273
7521
5522
3183
1062
330
5029
4415
3242
7971
3252
2318
7171
6242
1582
2070
2461
3112
5447
3482
2553
4165
4196
557
1949
6937
5326
6750
7932
4265
3774
6376
4879
4104
1623
3226
3589
5792
121
2217
266
1272
7453
7647
8082
1356
4613
5425
7225
7936
6264
4672
876
7451
4055
3004
5892
4018
6252
4722
6456
1045
3523
4276
6349
3283
5
3287
61
811
2203
526
6884
35
3373
2364
2706
7367
3350
5499
6596
7834
5816
8055
1774
6708
546
6482
960
7013
5037
3792
787
598
4010
7776
3857
975
6811
5857
5209
5193
3480
1600
4236
6988
4932
1021
5679
6844
6098
6831
6649
5447
6092
8036
139
1042
1042
560
5469
3562
2351
153
6673
4399
3594
5328
6974
6640
440
5882
2017
4880
432
6327
7437
3001
3477
1890
1718
1036
3966
6098
1934
2395
3942
1131
2019
6378
5617
5585
1696
1493
5433
2947
5314
7593
5246
894
1659
4261
3046
5531
7917
2557
5781
785
7902
3022
6872
1356
4698
2582
7356
3282
6649
4523
1552
1579
1073
7192
7563
3557
7639
427
3942
4155
1341
2142
3505
7885
434
5102
3480
932
4668
3969
3862
1633
4400
1750
2057
1446
1255
3529
8002
6091
2019
5093
1905
6844
7419
4575
4979
2574
5540
2676
4379
6376
1079
7469
2601
1590
6778
4498
5653
2261
6721
920
5705
213
4009
2062
7976
5963
5198
3052
3921
7758
3467
6520
1276
540
5658
3559
2676
4008
7424
1131
1792
6979
3169
6376
6642
7621
4504
5193
2650
3647
959
450
6517
213
3259
859
6508
8023
5988
1523
2960
5865
7140
6974
3557
5353
3198
6970
5714
1493
6995
6712
2601
4810
4276
1231
6892
2238
4315
2357
6315
6366
5112
7173
2975
28
3586
7782
4532
1488
1105
4841
4236
4471
4780
6164
3232
7973
107
5658
2855
3774
1186
1073
7586
1727
7926
6498
295
4698
1009
2296
4561
795
5611
2663
1854
6104
3483
3666
526
7281
1067
7575
8030
1177
2585
3538
7378
1079
1045
3486
6520
7367
6485
7313
5353
3965
2601
6078
5838
5773
3851
8167
2905
8023
2703
491
3077
5292
5514
831
7902
1105
1566
4716
7539
795
5
4021
2019
7461
1331
3275
5522
5042
5444
6468
6077
11
7639
3733
676
1793
3408
8148
1532
7967
7806
3548
6549
2558
5024
2560
2074
1046
8021
6857
2210
6852
6151
3965
1231
3124
4343
2004
1276
1694
3977
7225
1662
3075
8096
254
469
7492
7431
84
1680
4759
450
2415
1607
2377
619
2610
3510
215
2422
5121
2270
7928
4081
7657
5492
2028
330
2419
3196
2824
6572
5093
2601
1613
7366
1514
2754
3068
6104
7497
6784
4634
6218
3438
6830
4664
1658
1938
907
2533
1917
2466
5773
1531
94
5877
600
6958
2369
3816
1218
1347
2997
7441
2772
4462
3447
6196
7902
5384
1200
6329
7883
2217
1819
4703
5450
7418
4114
3162
2465
3916
5567
7625
3497
2442
1948
2938
1532
1592
5620
7788
4151
3969
1448
7418
3607
2974
3980
3513
5611
261
1270
7933
5028
744
2507
7505
448
7454
4759
3586
2166
6722
7544
1535
506
6005
5077
1060
3533
778
3876
4348
272
7198
2105
2938
1700
508
5560
811
3304
3589
783
5731
613
2482
1046
1181
1613
1873
3455
4329
4758
5193
2173
1594
4407
4641
2296
5320
4685
1883
4644
3667
6321
3123
3007
3941
6926
3835
7654
7332
3022
7972
4698
604
7849
1270
283
2491
653
5282
1543
208
3074
6363
7956
5292
3999
1309
3730
1273
1782
7607
2120
2130
844
3572
3074
3641
5542
280
870
2111
4340
782
7235
3469
5860
7244
3304
3196
5999
5393
2777
6814
5965
7067
727
2999
2620
1157
5724
1361
6555
7160
557
5351
1532
2100
3469
5668
6469
2369
6225
899
5292
5652
1769
1716
4043
5537
7061
4255
7967
4400
1679
1824
187
2560
6730
5840
1265
2894
4763
472
2464
269
3046
2465
234
2071
4348
8128
4261
4233
46
1593
2105
2640
5364
531
1315
5534
7070
6953
163
5385
3469
8056
3995
3084
5507
4389
5777
2339
3348
7527
5010
5858
5530
4236
722
1415
5043
3969
538
7243
7104
8078
255
4261
3368
7210
5304
4093
2650
6060
