0
0
0
10
0
0
0
1
10
0
1
3
3
0
0
0
0
4
0
0
0
0
0
0
0
0
0
2
0
0
0
3
0
0
0
3
0
0
1
0
0
0
0
0
0
0
0
0
0
0
0
0
0
0
1
1
0
0
0
0
0
0
0
0
3
0
0
1
0
2
0
0
0
0
1
0
0
0
0
1
0
0
0
0
0
0
0
0
0
0
0
1
9
0
0
0
5
0
0
0
0
0
0
0
23
0
0
12
7
6
0
0
0
0
0
1
0
0
0
0
4
0
3
0
0
0
0
1
0
0
0
1
1
0
0
0
0
0
0
0
0
0
0
0
0
0
1
0
1
2
0
0
1
0
0
1
3
0
0
0
0
1
0
0
0
0
0
0
0
2
0
1
0
0
0
0
0
4
1
0
0
0
0
0
0
0
0
0
0
5
0
8
0
0
0
0
0
0
0
0
0
0
0
0
9
5
8
6
4
3
26
2
1
2
6
3
4
16
2
0
1
10
0
1
1
3
0
2
0
1
0
4
0
0
0
0
0
0
0
0
0
0
0
0
0
0
0
0
0
0
0
0
0
10
0
0
1416
5764
7812
5725
2016
7079
5079
5418
5082
7827
102
754
7013
2662
2572
8128
319
3560
5706
829
7816
4628
902
2308
3120
2006
1143
6152
2101
1999
2713
4099
1046
2209
6135
4673
2672
7603
1880
6370
8049
4100
6451
3115
8160
5220
2861
5664
3667
6839
2522
5183
2887
1680
6881
4374
1818
7726
6781
4337
450
3402
4400
698
3134
335
6902
7582
2545
5526
5385
1076
2918
6241
6069
0
6912
3741
5385
3389
1279
7561
7777
6776
6000
8076
3789
5130
1671
6708
7539
5494
5220
533
4201
7344
3006
7299
4255
4397
3769
5348
7205
102
6104
4818
7717
4604
7308
1637
469
3504
1931
301
960
2110
1006
4203
239
7527
783
3936
8145
1550
7405
7611
2493
1671
7962
6262
743
7092
1578
7520
3052
1752
8151
2849
2644
6396
6945
4392
7939
6784
4933
2496
4255
7014
4830
5337
3007
468
2192
4821
7256
1607
2218
3736
1062
1836
5666
1566
3373
36
5048
6329
5191
6408
432
2298
5596
4662
8143
2166
873
300
2329
4914
7983
366
169
5851
1413
280
3052
634
2470
994
2853
3835
5077
4202
3776
484
5542
7886
5017
5419
1751
5294
2298
7819
7013
473
6165
3250
3428
4278
4809
359
6592
4554
7319
7506
4931
138
2941
4640
2513
7051
7065
7408
5909
2777
7281
8021
8143
1065
8117
4390
3762
5276
4959
7806
7956
4275
2402
919
1031
5077
2298
8070
1861
3513
1849
4315
4950
425
7570
6327
1488
5973
7708
5973
1617
5945
1792
4759
6722
4115
3713
1025
6902
4255
596
7380
740
3535
4851
392
6703
6508
5525
2544
5998
7615
4214
2726
4793
7400
4720
3937
256
2847
7662
3271
7753
848
7353
4207
359
1009
3845
1160
6478
1091
5896
2138
4900
3150
25
3408
6151
1451
1552
7098
427
4769
4875
1915
5302
2585
5200
847
1435
4879
7318
7037
6318
6578
5019
7418
24
5801
1544
5272
5300
4345
7600
3120
2496
5715
6812
3789
5742
2649
3011
810
7221
5455
5604
598
7807
5359
2559
5453
1515
6596
3921
2431
1905
3011
2916
4203
4667
214
4153
4160
2127
4563
7078
6013
5928
61
6228
2751
3859
939
4382
1635
770
540
120
3937
6614
2751
1719
7166
7037
3126
3141
1296
2778
2457
148
5345
5530
536
3405
4858
4906
7318
4461
5439
2620
1878
7648
1905
2615
2992
7749
2775
6575
5056
439
5359
6129
7364
6092
5865
7356
4523
5728
3792
5980
2939
684
319
3482
528
1819
321
6437
3599
6247
208
4214
5817
6092
7031
3612
7893
4298
3538
4195
5
5302
7192
4382
770
770
80
6894
7456
232
847
975
2304
4011
1856
4251
1584
3402
1253
4881
4563
7078
4361
4480
2585
5952
2820
3272
3467
3723
1266
3011
995
7300
6048
505
1184
6891
4446
3165
7399
358
803
2947
7737
28
7012
4824
8155
7816
4391
7079
179
978
3408
3646
4791
939
363
1296
2076
8147
5377
6704
871
3272
4509
939
3272
4268
4750
5148
6098
6844
129
6561
4382
1973
4596
5963
4002
294
959
3994
4015
947
7816
3464
7381
7623
5497
6318
7084
7394
656
1608
4903
6894
1913
5099
770
235
1330
7021
5865
7805
6640
3859
3692
3158
7622
2866
255
2889
4255
8141
3125
6594
2009
1593
4510
7540
4527
92
3076
3921
910
5585
5
6073
2457
1335
6098
5274
7810
6894
2535
3973
7931
5604
5678
2547
6737
6886
1523
5236
744
3536
4386
3391
3475
1680
8033
6999
3900
5728
2395
1394
7242
326
6105
5443
6085
2439
6873
59
6673
5454
5005
2341
3921
7381
656
47
6422
6393
3542
237
3120
4511
3855
5954
2464
4759
7752
3819
4432
3394
5037
6673
7349
6642
3329
6044
847
975
1694
5658
838
6561
4199
6143
257
7525
3066
1989
6593
5168
2773
7545
1270
93
3845
6055
5997
1304
3631
5341
278
303
1296
6259
2615
540
3198
2585
6673
1045
6318
31
5064
2585
8147
3356
4432
6456
5125
6404
2182
756
1716
5536
1689
1842
6251
2121
896
815
5013
6157
1431
3069
1905
5071
3148
6960
3075
118
975
118
6098
7477
847
5289
3126
2559
6259
2585
7469
2214
1685
7545
2033
3561
5176
4259
6012
566
6989
7563
393
6031
1635
1645
2159
4823
2992
8055
4912
6894
7964
4903
1551
6167
6092
2431
1026
3686
4913
8126
2182
2308
4239
5543
5394
6479
2618
4354
7959
1319
5143
6395
2013
5938
2016
6457
6143
4552
4300
2030
914
988
8096
2877
2113
4014
3069
5019
4047
7286
5704
5364
1195
1164
1769
6864
3353
6504
3301
7279
1900
1944
8135
686
3330
5128
1747
5629
1133
169
6789
5416
2526
7355
4432
5114
11
632
4316
5728
6969
710
1878
6031
7505
7405
5530
6070
7596
97
3830
6480
3242
450
5476
6636
2713
2887
1157
4716
3326
2422
4099
2593
4640
1748
6752
5377
4997
488
4202
6183
3885
8103
4950
7426
5428
1852
1029
6060
7796
653
1061
3589
1303
1181
1873
543
1675
3667
439
3542
6393
6643
5884
5090
1075
3810
6355
1053
4822
49
5019
432
2287
4528
5664
1176
2976
5112
1395
5013
5675
4341
6170
5333
1473
1886
8173
998
208
6906
907
6104
7689
319
2015
7233
3562
2016
461
2513
3462
2449
7506
7628
7393
2216
8152
5322
3923
5482
2336
728
2422
6770
966
1094
4950
4365
1308
20
7026
6530
2108
1634
3845
3294
241
7717
4397
5668
4164
5724
3750
163
6346
6198
5314
5664
6331
268
4291
7608
7093
4377
3074
3575
3180
3134
4175
7116
7723
5261
1997
6869
2382
2308
205
7107
853
2100
3167
2405
4759
5172
294
1742
280
3585
3816
121
2017
3461
4950
3668
6139
2285
6645
4723
7643
5689
5248
8158
2339
338
149
4390
3795
472
5977
4792
5963
3407
4563
2533
3443
1873
2962
6363
2309
8188
450
3751
4524
6543
2798
47
1279
3888
4251
6549
2898
7190
5143
14
1523
6484
189
5485
7205
7028
3494
3770
5714
4400
674
702
2851
254
4645
2654
1011
1075
3213
1137
7344
8001
3290
