0
0
0
9
0
0
0
1
9
0
0
5
0
0
0
0
0
0
0
0
0
1
0
3
0
0
2
1
0
0
2
0
0
0
0
0
0
0
0
0
0
0
0
0
0
0
0
0
0
0
0
0
0
0
0
0
0
0
0
0
0
0
0
0
1
0
1
0
0
0
0
0
0
0
0
0
0
0
1
0
0
0
0
0
1
0
0
0
0
0
6
1
11
0
0
1
8
0
0
0
0
0
0
0
18
1
0
8
4
8
0
0
0
0
0
4
2
0
0
3
0
0
3
2
0
0
0
1
2
3
0
3
0
0
1
0
0
0
0
1
0
0
0
0
0
0
1
0
1
1
0
0
1
0
2
0
0
0
0
0
3
0
1
0
0
0
0
0
0
0
0
1
0
0
0
0
0
2
0
0
0
0
0
0
0
0
0
0
0
3
0
5
0
0
0
0
0
0
0
1
0
0
0
0
7
10
5
2
2
8
17
0
1
2
9
3
0
13
3
0
0
11
0
0
0
1
1
0
0
1
0
1
0
0
0
0
0
0
1
1
0
0
0
0
0
0
0
0
0
0
0
0
0
10
0
0
3326
4935
7374
5692
3771
5588
3126
440
3812
589
4801
4860
4829
604
8152
976
4382
5884
5640
2589
1330
3310
5729
2535
6794
2037
599
2521
2048
5400
7325
3099
249
8166
5728
4993
3486
3634
5005
2019
7183
5640
1713
1762
4700
4637
6257
11
6911
3650
4588
1895
4496
983
6143
3063
3815
938
7851
3076
29
5057
4431
4005
6456
1112
7076
5980
7399
5980
1515
760
3761
7071
1193
1790
894
7192
7477
709
2457
2778
4039
5407
7166
1449
3255
666
6242
830
7648
1973
1484
5804
5993
8131
7367
8037
1013
2992
1429
6463
4262
6673
7501
5960
5952
2457
4454
7648
6099
5
7644
7687
7666
134
7521
6334
1045
8046
7021
7177
4453
6793
6047
589
7750
7715
118
1730
4527
7242
8147
4935
1934
985
7567
5085
7936
4997
3178
1790
5446
1707
5022
7306
6951
3063
2076
709
5453
13
2019
6399
7286
5972
5962
6710
1436
7939
6456
5728
5972
6138
2011
1276
3966
863
1013
6376
3966
6732
6378
3486
5453
5377
6119
5440
7602
2939
3069
53
3749
6099
7787
3624
4277
5811
6224
642
2926
6290
8166
1259
6057
7477
4199
5022
7787
6673
995
3279
4265
656
863
2582
8166
1045
1026
5980
6456
6325
1026
1552
5258
4992
3692
326
5250
6408
365
5287
1008
4176
1569
4323
6732
7378
1254
2997
3965
6119
6704
1429
6894
3774
3394
6181
7936
363
1013
6099
6119
3965
6378
154
3774
5231
7076
415
4010
1957
7931
1226
274
1318
5151
4919
810
770
6099
6119
7623
6099
4265
1026
6099
5728
5453
3524
1305
6894
7225
1341
6376
154
3771
3524
3112
5728
6894
1341
5258
6378
5056
6292
6205
7908
5797
5927
2299
4142
7318
770
176
6979
5377
346
1026
1792
232
3678
6376
1341
6449
4276
2461
6974
154
3774
4748
6894
682
6979
154
6595
5447
323
6785
1547
483
2585
2159
1707
540
259
3279
3524
4432
6979
1341
6038
118
5001
6995
8166
4379
4010
1465
3505
3505
5446
6378
2461
6376
3774
6894
7076
7936
4010
6633
7183
3452
3100
5258
6099
5782
4119
3394
7810
3774
3524
1231
7964
6809
1465
5093
4379
5250
5093
6264
4935
2395
1790
4496
6038
894
770
6325
7225
5377
3011
7318
5395
4060
5114
5821
6704
7041
7225
232
4748
7225
682
1112
7080
4453
6937
1442
6950
6272
3526
3232
1231
1231
6995
5503
6376
1231
6561
4195
4453
4265
3283
5109
7529
6224
5455
830
7456
7142
4649
7936
3524
4265
5952
5001
5037
5588
2778
4575
1414
1483
764
6926
6164
6937
7936
1131
7225
682
6979
3112
1045
4496
396
3075
6387
5117
3283
176
6387
476
5453
4265
118
5081
6979
1341
5093
11
6572
7934
4317
2496
4319
1465
3136
6264
2019
5782
5728
3771
3524
3524
2450
709
129
830
2647
5465
4191
4119
7662
4637
6044
1073
1727
5258
4935
1341
2662
5418
5960
5821
3443
4362
2401
3223
942
7582
3538
4780
326
2096
6255
6891
3069
6099
2765
3075
350
5695
6224
6083
2798
6044
2457
3183
2712
3505
8166
2855
1281
3966
5351
3585
7426
142
8112
896
2214
5111
5145
6449
1026
6099
6378
3112
6595
1650
150
6873
6526
2159
3198
7404
5952
2077
4976
4432
1026
7687
6979
3774
5093
1468
2662
7596
7213
1171
1226
7258
680
1784
6376
4276
3965
2582
5588
3468
7021
1905
2145
3459
2490
5250
2540
3446
5328
2193
5250
6414
3657
1552
476
5782
5250
2184
7945
3959
7419
4710
215
2260
237
1999
6995
3112
1696
6979
5979
3325
3937
5348
2510
4836
5359
2535
7847
5005
540
232
4676
7456
1957
3446
3819
4780
3792
3002
3686
7982
1124
5250
985
3675
4143
5588
3112
1696
7225
5453
6105
7500
5604
4780
5022
7525
7214
7400
3279
5865
3232
3718
3198
53
7936
1461
1471
1004
3446
2992
4152
5628
6357
2534
3848
695
214
2461
3178
2095
5
5821
59
270
6204
7420
2939
7041
6688
4382
4791
975
1784
6138
4680
5503
3774
6561
5022
5425
5425
4903
6976
4507
1360
2304
5522
2482
674
4993
2994
6099
2096
7353
3578
2649
7166
2585
7657
365
7038
3141
7687
7140
5658
4430
2726
1045
4276
985
4720
2366
8147
7076
2193
2939
5353
3489
3501
6325
459
1429
5042
6349
682
985
2448
7085
2649
2526
7810
7166
1299
3183
2997
1064
1493
487
5980
6272
1073
7964
4780
7521
2844
7318
5782
5377
2569
129
2450
2420
7988
2660
961
4678
3112
6595
7225
2142
3183
6066
1199
2585
4938
7174
3356
6894
6038
1439
1957
2457
3657
5
5453
7292
1571
7875
7936
1552
232
5289
3838
3611
6099
4010
7964
1608
3279
1112
3774
3452
459
6911
4992
847
7540
1890
37
8111
7225
4903
3283
4791
5927
7323
3634
3965
2395
3112
995
5728
6378
7932
2670
1026
3524
3489
2569
3232
1305
3198
232
5821
2751
5455
7456
5128
8007
6366
4467
2461
847
4903
1229
6631
4083
1545
1229
7041
6750
995
1552
4654
6995
1696
4935
2855
4265
6662
6151
7367
1515
476
6894
3671
442
6642
4879
2643
6248
2501
2234
560
830
2855
3819
3198
8147
5261
5797
4993
7477
6105
2064
1905
6348
6119
1045
6561
7477
2164
1079
5240
7318
5834
3466
2675
5455
365
552
6111
2714
6141
8017
2697
7880
2461
1243
7523
7787
27
5289
184
6736
6129
199
5005
6957
6224
483
4021
2820
5797
1229
1881
1515
3012
7572
6073
439
6318
3710
2141
3591
4294
1409
5187
5232
5142
7810
3771
1696
3971
4686
5967
6596
4430
1727
4766
2145
5834
7381
3819
1827
3178
22
4680
3282
8147
4276
7810
6633
515
3156
854
494
3288
165
2506
6346
3161
3743
1344
1979
3669
6999
5005
5692
6209
6077
4780
3771
4993
1461
1827
3183
326
1374
5783
3169
5952
4675
6474
3472
7252
3750
2037
6321
2244
1217
3055
7415
1029
4087
6486
541
4412
6823
310
7648
6894
7404
2585
731
2490
3976
7805
7037
3394
7657
6387
6092
4524
4940
487
3161
2681
2141
5669
5583
