0
0
0
9
0
0
0
2
12
1
0
6
0
0
0
0
0
2
0
0
0
0
0
3
0
0
4
2
0
0
0
2
0
0
0
1
0
0
0
0
0
0
0
0
0
0
0
0
0
0
0
0
0
0
0
0
1
0
1
0
0
1
0
0
3
0
0
1
0
0
0
0
0
0
1
0
2
2
0
0
0
0
0
2
0
0
0
0
0
0
2
0
8
0
0
1
5
0
0
0
0
0
0
0
21
1
0
5
4
6
0
0
0
0
0
1
9
0
0
3
0
0
5
0
0
0
0
0
1
0
0
0
0
0
1
0
0
0
0
0
0
1
0
0
0
1
0
0
1
1
0
0
0
0
0
0
2
0
1
1
0
0
1
0
0
0
0
1
1
1
0
0
0
0
0
0
1
1
0
0
0
0
0
0
0
0
0
0
0
6
0
7
0
0
0
0
0
0
0
0
0
0
0
0
12
8
8
6
2
4
25
4
1
5
4
2
1
12
1
2
2
11
0
1
2
1
0
0
0
1
0
1
0
0
0
0
0
0
0
0
1
0
0
0
0
0
0
0
0
0
0
0
0
10
0
0
1038
7144
1954
2817
3968
392
2459
2133
7777
3542
4273
3386
2454
36
5629
5840
2968
8103
7723
5736
705
1929
4192
5301
4479
2932
2501
1607
7136
3118
4004
980
7980
3702
7520
4594
4539
4540
5112
4594
1871
8086
7854
7506
6162
4934
843
4668
7344
6330
295
7688
4242
6722
3722
802
3284
5413
3061
4009
8191
3742
7
7956
591
1415
7029
7784
4796
26
4183
6376
6756
1823
7902
1571
7902
290
7
5724
4883
692
5314
5248
87
3783
7706
1230
5031
482
6121
5736
4640
7427
7559
4516
437
4754
7573
4100
5128
8117
1535
4737
7959
5350
1988
7524
7151
2439
2647
5049
7768
2320
6811
2002
261
1395
1062
1595
7061
2015
2137
5024
8128
802
4546
1873
4735
7413
1452
4700
5621
5434
4716
857
2671
1207
4928
5737
7103
6633
3289
5188
4052
7356
1335
5927
3270
6759
7389
3386
7299
4492
5671
371
715
7216
5487
7679
127
179
4842
4895
4856
3996
2520
2501
3076
6044
5139
6224
3467
2585
4993
709
5274
6229
3900
2341
4199
3723
5020
2741
1319
6784
521
1347
3586
7854
1260
5886
3153
4356
2527
1907
7491
6789
4872
5464
3467
7456
7644
5578
3538
6598
6478
3404
4933
1162
7805
1560
7805
3076
4260
3006
531
8173
1928
1255
6631
2369
4261
2772
4365
1440
2175
6522
7861
2824
2997
1282
7227
3198
7572
7404
92
2284
2064
5070
2507
3331
4073
5572
1180
3329
2159
6940
5514
5434
372
3645
2740
3254
3263
6327
852
1234
1542
6000
4810
5692
3149
2820
5042
5783
858
1560
7140
8082
4382
6363
8073
2139
3380
3921
5496
2615
7157
6349
2002
4492
2654
4492
2548
2422
6020
2464
865
3599
5374
7706
1811
4021
3467
243
830
5284
2615
3503
3714
972
5274
4693
3141
709
3069
4496
2050
326
7490
5704
6549
2031
62
1900
30
783
4172
671
5479
2501
5077
3958
7103
709
3830
1659
365
590
2904
219
101
2939
4992
5064
1070
225
7374
5865
6044
270
5936
7527
3405
959
1105
1105
7590
6186
172
1666
3927
5739
6588
3270
7805
3467
5844
2662
1688
3171
6651
7440
5816
6520
2076
7563
5631
4791
7006
4678
2535
1727
4880
3464
4343
1245
928
2156
6193
7388
4042
2172
3482
7575
1361
1335
3192
6468
5692
7364
5495
3501
6520
5104
5145
4030
6222
6958
1442
6960
858
6705
7469
5930
2459
727
5171
1937
4641
3294
7642
4543
216
7229
2137
8006
4175
2774
464
2879
2519
5317
6216
3592
600
3159
2945
1839
4319
5999
5222
2182
458
4197
3678
3126
2877
2922
649
5790
6737
6005
4759
6500
2825
726
3775
1556
1830
475
5930
6673
6580
3819
7800
4993
5957
4618
802
170
1110
2092
7413
7533
1949
4396
2584
7404
7657
3915
671
7913
5921
5235
6732
4472
4499
2951
3631
4348
7573
1714
4620
7931
4655
2446
2992
835
7563
6321
6738
4710
1851
3435
1041
3453
1151
1403
4693
5670
1259
5980
2050
5792
2198
4011
7908
7039
5896
8160
5343
2772
6066
5292
2360
7166
7323
5578
6732
2615
3350
7800
6926
4763
12
6189
2290
4845
899
219
2978
440
4253
6318
257
6959
1157
729
844
1042
7609
6053
36
1345
5292
2502
7931
7355
404
1617
1403
2076
3777
6709
1717
558
1115
4563
3988
2192
209
949
4554
237
7031
837
8093
5865
2782
5475
200
5853
558
2271
217
683
1023
1443
258
8145
830
7748
4963
2904
626
1892
4713
6227
4878
3559
338
98
5037
5453
1070
7523
6632
3977
910
7743
4556
4283
7049
4065
5376
2119
6460
8028
5451
7872
2884
3011
5692
2559
8184
3612
7934
1208
7585
4010
2762
1734
4509
7031
3687
6709
2299
2395
7586
2751
4637
5256
5323
2999
1740
389
4950
7845
2022
4812
5730
1752
2676
602
3066
6736
8082
7420
4446
3592
3467
3977
6926
7323
396
5614
5972
945
6891
7006
5359
3937
4248
6433
4644
7344
7294
4356
1163
7154
2916
6139
2512
6823
320
7675
3289
3950
6891
1573
5188
4993
3634
6960
5064
5064
6709
5056
6999
6891
5099
5395
1229
2496
4975
3561
5896
3469
7548
5232
1706
492
3816
3625
5954
8176
7788
7626
6633
7411
6743
5495
3792
4455
4637
6567
1569
6175
1645
6046
1243
5631
3192
4636
6631
1567
1
5423
6249
3609
1750
4840
6880
3153
1559
1320
7910
1566
4735
2628
7500
4035
6478
7932
338
7031
280
6119
6272
6595
3503
1539
1156
7140
5737
1461
729
5875
3056
780
4877
3101
5689
514
922
3770
6393
4350
3814
3851
5434
7570
4978
7103
4021
176
6709
7501
1571
2076
3278
3701
3858
8184
6709
3192
3356
2934
5715
6926
4175
1081
7059
416
2679
3732
3691
2324
3561
3326
6475
4759
6346
2713
4892
132
8035
7501
1358
7404
3272
3977
3289
2778
6478
6598
6105
6873
483
6508
2608
3651
3885
2454
3613
4442
3067
2252
1997
1734
3247
6904
6058
2005
2223
941
7029
7497
470
7319
54
4693
6924
1036
4924
2824
1973
5359
7208
56
3726
7854
2057
3351
6724
3541
2520
465
5860
7869
5715
7408
3589
769
6508
3600
1151
1137
6075
740
2071
8136
1394
257
3726
1081
3178
1659
5423
6861
7236
243
1607
6188
5891
3821
7777
2219
5982
1899
5821
2110
983
2684
2999
6720
5012
7545
7092
5344
1748
5208
5954
4851
3368
5652
2645
7582
7229
7093
4600
606
4528
6677
3600
1067
7961
6249
2541
2531
4995
4562
3571
7590
7869
6679
7584
8021
5790
6740
1699
2120
6479
4796
144
1852
1567
3372
6714
4609
6082
702
5412
2271
6128
6514
928
1567
297
7575
2903
1409
4361
4977
3536
5748
480
6188
4372
3405
3909
4524
2628
797
3207
5082
2500
1965
517
6315
3435
6384
3732
4242
5248
7051
6835
6791
6082
129
4429
3682
7915
2907
1289
6612
8113
6733
3992
2929
7143
2385
7507
5948
7196
254
8113
6737
4950
7049
6778
2276
4741
943
2515
5576
3416
334
3490
2166
2661
6243
4162
6348
5223
4056
5993
2527
3111
1965
4202
5915
