0
0
0
11
1
0
0
2
11
1
0
4
0
0
0
0
0
1
0
0
0
1
0
1
0
0
1
0
0
0
3
0
0
0
0
0
0
0
0
0
0
0
0
0
0
0
0
0
0
0
0
0
0
0
0
1
0
0
0
0
0
0
0
0
0
0
0
0
0
0
0
0
0
0
0
0
0
0
0
1
0
0
0
0
0
0
0
0
0
0
0
1
10
0
0
0
5
0
0
0
0
0
0
0
26
0
0
11
6
6
0
0
0
0
0
3
0
0
0
1
1
0
5
3
0
2
0
1
3
1
0
3
0
1
1
0
0
0
0
0
0
0
0
0
0
0
0
0
1
0
0
0
0
0
1
1
1
2
0
1
3
0
1
0
0
0
0
0
0
0
0
0
0
0
0
0
1
1
0
0
0
0
0
0
0
0
0
0
0
4
0
12
0
0
0
0
0
0
0
0
0
0
0
0
12
7
8
2
3
3
27
1
0
3
2
1
2
18
1
4
2
10
0
0
1
6
0
0
0
1
0
1
0
0
0
0
0
0
0
0
0
0
0
0
0
0
0
0
0
0
0
0
0
10
0
0
3401
7059
7088
3272
4735
4533
7482
1709
6137
2553
527
12
5681
6504
68
6210
2978
5574
7745
744
597
4482
7613
4804
3576
2303
5245
1836
7093
3452
1821
6066
3167
4217
2714
811
3576
1784
1114
7258
2054
5485
8106
7195
1690
6673
3100
3258
3551
4823
7676
2540
5516
448
6668
5954
4710
1241
6941
5364
441
3631
2734
5998
5687
7075
2668
2467
7431
2987
6509
1670
7418
6303
5382
4747
1446
2855
2049
1631
5982
845
6437
1352
4747
3464
79
2165
2331
7357
145
6189
5999
2662
3541
123
6303
1846
5896
4710
854
3941
5613
7018
271
4467
5232
649
3916
2428
2290
7767
785
2150
6321
419
2753
4160
4365
5565
5058
4190
3329
1133
6059
3634
5724
201
2948
4050
4106
4183
536
6292
5945
2628
4639
1534
5938
1606
2001
6557
1231
6649
1231
7689
3300
680
6010
5993
7956
1494
731
3186
6354
1999
508
3446
6649
4634
3667
8103
7776
201
4190
2916
974
3582
704
963
1911
6004
5220
3771
6119
4359
7225
466
2027
3232
1281
3363
2070
4339
3485
2252
404
6737
7461
3477
28
5223
7110
7691
7028
3730
296
3771
6864
3755
5419
4831
6327
6259
7533
3771
80
129
232
2855
2304
363
6595
1075
998
4283
7070
3760
3610
5232
6348
1076
7093
5701
4478
1395
3448
1792
6436
337
144
2737
693
4916
729
3585
3468
4453
5561
1662
3792
838
5447
5217
6937
3350
3390
1827
4303
4449
1285
3222
4297
3068
4038
7064
6436
2610
3358
5242
3304
4345
2686
98
7737
3969
6975
566
584
5935
1296
1698
4912
5574
2225
2077
2992
1672
3792
2629
6633
5146
1105
6844
6868
4776
725
421
3503
3175
1305
765
7691
3389
7640
5233
1934
143
3487
2130
1329
6220
2082
1913
1471
1486
4083
363
2076
6272
7577
3730
6948
4507
6776
4259
2957
5403
4152
249
11
7936
8111
7588
7180
4049
4199
770
456
415
6436
14
6844
3549
1276
4832
995
7225
1331
4265
2193
598
6164
3318
5495
1856
733
6548
5403
501
2987
6535
3965
7936
3576
5736
1441
5748
3495
8166
894
3318
1879
3106
3394
4177
6736
6976
4379
5960
6170
4442
894
7936
5454
6732
6092
232
6501
6011
6335
1776
97
8060
728
2254
3742
5340
4291
7559
1357
975
2193
5114
1976
4352
3524
4265
1949
968
4654
6259
2586
6547
6098
6619
3232
2662
1961
2939
7841
5682
1488
5275
2076
1319
3287
7216
1932
7210
6082
7162
1335
7225
4903
770
2629
6894
276
5574
6195
3809
4229
4935
5701
6995
285
276
2992
5142
6595
5433
3452
4179
553
3668
916
2679
2532
2377
7521
4634
531
3326
5811
3523
6092
5728
2502
5561
5714
8
558
5202
2184
5343
3730
2647
4382
2175
5037
6040
5952
4722
2553
2152
1534
5404
2112
1012
3816
916
5434
4609
3051
902
2856
3859
7355
4442
7931
4722
2934
4165
4942
4284
238
1565
7880
5800
4265
4654
6995
3730
847
2715
4285
7117
5326
7962
1185
3978
744
607
1790
1534
4962
7357
5840
5409
5098
2474
1757
8177
1696
3551
1976
7978
2773
7006
8037
4276
2395
6580
5865
5335
1243
1259
3277
3860
4448
310
2761
2496
372
2712
7110
6195
4993
7028
728
5364
2133
838
4453
3859
2585
5172
1523
4628
2978
3029
8064
4453
7593
1243
6844
4326
4912
7563
5340
698
34
480
7029
764
6068
3686
727
3631
1270
4935
4291
6069
5102
6040
6937
7936
4195
1905
6092
1792
6636
863
3568
374
4955
3774
5377
4935
3350
53
3899
702
5672
1060
7033
3347
6753
2649
1680
7892
284
5284
4377
4532
3335
2134
1662
2678
6995
8166
6255
4912
6619
3634
2649
4092
1593
5447
656
3711
6255
7160
4887
1473
2002
4365
6198
1999
1466
3742
1076
3288
2487
2677
6414
6303
2957
1870
4524
2732
968
3730
6393
7905
31
3523
1967
180
7514
4679
11
7548
2009
5672
1793
1852
3460
98
3184
3790
4525
4887
3265
2118
5725
4900
4061
6248
3396
487
2949
975
5503
4843
3523
1266
1045
363
894
7142
3075
422
4644
2861
3642
4698
6941
6327
7064
7526
4004
83
4467
7674
783
491
811
2120
3998
1706
4039
1010
4274
2168
3976
2186
2019
540
285
456
37
7912
6844
2962
92
2483
6000
2532
2015
7227
3541
6838
6234
3389
5412
3136
3332
2338
6027
4453
6168
6184
3740
7615
5791
4479
6988
5114
2587
8111
7810
2879
7192
7988
7810
2559
6407
2150
2891
7598
232
7593
7595
5077
5397
7455
1784
4509
3560
4637
5809
2447
6767
3728
2459
722
3120
2464
2339
5989
4285
6029
1064
3771
3008
118
1727
1328
1627
4491
2972
5744
5883
3599
7840
8048
2783
3205
3868
3974
5168
5920
6583
3830
1026
7571
825
28
1661
7345
3644
1623
4664
4265
6877
3486
1064
6114
5328
1323
725
2271
4124
363
5202
1003
5394
5209
4950
844
1638
844
7542
2053
7918
6499
3271
5355
3911
3153
5940
3668
383
3483
2987
8030
424
1046
2799
8147
7687
6263
4329
389
4698
6851
7258
4291
2907
2360
6124
5290
8030
3120
482
2383
8035
4862
7845
6195
358
6722
8000
5295
6778
7256
8023
5048
3303
3378
7258
5579
308
3398
7258
2573
5606
6363
4291
3120
1743
1301
5048
1182
4588
5781
3158
4707
4273
2983
7482
6923
440
2318
6403
1986
7089
7584
5112
2252
5649
61
3262
6411
1473
8040
3356
2305
396
2662
3526
527
2997
1076
6377
4202
5605
6495
421
261
7273
8103
7784
7570
1301
6308
2380
2863
5688
4601
6000
2229
6292
4297
2066
7494
6902
1550
7926
1473
1443
7253
171
4878
4326
45
4743
3686
3153
5735
2744
2279
1219
2585
4357
3359
6517
4202
7070
5552
1852
2320
4856
1741
6414
1049
6704
522
2855
2377
7482
8128
7691
1777
4237
3123
1442
5050
2677
5707
5945
4789
7570
972
16
4950
5244
2182
3790
4094
6276
2513
4341
2002
17
4666
1979
8160
7596
3561
3381
8000
8151
7445
1483
2175
6710
2552
444
1011
765
3997
