0
0
0
10
2
0
0
1
7
1
4
2
0
0
0
0
0
0
0
0
0
0
0
5
0
0
3
0
0
0
1
1
0
0
0
0
0
0
0
0
0
0
0
0
0
0
0
0
0
0
0
0
0
1
1
0
6
0
0
0
0
0
0
0
1
0
1
0
0
0
0
1
0
0
0
0
0
2
0
2
0
0
0
0
0
0
0
0
0
0
3
1
7
0
0
0
6
1
0
0
0
0
0
0
20
3
0
4
3
5
0
0
0
0
0
1
3
0
0
6
1
0
4
2
0
0
0
1
2
0
0
1
0
0
0
0
0
0
0
1
0
0
0
0
1
0
0
0
2
1
0
1
0
1
1
0
0
0
0
0
1
0
2
0
0
1
0
0
0
1
1
0
0
0
0
1
0
1
0
0
1
0
0
0
0
1
0
0
0
1
0
7
0
0
0
0
0
0
0
0
0
0
0
0
10
9
7
3
3
12
24
2
3
3
7
4
1
14
0
1
1
16
0
0
0
7
0
0
1
1
0
1
0
0
0
0
0
0
0
0
0
0
0
0
0
0
0
0
0
0
0
0
0
10
0
0
1018
2301
7637
7991
6699
2440
2440
2517
6841
6118
7616
860
2382
2382
1310
1386
7708
5912
6719
7637
4012
2382
4012
2625
7708
7864
2301
1758
2301
3558
5907
196
3138
6699
2294
6848
5548
3982
3982
3907
1018
3558
6699
2440
2440
4868
267
2269
5548
3138
5907
2301
2440
196
7637
638
3563
6723
6699
3138
4473
362
2998
2998
3138
1135
781
2571
3982
3907
860
5869
3419
2269
4025
5548
6343
7637
3558
5869
4760
3138
5548
5859
267
6283
4968
1501
1806
2269
3982
6283
5526
3982
6699
6699
6300
4868
7616
1390
6646
2571
7793
6699
6699
5548
6008
5526
2294
3138
7026
282
5869
3091
3982
3982
2362
5526
2069
6699
781
6699
3738
4041
1018
2468
7589
6494
2818
781
2440
2382
5017
6723
2301
7793
5505
5052
7637
1806
6090
6838
2269
40
781
4041
5526
2294
2440
6699
781
1135
3945
7168
1455
6283
454
3982
1720
241
4838
2382
3738
6723
6723
2382
2440
2590
2440
2440
1960
381
5052
2440
3738
2998
1451
4868
3738
7793
5548
781
4041
661
7129
603
5313
5976
5235
6283
834
4999
190
1310
6118
291
2874
3738
6848
2382
3738
2818
4868
6723
6300
321
2818
291
7423
661
57
4799
839
6086
2102
5049
1013
5883
2578
7485
1500
4746
6199
746
7634
3817
3817
2571
3606
4799
2571
2417
7423
2590
6300
2680
2417
7342
429
4706
5883
6234
1266
2446
498
6837
3765
7441
3854
7318
5228
1967
7399
1207
6983
1017
646
190
637
1203
4012
4394
6049
2616
1299
5141
7481
3214
8166
1076
1266
201
5588
3523
3771
5588
1585
5093
1073
3502
3578
2508
745
7894
4510
7378
519
3995
2886
8172
305
1630
8049
7698
4284
2766
821
498
6649
7643
6595
1934
363
1465
154
4276
4903
7192
3859
1266
1493
458
2070
5787
5939
5246
1924
5200
118
8046
3511
1451
4999
4999
5787
7512
455
7528
2532
201
5588
3112
3459
1231
540
1131
5637
894
3505
5952
456
3394
1493
8177
3854
6348
5162
1063
7671
7496
3972
3813
2955
2921
3484
6236
4633
7266
3324
3854
6995
8177
2193
1493
7525
5784
7330
770
7936
5658
180
7643
7037
1792
894
4743
4466
3991
7934
5218
113
6727
7847
3470
2609
6837
2655
5386
6741
7985
11
4524
3505
4453
4823
2193
2461
540
3524
1026
3771
6255
1026
1792
656
3505
3523
1657
1266
7936
5250
3423
6407
2724
2717
1905
2824
2581
2119
5376
4354
2272
3991
3524
6092
7142
4935
6575
3024
6976
7272
3524
3965
3965
6941
4010
4265
1266
5658
894
4496
4935
3859
6121
1591
5098
5430
6765
2557
2543
2327
710
6405
6941
8166
2395
4659
5098
1493
6844
2395
5509
1243
6407
6595
4466
2535
3524
4843
80
8177
894
2193
3726
872
6971
1000
6410
3644
7166
7324
869
1189
6449
5865
4276
1493
2395
3771
4675
6526
415
8177
2778
2585
1465
1696
3452
4096
6572
5952
5588
7225
1266
1905
1527
4590
6801
6782
3273
3976
6378
5225
3532
2428
2112
7313
2116
2461
894
5962
3029
5217
2395
37
3523
2193
4748
6941
4010
4317
3494
3505
4748
2193
1973
363
1064
4659
6121
4313
7496
415
1185
30
4842
2715
5005
5585
2082
894
4177
3459
4675
540
6220
3771
3523
3008
894
7834
6203
7108
6452
6595
682
4748
154
4939
1064
7378
3248
5883
4766
1344
7404
2501
7426
5588
3008
7041
363
2532
2601
4119
180
3771
894
3524
2461
3011
6214
3832
3993
785
516
5018
8009
6995
7225
464
363
4766
7668
2038
3991
1266
6951
34
1635
2601
363
4481
4903
7192
3032
7964
6704
3774
5952
5114
7643
6414
4613
3993
1027
532
1818
736
5497
2303
7628
3978
4062
4528
1092
4510
6301
1792
3505
7561
6536
3946
1266
8177
4177
894
5302
5335
6195
3524
6255
5728
7225
6726
2418
2059
4040
4124
7045
5161
1617
5667
729
5365
3011
6976
1162
2881
2305
1994
7004
6756
1956
6596
6941
7142
994
4276
6376
4748
1905
3524
154
1341
232
803
1548
1709
7388
7177
3253
1209
7918
4095
180
456
4265
1266
3771
6204
7353
415
6099
5909
5689
5848
118
4523
6378
1784
3232
6334
6979
2019
3394
1243
317
238
1163
1704
7929
3427
5725
3258
540
1967
6970
3394
5217
3991
2193
1465
679
180
7515
7067
6016
1551
3711
5917
7791
5104
6092
8091
2070
1913
3011
894
3977
2000
2001
180
4439
1967
5503
3505
6970
6630
7805
7936
5588
5503
1967
3771
7469
1435
4659
524
134
7089
1266
5169
5331
6851
3024
6164
787
1971
7748
7420
2194
6251
3380
3008
5658
5114
2193
2461
257
3524
1045
6501
894
7567
5588
2461
7416
5637
3008
727
5390
2540
7349
4562
7438
1397
1036
3029
4523
770
6040
285
4276
2193
8166
904
7272
7078
7929
6099
3524
5056
7936
5658
6376
180
4823
894
1552
770
3452
6815
6257
3686
4916
5005
1080
377
709
3024
7990
904
1231
1341
3774
3112
4903
5658
6255
129
5910
6544
4177
5658
894
894
6092
180
5588
894
6164
5233
3991
4003
7105
2169
1011
3156
5917
7531
3980
5346
3815
2014
7629
7089
7225
3774
7936
7515
2193
942
363
3505
3112
6449
2395
180
1266
8177
7936
6995
257
4675
7735
1742
342
8110
1871
1229
59
3634
1727
1305
1262
1597
8100
4132
2300
6264
894
894
6376
7894
6119
6449
7142
8177
6572
1790
6572
7041
7177
2581
1967
3029
4976
6121
5277
2246
5653
4081
1341
894
2461
2461
2461
2193
1465
6948
1193
6046
3669
2461
6376
1923
5365
5503
3976
6995
3505
4935
8166
3595
3709
6065
677
1638
4852
560
4070
7384
6691
739
2095
317
2178
4899
4899
682
363
363
3008
7639
7404
5529
2178
5613
4995
4070
8166
894
3524
7515
2461
2601
4283
2305
4001
5739
639
859
3007
6116
1544
8137
4990
1428
7594
7415
7231
6943
1073
8177
5233
3029
1792
5238
4997
7617
140
6374
3669
1493
1967
4177
3029
5049
1733
1513
7207
5445
7726
