0
0
0
8
11
0
0
1
9
2
0
2
1
1
0
0
0
1
0
1
0
0
0
3
0
0
0
1
0
0
0
0
0
0
0
0
1
0
1
0
0
0
0
0
0
0
0
0
0
0
0
0
0
4
0
0
0
0
1
0
0
0
0
0
1
0
0
0
0
0
0
0
0
0
1
0
1
0
1
0
1
0
0
0
0
0
0
0
0
0
0
2
0
0
0
0
9
0
0
0
0
0
0
0
26
1
0
10
4
2
0
0
0
0
0
1
2
0
2
5
1
3
8
0
0
0
0
2
0
0
0
0
1
0
0
0
1
0
0
1
0
0
0
0
0
0
0
0
1
0
1
0
1
0
0
0
0
0
0
0
1
0
2
0
0
0
0
0
0
2
0
0
0
0
0
1
0
0
0
0
1
0
0
0
0
0
0
0
0
2
0
4
0
0
0
0
0
0
1
0
0
0
0
0
9
4
5
3
3
2
23
1
2
2
1
1
1
21
1
0
1
10
0
0
2
7
0
0
0
1
0
4
0
0
0
0
0
0
0
0
0
0
0
0
0
0
0
0
0
0
0
0
0
10
0
0
802
2473
4530
3220
5643
4216
14
1775
7003
7643
7582
4375
3348
1675
4290
7575
1613
5883
6941
5024
6677
5567
1902
5562
7583
4152
2177
5376
3352
998
7679
421
1664
2773
6530
1635
46
1004
4139
7467
1319
4867
2851
414
6041
3433
4851
2806
4847
2654
6756
3348
4153
676
615
6667
5113
4867
4270
687
4229
3665
7694
3405
3117
7958
1534
3734
7342
34
7652
1621
1932
8160
4146
7812
6526
3806
575
5099
632
5531
6776
5402
7040
7543
3005
3980
7823
4233
4152
5733
5187
7596
6980
7581
5482
7872
4139
4139
1956
286
7466
8175
4105
3724
3661
5720
971
7945
2051
3600
3544
2956
437
4017
5309
3376
6626
60
5791
5092
1965
3483
3179
6064
6431
5949
4139
308
1244
4462
5145
2772
3202
1049
7771
7526
5333
3560
5708
8119
3664
5010
8160
1786
1803
2166
7642
7877
2015
4046
7924
60
7869
6756
3161
3005
1027
6510
5687
3240
606
5019
1863
7940
7165
6622
6828
6384
932
5803
5396
3734
1434
1076
1281
8055
4319
4651
1942
4319
3542
3477
331
6176
383
2826
2538
3775
1074
3259
2812
2271
4729
4011
163
1411
4319
6263
3617
4525
8176
2441
1270
3090
1990
1641
2479
3068
6635
5619
3930
7752
6395
4562
2477
1664
272
534
6563
3684
1287
8187
7887
4146
7419
1209
3816
3816
1464
8160
7598
319
2225
6405
3148
2157
702
3288
1817
1798
7474
2225
1466
660
2378
5691
3523
8167
6588
5685
888
4270
2547
6650
4484
1087
4605
3950
6783
3992
6950
4074
486
4605
310
2080
2254
1595
7239
2678
4867
3401
7559
4076
5283
106
649
6061
6072
1633
6120
268
7852
1245
2046
829
7673
7178
4270
4708
7467
2729
8172
2881
5059
1264
2483
5335
2199
3577
945
3594
851
1154
5892
2337
1476
869
6673
7115
2076
7004
195
4238
7398
4941
2559
4498
1118
6552
2684
4637
4766
2034
7006
3329
5197
7058
7765
384
3541
4229
295
1298
6189
2247
6242
8135
3831
1207
1357
7099
6154
2272
4801
491
7301
4270
503
7882
6371
6342
1545
3888
7670
3950
4823
3274
6010
7536
7516
384
6145
3391
825
2965
6102
990
4173
1270
4970
8137
6939
7519
5245
5956
1466
5303
947
2340
6970
6975
3129
6898
3565
2265
2080
1105
6761
6053
6673
6276
6552
7680
5997
4562
2729
1769
2354
4076
6939
133
6021
6284
7441
7990
2194
363
5228
3811
7349
8000
3873
2409
1691
2217
4735
4260
975
921
7584
7135
5594
6082
2737
4022
3169
5338
4510
7081
675
5579
153
7081
4518
1615
4749
4044
5309
7584
3029
5883
6248
3605
3557
425
6167
4489
7153
4238
1880
1952
5204
8101
209
7269
7765
1620
827
2811
5112
7241
380
5602
7939
4452
235
4518
4469
2594
4528
2720
3628
3170
7936
729
7902
2383
2825
7396
6626
1997
5020
7195
7024
6531
5113
393
4816
4027
2377
3683
519
4829
4634
5520
3946
4811
380
4281
1869
7486
6331
6466
3937
1823
6569
5806
985
1607
8027
4840
7596
4702
6031
803
4753
899
116
5619
8080
4609
480
4621
6894
129
3780
4766
933
7929
586
6539
1172
7004
1905
5675
4815
519
1172
2716
4991
7175
6553
2343
6454
4532
428
5537
2576
589
5691
6136
640
895
43
1902
3039
1548
3974
7551
6444
6331
4382
4439
3743
2030
4639
4783
5591
597
5222
129
7076
7936
7828
21
7694
6275
4454
680
3326
1453
845
3378
3000
3158
4975
3120
145
3222
7001
679
2156
6460
7797
7020
1869
1064
3973
938
6251
3168
5588
7776
4337
1952
2920
7642
740
2676
591
3207
2676
2768
6437
1607
8103
2552
7506
5444
5177
1372
6615
6217
2068
1905
7125
2694
4899
4439
3536
6774
7490
3491
4115
2713
7405
2901
5870
7216
4308
4885
4306
4878
7716
5185
1109
7120
7328
4796
7364
6261
1870
5780
4731
5486
3760
132
2956
3155
6311
4310
2506
7894
5072
4415
5335
3579
2872
8152
1750
7086
843
1074
3719
6613
6808
6601
25
5380
689
1130
7414
7328
4291
7424
863
1134
4135
4339
2023
7020
507
603
3743
3156
1217
6448
6697
3916
4507
5146
7096
3106
3682
5402
7407
3786
3617
6626
6548
6186
3786
913
1129
7765
5379
1228
3145
16
6104
5785
4166
6851
1479
1917
3024
5741
760
5563
2727
3319
3933
2064
3477
1546
4600
4914
271
4283
829
5293
6741
3443
3483
2226
7182
3648
8078
1155
3536
6731
6716
6212
3130
2471
203
3401
4769
7624
2226
4978
5646
3068
281
1550
4152
3571
4619
7484
138
4766
6104
5515
4556
1063
3834
820
6941
2805
4573
4091
886
7820
4097
3373
8060
3873
6969
421
3822
3631
4801
1850
4986
3707
7405
3627
5210
2339
7251
6770
2303
6818
1799
2089
3113
7769
570
6367
3445
559
1224
7996
1944
4
1817
2976
6475
7791
2339
5619
4040
3947
5524
914
4651
7552
1081
531
6569
2379
959
4491
5466
5944
825
1934
4453
3682
7443
1537
5047
5177
6068
1589
783
3854
2796
7321
3049
5672
4484
6384
4299
1130
3050
4044
7453
7
3741
404
2737
6569
3115
4521
1425
2161
2465
276
4202
4892
1590
1584
3962
1537
6404
2579
409
5244
3682
7222
6185
6826
348
7051
2830
1664
6411
5608
6031
3536
5285
6334
3386
5608
4497
7861
4633
4708
2015
1133
5276
6117
4914
7962
2632
7482
5914
2722
958
1597
5126
6839
7898
5735
7615
1740
7796
6565
1672
4164
6227
367
5436
1534
6244
3523
7682
6179
3259
6992
1821
5536
6866
6911
7615
4350
5627
390
631
2364
8040
3111
1286
4194
6259
4524
4471
463
468
3115
4628
1060
5129
2907
1308
6500
4022
5061
2149
6968
1871
3311
3885
5531
1823
3253
1531
6415
7825
4202
6393
6139
1634
5035
6892
3385
428
2573
825
5130
4070
5952
3921
4477
5712
4505
2925
4466
6060
3734
1413
7205
2407
966
7765
7011
4880
4874
5516
6034
6170
7434
7493
6393
5158
7644
7223
5385
692
6903
2579
4330
4478
897
7871
5165
4950
3909
3468
7190
