0
0
0
8
10
0
0
2
10
2
0
1
0
0
0
0
0
5
0
0
0
0
0
0
0
0
0
0
0
0
0
1
0
0
0
0
2
0
0
0
0
0
0
0
0
0
0
0
0
0
0
0
0
4
0
0
1
2
0
0
0
0
0
0
0
0
0
0
0
0
0
0
0
0
2
0
0
0
0
0
0
0
0
0
0
0
2
0
0
0
0
0
0
0
0
0
8
0
0
0
0
0
0
0
20
4
0
8
5
2
0
0
0
0
0
2
0
0
3
0
0
5
6
0
0
2
1
0
0
0
0
1
2
0
2
1
0
0
1
0
0
0
0
0
0
0
0
0
0
1
0
0
0
0
0
0
0
0
0
0
1
1
0
0
0
0
0
0
0
0
0
1
0
0
0
0
0
0
0
0
0
0
0
0
0
0
0
0
0
2
0
6
0
0
0
0
0
0
1
0
0
0
0
0
11
4
8
5
4
1
27
0
1
4
1
1
1
14
1
0
0
11
0
0
2
9
0
0
0
1
0
1
0
0
0
0
0
0
0
0
0
0
0
0
0
0
0
0
0
0
0
0
0
10
0
0
421
1824
1824
1118
1965
2405
4478
2410
5112
7110
6510
631
421
2464
2629
2676
5279
591
574
8092
4475
2271
7520
201
14
3196
3911
2454
1048
1699
1699
3196
1680
1620
4202
5113
7304
744
6781
6827
5403
1319
6041
472
5272
109
7613
2271
7871
5608
194
7029
2796
2130
5801
4707
2856
491
109
6927
740
3504
5997
3741
1082
4020
7689
288
5896
6735
4361
8048
3167
3158
2130
1160
7827
3167
3790
432
3600
5921
4542
2459
5537
5654
1765
2219
1830
4049
1775
967
7545
411
4707
2533
1090
4858
8092
1835
2192
7910
5232
5627
4074
4950
4492
1023
1473
1137
5077
4491
390
4350
6123
2868
7570
4007
575
2868
7545
3541
1699
1919
740
411
4255
5057
4578
4194
507
1118
4707
1155
1534
5627
3068
4892
4340
6041
7011
7435
1319
1620
3024
3828
5545
4478
3477
4365
964
783
4735
6791
1473
7234
5892
4809
61
3636
4609
7723
4377
4232
4707
5507
7910
5403
5874
4317
7133
96
1576
8023
3120
1414
4741
5935
221
899
6590
3353
3976
568
6104
5664
1105
4881
7545
4609
2464
2415
4609
3773
5192
5259
2271
2285
7583
1979
7901
4703
7603
367
2339
4011
649
2229
6497
303
963
5574
3205
5396
1818
7570
5285
1064
390
1924
4485
7615
4707
2777
1046
5024
5587
5175
1087
4341
1962
2010
1439
1394
3129
6375
92
2281
7164
6116
1196
7319
4889
4110
394
5353
3767
318
4183
6619
3821
519
787
7280
6098
6228
1164
6761
4812
6122
2957
4619
5865
7722
6275
1706
1292
7081
252
1317
4736
7755
2720
4528
6042
1340
3812
3106
4561
3277
844
6204
5938
128
5064
3575
3814
7171
1824
6041
5412
263
6660
4466
7825
4300
4310
6849
1869
6405
5837
4749
7079
7643
4273
4310
2863
5761
4531
1585
7880
2693
3743
1671
7831
1435
2791
808
2987
2558
4594
6227
4809
1765
1602
3504
6035
6448
3294
7416
5148
493
1012
380
5739
6474
6403
194
1366
6065
3795
7416
5913
1357
4482
2575
3711
6700
6839
5139
6989
6411
1988
6321
7143
2512
2762
5499
6828
1954
6365
519
7171
3171
4899
3707
458
1585
5651
4469
1346
5952
4153
796
5375
3029
1635
7059
872
126
4881
7806
5748
4735
421
7389
3851
1025
4526
6613
5228
2968
1401
5176
8123
3037
6405
102
7142
1234
1061
519
4743
4675
373
7353
2178
7756
6720
3946
4310
3503
4020
5945
3443
5412
631
5594
6380
5605
1892
2793
7831
2544
8064
4330
6954
6532
317
3170
3318
2225
37
2308
7514
6636
102
2401
4523
6535
4590
1699
6990
781
5833
5209
7205
6737
4609
2512
811
1010
1800
8018
4633
128
2391
6474
5986
4747
3318
4738
6892
5145
2220
273
6839
942
6448
7885
6536
1982
2253
5862
6209
4528
2139
3504
4399
2831
5361
2082
5936
6474
495
7845
434
2535
3191
3536
611
7125
7831
3711
2281
3286
760
3008
3170
3753
2112
2976
2727
204
2685
6444
4743
4005
4330
538
215
1631
4911
7923
4528
7078
1025
3644
728
6789
1613
7313
5394
1682
6251
2863
7821
6065
2308
1385
6014
2849
4623
5365
5862
7639
5446
4794
7877
4331
2303
568
4609
3167
842
294
5126
1671
5692
118
2574
4743
1385
6364
6990
3257
3962
6474
5036
1693
4358
1989
386
1344
7273
1962
2628
47
5495
504
4755
1852
5288
6831
3821
5024
5165
3145
4283
4815
3374
2761
4661
952
3712
7234
1934
5495
4276
7399
7313
7929
796
6411
5591
6732
6301
3743
2630
2292
3855
6451
341
3841
8107
3276
2504
7956
2272
5759
586
5761
1061
2281
2255
6024
73
6514
1582
6869
4811
6851
7563
186
3854
142
5784
2443
128
2823
6388
4815
5938
4843
4010
7593
3911
5185
3076
3790
7582
3143
4970
3313
999
5924
5457
3676
7754
1994
793
2337
281
7292
6415
4899
3197
4811
3166
2863
7737
3932
7299
6217
5762
2555
7184
3074
7582
7583
6824
4700
568
6041
1036
5449
2876
1413
5302
3291
787
479
3932
5263
4018
6075
1699
5495
3113
2594
4749
1554
6220
7070
5433
7378
942
3339
2911
5058
5536
4685
2232
5892
390
2777
2629
4396
4672
7901
4207
7721
2823
4722
5574
6791
8128
4459
8081
1934
2766
6886
5125
6189
2226
2949
3684
8025
390
4609
6440
3650
5507
1760
5343
4809
5412
211
2405
916
2645
4609
1550
6227
4809
4628
4194
1821
825
2603
3473
2061
5646
5347
1994
5013
657
4957
6087
4490
763
4491
7389
6020
61
270
2411
783
5778
5778
1319
7910
1709
7491
5220
4609
255
4475
764
211
3577
8078
7004
5288
5079
491
5054
3301
1664
1826
3492
6634
4583
227
4932
7915
6004
3017
4600
568
783
5536
2868
2080
3959
7028
1029
2679
4361
2777
7615
2791
4796
4594
5024
5066
4293
5730
5434
963
6818
3068
4080
704
1251
3584
7570
8046
1751
4594
6791
4700
631
4448
2464
1988
5412
4491
255
5403
254
568
7484
186
3600
1965
1241
6135
1944
783
3413
5385
8065
2343
4472
5412
722
2023
6243
2358
4598
4329
1466
6517
472
1576
531
170
8030
825
3477
6104
2405
2066
5024
5112
6753
7192
5579
1620
591
4129
1550
3790
1017
1857
4202
6262
6533
5019
3607
5547
7209
4255
2186
5232
450
3389
6677
4575
4018
1565
7596
2464
7615
4293
1105
7995
3541
5778
4594
411
1776
4618
7384
3585
7573
1556
649
6327
5871
2080
2657
8078
5139
1544
432
7171
1319
6791
7872
411
5412
7451
5579
1319
215
3389
7491
2405
631
8030
2248
6791
5129
7582
5398
4571
6128
5515
2558
4628
4425
5447
4892
4530
4027
6974
5402
4594
421
6796
1550
1155
215
2676
4164
3747
4594
2907
916
4475
3585
8143
650
2560
6553
4475
7059
1139
8103
4390
2217
1944
1129
4202
5726
5553
3271
432
5397
7301
255
7872
6393
3443
4698
6227
2868
5113
6737
297
390
8025
2080
5643
7153
4505
3835
8025
7154
2863
5403
7585
1879
797
1020
7389
6950
6069
1185
7121
5288
1238
