0
0
0
8
11
0
0
2
10
1
1
0
0
0
0
1
0
0
0
0
0
0
0
4
0
0
2
0
0
0
2
2
0
0
0
0
1
0
0
0
0
0
0
0
0
0
0
0
0
0
0
0
0
3
1
0
0
0
1
0
0
0
0
0
0
0
0
1
0
0
0
0
0
0
0
0
0
0
0
0
4
0
0
0
0
0
1
0
0
0
2
5
2
0
0
2
4
1
0
0
0
0
0
0
26
0
0
10
9
5
0
0
0
0
0
4
4
0
0
4
0
1
11
2
0
0
2
5
1
1
0
0
0
2
5
0
2
0
2
0
0
2
0
0
1
0
0
0
0
0
0
0
0
0
2
1
1
0
0
0
0
0
1
1
0
2
0
0
0
1
0
0
0
0
0
0
0
1
0
0
0
0
0
0
0
0
0
0
0
4
0
6
0
0
1
0
0
0
0
0
0
0
0
0
10
4
7
8
4
9
24
2
0
4
2
4
6
15
2
0
1
15
0
1
0
8
0
0
0
1
0
2
0
0
0
0
0
0
0
0
0
0
0
0
0
0
0
0
0
0
0
0
0
10
0
0
2777
2464
4233
2051
2764
2679
6059
5220
2464
3051
795
6053
3188
4340
7723
6827
6553
6188
3158
1565
4522
6271
921
7227
631
5536
8092
4575
5594
568
702
7755
7205
5332
1671
531
7413
1944
471
5482
740
1689
5746
5896
5537
2459
421
3541
4340
1836
4934
1929
7344
7866
4099
7134
5143
6989
6761
3084
7497
7337
3810
8089
6677
5019
5077
255
3888
8011
2405
3158
425
7781
389
6031
5682
2854
1490
591
5594
684
783
3747
2421
4290
3661
3851
4491
4202
744
2530
7617
1608
7258
5292
6756
7575
6438
8023
6737
1852
2343
254
2773
6354
5290
4365
4466
4444
3473
2076
5013
3473
6561
6004
5220
744
1539
2002
6041
4700
1056
1040
6765
6022
3947
3240
2260
4027
8030
1607
6276
5282
7258
3682
4415
1916
3304
5530
5837
522
7600
6255
6071
4172
102
2565
3864
3029
7956
4651
6134
3777
7269
6394
364
6603
2516
3542
3240
4233
2421
4759
4207
4233
2923
2968
1816
4887
4149
611
3795
3510
3118
3671
266
1413
1900
4481
6121
3659
2181
2698
1949
7651
7527
3427
4260
6785
7679
2986
727
7086
8023
3541
5993
3888
4094
1340
2578
2956
3049
1762
7078
574
2006
4743
5739
5394
2589
5344
6247
5938
2606
7090
8143
4290
5896
4270
7371
5276
2489
6720
255
8023
3123
3322
2676
1659
7994
7609
7915
4278
6700
2956
5761
3740
5761
7466
7819
1865
1682
102
4571
6256
7041
4575
3497
2887
7389
5095
6078
5896
5517
5710
3682
5579
1488
5248
5176
7345
284
5529
5862
2977
6466
1585
6068
4672
5761
1667
1207
8064
3257
6065
7622
8166
981
1850
2721
8158
3305
1150
1159
3589
2303
5019
5840
6827
4716
7901
2960
3834
6498
7518
5398
7302
886
7717
1010
4811
3083
6527
5584
423
5168
7020
102
3974
5938
4899
5803
964
3237
4493
1236
3541
87
2285
3559
2105
2257
226
1892
2450
1472
3391
5545
2042
4518
1356
3683
97
1466
3452
906
705
2082
7303
1204
904
556
1972
3671
5209
2498
6276
3955
925
3153
1057
6384
7910
5902
3810
4153
5867
5596
7057
2555
2663
4911
4070
422
2863
4485
341
4925
2226
2232
2308
6886
4811
7819
5335
5159
869
1401
8132
4498
5590
2918
4491
4017
6000
662
2110
4944
1982
4466
4172
4329
7666
6014
3834
4044
1435
383
5433
4931
1366
1010
470
7089
1137
815
380
3286
519
4172
6493
2002
5077
7491
1836
1852
7823
1476
7313
5970
497
102
1164
1073
1453
5224
7990
4037
904
54
8073
3421
7934
4454
1527
4346
7880
6139
5176
743
5258
3989
4340
3541
2635
7997
3196
531
575
425
4962
5138
1699
7685
1288
163
4523
1790
7295
5020
6851
2076
2460
1856
6613
1345
2379
6886
7620
3294
6040
2272
5777
1713
4538
2513
6082
7092
7613
5403
2229
2961
7682
2105
7518
1061
6405
3300
632
1091
7319
7166
1551
3503
7482
4035
6941
7004
1401
574
4662
4273
2277
8091
3760
3257
126
92
6089
912
209
4361
6053
5662
1777
8081
4439
3017
2110
1865
4439
2178
7171
383
2671
3159
5957
3192
4454
4528
5207
217
465
4944
6474
3257
705
8175
2068
2393
744
4809
8064
5272
332
3279
2535
1699
4415
3280
1682
6501
1073
869
8091
3911
6572
504
37
7171
1850
7292
1979
7171
1025
6883
102
6027
1324
8127
6098
2721
174
6417
2244
7205
6535
815
7785
7934
5394
5233
4390
507
5455
5394
886
5461
4743
386
1139
1865
7990
4528
6076
3029
1753
4743
6407
6013
3721
2902
4172
1406
5911
7926
3561
5232
1029
7405
2068
967
6474
3434
7174
7910
7
5804
7378
7829
6572
6941
1413
3962
7416
3318
7004
4590
1760
145
6886
5938
2194
4201
737
3081
552
5143
5650
4609
6104
6444
3300
7717
3197
6460
1606
3470
6263
4811
857
6572
1207
7059
4528
3536
7648
4702
6073
5675
5675
1196
5128
1318
7518
760
5289
5911
5452
870
6510
2463
4406
2082
367
4177
5266
5566
4824
4481
2685
7029
746
5335
4524
3318
6220
5785
760
5492
556
3002
6331
6990
6030
4777
4451
6111
6454
2916
6927
4475
3158
4084
1965
3835
1139
4556
6798
4229
1327
2272
7819
6932
2194
4426
1204
3460
519
2791
3026
4743
1346
7821
5161
3197
4766
6992
6680
934
1680
4017
1204
1535
6735
6868
7816
5840
4970
7353
4140
8081
4815
3294
5398
679
7816
6740
7885
341
8018
3711
4944
8064
6311
7052
3575
4029
5764
7149
8022
4300
2339
2118
6640
4293
7119
6249
6756
3155
4310
4112
3841
938
7098
8019
3218
102
194
7831
731
4743
169
1357
4273
2006
3536
380
5126
7022
1576
1184
1672
4492
899
7028
1435
2465
2987
7141
5529
1048
2384
735
1030
2175
556
5356
1589
394
1207
7020
1440
6460
5761
6883
7831
3271
7725
1667
2504
5438
2737
5594
7995
320
783
4491
7915
3443
5364
7893
3120
8021
6442
2803
4707
7229
5459
3078
3554
3832
2068
126
5804
3353
705
4811
1998
285
5250
6247
6103
4783
1990
3469
2252
1217
2309
6761
1585
2285
3205
2006
5118
3699
3594
5547
2679
1137
5048
1565
3303
7445
4331
908
4743
367
6023
4944
519
808
5542
4053
7979
5107
283
1593
4152
960
7451
1739
3257
450
5725
4759
1238
486
5543
3810
201
7613
7585
2654
7753
3098
4528
7726
1916
5347
7965
21
6474
1318
2987
5412
3576
6303
4710
1620
5553
960
6176
845
747
1917
2808
3790
5276
7493
615
3347
5112
7615
5982
4858
4482
2945
4082
1836
2574
6835
4439
4140
3707
43
5998
4533
702
7583
4582
4735
1043
542
1345
2557
1988
8048
4707
6000
5761
4630
5619
2856
3624
6876
815
2137
411
3635
959
6761
2907
2364
3421
1279
7416
1600
5802
7592
6510
255
2248
4492
7059
61
1686
3684
574
4372
14
6450
1241
3589
1873
34
3475
5761
4743
5547
4326
5232
7106
2679
744
4065
5403
1105
5654
3236
1488
783
2894
2418
229
372
5176
1631
1105
3706
7861
4479
2663
