0
0
0
8
13
0
0
1
9
1
0
0
2
0
0
0
2
1
0
0
0
0
0
1
0
0
1
1
0
0
1
2
0
0
0
0
1
0
0
0
0
0
0
0
0
0
0
0
0
0
0
0
0
2
2
0
1
0
2
0
0
0
0
0
2
0
0
1
0
1
0
0
0
0
2
0
1
1
0
1
1
0
0
0
0
0
0
0
0
0
0
1
0
0
0
0
6
0
0
0
0
0
0
0
24
4
0
13
6
4
0
0
0
0
0
0
5
0
1
1
2
2
6
1
0
1
0
1
0
2
2
0
1
0
2
0
0
0
0
0
0
1
0
0
0
0
1
0
1
0
0
0
0
0
2
1
0
0
0
0
0
1
2
1
0
1
0
1
0
0
0
2
0
0
0
0
0
0
0
0
0
0
0
0
0
0
0
0
0
4
0
4
0
0
0
0
0
0
0
0
0
0
0
0
9
6
5
6
6
3
24
1
7
2
1
1
1
22
4
0
2
13
0
0
2
8
0
1
0
1
0
1
0
0
0
0
0
0
0
0
0
0
0
0
0
0
0
0
0
0
0
0
0
10
0
0
8121
7070
170
7582
255
845
6041
2761
4545
684
3469
7910
797
6417
3888
2345
2868
6737
7757
3212
3986
4017
7940
4202
3186
3592
5687
5629
389
7613
4491
1965
2359
7518
1319
5722
6501
1029
5896
335
4716
1825
432
5627
4504
6761
4788
2194
3326
3229
7061
7153
5499
7570
4491
1472
4084
2516
7059
1137
1607
574
3158
7304
7596
480
4011
557
4255
1971
5584
3676
2023
4484
2109
2863
297
5123
6980
2509
5220
3358
1852
1706
1493
8023
3120
2130
7497
217
4080
5350
5629
3153
1434
5118
1473
1103
3631
2285
45
5077
1925
3481
257
4149
5777
3049
6444
2558
6827
5172
6042
6377
568
3983
215
8048
35
3541
2496
6740
6990
6176
6139
3077
7059
3350
1849
649
7347
8089
1163
2987
3155
4857
3434
7442
6114
625
1900
3476
470
1304
3196
3196
5629
1613
1607
5385
7497
7688
4229
2049
1816
6176
3492
5833
4353
7022
2419
727
4100
5909
271
3474
5853
6798
2501
2178
5394
2116
5033
2110
4815
6984
3978
188
6403
7162
5118
4900
109
727
1124
1932
4849
2708
5027
4387
4019
1200
14
8030
3085
5646
475
2710
1865
7313
1519
3209
5796
1366
5168
4749
5228
6301
6774
5845
6431
7525
6271
6437
902
5555
6517
4153
39
4723
4426
6076
5896
2219
4950
6553
7013
3284
3197
6263
194
1196
3184
194
2194
6572
227
4815
2273
5244
4513
8029
7525
5822
2720
3645
48
5276
4472
248
273
3790
7816
1680
7236
2956
3600
7623
6256
7164
999
2949
4899
4441
677
209
6247
1131
625
6527
2110
4454
3759
8158
7750
3356
1595
3600
3893
3148
7493
4115
5172
421
1319
6104
5840
1483
3244
6740
5091
5446
5764
1613
4081
1139
2544
4659
1401
5232
2644
7503
5206
7559
2849
3915
2112
2422
8131
5509
6104
1698
2248
7305
2049
702
6320
531
7491
3077
3586
5931
2226
3186
5566
3841
5938
7805
2956
760
4743
7717
1061
2956
5127
1671
4300
3353
5646
4684
4459
4075
5715
7143
7432
2810
5103
5249
250
6104
4492
7059
6844
4887
1699
3029
4815
6137
5806
2849
1615
4749
7990
1366
7353
8073
6263
1366
2082
8177
3729
7546
4856
5178
7116
1062
1792
7236
1566
6480
4291
7882
255
4944
6558
285
1784
4755
4674
4815
3726
2186
1486
6839
7894
3008
6907
2911
4815
465
3962
5760
1058
3130
3277
5421
2461
7820
2868
1836
1633
1631
5762
2105
5066
1584
1544
6210
2710
3318
6572
6572
4944
4815
7831
2649
2225
5375
128
1696
4675
1357
4518
3024
3669
4822
5660
7344
2080
1046
3541
2663
6030
2489
5220
227
2716
6864
618
4749
857
7737
4856
6592
904
3683
1385
6844
807
5804
6572
6114
815
815
6114
627
4801
413
3429
6364
1068
3536
5292
5731
698
3389
320
1439
1170
1769
1907
102
5761
24
6732
4668
2360
1385
8073
5142
1865
2715
3325
5394
1357
1650
6883
6220
1375
2037
5036
2471
2783
704
2405
7819
6059
8048
4340
1488
266
7078
3197
3191
666
3602
8013
4571
2632
3452
3251
705
6030
584
5637
2253
4528
4354
2226
1346
4951
5123
128
597
5588
4159
2907
1539
6720
3682
4609
3263
1699
5514
825
5157
5993
2947
1850
4005
1327
4273
3523
2716
2949
679
3845
6013
373
5133
595
5931
5528
4459
5862
5632
5796
1497
795
4415
8143
1076
1522
3712
5419
7910
6193
964
3575
3617
3743
6119
7216
5050
6474
611
1453
7416
1440
4466
1139
6474
5210
6454
6959
4071
1196
3492
6988
7497
2008
6526
1331
1979
3507
4505
4940
574
5433
7365
7364
6535
7915
5644
2601
4505
1366
995
5742
7867
7533
7953
4749
380
3669
5210
1631
7841
4544
873
6294
6989
3059
2349
5242
4339
3507
7252
5078
3492
2339
2002
7160
6990
2401
5461
2922
6474
4469
6979
5777
4528
4524
2199
2716
743
3841
6217
6999
3014
698
5461
7886
8175
2920
4950
1836
4420
1683
3555
2752
5082
5731
4809
3191
2128
6403
5928
39
4531
3574
2186
3908
1366
102
2715
3473
3197
7432
1795
6535
8041
3027
3515
4065
6569
5380
1485
8009
7836
6560
3799
6036
4707
2679
568
2788
6682
5428
6791
3644
1138
4003
796
5415
6592
7079
4815
5812
5633
2987
7752
2048
4392
2232
2711
5630
1595
2349
4534
4571
6193
1862
560
5412
4291
1281
432
3594
1467
5537
6828
6490
7037
1902
3232
96
3313
1025
497
1177
7081
711
979
845
2118
3716
1823
7052
895
1217
3553
5121
3918
6066
2516
6104
3314
631
5364
1319
425
3730
3667
8145
7378
2289
1164
7967
3143
4931
5400
5150
5449
2256
3899
5013
2626
252
3775
1680
7586
3670
4005
89
3416
6740
5994
7484
1241
7236
5517
2512
1062
2229
4472
8155
273
5800
3577
3888
1817
6991
1030
8092
6828
6756
3609
829
332
3424
5650
2716
5214
2832
6387
6807
6000
4155
2419
1318
2016
3051
3263
5091
4297
6722
3477
7063
7051
802
3876
2773
2610
5250
4055
3577
7405
5579
5647
7693
7509
5063
5485
2968
2716
6761
4880
725
5598
2551
7432
2421
7148
4796
1048
1584
5492
5545
3664
807
1453
2124
3669
1042
3947
4123
7419
6548
5874
6831
2777
2105
6120
1880
6895
5997
4233
4017
3443
1664
3847
972
3380
2789
4005
5344
4017
2459
1040
87
7882
8103
6000
8151
1029
1699
6996
4338
4481
3068
2279
535
522
3681
6873
3279
3913
831
5363
2835
3158
2796
7790
4507
3391
6851
6362
7995
2219
1029
5168
3684
3158
7269
3077
7064
3469
8103
2229
4492
1217
6076
4345
933
6660
184
3617
1057
1029
2459
7491
2662
6789
2273
6724
1382
6450
744
2663
6759
7682
7434
1830
3320
6262
4708
5514
1965
3848
6761
939
258
169
5403
1415
2252
1253
6778
7995
1972
4273
3642
1164
4017
4843
2089
3909
5672
1836
5798
3888
6475
6475
2850
1030
6468
7524
7682
5668
28
36
1823
1799
174
3793
3391
7915
1989
3992
2721
3186
2405
4703
5896
6761
2300
3744
6886
6607
2464
2894
7258
6929
