0
0
0
10
9
0
0
2
10
0
0
2
2
0
0
0
0
1
0
0
0
0
0
1
0
0
0
2
0
0
1
2
0
0
0
0
2
0
0
0
0
0
0
0
0
0
0
0
0
0
0
0
0
2
4
0
0
0
0
0
0
0
0
0
0
0
0
1
0
0
0
0
0
0
2
0
1
0
1
0
1
0
1
0
1
0
0
0
0
0
0
0
0
0
0
1
11
0
0
0
0
0
0
0
22
3
0
8
6
2
0
0
0
0
0
0
2
0
5
1
4
6
10
1
0
0
2
1
0
2
0
0
2
0
2
0
0
0
2
0
0
1
0
0
0
0
0
0
1
0
0
1
0
0
1
1
0
0
0
0
0
0
2
1
1
1
0
0
0
0
1
1
0
0
0
0
1
1
0
0
0
1
1
1
0
0
0
0
0
4
0
6
0
0
0
0
0
1
0
0
0
1
0
0
15
7
7
3
1
2
35
0
8
4
0
1
2
11
4
0
2
13
0
0
2
12
0
0
0
1
0
6
0
0
0
0
0
0
0
0
0
0
0
0
0
0
0
0
0
0
0
0
0
10
0
0
4812
4812
7497
3702
4340
2419
2425
1988
2784
1009
4796
4017
3741
2405
3916
4239
4813
4759
3414
1932
8083
7663
2271
2271
1600
8048
568
2459
8030
1733
5514
3443
2916
7827
4796
3740
1929
7162
4618
6853
2137
7389
7545
5594
5290
7155
2405
3581
7782
1971
7545
6784
4046
5398
3747
845
2283
7679
5385
4361
8023
6000
3684
1046
3386
7781
30
7012
3292
3262
8025
3848
3885
7491
4670
5664
6756
7216
8080
1238
4155
4718
538
6447
7788
4759
4017
2690
1245
508
4339
6889
1522
6327
3364
7692
1160
541
4315
169
3947
2737
8083
6385
4984
8081
8143
7788
7415
61
916
3631
2361
5189
3544
7577
7040
2525
4319
5383
7688
7
5351
8118
5444
6868
3901
7301
5322
7913
4835
5167
6973
2136
1224
157
3439
2277
2006
4150
7070
7405
4109
2123
1020
2296
7492
980
2059
2425
2499
2907
4207
6902
7405
7806
3720
4419
3950
2497
1441
4492
1164
1836
7887
4618
1218
2051
4788
26
869
4881
47
4007
583
7636
1082
2009
6222
4873
4609
5161
6110
643
1893
4727
3916
4933
7647
3051
4652
2778
4858
208
2002
1534
1023
5936
4270
1497
3098
7153
1732
6886
2405
6590
7670
1032
7871
5608
5314
6833
410
2986
1232
2500
907
1353
2645
1232
2406
934
5587
5977
7823
5332
5762
1029
1535
906
7852
5514
3259
2830
2034
97
4858
6306
6342
390
4578
1783
390
591
3636
7795
3901
5839
2802
651
7401
7492
3732
740
384
4812
5833
4017
744
4479
2772
5627
7093
4504
4340
5166
1279
2470
2603
1938
140
845
7250
7001
8070
3483
317
644
4363
4074
1559
5077
6833
3823
390
5751
6660
2318
740
5403
2679
1926
5139
7827
7389
4851
1709
2489
2074
1446
1108
3549
3280
5098
5273
5691
985
7241
6220
1492
5734
4034
2780
6122
772
8160
4016
7716
2741
6967
4578
4020
6117
2533
7950
2130
254
3443
1062
568
4056
4044
5800
7717
6876
1905
3708
1817
3224
5583
4240
4649
3576
882
228
1481
5189
575
5187
5846
1450
2449
5332
722
2836
6409
6873
2405
1824
5272
6578
5814
6761
2506
1817
7493
6014
2272
7004
2532
6121
964
7435
7526
3465
2939
2781
2834
2967
5625
3861
3577
6958
2530
7281
587
8064
6294
1830
1090
4150
1024
7405
3891
3319
3339
328
6529
217
7754
2632
7079
6529
898
6035
3434
943
1348
1845
1740
1513
1272
731
4274
5566
4474
2016
6370
5417
7355
3986
6989
7437
2086
6769
3891
3742
3841
5394
2710
1139
4659
7469
7234
2281
3029
3280
7992
1471
3381
4056
6645
2817
1158
6131
6651
157
1309
1620
1029
1029
531
6565
2558
1688
285
8074
3813
7355
4278
6630
7302
2668
5497
3029
8038
597
6501
2471
2226
3812
8114
1076
2283
1826
4792
5608
4926
4519
3902
2916
1989
1532
2679
1029
4264
7428
4795
3473
7831
3845
1357
5473
602
7162
674
4295
3459
4481
1385
7953
1434
7958
7544
8006
3732
4858
915
797
5010
1765
2749
7945
5748
3854
5537
5423
7788
4834
7022
6613
4811
380
7990
1437
6092
7825
1366
2164
1327
611
7079
872
7125
1913
31
4270
538
6346
6031
4329
5057
5887
4511
7647
2948
7823
5332
6058
3541
4633
5281
5015
3277
2023
1061
6331
2186
6040
1784
1982
2715
5663
5856
6034
4308
6992
433
4266
5456
4632
4519
8039
5751
7489
2999
4646
4491
7692
1434
2515
3443
1024
635
5527
5034
7125
6365
4731
5058
4743
1228
2082
6405
1025
3760
3051
6217
8127
3266
588
8083
5063
8080
4739
158
5702
6799
5075
6369
6735
1048
6571
4011
7491
5449
3723
6501
5527
5176
6858
6331
1357
7079
5142
4528
1682
7486
857
1413
711
3099
5530
5915
7679
2318
4785
2930
1057
2318
5716
2308
255
8103
6000
6409
5385
4329
5542
1635
1998
6331
5233
2956
6444
7079
4731
1486
1544
4172
769
2023
1667
1613
4600
1132
539
386
2562
7585
1938
5255
1119
6864
6989
1765
8023
90
7180
3823
5781
2337
6710
2863
869
6013
5233
5394
2272
1760
743
95
4699
4218
4061
6836
635
3166
1384
4361
4343
4290
5166
6594
4595
5998
1778
710
3196
5805
2459
6321
3415
3631
1349
1302
4686
7151
4209
1366
5764
6162
5438
5951
7821
35
407
6768
5338
7577
4632
4213
3284
715
6070
6141
4065
3074
7426
298
4950
2907
2783
1029
3440
702
2892
5621
6649
6290
4514
5796
4548
6284
3750
7167
3184
7510
7795
3420
2484
6895
7636
3797
3298
7900
7395
2941
8021
5434
1441
6540
1965
2361
5224
1581
4340
1029
4291
4472
5537
3893
7482
7866
2802
3857
5439
2408
4109
1082
4502
3252
2672
6344
3958
208
1513
3601
4778
1854
6540
3305
1940
6906
1228
4124
1256
1989
4824
1062
6660
7592
3572
2374
702
7887
621
5439
7851
5163
3687
5987
3824
7714
3894
7106
7135
2941
5810
3751
5198
882
1415
4847
542
1713
1619
3245
4825
7119
7362
986
3448
2902
3903
6035
2228
3155
3410
7893
6927
2276
448
2366
2118
2415
533
5198
2365
5192
7327
4329
5468
157
7587
7230
6756
4229
2512
744
6327
915
7507
2406
4435
125
757
39
3609
1462
1046
6438
6321
5975
3598
3993
3732
3751
6475
2318
1478
4211
4742
2832
4744
6926
512
3849
7077
7520
1095
1826
4175
5273
4329
6193
5890
6436
7180
174
4759
6162
4251
48
5531
2735
2369
3773
6074
6657
5027
5688
2189
1838
4085
3821
5914
5751
1581
6434
3953
7155
4291
1050
4759
3910
7757
5364
6210
4623
5733
1520
7196
7546
2501
5384
7989
4857
7330
3553
5247
3267
7888
4103
6052
6074
280
6371
6483
44
5242
3513
7893
849
1639
2948
3401
7253
3682
6876
3445
6760
7573
6386
5631
2266
7077
3537
1132
793
7638
6785
6295
1470
3751
6012
7890
3807
3439
7564
614
2131
4229
4390
5338
4367
6740
6889
8023
6651
5205
3497
2553
1019
3960
836
1524
1649
2546
520
5835
4742
4476
3995
1820
2932
2597
5163
7048
1176
124
2189
1890
4574
