0
0
0
9
16
0
0
1
11
0
0
4
0
1
0
0
0
1
0
2
0
0
0
4
0
0
4
3
0
0
2
0
0
0
0
0
0
0
0
0
0
0
0
0
0
0
0
0
0
0
0
0
0
3
2
0
5
1
2
0
0
1
0
0
0
0
1
1
0
0
0
0
0
0
2
0
1
1
0
0
1
1
0
0
0
0
0
0
0
0
0
3
0
0
0
0
7
0
0
0
0
0
0
0
20
3
0
9
5
2
0
0
0
0
0
2
10
0
3
4
0
3
10
3
0
0
0
2
2
0
0
0
1
1
0
0
1
1
0
0
0
1
0
0
1
1
0
0
4
1
0
0
0
0
0
1
1
0
1
1
1
0
0
0
0
0
0
0
0
0
0
1
0
0
0
0
0
0
0
0
0
2
0
1
3
0
0
0
0
8
0
8
0
0
0
0
0
0
0
0
0
0
0
0
10
6
8
8
7
3
33
1
5
2
1
2
0
7
3
0
1
12
0
0
2
5
0
0
0
1
0
4
0
0
0
0
0
0
0
0
1
0
0
0
0
0
0
0
0
0
0
0
0
10
0
0
1567
1971
4482
333
1641
3265
6082
7250
2892
5801
705
6002
1513
5523
575
3196
3358
712
15
2622
5053
471
2426
7230
7211
5140
6417
1705
5028
7583
1699
744
1856
194
5765
5333
134
403
5896
7494
5493
4345
6831
4200
7442
373
4707
7059
673
1299
2878
4005
1509
2854
6521
4815
4361
1319
959
2252
5157
5007
4214
4330
8121
705
3161
3349
886
892
4708
5095
3733
2271
3477
7816
3368
109
2903
829
6476
727
450
2679
1430
4517
6152
6152
4571
4340
2252
3541
7384
1083
2938
5113
4521
5095
3492
2633
783
1213
2766
6708
7059
3888
6203
6321
843
2498
5791
6176
3608
7226
1048
6465
6564
5453
4793
727
706
1584
3610
2927
7902
1824
8092
6221
1979
123
194
2261
4194
649
3226
1661
3196
5514
5183
4352
4217
7034
649
6617
1040
1988
6824
7902
2190
2825
5364
3475
4070
4220
2620
6659
1473
1304
1998
457
5290
6065
4080
1048
4461
7691
289
6450
7389
3664
2464
5731
7290
783
3457
6521
2271
5290
3747
7574
5290
2868
3823
2512
7622
1159
2345
7551
7466
1185
1023
6737
1217
2252
2454
4840
4294
3028
1157
1584
7160
6717
7255
3245
3959
5224
7282
6377
4578
3669
3443
933
1414
686
5592
4581
2001
4582
4962
4707
2558
7078
3809
2634
3870
6121
675
4497
2219
7040
6397
169
172
886
1716
1595
6858
3442
3743
5426
3875
4195
3039
6284
7039
6238
5566
1155
5707
1435
1715
6228
1989
7393
2211
5498
2464
8190
7337
5372
5454
7780
6179
4461
684
4100
5787
7081
3579
106
3683
73
5918
1869
4358
6263
7349
2942
7548
4406
5485
3609
8046
3443
3188
5332
740
7178
2868
7788
1562
4181
6020
1881
966
6906
2924
7371
370
6130
6539
1074
1401
2477
4400
2477
2717
7219
4899
6637
2671
5567
15
3391
3124
324
2512
2458
6027
7241
4290
744
5694
6731
1954
1440
5445
4504
2400
3170
1350
4044
4358
787
2178
3394
6247
6539
1584
1667
2340
2720
2081
7166
5099
259
5733
5226
3719
372
3213
3541
4390
1029
635
5778
4498
2002
5290
2251
2961
3118
3831
3214
3845
3108
1366
4044
3962
1061
5419
2872
3855
2589
5126
4698
6406
3989
2410
2280
4992
3577
1900
574
4124
1359
5180
4104
3441
882
4536
7939
1428
2721
2521
4518
3523
6388
1061
627
4531
5206
1642
4044
711
658
1441
2246
8068
5343
6417
746
3433
5536
825
328
3911
4570
4899
3363
7811
8160
7587
4240
2872
5762
4295
4044
406
6013
4639
1061
7001
5142
911
4811
787
3712
5563
4843
349
6863
740
87
4521
2016
845
4530
5731
5672
1107
1928
5328
1852
143
2642
2033
1267
7302
4281
5344
4469
7166
1357
180
128
3380
584
3712
5563
4899
6121
153
740
1415
1304
1105
4851
5419
5185
4580
4365
7926
5654
3318
7213
8107
625
1025
3743
598
493
5845
5545
5097
5804
1531
2949
1207
493
6014
153
999
2716
1074
5148
5596
7452
4900
721
1308
6004
1272
389
5048
5748
4739
5109
5532
3054
2032
3683
632
6883
7643
3759
3224
4075
3024
2540
831
2033
6364
7819
4889
2594
2783
870
2560
5982
4583
36
1289
6925
297
7384
6549
6827
7596
6389
5529
7976
7079
5123
5233
1327
7894
3170
4793
2246
4911
1429
8046
1850
6535
3196
145
2544
3921
4177
2679
5890
1289
7739
2219
7194
2100
4472
1690
491
4475
6389
140
938
2521
1142
975
6220
6139
1913
318
5862
6450
924
4769
2587
6388
1134
2926
2729
3579
7682
3609
5273
5514
5485
7408
999
2124
5976
6065
7205
2137
6089
5687
6075
4153
319
6939
153
180
4777
728
6066
2662
8135
217
1471
4518
180
5554
140
33
7463
6437
3068
14
167
273
2552
14
5160
684
6321
169
7844
1389
268
7081
3026
4944
1346
5924
6013
5433
535
2753
2308
126
4806
2011
4411
3885
5461
4813
1057
1017
6735
859
7897
358
6337
1824
4350
5332
5923
1958
6273
7650
5649
6839
5931
5400
3602
1401
3294
5931
7515
7081
5682
248
3517
4944
5764
1693
5760
4481
6417
7279
3047
3443
7827
4753
3307
5220
5536
6366
4525
7299
4356
973
2585
728
2246
4823
675
1869
3211
2006
7081
6529
7620
6450
4330
6740
440
7349
2376
7205
531
2513
5053
310
3188
7689
6262
47
7418
7064
1367
24
5385
4308
4242
2255
1079
4009
6014
3211
3108
7079
1263
658
2289
3832
3841
6116
5764
1032
7098
2106
4070
2041
3077
3674
5877
4210
5202
3968
7110
4503
1382
2271
4950
8160
4308
7431
1606
1367
5764
6858
5396
6886
2595
4879
3200
1657
7175
990
174
5434
5398
6041
4175
389
1029
5382
4425
7675
3674
5735
1173
169
7980
227
722
6104
7250
3271
6958
3394
3836
6104
3859
7710
5618
2080
5408
2594
1255
3642
4441
6193
5374
1129
3888
4273
783
5350
4824
1544
6203
7416
373
6329
1048
967
6553
2856
5998
4305
1446
1103
18
3453
7153
1164
4634
3542
2470
4346
1680
740
1544
7196
1017
3245
5402
928
5739
1060
273
556
1091
1473
1613
6478
7229
5093
2063
2907
4152
5794
2720
2286
6828
4942
1836
1129
5475
1972
5447
3220
3006
6276
907
5580
5913
1900
7861
2753
4546
1241
2707
5928
1280
4836
6159
4668
4341
5896
8187
6358
7551
4779
5543
3455
857
5063
686
7507
3186
87
5176
876
6137
7292
5643
3943
5984
6660
6253
8103
6679
2123
33
7482
4575
2654
5482
941
8152
6479
5203
6560
6124
3153
821
7752
5629
2748
1344
3391
4426
3668
2547
7078
2377
3257
3695
258
3464
1982
6307
6253
7845
6509
1564
6861
4881
7573
234
6569
7923
1479
5412
3541
5423
5739
2934
7655
2005
7110
9
7583
1365
1944
7622
1506
4297
1472
6510
4516
5798
4736
2560
5975
7924
1473
1029
6179
3427
4062
2459
5220
4796
7466
4609
2283
255
4921
4146
6541
3750
2372
5484
2868
6521
7059
1576
4280
5853
7064
5288
2976
2773
7497
3549
2560
3096
6253
1989
1709
560
