0
0
0
9
11
0
0
1
10
1
0
0
2
0
0
1
0
3
0
0
0
0
0
1
0
0
0
0
0
0
0
0
0
0
0
0
2
0
0
0
0
0
0
0
0
0
0
0
0
0
0
0
0
4
0
0
3
0
0
0
0
0
0
0
0
0
0
0
0
0
0
0
0
0
1
0
0
0
0
0
0
0
0
0
0
0
0
0
0
0
0
1
0
0
0
0
8
0
0
0
0
0
0
0
21
2
0
12
5
3
0
0
0
0
0
2
1
0
4
1
2
5
4
0
0
1
0
1
0
2
0
1
0
0
1
0
0
0
0
0
0
0
0
0
0
0
0
0
0
0
0
0
0
0
2
0
0
0
0
0
1
1
0
0
2
1
0
0
0
0
0
0
0
0
0
0
0
0
0
0
0
0
1
0
0
0
0
0
0
0
0
5
0
0
0
0
0
0
0
0
0
0
0
0
7
4
6
5
5
3
24
0
1
4
1
1
1
17
0
0
1
13
0
0
1
8
0
0
0
1
0
1
0
0
0
0
0
0
0
0
0
0
0
0
0
0
0
0
0
0
0
0
0
10
0
0
3291
5160
7563
4718
3079
1046
3572
2271
649
2547
5373
1534
1620
1319
1217
1989
4207
5997
747
750
1823
421
1852
744
5762
4892
3888
6020
3494
3600
2229
3077
254
2728
7207
1608
7031
1971
1234
320
3055
2512
292
4266
254
5332
5739
5433
2796
255
7029
2467
4022
255
6761
4329
8160
7679
2986
4672
4207
5118
48
5332
6817
6851
7333
3287
1180
1672
297
5143
5292
6824
5185
775
2836
4345
5627
6945
744
3741
6544
1602
7833
7149
7570
5467
5145
6274
556
4750
5450
5185
4479
369
1527
5671
6252
5553
4413
5024
5495
6253
7995
4372
3577
7243
5443
1690
3986
1105
6735
5220
5608
6514
3867
5646
2277
6490
3743
3579
3202
6220
2681
3913
4270
5272
1506
1570
4353
249
5465
5340
2426
4399
2252
6380
3911
1856
2054
6013
5738
3154
531
508
8160
2656
1138
7526
328
102
1318
3303
4209
519
3319
3452
6215
2223
7908
2613
403
1334
7253
7843
5423
5979
167
3249
4521
5057
4441
5979
6007
921
1620
6447
5985
4578
5883
3628
6114
7081
2956
6365
3339
1869
2389
3213
1389
6501
4824
2806
5347
2223
4940
5380
3230
6645
5332
1453
795
1680
1395
959
931
4583
5184
4738
831
8088
6535
1865
7880
5796
4524
4281
3721
3294
4749
7008
3180
3169
2487
1453
705
2911
1459
3361
7067
1857
6000
3455
3849
6895
5731
5915
1012
2251
5646
281
4240
1138
8114
7004
5233
1061
2644
4439
3683
1905
3186
3708
8000
5183
3177
7757
60
4559
5890
2979
3617
6990
1414
1830
7827
5840
7497
6082
5801
6863
980
2192
5097
7576
1025
3523
3024
5784
6444
180
7990
4749
2396
4743
711
2010
6778
2015
5704
2118
1674
3814
6256
5836
369
4847
8187
7207
921
5731
297
7527
3117
2401
43
3707
519
4806
6365
6529
6073
7880
5233
4523
2594
268
4649
4509
383
4737
1880
2418
5920
1699
4781
2911
5107
4022
3515
1581
7180
2015
5998
769
2872
2144
1130
3916
2717
3495
1552
6030
1905
796
4281
4076
4916
6121
6290
3530
87
2544
1919
6256
6679
1220
5853
6515
5993
7012
6082
4546
3712
471
4975
959
639
7072
295
5723
677
2863
5109
21
1466
3491
7814
7885
1571
2458
1291
2467
4497
7559
7622
6288
7976
3117
4543
6727
5167
722
3469
5225
959
1217
8128
915
4916
589
4513
6414
2849
4801
7982
3213
5608
2320
4209
3184
5072
523
4040
4329
2957
2433
2093
963
266
2289
3143
5264
4618
7389
5777
7207
1404
5403
3754
7723
7251
5637
393
2433
3822
6989
5150
6513
7113
5375
5400
2685
3291
7428
4566
1298
335
6256
2603
4413
36
286
5380
5884
4217
6571
2211
5867
7845
6012
5232
7096
6735
4499
683
5669
2791
1890
651
4645
1245
4823
3168
5669
671
4644
1103
4150
7121
2137
6807
2433
3280
4081
1779
293
5863
5171
2954
5890
947
4022
5560
317
1245
1157
29
5233
1769
3386
4353
2872
2799
7912
6552
2337
6164
4491
1944
6041
1716
2557
7560
8152
7752
7590
5287
43
5033
2074
3305
4771
5092
4861
7096
1017
6076
2558
4998
722
3754
2654
3405
5669
4538
5426
390
8131
3349
6031
2015
4881
2654
3224
711
4392
140
7219
5341
4075
3108
5814
6501
4444
1269
320
4047
7155
1532
2903
5933
3754
1870
1010
3305
2144
6929
2154
5874
1721
4075
5292
1157
5461
7056
5633
589
7911
5293
7590
3883
2216
760
294
5589
3294
3508
4136
4160
3445
3348
1280
3245
3391
1521
7093
4698
999
5713
6575
1367
1893
7910
2907
2002
1414
1485
275
2236
869
769
7574
7785
4528
6210
4944
7081
2656
7939
4620
5063
1287
7587
7691
3959
1900
777
886
591
4765
6253
4004
5798
2792
6082
4340
3962
2464
3287
4810
1138
7200
1837
3060
2720
6858
611
252
2644
5420
2027
7682
281
6212
4194
8118
2494
4190
6450
5097
3656
7518
3288
3934
472
7823
1212
2049
6831
170
1274
1869
2595
1869
4469
5233
6220
3683
7302
2618
4464
7302
3049
6364
153
7867
6281
1870
7405
2868
1280
7446
5913
6307
434
3455
3017
7029
5332
5274
3180
4007
5382
598
2926
6185
611
380
3008
2644
4281
6220
6529
3495
3709
8019
5787
2011
8105
5860
1137
6510
4291
4319
8170
263
434
1157
7190
2483
2868
6728
6519
3986
1507
3873
6365
6529
380
3743
938
1435
5233
1655
3491
1869
859
2668
8137
718
1506
3914
5403
3790
2271
5619
5051
3209
1554
749
4214
852
3888
1639
4672
4236
8068
5233
6339
3339
2082
6527
6851
92
4958
2644
1454
2863
1667
4411
3239
6220
4198
4353
6013
4492
568
6135
5408
2273
4830
3445
6510
979
4018
4214
5734
3594
268
6331
6858
4276
3683
6527
7004
2023
2720
4240
2010
6364
2849
5321
6391
411
5285
7327
7497
3391
3167
7484
7592
1590
7435
6366
1680
5020
1453
5998
3044
8023
6957
3185
769
6072
6466
4815
6893
4528
6142
6457
4259
5951
7411
4276
3611
7726
4361
735
5909
978
2123
4017
7408
6673
7518
3405
1048
857
5232
4830
132
6735
4652
4075
6339
769
5200
5499
5036
6220
363
8081
444
3001
1204
4392
2119
4643
5744
398
6562
7806
7756
2379
4202
552
7064
4422
7011
210
702
7887
7845
5537
8131
6859
3743
2510
4531
1635
8151
4153
8046
5228
711
139
3581
5045
2112
4887
5993
5520
439
2856
2533
1997
6720
6252
6358
4643
4009
4600
5731
4492
6997
5531
2595
1080
2513
642
1645
1259
3113
1267
5372
3610
6893
577
5276
6565
928
1087
7828
4172
6636
8011
466
1576
5553
7997
4651
5867
785
369
2459
5419
4340
8135
2304
1035
3994
5793
4207
4001
43
3429
3967
434
3101
1138
4632
1490
5095
7606
6616
1595
7620
4339
3934
2402
939
7692
3469
7587
3790
90
2780
6645
7827
1600
6915
4293
4040
1523
4784
2144
2521
7912
7372
285
4502
5772
4632
849
3995
2696
5608
5220
7997
1972
5332
1057
4007
3083
2663
48
201
5680
4349
3433
3740
297
