0
0
0
9
14
0
0
2
10
0
0
1
0
0
0
0
0
0
0
0
0
0
0
0
0
0
0
0
0
0
1
0
0
0
0
0
0
0
0
0
0
0
0
0
0
0
0
0
0
0
0
0
0
4
2
0
3
0
0
0
0
0
0
0
0
0
2
0
0
0
0
0
0
0
1
0
0
0
1
0
0
0
0
0
0
0
0
0
0
0
0
5
0
0
0
0
8
0
0
0
0
0
0
0
24
1
0
11
5
3
0
0
0
0
0
0
2
0
4
1
0
4
10
3
0
0
0
5
0
1
0
0
1
0
2
0
0
0
0
1
0
0
0
0
0
0
0
0
1
1
0
1
0
2
0
0
0
0
0
0
0
0
0
0
2
0
0
0
1
0
2
0
0
0
1
0
0
0
0
0
0
0
2
0
0
0
0
0
0
4
0
5
0
0
0
0
0
0
0
0
0
0
0
0
10
4
6
4
4
5
31
1
4
2
0
1
1
14
1
0
0
14
0
0
2
10
0
0
1
1
0
5
0
0
0
0
0
0
0
0
0
0
0
0
0
0
0
0
0
0
0
0
0
10
0
0
6366
4112
1488
7777
644
3598
4950
1554
5272
657
615
5726
5405
7838
7874
7294
7788
1512
6926
5185
7997
1965
4241
2490
5054
1919
7823
4291
2610
6351
3027
3096
1768
5128
4987
5272
3321
908
966
7138
280
2796
4667
2119
492
5185
1709
4361
6222
1169
2283
2080
5364
7723
5367
6238
5581
3804
8133
4011
3751
6687
7141
5507
4578
7995
4330
978
5054
6121
6724
6188
6635
4008
2780
786
5890
4858
3433
6613
1590
2884
6850
7982
3443
7243
5463
1851
7520
5964
805
2973
3608
6044
4708
3386
1740
7294
1988
280
6131
5176
4214
5687
2227
6395
400
6529
188
4076
374
4931
1012
6794
3538
8179
6335
5691
1062
2049
1082
8156
2826
615
3190
7529
4570
2119
6521
1029
4361
3194
5434
1965
4644
5067
6361
4135
6183
5669
6212
493
6941
7001
370
5764
5045
6444
1340
3831
589
7163
2022
2557
7205
2182
6256
3786
3224
4175
7617
5419
6273
5843
5143
5514
1396
5254
3258
4991
6375
7608
2216
4901
6858
2246
1466
2872
7622
3054
3461
7416
2037
4747
7762
2287
894
1024
3161
1675
5290
1482
6569
650
4220
3755
7798
4092
7750
2887
6386
3795
5233
7608
7081
1721
2518
3740
6403
7081
3113
6939
7709
5796
6527
7078
5420
5072
3415
665
2916
4007
3481
6313
5451
4170
4275
6885
1584
2027
1572
2154
3211
3795
1437
5993
2598
2863
796
584
3319
6124
909
7976
4044
4571
227
5563
2521
5803
1252
3348
1830
1414
6667
4692
4475
6833
5122
6616
4801
409
6898
1646
2010
7681
457
1671
2594
7869
6810
4528
8179
2015
6364
3748
854
4925
140
2200
4970
998
8023
5583
6388
29
3077
6202
5906
5199
6014
3847
1230
4931
3831
6792
4524
7081
1682
7024
6054
4864
1777
3576
4815
7696
1401
4357
37
7227
1494
5065
5675
4833
73
5420
198
6220
5687
5352
3813
6893
3873
4281
433
6563
717
728
5814
3515
3629
7831
4768
6301
2154
4731
2612
493
5602
1466
4944
3106
4424
3032
2766
3996
909
8114
7089
3286
2154
2709
1857
5149
7008
2961
1440
7949
4429
5263
2429
2477
3024
1462
4001
1682
8107
7519
4590
1913
370
6753
7623
8081
4731
2563
4736
4300
4070
6778
2289
4299
3862
2826
5405
3398
250
3996
3136
536
7295
2969
6220
5764
252
1243
2720
2208
281
7831
6407
1486
6769
1064
4801
5577
1089
7372
1165
1061
1318
8038
1216
4796
3439
3435
3211
409
5764
3356
1436
2787
6076
3495
7629
908
863
6103
1617
5118
4699
5563
2186
8019
2154
5138
6364
4209
3029
4273
1350
5021
6595
5314
6208
3861
7327
245
7021
2186
3538
4466
3461
1196
3211
7378
921
7057
5393
3415
869
803
6247
5669
6920
2156
2471
1994
268
3536
6217
3491
294
7746
1048
5584
1134
1655
5449
4864
6674
4795
4559
7299
933
6139
807
2965
3716
3449
2860
2184
5599
6065
260
976
3159
5433
7603
4639
5455
4662
1139
815
3374
4429
3697
6137
5723
3211
3491
5663
7486
268
3873
7125
4801
3239
268
5670
5845
2902
6053
825
916
206
1354
212
7363
4354
3683
5646
4899
3574
2401
743
1892
7521
2396
4513
7081
2391
7349
584
303
598
4510
7303
2968
6907
5394
1327
6939
3164
3318
795
704
5495
1678
5314
6470
170
6143
4182
6668
6247
7653
7608
3932
1262
3213
7967
3084
5277
6355
5247
512
6396
1236
297
3713
7272
396
769
457
7752
518
1515
7922
3470
7749
1931
7533
7255
5433
550
3491
1280
5344
4889
5563
6030
2141
3211
6710
1030
7670
5322
8143
4350
6462
4073
8158
6898
4548
1682
2602
4281
2715
5344
3159
731
5455
6143
5107
3272
7441
1856
5563
2010
2645
1820
556
2281
7519
7372
413
2685
6217
1649
2320
5289
6331
7099
1486
78
1869
3721
994
221
128
3029
908
6066
3810
7205
1254
4866
1138
3574
7079
7125
2277
177
4812
3010
7685
5669
281
2595
2287
7514
657
5128
5583
4439
4662
194
5276
4489
5563
102
5913
8152
1185
6290
2178
1476
221
6444
806
4076
4299
5072
7416
1003
3229
1478
6447
4295
5673
1357
8174
3862
3641
6339
281
6774
7151
6789
6167
3683
3181
6066
7432
1061
4856
642
5335
504
1436
1760
606
4040
7831
2037
2926
6130
7040
5751
5833
4852
4478
2405
5338
665
6257
2872
4459
2717
3953
3197
5072
5640
2272
4466
7421
7171
4897
679
6281
4843
6474
5344
6405
988
180
7309
2037
281
5654
4442
3265
5140
2405
3806
5489
7229
6955
351
5482
758
5426
2216
2037
3810
47
4858
6331
6659
4173
1435
7493
5651
1990
1607
4337
3127
194
1928
493
1298
96
4569
721
1450
3600
4016
4478
6395
2653
6144
4046
8107
3683
1298
4912
7063
4330
7309
6959
4270
29
6303
5287
5072
5400
2374
5318
1865
3867
7078
2872
4723
5785
4202
3148
5324
2285
568
4489
1050
7176
791
3303
2287
2256
7119
2572
169
2521
8179
2894
3748
5951
4738
7608
2720
7526
1403
3873
2138
2175
3181
5072
1507
6092
7757
6829
4569
5581
4880
1090
4312
6926
4852
7877
3029
5163
1191
6963
2226
3211
915
4232
2401
281
4815
5400
7754
7039
1464
5449
6893
1366
3835
5061
3610
7153
6569
7243
4522
5902
2496
6053
7419
202
7013
418
6552
390
2146
4209
2287
3900
2364
2601
7185
6102
7357
5400
43
5055
2192
4150
6893
6290
2192
6395
1425
418
5171
5477
4651
6135
4293
2736
6635
7015
4419
4521
3115
295
7887
5029
7486
2801
6120
3683
6952
1288
3806
2037
7797
3302
7398
4718
8018
2144
6371
3481
5928
6417
4892
7798
5012
248
3416
3212
3610
8041
6243
2419
4079
1815
4263
3836
7123
7094
5951
4684
7781
5476
3490
1635
4379
5187
384
1576
96
5801
7235
835
2080
6031
2645
2922
979
1488
6645
7823
7153
1339
3132
5413
7466
2576
2418
888
4584
2637
3519
396
2484
4985
6827
5751
4609
2835
8025
2497
4292
3405
2034
4594
7451
541
5997
418
4237
7592
8025
6053
4224
