0
0
0
10
11
0
0
1
10
1
0
0
0
0
0
0
0
0
0
0
0
0
0
1
0
0
1
1
0
0
1
1
0
0
0
0
2
0
0
0
0
0
0
0
0
0
0
0
0
0
0
0
0
3
2
0
0
0
1
0
0
0
0
0
2
0
0
0
0
0
0
0
0
0
1
0
1
0
0
0
1
0
0
0
0
0
0
0
0
0
0
1
0
0
0
1
8
0
0
0
0
0
0
0
20
4
0
9
7
3
0
0
0
0
0
1
2
0
3
1
0
4
4
1
0
0
2
1
1
1
1
0
0
1
0
0
1
0
2
0
0
0
0
0
0
0
0
0
0
0
0
2
0
0
1
1
0
0
0
3
1
1
0
0
0
0
0
0
0
0
0
2
1
0
0
0
0
0
0
0
0
0
0
0
0
0
0
0
0
4
0
8
0
0
0
0
1
0
1
0
0
0
0
0
14
2
8
2
4
2
31
0
7
2
0
1
1
13
3
0
1
10
0
0
1
10
0
0
0
1
0
0
0
0
0
0
0
0
0
0
1
0
0
0
0
0
0
0
0
0
0
0
0
10
0
0
3186
7299
6983
2654
6450
3654
134
6027
1472
1900
165
7466
5396
2875
3280
3211
4299
6849
7723
2408
4011
7187
6533
1767
3077
1929
7061
4533
7012
1929
1514
3209
39
2118
852
3571
5398
1600
4003
1990
7186
4075
2226
3280
5837
6975
5723
7891
895
664
48
959
4492
1163
1289
7121
1929
3571
5092
5576
6473
4703
6205
3358
7040
2118
61
4172
5350
4623
746
2838
1068
4489
3617
4339
5853
1134
5199
1263
1367
8075
7788
4329
6437
7788
7924
722
5780
2538
5332
6735
1046
7924
3434
966
7067
5739
369
7559
6253
4623
7842
95
963
240
2544
7723
1798
5420
29
5065
6130
4357
7486
2665
5646
4300
2654
3684
6508
3571
7739
852
2916
4870
5332
1522
3231
1584
4504
1870
3492
4339
4986
3197
947
3099
2255
5583
6569
5884
3670
3822
6991
4218
1064
3579
7750
3859
5247
2799
5332
3367
2548
1057
3386
2823
7587
2137
1170
2557
7415
1958
2313
3849
5380
628
208
7067
4970
5787
7138
5380
7561
6027
2644
3873
5086
2281
2872
973
7821
134
4879
1819
1304
6475
880
2127
1958
3969
2613
6075
1440
2379
905
2563
1618
6518
2491
6035
240
5712
675
7869
3507
7052
3831
8158
3654
1646
5081
1074
3831
4477
4069
5669
3277
5247
602
6141
3115
6583
134
5273
2613
97
1433
1939
3276
3156
4497
7064
3280
5347
8152
5086
1551
1760
6859
5962
7393
5723
504
3170
3765
5133
2872
4823
4020
6061
952
87
6906
5374
4424
7985
4218
7196
1074
4931
7064
8001
4005
3616
3211
947
7191
1506
4481
2710
493
6941
409
5762
1919
370
6217
3579
4768
5790
1263
2787
2351
2597
6438
5232
4077
738
4263
6027
262
6111
6983
3992
1074
7219
2246
7869
5241
738
7880
4518
2720
2178
1437
5672
5199
5554
5938
1172
8091
3932
3465
7647
7834
2466
6735
2597
2764
581
7921
6768
6238
7814
5563
681
4263
5281
311
1113
6238
1670
6529
2952
2720
854
3760
2594
2668
5759
4590
2595
2289
5455
8103
1253
3197
4459
3180
2887
4375
6393
1863
7295
7519
8157
3279
1267
3743
4459
13
2481
7020
4899
2952
2694
3760
2011
4815
6529
2521
6284
1963
7402
4524
6533
2451
2594
2872
6142
43
6251
7243
1740
530
6142
6859
1682
1869
6893
2027
4469
7001
6466
3008
6858
4481
7020
618
6529
3318
5420
4044
4295
6984
1982
4815
7912
3683
1884
3915
3671
1050
5249
5343
2415
3993
3285
2872
2128
4518
3008
5199
5809
4518
2011
3294
4958
7912
7302
6444
5784
4815
4518
2226
281
1139
1172
7821
7526
4240
731
2972
1817
5884
4400
1595
5107
5382
284
2949
3318
3285
5281
4273
6794
3683
6501
2033
2715
1139
5784
4135
3760
2518
5238
5856
73
7831
7486
6103
6859
1172
7020
3049
2281
3164
1590
4292
4615
3276
281
4240
2952
7379
75
6539
4278
7486
6439
6883
3108
2360
6883
7004
7295
4044
1357
6065
4815
4518
351
4649
3136
4858
6309
1817
3180
7149
2369
3688
3487
5558
7486
7580
370
723
3780
3760
4281
1869
4674
5784
1572
7081
4944
7648
7302
1760
5199
436
1869
2521
2594
3683
7081
3164
4748
2444
5551
5364
4849
658
1142
2477
1618
5036
2594
7831
597
4523
75
4731
632
5837
235
4469
3486
2715
6365
4075
360
2194
2618
1934
2956
5762
39
746
2563
3707
281
1433
372
7371
6792
4201
1025
3760
3024
3258
1869
3743
7020
6220
456
6527
6466
6844
3286
2960
1366
6941
7953
7953
4749
2116
3339
6710
2685
7608
2287
3967
2154
470
7142
1838
1162
3421
2644
6466
1869
6220
413
5646
4518
4675
3683
611
4439
3859
4518
999
2849
2595
4411
5036
5637
2144
627
4188
5759
5520
186
1235
6440
2654
6384
2465
4926
5691
2141
1349
5637
1028
2649
8000
2289
281
871
5924
380
5233
4330
4281
6643
7302
609
4768
4357
1375
3996
815
268
8038
360
281
641
5012
3806
7506
6576
2141
5633
5553
447
240
8152
7912
7992
1994
1340
3029
5400
5072
527
4044
6444
5554
102
3813
3180
6348
2300
8073
6272
7572
6501
2501
1358
2504
6950
4092
2775
5714
7510
4355
268
5651
6529
1654
235
6444
5637
2216
7526
3831
5651
4524
1655
2033
2594
1830
2660
394
1361
5814
4441
4796
1188
7411
7470
2880
778
3542
1576
1620
617
3864
6466
3026
1967
6462
6388
3845
7037
5637
153
769
1068
4743
2598
2199
1982
5126
4998
6344
7921
5176
5176
1137
5169
5739
1217
6717
1767
4718
5163
2410
2300
6142
5646
7797
4330
8177
2521
5865
3046
1809
1905
227
3029
4022
1900
2257
3707
6365
711
5608
4609
6708
4385
4375
7542
5419
3712
1989
1989
1508
7333
3899
3877
6364
102
6775
6721
5061
8043
5344
3211
4815
6386
3318
6883
6311
2716
5631
2047
1505
2863
5646
7051
1132
6132
588
2608
7140
5456
4526
2379
307
2130
4684
6859
4153
6368
6649
3690
102
7540
5400
73
4087
6154
6331
4188
2277
5637
7631
5288
5420
5646
4209
5669
3740
1786
4214
3223
6894
7453
6756
5338
5523
6335
4044
769
2246
5238
96
6545
5281
2287
2391
3043
4218
7164
3049
3877
7081
2594
5380
5608
2631
4188
677
3832
3877
6415
8011
114
770
2825
4759
4061
7527
1740
1838
3726
2934
1791
331
5400
3429
1436
6677
7844
5723
3047
4135
5818
2594
195
3992
3394
3402
252
6576
4777
3478
5647
4605
3665
872
1345
740
1567
6227
8160
5210
6831
2182
177
6861
7653
4044
2796
215
3847
7653
6331
2154
2595
2618
589
4135
5942
5439
1132
4801
5669
6222
1132
5751
1793
7441
7845
1154
7395
1765
3068
628
7143
425
1765
7081
2037
2553
472
4474
7559
1298
1646
627
43
6991
3628
5639
898
2378
1951
5628
1436
5824
90
280
3376
7908
4729
757
6681
5701
5010
3853
7090
4475
4651
4076
938
1576
1523
979
1254
2477
2872
3801
8113
3459
3810
4188
3222
288
2136
4519
6483
7890
2525
8080
4875
6396
841
6294
5909
