0
0
0
10
10
0
0
2
9
0
0
2
2
0
0
0
1
2
0
0
0
0
0
4
0
0
0
0
0
0
1
2
0
0
0
0
0
0
0
0
0
0
0
0
0
0
0
0
0
0
0
0
0
2
2
0
0
1
0
0
0
0
0
0
0
0
1
0
0
0
0
0
0
0
2
0
0
0
0
0
0
0
1
0
0
0
1
0
0
0
0
1
1
0
0
0
8
0
0
0
0
0
0
0
22
4
0
6
3
6
0
0
0
0
0
1
0
0
1
5
3
1
4
2
0
0
1
1
0
2
0
0
2
0
3
0
0
0
1
1
0
3
0
0
0
0
1
0
0
0
0
0
0
1
2
0
0
0
0
0
0
1
1
0
0
5
0
0
0
0
0
0
0
0
0
0
0
0
0
0
0
0
0
0
0
0
0
0
0
1
0
8
0
0
0
0
1
0
1
0
0
0
0
0
10
3
6
5
2
5
24
1
3
4
2
2
0
12
1
1
0
13
0
0
3
7
0
0
0
1
0
4
0
0
0
0
0
0
0
0
1
0
0
0
0
0
0
0
0
0
0
0
0
10
0
0
4379
4407
5314
3336
6802
4095
2149
8136
534
803
2358
1046
896
5220
6548
8011
6292
6651
5185
3625
5019
6448
2104
2887
4647
7982
5537
2824
3475
1105
34
7093
2015
746
5643
4202
4396
4405
2439
3404
5702
7097
5363
601
5048
5176
1280
921
5902
3510
325
4237
811
7258
4522
2345
2137
4472
7461
7851
5225
209
6164
3790
1773
2679
5643
1787
631
1075
95
2384
6594
6088
7865
1208
344
7662
6417
3194
46
1672
3848
2512
1971
6836
2922
5334
6005
4413
5101
179
8095
5028
1588
7732
4594
5334
4937
7028
1565
390
8025
7223
1079
8153
4059
4872
7051
373
7059
2977
1635
8095
3404
4041
1715
5617
8012
1978
3486
6485
80
1790
6378
6575
2461
2051
1269
7509
5113
3404
5566
3331
3530
7827
2557
2751
928
3960
2366
3403
5166
933
5112
656
5877
2252
3224
6070
5278
6060
6228
3533
2218
2339
2916
2339
6310
5292
4509
3741
4883
1028
1643
1613
1613
5232
7223
5412
591
6316
6435
3765
726
4809
1244
1537
4545
778
1130
2601
4053
3318
7945
4526
6022
7059
3728
6252
2591
1472
3526
910
3650
4899
5629
925
2984
3336
4583
8025
3240
4967
3102
775
7812
7093
3122
107
3710
7398
5975
4568
810
1554
6829
5143
4449
3326
3876
2140
5332
4472
7894
3642
5382
432
7527
5196
940
6229
5351
120
6549
2679
631
7213
5561
7324
237
2586
5037
4519
5091
4997
1048
1021
2958
3806
1241
5760
6078
3946
4292
2248
7788
5335
3367
649
7419
148
120
3960
2686
6257
2565
3100
1010
390
1748
4040
1850
4055
170
6208
6712
3857
484
3795
2624
7533
5704
7724
7063
2157
3504
626
4572
7327
6804
6804
26
5537
7586
5754
5627
7092
2401
4317
6948
49
128
2032
6514
1281
6767
6499
7223
5332
4759
320
6976
4672
5840
7661
4518
7415
4569
61
5687
6257
4903
8117
7501
1076
8176
1595
5514
7452
5563
5518
5268
5982
5365
3639
5145
1265
1869
5325
7296
4339
3775
1642
4448
5778
7139
2194
5094
5511
5690
3989
3986
4348
7888
1650
5619
3398
1075
1803
609
859
7664
4889
4528
1865
933
3318
1472
4001
2504
3627
596
7995
7702
519
6674
3390
4707
6508
8105
8187
3958
4521
96
897
2732
5302
3650
6777
3253
210
4361
2246
5281
2766
2823
3669
4000
1357
7923
7912
586
1043
6721
433
1163
122
3942
2030
6352
6263
5739
2235
3795
3711
7053
3004
5428
2567
4100
2439
1287
3202
1364
825
6642
2849
574
1869
363
6220
4749
3380
6710
6572
2454
5707
7576
3977
368
6095
1961
6409
3314
6348
5416
2076
7166
7998
4872
270
6920
2248
7430
7377
5602
1298
2179
2179
3300
3780
3495
7819
5602
3972
1437
6736
598
3013
2032
3485
3770
1748
7103
704
1425
5624
2178
811
5375
7018
3559
7493
4561
432
2233
5324
5248
4259
1777
464
5426
4518
8177
4135
1486
1138
2521
3491
7179
4060
4455
7992
1048
5101
6106
5650
6791
949
1395
675
6170
2793
4295
3712
4467
4574
4701
2458
8123
611
3536
8145
3915
6339
5784
3514
1139
2033
1138
1025
5762
7766
924
8025
404
6146
7037
45
8000
7205
928
4575
5987
1621
7924
109
4088
5338
1110
3899
6061
7608
6963
4743
6839
3024
2685
4195
2594
3156
598
2082
21
7717
2287
1182
6823
5936
5250
5079
2002
2868
6652
7894
3299
5708
3682
3207
5007
6190
1790
8137
4753
3232
5738
6525
2587
5762
4281
4899
2715
409
7671
3276
787
5036
7316
2080
2439
1804
765
20
3812
5411
3414
541
1942
6186
4294
996
4570
5815
3811
5737
2167
4160
3191
6595
4429
497
2506
2116
6795
5398
4815
7432
6205
5663
6891
6844
328
7143
6677
7286
1356
6042
6289
2713
87
7457
7340
2193
6600
7926
253
5390
1796
873
6066
3083
6220
1318
7037
4566
3838
7107
5281
7650
7872
3466
2791
1336
2279
5798
6227
6791
6460
7164
2569
8081
3188
1525
4405
2208
4086
3242
2823
5598
2749
5398
1265
7486
6503
8043
4815
4774
7515
349
6220
6102
6053
47
3506
4018
1589
3004
5778
4522
2676
1805
3024
6650
2061
4392
6750
4606
4273
607
5353
323
5957
6060
4082
255
938
1179
1471
4364
3523
1739
4044
3744
5123
4584
288
7884
6983
1472
1442
3244
7870
2242
1089
4618
2648
5218
4154
6828
1453
5250
6788
6806
4475
5013
1940
5772
3299
6550
1994
8148
7567
3741
4506
7615
4488
1660
7405
3616
444
5567
3666
4809
2011
3061
5236
5365
1106
3808
7710
6825
7910
2208
4639
631
2080
1787
7877
6033
7796
5650
7582
5013
5886
8166
1935
7378
1929
1664
5746
5643
924
418
662
3292
6953
6165
2892
1004
7654
4495
2342
1043
5398
3155
7057
6417
2958
2777
6217
2471
3816
1309
387
8103
3463
5762
5054
7800
7452
859
5596
2339
7561
7404
6545
869
4330
6996
5210
176
6927
373
1554
1825
2727
3133
3467
4237
215
2705
5884
5820
2902
2682
3986
5579
7033
664
666
5003
1487
6934
2389
4851
2723
1043
8152
358
5534
6595
5402
389
139
4912
2949
4572
1562
4979
4220
4509
395
7694
687
1010
4618
4619
4565
5147
4911
7308
6467
644
259
680
6384
7187
328
6749
5145
261
6662
5798
8176
7256
7827
6826
3154
394
7231
5945
396
760
2207
3276
46
8167
2831
3989
7312
3911
3052
7775
4933
8014
45
4475
7902
524
5398
122
5650
6692
4809
5455
1012
1289
6923
6680
5980
6667
6983
2956
3194
4594
2929
2494
3513
6071
5661
2290
4226
2916
263
1571
6266
5549
4755
4330
2426
4962
2062
4426
6087
5149
2258
4652
527
7835
3998
990
6012
7109
5998
7000
1589
6463
6272
2258
5939
7078
6286
1840
4310
7398
4431
694
2431
6377
5143
6756
4154
2110
5106
3152
1627
6463
2791
37
2784
24
3860
4766
4462
4973
1049
235
4363
7295
7280
6036
5596
1733
4024
8111
7463
2266
3585
1043
7061
7384
5344
4485
2432
7119
3489
3504
4578
3263
3387
2533
7923
4389
