0
0
0
9
2
9
0
1
8
0
0
1
2
1
0
0
1
2
0
1
0
1
0
3
0
0
0
5
0
0
2
0
0
0
0
0
0
0
2
0
0
0
0
0
0
0
0
0
0
0
0
0
0
0
0
0
1
1
0
0
0
1
0
0
0
1
0
0
0
0
0
1
0
0
0
0
2
0
2
0
0
0
0
0
0
0
0
0
0
0
0
0
0
0
0
0
4
0
0
0
0
0
0
0
21
0
0
7
5
3
0
0
0
0
0
1
0
0
2
3
7
2
3
3
0
1
0
0
1
0
0
0
2
0
0
0
0
0
1
0
0
1
0
0
0
1
0
0
0
0
0
2
0
0
0
0
0
0
0
0
0
0
0
0
0
0
0
1
0
0
0
0
1
0
0
1
0
1
0
0
1
0
0
1
0
0
0
0
0
8
0
5
0
0
0
0
0
0
0
0
0
0
0
0
12
6
6
3
2
6
24
0
3
3
7
0
0
16
0
0
0
11
0
0
0
1
0
0
0
1
1
3
0
0
0
0
0
0
0
0
0
0
0
0
0
0
0
0
0
0
0
0
0
10
0
0
2015
6950
5424
1556
2894
479
5970
5128
7997
3599
597
2766
6183
7500
5202
1200
4415
8135
7873
395
7138
3134
1459
4389
1952
1028
2175
6016
4290
4119
4088
7559
4462
4027
1431
2135
2727
5128
2015
7319
1003
4426
2798
4851
5118
1699
4009
5679
7705
2252
2792
5608
6023
6137
7688
5695
542
5351
6273
3510
6000
1243
4003
7688
1234
5106
1069
572
7502
5065
1622
7414
6703
3631
6085
3134
7064
7531
7995
6975
3263
6020
3568
4094
746
978
7942
37
3083
163
5721
4815
7151
4800
719
5514
7180
2557
3317
1644
2397
7066
4144
4144
7412
5052
1042
853
5896
7873
145
7156
938
8151
7452
3941
4308
5567
5649
1709
7395
123
482
1003
5309
7823
3312
3684
4531
5606
5786
6282
545
6699
612
6747
2568
5481
4611
1633
1349
3617
6428
4623
7810
3571
534
629
8002
3623
5666
3748
1597
1531
1742
5482
761
3423
7010
6403
6735
7346
2007
2759
7000
2669
6676
3105
534
3986
2419
3865
3131
182
1000
5234
6240
328
3700
1234
2116
795
7442
5906
5836
6950
1345
4536
1390
2482
7812
7303
406
5634
6282
4398
2295
3243
1206
2187
7306
4086
6814
6661
4547
2840
3960
6518
83
3527
929
981
3376
2411
4222
1041
7040
328
3742
6399
7647
1031
7606
5812
6606
152
1922
762
7522
1938
4947
2897
7628
4196
5889
2534
5622
4891
214
3047
3161
3358
666
6452
2015
1344
266
7877
97
3743
2295
2370
381
1894
447
1101
1950
1115
1695
6010
7146
2412
7158
5834
7127
302
3963
7793
2609
6363
1099
3121
3536
2199
6266
6415
5143
3452
2771
1570
2525
7145
8084
3219
449
6225
2643
2453
8103
5080
2298
6737
5332
999
7064
4460
2534
2867
7743
1110
4539
7025
2897
5358
6263
3373
5850
7939
1544
1185
5813
715
5132
1558
851
7658
3081
5018
2759
3979
731
6437
1322
7685
263
2603
189
1145
3629
3658
1666
5898
6140
4727
4961
6930
1976
6776
1162
1686
2314
4873
4777
33
612
5799
5230
5904
4998
221
2959
6651
1372
1084
6252
6792
3986
1177
1555
6399
3081
4333
1136
6064
2186
6753
6930
6816
3208
4833
4481
2771
1347
7388
825
1914
2908
5612
580
1358
7854
172
6748
8044
3350
1227
7028
7898
5764
1841
4682
646
152
2054
347
2314
7199
5910
7271
2387
5191
7466
4875
6812
7764
3977
980
6698
6676
5256
5291
6282
1121
2397
6430
605
1830
3882
4777
4377
1482
2104
7713
2990
2324
4360
2738
2390
5358
562
3382
1706
7545
2377
938
7726
7909
6437
1823
6649
269
6748
2534
5610
1004
2482
2251
198
2444
1970
2167
1345
4441
7831
2935
686
5146
2098
2094
4983
5733
851
7149
3119
3444
374
163
8160
6871
170
164
3789
2788
7595
5361
1722
2174
1813
1326
2882
5398
7668
632
221
144
6297
6592
208
1556
6998
4868
326
6513
2308
4218
2774
3742
5579
7398
4038
574
3510
2838
3222
7733
7258
471
3318
152
5011
2399
6488
2628
3899
6272
6167
317
3465
4563
1544
5168
4296
2760
799
6686
163
1964
2272
4911
8148
7121
358
3223
7116
5724
6955
3760
3322
5948
1288
343
2573
5738
7877
3224
6926
2714
2765
508
726
4282
1597
24
7923
6698
2978
3184
2520
4789
3650
7075
2811
1158
4241
6170
5754
3144
1245
4213
2454
758
743
2532
1303
1048
5350
208
3708
2545
2196
482
7226
7990
1379
6662
5222
923
4949
4293
2177
4974
474
2463
6057
5951
3923
4146
5108
8152
3433
1234
947
4818
3428
2881
4970
2684
2712
7325
2448
3644
2578
3939
7681
5424
152
2714
1129
6612
5366
2769
7147
7147
7412
565
1181
967
3200
3785
2513
4722
6020
3391
2957
4698
3505
1986
6668
2697
3795
7587
3967
3876
732
4882
2550
4599
5889
4042
4896
1410
4244
5327
3508
6719
1652
7616
5967
2887
7220
5139
7944
5891
1279
4580
4698
3995
234
5110
4795
8093
5339
7706
4468
7059
7028
6556
3518
3952
269
1894
5110
3675
1332
3101
5910
6745
3563
780
6386
4067
3352
3859
5018
7136
2579
7825
6478
7149
48
2190
4259
87
4331
3159
4851
7629
3020
2875
2867
1543
5230
2638
7973
885
6581
3776
5799
5908
1208
3122
3783
7816
1598
3538
6701
4609
1311
2436
6378
4347
7233
3854
3657
6691
2510
1211
5898
320
1008
6650
926
6921
1708
7388
7767
7020
840
7981
3441
269
3963
3638
6445
7689
1463
7432
5112
5220
3661
6569
204
7811
5586
3209
2825
4732
8064
3471
3593
893
378
5350
6717
3327
6461
929
4895
1140
347
4483
1381
5569
4435
7546
1228
6218
942
5053
3941
5982
6320
2631
5094
1490
5803
2999
5133
1269
8145
1658
1940
565
2797
2221
7785
5017
505
4846
5327
6734
1332
4891
7388
941
252
3475
3850
6253
7208
3752
1060
6710
7405
1467
4339
3945
5743
7700
5762
5790
6745
7773
476
8082
5861
4181
1158
2269
6909
408
7147
1477
4656
523
2203
1642
3667
2552
2271
2558
5396
2815
3068
3471
2854
2104
5149
1686
8018
4352
266
5014
2271
4509
6458
2425
5308
3443
7548
1729
2382
2908
762
4599
6126
2769
1479
363
3068
7582
5168
5112
3358
842
6746
3349
6889
6969
4514
191
4703
5840
2150
6682
3262
8121
5223
1818
7980
1491
1836
3316
6464
535
1644
6457
6080
7729
3159
6595
1521
3262
3959
7827
973
1961
4964
6108
6338
4634
372
4514
495
6513
7801
3536
2346
6403
1965
199
5630
7926
2616
5413
4526
2597
7093
6753
1922
6398
912
3669
4362
3155
5238
3586
7424
2675
6484
95
7041
7706
929
3336
5023
7744
8178
3185
4173
913
367
3736
2595
3555
4525
2485
4623
2532
3838
6289
4623
2150
1692
2272
3854
5479
586
7594
3255
764
3754
756
5743
4665
7723
1412
7883
5357
8108
2181
2284
5005
4022
4058
3875
6444
3564
2747
4553
1074
7251
5709
4094
746
2727
1737
6641
7686
1029
4201
7788
2507
491
1767
6062
2530
2520
6463
1989
3391
4796
2351
5164
