0
0
0
9
4
9
0
1
9
0
0
1
0
0
0
0
0
0
0
1
0
1
0
4
0
0
1
5
0
0
0
2
0
0
0
0
0
0
0
0
0
0
0
0
0
0
0
0
0
0
0
0
0
0
0
2
0
0
0
0
0
0
0
0
1
1
0
0
0
0
0
0
0
0
0
0
0
0
0
0
0
0
1
0
0
0
0
0
0
1
1
0
0
0
0
0
7
1
0
0
0
0
0
0
27
1
0
9
7
6
0
0
0
0
0
4
1
0
0
6
5
0
2
0
0
0
0
0
0
1
0
3
2
0
1
0
1
0
0
0
0
1
0
0
1
0
0
0
0
1
0
0
1
0
1
0
0
0
0
2
3
0
3
0
1
1
0
0
0
1
0
0
0
0
0
0
0
1
0
0
0
0
0
0
0
0
0
0
0
5
0
7
0
0
0
0
0
0
0
0
0
0
0
0
9
4
7
6
3
7
27
2
0
6
9
3
2
27
2
0
0
10
0
2
0
1
0
0
0
3
0
2
0
0
0
0
0
0
0
0
2
0
0
0
0
0
0
0
0
0
0
0
0
12
0
0
1449
6384
4867
5239
2099
6361
6245
5227
4042
2098
2874
5908
3612
6988
5185
4885
5482
1472
812
3832
5626
3891
7894
6082
4929
3752
4745
6380
972
3082
2482
5987
7676
2533
6945
3216
1303
3383
6176
6247
1009
5085
1858
751
2639
7979
3521
3932
5626
5861
3676
1661
1424
3641
1319
7416
5385
6183
6814
6194
2818
7271
5108
6944
7077
1916
2370
5335
5265
1041
2123
266
3684
1990
4530
7431
4209
2109
7688
261
6861
5920
2041
4255
8113
2868
5954
1935
629
1338
6010
2324
3030
196
1922
3125
1463
6301
843
5623
6672
4141
7732
3379
4938
370
2487
3280
7704
1069
6631
5967
5315
6914
6759
307
1270
2968
30
2021
6541
5291
5479
4535
7000
6429
1666
5230
3307
3900
7347
3808
3430
1317
3117
8131
2287
1254
589
4683
1860
8032
1898
2003
1337
5471
5807
1919
683
6697
5911
5075
4697
1644
2263
1205
545
3770
3612
7857
2042
8129
602
673
2556
2530
503
4922
1535
2483
1318
4629
1710
5967
605
2818
3048
5908
5182
4543
7717
361
2592
4415
3168
2691
7534
6631
976
6816
7522
7003
7048
1047
24
4897
4107
2949
2757
491
7040
1767
5252
1894
447
447
6519
2003
2237
646
379
2738
7987
137
7629
2733
5203
928
7922
1721
2135
3208
1284
5634
3755
325
5935
7617
248
5722
5680
5482
3405
2002
8013
2482
4333
8031
6998
2977
5466
819
3691
970
3131
1659
7260
2579
7934
1561
7339
1544
673
7857
1644
1427
6930
7412
1692
683
2042
2029
3135
6039
7325
6120
527
718
1481
7900
5682
4249
777
2637
7650
302
718
7674
1317
6254
2629
6438
428
5168
7175
3122
7131
7000
1273
4547
41
923
927
1557
1772
1194
287
1484
8122
1718
1711
2314
3470
5440
462
6279
4697
1681
1892
6171
240
1331
3897
5863
6045
3469
7984
7233
4735
6536
2482
2600
316
222
5341
196
7080
3131
5908
751
1004
6172
2600
4384
7053
4435
1591
1543
2600
152
4058
7121
2173
1862
1087
6731
6847
3449
194
3706
4517
4815
562
362
379
2382
8153
799
7245
1922
1898
1151
7981
4844
5182
1377
6605
4435
3140
5569
5323
1427
3985
2516
1414
4737
5791
3650
5492
8034
1265
482
7191
1700
2324
1197
5908
5369
1147
4497
2331
5230
1834
813
4123
207
1898
314
3987
7702
6716
6048
2399
549
1543
5971
3445
4779
4136
4577
3463
2506
7191
3460
2119
6876
5667
1184
1644
6208
6210
625
2482
3880
2122
5634
3940
6010
5910
207
7346
1718
1720
5323
2003
2874
5842
941
3472
2987
1883
5840
3959
1675
4779
829
2747
6233
5487
7628
2583
8132
3933
2295
5498
1250
371
1685
2002
5520
100
6816
3866
4891
5597
68
1477
5496
5498
1359
4868
6723
6985
1230
2325
3475
7186
7136
2464
6760
1292
1708
4756
4108
710
8098
1922
4568
5601
6437
4017
5220
6399
2643
3104
5256
3985
5833
7012
7704
6191
3776
6930
2804
3866
5251
5634
6899
2487
3398
3330
6399
3201
1687
5946
3219
6723
4166
41
5172
4237
1928
3813
8151
2631
1208
1695
5496
2639
1164
36
1730
7274
68
4947
498
953
4212
4868
1922
1644
2098
1284
3438
2268
5256
3048
577
1761
379
1718
7954
5255
1628
2021
781
1780
6004
7680
2398
6740
6321
5682
7604
2643
1960
4947
976
1652
7068
751
4406
2295
447
2760
2047
7000
1761
7124
41
751
5366
7127
2004
878
8183
7659
3866
7308
2331
7061
471
1675
6059
7760
7981
3643
5946
4983
3243
4947
751
7479
2691
6225
6745
6112
5222
1896
362
8057
327
1345
3702
6745
4231
2094
362
1731
2874
196
2643
2244
3654
5093
6321
2954
6816
2482
7158
5686
5256
2738
6150
7097
5622
2397
302
4515
4655
1765
5756
5985
64
3186
1395
1914
4576
302
7127
7127
222
605
41
4947
646
3268
1617
3577
3629
302
4042
4435
3985
1831
941
1256
3025
4541
6745
6112
5174
785
4692
3849
4882
1658
4329
2382
8057
1502
3351
370
5223
2274
5182
1922
4205
4947
4021
1076
4995
6168
2482
7713
187
1477
5373
3824
2314
1031
6557
2738
6653
2552
5293
5318
216
6160
222
447
3140
471
6122
3748
4662
5187
4271
3930
6519
1619
1707
5761
2713
7191
5045
2737
2818
6010
6706
545
780
3023
4267
196
2090
6513
7842
5429
7300
4547
1894
3125
3236
4476
7914
4178
6216
6554
3440
2643
6745
6757
3477
7205
3849
3954
2557
2663
1687
3208
5634
6817
6336
1922
2638
6948
5982
4766
4295
5762
7869
2109
2399
3895
5535
2206
3359
1434
3805
7843
8132
5256
7903
5019
1852
5442
208
2479
2894
1980
6322
4947
5471
605
7062
2472
5124
7164
3853
6926
999
5601
6228
532
6816
4267
1898
6225
5535
5811
5569
5569
1860
8009
7358
2579
2686
1266
1620
3205
3307
7057
7158
2643
5260
8099
3048
41
3272
6587
3464
7333
3230
3869
1455
549
718
1894
1722
67
5967
1596
4611
5251
562
3866
2638
2291
2735
4296
2784
5948
7853
7613
7339
4342
4735
5634
813
4696
5107
5398
5166
7864
2237
6269
7429
6128
2472
4123
362
4868
6816
1386
4767
6757
5908
3104
7974
6317
2351
3895
3657
4362
1822
6361
3734
2105
5482
250
6993
4365
7652
1601
753
751
6930
4868
327
799
4655
122
4042
505
5967
7729
3131
7352
5532
1894
6086
6557
3665
5373
3895
1644
2628
41
152
5354
6876
3986
3650
1589
843
6281
5945
4762
7863
2399
4682
7263
856
7448
942
2397
1104
3563
1922
1687
3254
5634
5291
7905
6433
7616
4042
4697
4868
3770
6519
5146
1642
3188
7689
382
2118
2210
5264
940
1230
5846
4868
3766
258
562
2215
1534
6745
5481
1894
1753
4716
6350
447
4435
2482
7448
4715
927
4515
2054
7297
1101
597
988
3947
5517
6569
844
7869
5479
7002
7623
152
1695
2472
3236
3470
1137
7484
6123
7664
3909
5220
1801
7702
7237
5622
5132
3866
6123
7255
5835
7702
3770
751
4946
4939
2190
6210
1010
4735
