0
0
0
10
0
5
0
1
9
1
0
1
0
0
0
0
0
3
0
0
1
1
2
3
0
0
0
2
0
0
2
0
0
0
0
0
0
0
2
0
0
0
0
0
0
0
0
0
0
0
0
0
0
0
0
0
0
2
0
0
0
1
0
0
1
2
1
0
0
0
0
1
0
0
0
0
3
0
0
1
0
1
1
0
0
0
0
0
0
0
0
1
0
0
0
0
3
0
0
0
0
0
0
0
20
0
0
7
5
7
0
0
0
0
0
2
0
0
1
3
3
1
4
2
0
0
0
1
1
1
0
2
2
1
0
0
0
0
1
0
0
1
0
0
0
2
0
0
0
0
0
0
0
0
0
1
0
1
0
0
2
0
2
0
0
0
0
0
1
0
1
0
0
0
0
0
0
1
0
0
0
1
0
0
0
0
0
0
0
3
0
11
0
0
1
0
0
0
0
0
0
0
0
0
11
7
8
0
1
2
23
0
3
3
5
0
3
12
1
3
1
10
1
1
0
2
1
0
0
1
0
2
0
0
0
0
0
0
0
0
1
0
0
0
0
0
0
0
0
0
0
0
0
10
0
0
2766
1069
6342
3302
783
6215
1544
1351
1046
2094
313
1089
3880
7531
8132
7945
3884
2098
2908
1451
4138
5068
1709
5920
6196
5534
6171
4634
1619
1584
3120
203
7624
5744
8078
754
30
729
4242
2156
2382
8054
431
5358
2760
1707
5307
3895
3043
1543
2195
2098
8149
5905
7873
7384
6198
150
6643
5983
4306
1862
7182
3392
3084
5709
6945
7290
7297
2637
3794
2094
7465
4212
379
2844
4680
4333
2840
1212
1700
3152
2047
3824
2723
2897
1885
3445
2074
7672
2130
424
11
7868
4139
1262
52
4629
3013
1820
6193
3725
984
3975
4212
4682
3940
3122
5937
4333
8009
238
2610
5413
6869
6953
143
3715
8047
2381
482
4011
5118
7387
4497
1805
7598
4807
4054
691
4898
6070
3645
836
3155
7345
961
7062
5667
5546
4104
7903
4547
3466
122
7905
7907
8084
522
4217
6244
4950
3515
2229
4372
5890
2713
1492
1856
2166
227
6285
6167
1024
4821
7771
74
4452
1688
1442
4333
4333
7159
1831
751
5667
3698
3032
7158
3629
3726
2483
1049
1280
211
4568
3584
1534
6943
589
992
250
4707
2705
7233
6709
5462
1788
5157
8047
2786
6913
5111
7430
4599
6048
2324
5124
7430
3567
5157
2654
7941
1029
1538
5847
1930
6767
41
1477
1923
7548
217
491
1217
6571
4056
7817
5123
6872
1556
873
2015
2951
4290
8
7429
1788
3030
4401
3125
4374
3455
3464
2658
4863
7158
7430
8099
1894
1477
2847
3428
2202
1320
802
6139
2185
7882
900
3688
7307
7732
702
7119
4255
249
7160
6889
4248
7430
4132
2783
3455
5777
809
6010
4205
302
7857
5409
6443
8084
1687
3828
6700
6945
1241
2922
5332
1067
2421
340
369
5732
3920
2527
3428
2780
7463
7869
2130
7650
3183
4798
3755
8185
7346
7981
3698
5937
7429
6048
1847
5146
6010
971
3499
4846
4011
631
2552
1620
5417
7953
1190
2587
1166
4754
3676
1440
4975
4120
6778
1287
3241
5159
1922
2291
5409
122
6160
3975
751
4446
976
3117
2217
7845
4116
4986
3432
2516
7297
87
3696
6245
5702
6176
7530
1851
7088
2833
531
3037
3611
5518
1700
502
6485
3985
7263
1681
74
3698
6670
562
1730
7804
1319
194
3161
4173
722
8163
2995
3969
4627
3661
1160
7
5445
813
2354
6144
2252
7575
3715
1738
7362
6406
238
7158
3985
3030
8084
4401
7000
68
4611
944
4319
6703
2017
4422
5754
2954
1075
5661
1040
2127
7094
2467
6935
3288
2610
4535
1732
6722
61
5721
3721
8047
1703
5662
1707
1474
1347
2792
6662
6638
113
2576
1534
4017
7411
7098
6921
8025
4818
2870
848
3305
4329
8113
7466
5241
2388
1221
4522
8023
1040
7307
7484
7901
4046
7886
7090
1607
3115
7196
1415
1029
3999
4692
3740
4492
6864
367
8061
1306
7352
5253
6338
4426
2278
2057
1174
4817
5798
4272
2830
1416
3474
1666
5305
5013
7506
7777
3115
2285
7986
500
421
6195
1823
1752
8006
968
6351
7415
7466
7875
1668
8115
14
1769
541
3786
6222
1494
6852
5745
487
5061
2022
7154
6245
348
3017
170
675
3389
3240
255
1845
4707
601
4134
5801
7092
6679
4039
4355
348
559
5198
6234
1866
736
2749
6834
953
1518
345
7864
890
5551
7135
7453
6203
3542
3004
3994
4091
4237
1866
4418
6106
626
5079
3608
3113
2569
263
1114
7781
6117
5024
1334
170
1929
3598
3865
3967
6037
7743
7634
3226
2546
7196
5102
4522
3260
3561
2868
4375
7059
3966
1824
4670
4670
2498
5803
3480
2285
6654
849
67
6839
8025
7724
4214
1787
4067
913
612
5512
5710
2800
4027
7275
4948
825
288
1443
1929
1948
1533
149
1931
4798
5077
2900
735
7673
1133
4120
425
6616
4300
7108
2105
2745
3854
4647
5092
840
7587
5896
3440
6353
8065
3623
7463
2100
5095
6144
7507
492
3210
6216
6756
3477
6588
1809
4216
6258
7986
3585
592
7223
1258
16
2709
900
6318
4932
6199
3254
2189
866
2094
146
4479
6683
7289
1821
5724
985
7647
2573
2004
3229
2022
614
7434
7200
472
4712
4077
2511
3004
3667
226
1004
3205
1353
7279
937
1249
2927
4150
1477
7465
6692
622
451
4570
5910
7352
313
3508
7352
3956
4139
7582
6645
2120
5666
2379
6818
108
7351
1878
1564
2759
389
371
1348
587
1105
5839
4390
1337
7761
2847
6269
216
2844
4058
1294
505
3104
1710
7761
559
6228
2975
8094
3398
1057
3000
4651
3220
2202
3232
3722
7940
3786
1321
2352
6445
1024
4600
6627
4982
5462
929
5409
7412
3034
6723
222
3776
5908
7465
6662
7173
8100
6692
562
4443
2284
3936
2929
3888
6635
7910
355
631
1879
6896
428
824
421
7494
2331
7899
4983
1644
4205
4253
3466
1693
1442
2840
4780
2291
3508
5182
1687
3940
222
1788
8099
3308
1299
5183
3775
6440
210
5921
7615
8040
4436
2286
3609
2467
781
961
1831
5124
4844
5618
922
5667
171
5256
5949
7822
279
222
6443
4715
3030
7264
505
3985
3930
3214
4635
1965
47
4670
6258
2760
4492
3715
2100
987
6957
216
7981
4333
7905
7863
1831
1305
6305
51
1858
7702
7264
1696
7647
6993
6745
1378
4212
2847
8057
2139
799
1937
6656
2896
2896
2958
1050
6015
4314
2268
7317
5231
6048
7158
5256
8057
6305
68
3985
5042
5967
6112
3963
2039
4248
3466
6557
4730
1693
171
5740
222
6189
5301
788
6635
951
7673
7844
48
3359
2386
4212
1451
7271
7263
6305
7263
5497
7127
4683
3985
7650
970
2251
7903
265
5910
7863
6692
1688
2847
6957
5908
3629
8176
5413
392
4566
4317
4651
82
3104
4682
4682
1831
4253
3048
3998
5908
5256
4401
3030
3183
3948
6653
4138
562
1477
4180
5462
1644
7263
3827
5740
8147
6305
4885
3120
3379
8119
3969
5553
3563
1294
7317
7430
976
7430
5578
4401
5042
1707
171
5409
8057
4863
206
4431
933
5124
7317
7412
5462
4655
5366
3998
7430
4401
30
5403
