0
0
0
10
0
0
0
2
8
2
0
1
2
0
0
0
1
5
0
0
0
2
9
1
0
0
0
8
0
0
0
0
0
0
0
0
0
0
0
0
0
0
0
0
0
0
0
0
0
0
0
0
0
0
0
1
0
3
0
0
0
1
0
0
2
1
0
0
0
0
0
0
0
1
0
0
1
2
1
0
0
1
0
0
0
0
0
0
0
0
0
0
0
0
0
1
10
0
0
0
0
0
0
0
18
0
0
8
4
4
0
0
0
0
0
1
1
0
0
1
7
0
6
0
0
3
0
0
0
0
1
1
5
0
3
0
0
0
0
0
0
1
0
0
0
2
0
0
1
1
1
0
1
0
1
0
1
0
0
0
1
0
0
0
1
1
0
0
0
1
0
0
1
0
0
0
0
0
0
0
0
0
0
0
0
0
0
0
0
6
0
4
0
0
0
0
0
0
0
0
0
0
0
0
9
4
6
6
5
6
29
5
3
5
6
1
0
23
2
0
1
11
0
2
0
0
0
0
0
1
0
4
0
0
0
0
0
0
0
0
0
0
0
0
0
0
0
0
0
0
0
0
0
10
0
0
2635
7484
3533
2967
6020
392
8117
7391
6141
5625
2408
7461
5470
6660
5682
7135
5250
1132
575
6660
575
3067
4630
5322
2192
7391
4718
2419
7086
8075
7344
4608
5255
6860
1767
5127
4385
6593
6950
5706
3322
5576
541
5160
472
2764
1003
6583
2516
5816
3835
6824
1145
5049
5222
7344
4262
2291
446
6215
4074
1124
7995
722
7957
3121
6799
7617
1732
2402
4197
250
3571
5751
5063
3322
1523
212
5276
6441
6969
5456
2214
6914
8119
7718
6232
1336
617
6749
786
4313
6447
4835
1839
7143
5232
2500
2465
5375
484
3066
1360
8083
2780
1395
2374
3464
4216
4190
7148
4605
5751
7229
6307
568
1980
4693
972
2231
4810
449
8139
5820
402
4666
4319
1786
3322
2372
3581
5172
7188
3066
5161
5171
8190
1794
3989
4818
4912
6958
6441
1539
1154
1839
2764
3463
6762
395
5644
8119
5522
6129
5286
4967
5101
5346
7762
2034
4175
644
7094
5276
1057
921
4175
4448
3263
651
2304
4498
7563
4062
4016
514
114
2894
227
6357
664
976
6443
2475
6928
7232
2259
5
1707
4655
1483
2374
472
4294
4920
4079
7398
7167
1736
7844
2372
6396
5547
4094
8187
615
26
5456
388
607
575
1155
3999
4637
6138
1991
5612
483
5330
2345
1477
2337
3057
5915
5343
6483
4372
2157
6571
5427
121
1767
1241
6141
3584
876
6484
6824
5024
3851
1606
3145
4008
6117
826
4362
5144
5917
5069
3426
2172
5813
3369
7718
1990
4718
1527
8157
4641
5276
5248
5720
4214
919
1822
7722
2684
243
5267
7661
4689
698
5843
6580
1576
7
7343
5496
3404
3385
7538
483
4313
6551
6980
7736
3879
2109
8080
5882
6104
1590
5751
6234
6552
2548
227
4099
6737
896
3095
1
657
4112
3740
6976
6230
261
3193
3711
1235
5353
2121
4487
7381
6862
4030
1797
5417
251
272
6895
3051
3077
1765
1
7236
2645
6915
2232
2377
3322
5977
2762
3835
1765
2567
7154
2922
1024
4599
7037
119
4722
3083
6187
4957
8059
6107
5367
5099
5182
7716
1
4771
2922
5470
4747
2796
600
4079
6632
340
2244
649
4029
1154
2986
4733
6469
4788
5275
5148
6386
778
3433
6499
8122
7743
4226
4688
7547
4384
3082
3263
3551
5128
4150
1602
3166
1598
2361
619
227
2860
3647
255
4880
5171
4442
3084
1631
7418
845
68
250
4229
698
3322
7438
6922
1208
6768
1429
3351
4602
841
5608
7780
5275
4841
1539
6077
1075
651
4979
2192
7401
3854
1224
7235
4326
1697
2361
4630
2304
2470
4214
514
5364
1328
7111
2434
3060
3331
2195
6657
2519
951
6465
2861
615
1024
3901
3715
4892
4412
8065
4367
3068
460
1035
6884
585
4088
1494
237
4255
960
942
1620
8153
7343
1855
5367
8100
5346
6345
3467
5888
8040
5254
1523
5695
3835
6117
7162
1523
6571
1131
5208
7063
7915
2192
928
6357
575
8011
6447
7051
3482
5120
7500
7624
6649
5156
4323
5496
833
6229
1115
1590
7688
2832
3741
2903
393
7956
5343
7871
3861
1659
3584
4472
2907
6395
1833
1368
2354
827
5660
1857
8046
3783
5107
5682
6306
6146
3825
1561
7323
7274
6732
596
3046
7281
979
1269
5171
8083
7269
437
6363
1158
2080
5756
1062
2187
2904
1041
931
2541
8030
5284
2633
4590
1395
6041
6473
5346
954
2206
826
6732
5260
5772
3741
6777
3861
4641
5109
4242
3488
278
6649
8083
3607
8064
4138
1376
2984
1087
3263
3007
825
6973
3686
7134
2279
3959
238
725
4253
4118
54
179
4421
1999
4920
2699
5720
7190
7795
8050
7444
4850
3238
1776
4679
7657
3884
6232
3251
1285
5886
5979
3614
7545
3700
2558
3367
6902
4878
437
2986
7070
2458
5246
3631
472
6117
5594
83
2773
2935
3953
2722
2943
2275
532
5013
5288
2439
168
3879
3933
2986
4170
2863
7745
3326
7048
7874
3893
5019
907
450
2629
6761
3483
1765
7798
533
4641
5756
258
4048
7855
8134
6426
5644
1489
4610
7545
7111
1258
4437
317
2429
5115
1066
5035
7593
4077
7595
3490
5731
5444
1770
1571
5079
1932
7431
2441
169
876
7615
168
1512
1681
2077
3567
3215
2508
6500
4929
1182
4957
1608
3657
2221
1607
6594
698
3287
5664
4861
5465
1164
665
4384
6138
653
5382
6447
2661
7464
1497
8143
8157
5478
181
5937
3176
4967
2020
4560
377
77
1762
6555
7546
3690
1581
7642
3021
4727
4835
372
3057
7545
7546
2285
2347
1797
7683
8073
7956
5975
8080
2427
7480
2809
7801
7914
1681
4047
5286
5565
7174
6657
4896
4967
4589
7367
1791
3504
1944
5408
6150
5778
4788
5018
4236
1532
377
1855
7123
2007
215
2408
2449
6209
6414
3759
4344
7547
5807
6816
4855
6350
5831
2249
2686
5972
1300
4998
432
3586
7229
2304
4150
1442
111
943
6465
5317
2900
5702
2448
4988
3974
2429
7591
92
7350
5013
2572
4810
2731
6052
7938
3203
227
5024
3159
1164
6041
6937
4820
1690
2129
1949
5947
4423
4481
471
2878
2654
6275
1145
833
2904
4985
3044
5751
3732
297
2663
5594
4841
5515
2643
118
858
4268
2405
2892
7799
2684
6708
914
3690
4916
1886
1437
5751
4084
3358
2922
3282
2728
3903
3784
1707
3910
3702
3924
4880
5160
6593
2516
96
7905
1981
8113
3809
5220
6737
7887
7373
8046
7491
4175
5738
6395
7956
3144
6262
7867
6830
5050
126
1706
8142
8099
1462
3612
6565
1715
3806
2836
2421
1794
7806
538
7716
2777
261
7043
2728
1158
5111
5130
1788
3093
1212
896
1009
797
7388
6002
3977
249
3631
3390
5222
3595
7386
7438
4718
5119
6495
3901
5682
26
6117
7871
6234
2285
3432
2042
7395
2724
4722
2073
7501
6632
1864
4571
3449
2214
3986
1158
1550
541
3969
2352
7306
5353
5144
518
2533
1717
573
6552
2764
3453
6799
718
1236
4784
3542
2345
5482
1566
3695
7236
7929
1949
5187
4238
4580
5715
1576
3290
538
4053
3533
3410
4967
4529
4047
1015
