0
0
0
10
3
9
0
1
9
1
2
4
0
0
0
0
1
0
0
0
0
0
0
3
0
0
0
4
0
0
1
1
0
0
0
0
0
0
1
0
0
0
0
0
0
0
0
0
0
0
0
0
0
0
1
1
0
0
0
0
0
1
0
0
0
2
0
0
0
0
0
0
0
0
0
0
2
0
0
0
1
0
0
0
0
0
0
0
0
0
0
1
0
0
0
0
8
0
0
0
0
0
0
0
20
1
0
6
6
5
0
0
0
0
0
1
0
0
2
3
2
2
2
1
0
0
0
1
0
0
0
1
1
0
1
0
2
0
1
0
0
0
0
0
0
1
0
0
0
0
0
2
0
0
0
0
0
0
0
0
1
0
1
0
0
0
0
0
0
0
0
0
0
0
1
0
0
2
0
0
0
0
0
0
0
0
0
0
0
4
0
9
0
0
0
0
0
0
0
0
0
0
0
0
10
7
10
2
1
4
26
2
3
1
5
0
0
16
1
0
0
10
0
0
0
1
0
0
0
1
0
0
0
0
0
0
0
0
0
0
0
0
0
0
0
0
0
0
0
0
0
0
0
10
0
0
6791
6661
67
4027
4256
7358
7346
6680
3561
5013
3253
1401
2954
4574
8188
5833
7453
3742
3428
751
4664
4683
5366
2785
3526
7237
934
20
7201
4533
1852
4340
6000
7070
4322
3930
1208
6225
1922
4696
963
3247
6218
1836
4467
7914
1576
465
5770
1699
5896
5251
5251
6638
94
5450
6315
121
40
7864
1922
8132
3682
3609
6645
6740
2679
4256
2529
5842
1681
5003
6722
3658
6757
3007
3020
5892
5489
3962
7882
284
4027
67
5035
3378
3916
6186
4200
1687
3866
5908
856
5323
4734
193
3068
5715
1164
369
3866
7697
7374
4042
3183
8057
1652
7752
1269
3389
2137
4588
3007
5982
825
985
7205
7131
6789
6397
7249
41
2874
2847
7412
701
1922
813
797
5292
727
4178
8003
1273
3438
7000
580
7297
1377
4212
4251
5332
5132
3894
7961
7892
7820
7633
6494
4362
1900
3628
5603
6757
7249
7237
2529
1687
856
7412
4851
8023
2271
2251
718
7297
6738
7981
3717
238
1673
6138
6358
1815
7902
5736
1124
4878
643
1305
4228
7296
7180
6953
4294
3146
1730
7306
7684
1069
1695
3343
729
5403
1914
3563
5479
4756
5634
1644
7713
5256
562
1100
7070
998
5436
3561
3999
5839
5780
4747
1617
2015
1824
4950
2799
2268
4121
2387
780
6770
3333
7231
7903
3081
7430
2785
357
751
1031
2295
5496
7505
5634
3563
2435
4365
8133
4145
1639
8138
5805
1559
4339
1907
6422
2098
4868
7412
7317
7476
4042
7131
580
522
4834
6816
1652
5146
1644
7000
7905
6980
2090
3266
4963
4891
1477
4534
3848
6004
5471
6764
8039
1055
727
4047
3770
1860
751
4756
5256
1644
4398
2472
2691
5409
2314
7954
2295
4863
2324
8099
6433
334
3839
7094
3988
2614
2331
7784
1062
5144
3446
5513
2312
6238
4635
3876
1644
4253
1273
4398
1898
2324
993
1730
4655
4820
762
4891
7194
4868
2708
1069
6638
4302
6970
1760
6817
1708
7863
1532
1643
2893
3595
5686
243
1056
2248
4683
3612
6519
1069
2003
610
6352
2978
7684
2324
5967
2759
67
5256
1323
4655
6112
1841
2548
4793
4194
6010
5182
269
4874
7938
1338
1525
6443
3645
6068
3271
2211
1474
6823
3261
7720
2785
6748
2324
3612
2534
6225
447
1898
3109
2098
927
357
4904
7645
6749
3335
3508
7651
1442
1836
7480
7375
449
6600
61
1621
7546
4634
7110
2684
1029
447
751
1208
447
7812
3317
6746
2485
1644
5831
2333
6399
1477
4395
5990
927
1894
1719
6737
7070
7914
4427
5383
3404
1520
4479
432
1043
870
5928
4108
3122
1206
357
2760
3168
5203
5357
7190
7127
5251
4205
1686
572
1747
4767
1560
5450
2760
4547
3244
7434
6761
7162
651
841
6623
3414
557
5116
7545
4253
4104
5967
4863
238
5721
5814
7714
2867
2482
447
3770
1730
1062
4830
1040
1680
4251
310
4290
3287
4136
61
4348
2458
3884
6865
6243
3435
7722
4017
8030
531
478
973
4374
3321
6753
7373
2324
7713
171
6519
2529
7388
2834
7491
432
110
6433
3979
5853
2057
3740
2118
1029
7509
8059
1917
2129
7193
6983
7299
631
4651
5629
3587
857
5826
6225
7713
3985
1644
751
3401
3693
3185
8117
2112
8076
3770
2760
1077
2220
1842
5579
6310
4796
6406
5748
7415
6366
5766
7442
102
4491
4207
392
7882
7699
2643
751
4435
6519
941
1069
3936
5843
4058
7864
6652
4907
1273
7237
340
976
4983
527
7012
7405
5423
7077
6247
7362
6924
1544
1345
5232
2684
559
2002
2945
5713
1453
2377
6433
4891
3879
7699
2364
2098
5291
4547
1644
751
1681
1898
3698
2638
6400
7300
5031
8128
4503
7323
4678
6737
5165
4702
7059
5427
2063
6004
5627
1534
978
7763
51
68
4515
6594
152
1681
2650
3770
5634
780
1427
3638
2943
2860
4547
3125
4492
5265
3368
997
4983
888
5417
4479
763
1530
4338
7431
4707
783
1708
7981
6738
4535
5599
7816
7213
5479
2324
1898
3401
2639
5481
2515
177
5035
2760
5323
7022
7028
2749
3014
1305
5157
229
7642
7757
3662
5636
2066
7546
7484
4993
6464
7000
357
2760
5436
7917
4946
1069
2785
8117
4739
4535
836
1596
5792
8122
2198
959
4211
5430
7922
420
6627
6372
3909
5605
3304
7393
1534
2938
7413
5731
4707
5470
447
6746
5364
755
1708
6816
6433
7972
3001
769
4743
2630
6759
7479
4401
7827
170
6737
7416
1276
1851
2903
7827
411
5972
5690
5982
1049
7269
5896
1427
7375
5720
6770
6215
4946
4730
447
6225
3998
7366
2977
2318
1581
3997
5880
2908
7753
1245
5810
6653
4947
3940
1148
712
4812
8028
3145
1748
628
7911
1415
7375
2453
5716
269
7587
3930
1687
67
4873
2453
6433
4101
2600
48
4614
7263
751
7188
4689
337
4104
5618
8188
934
3332
1538
8144
1989
4634
1438
6320
3382
4506
3638
4435
4509
7256
6060
7213
7430
4868
2614
7373
4333
1765
7749
1894
5967
6828
1680
4660
2750
6503
4947
3458
2472
6816
1911
2261
2252
3642
48
1319
4017
6210
5403
4066
1531
2558
2230
4608
2737
751
4946
1687
5366
379
7903
5614
7087
1319
6980
6269
6816
7614
6383
2003
6048
4333
572
6676
7548
3134
3443
1680
7882
3747
1539
7679
7226
2123
6083
705
1312
5777
1976
3770
1377
7177
6228
6724
369
6436
1101
6443
3266
2115
2643
2627
3985
4756
2584
5875
2770
782
1880
7451
2835
2217
5689
7389
8091
5143
3321
6473
6233
3267
1137
5945
7063
6041
7040
6583
1046
922
4398
7981
2214
4381
6816
7131
1782
1681
7905
5634
51
4194
536
482
6438
7408
5402
4796
1785
1750
7064
5176
7078
2747
4255
3651
6353
5364
3847
1852
2478
912
3770
4946
3185
2272
556
1041
2760
1069
353
4709
8122
6000
61
5583
5675
2271
1253
1009
3992
7453
1241
8064
3747
6761
4339
6031
7227
4618
4573
393
522
6794
7799
7812
6034
684
5458
2435
7237
269
4398
2058
5549
1309
6082
5048
4129
6386
1556
1395
2654
