0
0
0
9
0
8
0
2
8
0
0
1
0
0
0
0
2
0
0
0
0
4
3
3
0
0
1
9
0
0
1
0
0
0
0
0
0
0
0
0
0
0
0
0
0
0
0
0
0
0
0
0
0
0
2
0
0
1
0
0
0
0
0
0
2
0
0
0
0
0
2
0
0
0
0
0
2
0
1
1
0
0
1
0
0
0
0
0
0
0
0
1
0
0
0
0
9
1
0
0
0
0
0
0
23
0
0
8
5
3
0
0
0
0
0
3
0
0
2
6
6
2
4
1
0
1
0
0
2
1
1
1
3
1
0
0
0
0
1
0
0
1
0
0
1
0
1
0
0
0
0
1
2
0
0
1
0
1
0
0
1
0
1
0
0
0
0
0
0
2
0
0
0
0
0
3
0
1
0
0
3
1
0
0
0
1
0
0
0
7
0
7
0
0
0
0
0
0
0
0
0
0
0
0
11
8
6
0
3
5
22
1
4
2
9
0
4
26
3
1
0
11
0
1
0
0
0
0
0
1
0
3
0
0
0
0
0
0
0
0
0
0
0
0
0
0
0
0
0
0
0
0
0
10
0
0
3759
7189
3643
5557
6201
6000
1607
5911
1177
6549
1785
2686
1593
6501
4210
4965
4094
2901
4213
6185
5558
5971
6061
1140
5517
973
2708
2208
277
4955
947
5589
39
5325
5873
4618
6001
3092
5732
1768
6088
3435
557
7633
6801
3656
3443
6535
1364
1324
7484
4975
5937
266
970
5040
7316
3176
889
3753
3571
662
6808
4198
7557
2748
1780
7412
6928
5354
6415
4988
2370
2261
5097
645
4286
1968
5489
4688
8030
2773
1971
3423
4562
3378
962
1145
2499
523
4147
7886
5363
7002
5999
4000
4639
7097
4982
2847
4576
6048
1106
287
7855
4248
5991
733
5042
41
4781
196
265
2908
825
3948
2706
1922
7317
7864
8185
2777
2805
3292
662
7755
225
752
5644
6608
701
5042
7713
6194
3104
5366
4983
3839
2217
3635
7429
2251
6244
505
5597
7771
8031
4255
7345
7367
2482
6244
2874
3423
7412
5644
4990
7732
3998
7300
3359
5792
1858
7404
5291
562
5535
4863
4982
1338
4580
2638
5967
1788
5894
2324
4868
7249
4576
3407
5659
4501
3140
1799
6225
2847
1528
2187
33
5293
7958
2574
7319
2946
7951
207
5634
4863
7183
6493
6723
4360
5534
2982
6757
5011
1644
3678
3998
4819
3721
4217
7082
789
7374
5124
4617
5683
4919
3254
4375
2383
5662
6535
6775
6958
3700
326
7981
5373
2316
4354
357
1477
4231
5848
7358
2187
5366
5634
3721
2339
3809
2121
755
6443
1377
813
1258
3401
5985
729
6363
2318
3262
1571
2683
3322
7713
3657
5799
6322
3363
3770
7804
2998
701
176
152
5910
505
100
3714
1607
6154
8084
1687
5908
1687
1922
27
2960
522
5527
7269
7675
3077
2943
8155
1140
4868
6399
1858
2730
7168
2083
1489
5662
7683
4767
2291
3866
3030
5409
3702
932
5020
2197
8057
856
5634
5251
4624
1600
3701
2959
7511
1236
4051
5913
7028
3247
6930
68
2098
1812
1788
6957
889
6549
1644
3776
8057
5910
2187
7240
5829
2995
7884
2251
1858
505
7903
1525
5662
2905
4565
2892
4110
1734
5767
2912
5620
4683
7412
222
7430
1922
7713
2007
1834
343
3284
7903
3985
7212
2007
1416
7640
4086
6436
1531
5522
6638
4696
5146
8157
2118
5686
5168
7843
1815
5534
5662
2139
2750
2187
5366
856
3998
5366
2994
7326
7918
2119
2867
5353
1462
2573
3842
5885
7587
8019
5232
30
2214
48
1450
2445
2508
7595
7273
5989
556
1561
743
7875
7271
2420
2098
7317
100
5465
5354
5362
1015
3117
1046
3145
471
5549
3608
2414
787
7259
1195
6000
7082
4576
6172
961
1922
505
3668
3463
5112
2422
4415
4682
755
3999
258
826
7650
672
3324
2536
4577
3847
4634
1706
6162
3958
684
2280
441
5228
7056
7614
6965
8057
7317
6557
4576
2187
4317
925
4111
739
2406
379
856
3117
7051
1046
4309
7060
923
986
4204
7923
6249
7299
1785
2268
6168
6164
7533
1441
7903
929
379
3629
7000
2198
6400
7068
1766
6999
6321
6203
7095
2847
1477
5144
7531
3793
2734
2805
2137
2068
7551
6879
2905
1638
2293
7496
5965
5911
2677
4248
2291
2874
1894
5091
3910
4222
903
7981
4212
5124
3643
1707
1687
4855
2004
6997
6434
1804
1230
2186
3954
6351
3772
3107
1115
758
4980
6846
3979
5220
5555
5366
1687
3866
2291
7804
717
7240
4354
7308
4231
789
5256
1687
7981
4118
7662
3391
2967
1008
1817
7897
947
6788
549
1652
3360
3081
5771
2876
4375
4245
4572
2847
3030
5366
2003
4430
7606
7614
5967
4868
6305
4767
3030
2847
7367
6541
4305
3857
1304
4183
4275
8005
5398
4771
2655
2249
6042
3332
7625
8174
399
5396
722
1644
6485
4401
171
4180
5366
7840
5634
4983
4896
302
4401
4398
3109
7035
3268
787
5946
327
4976
4990
6583
2514
6054
1516
6554
5365
2470
4790
12
3721
2597
6228
4401
6399
1560
4752
551
5354
7073
379
6269
3012
549
3169
1802
6759
4
2181
3611
6348
6969
2597
2120
7562
5471
4855
1738
2353
7533
3510
2316
2022
3684
5877
7479
7893
3933
6722
749
7418
5487
6151
2740
7039
865
3003
819
2789
4354
7605
1749
3850
5492
295
5738
7406
8018
5819
824
4322
3304
3268
1145
6234
1043
4397
3631
5130
6003
6022
5222
389
8138
1717
1177
1466
674
3577
4476
7522
7141
89
5908
5306
26
6434
4449
516
7139
6538
2561
5545
2808
2750
7785
3223
4856
3021
1512
2377
4202
3947
2820
5449
7357
1556
5984
182
6649
8167
5891
4294
1692
4129
1485
8032
2948
7561
171
1692
67
2315
3559
5471
2445
1899
518
2686
1833
8138
6549
7640
3226
3997
8008
4809
1788
4032
2225
961
7519
4734
7735
6861
1780
7768
6914
495
4753
6968
59
3256
7300
2058
4368
4978
1148
5241
5535
7180
4412
6631
3754
379
6501
7233
7311
790
2031
3732
449
2935
6284
6623
1692
3101
6330
1855
2333
4149
2881
6383
163
3840
2101
7020
6503
358
3972
371
1342
1133
55
4531
1418
5068
672
1826
3050
6157
3225
2986
4716
113
7954
2683
7737
7648
5028
449
695
2890
258
2231
5520
8122
7060
4178
1441
162
3321
1704
5516
5130
3370
2224
3392
1481
4452
868
6453
1439
4939
4050
4248
656
5702
1492
6148
440
5600
1260
3347
3985
7779
4917
1834
3244
7687
993
6758
353
2683
594
2057
1172
5775
2750
6010
5745
32
6918
3987
5708
7829
4594
2642
4368
5847
3657
2980
4929
1481
4511
1923
2470
7793
5582
7675
4730
4946
3914
3384
2748
4145
4721
2036
2650
3568
8045
6322
3002
6042
8173
7942
2140
7245
3225
5911
4372
2634
699
5050
2460
6551
3499
2972
3658
8150
6158
1538
1980
2165
5593
8071
159
6408
4222
4731
3530
4697
5389
5301
1011
2723
3131
5007
1947
5423
723
3667
5066
2771
3752
4486
7213
929
762
4613
179
1406
3821
3317
1491
5708
3827
1030
6535
2625
6719
3526
5704
1324
5904
5198
6233
6803
4506
5770
2914
7057
4962
4183
2333
4928
1638
5738
