0
0
0
9
0
9
0
3
8
1
0
1
0
0
0
0
1
1
0
1
0
0
0
1
0
0
2
6
0
0
0
0
0
0
0
0
0
0
0
0
0
0
0
0
0
0
0
0
0
0
0
0
0
0
0
0
0
0
0
0
0
1
0
0
1
1
0
0
0
0
0
0
0
0
0
0
2
0
0
1
0
0
0
0
0
0
0
0
0
0
0
0
0
0
0
2
4
0
0
0
0
0
0
0
23
1
0
7
6
6
0
0
0
0
0
2
2
0
1
2
8
1
5
0
0
0
0
0
1
1
0
2
0
1
0
0
0
0
0
0
0
0
0
0
0
1
1
0
0
0
0
0
2
0
0
1
0
0
0
2
3
0
0
0
0
1
0
0
0
1
0
0
1
0
0
1
0
1
0
0
1
1
0
0
0
0
0
0
0
6
0
7
0
0
0
0
0
0
0
0
0
0
0
0
10
9
7
1
3
7
22
0
2
3
8
1
2
20
2
0
1
11
1
0
0
1
1
0
0
1
0
0
0
0
0
0
0
0
0
0
0
0
0
0
0
0
0
0
0
0
0
0
0
10
0
0
5293
5531
735
7827
1345
3728
5376
6179
7784
331
3130
3992
2863
6227
4796
3775
367
68
3446
4891
755
6399
4360
5556
3469
6660
2015
5273
7304
3252
2728
5902
796
3896
6152
4759
990
260
6070
3713
3186
2516
6396
3353
7407
2489
4150
2991
2098
7390
4679
6433
7430
6433
6399
5094
3107
8149
7861
310
2137
1856
7070
255
2826
2791
8023
5853
5731
6227
531
7366
2178
7806
2803
5513
7253
2194
2848
7124
171
6336
1644
2529
5967
2837
6993
5366
5597
2769
3407
1103
6307
6756
6989
5853
7893
5627
6248
2219
2922
3010
4099
3616
1850
1565
2285
5096
2134
843
2263
6837
2090
1004
7159
7614
1104
5487
2314
2368
4838
476
2211
4202
3386
2713
6303
1127
7753
3461
5118
4004
7968
5344
2887
7886
5871
795
6089
716
366
2783
2716
3607
505
7045
3895
404
206
1172
2573
5967
2660
813
7060
3286
2002
2463
3959
7592
7618
5133
2941
3140
914
206
3577
448
7219
3095
3196
2106
8139
3001
4192
4280
1730
4658
1718
7323
5075
4308
7426
294
4972
2862
2158
6981
2920
5470
6980
390
4623
6068
3407
725
4077
6517
7910
5153
6849
7575
1075
1478
7530
7874
167
5225
6101
6400
7000
1708
2545
5007
4402
2187
6433
5466
869
2504
7685
3973
589
5748
3980
916
2004
5998
727
6478
1464
4270
1074
4062
5100
369
7786
1587
6164
266
2946
4501
962
4791
751
7352
7412
3759
1069
2534
6858
5649
5871
1600
2152
2128
2999
7610
1308
5419
973
5596
2382
5066
5802
6451
1160
3584
1819
5452
4044
7933
3460
5535
6574
4655
447
1782
4697
1718
5286
353
1438
869
3711
926
2681
1522
2190
5890
6929
5636
3077
7763
287
143
7582
5086
3584
2986
6921
6664
7183
5024
6534
7748
2324
4929
572
2760
5496
1377
6352
604
37
5244
6499
7841
7441
1667
673
28
1979
1949
3916
250
5670
1708
997
3643
420
5323
171
5256
4862
1604
4946
5967
3963
5910
2435
1841
912
6242
2209
5913
5754
1029
3154
7652
8173
7861
4017
926
948
6307
1600
4751
3072
1101
5409
5937
4827
2397
1894
755
216
4042
6519
3895
5745
3370
6298
2683
5115
6193
6403
6281
5817
3356
6134
2379
4290
3639
6571
7437
7425
1799
24
1954
6745
3030
2295
7836
3005
5951
4468
7538
532
1599
4126
4042
4515
1624
2982
1616
7388
3644
4415
5553
1003
2867
5708
934
4456
831
2489
4976
1606
6309
7256
250
1338
51
1451
8185
2039
5800
3560
5086
5567
2547
4970
6064
2990
115
1644
6653
7614
2560
2379
3962
3383
8070
3370
1750
4928
3329
5371
4295
6781
1886
6839
6961
2759
171
3985
1378
8026
1695
1652
1089
7528
3270
5405
2471
2865
4166
3770
6225
4696
1689
7116
2190
618
8021
2716
507
4096
464
1577
2934
2836
1907
1733
3312
4780
741
7713
3776
4132
6816
206
1434
4516
7064
6247
4521
3589
4803
1377
1708
6551
2273
1706
1290
4049
7324
7503
4521
3899
6031
5742
7119
6761
3674
2248
3358
7080
5256
751
1100
4165
3568
1263
7700
7061
7694
3834
1907
1699
2354
7411
5434
5563
7180
705
4998
921
2871
1170
2300
3191
6436
1434
673
683
2766
6321
5020
6321
1673
6433
4342
6059
3156
1091
565
4464
7081
4190
2716
6906
8046
1664
5672
4736
6176
3708
465
5629
3755
2985
755
5993
5301
6438
684
7723
4477
1062
6076
5715
7158
7436
1254
1229
1850
6811
4501
6696
1584
4858
963
1479
783
4578
8153
692
2353
4946
4096
604
297
7478
5496
6551
3351
7575
1118
111
673
2464
6035
1091
4776
5078
6582
2427
2943
127
3987
3827
1570
3184
3836
43
6150
1467
1376
314
5634
6519
1104
2122
3256
7149
4457
3857
421
4718
5073
1242
2967
5485
2436
1972
24
186
6086
3827
5144
3104
5251
2809
7985
1713
7903
3222
3563
1176
1644
1623
6400
2295
7430
1619
7373
1338
2086
3465
7116
4482
5531
5167
174
8155
6688
7963
1105
7308
2386
3940
6676
3659
107
6745
4648
286
7387
2405
6185
1782
1208
1922
4132
603
107
6816
3930
1898
7158
5710
3721
5576
7227
5514
36
4521
6723
3881
4844
51
1766
5556
6747
2692
3567
5967
3963
1633
3468
6053
1849
3446
1644
4373
5389
4760
3718
3317
7045
6443
6824
4880
1989
2441
5477
1535
8176
675
3684
2001
6443
1894
7095
813
3680
3657
1747
4993
780
8030
1048
1534
740
6631
6745
7630
5246
956
1115
2867
6862
5066
3577
2223
7908
6053
4605
9
3609
4885
5402
7591
4683
6090
505
4624
4212
7903
5182
1731
972
2610
4426
8023
7583
3688
6638
5481
5251
7569
6631
571
7803
4718
2861
3061
1289
5756
2421
6307
7096
1040
5567
7861
7804
7249
6486
7083
6638
3567
941
270
3742
2679
8023
3712
2573
3982
1707
7388
5535
1624
7411
7446
4618
1440
1709
7258
47
480
3969
740
2874
2077
369
5496
2440
1233
4905
5240
269
5291
2003
1677
4080
6645
2975
5209
4946
6809
2908
632
357
718
7237
7702
2898
4887
4887
5176
795
2578
7722
2854
6683
4132
8084
6816
5556
107
2646
3910
7812
7375
6091
4407
765
2955
2291
1858
447
7702
6568
1644
7604
3776
6433
5535
4860
7377
7190
1564
6740
3789
6886
2780
4360
2908
2397
152
3330
4666
5323
718
2643
5799
6556
3113
2916
7843
7181
291
4696
2427
7460
2505
5358
1377
2386
3895
4892
4912
46
2684
6451
4172
1671
3037
4472
404
4401
983
3063
7068
4132
4983
3698
5535
4431
5086
61
1129
5824
2557
2800
2137
2900
5052
7095
8095
5597
2893
1914
1650
472
1664
7852
7575
3348
3120
4698
5514
1024
4017
2339
7946
7875
3563
8084
5937
5347
1254
61
7061
5403
541
6796
3959
4207
7683
818
404
6801
2609
1080
2283
2405
3682
8028
5249
845
1965
1775
7568
3775
2022
97
5975
755
2094
8168
4515
6193
6027
5892
914
7795
1217
3096
1217
4339
297
6089
4950
5886
5013
4568
3577
7995
963
5922
