0
0
0
9
2
7
0
1
9
0
0
0
1
0
0
0
0
2
0
1
0
5
2
3
0
0
0
4
0
0
3
0
0
0
0
0
0
0
0
0
0
0
0
0
0
0
0
0
0
0
0
0
0
0
0
0
0
2
0
0
0
1
0
0
1
0
0
0
0
0
0
0
0
0
0
0
0
0
0
0
0
0
0
0
0
0
0
0
0
0
0
0
0
0
0
0
9
0
0
0
0
0
0
0
15
1
0
3
4
2
0
0
0
0
0
3
0
0
5
3
5
5
2
3
0
1
0
0
0
0
0
3
2
0
0
0
0
0
0
0
0
0
0
0
1
1
0
0
1
0
0
1
0
0
0
0
0
0
0
0
3
0
1
0
0
2
0
0
0
0
0
0
1
0
0
1
0
0
0
0
1
0
0
0
0
0
0
0
1
6
0
10
0
0
0
0
0
1
0
0
0
0
0
0
10
7
9
0
1
3
17
1
1
1
4
0
0
15
0
1
0
10
0
1
0
0
0
0
0
1
0
2
0
0
0
0
0
0
0
0
0
0
0
0
0
0
0
0
0
0
0
0
0
10
0
0
4904
3120
1315
3484
7840
1687
326
2427
2488
5240
842
2300
5976
2393
2353
4696
7276
6723
7771
265
5683
962
8006
7647
675
4779
1750
3910
6948
2645
2265
6487
7806
663
746
6745
8057
2660
4868
2488
1687
3868
5634
4244
3776
7614
371
5505
8057
1477
2847
2990
7804
6863
7788
5882
5557
2920
6728
4880
4234
428
5514
3599
4998
1401
7101
216
5910
2319
5597
1695
1860
6745
562
5409
7899
6298
7713
3717
3518
7465
1305
2483
5013
6068
6317
6249
8135
4948
1873
1659
2127
423
45
7777
5951
4290
755
956
856
2148
8168
6653
5090
481
3140
6160
6891
2990
4966
2052
5848
5740
4620
4020
6653
8183
1294
505
4614
7034
1153
6735
6358
663
7902
2697
2501
7151
7220
2488
7864
3371
127
7388
1284
1283
889
3308
1644
3629
3030
6260
4682
8057
755
8153
1528
4682
3030
287
4890
5749
6124
1051
2347
6583
1896
4606
6680
3813
7739
3155
4839
545
5786
5256
6957
4205
7713
5144
4086
332
7857
701
6048
1681
2187
7412
1477
4401
379
5910
71
6463
2257
6031
7470
3092
6880
372
4441
1937
2313
4950
3368
4697
7743
6754
2295
6555
1015
7617
6756
7911
4611
8057
1719
4333
1788
3770
74
67
6928
1652
3030
265
3988
8069
6022
2653
6372
4978
4977
5561
779
1958
7143
2960
3602
1688
2177
7910
2483
7405
6135
3661
2399
5001
4891
4401
1719
4655
6443
5240
7448
5409
4893
1294
5793
2369
3480
6199
7115
4034
1600
3106
7118
4937
3111
1173
4499
2958
4291
1661
777
4792
2600
5182
3629
4282
1347
2631
6738
3776
7903
6638
3698
8009
7430
6305
966
6075
5468
1023
854
1916
7587
3774
5746
80
5039
7649
1865
1597
5436
35
4395
5182
171
5409
3104
3998
4333
3458
1377
956
7159
1681
7271
4547
313
8031
5445
4640
6445
369
3959
1117
4340
990
4445
568
7092
7845
4625
2576
2345
2339
4857
2098
2291
7263
265
8057
1644
5409
2198
6325
4333
1681
6305
4683
1283
287
7875
7539
2629
6321
4881
7929
7154
7676
3623
5183
6558
2483
4400
6748
107
210
4329
7840
7875
5740
4180
5981
171
5256
4205
3698
8057
5256
3998
6266
4333
2847
5462
265
4676
4765
746
6421
6377
1275
343
7034
7223
4309
5555
2291
1687
1079
6346
7962
4993
3104
7899
313
314
7476
8109
4764
5511
3975
7158
1788
6557
2943
7062
7875
287
1326
7113
3506
704
2002
3814
1224
3364
7911
2614
1477
5407
6928
6791
3245
7003
4286
4576
7761
2284
7997
5920
4505
4299
5146
4333
7159
3985
7903
5809
6506
431
7249
5510
1220
4896
4069
3792
2896
2483
328
7713
379
5670
505
35
5120
1420
1710
5910
379
5407
357
6631
2295
2750
6998
4844
4655
2627
4891
3940
7264
5981
1710
7212
4412
5293
4261
4979
7986
3252
2248
3985
4752
1761
216
5407
740
6554
5617
4682
8183
7465
2094
5569
7903
7308
5291
751
222
8147
5910
5080
7465
3104
265
5458
7497
64
5066
556
1224
1538
4199
2086
7771
431
2756
5366
7400
4600
2483
2122
222
7761
4180
265
7062
6738
7159
3998
1693
856
4966
5358
4752
5240
237
5048
1600
7151
4285
6473
2935
5078
3092
7981
6692
6160
3940
4455
5366
7214
6791
3930
3776
1788
6160
3977
5740
7612
7822
3998
1477
313
7087
4753
5115
6355
5654
2105
5077
5582
5078
3647
5201
3651
1798
877
2291
2291
2083
2083
7317
1922
522
2742
7158
4333
3629
5361
1157
2897
7027
3940
3048
1149
6057
2022
4533
1090
5024
7613
4194
2500
861
3480
7885
7886
5899
4830
7621
107
4855
6443
152
5740
6325
3136
302
5157
5724
5778
4604
913
7984
6269
4752
1710
5683
2013
2009
3229
7654
7767
7839
6258
5223
4851
2697
3774
121
7494
2042
4779
6899
8057
4863
6816
4599
1719
4576
265
2199
2998
1348
4698
5165
554
1528
1710
4180
3183
7585
6252
2236
7034
1082
2356
1289
868
6198
348
5514
996
2753
416
4526
230
7546
5115
7180
6358
1030
6269
222
5299
6269
1326
1610
3682
941
6269
6930
143
3454
6832
5131
7788
7437
7176
2165
1532
1882
1836
4484
3551
1791
8021
3561
650
506
2679
4640
3541
508
357
5299
7159
3104
1710
2669
3773
4094
2027
8075
6346
3443
7568
5376
2491
2635
290
3386
7253
6318
4594
4390
727
6737
3684
1600
6650
2235
877
1319
3154
91
2427
7263
3866
5240
1687
1193
1997
2271
5165
4340
1709
2123
3155
4625
7209
441
4667
3497
3813
704
3260
5390
1997
607
2359
6228
6593
7739
5715
3610
6172
2291
1802
7430
216
4599
1922
2960
5285
6058
6737
5654
8106
2185
2910
4574
4914
5860
7910
2677
2120
4933
5892
968
5626
927
6715
6356
3006
1708
3773
4946
6957
2660
2021
2007
379
8147
7127
3508
5683
6031
4734
7289
4255
2892
7223
3696
320
8067
924
5733
7803
3236
4412
210
2030
6809
4682
5552
5094
1945
5124
505
3776
755
8076
826
5366
4231
3698
6443
5262
5478
1794
2654
2260
6060
3389
5744
592
4718
3768
3093
2210
5713
411
2654
7408
7830
1528
5624
5289
4961
3030
41
2187
3629
402
5634
7799
2840
7465
5366
5910
7412
7588
2777
7788
7584
1213
1415
5542
6258
2385
3753
623
1231
1787
6011
4412
4614
1431
398
4401
1992
7875
3998
447
4333
7903
152
5182
4460
7127
4730
7650
3030
7761
4892
6760
7507
3322
6989
1591
3071
7093
5176
6391
3152
1411
6831
45
4855
216
2427
381
5366
171
7317
8057
4767
1687
7650
7981
6305
4655
5843
2168
929
5740
6494
7806
3443
1415
2558
2654
374
6307
5048
2549
4694
7049
7745
347
313
3330
7158
2251
6692
1673
2998
1687
1922
4401
1652
7046
5572
5889
4578
8121
313
4682
4180
731
2830
471
7584
7575
924
2600
4521
7753
6517
2005
3326
7181
5624
5531
2708
7430
7683
1831
1831
6399
6557
789
74
5146
7000
5292
7887
2119
2061
6048
4676
2856
3469
959
5531
5278
1415
