0
0
0
10
7
2
0
1
7
0
0
1
0
0
0
0
0
2
0
1
0
1
6
4
0
0
1
5
0
0
2
0
0
0
0
0
0
0
1
0
0
0
0
0
0
0
0
0
0
0
0
0
0
0
3
1
0
2
0
0
0
0
0
0
0
2
1
0
0
0
0
0
0
1
0
0
1
0
2
0
0
1
0
0
0
0
0
0
0
0
0
0
0
0
0
0
7
0
0
0
0
1
0
0
22
0
0
5
7
5
0
0
0
0
0
2
1
0
1
5
5
1
4
2
0
0
0
0
1
1
1
2
0
1
2
1
0
1
0
0
0
1
0
0
0
0
0
0
0
0
0
0
3
0
0
1
0
0
0
1
3
0
1
1
1
0
0
1
0
1
1
0
2
0
0
0
0
1
0
0
0
0
0
0
1
0
0
0
0
6
0
9
0
0
0
0
0
0
0
0
0
0
0
0
11
7
8
5
5
5
25
2
2
6
4
2
1
18
2
0
0
10
2
0
0
0
0
0
0
1
0
2
0
0
0
0
0
0
0
0
0
0
0
0
0
0
0
0
0
0
0
0
0
10
0
0
5254
2449
5634
5358
6352
6602
1759
1903
7735
7864
3757
5788
5702
6966
942
5077
7147
5468
1647
5259
5264
5670
6681
2382
5233
2671
7608
5752
5367
4967
2352
550
5487
596
885
3901
5496
1609
1451
4132
7231
745
7181
2020
3334
5510
6497
6128
3723
7728
2237
5004
7035
6468
4515
794
5481
7499
2753
5861
2972
3410
2434
2291
2972
6198
1775
2856
755
3971
532
6981
381
4676
10
4373
2320
7743
4691
6068
1405
2669
8060
2842
5953
5122
5655
3048
2360
7409
125
4241
3282
5368
6399
313
2829
2951
3232
6210
4688
1230
1799
4616
6681
7433
7981
2787
381
1397
6687
8155
783
155
720
7626
1824
188
2224
179
4388
1402
1300
2749
2099
5144
7392
2237
3363
3490
6002
809
6106
1707
4551
2731
2772
3238
1507
5799
2020
1623
6687
3443
2892
7887
6150
5335
536
7160
7029
1004
4104
3972
2101
3718
3657
6300
4773
7895
3278
5075
3470
3496
3866
652
5417
1675
7020
8080
6723
3397
5260
3488
3911
4341
7371
2233
3410
1336
6319
6203
5715
2140
6370
1766
3195
3040
5060
6744
5453
4018
4803
3072
7702
1977
3133
1077
2038
7519
2238
4539
5497
4021
826
4485
4202
5487
7855
2722
3567
2582
5535
1110
789
5168
5715
4448
199
1461
107
4398
6777
1650
6426
6575
8055
2030
7438
646
3718
532
6336
2195
7307
222
7784
1709
4092
7111
1336
516
6854
856
6400
5812
4967
3667
3969
4492
7479
7289
1336
4803
733
516
5608
5322
7753
3959
2861
2882
2871
7743
3718
4696
3657
5345
6135
6082
5986
7323
4863
51
4021
6498
1158
2368
1707
3919
7910
1824
3467
6350
3718
762
7667
3529
7706
5482
764
255
4521
4907
1332
962
381
6801
7018
1849
4099
575
7714
6738
1692
7178
7738
6303
4987
2583
5440
100
1757
946
5383
3488
2020
2427
1628
67
4291
8191
4867
5066
1177
3561
3510
7973
5927
5530
2513
1430
921
7989
4967
4810
6766
332
5375
1646
7210
5383
8132
8009
7215
3120
229
404
4221
2908
7875
7879
3265
3754
2843
7582
411
7371
341
7755
24
7205
5580
1767
4835
7154
1447
5907
2428
2957
5365
5318
4182
4963
5260
1104
7903
7110
5937
5971
5771
4032
6814
3646
5423
2467
1733
4290
7887
35
2532
7953
3740
3299
1823
7063
1075
2973
6902
1761
216
2206
7658
7183
4768
6415
940
6106
4307
2333
913
7702
2434
1855
6299
2960
5282
3240
7752
1808
4521
261
16
6460
2002
1597
3469
4173
1976
4605
1087
3417
1727
6291
1256
159
5806
1801
6685
4323
2886
2868
3359
459
3985
6399
655
7306
1892
2513
2527
7598
1824
7866
6233
7918
5708
5896
557
2244
5739
4365
783
51
7988
2090
2984
2007
2430
5260
2021
1625
7538
877
5340
239
6419
6555
7323
803
5514
1554
6853
11
1320
2105
3571
6926
4628
5730
4835
1171
7304
5536
1483
411
1179
7361
2098
7875
377
4890
5017
2609
6138
6309
1021
5077
538
4881
5048
727
5251
5933
7953
1447
631
5363
343
6966
3836
5949
4530
7235
90
4759
2057
2271
167
2307
7073
6180
1766
5201
1354
3629
159
3646
6727
6307
1639
5176
1600
320
3388
6850
5986
6737
4340
51
5939
8099
4221
2981
4855
8173
4710
702
2948
4543
5890
7800
4344
3634
6985
6425
6919
652
7414
6694
445
5019
3115
4749
6183
832
5286
7817
7350
5020
1104
2722
1911
51
6400
3718
5366
7557
1352
2516
1158
6980
6906
4297
5537
5193
2438
4362
7464
2570
68
6159
291
5492
2454
47
2271
34
6850
5816
3414
7910
940
2792
7728
67
5940
2168
2792
483
2101
2303
4950
3541
3134
5185
2679
5827
4755
1609
4208
2414
3043
5151
4706
4009
5890
4835
6355
3468
2229
5077
1852
5738
5083
2291
6106
7500
41
5564
7068
2039
2352
819
4340
3433
6121
4342
8141
7029
6225
1474
243
1590
448
3686
7991
5761
6989
5913
7679
7867
4965
3790
4609
7478
6712
4727
7695
137
2949
2192
1578
6890
3680
5276
87
4147
1699
1769
6321
6555
7557
1258
270
258
61
7827
4771
2771
2015
6193
2870
1114
3599
5484
2350
1571
6672
4515
3637
189
5931
3077
2463
2259
6172
1534
5514
2002
5738
743
3441
7480
2427
6928
6494
5512
1258
3415
8023
4716
6216
1129
4763
7190
6252
6721
1704
4988
5260
7954
1252
7183
1344
2957
7018
5325
6284
3635
4524
6227
2464
3291
2577
1578
8008
3827
216
5556
809
6019
33
666
982
7806
48
4796
2799
1059
1563
1121
1711
2448
3230
5528
4613
2353
2368
1801
7249
7834
5359
7753
8184
4824
4967
2897
6443
6194
8149
5158
6138
1571
962
1881
5634
5185
2057
3560
1537
1352
2134
5052
5011
1548
7213
2138
2446
2583
2090
6010
3334
5743
3389
2130
2027
4398
1338
2140
3879
5496
7667
1903
4678
3738
4693
1855
4715
4266
3153
2825
6352
7697
6811
3125
6277
5353
4355
2070
315
3657
270
3371
2275
3835
2679
7389
4892
1595
6209
1980
940
7697
4803
1860
2519
3753
2004
3567
809
7679
5619
4151
6442
7777
672
422
7981
2456
3101
3717
2148
2738
1451
6662
396
795
3443
254
4009
2956
585
1773
7430
1474
1569
6106
3351
4563
7195
7215
7482
4618
4712
7894
2829
6634
1366
1839
3371
171
1528
962
313
3839
996
995
7389
8013
7415
491
5730
1597
7453
3686
3848
259
3567
8129
3563
3718
7562
5538
749
5890
783
1767
6850
3791
4749
3284
6279
2264
7722
2276
5615
6255
5051
7679
4735
7584
2119
5731
5621
393
1234
744
7583
7180
4789
7664
8084
1695
6755
2066
5322
8103
1598
2006
2385
5723
5232
3162
6010
1390
1830
1010
7099
6030
5330
208
5997
6481
297
3259
2348
7489
5133
5933
7779
2100
7093
3154
52
1390
7330
6770
4609
2173
7442
61
1587
7623
7226
2090
4138
4720
7028
1544
3244
4715
1310
4621
684
1550
7479
1103
3815
3149
1852
5264
310
1534
3947
702
5806
5250
7887
7816
1450
189
6082
425
