0
0
0
9
0
3
0
1
10
1
0
1
1
0
0
0
5
2
0
1
0
0
7
1
0
0
0
6
0
0
1
0
0
0
0
0
0
0
1
0
0
0
0
0
0
0
0
0
0
0
0
0
0
0
0
0
0
1
0
0
0
0
0
0
0
1
1
0
0
0
0
1
0
0
0
0
1
0
1
0
0
1
0
0
0
0
1
0
0
1
0
0
0
0
0
0
4
0
0
0
0
0
0
0
23
0
0
6
6
5
0
0
0
0
0
0
1
0
0
1
6
0
2
1
0
0
0
0
0
1
0
0
2
0
4
0
0
0
0
0
0
2
0
0
0
0
0
0
0
1
0
0
1
0
1
0
0
0
0
0
0
0
1
0
0
2
0
0
2
0
0
1
0
0
1
0
0
0
0
0
0
1
0
0
0
0
0
0
0
8
0
5
0
0
1
0
0
0
0
0
0
0
0
0
12
10
5
4
0
7
24
3
2
1
6
0
0
9
3
0
0
12
0
0
0
0
0
0
0
1
0
0
0
0
0
0
0
0
0
0
0
0
0
0
0
0
0
0
0
0
0
0
0
10
0
0
3252
4150
4448
2015
5024
3534
7337
8059
3577
7484
2907
1319
4880
5507
402
339
6126
1149
7770
5866
3737
2723
4346
821
5347
3713
3813
4270
2813
5312
1824
2238
5364
6791
5778
783
5364
7699
7782
2597
96
1748
5272
297
1023
6652
804
7352
3815
5510
696
7181
6734
339
5202
3202
8073
1944
1155
2558
7462
7372
5092
6263
4729
6332
7615
6796
575
932
4085
6203
3509
4728
2350
322
3934
1044
4161
1604
7733
6057
2897
1212
5556
5522
3639
1207
3241
5004
7101
6967
2053
1795
8176
5273
4708
2780
5272
211
2405
5402
1617
4868
1371
6269
4929
6194
6917
5698
6443
3815
168
4905
755
1855
945
6299
3423
2616
1557
161
6729
1558
2148
3554
7418
1964
6593
6546
4492
2513
1105
3119
3189
2043
265
6890
826
813
6399
2658
8027
1623
2904
4696
306
2712
6057
5788
7949
8185
1604
4890
4180
265
71
216
7418
746
5687
1055
2130
5024
7227
3241
1361
3930
2473
6971
2275
4697
2434
2834
1525
2834
2984
6399
940
5144
1623
2792
7644
6964
5392
1766
287
1294
962
7286
34
2491
4809
1534
5057
5801
6583
4529
4852
4698
3458
198
6755
3646
549
3125
6443
1545
1858
7460
1104
5448
8099
2168
1691
1390
4890
7195
3195
1558
2018
1426
7418
3353
5998
1023
5167
5242
5131
2384
5077
5715
486
4624
5841
4665
1474
2981
1326
3488
1730
3169
5090
4967
306
3371
6352
7386
5061
5791
2907
2386
7130
1418
3120
6740
4491
1620
7455
5255
5732
5628
4291
1581
639
7871
3714
1086
5144
5144
1968
5897
4006
3657
4169
68
7306
4021
3657
1326
1332
6206
2277
1105
275
8163
2219
6327
4214
8030
7437
7135
2393
382
6321
7827
4291
3022
1523
755
4728
6180
4974
6745
3657
4810
1347
3718
1104
4803
833
2197
3940
6666
313
7845
8023
4802
1639
1062
1857
3635
5277
2826
1653
1087
568
6761
1600
3326
7408
1765
7068
6734
233
4773
6006
1044
2468
5103
2233
2434
6986
2528
1166
3107
6277
8126
5403
4856
6681
535
6021
6058
1272
7566
5236
4568
916
5283
1029
7692
7011
3647
462
6010
1491
1986
6928
3780
6957
313
2026
2888
7761
4929
7117
7907
104
4810
6950
1775
1650
7443
212
6791
2196
6219
802
5385
7613
4319
6531
6977
2152
5911
2991
5897
1725
1132
846
6350
780
513
8099
6964
762
5330
6925
7153
7113
7935
1859
5896
672
5906
6761
5120
1422
7839
6058
5385
4609
5553
4737
423
6645
5730
1977
6905
5144
22
1685
6107
6605
4676
3788
2427
5478
5049
434
6583
1334
7009
2394
432
7618
3251
7860
6012
4087
947
5801
1029
6012
2092
6827
6227
6227
2444
2475
1451
4676
2984
2933
1104
5251
5940
5353
7274
5144
7815
845
7575
7186
3227
5521
3642
4542
3465
7670
4793
6719
3025
1452
5543
4771
2402
1767
7135
1709
3840
3248
6399
1995
3838
4988
1654
2735
6631
5797
2353
2291
5939
584
508
6622
4490
5490
5440
1164
7953
8011
5119
539
1245
8159
4608
5112
1944
2629
384
4926
703
2213
551
7381
7847
1855
4810
8136
22
1623
7697
6762
8003
2540
6243
2917
4490
173
6377
5730
1775
4441
2653
6273
3995
4796
7901
3959
5290
5173
5664
7871
4576
7667
8185
7864
2434
2981
168
2353
4810
5383
1933
4527
3247
995
3609
4642
4490
6374
1631
3470
2734
6116
50
3348
5290
4448
46
4698
7587
6926
5013
588
5564
1628
2991
6270
8136
2163
483
6638
6010
1855
5478
1107
1628
2070
7106
6489
735
6871
3821
5350
3651
5921
1147
249
4818
5057
1845
8083
7143
1534
5707
7812
7043
3101
516
2428
8136
7523
3718
1707
6631
6468
8099
4323
2259
2540
1365
6625
6171
5653
389
7779
7934
3623
2741
698
7389
5514
7582
1750
3442
3252
8107
1406
6805
2427
622
7538
5352
5261
6557
6638
780
2366
3776
2519
483
502
5718
1885
4593
5653
1824
1473
7610
4272
7463
6306
46
1620
3851
6008
5998
2136
5266
7342
5968
7697
381
1726
6434
253
4967
5
6125
1107
7375
3688
8003
5844
8047
8004
8085
5166
6941
2229
2308
1503
4876
4651
5886
7854
2359
241
1956
2796
5363
5995
2706
1258
7390
2622
733
2683
1276
4967
8002
1525
5144
8129
2259
2765
4995
1814
4539
1309
7200
1492
1971
5493
1333
6895
615
1124
7086
3412
3616
992
4812
7082
2981
6676
3295
5555
1569
1258
1515
6107
7523
1725
3463
3825
7523
7561
909
2188
7369
4861
7881
3716
5627
752
951
8160
3541
5013
907
3769
3113
6263
3645
1489
4855
956
7060
449
2943
2342
5655
51
6299
826
7306
4967
1753
6063
6637
4305
1639
5882
1773
2459
7074
3722
1852
170
5290
5290
2916
4813
3099
7691
6788
1868
6811
4665
7523
1753
5286
5
6299
3884
6052
2434
5240
4421
7714
1853
4048
5629
3790
7827
4482
2017
2762
6409
7484
7484
5664
6895
6895
1075
3954
367
8048
5910
7305
6486
6764
5306
4696
1855
5655
449
6052
6687
6138
7375
2354
1534
1105
61
7587
483
6824
2485
1084
1468
6590
1075
5671
186
6002
1776
6230
2433
5906
731
6019
3815
4226
2420
5274
1855
6398
5188
5522
3717
7480
5936
254
3986
3373
648
5717
6405
7070
7189
7426
8106
472
4926
7090
393
138
96
764
2196
2603
4634
3168
6919
7480
7254
7254
2519
7855
1578
2619
7760
513
5403
8023
642
7291
5745
563
5290
997
4210
5206
684
1287
1896
2285
2499
740
2464
7235
5293
87
4356
4796
3144
5852
315
449
1147
1144
7963
6303
5975
4731
6104
1684
3739
8017
2384
1428
2679
1183
2487
3790
1522
48
7405
1620
907
5594
4809
407
1261
1068
5092
3697
6535
1596
7557
1336
5883
5629
531
6193
5097
4578
4109
4807
1832
8142
3119
4526
1188
4457
7078
5748
698
3541
5536
2489
2541
5220
6227
9
1109
4137
2948
6863
5862
1534
3463
2578
2271
5896
7029
4639
3134
4492
6074
2700
4826
1470
3119
2868
3398
2753
3747
7945
