0
0
0
9
9
0
0
1
11
2
0
0
1
0
0
1
0
8
0
0
0
0
1
2
0
0
0
0
0
0
0
2
0
0
0
0
0
0
0
0
0
0
0
0
0
0
0
0
0
0
0
0
0
0
0
1
0
0
0
0
0
0
0
0
2
0
2
1
0
0
1
0
0
0
0
0
1
0
0
1
0
0
0
1
0
0
0
0
0
0
0
1
7
1
0
0
12
0
0
0
0
0
0
0
26
3
0
7
4
6
0
0
0
0
0
2
0
0
3
3
1
3
1
2
0
2
0
1
0
0
0
0
0
1
1
0
0
0
0
0
0
1
0
0
0
0
0
0
0
0
0
0
0
2
0
0
1
0
1
1
0
0
2
0
0
0
0
1
0
1
1
0
0
0
0
0
0
1
0
0
1
0
0
0
0
0
0
0
0
2
0
8
0
0
0
0
0
0
0
0
0
0
0
0
8
2
9
2
3
2
27
2
0
3
0
0
1
17
0
2
1
11
0
0
1
2
1
0
0
1
0
0
0
0
0
0
0
0
0
0
0
0
0
0
0
0
0
0
0
0
0
0
0
10
0
0
3589
6007
4182
4079
3443
424
5762
2299
5385
5724
1846
1787
5343
1598
266
1734
240
3936
217
7895
7063
1584
6680
8030
2938
4406
8023
5664
2639
559
7414
6060
1706
2340
7598
2585
4735
650
1824
3995
550
6165
1438
1029
1928
7250
5982
4233
3228
556
1634
2613
4937
5048
995
6891
3261
4276
406
4509
5499
894
3214
995
2014
5169
3534
6353
5364
3684
484
702
7997
5412
4819
3168
6958
3959
3778
2182
6198
5037
5061
2013
4479
4867
3835
8036
779
4467
258
1352
973
2710
2634
2838
1927
4274
4518
2374
400
3748
1415
2869
2005
4569
4449
7142
889
1096
7396
7046
3101
1259
2507
1227
6234
2513
6395
6002
3389
6000
4242
2855
1311
6569
5220
2370
4130
8056
6989
6240
6271
1447
7196
225
3575
5475
2569
3283
4951
2134
6877
6948
7796
8183
7841
4776
1272
3614
4950
4214
7063
1308
7587
4453
5469
4175
4749
6218
464
5086
2435
8068
3348
2062
2339
7858
5991
481
1709
4112
3467
7879
4432
2855
1494
2631
1139
3232
6093
2796
3438
4297
3806
2442
1958
5982
5857
6059
263
6320
7277
2956
7700
1440
5222
7093
4521
6612
5242
6012
5432
6777
5392
6705
2960
6517
5442
3174
11
1216
4789
7318
3741
5184
5547
1062
6484
680
722
215
2777
6188
7956
4528
726
3707
2540
5874
2866
749
7405
1824
7829
6038
176
4686
1031
1640
4056
4361
478
1571
6984
6556
4399
1879
3600
4491
3386
3672
491
729
5536
90
3367
8151
2632
5761
5844
4341
5325
3754
209
4058
1493
3551
3730
3291
5753
3971
6460
1157
721
4935
1071
1817
3933
5404
284
1849
5484
2773
7591
308
2197
3469
4125
169
6886
1699
819
4295
4733
2747
5308
2518
7796
4655
4780
94
850
4442
3730
2150
4011
6979
1050
4455
4178
5475
4022
4972
6451
4660
4561
46
7665
1311
1236
882
97
2118
2802
721
6346
4783
3052
5511
2939
1552
4720
377
3826
1360
3136
199
217
3602
12
7225
2039
4239
4809
7
5826
43
3702
2489
5756
4237
5343
7570
3339
3748
1084
2511
5731
4628
825
4882
5453
7404
6091
527
3031
176
6091
7671
6626
396
1784
2305
5344
6737
7344
2494
2988
4143
4255
7199
4725
6945
665
266
2707
8022
721
7435
6791
3321
5459
2019
8111
770
1378
4856
6119
3272
176
7612
5374
4562
3575
967
2216
5715
82
1587
2721
4011
2422
2533
6513
2339
2491
5724
1111
2594
2206
5988
2374
5260
5449
2675
5453
2381
6076
7560
7548
7936
3726
3055
3392
6375
7982
3209
6908
3577
4630
988
4304
1486
6656
5536
343
4478
7311
6297
302
4270
4356
6879
831
2616
869
53
680
1436
1430
8038
4399
3524
819
3536
2595
2313
7227
4526
3465
8150
3130
255
5320
2130
5531
450
1057
5647
7
4033
4059
1244
744
3733
4499
4015
6839
7932
5447
903
1870
409
5744
1341
990
4179
4263
2082
3348
1253
2000
859
6244
8148
225
3685
3348
5244
5004
6244
1017
6440
5582
6436
1872
2042
5077
3120
5764
1259
396
1959
7134
1675
838
2855
4548
5072
4358
4662
6592
1409
6948
7441
1775
4779
2069
5640
4126
6649
6330
6968
4880
4950
3969
6319
3406
6041
272
1023
409
6403
3891
5545
7393
2952
4955
5574
6231
3734
4358
4634
5669
4730
662
5800
3179
2792
4330
2411
2912
5999
7453
5050
4139
6535
585
3178
4276
7742
6944
6380
7250
1413
5394
1364
8018
6886
2939
790
4088
5563
3024
463
6474
441
3000
8074
3760
7321
6831
6041
1613
4053
727
4067
3899
3677
7976
7379
1274
6354
6243
1080
1572
95
5796
4086
5365
97
810
2677
4368
5646
217
7819
4856
6397
7825
6680
1719
5408
211
393
5482
3927
1539
5687
5560
2843
5098
4308
2856
5143
7013
4574
4353
2969
8081
1699
6988
3461
1585
5023
1304
37
1254
2219
2391
262
1817
5712
2707
6462
699
372
2082
4367
673
2351
7046
4960
820
2005
3191
4644
796
4896
3373
7113
2216
4542
188
7384
2216
1162
8091
6953
180
2761
97
4951
460
4517
1739
3148
128
327
7624
263
2615
772
5567
138
6978
5687
2276
5945
1588
5364
1443
3179
507
2575
4270
3299
3810
2477
1680
7819
3980
2716
3461
1319
3949
540
3822
714
7582
4202
3194
179
6289
7117
5143
6759
697
2133
6059
2332
1262
3719
5178
6823
4807
3748
4925
7820
747
2332
1989
7877
6256
446
5168
7679
3995
6454
5470
3394
4411
4578
7077
6234
1751
1319
2137
6016
6549
5201
3709
3911
7519
259
552
5608
3516
7378
2216
1519
5276
5154
4391
2008
7398
5627
4452
16
6012
1269
967
2411
2421
1491
2122
5276
4202
1519
4017
2401
2657
4205
6614
7645
5301
6500
2524
2995
4297
2942
6795
5168
1943
5998
6554
3311
7693
6438
7642
3576
5325
6457
340
7336
2993
4749
4622
5170
2271
649
2017
6839
4622
1794
2187
920
1570
4314
3635
1959
1282
2630
234
1849
6450
1706
2552
1833
4209
2482
1803
7898
1757
6509
4014
5335
6818
7453
7297
4662
4578
1364
3480
7176
81
263
3368
4795
3482
5853
5881
2863
7980
6697
6595
811
4075
7384
3664
4001
7994
3974
5217
4674
3857
6061
3530
3909
7885
4225
4736
3353
2715
7613
145
8036
756
1686
5347
7714
5726
8066
3346
3946
2549
6335
2499
7196
5896
4153
4255
61
1949
6590
6698
6137
6000
7466
7384
4881
1680
2015
1989
3205
2777
2558
4365
5068
7800
8112
7539
5984
3754
1426
8023
2895
255
6975
3753
3415
6789
7620
4017
727
6639
352
5344
7823
4491
7012
1304
305
2128
1397
4251
3482
7236
3732
7980
3939
1619
7058
7936
6988
4342
8034
1134
4575
1209
629
5714
6380
1025
2105
4950
948
3031
2681
7869
6120
2923
2255
3374
5613
4333
5077
6484
5049
6852
4546
1620
5763
7014
7274
2133
2120
2297
2164
7107
6792
5687
4950
6393
3464
24
5332
8071
4218
2256
1762
7936
1494
4486
440
1076
3098
7533
4613
7344
5701
622
600
