0
0
0
9
11
0
0
2
9
2
0
0
0
1
0
2
0
4
0
0
0
0
1
2
0
0
0
0
0
0
1
3
0
0
0
0
0
0
1
0
0
0
0
0
0
0
0
0
0
0
0
0
0
0
1
4
0
1
1
0
0
0
0
0
1
2
3
0
0
0
1
0
0
0
0
0
0
0
0
1
0
1
0
1
0
0
0
1
0
0
1
2
8
0
0
0
10
0
0
0
0
0
0
0
25
4
0
6
6
6
0
0
0
0
0
0
1
0
2
2
0
2
7
3
0
0
0
3
0
0
0
0
2
1
1
0
0
1
1
1
0
1
0
0
0
0
0
0
1
0
0
1
1
2
0
0
0
0
0
1
1
0
3
0
0
0
1
0
0
1
0
0
2
0
0
0
0
1
0
0
0
0
0
0
0
1
0
0
0
4
0
8
0
0
0
0
0
0
1
0
0
0
0
0
12
3
8
4
6
4
31
3
1
3
3
0
1
15
1
1
0
10
0
0
1
3
0
0
0
1
0
5
0
0
0
0
0
0
0
0
0
0
0
0
0
0
0
0
0
0
0
0
0
10
0
0
4375
5583
849
3706
1675
6864
1565
146
6374
2691
5659
7315
7673
7582
883
2810
4539
8006
2123
3904
570
3663
4990
4268
1635
939
2474
1442
7381
4398
1831
3865
2713
5364
5126
4299
7436
978
7113
4734
2691
5243
7534
2405
4341
5798
4499
7560
2790
947
5413
5993
2578
832
3746
1802
6985
3838
1833
6411
709
5289
6666
1112
7908
6977
6228
7591
3297
7316
6317
6993
2688
2603
4698
5436
1944
1911
6414
3791
4726
7836
2597
448
6225
7574
7221
7816
2815
6015
3663
2022
5973
2541
6995
4372
3391
5712
4822
7568
5102
2805
4218
74
5527
6279
5661
631
7583
1934
3232
5498
6986
7873
6453
1057
4885
2276
224
6129
5430
2286
7568
1032
777
5166
3487
8047
2119
613
5402
3241
752
324
523
871
584
7861
472
7902
4776
1276
176
3272
3282
4259
4640
1521
5531
2713
3334
4429
7273
5878
2868
5660
1289
5092
6353
2697
8138
1453
4781
295
752
3978
3858
6670
8137
3706
2538
1733
2411
4226
7932
6010
5001
1833
6391
4033
6650
4533
550
5578
6017
6185
1115
675
7415
6724
8174
1706
5560
3051
1754
1159
4429
6349
8100
4827
7735
6457
3200
1931
1576
6568
5793
3426
6561
3214
7966
6600
5732
5092
5236
98
2847
3977
4126
1535
966
1040
8021
5680
3229
3684
5925
5396
6703
2615
4678
3998
4780
1352
4353
1874
1303
1551
2847
4863
476
4993
4620
1751
6353
6583
6680
6844
2200
4104
939
252
2374
6004
6253
2364
4109
2975
5587
3393
4315
3390
4863
3489
850
3275
5649
6440
3442
1276
5927
1070
3998
5064
8126
4533
5791
5166
6498
6636
6485
7735
1957
2400
3074
2753
6929
2357
501
5654
5560
6437
6835
939
3489
176
7974
168
2177
3229
4869
3678
6754
5972
5834
5217
6054
3969
1157
4309
7607
3283
1358
3178
1957
942
1479
2369
5890
2723
7382
3588
2509
6307
3832
939
5972
6940
4958
3865
7233
4596
4240
6352
5081
225
3183
176
2048
5636
3391
5654
5
4104
5910
803
3272
2225
3407
1675
5369
2903
8077
2766
2783
4349
5721
2939
7841
2070
970
6809
1635
5654
1445
5797
5407
2572
4515
7140
5036
1269
6307
3975
7306
709
1650
4284
4979
4446
1777
3863
1200
3584
1786
1482
1864
93
7214
2051
4148
3871
6616
6809
3397
6141
409
8126
6979
3100
4599
176
5516
4297
3079
5274
8057
6167
5233
4000
2939
1784
3593
6871
2133
545
7234
5704
2028
2733
4357
1296
2939
7650
7117
6809
3865
5552
6856
433
6868
1360
5572
3192
1590
1038
420
4678
6318
1426
2407
80
674
5166
2771
4975
2397
1567
6423
6583
7075
2915
3568
5142
968
1296
7720
2052
1844
2660
3092
6576
6860
4979
6348
3232
5444
6769
2353
1694
2700
5821
6201
2272
5653
2546
6760
3161
7950
5738
6020
6063
3791
5506
3028
8043
4199
3272
2507
3486
4001
3692
2290
7897
1316
3232
2939
6264
406
523
6712
893
658
6960
2409
4801
6508
3152
7757
3264
2576
6829
7759
6111
4187
3045
4561
1820
6835
2872
6892
1833
590
5699
1212
3816
7248
2649
7593
5646
3370
2519
8119
2770
3503
5637
965
7415
2369
966
4217
1544
4758
1870
2413
1234
5985
6000
4162
7689
6165
1749
6444
7020
7610
1719
2174
3478
7487
128
4741
5637
1543
637
285
5224
7754
7532
4640
4822
2280
1367
4461
947
109
4217
5896
2654
7613
3876
5166
5611
7176
2123
2665
1600
7185
6904
4599
7707
3604
8019
3113
2631
7656
6662
2603
1263
7424
2377
5241
849
2713
4339
2740
7253
7845
7691
5364
1046
2285
7187
7209
48
4623
3791
5832
7040
7269
1760
3579
7595
1336
5804
1870
130
7932
5712
2587
2527
5024
1105
5874
1462
5235
2704
1754
2549
5666
4593
4340
7564
692
5035
3167
5606
2421
7462
4719
7235
4441
698
3332
2037
1595
807
2380
896
5318
7603
7570
2411
5380
3615
662
211
5436
6705
5688
7127
2704
5047
7188
2672
2817
1794
1507
2504
3647
6830
2958
369
5109
2762
5594
5684
2011
5735
500
3717
6892
583
6330
3416
7647
3007
215
3822
298
1051
3731
258
2686
678
6760
355
6089
5781
906
6784
6754
4001
1271
5613
4864
446
3396
459
2442
1275
5223
1669
1114
2891
203
2383
6196
660
7264
7143
6792
621
80
3192
7501
7505
5198
824
7911
558
558
5439
4589
3544
1821
6241
5225
4169
5010
5615
1352
1880
5761
697
2891
6330
5743
7029
845
1789
1159
119
4474
7178
5064
74
3169
937
8047
5749
5293
4703
6191
7866
4845
446
4842
2778
2511
4024
5609
7514
1032
4940
8164
4609
4019
873
5198
2958
1852
6346
5319
4387
5840
4547
5246
6349
6385
2351
935
4489
5335
6422
8117
2958
5357
2720
2726
5244
7316
4307
7337
6555
212
869
530
6997
6230
932
7653
4573
5798
177
4883
676
7843
3374
6151
3291
7697
1727
2207
7537
3706
3229
1965
1313
609
243
5377
2225
2771
2224
1183
307
5738
7351
7549
3773
2425
5579
5531
2256
409
1925
3478
2048
5236
6344
3125
4509
2982
4676
1277
1597
7188
1200
6895
3150
3683
1188
6196
6722
4256
394
6414
1226
7408
1509
679
1160
531
7484
411
824
4020
3358
3192
370
7512
3025
5897
6673
3948
7804
5587
5636
2419
959
959
6958
1024
243
959
2836
5149
1899
2019
7564
6784
4261
4785
1709
4796
414
1931
119
913
4667
2661
4386
5492
148
148
7963
3634
1930
4852
7121
8048
925
4329
1075
7028
1620
1550
7492
7439
5226
5510
4934
5077
3225
3661
4533
6307
7887
4689
1794
2207
4932
6997
2331
5248
5292
4533
2339
74
7810
1890
4290
8151
4274
2646
5278
4578
6320
6320
744
1430
7767
727
2423
3188
7413
4593
3811
6791
2810
3085
4150
6545
484
1513
3821
651
5290
3661
1452
2090
1471
1309
297
7491
3706
610
4943
7582
5290
7028
919
5531
7757
4329
951
45
5650
566
6926
631
8011
6510
348
6674
1243
5643
7160
2270
6243
1620
4361
2075
4446
