0
0
0
9
6
0
0
2
9
3
4
1
0
0
0
0
1
1
0
0
0
0
1
3
0
0
0
0
0
0
0
2
0
0
0
0
0
0
1
0
0
0
0
0
0
0
0
0
0
0
0
0
0
3
0
3
0
0
0
0
0
0
0
0
0
3
2
0
0
0
0
0
0
0
1
0
1
1
0
0
0
0
0
0
0
0
0
0
0
0
1
0
4
0
0
0
12
0
0
0
0
0
0
0
28
3
0
10
6
5
0
0
0
0
0
0
2
0
4
3
0
4
10
1
0
5
0
1
1
1
0
0
2
1
6
0
0
0
1
0
0
1
0
0
2
1
1
1
1
0
0
1
0
1
0
0
0
0
0
1
0
0
1
0
0
1
1
1
0
0
0
0
0
0
0
0
1
0
0
0
0
1
0
0
0
0
0
0
0
2
0
6
0
0
0
0
0
0
0
0
0
0
0
0
9
1
7
6
6
5
29
4
1
2
4
2
0
28
2
3
1
11
0
0
1
9
0
0
0
1
0
2
0
0
0
0
0
0
0
0
0
0
0
0
0
0
0
0
0
0
0
0
0
10
0
0
3161
978
7596
899
5079
1664
6722
2891
2114
6349
3443
1407
2702
1839
2080
2303
3911
1852
4881
1166
5275
1765
783
6395
3741
3897
6198
7493
6474
602
4788
5892
3252
6935
4605
2629
8040
6431
265
6252
1944
1425
6393
4662
7423
7707
7545
3888
7520
1824
2130
6232
2136
3212
215
6104
4065
4017
3835
5874
2270
2766
3449
5454
5778
3584
3386
1636
7270
2219
2825
4308
8175
696
1315
744
2005
5696
925
1291
3402
2252
4716
109
254
1048
7577
574
5140
1680
3000
2219
3284
8107
3143
80
1111
6180
360
3120
7258
2006
1062
8107
4172
4358
3491
1389
3202
883
3609
7699
5892
4164
5077
3326
2586
845
1473
7755
201
2297
7105
5343
783
2764
7295
3066
3473
978
8113
4796
7106
435
2520
486
4491
7029
1978
7234
5764
5400
4483
1207
5499
656
4735
7039
1041
4588
7031
825
5133
7208
4300
4207
1075
5915
7845
4911
1550
1944
4454
215
7570
5551
5090
3146
3720
5066
5790
5731
959
1768
1335
2549
2010
5712
7902
3766
209
985
3070
1037
6053
4594
4191
5723
671
6483
5798
7776
5107
3290
1811
783
421
3477
4575
2361
7123
6009
6495
223
2037
7089
129
397
2255
3491
95
7755
4124
2411
6595
104
1784
1776
2860
3780
3631
2405
3741
232
2611
496
4231
3581
3326
7258
3600
170
1824
7110
2560
3835
758
8014
4866
5024
5292
1939
5723
2110
159
5402
921
17
2391
138
2000
1615
819
210
1821
1493
1279
7595
6301
7797
7346
5305
6715
2986
2856
389
3747
783
5252
378
1984
8011
5514
1074
3276
4699
2920
4940
2379
1913
8166
850
5809
4352
6364
508
5403
7984
3414
7405
5430
1934
3380
7538
2524
7910
3851
5701
421
2513
2945
8166
2446
3211
2516
2741
2216
3276
140
1850
3115
7469
5784
4118
2710
4014
4224
61
1395
7205
421
649
1834
760
7964
3594
3198
770
6393
7592
5975
7915
3460
6547
8111
8123
2235
7967
2805
1850
7608
95
7040
4546
584
6747
7639
456
2328
30
649
4448
4668
3180
7427
3232
4495
1978
8093
6971
2677
2922
6262
899
952
3380
6673
3356
7797
7525
55
3639
2255
43
5118
3771
4769
4044
6437
331
6243
3851
7901
3712
5627
5687
4383
5594
5730
5992
4823
6072
4096
6791
2629
3959
1581
1130
8166
6044
5168
3486
4780
7034
2433
2401
5902
6449
257
3347
1769
4667
4493
825
5398
3276
857
8160
1103
998
4641
1357
7581
850
863
66
4399
1075
4842
6563
2395
6092
5646
1013
2200
4849
2527
3780
7593
1911
1462
6508
2645
117
5275
7915
869
6121
1411
6495
538
5037
2051
7822
5675
1888
7514
1710
1686
6677
3358
530
3380
6098
1108
6937
1940
216
2863
7992
7004
358
30
5537
526
5730
3740
2471
1472
2986
7561
4727
4718
7089
7378
7613
5408
4722
5357
1025
1461
7807
876
3391
4454
5637
3370
8055
837
924
2150
8114
4774
7037
959
7072
820
7256
1939
4172
1046
3225
3432
3387
7339
967
288
3959
1852
1550
783
5503
5394
1727
5848
3769
193
5397
6018
6287
6805
3557
760
2601
1848
3309
6756
2830
165
43
95
3077
1672
3610
3594
14
1784
7970
2375
3216
7544
2703
4261
1279
3600
5821
3277
5991
2476
4338
6411
381
4177
2591
5185
3682
1220
6392
5694
5853
3574
519
6950
3225
7246
7828
1160
4925
3991
1664
1852
5902
2395
2457
4637
5298
8017
137
7570
2581
1498
4295
5853
7465
2597
415
1279
1029
1082
2697
2881
2289
2544
5998
5801
46
4412
899
2645
1732
5628
7492
2265
4170
2270
4290
1160
6645
1514
5264
3322
7570
5461
6220
672
7171
1862
1506
5998
7012
6655
7545
8092
6996
2973
554
2817
4472
4851
5798
7153
2339
2192
6926
48
1068
2488
1298
1990
2920
2010
6576
642
1314
1309
4809
1944
411
1728
6626
869
4777
4255
8103
6041
2796
4987
6568
3773
7155
5536
6796
3832
8036
1927
7253
3712
5709
3168
913
5356
223
2927
2053
8053
2362
1961
3642
5081
5470
6939
3576
6637
5092
1972
3113
3712
3600
1597
8086
7187
3196
4202
4120
5412
4609
736
5602
4232
139
4608
1279
5749
1629
4305
6202
1309
5544
5902
1197
4319
3464
384
3325
6769
6907
1585
6983
1671
3358
3197
4594
2780
14
3986
5778
783
4291
5764
5629
4202
6397
1109
3416
6031
1549
4494
5696
210
3577
5162
2521
2080
2266
1767
5884
7271
7807
2969
4623
3162
5092
1366
4849
2868
4018
2662
5412
8030
6810
1217
1620
4340
8187
6254
5403
6645
621
4584
2818
2595
6897
2070
8043
2632
5884
5993
98
140
7524
2049
6301
3086
3564
4553
8073
5778
2051
3449
5436
3223
4925
8083
8080
1241
1824
1029
109
169
7788
4600
7178
856
7224
2433
7684
519
3579
7955
7518
749
1316
6500
7422
7788
1981
7892
8111
2080
4672
5408
6135
538
5531
1565
5701
1971
899
6320
1281
4214
8048
7037
6262
5423
3718
7352
3856
6824
1944
2426
3318
763
1196
7869
2429
6905
6959
7145
6227
5997
2059
5185
7596
227
905
1047
450
4651
7806
316
204
7833
4523
6818
7524
6124
5801
7459
4875
7088
2782
7902
7408
4950
7497
1660
2909
1518
4798
3134
2178
1029
6002
5892
3542
1680
4396
62
8023
7882
3600
5228
1073
421
2411
4788
920
4361
1289
727
6660
6647
2751
4345
7089
783
7024
1506
2882
5601
5109
2411
2464
2137
5915
3584
1863
5118
7871
114
1163
4017
1944
8014
4892
1769
4329
4796
4796
2405
7051
1527
1103
3196
1067
7753
6737
536
5682
7295
1965
390
4291
5290
3682
5896
5629
3504
7596
14
8160
2080
3132
7755
559
4578
5248
5185
7882
421
5536
5536
5214
6791
6791
5112
845
1740
1356
3594
6770
4017
6082
591
1473
3158
6041
3120
5567
3790
215
2285
1425
3389
2856
5536
1824
7380
916
4568
450
6082
3253
3253
389
5536
3541
2907
7582
8143
5608
6868
3594
1989
491
5594
2252
4426
4809
4809
3158
4361
2285
