0
0
0
10
6
0
0
1
10
3
3
0
0
1
0
0
0
0
0
0
0
0
2
1
0
0
0
2
0
0
1
0
0
0
0
0
0
0
1
0
0
0
0
0
0
0
0
0
0
0
0
0
0
1
0
4
1
0
0
0
0
0
0
0
2
0
0
0
0
0
2
0
0
0
1
0
0
0
0
0
0
0
0
0
0
1
0
0
0
0
0
0
5
0
0
0
12
0
0
0
0
0
0
0
23
0
0
8
5
5
0
0
0
0
0
1
2
0
6
1
1
6
8
1
0
2
1
0
1
0
0
0
0
1
4
0
0
0
0
0
0
1
0
0
0
2
0
2
2
0
1
0
1
0
0
1
0
1
0
0
0
0
1
0
0
0
1
0
1
0
0
0
0
0
0
0
0
0
0
0
0
0
1
0
0
0
0
0
0
5
0
8
0
0
0
0
0
0
0
0
0
0
0
0
8
4
7
2
2
0
26
5
2
2
3
0
2
21
2
3
1
11
0
2
1
5
1
1
1
1
0
1
0
0
0
0
0
0
0
0
0
0
0
0
0
0
0
0
0
0
0
0
0
10
0
0
2034
3056
1029
1395
7823
3433
2907
6082
2558
6141
7591
2558
7592
7243
3740
3358
4796
1709
4689
7143
2661
4329
4020
280
8075
2916
6002
1839
2244
48
7823
2907
4007
4852
2558
1105
5322
2916
332
1105
7011
3740
4881
2558
7389
7230
6307
7011
7028
3969
1046
6660
5730
4708
5998
2130
4329
7798
4478
3457
6295
7380
2916
4630
1824
2271
2645
3402
7371
7697
3572
1312
210
2558
4312
384
2402
5272
1478
1513
5102
5551
6074
6464
3358
7613
3481
7798
2684
3747
3443
3457
6188
1181
1600
4852
7582
2410
1155
7934
7657
6011
6799
3682
249
6660
3358
4796
2907
6031
4708
1309
2560
2558
4441
7437
4190
4950
2165
47
2661
1029
5048
7722
7230
4796
932
6141
1279
1224
5351
5200
5252
3624
1973
4873
7229
5024
2916
3402
137
2684
157
3359
932
6009
2410
1767
2106
2916
7408
104
5427
7153
4007
4812
8016
951
3722
3924
3615
2661
1036
3232
88
5066
5395
4752
886
3402
5537
2217
6645
4812
148
148
6672
1896
4667
6355
1450
508
591
4354
4879
2661
2916
1155
1709
6820
6889
4355
472
1673
7021
8075
3610
3154
6638
7166
6873
4803
3416
7592
4291
6009
1333
5163
7928
1717
2152
1395
6009
7389
4880
4029
6633
1595
702
7229
2271
320
6847
683
7492
3681
1228
7866
4383
4613
1471
4227
6526
107
6926
6031
1024
6967
4849
157
2406
3044
4700
5531
7227
48
932
2830
7929
5801
1748
6737
5403
3642
1660
2327
3052
3198
1226
3046
3702
5114
3710
5418
6066
4693
900
4600
4067
2522
4502
657
925
4934
1362
3598
1395
7592
5248
5029
2581
6386
4406
6271
3732
6020
2308
3457
4383
3538
1262
3401
7395
7071
2142
7505
4334
7071
7929
3191
4727
5519
257
440
7235
7722
4740
4344
4990
1675
361
3997
5302
5952
1284
3937
2560
6295
48
4353
4845
904
626
1013
2778
1193
7916
244
656
3102
2535
2836
554
554
5267
5142
4649
6820
2152
197
7106
1838
6374
3192
3325
2104
3835
1932
7272
6781
5187
2826
2903
239
225
2395
6948
3669
621
6094
7800
652
7895
3000
7153
4812
4367
2867
3277
6663
6895
3259
492
5370
3317
552
7525
1309
4533
2916
6044
803
3995
3609
3051
4623
3894
7748
6642
1659
35
3763
5284
2446
6673
7400
3712
702
729
6593
7166
3915
1009
1245
1940
3279
7420
5056
5465
1030
6141
5715
3363
2585
1057
8187
4361
1522
4506
7711
1079
6411
1032
550
1525
4515
4863
5383
2823
5107
5272
4354
2019
5
4847
1235
2815
3308
4680
6242
5246
5868
722
4932
3557
6407
6294
1287
2419
4851
1287
263
5228
3184
1879
7301
3492
4369
5182
3567
78
2133
1997
1160
6210
2660
4798
957
2019
1403
6488
153
5131
6249
7823
1333
6181
5455
2008
1513
7510
5236
951
1732
458
6378
6642
2289
93
2778
1525
706
6387
1478
5715
26
5365
1030
5095
6252
5614
4993
4118
8013
3119
5975
7389
26
7648
3178
5187
932
7113
3056
6307
4583
6673
2889
3037
4454
2962
4823
1525
4284
2762
2071
2865
2660
3965
5983
363
1219
5353
7140
2194
4595
4719
361
4630
4165
7525
2952
2887
1732
3230
2654
683
1471
257
2992
5783
363
6795
7131
168
837
1472
6215
6851
488
1881
6073
828
3770
5811
2649
6925
3807
5227
3185
7664
7810
7438
1973
1450
3588
5920
5160
2419
1160
4562
6598
785
3394
4613
4993
4967
4658
8002
4857
7163
3538
6704
6251
3489
6468
2475
5445
193
7090
5980
863
904
6348
2791
6940
2365
3322
109
208
4630
8011
1443
1859
939
199
4815
7814
970
8057
1637
7752
2994
7841
6301
3579
6557
3446
1177
7909
7745
4523
7364
118
2214
583
4109
1009
6063
7507
7680
35
4261
1634
6464
5602
7313
6636
3049
7400
4515
6468
4931
3421
2939
1881
4081
2070
4863
4308
2684
4667
6436
2360
150
3402
4812
2850
4926
6131
2713
7289
6940
4259
4264
5191
5224
1114
2555
6301
1919
1031
1742
5284
1716
6251
7776
6251
8175
7714
323
2916
2916
5602
4096
2973
7467
6371
3635
304
2283
2194
5739
1769
2661
7788
6440
3416
4112
7866
6996
1340
7441
2515
4367
1482
5051
4469
4330
3708
1207
189
4667
4667
5487
3170
7787
4150
6967
1926
729
791
6340
1972
4232
7582
1893
157
4785
1513
6660
6058
4150
5760
6775
2778
3359
6972
6897
1584
3286
7177
206
4932
7989
7810
1196
6066
7910
1786
1291
876
8011
4847
2765
8191
4590
7745
2785
6836
4703
1245
6058
6967
5248
2661
3197
4330
6012
1415
3751
24
8156
2658
4664
968
7807
6143
1613
2034
5107
2318
5208
1938
6686
777
7584
1413
6121
7207
3063
6094
1317
3471
2315
3588
4361
3572
7156
1318
4345
1678
1443
2716
7702
4197
3010
3089
6073
7887
3358
7520
6571
5857
289
5671
3821
7785
1097
7518
5739
5128
6044
7666
7143
5018
25
7380
1464
3806
2684
7210
2716
5786
39
1459
7884
1692
5604
4194
7188
3358
5403
8159
1732
1309
1854
6344
1200
1765
3752
1544
3740
7256
6847
1224
4812
1794
2034
4224
729
4162
4825
6833
102
7461
8048
7154
3795
3055
4825
3995
4422
2635
1217
7852
3515
5163
4101
6549
933
5659
724
1965
7227
248
5101
2136
4950
1024
6385
2856
5075
4142
5906
8191
5172
1270
3145
4718
3003
651
7415
5975
4441
3793
5350
4290
3722
7909
588
4290
7913
2352
5812
6000
7913
1546
3118
3418
7116
1721
2447
3707
2208
31
2671
6170
1556
3153
5245
6915
3664
7151
6058
1105
254
6895
3775
5975
3259
5581
4194
1048
3194
2363
6479
5045
705
999
209
2516
4751
1810
5196
4069
7187
4499
6225
7717
1585
7606
7415
5922
3321
6465
2194
7253
7591
3687
1864
6237
5821
1021
3348
1395
5439
4719
7778
3795
6124
2924
1163
6571
2843
2637
879
2467
3096
8135
1923
6425
4537
980
921
1402
7696
3658
3773
3320
4523
2116
1254
3331
5970
4753
4729
3416
2661
186
4593
1882
7077
8129
