0
0
0
10
1
0
0
1
10
1
0
0
1
0
0
0
0
5
0
0
0
3
1
0
0
0
0
0
0
0
0
0
0
0
0
0
0
0
2
0
0
0
0
0
0
0
0
0
0
0
0
0
0
1
0
5
0
0
0
0
0
0
0
0
2
2
0
0
0
1
0
0
0
0
0
0
1
1
0
0
1
0
0
1
1
0
0
0
0
0
0
2
9
0
0
0
6
0
0
0
0
0
0
0
27
0
0
6
7
5
0
0
0
0
0
1
0
0
1
1
2
1
5
0
0
1
0
2
0
0
0
2
0
2
2
0
0
0
0
0
0
0
0
0
0
0
0
0
1
1
1
0
1
0
0
0
0
0
0
0
1
0
1
0
0
0
0
0
0
0
0
0
2
0
0
0
0
0
0
0
0
0
0
0
0
1
0
0
0
1
0
8
0
0
0
0
0
0
0
0
0
0
0
0
10
4
8
6
5
3
29
2
0
3
4
1
1
26
1
0
1
11
1
0
1
4
0
0
0
1
0
1
0
0
0
0
0
0
0
0
0
0
0
0
0
0
0
0
0
0
0
0
0
10
0
0
2788
1733
4338
1897
4627
593
7468
4415
5928
5579
3389
7235
4350
4594
7872
3332
3154
7197
3792
5278
2744
6179
2207
1042
5037
538
6995
1589
4596
1173
1940
5732
1613
3379
2070
4941
1781
3646
1279
526
3470
3588
657
3453
3600
1774
1623
584
6330
2586
5960
2798
308
4766
1527
1672
6217
7932
5706
5744
3668
508
2390
1245
8021
7887
7194
2207
4684
4875
1594
1312
3759
7039
974
97
97
4165
5692
4264
428
46
6509
3671
845
5714
521
5250
3879
4914
6164
1045
939
938
4561
163
1709
4039
296
2207
984
4894
3301
7854
1129
24
102
448
845
3226
1552
119
6861
3506
2858
7317
7232
1070
6479
5915
4448
394
5314
6673
4992
5558
749
5403
1824
2753
7738
7897
2761
7621
5167
5020
1046
4824
1345
1979
6748
7147
7156
7178
5629
5662
3557
6676
8120
83
7652
2558
2958
1307
7941
1045
4992
790
5445
4492
5998
7269
3712
5143
6437
835
4022
5020
4573
6437
1129
6980
8119
2305
5535
1477
5328
7381
326
3998
171
6179
1521
4329
1408
180
825
1957
74
1360
2740
7679
5176
4809
1254
7299
7393
852
369
1217
5398
7441
6047
7650
4993
7000
7197
1999
4053
698
2008
6348
4119
3754
3292
4049
927
2978
4238
5377
5498
3183
6488
2271
496
5798
7889
60
4779
3666
6908
5202
2874
3574
6828
5972
129
5910
5188
8166
4962
3477
1776
6414
4893
6010
3086
8138
5188
3792
5850
6704
4992
2846
5350
1680
2806
5153
1024
3215
7091
5049
6928
1129
7902
4217
968
6325
4196
3198
5522
5714
6493
512
1803
1664
6580
129
6468
6780
5614
4453
2502
5588
6709
3034
3702
3469
7600
6510
7246
5812
966
266
1345
2118
507
4878
6673
4265
1188
1651
5777
5037
7421
557
6252
2678
6417
2634
3136
3646
578
276
7197
680
7728
2271
5232
531
6682
392
7484
6473
6886
145
857
6327
5840
6796
5578
3526
2435
7881
5916
2216
723
2672
803
2395
1664
3148
6164
6557
2933
5080
4152
7424
1139
35
7180
1680
589
6109
7484
2410
4815
5143
6321
6660
6393
3010
6595
3347
6754
1489
2518
6305
4565
421
825
4678
2051
1664
845
3678
6750
6986
4152
6510
1352
5906
8021
783
5691
3242
2248
5608
423
369
2650
2411
629
3102
6266
2808
1096
5917
1307
3288
4162
7691
5798
7748
3283
1664
3430
7800
7076
6464
4265
5574
5103
3641
3948
2199
2185
3538
4914
5279
320
3936
5930
7901
3247
2574
74
466
7334
7305
3258
2400
3554
998
5436
4747
31
1664
7836
2889
5578
3594
5081
939
3887
5714
4442
5363
844
37
8025
1774
6183
3626
7296
4341
8020
53
1013
7593
5894
2583
2291
2175
4452
5355
2861
1
8065
3188
2392
3792
5064
80
446
972
4663
5654
5077
5077
3632
1318
6677
7615
7498
2673
6827
1425
5842
1662
779
7796
2373
5614
6485
1305
5079
3730
5188
8150
1539
4164
6089
4901
810
4453
94
5049
3474
6346
1281
7034
5193
2838
6677
7223
7684
6742
7957
5412
5874
4286
3942
5806
3840
7895
1688
1305
80
7593
6868
956
162
4018
5079
7297
6272
5343
6636
7140
3702
6735
1046
2214
2513
4263
6012
3668
2333
3041
5263
3225
7246
903
3102
5326
7816
8015
3526
326
1045
2586
2615
7445
2857
5444
2678
5778
4060
1092
4791
7583
7229
1345
6735
7980
6449
3786
4759
6990
3732
3793
2272
372
6320
6203
7746
5037
1209
5552
5552
6348
326
6456
7895
6921
6378
858
4914
4152
5970
4938
2358
2861
3249
4150
4887
951
4273
4147
2110
4027
5514
2783
1047
3196
4291
421
4849
512
3433
3524
5094
4509
5042
4010
2304
3528
6769
6150
7437
5423
134
2037
6510
3225
7560
35
7584
5997
5363
5183
4310
1129
6848
504
2688
4570
7398
4489
2459
1513
919
288
1349
2051
7932
2994
939
6995
182
2506
5635
4604
6290
3707
3561
3225
6857
6015
4698
4127
5279
3186
1440
8134
7823
7584
5332
4862
5984
7040
6198
4134
3266
7814
5210
1821
6195
3102
5326
6976
4375
3179
6794
7219
1456
4950
6307
6510
5928
906
7322
3712
4379
3129
4885
1404
30
1689
1430
1600
7815
452
5290
6913
651
472
8165
1683
1469
5714
2855
1238
3159
2592
4687
4467
6907
4478
1062
4164
7679
1629
3245
4472
3350
7825
1958
7058
4847
6218
1473
7692
48
4344
5287
3824
657
7596
83
3319
1885
5964
466
4326
2576
397
1207
7290
672
7155
4630
234
6727
649
2810
7887
7418
3561
823
936
3161
3667
5398
6321
1544
966
5166
7449
5790
631
7872
5615
1862
689
7466
6411
4942
7518
7740
2579
7940
1287
3689
6064
1402
6089
7063
492
1611
3469
7064
5052
2283
1706
2557
369
335
4147
5647
1863
3631
2563
4017
695
3877
7979
1409
1258
2543
534
7207
102
4407
4577
649
96
7881
967
4964
8002
825
1048
4194
113
2531
1706
335
2244
7861
3092
8023
1836
5013
6135
740
1285
7679
421
4753
7056
2182
5868
475
593
4771
2676
5643
671
7881
7915
4364
4119
6139
3469
1453
2749
988
7779
1430
6437
2244
2538
6660
7816
7615
6818
4878
6677
7816
7187
2854
7740
595
6827
6120
4762
4325
3188
46
3368
3955
2459
4635
5579
1803
7092
5398
4211
63
3186
4339
61
4700
7908
5643
1774
1425
6393
5874
2271
4466
7193
4915
5097
2466
4824
4958
2010
7175
4116
1550
148
510
3682
978
4007
4712
7092
1453
2276
623
5762
3849
6989
335
6281
6828
8025
1863
2066
7246
6068
2008
2286
2810
4202
6691
5837
2056
7574
619
3394
1888
8001
5219
3616
7939
3379
109
6481
6139
4517
2975
5350
2369
2118
4623
1581
5599
714
2715
3240
5779
5874
6549
4309
6021
4326
7070
3421
3462
4436
137
7092
5364
7910
6438
6741
4074
3188
6737
3661
2671
7063
6253
423
4561
7845
3386
5608
5928
437
7918
7596
7790
7887
1452
4727
2933
1539
8121
7211
8132
289
3541
5896
6082
1319
5720
758
5715
7596
