0
0
0
9
11
0
0
2
10
1
0
0
0
2
0
1
0
4
0
0
0
0
7
1
0
0
0
0
0
0
0
2
0
0
0
0
0
0
1
0
0
0
0
0
0
0
0
0
0
0
0
0
0
1
0
1
0
0
0
0
0
0
0
0
1
1
2
0
0
0
0
0
0
0
0
0
1
0
0
0
0
0
0
0
0
0
0
0
0
0
0
0
2
0
0
0
13
1
0
0
0
0
0
0
20
2
0
5
6
6
0
0
0
0
0
0
0
0
4
1
0
4
4
3
0
2
0
0
0
0
0
0
0
1
4
0
0
0
0
0
0
0
0
0
0
1
0
1
0
0
0
1
1
2
0
0
0
0
0
0
0
0
0
0
0
0
0
0
0
0
0
0
0
0
1
0
0
0
0
0
0
0
0
1
0
0
0
0
0
1
0
8
0
0
0
0
0
0
0
0
0
0
0
0
9
2
8
0
2
0
27
4
0
0
0
0
1
8
0
1
0
10
0
0
0
3
0
0
0
1
0
1
0
0
0
0
0
0
0
0
0
0
0
0
0
0
0
0
0
0
0
0
0
10
0
0
1940
2552
1830
5608
7910
7997
4975
5276
2891
3279
7856
4561
1509
7290
4927
930
1252
4569
1237
832
7234
5401
4710
1067
2520
2449
1056
2240
2986
2854
2603
1988
841
5118
3667
1739
3959
750
90
7502
257
3093
5145
1117
7254
6408
785
1408
3677
61
6015
3487
3651
7882
7255
1193
5301
6109
7256
5332
1856
1944
6674
3720
2163
675
702
5594
4365
4771
1275
5218
3467
1013
4568
6722
7350
7190
4216
6953
6251
2855
2285
3577
355
7336
5075
4114
7563
3152
5906
6660
2015
2369
4271
4576
3533
744
7816
7143
6215
3577
3087
3939
3819
1401
4491
1699
1346
2662
1774
5599
1331
7301
2369
5237
1732
1941
2411
4009
3604
5585
8035
2209
6433
8005
7870
4750
6238
6681
6791
5102
7048
5842
6046
365
5395
5664
2057
2531
4740
6480
5405
2374
3922
2780
752
1709
2260
3464
487
2320
5455
709
6905
1859
6760
501
727
2261
8185
1306
4751
2934
2248
966
6204
789
2863
4880
3439
3763
833
3534
1785
6125
4598
1566
4478
1979
7913
1748
4913
2519
476
7066
2973
4689
675
535
7760
5011
4610
537
4934
5890
254
5484
1400
6747
4241
5145
4742
987
1363
1726
3772
1144
4549
1929
6940
7887
5290
3979
306
8147
1844
6825
6371
4674
3469
6005
6957
1816
3146
6353
5172
735
1539
8075
4699
7540
7057
7532
5088
5367
6982
5122
1847
7656
6235
508
4818
4795
2985
6567
3489
4678
5312
597
4841
1031
5924
35
5555
625
6468
6876
2057
4349
3986
5577
5871
6959
6844
4526
6290
6769
3708
2030
6356
3788
184
925
5547
2833
72
6242
3489
1058
961
2137
3196
4804
2877
1534
1481
1089
3077
7205
1395
4800
552
3540
3628
964
5972
6907
869
2200
6732
5478
7588
1717
1581
2016
8073
1959
333
7895
3283
1783
2265
5445
3995
3054
8091
5398
5383
5883
3043
4985
4361
4011
3430
5669
1850
5871
5064
7163
3202
5909
5693
6951
3164
2771
7910
1309
7769
6952
1846
1662
6072
3810
4708
3684
4974
464
340
947
1097
323
3317
2497
5456
643
3148
406
1682
7867
496
2446
2685
5439
6464
498
2320
831
177
941
7233
3978
7895
1130
2169
4851
8036
5883
7581
3611
1786
295
1397
6407
2976
373
3854
3862
4835
3800
7284
5883
4516
6073
5884
2522
1416
5585
6077
3669
1610
2276
3434
2424
6960
307
675
1207
3646
7687
5008
2825
5127
7072
216
6091
3838
5964
4965
98
6926
3629
8177
2714
611
4424
7256
75
7623
1528
4527
2469
6789
5649
1129
5114
2029
2006
7264
2439
2990
6924
1998
3571
5689
7070
3915
6825
7030
7123
614
3095
2553
4340
1791
3420
6368
5023
6073
4526
123
5049
5519
3279
178
3810
908
2671
4944
4790
6766
4686
7801
7985
8073
1067
4067
4430
1827
983
2680
3695
3212
1296
2136
2404
7002
2829
7750
5420
4811
1350
4172
5612
7538
2050
2165
3841
7639
967
3834
3361
2174
7270
7085
1699
4950
973
6736
7080
5438
3712
5622
3132
2805
1785
6657
6083
5352
298
2799
6451
4096
4749
2070
2997
2792
5274
4927
7954
4743
3434
4308
3261
5184
3985
7618
5432
3384
4388
6762
5935
6733
1748
5575
2693
4489
5573
7464
4192
7846
2462
5688
961
317
3810
4065
7374
5980
1167
6436
2603
2544
2668
3075
6905
6099
7259
5219
1571
5274
56
4913
341
4149
7961
2806
6086
10
350
5709
2099
4754
2439
3267
6760
4792
3434
2277
4554
4720
5138
699
6405
7256
8082
2990
153
4872
2396
3810
3434
6120
623
8004
2216
1854
1954
5311
315
2114
4325
6052
7707
3534
4145
5006
449
2826
3155
2613
2027
6998
6022
1989
2327
3467
3238
7306
2305
56
618
2916
4857
729
5931
3443
7269
3214
479
4450
1864
7442
4352
3267
5159
3842
4036
2683
1300
930
879
4598
4851
556
1818
2532
7067
6676
1604
8027
4425
4375
3077
5933
3781
2770
4515
7371
3326
7061
1535
8004
1909
2863
1520
3488
4957
1850
1094
7727
7025
7938
7896
3028
4560
6082
2663
1075
7432
2070
4751
7584
491
2252
2825
3067
1213
346
5001
1844
3350
1407
148
4437
4451
2863
3646
5856
4438
911
4218
2969
4588
769
6762
3555
2905
3854
4679
69
6631
4789
210
6274
722
1866
3986
4022
650
2525
5314
7476
6063
1254
2027
5100
2426
3263
6408
8047
573
3117
501
5365
6061
1081
3612
2439
6292
3849
3077
1165
6966
2114
2825
3361
1019
5384
7865
6196
5689
7180
61
2375
923
4415
7299
7801
7189
5445
2622
5839
484
2250
8163
1141
2449
790
828
5072
5934
7393
4374
4708
7142
2969
6501
4913
7426
7085
208
4061
109
1105
5748
938
7327
5364
3722
7587
2984
2372
3060
1599
2261
6339
1492
2549
4864
2409
7466
320
7894
16
758
2009
3242
6273
2246
1316
4693
6143
4406
795
4009
4230
7613
6963
4722
6031
3790
3438
6359
4751
1947
7586
7273
7880
4688
1768
158
6860
7622
756
5189
3806
5660
4978
1954
7070
557
2865
5934
8072
2368
8021
8188
1818
7244
3981
4722
4849
4990
4441
472
1799
2713
5468
4337
5920
5383
654
5230
685
6035
4504
5521
1932
7860
6021
3242
249
1319
8128
5566
598
5606
2549
7064
1041
3842
7801
3623
4443
2054
5964
6882
1448
6708
5618
842
3140
1031
1426
7384
295
7911
7575
4194
1226
1508
4496
5471
7908
3115
1520
1534
1620
6165
1581
502
4531
7495
4948
2708
3314
7886
791
325
4034
7347
1842
1588
2690
3447
1062
6202
5143
695
2730
492
3642
8167
5840
7244
1979
7336
3350
4349
3636
80
6722
752
7136
7180
8030
5873
6869
1453
5451
581
2945
4062
2345
6955
7490
7803
6927
1095
7162
7049
6802
2442
2458
7188
1862
1246
212
263
6974
4190
831
3158
7640
5390
325
6123
36
4153
2105
4070
3825
3265
1084
5189
4615
4283
1201
2122
5807
4985
527
6073
1040
5653
902
1007
61
6760
5694
7587
2817
2552
6852
5748
1978
2523
825
558
6650
4209
3980
7461
