0
0
0
10
8
0
0
1
11
0
0
2
0
0
0
0
1
1
0
0
0
0
6
3
0
0
4
0
0
0
0
0
0
0
0
0
1
0
0
0
0
0
0
0
0
0
0
0
0
0
0
0
0
0
0
3
1
0
0
0
0
0
0
0
4
2
1
0
0
0
0
0
0
0
1
0
3
0
1
0
0
1
0
0
0
0
0
0
0
0
0
1
3
1
0
0
10
0
0
0
0
0
0
0
34
0
0
11
7
9
0
0
0
0
0
0
4
0
5
3
0
5
4
1
0
2
0
2
1
0
1
0
1
1
2
0
0
0
1
0
0
2
1
0
1
2
1
1
0
0
0
1
0
1
0
1
1
0
2
0
0
1
0
0
1
0
0
0
0
0
0
1
0
0
1
0
0
2
0
0
2
0
0
0
0
0
0
0
0
2
0
6
0
0
0
0
0
0
0
0
0
0
0
0
8
6
6
5
7
2
30
5
2
3
3
2
1
30
0
1
1
12
1
0
1
4
0
0
0
1
0
0
0
0
0
0
0
0
0
0
0
0
0
0
0
0
0
0
0
0
0
0
0
10
0
0
2271
1141
2654
1473
5514
7478
7286
259
3254
7529
846
8170
8010
7399
4533
5478
5983
6374
2413
6870
4500
4346
5732
3315
3055
1308
6975
5000
7722
2116
7894
4724
3120
7119
4217
5514
7059
7575
2448
5610
4779
5559
5638
1741
4491
3292
1225
2590
5872
2522
6262
6321
5054
5375
1290
2978
382
7617
5824
6824
5220
8067
3857
1758
4348
2826
5292
1706
2516
2656
309
3247
7586
5716
2327
1680
2597
5406
667
57
7222
6273
2119
7389
3386
5890
2576
2059
4236
58
3560
5166
5933
4546
6096
900
4478
7950
6727
5461
4491
6638
828
510
3848
230
4340
2236
6175
5505
3919
7701
6077
2806
2082
1827
4290
7398
6549
6416
190
3738
1811
2908
5238
6224
5797
1777
6656
4447
4079
5445
2271
1514
6095
3678
8145
7278
1873
647
732
321
6424
2964
3829
1208
4118
296
2320
3117
6141
5905
3345
4533
2028
4340
4786
7662
5692
6596
2582
3819
7995
1453
5292
2755
2174
1469
3830
6612
5848
7215
1684
7605
2492
2604
1204
1448
4799
6045
837
317
2229
4085
7384
7854
6141
4147
2878
6399
5064
5458
7657
5692
508
3911
740
3193
2717
427
3966
3289
8126
7328
7595
6968
5601
2015
1023
6610
3315
1922
427
7141
7532
6377
5168
1965
3200
3474
3441
162
1070
1597
7080
3819
1709
3443
684
6683
5292
7318
652
1442
3830
7008
1489
3981
2464
8151
2379
6645
4123
386
2139
6242
134
6474
4361
4067
7587
6204
3446
1259
488
1434
1429
7286
1034
7482
5024
8126
1680
7210
7963
440
2529
6175
4970
4698
2229
1535
3722
1473
406
8089
2139
5188
134
433
5048
2679
6358
7318
3977
4976
3805
2379
227
2284
961
1666
2665
4390
1680
2120
59
7367
3489
2978
1981
7856
1492
2022
1046
5689
4081
5359
7271
7906
8119
5793
2558
1466
3707
3441
7411
3489
8186
4005
2426
7894
4495
7022
3897
6824
3651
1587
6368
7514
6825
2992
652
4424
3103
597
3682
2294
2870
7356
7742
8082
2320
2969
1890
2433
6741
552
243
8184
5695
2613
7426
5543
5341
5848
4742
7454
4007
6583
1012
3013
4636
7758
2939
602
2487
4899
5292
4012
7814
2519
5806
8082
3567
7507
6089
5951
7141
7411
7895
8136
341
8081
6263
1972
2973
523
5935
718
1055
4809
1769
1928
4240
3812
7895
7411
2563
4291
4340
1466
983
1259
5670
523
150
8064
5794
6103
858
6580
6717
4911
3191
7831
1861
4777
908
2164
5883
7460
7843
4329
1824
7570
5686
6839
3286
2225
7509
4645
7194
1924
4260
5064
5980
5927
6022
5672
5693
3850
98
386
5145
1514
7494
2467
6321
502
5627
4911
3804
4451
7080
7623
6183
2641
8078
5176
7518
4840
2124
6448
2272
7685
3441
4993
3780
707
3287
258
2997
1430
857
871
8077
5369
4478
7613
81
2099
4563
7518
967
1350
2656
5421
3257
4911
5856
4904
2444
6927
6065
7416
5140
3231
416
5
1604
943
7522
3692
4780
3946
2563
3800
7765
2684
5272
4491
512
6374
2978
556
3932
3257
6864
6664
4079
386
3765
1652
4248
6253
908
3854
1340
3224
4962
8072
6270
1546
7762
6862
2379
4911
3113
2427
1750
740
255
4934
3475
2422
6470
6583
3096
5245
1069
7439
762
2253
6810
3277
7084
2668
5126
5761
2015
1962
2654
4362
1247
1317
1048
4571
1061
3191
4796
1733
2671
7180
7377
2932
2584
1156
30
6253
7265
4549
5550
2635
5560
1900
4413
4312
1403
4277
2156
7337
1241
1058
6436
7585
5282
2050
4037
7079
5989
5454
5731
3120
783
6723
6592
5277
6293
449
4948
7291
5905
5539
675
908
2544
217
3002
3087
844
7786
2247
7252
681
7180
6460
2422
7270
4079
5644
5629
7235
3166
2062
6041
4340
1514
2425
4415
4626
4571
7848
6890
6620
5312
2414
4005
69
2015
6299
3426
6211
6424
698
7916
7929
5687
3326
7076
6925
6912
1620
7679
5225
4318
3600
3682
947
5175
6441
1466
620
7266
3087
6424
4728
339
4732
2464
6791
6361
1332
1274
3085
465
3470
5736
6836
5975
8065
3453
1940
626
2526
463
5613
2364
3443
3259
604
5541
903
2273
2456
7291
3195
2769
445
3435
6031
5048
6012
345
1647
5063
7887
6967
5292
5147
3714
8003
421
2248
2724
643
2645
5273
8040
8089
2457
1358
1117
915
7243
2799
620
818
4850
3912
6671
2410
7910
7028
2103
2517
2271
5715
5514
6756
5207
3259
7692
7272
4716
1308
5732
4149
7491
1714
7827
7012
7767
2935
2199
994
7682
3184
7147
6158
1908
2882
6345
139
3322
4781
3732
4950
4329
7827
4516
7353
1067
4600
303
4606
531
2949
7029
6326
3277
3066
3792
999
4160
1345
7520
5882
5187
254
1109
7848
3833
6620
7319
432
2667
1558
3051
7551
3671
6474
1977
2869
2785
7569
5734
7229
8030
4340
1534
727
2432
3721
5489
1009
4898
7327
4162
5277
1584
5143
818
6006
5017
6424
6924
5209
873
6912
3846
1856
503
3194
2730
5183
5707
4096
2464
2907
7823
3077
6289
1954
4950
5797
4864
7094
3922
5459
6997
2119
2166
1137
6837
7007
1903
1432
7529
6761
7122
5057
4085
5682
794
4816
6616
4415
504
2271
2558
169
1928
4749
4017
3469
4074
4977
3360
409
5707
7622
1239
2022
4426
5975
3484
5186
6620
7115
6549
1816
4311
1220
7290
1703
3056
5715
879
1234
4722
26
7765
2679
5627
5143
1680
5553
6271
4423
6681
7188
6409
6501
257
4700
448
6649
6625
7946
6815
6287
1878
6126
4137
6424
6628
1557
3510
7298
1764
6858
7443
7216
5282
2137
8023
2907
1767
2459
5171
6737
6877
2229
2114
1395
5784
1452
3461
6089
5998
4876
1435
2063
3740
5727
6901
513
3933
4548
7168
2469
940
5601
3954
647
7221
4242
5172
2512
4580
657
2514
2378
7187
5102
6724
2248
1865
4255
7
1845
5652
3742
5341
7642
254
3320
5311
7520
7408
7051
4840
4667
2880
2680
1219
6151
602
4708
2002
1343
7269
1856
6158
1789
2260
6321
61
8187
7691
3834
6271
3835
