0
0
0
9
7
7
0
2
10
0
0
5
0
0
0
0
1
0
0
0
0
0
2
3
0
0
2
2
0
0
1
2
0
0
0
0
0
0
0
0
0
0
0
0
0
0
0
0
0
0
0
0
0
0
2
3
0
0
1
0
0
0
0
0
0
0
0
1
0
0
1
0
0
1
0
0
0
0
0
0
0
0
1
0
0
0
0
0
0
0
0
1
1
0
0
0
4
0
0
0
0
0
0
0
25
2
0
8
6
5
0
0
0
0
0
0
3
0
0
3
0
1
6
2
0
1
0
1
3
1
1
0
1
0
3
0
0
1
0
0
0
0
0
0
0
2
1
2
1
1
1
0
1
0
0
1
0
1
0
1
2
0
1
0
0
0
0
0
0
0
0
1
0
0
1
0
0
0
0
0
0
0
0
0
1
0
0
0
0
6
0
9
0
0
0
0
0
0
0
0
0
0
0
0
9
4
8
7
3
1
27
4
3
2
3
3
0
16
2
0
1
11
0
0
1
1
0
0
0
1
0
2
0
0
0
0
0
0
0
0
0
0
0
0
0
0
0
0
0
0
0
0
0
10
0
0
2339
6289
1852
2271
6921
6060
4150
1602
671
1917
6320
1349
418
4341
4165
4644
7013
3494
167
591
3225
825
2303
7673
46
3619
4139
2061
6289
7940
4569
6587
7063
1060
5112
2459
5403
568
5430
1292
765
4792
6411
2057
4450
4618
4008
4242
4937
3290
7149
2023
3208
4641
3290
4920
1595
1133
214
5517
4644
6954
4710
5091
7497
1824
1319
5896
3443
4824
5332
47
6864
335
6315
1021
7313
4183
6770
238
5430
4239
907
789
111
2257
3916
907
276
4018
418
2533
6902
466
3494
8025
4202
6303
6000
5833
1037
1467
840
7344
5553
3536
1345
1502
6701
390
7834
2316
3011
4248
243
2106
2464
6058
2330
276
8
7888
7013
6746
4210
3901
2686
5982
7497
7533
5335
4050
5850
1917
6795
803
5099
3403
1004
203
3401
4789
2937
6780
6651
4419
6233
1606
6371
6545
3483
3098
912
5599
425
3947
2285
942
2901
698
5520
819
2276
5770
1734
1466
3577
79
1067
4563
2360
5820
6393
3214
2215
5202
7119
658
1233
2887
5894
1151
1746
3581
6482
5664
121
1162
3449
1425
7468
3240
4406
391
5056
6951
1642
623
2893
623
2254
1279
7934
1014
1484
6486
2444
3631
4760
5564
7540
3864
5090
5770
4747
6357
2572
1932
1523
6961
3851
6744
4239
7419
990
7164
1207
2376
3783
3415
6789
2364
7700
8147
190
8076
962
3698
7457
6493
5994
4113
7140
953
5373
1747
3602
7472
2211
7467
643
3469
4774
5427
5889
6357
328
4356
6363
2109
912
3711
110
3736
5123
5831
6314
6621
3417
7146
5667
2412
408
3116
1474
5262
7000
5184
1326
7718
2315
1461
4641
4303
6403
511
5865
5594
928
5142
2466
8030
4050
6409
4196
4703
1937
4702
2955
3737
4132
8150
762
2135
5967
5262
1069
4663
4872
6086
5883
685
4435
4536
8083
4368
1734
3748
7070
6164
2791
5738
1892
4418
4261
4827
1613
811
7676
480
6398
287
7352
5910
4212
1079
6344
7066
6745
2115
6086
6596
2658
7903
2485
3820
332
1917
3832
4431
6160
7615
4050
225
7753
7062
697
973
2948
3572
3153
2134
7371
5286
8115
3107
5478
1451
1176
4974
5007
4994
1945
3606
1477
8132
4697
2658
1541
7214
7121
4749
1099
6053
5145
4365
7576
6749
1492
6068
3174
2254
6940
7534
6631
2368
972
2990
4090
1516
5585
7038
310
1640
1092
4231
1730
6352
3881
7438
2799
457
8034
5124
795
7297
2023
7784
7235
7852
3154
2541
358
1534
4961
7000
5569
404
2353
4963
4241
3351
7503
5527
5168
5862
2011
2982
5080
7465
8101
1336
378
6724
3191
15
1378
7615
4646
302
5954
1631
5820
2130
3835
2225
2954
4734
3548
5018
1673
5291
2198
7595
2863
2595
4524
2863
221
2701
1104
3879
6621
2985
3161
2677
2284
6409
8188
1307
832
5637
1652
3693
4619
7582
5029
6824
5354
2691
4289
1666
1644
2643
4398
2925
6123
6331
4338
2194
7602
1563
646
313
4803
4772
598
3974
36
1043
6467
111
1534
3196
4399
6197
3394
8167
8019
2263
3413
5986
3866
2448
1543
6208
2933
1791
4109
33
406
7538
5065
7539
476
3622
6782
2291
556
5394
4342
4534
3469
2624
2892
695
7804
3415
1937
597
1595
5050
1856
2069
5685
7863
757
5466
2933
1797
4982
1691
3215
7117
3868
6399
2621
5390
6436
3668
3047
1025
3475
5063
343
7177
6062
803
4399
5984
416
1357
3698
1439
3968
7068
7065
1326
603
2925
3082
7412
7460
734
3514
1548
7123
1451
545
2174
7919
2791
7953
5335
6297
3261
5223
5209
3986
226
4981
467
3728
1678
2422
6544
1248
7857
6734
4158
6692
4101
6745
2769
5496
4983
3508
7614
1543
6350
2435
4508
1221
1011
2289
2049
2116
6778
4643
1784
7479
1164
3886
4796
3516
1279
3348
2133
6680
1856
5620
5568
7212
172
5799
6909
3043
4144
7111
1543
2370
5417
6225
1271
833
6203
684
6500
2961
4937
1846
2961
7882
3755
4478
7980
5254
6833
3948
288
491
2960
5267
1541
2165
5172
2014
7317
7946
4402
8132
1213
4242
865
6993
2150
6980
7162
17
47
6662
6897
3702
992
3916
916
129
6417
6072
6506
6460
7588
6315
556
5168
6482
1502
5785
329
5554
5251
5289
8132
4896
3162
4777
7893
8014
7033
3620
2178
4763
5116
6266
1462
6830
2942
6234
2398
928
5385
1611
764
2916
5933
2529
5408
3470
6660
361
7369
2165
2268
8095
7156
5733
7125
4950
4795
8019
2787
5890
4858
3402
533
5476
4229
5898
2796
4334
6117
527
3333
4452
2686
2150
4628
2134
933
4478
6141
2830
6005
4545
331
5970
916
527
2948
2529
6013
1813
7705
457
6365
2788
5530
4103
941
1802
3575
2867
5726
6686
7596
671
7522
421
5801
2339
3148
7982
5998
6071
2645
5913
3418
3875
5785
3312
491
7910
4958
5704
1582
4182
6031
5364
2220
440
2284
1944
4207
2684
1620
7344
1513
7905
2639
1046
1185
4874
7371
4333
4856
5520
7427
3178
4911
391
6004
4528
4702
6787
1226
6835
6692
4223
4003
764
2066
6436
96
2136
5661
1244
2788
5527
1029
4015
4242
7452
5667
519
6031
1823
4481
2960
1312
2672
5796
6251
1089
2421
2032
5325
2063
55
5594
5031
6276
3247
6188
7505
6975
7978
332
6824
819
129
2558
7545
4050
7851
2017
5893
5244
129
6744
7787
1534
5903
522
4050
4824
6137
8138
1584
1160
723
4020
2390
4048
1226
7136
1659
6950
3600
783
3892
389
4790
1029
61
2279
3402
254
5662
3575
7863
4255
2863
2960
4546
6436
3276
4604
1584
2757
4143
434
7517
5752
6411
5591
1550
7901
2707
7806
7790
2089
534
4256
6824
1988
4112
531
2624
5944
4315
2893
6176
3105
1940
188
33
5251
3282
3562
4070
6204
3077
1447
4679
4784
7861
2969
411
2343
4651
216
4763
4317
2483
4796
2788
1899
4390
5232
5382
4205
4978
7822
1824
7631
3571
3235
6563
5293
6411
49
7376
6066
7357
4050
4730
1830
6348
764
721
1133
3656
4475
5018
