0
0
0
9
6
0
0
2
10
5
1
2
0
0
0
0
0
0
0
0
1
0
9
6
0
0
1
1
0
0
0
1
0
0
0
1
0
0
0
0
0
0
0
0
0
0
0
0
0
0
0
0
0
0
1
2
0
0
0
0
0
0
0
0
1
0
2
0
0
0
0
0
0
0
0
0
0
0
0
0
0
0
0
0
0
0
0
0
0
0
1
4
1
0
0
0
7
0
0
0
0
0
0
0
22
1
0
3
4
6
0
0
0
0
0
0
1
0
1
9
0
1
4
2
0
2
2
4
1
1
1
2
0
0
1
0
0
1
0
0
0
0
0
0
0
0
0
0
1
0
0
0
0
2
1
1
1
0
0
0
0
0
2
0
0
0
0
0
0
1
0
0
0
0
1
0
0
0
1
0
0
0
0
0
0
0
0
1
0
6
0
8
0
0
0
0
0
0
0
0
0
0
0
0
8
3
8
1
5
8
22
4
0
2
2
1
1
18
0
2
0
10
2
0
0
2
1
0
0
1
0
0
0
0
0
0
0
0
0
0
0
0
0
0
0
0
0
0
0
0
0
0
0
10
0
0
7868
5972
3066
606
277
2678
1855
7736
2336
1079
4253
643
3551
6868
3363
4253
1338
6181
348
5436
1824
4348
6737
2958
5643
4475
4146
525
1787
4609
6737
7673
3010
5104
4992
1659
4465
4993
6746
1110
4493
3090
2584
4010
3783
5447
6259
53
74
560
1852
4237
6059
5567
4609
4237
1205
4556
916
1244
6258
3240
5165
6548
7604
652
2007
5104
3468
7127
427
3236
940
6010
481
3466
5291
3730
1488
4453
7158
560
170
3454
4237
783
4178
6264
6299
6963
336
6348
4670
2896
411
3414
5404
7232
7945
176
2840
6456
7388
502
3580
2809
2947
6891
5104
968
7269
3886
4992
7919
5998
7679
6135
6322
552
6123
427
4138
5144
944
2004
2309
3454
4242
4628
5284
1654
7857
1560
7737
5099
1846
2600
333
6119
5736
5377
3592
4955
4509
3792
3003
1048
4491
3464
3692
643
3592
1968
6107
5284
2145
270
5619
7468
2464
213
6657
6557
7367
1801
1707
500
5440
674
5515
3467
4238
3466
1360
1243
4326
4119
4118
7482
5798
3657
2939
1296
6399
5772
3489
2889
1707
1780
6830
7665
5982
2918
833
1599
5655
7367
5535
5465
3886
4021
2485
2439
276
1112
6750
5242
5447
5447
2446
2987
1533
7364
1301
6430
1458
7650
1606
1831
5188
3543
4524
5798
5436
6181
717
7760
5949
7855
1429
4515
4060
6214
8093
7499
6456
1112
5972
2304
7805
5447
237
4609
3135
3783
6750
3825
1226
3410
6325
2889
4369
3371
4291
2066
5165
2175
80
2792
3387
6862
5834
326
1208
6709
1110
1980
7964
1681
3308
219
122
2994
3183
4117
6257
6272
6170
306
624
6349
276
1360
1892
2904
2235
4644
4609
5701
934
2934
2134
5049
7111
7146
6601
2712
3733
7037
2582
1688
8136
3553
5834
4450
4322
803
4979
5720
3308
5337
7140
5720
3183
1719
3284
1957
1458
3790
7405
1881
6495
5706
4326
819
4610
1258
7697
1707
1846
7818
3828
7650
5458
6299
7430
3788
7644
7593
8106
3528
4208
1112
2354
7140
404
2434
2615
3189
5478
1852
3651
7287
5260
4680
5672
1698
2586
6999
2231
3657
2434
1569
5783
7399
2529
985
5465
3221
7563
2175
2175
2251
7929
2643
6257
1711
4678
4984
4696
5059
2892
1824
5403
810
1305
7480
847
1238
5714
4701
3503
2231
3833
1426
1467
1943
6535
1038
8014
3991
4701
2304
2978
4747
3014
7254
2352
3659
6048
6129
1773
4998
1836
4707
2629
2434
4963
6932
92
2584
7563
4379
2474
2678
3136
8036
1615
3708
3832
3857
8166
4164
4935
2615
3317
6616
2122
2991
6463
1548
7855
7375
4810
1852
4609
5731
2459
6811
3659
6811
6646
5971
7614
3317
6632
1231
606
5222
6898
1401
6851
5375
6189
1238
7162
2809
706
4680
7818
6209
3717
2897
3135
5217
680
6414
2968
6320
3158
643
6750
2947
2939
3272
5782
4893
5124
3203
2049
6499
4743
6444
6839
7136
1494
972
6747
2990
5556
6928
2508
2582
6561
3792
466
2474
80
674
5465
1928
2411
3528
4010
4465
6750
4992
4333
2446
2446
2820
2732
7117
6717
6220
3832
4639
5960
14
4164
3594
5282
3993
4152
4326
80
680
680
2304
2978
7800
3441
648
2000
7720
4827
122
5972
1442
6201
5772
3441
7542
8111
6619
6167
7117
133
1100
6082
968
7404
6765
1208
810
3730
968
3272
219
5572
972
2240
4108
7988
5852
496
6201
4384
7226
7323
3543
1189
4166
1247
8076
1282
1280
819
1012
3363
3585
868
7386
2735
377
6523
5512
8067
6608
2135
5829
7427
4980
2792
8100
4855
3646
6791
5144
3678
7542
8084
1305
6932
6631
3729
1548
513
6971
1238
1672
6263
6818
1331
730
5049
1691
3884
1623
983
7523
5940
7523
6408
7973
1608
5655
3704
2679
6135
4855
476
4060
5752
7409
31
7942
1258
2427
3256
680
7563
232
1802
5454
2855
6123
5059
3717
6010
2299
3567
4401
2251
2582
5366
6399
2197
6077
7582
4255
531
4605
7539
6352
1552
6759
1336
7306
1968
3662
3966
968
7146
2984
1704
422
1623
6119
6638
3221
216
7430
1426
5622
7607
3977
5614
1560
5144
6761
631
4952
5731
6151
6040
2420
5346
377
3839
51
7960
4010
7445
2889
826
1654
8067
3685
3646
3463
4326
4680
5565
7743
6057
3567
6151
2353
1608
6463
7163
1852
559
6310
7827
404
2444
5144
6627
216
2893
1489
3792
3551
6750
7718
4980
6010
733
4509
270
5007
5865
4442
3528
1110
2197
7375
7323
5834
3169
3704
6791
3747
5982
3414
5112
6107
7480
6399
5240
2897
2981
6259
5447
4992
2529
5366
7480
1329
7306
2889
3883
724
168
3730
80
6884
5572
5269
6603
3763
513
5730
6320
4759
4027
3747
1852
2427
6999
6159
2140
7411
2051
5447
4992
1284
4142
2305
5088
3958
7523
6750
6159
3718
2366
4382
5071
6750
1038
5099
7683
7644
7258
4237
3541
3414
6824
1836
8103
5538
5940
5736
3004
3232
4010
4992
7857
972
2792
4946
3282
5370
2264
6099
6087
7329
8129
3125
1360
810
5104
5447
785
5165
7506
1621
4952
8167
7070
832
3414
5798
5798
348
3082
2820
53
404
972
6443
1382
2428
6963
4401
1730
8184
7919
6418
3335
7111
4130
1744
219
5104
6580
6198
6059
5364
5077
1824
4255
7118
4763
4647
3389
4568
6601
4599
4333
5614
7630
1724
2021
7430
1855
2981
442
5153
7919
2508
6296
3567
3282
8003
710
4554
652
7098
4568
3541
5798
631
1620
7118
4578
170
7506
4004
2508
3100
4369
6675
6091
4960
7919
2984
1569
3662
5185
4242
1753
6687
3884
7440
5353
7720
3014
1827
1691
7085
2066
601
1824
4120
5661
4707
2513
1621
1836
7405
5217
4696
4980
6129
3879
2559
1623
5353
537
884
1852
2868
1694
2427
3836
1957
4767
3183
5634
3990
3472
4609
170
4578
478
4735
4568
3389
4341
4716
6320
4679
5492
5261
2448
8076
709
5417
5144
1358
6151
559
3541
4950
6468
483
2020
5
3082
5274
6229
3488
3819
4609
2854
7980
2995
7753
2513
3599
744
