0
0
0
10
6
0
0
2
8
1
0
2
0
0
0
0
0
0
0
0
0
10
0
3
0
0
3
1
0
0
0
1
0
0
0
0
0
0
0
0
0
0
0
0
0
0
0
0
0
0
0
0
0
1
0
3
1
0
0
0
0
0
0
0
1
0
0
1
0
0
0
0
0
0
0
0
0
0
0
1
0
0
0
0
0
0
0
0
0
0
0
0
0
0
0
0
6
0
0
0
0
0
0
0
24
3
0
9
6
5
0
0
0
0
0
1
3
0
1
5
0
1
5
0
0
3
2
0
0
0
0
1
1
0
0
0
0
0
1
0
0
0
0
0
0
0
1
0
1
2
0
1
0
0
0
0
0
0
0
0
1
0
0
0
1
0
0
0
0
0
0
0
0
0
0
0
1
0
0
0
0
0
0
0
0
0
0
0
0
4
0
7
0
1
0
0
0
0
0
0
0
0
0
0
10
6
9
4
2
1
25
1
1
2
1
1
0
29
1
1
2
12
2
0
0
4
0
0
0
1
0
1
0
0
0
0
0
0
0
0
0
0
0
0
0
0
0
0
0
0
0
0
0
10
0
0
835
825
3322
2410
163
2119
5261
449
5260
5353
5261
3642
1458
1858
459
2712
7221
7155
4277
5582
4340
7592
6327
6642
7827
4291
1769
7852
1075
1733
4830
460
7258
1929
7736
921
1613
5472
2547
4798
661
5182
1296
7816
7111
1460
7346
7375
263
7893
2757
2413
5487
1107
2563
7670
2410
1954
791
1942
3481
208
5288
4737
3510
61
2299
1902
4851
4255
4852
3443
4350
4275
2723
6188
1151
596
5535
4791
1832
2884
3812
2315
2410
299
5807
1067
7626
6740
4444
303
2668
2972
2649
4702
1155
4329
1319
683
4482
6735
2907
6441
2560
6150
396
4410
3759
2529
4696
6852
5659
2454
48
7393
3236
852
6989
5276
3469
1965
4004
254
1157
5494
5020
7011
3058
4739
1620
7799
3192
47
7575
5381
5054
5785
78
5738
3165
5260
5373
7300
5088
6467
5066
7745
6066
6540
7381
7511
7255
1965
4099
6824
335
5751
2737
7491
3001
6076
4692
4779
7279
3999
6107
1350
3864
5703
2188
7562
8018
5351
7793
6410
1342
5049
755
5649
455
4906
1042
3379
1023
280
6922
372
5445
7148
2850
4792
2672
8040
1949
5346
7881
1277
3732
2957
2126
1481
1885
5481
3424
6982
6149
4953
2752
3210
2230
4305
1885
4704
4939
3631
6719
2469
6081
7187
3347
61
5492
8047
4062
6321
568
7255
7489
4589
5354
3027
2384
712
4814
6977
3724
784
4405
2235
4314
4995
4996
6476
901
2371
1551
6425
6551
8008
3256
3755
3482
6438
1067
8160
8021
2892
7411
985
7169
1071
6434
3472
738
1141
4410
38
1591
7120
3802
8162
7747
2264
2607
453
4174
7489
1633
6351
7055
2095
6149
443
8018
3706
7299
4109
2405
4270
1279
1029
5168
248
7443
2875
1633
84
4037
3155
6110
3791
2117
8004
4862
1008
1066
426
7221
3768
4807
7287
4953
6286
752
70
2656
2796
4418
1767
6820
4334
3290
138
2459
6795
531
1837
4833
4204
3193
6679
2235
1115
2247
1805
4489
5131
7221
4754
3955
6190
6999
7221
2095
3904
2393
788
1016
2960
2361
3849
1678
5151
1338
2305
560
4830
4553
699
4078
4032
2053
5346
8013
1459
240
3955
5684
1780
5263
4187
5696
2993
2576
1372
3050
3061
3597
1626
103
1551
2459
7911
4568
545
3488
5786
4530
1741
487
4292
5175
4230
7824
1006
7839
7803
5325
7952
738
6108
7132
5044
4115
2280
539
826
5241
735
2910
2153
3850
5024
3960
5185
5450
2229
4679
2643
4104
3484
6413
1324
1635
5128
3532
3151
7450
2929
4579
7611
1549
4292
1324
5431
6249
84
1810
3925
8003
4995
1092
6520
4007
2359
4291
7294
2979
6795
5535
4104
787
220
6261
7649
5177
1564
4758
3933
5780
3424
2881
2810
540
184
7329
1479
8076
3471
720
7342
4974
2174
7576
2768
4039
5382
3851
3469
1564
4796
2296
3838
3475
4178
6401
275
5691
1322
3752
2352
5681
6366
3231
7885
6189
1775
5250
1815
3172
178
2094
5310
6453
5876
1853
4128
4721
4782
769
2157
6961
2716
7408
5018
5458
6434
7176
2903
3493
7561
8109
3680
2865
6775
7543
2254
7953
8155
4481
358
6365
7427
4957
7111
4283
199
199
1780
1704
453
4941
4110
2339
4046
1319
5013
2650
2093
6319
4805
1726
3652
1895
5557
5757
3408
4833
2601
5527
3452
2225
6233
5694
5684
1601
1521
1289
1289
7221
3385
5950
1586
3521
702
2042
6515
1396
1893
652
703
5550
6665
5331
622
1897
955
3070
3900
5095
3487
704
5250
2284
6047
6326
1113
7107
6231
1810
3753
532
4486
2102
1251
2792
5024
7360
1768
1731
4369
4696
7680
819
4281
6696
3555
5704
4758
7786
7060
1946
6500
35
5829
1028
5967
7886
206
3853
4943
3593
1495
754
5177
7537
4990
3689
8000
8023
976
652
6631
799
3664
6243
6087
7938
7290
1300
5993
487
8125
7983
2979
5096
5543
7858
3925
2734
1656
2265
6299
3786
3327
6867
2095
6811
7287
1582
8146
1595
5496
1208
5718
744
3173
1885
2566
996
6560
4807
4829
4814
2604
252
7686
7252
5205
2476
4490
2875
6244
6025
788
7034
1147
7383
7342
3036
5241
2826
7383
1707
3278
7534
6144
7570
322
1609
1457
4305
7881
4003
7935
6515
5052
3367
4187
6551
7865
7739
5021
4305
1633
2734
5300
1605
2607
547
6758
1692
2865
2930
710
82
6626
4309
972
3391
4939
5061
2469
4776
3243
7649
7030
6866
7924
1094
1537
2980
3752
6531
6982
4782
7655
5544
3752
955
2700
8149
7079
4389
5787
6353
5241
3153
6589
2951
2543
6868
721
6828
6801
1328
3786
2148
2151
501
8047
6531
2875
883
1212
3535
4754
166
944
2681
113
1410
7762
1497
1403
2629
2148
2579
3736
4017
5245
7110
1682
1742
6947
1040
1856
7091
6516
1629
2320
4593
1956
4311
6559
2375
6758
2579
6804
1984
2148
4305
5991
1589
6031
6023
7798
1808
4533
259
2413
7901
853
2489
6474
1814
2414
7321
5886
5029
6534
2601
6422
7489
2235
7326
1398
5044
5876
3247
4814
4100
6727
2032
7350
460
109
3755
7011
978
7190
255
2103
6593
6983
461
5877
4883
2103
4594
764
4397
7941
5385
5898
2700
1601
7261
7342
3802
2508
4610
5298
3322
6989
1124
3672
2512
5024
3077
5853
736
4481
7716
2175
2149
672
4092
1873
1091
7235
1886
2232
5151
2077
3571
6396
5357
4328
7120
1495
6342
6033
7481
1850
5403
6009
7517
3876
5159
3364
7915
4467
5520
2215
390
8030
4533
6722
6948
3577
6887
1430
5176
7380
2352
7500
7494
6526
7373
3678
5157
4520
7827
6096
1757
7844
5649
3205
1105
2285
4921
1356
2114
5283
2698
5629
6410
1124
756
1890
7827
6386
3643
7148
2671
3561
568
845
2951
5873
4696
1858
7967
7816
2560
6262
1105
7279
373
3660
4183
1049
2465
2419
6198
6361
1029
6781
620
7300
8160
4622
3011
316
8187
7002
785
5975
4251
5514
4820
3467
5655
5224
7167
255
7256
1958
7545
6165
4359
7918
1067
7822
2987
6475
1818
4000
297
1621
3184
6877
