0
0
0
8
9
5
0
1
9
0
0
4
0
0
0
0
2
0
0
0
0
0
6
5
0
0
1
0
0
0
0
1
0
0
0
0
0
0
0
0
0
0
0
0
0
0
0
0
0
0
0
0
0
0
1
1
0
0
0
0
0
0
0
0
4
0
0
1
0
0
1
0
0
0
0
0
0
0
0
0
0
0
0
1
0
0
0
0
0
0
0
3
1
0
0
0
6
1
0
0
0
0
0
0
18
3
0
9
6
3
0
0
0
0
0
0
2
0
0
6
0
0
2
0
0
2
0
5
3
1
1
0
1
0
4
1
0
0
0
0
0
0
1
0
1
0
0
0
0
0
0
0
1
0
1
0
1
0
1
1
0
0
1
0
0
0
0
0
1
1
0
1
0
0
1
1
0
0
0
0
2
0
0
2
0
1
0
0
0
2
0
8
1
0
1
0
0
0
0
0
0
0
0
0
10
9
10
2
4
5
27
5
2
4
2
2
2
17
4
2
1
10
0
0
1
4
1
0
1
1
0
4
0
0
0
0
0
0
0
0
0
0
0
0
0
0
0
0
0
0
0
0
0
10
0
0
4852
6465
39
5975
7781
6612
397
87
4834
2661
3044
1584
3438
5456
4008
5857
1765
4502
4335
1534
5537
61
3732
5073
4239
4224
6141
3835
1009
5292
4472
1003
393
6645
1234
5762
6967
916
7585
5942
1798
2214
5173
7723
684
7598
1384
7852
3492
4677
280
6997
7910
5232
1900
920
2830
7575
3115
731
3847
1595
1534
2379
1024
5537
7722
7890
7230
2146
4236
5756
4037
134
1522
2686
3346
657
2328
6645
6920
1165
5456
340
6833
7350
6307
7910
4812
1345
7785
4165
961
1528
3322
4800
7777
4016
4502
3916
5208
1158
4926
6902
3615
5149
6992
6907
947
423
4020
5687
7777
2560
4190
6902
4841
7591
2110
6475
3610
4700
5850
6746
7381
5358
4975
5739
4641
3438
2499
1119
94
7716
6141
4521
6475
5608
4873
4732
5242
1972
6141
7691
7196
4329
6321
508
7956
2415
5126
746
5393
4406
7072
5520
4485
1767
4812
2359
2811
3266
1291
5716
4739
2699
3405
2379
5993
3517
1926
3581
7781
7691
1581
5739
4172
2560
5073
3358
8078
8083
2244
4729
7844
3642
4150
1990
341
7230
4329
7143
3347
3001
4274
5107
4641
8086
1839
5255
4800
5126
6533
1595
3732
1581
7788
973
6926
5160
5275
4975
7064
1046
6997
4708
4856
6756
4062
5023
457
4217
4365
4813
7995
6926
6895
234
932
5756
5010
369
3598
3589
1145
1528
6309
7790
4697
5151
2506
7257
1179
3402
4708
1217
1217
3835
3448
4005
39
6253
4998
1965
2402
2229
1709
7691
5309
4079
1602
4834
7777
7380
1595
5617
313
5407
6723
6181
6709
7919
3114
3620
7073
378
7236
4685
4560
1559
1312
584
1972
1869
7559
2442
87
1312
4689
3795
4824
4335
3266
4664
6357
2541
7095
6010
5124
5017
6692
2341
2139
2378
3114
3629
7370
2738
2614
8185
5944
3879
779
484
7852
7048
5063
2015
1217
508
1631
7437
5171
2811
5010
4834
3266
5909
962
6692
6010
7271
1297
5572
7276
4077
100
6468
7521
51
755
5174
3317
6443
2769
5738
7966
673
3401
4771
7162
3876
3483
5805
5010
8086
3720
2610
393
3481
6653
4982
3759
483
2052
1400
6470
6349
5184
2897
1696
313
6201
5155
8132
8057
755
565
4038
2223
5843
6058
2454
3161
5010
121
6371
6232
2991
3388
7798
3861
6053
1628
7433
7062
4401
646
5552
768
4086
3827
100
4258
5018
1100
1079
610
5578
3879
6216
457
3642
3635
4172
5128
772
5909
5439
1515
1860
3063
3470
7971
2390
4140
2168
2288
8084
483
2011
8168
7156
4863
3131
2251
3048
944
7875
8014
6676
4916
8048
3259
3841
5339
1346
2372
3879
5940
7534
2197
2404
3866
3426
5585
961
2550
2582
6897
2814
3327
1208
2135
7411
3559
4903
6638
2197
6048
6225
5182
826
7194
5920
7187
189
6907
3932
6660
3317
5011
3317
4221
5614
599
839
6300
1326
3048
7264
2993
6281
789
1515
4702
317
5856
740
2984
5124
1186
4205
1681
5893
1730
2969
6411
4887
226
1585
8190
2753
347
5614
846
326
5683
3215
3215
7974
1802
4617
1911
2582
5820
591
6563
677
4411
5952
5977
6672
1208
5182
4369
7131
1860
4001
1544
7620
3673
2949
6776
4172
6361
2534
2482
2157
3034
3979
6090
755
1477
1477
1477
1305
7919
6233
4155
7125
7001
6334
1
885
5546
8067
7843
5174
7748
856
1522
3707
3822
2663
7645
5553
2146
5535
2511
2059
6054
4231
6747
2427
2508
7735
449
3738
1710
2448
4384
3503
5351
2925
1349
5546
1708
1176
1184
1292
7556
5634
1030
4632
3628
5867
2217
5261
6672
2421
6950
460
2164
8183
6855
6905
3068
402
1766
7460
6692
7903
1329
4903
3826
1525
1922
7612
258
7476
2251
2735
1707
5106
1581
925
3628
3841
6820
5466
1069
6651
3584
591
1881
1258
959
4651
7864
5508
6010
5366
4730
5017
3109
1193
1416
4286
3659
4983
2171
5409
5312
2791
1900
3834
2557
7051
5160
6592
3347
353
751
4435
7332
1248
7748
6242
1965
5154
6840
5624
1687
4774
1903
6662
856
1801
2368
4231
7713
3527
2908
5612
5182
6045
5975
6847
4623
3740
3057
7939
2463
1898
5182
2511
3933
7388
1788
5373
2665
4231
5806
2187
7804
8026
4868
6336
4440
1347
1219
3957
658
734
5916
4919
3030
3985
3486
7492
1453
1157
361
2110
7098
3165
6242
3688
7369
1104
6638
7294
1255
3622
4678
6010
4682
4868
3178
2655
2770
1283
6616
5937
7249
2534
1258
3948
2098
1323
4223
657
5115
3320
5805
802
6450
1543
3446
3901
5393
614
3835
5531
959
4613
2792
4244
3327
2990
1730
4244
2668
6506
1208
5893
4855
4919
2837
2021
1326
440
5215
2396
7985
7435
2772
212
2911
1855
1232
1423
472
1384
4099
2560
1253
5398
1009
7762
6180
5331
6284
5467
461
1059
6747
3612
6464
2893
8074
8057
4342
1926
3685
7004
456
4337
1048
4008
6756
5756
7391
1154
635
4502
6306
7049
3154
5531
2613
486
7431
491
4600
7096
652
5124
7412
6692
6971
727
6474
852
6001
3584
2794
5951
695
5649
3740
1581
959
5400
97
4604
8128
8138
1163
6011
3161
4830
3814
1316
7398
7851
1279
2645
2984
1914
6180
5262
7411
210
2557
1972
6181
6723
458
7749
1551
7330
3405
6660
4812
3363
4921
7015
5739
6035
1476
7227
2635
4911
4172
1340
1413
95
4431
7153
2499
1802
1130
1686
1057
7745
5232
7575
386
1323
6863
3052
244
6909
3622
51
1024
4849
4239
1886
3056
5393
5393
5073
3057
1452
4374
1929
6895
1822
2194
6253
2166
26
5173
1857
5066
1312
684
508
7823
5693
2023
6645
7346
7429
1451
4440
3467
5057
2419
6009
2686
3266
2699
2296
7332
5893
7134
97
7143
4652
6830
4834
4851
4172
1870
4632
2423
8058
7692
4160
4630
4069
1913
3835
1628
4212
3629
379
7974
7887
3433
1513
7788
671
6371
4877
7501
7640
6215
30
7061
2830
3916
7505
4236
4099
8081
4358
332
1690
369
1571
5426
3810
319
4001
3728
107
6905
5535
2291
