0
0
0
10
8
3
0
2
10
1
0
2
1
0
0
0
0
1
0
0
0
0
7
3
0
0
3
2
0
0
0
3
0
0
0
0
0
0
0
0
0
0
0
0
0
0
0
0
0
0
0
0
0
0
0
0
0
0
0
0
0
0
0
0
0
0
1
0
0
0
0
0
0
0
0
0
0
0
0
0
0
0
0
0
0
0
0
0
0
0
0
0
0
0
0
0
8
0
0
0
0
0
0
0
22
3
0
6
4
3
0
0
0
0
0
0
3
0
2
3
2
1
5
1
0
1
0
0
1
1
1
0
0
0
1
0
0
2
0
0
0
0
0
0
0
0
1
0
2
1
0
0
0
1
0
0
0
1
0
2
1
0
0
1
0
0
0
0
0
0
0
0
0
0
1
0
0
1
0
0
0
0
0
0
0
0
0
0
0
4
0
8
0
0
0
0
0
0
0
0
0
0
0
0
11
3
9
7
7
2
25
3
0
1
1
1
0
15
0
0
0
11
0
0
0
1
0
0
0
1
0
2
0
0
0
0
0
0
0
0
0
0
0
0
0
0
0
0
0
0
0
0
0
10
0
0
4716
1055
288
2860
4514
3350
482
5739
3284
1447
5591
7394
6058
785
1965
7357
3747
1285
7736
4563
1717
5516
797
607
1824
7143
2047
5066
7230
1157
1201
4397
4359
4400
4481
6075
651
5679
2622
728
7071
5792
2479
2379
2150
1971
7028
6522
686
4170
1979
5896
1115
3886
349
3673
2489
3233
6897
7178
7924
1554
3455
7973
7584
7121
4525
7041
98
8078
1927
7154
1281
7490
1067
2308
5485
1917
1234
1988
1284
3981
2345
7654
34
4491
2717
6449
3468
8174
5127
1131
4877
2891
2304
481
1270
6306
4256
5682
4069
7575
3790
6720
4175
1830
6828
320
2662
2181
1858
5634
2647
6545
1700
6377
3224
3017
5858
4261
4242
7416
2654
6447
4641
8006
6770
4667
4118
3038
5778
6370
3132
5168
5998
3541
4145
6348
3642
6198
420
1855
3688
4696
2834
4979
6002
7913
3003
209
1213
6791
799
727
3533
2284
1974
7333
3168
3777
3455
5971
1100
1928
1896
639
8023
3072
5144
3226
6735
2954
2519
7534
3221
2904
4138
4492
744
7854
2741
5596
4091
5020
7582
933
5702
5865
4118
3719
28
4340
5785
2948
7279
5361
1185
194
5320
5274
7388
2448
3682
732
7945
3169
6242
6225
27
5403
7209
8184
2443
3449
2063
5482
2199
5972
6166
3598
4732
5250
6123
968
4955
7894
1081
7861
3347
7784
1336
2448
7614
8137
3305
1186
7702
4791
7440
1226
8073
6708
2735
5917
216
7457
5010
2496
7085
2430
254
1677
1988
139
1769
5833
4242
3100
1734
1667
7155
35
7323
5622
1208
1707
20
2519
1525
2482
562
4398
3893
2981
7480
2165
5011
2366
7257
1130
5476
906
3515
2229
4065
3443
2254
5343
6271
3271
5245
28
5452
6297
7323
8132
1515
3003
6716
2448
4791
5622
155
4789
483
1258
404
5634
6299
4126
5852
7277
211
7866
902
2527
5433
4580
2747
4085
920
3148
7882
5245
6583
3371
2353
6631
6468
5260
4052
1801
1801
596
4289
4855
5011
1462
483
1855
706
7748
5417
3743
3148
2130
6139
7995
4339
5066
5944
683
4718
5720
3410
87
6393
1968
549
789
449
4450
3718
692
7998
5075
67
3488
1617
8136
2785
5535
1070
6672
762
1613
4441
7907
374
832
6082
4525
1273
5482
3572
514
7941
4880
4270
2677
1107
3282
7998
6672
8100
172
2368
4539
3692
6749
5655
2925
3478
3082
1208
4967
7440
1595
7187
7982
5821
842
1473
3712
2654
123
932
3836
2991
3718
475
1035
3226
3613
6279
7440
2366
3488
3043
2427
6968
4104
7704
5286
6631
7334
3149
1707
6271
5079
531
6141
5672
3934
2499
7493
684
2229
5124
3531
2291
5478
483
303
2943
1208
6242
1104
7307
2904
3881
7894
6399
4271
6352
3680
5358
3870
3629
2106
1287
6968
2843
1285
479
4319
6005
4123
7012
3686
7910
5184
8057
8076
2582
2187
4228
596
7323
6299
1070
7452
3164
7903
5286
459
3104
7425
2643
6616
4234
4128
2550
5289
3273
6436
1858
6468
1543
4369
7607
4398
14
5829
5144
7614
2519
5182
5577
652
449
7162
2717
380
4899
8064
5673
6766
4104
5944
289
7478
8074
5693
2198
6631
1623
1326
5159
22
972
6738
4992
4515
2512
208
7060
7400
67
1938
5835
5417
219
4935
3743
1850
7953
6405
1471
885
2314
7713
6957
6151
5286
5260
2582
3030
3446
2621
5980
1799
7800
6750
5174
1719
3497
3980
6969
1258
1338
1545
6816
1474
1324
2854
7177
975
6444
1971
6076
4676
5617
7080
3135
4430
7212
2982
6809
4430
7374
6687
3282
1666
5223
2112
5071
835
1970
1713
1483
3685
732
5011
7761
4495
3865
1552
437
7493
618
3946
6266
2171
2094
3215
3397
2311
1992
7264
2291
3397
610
3251
3490
3695
4524
1963
785
7429
2016
5920
2557
5902
2496
3620
2197
1560
1652
3488
3449
1698
3413
5250
7426
2608
7156
5125
4993
1753
1694
6555
449
2183
7855
3167
2271
1048
1328
284
7430
7847
5022
8073
2642
5780
8103
6549
3646
7448
2342
5144
2508
709
7492
5622
2122
4423
4313
7000
5634
2923
3880
799
1442
5833
3851
1360
4892
4152
1543
3919
8057
4833
1037
6088
4283
795
1935
3401
7400
5144
3895
2366
4434
1992
4611
5366
2250
2187
5330
3030
7375
3458
7687
890
7897
6371
6228
5933
942
2279
7588
7764
5250
2129
2232
6475
277
1713
5000
5290
3908
6091
549
1555
7835
7460
5240
4014
2094
7212
8076
5556
5927
5358
2427
4248
3169
2714
2637
6668
3499
7926
3677
7592
5896
5149
2139
5448
7189
1697
3785
7910
922
7370
2353
2655
2737
5642
7374
8084
5358
4434
8057
5770
7370
5848
3865
6809
4401
3567
8134
4478
7892
7353
2464
4169
1830
8021
5999
7013
3381
1164
4061
5707
210
7146
168
1827
1155
6494
7697
3183
5289
1477
1992
3043
168
3776
7697
6957
1727
1229
4221
5423
4190
272
7764
2535
6941
5330
921
6353
4095
7240
6040
5553
2677
2614
3657
3857
2679
7692
5968
6010
3183
6463
7460
1229
7401
1855
1833
8100
809
6399
4221
6994
3986
4099
7258
7753
1404
3478
7038
4441
4634
488
2753
2260
5986
6836
2897
6214
186
2405
3868
6805
6010
5353
8100
4919
1352
1673
7775
1578
5110
1730
5240
132
3410
4155
2540
7344
7926
1395
6864
5821
2090
7786
2533
5724
2802
6000
1691
3969
6000
5344
2271
2122
1328
3717
8100
8057
755
7829
7647
1262
4205
2228
1
1653
4037
7918
5668
4372
6436
3308
4794
3492
1825
2987
6656
6563
2356
6795
7437
4238
3077
2552
6386
1430
4628
3125
516
6352
5353
648
116
1680
4412
2843
3475
3224
3695
6366
3740
7319
8127
884
727
3401
8030
519
123
333
3742
1319
2861
8151
3759
4856
5419
3667
14
6215
3620
5565
2021
6159
2002
1434
942
3348
2135
4319
5034
1032
6189
7776
1576
2077
7585
3924
3213
6532
4482
4017
2496
2369
1947
7546
4361
3271
2558
1234
3254
6649
2002
6708
715
7588
2266
7861
1345
353
109
5340
6449
331
501
3463
845
5232
