0
0
0
11
4
2
0
2
12
3
0
0
0
0
0
0
2
0
0
0
0
0
12
2
0
0
3
0
0
0
0
0
0
0
0
0
1
0
1
0
0
0
0
0
0
0
0
0
0
1
0
0
0
1
0
0
1
0
0
0
0
0
0
0
0
0
1
0
0
0
0
0
0
0
1
0
1
2
0
0
1
1
1
0
2
0
0
0
0
0
0
1
0
0
0
0
7
0
0
0
0
0
0
0
33
0
0
14
6
8
0
0
0
0
0
2
5
1
1
3
0
1
5
1
0
0
2
2
0
1
2
1
2
1
2
0
0
2
1
0
0
0
0
0
0
1
0
1
1
0
0
0
1
1
1
1
0
1
0
0
2
0
2
1
0
0
0
0
1
0
0
1
0
0
0
0
0
2
1
0
0
0
0
0
0
0
0
0
0
0
0
6
0
0
0
0
0
0
0
0
0
0
0
0
10
8
5
9
11
3
28
2
3
5
0
1
1
22
3
1
1
11
1
0
1
2
0
0
0
1
0
0
0
0
0
0
0
0
0
0
0
0
0
0
0
0
0
1
0
0
0
0
0
10
0
0
4413
749
1118
478
3480
2127
5403
541
3849
2390
3037
3847
4422
3391
1522
7051
2825
1021
6166
4524
7051
1988
217
5434
169
2972
2907
4047
5868
3681
753
2464
675
3398
4339
7507
5290
6737
335
859
705
3392
2958
4762
6013
2916
6676
532
846
1654
1730
3718
5474
7362
3571
2207
6386
7426
2252
998
6852
1129
7583
6377
7795
3262
1241
5232
2408
1453
189
5790
7258
6460
7582
396
1965
7782
5337
1525
8099
1855
6631
1336
3646
1095
1824
2713
2459
7077
201
4856
5143
2663
3115
1742
7408
4348
1362
5694
1322
2654
3264
6145
389
3159
4309
5531
4580
2621
67
6242
3567
6557
3688
168
5522
550
5255
4950
1476
5467
1019
7180
3177
7827
6294
2765
2698
5096
3061
2390
4059
4448
2429
5382
7898
3712
3642
4160
2672
5939
1347
6631
1623
5284
780
5353
7743
2165
5840
7933
7257
3657
350
6321
3261
6706
6210
1441
7776
3577
4521
1752
4164
6677
7344
3391
6895
3869
6437
48
5925
3488
706
4810
6010
652
168
1608
6426
4340
6685
5617
7713
1855
7146
1163
2669
6654
7384
6321
5248
3398
1947
3493
3649
2217
3847
2004
2935
1110
107
4178
708
459
6689
7973
1608
1230
3410
6322
5797
6221
1487
7282
5260
4138
755
1600
3221
4058
6464
5493
6983
3301
4204
2462
109
2513
4683
253
6151
6631
2007
6209
5132
7855
1104
4515
1258
5090
2353
1077
923
7879
7440
7973
7702
5478
168
2558
3221
2021
1890
4352
7757
4596
7902
1443
2029
1734
483
7973
2090
4323
6631
2712
7743
7697
7427
8009
7521
846
6010
1336
1604
6601
6638
1115
107
6299
793
261
5968
2354
5255
34
1450
6237
7307
6139
139
6494
1623
3717
5284
2353
1336
2330
6232
498
5184
2943
789
5251
3003
4983
6106
100
6057
4696
172
1578
995
6582
5
919
3974
4255
7398
1287
5559
1105
482
4980
2643
2353
2448
7843
3441
1730
5291
2897
4118
1707
789
2090
8122
1374
5497
2360
6964
7903
2251
1691
1241
3282
959
5143
5020
6366
5709
3736
1660
5019
7223
6494
5144
2007
6299
3567
1608
7274
1352
1855
378
2529
4976
4515
5366
1403
6557
762
4401
8122
3839
107
729
7011
2679
3896
1164
1733
3741
194
2411
1319
4475
4934
6159
6862
1788
826
1730
8137
2643
3629
5546
6750
4322
6738
6704
2840
1898
1571
1707
2168
7875
2072
7604
4395
2802
2002
1129
6321
7070
7582
6660
852
4339
61
4301
6426
1968
1788
3717
7146
1606
2840
1442
3489
3489
5286
4010
6738
1719
5291
3397
7212
2099
972
6627
6811
7257
7233
2346
2027
3259
2119
2560
5013
3851
1488
7408
5111
1623
2187
6663
5572
1693
1892
4992
7804
3332
2641
6214
1112
4515
3940
6129
5409
6304
1208
2007
6638
5286
2448
4412
7028
7613
3048
2669
6269
1992
4373
3247
2897
41
5407
4831
2943
1184
3466
1846
5499
6613
714
3839
1474
5728
2889
4655
6048
7430
7607
5260
5655
1968
2319
6321
4426
4779
7728
4983
379
5407
2291
5940
6352
4323
2448
7367
5782
6704
3183
5903
4736
3683
1196
743
3729
2485
1184
2351
1089
4767
4863
1855
4831
168
7420
4294
4194
4689
706
7697
6048
7317
6957
2792
4855
7334
6994
2351
3100
1892
4554
1816
6939
6030
1401
1437
358
5377
4992
1284
4963
4541
171
972
5353
6151
3083
7344
7135
7398
3101
7476
4767
3868
7476
4624
7000
6988
4803
1015
4554
4148
4963
1182
7493
2863
4815
3832
6168
6862
549
7429
7429
4323
5535
972
1707
1460
3221
5332
2894
30
2508
7697
7306
5286
780
107
4919
7460
4678
6348
666
3283
6704
1697
5786
632
432
2023
1158
5614
7932
8147
3426
703
7818
7702
2195
3567
7215
3347
2459
2248
6057
4515
5807
3627
3627
2233
1449
6201
4624
313
4678
6532
3466
1957
1782
7165
6746
6749
7800
118
7158
7658
2251
4130
3881
4436
5291
422
1551
6078
4763
744
2283
4017
5031
7679
6135
631
531
1106
5564
6485
7840
4680
5614
6979
3183
4680
7919
2615
118
3612
5546
5028
1858
4280
6816
1623
4421
1062
4600
8023
2290
2369
1521
2462
5950
3986
7461
5715
1589
2669
523
7276
5783
7903
1694
7650
404
1552
7158
1429
4863
8036
3895
789
3332
1968
6352
4169
4963
3657
3311
7570
1105
2741
2278
5301
3385
4082
3386
6124
6928
1477
6138
2448
1250
8120
2187
7805
762
4323
3489
1491
2448
5407
1329
3125
7569
7429
4929
2643
5353
449
1326
1991
4361
5166
6615
2327
4880
3051
5715
5227
2094
6930
2098
6993
5261
2847
2582
1727
6780
3183
1727
1283
3125
8009
287
2735
2098
809
5535
8057
2020
2943
3718
4676
2002
26
817
2799
1709
2558
3443
2908
4682
6269
7644
1397
1474
2187
762
7687
6848
523
7875
2943
4388
1858
1687
3508
6745
2427
4663
3688
6862
1528
7181
7377
7798
1009
5375
1717
5092
4472
4194
3195
313
3678
6930
5353
813
1259
794
2675
7487
7687
4983
4323
6723
171
7356
7249
6457
3776
3975
2897
171
826
3366
1030
7910
1009
3292
8047
6823
361
4796
137
6090
379
498
8076
2094
3048
4980
4796
7113
7043
68
6957
6557
6971
6336
2427
2908
3237
5346
690
6159
2427
5184
4291
5332
6262
2709
2167
7077
7845
474
123
2614
5345
3135
856
7899
3881
5785
6989
4796
2908
3030
7460
2094
4868
5240
5240
1451
7696
4340
7736
1005
725
5173
7518
6737
7823
4635
1554
6889
2802
3349
1029
5412
182
5883
86
962
5565
5024
1631
4700
6222
6755
1687
5910
5462
1992
7375
1326
7807
5494
1164
5288
2512
2459
7216
2266
5802
46
3701
36
2654
4349
3132
8030
832
7598
6415
2735
7788
254
4934
1157
7887
7704
3898
5144
4576
1149
7793
6941
7642
6076
6761
1836
5923
4027
4340
2887
606
1753
4116
4390
4934
6520
5120
194
6864
5166
4349
7135
4343
7187
5057
4017
5376
2022
2421
1443
7823
6501
6355
7997
5689
4975
389
2356
5413
4568
1479
6660
