0
0
0
10
8
1
0
2
9
0
0
1
0
0
0
0
0
0
0
0
0
0
10
3
0
0
3
0
0
0
1
0
0
0
0
0
1
0
0
0
0
0
0
0
0
0
0
0
0
0
0
0
0
1
0
3
2
0
0
0
0
0
0
0
0
0
0
0
0
0
0
0
0
0
0
0
0
0
0
1
0
0
0
0
1
0
0
0
0
0
2
2
0
0
0
0
12
0
0
0
0
0
0
0
24
0
0
7
8
7
0
0
0
0
0
0
4
0
2
5
0
2
2
1
0
0
1
2
1
0
0
0
0
1
2
0
0
0
0
1
0
0
0
0
0
1
0
1
2
0
0
0
0
0
0
0
0
0
0
2
1
0
2
0
0
0
0
0
0
1
0
0
0
0
0
0
0
3
0
0
0
0
0
0
0
0
0
0
0
2
0
8
0
0
0
0
0
0
0
0
0
0
0
0
14
6
8
2
2
6
33
1
0
0
3
0
1
15
2
0
1
12
1
0
1
1
0
0
0
1
0
1
0
0
0
0
0
0
0
0
0
0
0
0
0
0
0
0
0
0
0
0
0
10
0
0
7882
1050
747
3120
5629
6958
5837
4578
3196
7938
3883
3192
7546
8108
8023
857
7997
7064
2679
4851
6059
845
173
5556
2794
2020
2684
7090
253
6651
6876
109
5077
6494
7945
1566
3651
7908
6989
2271
2557
7893
3776
1182
2792
3377
1048
3330
358
7864
1358
2009
2949
8187
4890
4360
2098
505
7095
5405
1760
3186
998
7196
2546
4720
4946
6825
2419
7027
3387
2280
3426
7430
7430
505
162
1144
7257
7683
4286
7430
7743
5358
6957
3653
1632
6745
6965
7875
2908
7913
1415
5761
8060
2276
1473
6095
1827
3621
7460
8168
3168
6268
2197
8057
6957
7264
4780
8099
3657
5409
6666
7046
6400
7429
5358
5389
1676
3176
2251
2769
3295
2279
2632
4491
999
2271
1988
3541
1319
4274
4132
7981
378
4697
5967
3998
2187
1831
449
6457
5144
4205
4676
6557
7212
7159
5
4556
7215
505
7713
7546
4355
320
7559
675
7865
262
4950
2062
3572
1528
1477
3998
5256
498
5834
1858
326
4680
1876
6409
4637
2614
6957
1619
5578
8084
8137
5304
1992
8057
5981
2094
5935
4353
4027
1287
2766
3050
1103
5403
1620
5910
6957
6957
3698
4323
107
4435
5042
5182
5834
900
1162
7903
5231
1730
3003
6387
923
2386
3998
5740
7761
1528
4624
3120
1778
4273
6307
3608
7816
1304
3153
51
7263
5683
2847
6348
2434
1696
7713
7429
6138
3549
6692
5366
8037
8057
152
1396
7642
5358
6160
7761
1477
7650
2094
4890
7033
2137
1944
2463
4609
4542
7827
3778
5407
222
7899
7317
1719
6400
1681
5670
8076
4752
4752
1687
6957
1696
6842
5385
5556
6305
1528
2847
5497
856
1477
5407
830
1944
568
1856
1453
7258
1462
3978
2643
2770
222
7761
1477
5546
2171
2187
505
1326
6909
961
961
6723
6940
4947
523
1528
1986
2600
1326
1477
6325
7875
4617
7194
7613
2219
2979
4390
6262
4983
5556
3985
2094
222
7761
4752
605
2237
709
522
4301
6639
7452
7084
5908
505
7761
3090
1623
4576
8037
1788
1687
7264
3426
796
6000
7405
5982
8190
7497
7852
6494
2982
3165
7043
2083
3508
6754
3698
4182
1927
6339
677
4528
534
4430
6809
6557
603
3104
6325
152
379
7771
7771
3030
3751
8081
5833
6824
1155
7078
5482
4852
4855
1254
4765
7720
7263
2893
7662
8000
4899
4864
7912
8127
7517
4058
2094
431
789
5471
3940
8037
2847
3940
3508
7095
4524
234
102
6737
531
7093
4426
1660
30
4551
2350
1710
3048
7358
2139
7445
6040
1865
7136
4815
3263
4791
8084
5740
1710
7317
505
6930
7317
7465
5240
7735
2907
3469
7953
7435
5998
4207
5567
1824
6321
5482
4401
265
3104
4682
6957
4443
6259
4152
5762
2901
3576
944
5379
1710
7263
2096
8037
216
1018
3998
1451
866
6623
5232
3786
2405
6950
201
5715
255
7154
3911
6000
1722
7761
7771
5981
4132
6557
7376
500
8067
1104
8057
7124
8054
3048
646
1766
7046
5
1377
8084
1477
2990
8185
7910
16
4824
6700
6013
4153
1675
743
2850
715
4118
2706
7060
8185
4676
1528
7768
3866
4682
3104
5740
5740
2094
961
1635
1104
505
3743
5670
3508
3104
3508
7178
896
6831
1740
2489
7854
4037
1076
4037
2458
3358
4700
3576
3232
5510
4132
6399
7512
6269
431
7465
5683
7687
6724
471
4696
5940
2112
1257
2660
7771
7263
7875
8030
1607
4114
3167
6887
2531
5731
1581
702
4497
4481
7913
2868
5272
7092
1012
1595
7749
6269
505
3997
7207
3885
1105
4796
5487
7766
7162
2139
1710
4682
431
4372
3475
5482
6972
5913
372
7575
7785
4491
7784
3322
1453
2868
3667
4183
6732
2956
2252
1163
6307
5398
3224
4353
6953
169
320
1644
287
3508
3104
4682
3508
1607
423
5833
2979
4255
998
2593
1946
3911
7816
5975
383
1473
1550
4139
1886
4424
1534
7203
722
7592
5397
34
738
4272
5627
5283
3287
1734
6057
3183
2960
3847
857
4027
5185
7078
6276
6478
1965
2630
7311
7897
4524
7682
4469
6980
7539
913
3541
6262
2531
7059
3445
1095
3904
2313
3358
8092
3541
6000
109
3167
7258
255
7882
5833
3120
7299
744
722
1287
5514
4963
5011
3989
2110
1680
607
4153
5482
1265
4830
4744
5058
2120
7435
3922
3386
6853
727
4152
3836
6858
3386
727
6761
7051
6276
4017
531
1331
8190
836
6989
5322
5501
7908
8064
5629
3541
2557
6649
5465
3120
3061
3650
6563
4462
7926
3320
7141
2491
494
4004
3177
7189
4270
7811
3911
4700
421
5364
1185
5470
5398
2118
4255
2894
1057
4659
5364
3667
3153
4207
1748
3740
7347
5957
6027
5118
4182
7384
7294
4793
1017
2915
3391
5183
5135
411
6578
3196
4609
7408
1822
4651
7196
1469
4881
6321
568
3158
2118
1680
1961
4950
4319
1473
4830
5695
7171
2761
2766
4604
5629
857
5066
5451
1671
5128
1204
2271
4491
1228
7345
6108
3978
4231
6723
3972
7352
7875
5956
3289
6104
1706
209
3571
2175
1748
2868
7110
4623
2927
7102
3657
7077
1965
1281
5904
2252
4291
676
3541
1944
2738
7875
381
4752
5462
7212
5683
1528
505
6269
1757
6321
1012
2629
6370
3854
845
1775
5272
8190
6307
953
2350
1825
6740
5563
383
3802
899
6958
3247
3682
6755
5358
41
5080
4752
5634
6352
3048
4323
7743
5240
7827
2663
7484
6770
1989
5890
7176
3455
6176
2002
6871
5346
7723
7029
7393
6152
6651
7867
6262
2197
2934
6687
5634
4138
6692
2982
7614
2448
1652
545
2264
1483
1917
6649
2894
7079
7617
3722
1554
4011
5372
1062
5627
1497
2327
2118
5982
1048
6588
6821
5714
5617
7697
2596
2448
5496
22
1162
3298
2519
4976
7702
1130
2271
7079
3120
2995
2868
1613
3321
1164
3439
2262
1988
7497
1667
832
5430
783
7494
6052
4724
4100
7159
3971
1710
7735
155
2149
4613
98
6216
155
1212
7827
491
2576
6082
2041
7011
8080
6722
2894
1671
8048
1965
568
6262
1266
3775
1395
2834
5328
4980
5504
