0
0
0
9
7
0
0
2
11
0
1
3
0
0
0
0
2
0
0
0
0
8
0
3
0
0
3
0
0
0
2
1
0
0
0
0
1
0
0
0
0
0
0
0
0
0
0
0
0
0
0
0
0
1
0
0
2
0
0
0
0
0
0
0
4
0
1
0
0
0
1
0
0
2
0
0
0
0
1
0
0
0
0
0
2
0
1
0
0
0
1
1
0
0
0
1
7
0
1
0
0
0
0
0
21
1
0
4
5
8
0
0
0
0
0
0
3
0
2
4
0
4
4
3
0
1
1
2
4
1
0
0
0
1
5
1
0
1
0
1
0
0
1
0
0
1
0
1
1
0
0
0
0
1
1
0
0
0
0
1
0
0
2
0
1
0
0
0
0
0
0
0
0
0
0
0
1
1
0
0
1
1
0
1
1
1
0
0
0
2
0
7
0
0
0
0
0
0
0
0
0
0
0
0
10
7
7
6
3
5
32
2
1
7
2
1
0
20
2
0
1
11
1
1
0
3
1
0
0
1
0
1
0
0
0
0
0
0
0
0
0
0
0
0
0
0
0
0
0
0
0
0
0
10
0
0
536
8167
3427
3077
1863
6377
3386
1823
2512
229
98
1699
595
3685
4809
411
1047
4698
142
432
2901
4022
4348
6393
3468
3021
4707
8073
3414
2063
1010
6619
5833
6449
1534
441
3947
7482
6128
1962
1822
4255
2783
5965
5153
7596
6460
4190
4136
3959
471
4964
1164
5484
4609
2381
4975
7205
3607
8034
4701
434
7583
3541
3455
217
896
3541
5314
5168
3909
1049
2279
5948
4950
631
2642
5335
30
8167
3941
7078
6902
335
4164
8187
4680
5579
1155
4273
595
1592
1836
4110
5045
1988
2968
8021
6495
1917
1049
1012
5898
2184
7806
1464
1621
916
1488
5339
6553
2211
3455
1934
7583
5898
1740
2808
3668
1279
783
3614
2219
3698
1519
6460
2957
877
4707
5322
756
4481
1441
845
3516
6696
4291
2753
2948
2968
731
5672
795
4481
6661
4763
2112
7173
6320
6520
1944
3480
7753
6082
471
1401
6720
4892
2675
1519
3642
5168
440
6450
5997
480
6607
5912
3353
536
432
1836
7365
1301
7180
5066
4255
6709
6988
3650
4114
2422
7241
3771
450
899
2756
5882
7229
3304
3320
1830
2254
8071
5629
2868
5627
6664
7298
4436
7655
7916
695
6038
7753
7596
4565
3414
1765
3651
1017
5183
8137
4507
8121
4961
848
1522
6377
7583
1308
3184
7431
778
3153
6941
6332
7205
169
7029
6397
311
6819
4995
3572
1228
1607
6604
3487
8155
4426
4572
744
2868
7706
8066
1073
1836
1285
7901
8075
2105
4708
4070
3386
7984
2854
2062
6104
1818
7482
8155
5748
6300
2498
8005
3120
6059
7903
7095
4295
6761
920
3747
7625
3448
204
4651
3443
649
2939
4415
4594
4478
3253
3244
4651
1971
7882
1830
7063
444
5596
5168
14
8017
2838
6397
4610
4256
6493
7611
2621
4237
4160
1296
7922
8148
2586
6411
4120
3284
5733
5982
626
3120
3943
5045
5334
5921
3464
8155
5470
5514
825
8151
2513
2211
7698
2073
1063
6365
1307
503
3039
7012
5945
1466
7953
514
5489
6259
3326
7820
4022
1589
3414
4880
1207
7070
7585
3785
1856
5550
1065
7014
1148
6128
4018
5077
5009
4497
4953
5353
6226
868
4797
6060
845
3542
395
2552
2605
375
5313
7298
3759
7583
3816
6929
6941
7070
389
2089
5945
5106
7935
6687
2566
6219
1840
6761
3847
7960
7759
5853
4781
4154
834
2002
5687
2209
7284
6033
594
3724
5788
5538
5077
6082
1582
7180
6164
6708
859
2266
4217
4152
2251
387
1342
2236
4719
6538
5951
5132
3202
6313
1197
3652
7283
4976
1195
7284
860
4230
6982
8017
7014
531
6828
765
7258
7573
3541
6720
2279
3378
1164
825
2900
4269
6177
4953
2371
4740
5177
7191
4983
719
3210
5357
113
735
2153
6404
5771
868
3507
3036
1241
4175
6761
531
5050
6810
5193
6818
607
1395
2254
1452
5536
6914
7407
7815
7611
4145
2810
4275
5352
5451
3821
2013
6898
5168
2049
4610
4807
7191
3978
3973
5801
783
1607
5292
1784
4338
3986
5024
3642
4492
4202
4518
934
2279
5077
2220
3925
2897
6788
5644
3864
4091
1362
6582
6501
2178
4481
444
7873
5984
4141
1537
1874
5926
1627
3231
1609
3035
2158
6267
1236
5048
7070
5050
1607
3058
5874
3085
5982
5786
691
70
1521
7287
2434
6459
735
857
6948
3263
7107
2455
3597
8095
690
6581
1704
1342
3151
5976
3724
6413
5311
6377
973
973
815
8055
1606
2968
2937
6306
3541
478
1029
3541
5013
7489
6564
7462
1817
1321
3396
3979
2069
455
4721
7560
834
1406
1692
6157
399
7667
2248
3851
4950
765
4150
4259
1988
1024
876
7299
2513
7258
5430
6000
4479
7967
2682
7630
1027
1895
3904
5352
1956
4750
6476
3203
3945
3955
6190
5203
8125
6105
4237
1830
5176
575
215
2274
7576
5921
5982
5833
7745
5250
6737
272
979
4568
5077
7473
6392
880
2790
7778
4905
1940
5442
5738
6334
1784
3077
2080
8121
254
5746
390
6166
5874
7344
4851
121
358
1534
4735
8046
5756
343
7070
6354
6777
3504
6289
7169
7747
2107
2619
2455
1633
791
6146
7342
5833
1620
1048
7816
3541
7827
4858
5701
5394
2843
6227
2987
421
4729
3274
3490
1313
1473
7563
20
4707
8073
284
7205
2271
960
2881
2932
2123
5732
623
6622
7107
7035
1270
695
6354
5403
4242
5292
5245
4255
1284
4747
4365
845
5398
5928
1597
4644
1163
5447
3154
7923
6677
4148
3816
5220
6921
6788
1147
6788
3493
1481
4145
6788
1903
6212
6770
522
5982
7292
6320
3127
1534
8151
5514
4183
5704
482
4672
3959
7312
4383
6553
1473
946
1308
7180
2164
1589
1004
5300
125
7649
5096
3472
6623
1874
691
6158
6320
5111
6436
4525
3561
6066
3497
1539
6593
7874
2942
3594
420
6552
8075
6563
1988
7292
8030
5143
1759
1473
4809
5736
1924
6021
240
5068
7649
3869
1093
305
3900
2271
6320
5168
1709
3947
2856
3555
907
4216
3594
2825
6449
6708
2558
6332
7070
7029
4822
2934
4852
374
3432
6980
6060
2987
7749
4833
710
3828
3206
5943
7698
6791
2423
1978
4718
1949
3594
7452
4718
7871
2554
6541
2080
1488
3098
4707
4948
7028
7885
96
1709
7997
6041
6327
2868
1012
899
3038
7067
2853
2875
733
1062
2080
2374
3897
671
1565
907
4718
575
1786
1776
4644
591
4600
3007
946
6016
554
2248
3235
8046
372
5185
4290
4094
1319
3263
4491
3464
396
5469
4053
2934
1929
914
5877
2497
46
7777
3600
2192
7545
2986
7670
4813
1697
5079
3790
3721
2377
7029
6059
2106
7121
4256
3443
501
6548
4594
1029
3443
704
5048
3742
5772
6393
6271
3858
1160
5275
5801
1523
5079
837
2686
2586
7013
1469
7468
7013
4379
4652
6227
5553
1473
4341
7503
531
3443
4580
4301
320
6218
1971
2502
2464
475
7484
7901
7670
2361
486
2629
4519
3600
5024
1931
7670
876
3793
8080
138
2676
985
7932
585
47
1040
1157
799
3158
392
4140
899
5520
4794
727
7685
3443
5077
