0
0
0
9
0
8
0
2
8
1
0
2
0
3
0
0
0
2
0
0
0
3
0
0
0
0
2
1
0
0
0
2
0
0
0
0
0
0
0
0
0
0
0
0
0
0
0
0
0
0
0
0
0
0
2
0
0
1
0
0
0
0
0
0
2
0
0
0
0
1
3
0
0
0
0
0
0
0
0
0
0
1
0
2
0
0
0
0
0
0
0
0
0
0
0
1
6
0
0
1
0
0
0
0
25
1
0
7
5
8
0
0
0
0
0
2
4
0
2
0
0
2
7
0
0
3
0
1
0
1
0
2
0
0
4
0
0
1
0
5
0
0
0
0
1
1
1
0
0
0
0
0
0
0
0
1
0
0
0
0
1
0
1
1
0
0
0
0
2
0
0
1
0
0
0
0
0
1
1
0
0
0
0
0
0
0
0
0
0
3
0
5
0
0
0
0
0
1
0
0
0
0
0
0
14
7
5
2
4
1
24
2
1
3
3
1
2
17
1
1
0
10
0
1
7
10
0
0
0
1
0
1
0
0
0
0
0
0
0
0
0
0
0
0
0
0
0
0
0
0
0
0
0
10
0
0
2811
5496
5898
7742
4774
1349
1442
5230
4142
2356
5285
2133
666
8168
7376
6415
2677
7705
3109
6309
7717
7820
3531
1205
7484
389
3867
6897
4541
7005
6556
6273
2377
7753
4620
47
5650
7149
2083
699
3963
2397
3839
8078
1115
141
5897
6735
7139
4800
3268
1727
7812
7879
6814
419
2552
3003
4377
352
7478
2942
2091
5687
1833
1619
2699
747
4031
8005
3055
7922
1802
1029
311
1823
2464
5354
2890
14
7681
2112
7830
2381
1743
7480
7788
6493
1980
313
7214
1181
2095
133
6203
214
4973
6048
6181
5762
1760
6354
661
6582
92
4082
3827
5983
432
6761
4360
795
329
3795
5484
2050
742
1459
14
4619
2058
2353
3599
4946
4723
7722
3427
3253
6709
4055
7893
525
3186
3504
1429
1400
3548
2806
5471
4483
7447
1551
2468
1169
7434
2569
4760
5629
3945
7415
4266
1398
1060
4961
6350
4200
4553
3432
942
7588
3638
3770
3494
4647
1589
110
2068
7168
6416
4562
7863
2440
610
7154
2158
6057
3375
1527
2269
7902
901
5530
678
7483
8153
675
4945
1119
545
5297
308
1943
5687
6541
4485
7910
5514
2254
1607
2496
3850
311
6631
4896
2247
1812
6541
2982
4793
8132
3334
675
7058
5215
6743
1751
7953
1301
5145
988
1731
6969
6167
6484
2254
1613
7739
1062
3729
1986
3133
2269
6192
3866
6665
4628
4762
1898
6214
3836
6554
1012
3010
2772
6398
6433
3613
2643
2600
1706
7180
258
389
3131
6872
3043
765
4594
6124
1620
783
4892
5385
6535
7644
2095
5934
7667
5775
3883
2129
6021
5382
3304
4372
5662
6233
3698
4683
3134
924
8116
2434
7086
3268
3411
3533
780
1581
3470
7827
832
702
5695
6000
5514
8186
5475
5361
1847
6767
5662
2318
3263
5423
787
6212
5112
5007
1666
6545
3208
5003
1924
811
7633
7662
4947
7502
6365
5750
3599
5142
1706
119
679
1415
5143
7982
5898
5693
5033
3208
8099
6554
942
8000
5750
6591
1049
6618
3372
2318
3185
466
2657
861
184
7188
5649
4322
3317
5112
1962
5123
7884
178
1590
5952
5008
1628
7576
5252
758
338
3693
1780
4094
4809
4110
7524
7588
5815
3824
7180
373
1823
1011
1759
3399
2392
1084
5185
811
316
3548
1999
1124
2596
1674
6157
6626
4846
6574
2198
7060
3895
4049
2774
441
3130
4874
1349
1062
5910
6252
727
2110
1104
6485
6969
4702
8190
7476
3734
3115
2803
3317
4862
634
7649
7400
709
4665
7181
2792
6418
2090
3403
3507
3002
4858
4575
6639
6284
1173
1148
2900
1780
1543
3533
5157
6468
4888
475
4365
5945
4819
845
6880
5007
8018
1105
7258
1014
6211
5532
7833
327
7082
7213
2270
2156
7452
4580
4229
2960
1539
2021
2740
269
2723
5603
7987
5995
5505
3567
2229
171
4654
6210
8
542
8023
7576
4440
6732
6321
6777
122
8000
4599
903
269
678
4723
2686
3947
5232
5820
2533
1834
7522
6233
1566
765
632
7271
8149
1326
1379
4378
4492
6326
5944
1466
7517
3729
1623
1426
420
6814
5353
5130
4808
6325
4435
6717
6467
5384
1283
6929
7863
2378
1511
3412
4169
2470
3785
214
6433
3180
7063
6712
500
5181
4326
4175
4950
7011
5792
3138
6010
3869
953
2952
7113
567
3072
3140
2735
5532
2837
3714
866
1273
5385
2374
6676
2667
6631
5112
4594
3159
6996
7344
3870
8030
5279
8155
1115
6819
7733
7916
2517
3426
3695
4159
4143
809
7478
2987
1246
6541
8013
2005
5252
5887
1100
3358
3755
1145
6837
570
2772
2232
568
4005
5997
7841
3228
2917
2900
1145
3586
4838
3397
2831
5532
422
758
4149
3839
684
8098
2007
3187
4588
1673
4336
3372
6363
323
4617
2218
1761
2213
5571
4031
3186
1425
4100
2058
803
1892
1203
7181
352
3120
7905
1304
225
3138
7840
7242
5382
7060
2213
491
603
2772
4774
789
6605
3334
7259
8030
7910
4473
4479
2557
217
4912
803
5363
4594
5534
6300
5889
7101
3860
5596
4888
6093
4149
1933
2260
4092
2266
3757
4338
2261
5047
7497
4923
3022
1283
4145
1823
8030
1295
1903
7230
169
3860
1823
3835
7950
7181
5340
492
4322
4998
649
164
6220
6482
7346
7022
4952
532
2692
6500
4061
8026
8076
1725
5168
2271
3820
2098
618
460
6087
5389
2244
6060
7643
1950
6694
1579
6826
5013
5527
5112
1686
7251
2773
3666
2982
6189
686
5666
4747
1297
6434
1243
5698
7704
4858
5627
1767
4665
2217
6137
852
3582
2934
6950
5183
2972
5889
2215
374
4712
4963
5285
1570
3223
5194
250
2157
3124
5972
7187
535
3606
8157
4599
327
3779
5948
1270
297
5297
518
4881
7079
7785
5499
3560
3765
7408
4830
3205
5661
3614
957
1593
6200
2215
7512
5436
3634
4707
4892
5945
1034
12
3529
2777
4341
1720
2295
1049
5019
5112
2900
5128
7591
7827
1929
1784
2061
1988
2679
6810
4293
1978
708
4178
3109
593
1777
6228
3288
3448
1672
7806
2624
1852
4715
4401
4202
1776
6534
1681
3077
3769
1799
2734
4251
1472
7180
7419
4712
6680
4846
214
4619
4115
1824
7710
3184
7488
5112
2039
3568
5798
2513
2736
3389
3682
4489
43
7753
5579
3890
7588
4011
4914
3205
3415
746
7785
6366
6035
2835
1550
4957
6211
20
3420
5416
6506
4405
7213
2395
3497
6164
8188
811
5224
1669
5972
5998
8031
5742
1428
1799
1424
3567
4435
960
2892
7061
5785
2868
4851
531
491
395
4707
7800
498
6944
1929
7762
6588
3415
6476
2377
1570
6160
942
186
2458
7940
2405
2254
3378
3446
1522
1765
5266
3690
3589
8006
5668
4329
1584
3121
2658
3677
4481
4428
1236
6389
3899
3513
1224
5232
7467
762
3130
5283
681
6954
3174
6460
2274
5227
5403
7613
1972
5337
2135
2156
500
6137
2541
527
8023
4851
3477
3562
2187
7604
1652
1271
7414
2424
5107
3785
4342
6473
1118
3263
2735
1700
6902
6716
610
2324
4042
2534
6818
1038
7260
1672
6746
54
6361
6167
