0
0
0
10
0
5
0
1
8
1
0
1
0
1
0
0
1
5
0
0
0
1
0
2
0
0
2
4
0
0
0
1
0
0
0
0
0
0
0
0
0
0
0
0
0
0
0
0
0
0
0
0
0
0
0
0
0
1
0
0
0
0
0
0
1
0
1
0
0
0
4
2
0
1
0
0
0
0
0
0
1
1
0
0
0
0
0
0
0
0
1
0
0
0
0
1
5
1
0
0
0
0
0
0
21
1
0
9
5
4
0
0
0
0
0
4
6
0
0
2
0
0
8
0
0
5
1
0
2
0
1
0
1
1
3
0
2
2
0
5
0
0
0
0
1
0
0
0
1
1
1
0
0
1
1
0
0
1
0
1
0
0
1
1
1
0
1
0
0
0
0
0
1
1
0
1
0
0
0
0
0
0
0
0
1
1
1
0
0
7
0
7
0
1
0
0
1
0
0
0
0
0
0
0
16
10
7
1
4
7
26
2
2
3
9
4
1
24
2
0
1
10
0
0
6
11
1
0
0
1
1
4
0
0
0
0
0
0
0
0
1
0
0
0
0
0
0
0
0
0
0
0
0
10
0
0
5810
5350
6761
838
1752
3443
6262
4017
3305
4160
1048
841
587
2015
5833
2878
6472
102
3790
5112
5627
7258
3790
4542
5920
2884
6824
1689
5725
1236
4426
6281
7299
8023
1114
574
6904
6970
1824
2753
7744
2346
7253
1523
2527
8023
705
1345
250
6152
4644
5385
899
8021
5020
7726
97
174
5853
7299
6247
3586
1595
5118
1308
5531
2105
2219
3443
5668
2512
6452
746
8021
484
5364
1556
6035
3668
2445
5642
4058
7294
2137
8092
7061
7610
4620
6571
7059
6983
4754
7852
1036
1919
5636
2772
5397
4809
5043
2418
39
4892
5131
4987
2379
568
4255
6321
2641
5052
2756
3815
3879
2568
731
7384
744
699
4360
4202
5739
4573
7948
249
5485
1808
1385
1534
1958
1577
6898
3121
3469
7299
2238
1476
4640
6445
4211
1089
2039
5786
2331
6914
5592
4468
5989
1520
2419
5842
5953
1937
990
5419
7121
6199
2118
4578
899
7246
7915
5053
4623
7110
170
4640
2690
5790
4807
6262
7894
6780
4042
4971
6281
7112
5940
20
826
3268
5482
6081
8185
3948
7061
1413
1099
2795
5748
1671
4777
3480
2541
5938
5165
7121
7518
7207
6121
4796
4643
4925
1759
3183
7628
4372
1716
6937
1466
1973
6797
7775
3867
2269
6897
6898
6227
4039
6520
1824
203
6069
646
4268
248
7747
5896
6257
7234
811
783
3391
6000
527
5184
903
4140
1957
5409
1490
3561
521
5005
7840
2291
5262
1145
6448
6210
1761
744
7941
2070
1018
3839
5650
4007
3143
6488
352
2389
6366
5896
5704
5264
4754
5052
7680
7399
1148
421
6557
985
5675
5817
1762
6389
4902
1816
6253
6500
3486
5092
1293
5657
41
7314
1466
7012
5871
7679
1129
1761
4096
3893
5499
6417
3482
6909
7000
2688
811
4058
574
7159
2677
3697
1208
733
291
4857
7145
2364
7456
7357
6982
7412
3430
1989
7435
1965
1114
3115
1988
5248
6314
7583
352
2271
1989
5429
4545
5048
3930
3551
7962
2694
4196
97
5321
6699
505
5725
3327
1813
4017
3753
646
6322
1057
3196
1680
5896
7250
1029
5176
6307
6679
3243
6556
4823
7207
1337
7060
4079
4878
5146
1037
4196
7381
5444
7227
3582
5274
8071
438
8145
5662
3604
4226
3241
7299
1964
4259
3326
6615
2271
5853
6411
3268
2399
830
5953
3464
3491
4658
7344
3828
2601
2772
6460
111
6662
1429
1000
4209
3978
3324
7404
742
6138
6914
5395
7064
6217
471
2400
2134
7116
4062
14
4338
5499
1451
6197
779
6577
7476
7822
5050
1898
432
6748
456
1631
1652
2390
5907
7894
4473
4182
2908
3930
316
1473
159
1802
369
3832
2568
2768
3780
8000
7916
1530
408
6145
5856
3811
1107
6128
5458
1043
4849
6948
2969
3074
143
5238
4512
2754
1914
291
2482
6683
5935
6522
2148
6653
4639
684
5688
505
5606
2198
1227
6897
2508
6890
1731
4724
5354
8134
4465
3948
2574
3034
6004
6948
3169
5034
216
6156
7793
5581
5713
2142
1089
5323
6297
5366
7771
3545
1536
4280
5150
8018
3933
7538
1307
6814
5089
1337
1397
5209
4790
3832
3448
5954
17
4245
597
1256
730
1758
7158
7101
505
7840
6676
7827
371
7149
5998
2916
1640
5132
5017
6093
4248
6366
4611
4961
6723
3626
6443
6972
985
7055
6969
1011
7399
8000
7945
3311
6930
6506
4520
1793
7082
6862
3880
7220
709
6660
2006
2466
8034
4223
3327
4032
2847
1307
7311
4541
3729
2083
3101
3001
330
4794
5487
3164
374
7995
6493
2654
3437
4928
6172
6928
7045
6556
3836
1145
832
7569
8023
933
358
7623
803
3331
730
5995
6005
2039
2900
6577
2723
400
968
467
1185
7505
2595
1349
4873
4344
8074
3330
2641
3243
4947
6494
343
3975
5495
3651
1217
3346
7902
928
7116
6683
3072
3978
2213
5880
4248
610
5184
2398
8157
5883
7218
184
2333
4769
3838
7991
1455
4868
5256
3479
113
5365
3567
8056
4588
4639
6906
2248
1217
7885
7011
6752
695
7910
718
4158
3839
5989
3247
7388
4200
5520
3331
7806
4452
2608
6767
521
856
5219
1099
2091
5366
1595
1396
5545
4273
4668
7377
1500
2768
6739
7145
3868
2707
7903
5693
7431
2216
1337
4212
5237
2003
5035
6716
4115
81
7945
610
755
976
5321
3566
4679
5937
4766
4264
3642
1164
2308
3867
8098
2137
3469
2127
2305
5624
3496
3215
7743
1580
4110
4052
3247
2756
1922
3327
7376
7066
6747
7090
2134
5575
5967
3208
6297
691
7674
7346
3034
5707
915
7706
794
6437
7121
1534
1924
1462
5742
3566
1277
2156
7143
6433
2528
1695
1197
152
6389
1860
999
3949
447
983
1741
527
988
5682
3224
1635
4140
5112
7894
4950
1609
725
358
1319
4261
705
727
1129
33
7314
3522
8183
3149
2356
851
1042
1755
5417
1980
238
3062
6777
1307
3255
8150
1749
5731
1775
7011
5086
861
4950
7667
1041
1777
6722
6824
3262
1234
8091
6338
857
2374
4975
5471
7604
2290
2428
1899
4724
7376
258
6450
5103
2458
2331
2252
6556
2516
8021
1683
3716
7596
341
1930
5052
5644
1473
3186
4387
3978
6333
6081
1012
2568
4983
1232
5297
1965
317
3235
4854
5820
2256
6938
2764
518
264
1911
4155
6578
4228
5419
2127
1680
1824
4814
455
4080
3271
1453
8122
3000
1894
5723
7264
1177
6433
915
3167
6059
3836
4149
4961
8002
3867
2916
507
4995
7583
1378
3545
4778
3158
852
4255
1607
6000
1555
2498
3682
1041
8148
8119
826
1501
5682
4042
1077
5191
3037
1308
2120
6054
896
5024
6300
2198
4027
1067
7747
2345
7908
1709
8127
5244
8128
1564
2690
1393
4158
6119
1576
1591
929
3131
4696
7857
4961
3403
4856
4824
5951
2601
5994
4774
2464
7980
2973
198
5168
3490
8175
4348
4361
2188
405
225
536
3253
4153
353
4871
1777
4011
7502
6800
2083
6297
4058
2933
7718
3497
8119
7480
5364
3280
1535
6262
7827
1473
4301
7735
1105
7631
109
5627
8021
4194
6486
7765
3475
310
