0
0
0
6
0
7
0
2
9
3
0
1
2
2
0
0
1
5
0
0
0
4
0
2
1
0
2
0
0
0
2
1
0
0
0
0
2
0
0
0
0
0
0
0
0
0
0
0
0
0
0
0
0
2
1
0
0
0
1
0
0
0
0
0
1
0
1
0
0
1
0
0
0
0
0
0
0
0
0
1
1
1
0
0
0
0
0
0
0
1
0
0
0
0
0
0
9
3
0
0
0
0
0
0
24
1
0
9
6
5
0
0
0
0
0
0
3
0
0
3
2
1
9
2
0
1
0
1
1
0
0
0
1
0
1
0
1
1
0
3
0
0
0
0
0
0
0
0
1
0
2
0
0
0
0
0
0
0
0
0
0
0
0
1
0
0
0
0
0
0
0
0
0
0
0
2
1
0
0
0
0
0
0
0
0
0
2
0
0
6
0
6
0
1
0
0
0
0
0
0
0
0
0
0
12
6
6
2
1
2
24
0
2
3
3
2
3
19
3
0
0
11
0
0
2
9
0
0
0
1
2
0
0
0
0
0
0
0
0
0
0
0
0
0
0
0
0
0
0
0
0
0
0
10
0
0
4883
4688
5135
786
4392
2114
6958
3676
5384
3267
1797
7957
6997
1360
3144
3807
25
338
4241
1559
7011
8039
7243
35
2146
5587
5255
1690
2829
3519
4493
3189
1039
7039
596
177
5472
7094
2541
6915
7859
1721
4771
4151
1535
5319
7556
2369
846
5501
980
7256
4301
7051
4241
137
5680
2638
1201
7178
7679
1896
6273
1742
1513
7756
2576
5592
3934
4613
3870
6686
3022
5238
4094
5479
8060
4539
6082
7237
4295
3637
7587
1450
4570
2518
4792
4581
6681
1145
1717
7289
1230
4310
6997
4049
8117
853
3152
519
6803
3847
6312
4142
6031
4618
2764
4727
4493
3609
2414
2013
7002
1090
7401
795
3012
1741
2419
7090
532
1332
4109
469
3793
247
1538
5422
6242
1711
2698
802
4390
3878
2561
675
6631
4778
560
3115
5051
2573
6356
5352
4732
4182
763
6562
1686
1059
6062
7903
1145
3789
2392
7090
5576
1179
1252
4350
4742
1230
7199
2425
146
877
607
3636
5653
1396
7507
4547
7337
3236
7122
4812
407
6571
1498
981
4679
5323
1145
4998
5130
2251
7477
1953
1159
150
1820
3773
5434
2811
124
5071
4732
2785
1213
4898
5653
48
5466
7966
2817
1784
2573
6128
2374
6214
4248
5486
3963
2268
2427
4229
4027
7859
8145
4327
6010
1452
3011
1751
6571
4343
6125
1415
4898
6329
4907
7127
7074
1458
8190
4861
4327
7906
7909
3981
1378
4438
7622
605
4476
5887
92
4342
5168
317
6928
3563
1799
7804
5600
6925
2029
5291
1055
1132
2795
6967
722
4452
1610
1309
5147
1566
2468
8034
6759
4842
4335
3237
7460
6986
2122
6282
4857
2756
5168
87
7091
3140
6653
135
7143
35
3085
6222
2830
3742
5067
4142
4822
5651
304
5775
7345
5843
2456
2591
1513
7711
2485
6618
7023
988
1802
6599
585
6303
1818
7524
4803
7376
3331
795
2943
1076
304
6955
2525
3417
6654
6070
4962
287
7389
2806
6066
5673
6962
6593
2846
4896
2527
2396
799
655
3836
3411
2214
5340
5222
6233
6443
8122
6653
5506
5474
7713
6147
558
5405
33
2621
3635
7194
2561
7104
1275
4286
1996
456
6457
7834
5404
190
184
7978
2406
171
2011
2734
2053
1019
5496
7005
3895
7534
3072
535
5921
520
5501
4361
5267
7082
5807
2783
4243
188
1015
4601
2897
3104
2848
785
769
3170
6541
6864
1857
3893
7005
6914
5325
6088
2305
8067
7264
5626
3599
4785
7086
7156
7507
6162
4971
2214
3101
7884
3963
1773
5662
5898
932
8173
4617
7857
4983
4136
505
4224
382
3356
3098
7676
4610
6781
2809
2991
33
3439
7591
469
5160
6142
142
5408
3105
3948
3890
1336
7962
3176
6233
4110
5898
2347
828
3479
4538
6160
6518
7012
1743
1816
1377
1572
1447
6004
7230
1208
7833
7240
6411
5531
8080
1938
2319
1937
5172
5262
7377
127
4537
4452
6263
2532
217
2124
6819
7733
7388
1012
6287
391
6433
5732
7833
4197
3398
2792
3084
2408
2135
6189
3237
2345
7823
6475
6571
2198
6910
1100
2039
1182
8132
216
4217
7432
8018
3510
7436
216
4381
2512
7824
1599
3604
7899
6604
1050
3334
942
4274
7
5654
5662
827
753
1250
2408
3821
5267
3989
436
2568
5252
3548
1302
358
3975
1850
2027
3666
6052
2397
3243
4248
4947
6052
6297
4666
1731
7779
2354
1420
2148
1130
1160
4334
2005
1076
6749
803
961
6081
482
599
3564
885
2004
1522
7821
5365
2557
675
505
1644
5772
1354
7713
3222
7271
1100
2485
1622
6551
2156
5877
7764
3821
1160
6141
2887
2792
2568
6174
1089
6928
4890
5004
5510
3185
7607
217
7976
358
3960
5226
7447
1858
527
7974
655
6450
7213
4381
4530
3322
4464
5785
5801
7695
6203
5893
5284
5254
4785
6117
7046
3228
1817
2251
4395
4971
4841
5687
4679
584
5682
2203
3884
2342
2893
7652
6174
1850
6146
7253
6983
4911
5871
463
3998
585
1703
1709
7467
8006
5571
3104
7259
352
8020
5815
2004
2792
6144
2867
7679
6686
2943
4633
569
402
7763
1182
2430
7991
5327
8137
323
6415
4481
4092
6228
972
4985
7002
1155
7788
6187
2811
6663
2645
6361
2054
1212
923
3334
5906
7762
6964
6777
5252
5848
2083
6697
7588
7830
1615
4264
3237
3067
3513
685
1
7332
4784
2002
25
5334
2829
7740
7556
6741
2444
4401
4327
5848
638
1707
314
6010
4897
1804
4435
2352
3975
7546
378
2435
3785
7350
4441
5802
6070
1245
4049
6749
7321
1544
7160
607
7510
2357
758
5915
2989
2960
2081
1741
3857
314
7840
2977
337
806
6443
7377
880
3652
4374
1749
3249
2780
3975
4727
692
6332
2887
7887
6520
6315
2372
6700
1839
5975
7636
3056
4907
8138
2171
4280
926
7847
4368
4829
3215
1398
5712
7345
4845
1730
3423
6282
1046
3527
1931
6926
2648
1078
3958
7692
2777
5031
5863
7527
2843
7156
2059
200
8021
4322
850
3835
7220
3421
1101
5368
5699
540
1898
7608
3930
1009
1777
4524
2364
3584
4046
6819
5806
4253
2731
3115
5226
6253
3526
7350
5119
1452
486
1791
1347
5252
3411
24
840
3307
8152
2392
5216
2171
4058
1839
6762
6556
6615
1160
803
6599
844
7934
2629
6346
722
8055
447
258
5272
4506
1536
2633
2500
6011
4729
5497
7704
5528
2320
3820
2738
3538
769
2153
1366
6228
7463
4149
2296
4042
780
4624
695
5024
2975
5139
2860
7575
6847
5724
4655
229
6012
4933
1991
2772
588
2316
3516
594
7697
4750
311
6570
171
4860
5922
2638
3680
3045
420
4570
7999
1230
3753
3629
23
7072
5715
3534
3847
698
4353
5343
5466
6081
4618
7768
6613
6222
3369
4971
920
2150
4262
4090
4588
5534
3198
4329
1412
6715
1089
729
757
618
1157
6480
2558
4397
6132
3691
1733
2356
5376
2867
1610
1820
7808
6739
3827
1721
6112
7807
556
5123
6244
5151
5533
7512
7646
2098
4997
3676
1492
2957
3056
1794
6336
4812
4289
6776
469
6705
2696
1497
7738
7459
