0
0
0
10
0
5
0
2
9
0
0
1
0
3
0
0
0
0
0
0
0
3
0
0
0
0
0
1
0
0
0
0
0
0
0
0
0
0
0
0
0
0
0
0
0
0
0
0
0
0
0
0
0
2
0
0
2
0
0
0
0
0
0
0
1
0
0
0
0
0
0
1
0
0
0
0
0
0
0
1
1
0
0
1
0
0
0
1
0
0
2
0
0
0
0
1
9
0
0
0
0
0
0
0
21
2
0
9
4
3
0
0
0
0
0
5
2
1
2
0
0
2
6
0
0
0
0
0
0
2
2
2
1
0
0
0
1
0
0
6
0
2
0
0
1
0
0
0
2
0
0
0
0
0
0
1
0
0
0
1
2
0
1
0
0
0
0
0
0
0
1
0
0
1
0
0
2
0
0
0
0
0
1
0
0
0
1
0
0
5
0
6
0
0
0
0
0
0
0
0
0
0
0
0
16
6
7
4
6
6
22
3
3
2
7
4
3
20
1
0
0
13
0
0
8
12
0
0
0
1
1
2
0
0
0
0
0
0
0
0
1
0
0
0
0
0
0
0
0
0
0
0
0
10
0
0
1595
6643
5550
4897
5301
4828
3796
2326
4240
5869
2969
4258
2811
2407
6120
3893
3567
54
2602
5536
6824
2229
2319
5077
14
7424
2271
411
7984
7807
14
4255
389
2054
4420
965
2842
5597
6968
3417
3583
3458
178
6405
4707
3563
6556
3314
5786
5506
5514
6336
1319
1813
6909
7967
6457
3207
1988
14
4121
4481
8121
7563
6614
978
6265
852
878
2689
6077
5136
1884
7004
3521
2074
3477
646
5806
6182
4398
133
1519
5104
6128
7728
7748
4266
8057
5220
4027
5153
5052
973
7056
896
5077
811
4572
1326
7738
7267
1399
2656
5983
3700
6057
7672
4880
1622
3978
1991
3219
55
5898
1003
4264
233
5733
3886
6686
2513
6082
6928
3327
704
3475
1698
531
3350
4303
4412
2875
1903
2681
5535
3316
1057
4005
188
1285
1283
199
7779
67
7375
2051
5760
2616
1375
4149
4729
255
5690
7452
5243
2448
6346
5279
2896
7882
899
5842
7821
5248
8047
1627
6268
407
705
7725
1895
8137
7711
2331
5034
638
2244
3821
2569
1996
7095
5183
6589
288
851
4183
3101
8056
4453
6181
6635
5077
5896
3541
4501
5325
6824
1680
5065
4950
1680
5833
6766
609
1950
1252
1873
7108
1831
1834
4477
6043
3012
2942
2778
4183
5147
4280
1720
2157
3414
2252
6565
7160
968
4095
33
4360
2109
1620
2331
4663
1849
7258
3972
795
4775
6488
7244
4554
4173
3782
8098
1553
8122
5582
3347
2540
4030
2625
3722
1029
8078
1979
450
6895
811
7673
2916
196
2488
3599
1830
3817
1899
1430
7978
3963
4803
7062
6363
5291
2614
420
1063
1959
6351
7785
1788
4227
3914
4456
2257
5707
2076
6795
7103
3886
2956
7779
332
421
2738
3566
1497
4042
7480
5382
1085
6656
4976
3869
6248
4891
1782
7630
2445
8033
3686
402
4322
2054
1813
6057
2004
5785
1620
3468
4267
3358
4278
4485
4491
2760
6557
3366
1250
683
2658
2560
758
7921
4429
6862
2445
5904
5035
132
2295
1245
4255
3597
6781
1707
5004
7045
531
2868
5906
3914
5417
1672
5743
3677
1309
2916
4123
873
113
6225
2447
7074
3173
2933
831
4543
4660
448
3691
3947
656
3516
2310
6781
4726
5971
995
272
6071
7596
4962
5799
7922
2962
5680
8141
4247
1147
7136
5519
2052
1700
2330
8074
3880
7650
6716
7711
5188
5112
616
6746
4686
450
866
2836
1933
2482
4248
3121
4747
6864
3611
4178
1336
1601
5732
4390
6815
7715
4131
2110
941
1644
2456
7308
6672
3820
2614
5593
3378
2844
6417
2768
416
6284
7452
4560
5910
4416
7803
2837
1483
638
5094
2834
4735
377
8186
1691
5209
2240
6570
5685
6161
790
5146
3554
5389
4673
1777
6299
4479
4973
4276
4164
6462
1060
7885
8084
3733
6676
94
183
5166
3331
1420
7650
421
3085
3441
7762
8105
1922
187
3403
4512
2289
4136
5494
6748
2165
4988
7058
8000
5094
1579
5233
7506
6148
4129
4767
3497
7664
3208
5376
7961
4456
4435
1057
3747
3416
4275
6638
1768
2345
6443
5132
4664
856
1962
4223
6225
1063
1884
2122
827
1424
3106
6255
737
4794
3571
6370
6593
3187
1050
3166
144
5659
6958
7737
2868
5247
4563
6735
1289
2501
2169
1706
2847
324
186
2811
2077
6398
4838
1708
5157
3602
238
3785
1943
3729
542
5592
7480
357
7072
1707
3744
3298
8055
475
2634
1023
4224
3278
3117
5451
4049
2295
687
1205
5603
699
7628
6397
4428
6850
1177
765
6980
973
4342
4998
4147
2162
7828
144
4655
4585
3363
6071
2422
7926
6791
7702
2379
5257
7520
4062
1588
6410
4302
2101
2274
5317
785
5075
7262
3731
4264
4846
6154
7304
4619
2318
1337
6363
1782
1156
355
4465
7971
6709
260
2295
169
90
3953
2622
6980
5427
8012
2215
7024
2868
6559
1695
6899
4092
7888
7711
6482
3575
6189
2047
447
2511
956
6398
4367
6433
1488
2364
715
7971
1623
5743
3888
786
3214
2339
5384
3462
4011
30
3960
7962
3642
7000
1930
6071
6519
5417
3002
4937
2860
4888
7205
5717
6817
3895
560
1620
6443
4747
8013
2008
7719
7344
3189
4957
2593
3483
1208
4836
1163
3347
7908
2119
8117
3492
7373
5351
505
4183
1156
6554
1765
4187
4733
3241
2765
6948
4568
3059
7704
3398
5082
4598
7274
314
4450
3443
5977
3212
3098
1422
5601
2671
3266
1329
2969
4387
4143
3208
2744
7748
5033
1731
6220
1208
7483
1429
4365
7984
5662
8078
2522
4086
3672
948
2511
4652
4716
6828
7491
3252
1796
4355
5361
4961
6086
3160
2998
8149
196
6010
2412
3785
3720
5373
4042
4896
3131
1315
5903
4756
4716
4863
139
4342
1271
5425
6239
3982
7484
4846
484
5896
937
5611
291
2098
1681
2633
1439
441
1617
6604
2794
1040
5682
5096
1976
4166
4868
1860
3208
7948
4435
1911
5959
2069
5806
2288
2756
528
6709
7311
5652
4955
2499
2354
4785
5977
5166
2303
5736
397
102
338
641
6926
1950
3229
1217
7083
610
285
2378
5886
6670
330
1976
1259
1668
7704
5521
1143
1843
2708
5662
6587
6395
5601
25
7033
5476
6465
4694
6889
5760
3367
4967
4178
5458
1941
2658
2284
355
4477
4151
6493
4845
2296
6418
4642
6549
7818
3761
3149
5779
2709
2178
2175
2817
7849
4790
557
2630
7887
1620
6214
7454
5620
6928
6433
30
2607
3312
2794
3900
2759
2020
6563
1104
2254
2963
602
7011
4269
6299
2215
4950
3348
1583
7756
3230
5191
7401
6705
4067
1834
1623
7242
6844
2802
2003
4399
4741
4078
3563
8179
6328
5644
6434
3706
2512
5710
3291
5850
5712
5109
5594
5678
2489
2133
1404
8092
4067
6002
4120
3927
6353
1137
5531
7997
6000
4947
6950
109
4312
988
7691
6241
5780
3617
3268
1956
4570
7211
4623
1988
4346
2562
2017
5254
348
5829
1367
2868
3021
2825
3112
5650
4010
4852
1319
2459
5898
2313
155
7561
1534
4899
4563
6441
7582
3722
6487
5705
5725
1678
4399
1512
734
3196
3977
1854
7895
