0
0
0
9
0
0
0
1
8
4
0
0
0
4
0
0
0
6
0
0
0
10
0
1
0
0
0
1
0
0
2
0
0
0
0
0
0
0
0
0
0
0
0
0
0
0
0
0
0
0
0
0
0
2
1
0
1
0
1
0
0
0
0
0
2
0
0
0
0
0
0
0
0
0
1
0
1
1
0
0
0
0
0
0
0
0
0
0
0
0
0
0
0
0
0
0
9
0
0
0
0
0
0
0
26
1
0
13
5
4
0
0
0
0
0
4
2
0
1
1
1
0
8
2
0
0
0
1
0
1
0
3
0
0
2
0
0
0
0
4
0
1
1
0
1
0
0
0
0
1
0
0
0
0
0
0
0
0
0
0
3
0
1
0
1
0
0
1
0
0
0
0
0
0
2
0
0
0
0
0
0
0
0
0
0
1
1
1
0
3
0
6
0
0
0
0
0
0
0
0
0
0
0
0
16
4
6
2
2
1
21
5
1
5
7
5
3
34
2
0
0
11
1
0
4
13
0
1
0
1
1
2
0
0
0
0
0
0
0
0
0
0
0
0
0
0
0
0
0
0
0
0
0
10
0
0
4152
765
5227
5475
1010
4809
5031
5220
6947
5250
2030
3155
3205
4116
4164
534
6393
4792
6492
928
4784
335
4689
791
3145
3145
3551
1774
4685
3347
450
7294
6065
7624
6604
2929
849
7031
167
3378
725
7825
7575
2916
6124
308
3057
2529
2023
7520
7191
904
6568
3562
7117
7781
4753
1424
3477
284
5135
7258
3668
2279
5115
3999
3517
6934
6943
6069
631
7901
148
2968
5998
4702
4340
4580
5351
692
8157
3448
7162
2867
7679
1004
1823
4664
4521
6031
7647
541
5010
2541
2220
566
5817
3755
7491
1245
2266
7216
2458
3237
7982
1207
7989
4644
475
5650
308
4621
3145
7294
7920
1239
795
6460
6761
1932
1838
2884
5405
845
8191
208
1070
7811
4809
47
7067
1153
7717
2744
6098
5023
7138
7869
7765
1200
5340
1777
4472
5896
5664
859
5157
2518
4435
3927
182
5029
999
7308
1483
3148
876
215
1119
8176
3196
4861
7784
7546
488
5161
8167
4087
2920
6583
4097
4004
1350
4105
4849
6234
744
6183
3320
4083
7957
6720
799
1424
534
1760
3516
6824
3691
3911
3969
4685
3966
7012
810
5999
4050
6568
83
477
7720
5724
2465
5619
3145
4405
2641
2777
4926
3699
607
294
6082
2512
5363
3551
7172
5507
2410
3386
7086
2285
2690
1235
5742
2938
5714
5542
1565
3509
2836
7453
6104
7453
4037
2351
7012
1620
6688
416
4618
4479
7169
1586
4017
5875
217
3497
7148
7596
1099
7892
2280
7162
2684
3711
7049
7049
1231
6796
4628
4155
5407
2398
5608
335
214
3012
3891
4084
8098
2547
3668
5886
259
6458
6116
6262
4178
1024
2533
3312
6950
1550
7483
842
3686
7561
4214
7723
7115
3001
6487
4643
5802
6158
8109
3068
1979
995
2279
7696
7025
1374
7753
7619
5338
5840
1477
4422
7447
3413
7063
8145
2377
170
471
2071
7836
504
5314
4689
6977
3617
7739
675
325
1928
1922
4400
5227
7478
7405
1097
7304
7562
1883
3305
3100
7779
7628
3743
4643
972
4121
1464
8166
7984
4818
3979
5690
5999
6527
5733
3346
6661
5891
4003
2283
5245
1988
4373
70
4329
6121
6677
358
7036
165
538
5338
5999
7180
17
1881
3111
5037
108
2629
5743
1006
169
7615
3589
7566
5778
5801
5019
2309
5448
5791
3785
4874
6770
7305
1028
5667
4317
1834
8074
5395
167
1488
4591
389
2251
2119
4400
4175
504
1502
2021
6320
5724
5997
7003
1062
4264
3861
2736
3785
7070
932
7901
3916
4223
2080
6814
4259
3857
5997
1815
5174
170
3934
415
2699
4907
2105
7507
5132
250
6511
591
2446
2898
4391
8
5020
7877
4667
6060
1588
7167
5066
1615
3331
8006
5577
5024
3836
4929
5868
4116
4727
3690
2648
606
1686
6167
2453
518
2446
6163
5024
6656
4464
5949
1103
2811
6031
2737
6348
1431
153
7073
5065
7316
329
343
606
4610
6778
8168
3297
4648
1087
5408
5497
2257
3205
6656
8004
7085
152
4027
2353
4039
5736
7642
2910
7429
3224
1997
2796
8021
283
4796
3647
560
3792
7572
5357
4190
184
945
1741
1216
7230
1467
4004
7548
17
7431
2173
4983
5516
3666
1599
7484
1861
8126
7533
3148
4798
2489
7901
5378
4329
1581
243
334
4971
5596
482
5478
6480
4245
7898
1077
3714
6482
3401
4372
832
1522
3331
5817
3752
866
974
1525
1937
1976
3586
4716
7872
4644
3682
7585
4643
308
5948
1049
7527
3136
4088
5520
2830
3012
5022
6536
7209
1075
1467
5595
2737
2280
1412
1885
2981
4863
3676
3544
5370
2246
843
1527
896
255
7297
5982
3993
7445
5219
3522
1840
4316
4203
2768
7277
7893
119
3006
6112
7237
2777
6746
3503
2101
5528
7889
3213
4547
7980
3934
2266
2984
7886
806
3352
4350
1164
5961
2094
4307
7140
6498
1631
7241
7746
4971
4431
181
6664
2442
7945
7699
2661
1087
7414
3491
826
350
3939
7495
1095
32
1099
8060
4484
5120
928
3914
2987
4852
7093
5623
6384
3240
7784
1978
2898
3879
5613
2993
6605
5601
4873
5504
3847
7449
352
5978
1008
2637
3405
1717
7844
5275
5332
283
8025
6945
3675
4175
7028
968
5484
8000
8025
5668
4043
2076
3222
6091
374
1426
4382
306
5088
5426
135
7450
1713
6319
3629
1140
2591
3715
8162
829
8044
7664
6619
2464
4701
5161
3022
21
6590
1650
1466
3176
4743
190
5448
7699
4530
3077
3927
6394
1855
6464
5709
6925
5210
2884
1670
1732
6819
763
3168
2110
789
3985
2923
4640
4920
1238
3220
1064
1234
1858
491
1706
3508
4317
3742
3346
2459
4100
7561
2424
973
1582
562
6465
5068
562
7840
1961
4861
409
4093
1565
6954
1948
3350
419
8117
1270
4479
4958
2343
695
7454
7856
200
5997
5300
1716
3096
552
7660
4422
6321
258
8092
3244
2836
6205
1466
6998
2634
372
7822
4297
3207
3610
1659
1730
5097
7706
3959
188
418
2650
1734
2607
7155
7294
184
8160
1227
1159
3459
3464
3975
3542
2867
1583
8
1729
5782
7233
1254
7435
2056
3347
259
4472
7892
2062
4689
3834
3284
1593
3124
5820
773
3376
5118
3993
5489
2796
8117
6496
3842
1834
3783
1589
4830
3085
6135
4165
1795
3432
2349
7356
4018
7218
852
1714
243
2066
4011
4329
2389
4103
2976
1160
4525
1642
7859
2860
5911
2400
7692
5653
3282
4511
600
4000
5265
3002
3677
137
2069
3896
1539
5024
6012
4077
3321
539
3643
1075
3510
2523
1711
7615
7829
418
1032
5482
4951
422
317
876
471
6059
718
3713
1740
5857
2410
3298
566
2420
1666
2308
3661
511
24
5450
1576
5871
1623
606
2561
2800
4797
7656
6701
2339
2671
7823
4926
423
7747
1008
5310
2167
6869
219
4594
5762
3960
733
2112
1336
5107
5142
3551
2405
96
2493
6879
7654
7679
7153
3307
7806
3577
5701
7214
6756
3515
2934
4251
8021
3732
5534
5979
4060
4880
4536
3224
5655
3713
6179
372
7615
3084
3581
340
3732
3290
2309
1467
1280
1204
5576
