0
0
0
8
0
3
0
1
7
3
0
1
0
1
0
0
2
10
0
0
0
2
0
1
0
0
4
3
0
0
1
2
0
0
0
0
0
0
0
0
0
0
0
0
0
0
0
0
0
0
0
0
0
0
0
0
0
1
1
0
0
0
0
0
3
0
0
0
0
0
0
2
0
0
1
0
0
1
0
0
0
1
0
2
0
0
0
0
0
0
0
1
0
0
0
0
12
1
0
0
0
0
0
0
23
1
0
8
4
5
0
0
0
0
0
6
7
0
1
1
0
1
3
1
0
2
1
2
2
1
1
2
2
0
3
1
3
2
0
4
0
1
0
0
0
1
0
0
1
1
0
0
2
0
0
1
0
2
0
0
2
1
2
0
0
0
0
0
0
1
0
0
0
1
0
0
1
1
0
0
0
1
0
0
0
0
0
0
0
6
0
3
0
0
0
1
0
0
0
0
0
0
0
0
15
10
5
1
6
5
30
3
0
3
3
2
1
26
0
0
0
10
0
2
8
8
0
0
0
1
0
0
0
0
0
0
0
0
0
0
1
0
0
0
0
0
0
0
0
0
0
0
0
10
0
0
2870
4131
3085
1684
1097
610
7921
2803
6486
4318
2671
255
7258
5702
3986
4472
6208
5857
6147
514
4950
932
5468
4742
846
1820
747
5680
7239
7941
2385
7211
8132
6433
5659
4397
3988
6398
1596
7473
2314
2034
6861
5839
4950
7121
7591
1093
7557
846
7285
6012
1309
4362
732
4007
1224
5332
3911
6303
857
1965
1286
2231
3987
6208
1893
568
130
5346
7498
3221
2314
2441
3943
5910
2829
6156
3051
2945
1347
2759
2933
6802
6291
1761
5215
978
1596
4858
491
2429
2308
4424
6359
3144
8163
7784
7613
5688
2430
44
2261
3751
6599
2460
5354
4395
2346
5534
3604
7960
1145
3724
5753
1351
7604
1436
1077
4877
2462
1911
7209
7327
244
6159
5003
836
5877
2178
4950
850
7571
5242
740
6687
5704
7224
4354
3419
1253
7649
6574
7221
7357
1631
7766
4149
3417
6311
5115
2501
5486
1685
930
6846
3177
1212
2312
4574
1111
4487
3312
2894
5315
8040
2907
6020
4223
4245
4895
5252
2171
3791
1289
1522
4819
2254
572
3509
2488
6777
2233
4402
148
7909
6748
813
1183
4092
7262
7210
7422
3848
5769
5143
2591
460
5998
1473
1589
5440
2073
2331
2300
1260
1780
4099
4050
4874
338
784
947
1767
1605
5984
3401
1599
1260
2376
3427
5733
7518
7251
3979
521
3394
7755
2496
3729
5806
4563
2734
7676
2274
8013
5256
6949
2753
4755
2569
3785
4140
5659
7173
4624
2858
7982
4846
6056
1431
8160
981
923
3560
3215
5417
1206
1350
507
4608
2922
5290
5149
3548
4460
7299
6191
8039
2734
7441
6042
5050
2254
4061
1732
708
7534
7829
7710
5638
6234
7591
6131
7852
4201
6949
6862
116
3975
5422
2060
5372
3245
8060
5202
2757
4864
3766
4
10
5164
4741
819
2254
3668
803
653
2815
7075
765
216
7845
7056
8040
1170
4583
6857
6200
6322
4874
3933
8105
2444
6249
6110
2418
4824
2331
179
2614
6656
3910
1074
5458
2968
55
2569
2979
2233
4690
904
4435
6027
2685
1970
1418
7056
6876
4178
1923
7588
572
7691
3564
444
2916
4482
1462
4323
3778
402
2933
3427
7373
7950
90
924
3174
787
2723
7976
7787
2690
3353
7785
1241
852
1428
4273
1989
3325
2583
4094
34
2765
3131
7134
4526
1196
4153
8081
7136
2910
7058
5822
3948
347
1958
3516
3941
4837
7070
3072
6241
3132
1520
7023
55
7
5230
6172
1584
4153
4362
3988
1091
4199
6812
1406
6040
8081
2716
5883
4344
6932
7443
5371
2220
1125
258
2270
4836
471
572
5494
2447
603
1387
2973
5867
297
1928
5230
4780
2685
7518
4724
3144
6416
5869
6054
1173
5808
7911
705
7819
4217
6907
4643
3101
6800
8027
6983
1208
755
6623
6848
4997
2177
2429
7196
6114
4310
2805
7505
4150
5695
7220
1437
5764
7083
246
6692
3244
4112
7723
90
492
7839
4796
6696
5647
6739
6640
4033
2735
2070
903
5260
3527
6739
3721
4482
102
1385
3535
1031
6748
4009
4240
3115
4868
666
5224
2457
4703
5086
6139
6450
3841
7207
550
650
5147
4209
5938
3960
3667
3335
7210
39
7134
5232
6571
4211
1585
5608
4860
4963
4898
1402
206
1686
4753
7313
3481
8162
7154
4172
4080
1660
2595
7860
705
7234
8190
169
4232
1998
4521
2735
7148
1253
7154
5225
2544
194
7497
7539
7746
5943
3721
2351
6321
7209
2318
6652
1163
6186
3051
2716
7196
7281
3510
4074
3834
5335
6674
6668
6645
2792
3949
5197
4824
705
951
3257
726
7745
5054
3677
5194
7217
8032
6124
7393
1982
5557
7286
2979
672
7857
869
1929
2379
7039
2221
6124
687
1377
1780
208
317
4756
2501
248
6645
5402
6843
248
6188
24
3728
3522
4066
6739
2643
957
2949
5739
2194
2948
1536
2277
3185
4703
1919
1954
6458
2246
1009
7916
4445
3560
3759
4845
1935
7167
7143
5938
3096
1595
3995
1733
322
7330
7798
5054
5577
3879
6172
807
109
5739
4800
6124
6823
5667
4394
2538
3051
2294
4789
5909
508
4377
6292
6406
7975
8048
3826
2364
5764
1961
6210
2094
1217
7723
6253
2429
24
3358
7739
3257
1864
1581
5175
4990
4468
5951
4537
4021
5985
6913
2429
3988
6549
5878
6040
5396
8112
6578
6915
7334
1127
5898
4682
2458
4632
625
194
7845
913
4672
8081
2741
6527
4623
625
2967
4112
1773
3237
683
6841
3238
4953
4361
5440
1416
1753
7751
7638
3077
3824
6265
178
2457
1599
725
8064
1900
6950
3166
1473
6437
1234
1003
1907
1009
7234
7902
254
2677
1287
2925
2004
6642
6489
43
4946
706
4031
3340
7012
2679
5867
5609
6121
297
4343
6356
4769
1046
7962
7911
7243
1850
4820
7880
5259
797
6031
1544
2601
8174
5044
5708
7303
1989
7389
1971
5627
4082
1273
6437
5227
30
826
109
6371
6540
1754
1952
4396
5325
4160
7340
4640
5708
5867
2119
777
1709
7739
7237
1497
3284
2476
6652
6514
676
7877
1971
123
4362
4874
665
6141
3567
7915
1029
1716
217
5058
1835
727
6437
1688
1848
7725
4796
320
625
5892
5975
6073
7762
6416
532
5510
323
1704
439
2124
921
7136
2471
5499
6784
4920
5882
6615
1704
204
280
7575
2454
1748
845
5149
2979
1428
2548
3650
7785
4623
5862
2830
7316
553
5870
6131
802
1965
1105
248
1899
4395
7584
2922
3245
3791
7523
4178
5483
311
3519
6201
6377
3610
6483
3391
54
5464
547
254
5272
5993
4590
5713
6904
4688
6980
4619
1129
1029
1103
7384
7389
8067
983
4407
5865
203
7915
2002
1979
1494
852
2209
7711
4031
5232
4984
705
1479
2372
7415
6756
615
1430
5527
3706
6437
3430
3854
457
3876
6031
2576
4851
5350
343
4777
2673
7443
4796
675
1217
6735
7985
3319
4556
4976
675
4273
852
1646
6103
4011
5255
3753
4837
4729
1382
722
5083
533
23
3142
1040
7048
5248
1285
2517
5816
7998
886
4175
7816
6009
6441
7154
6326
2473
8185
7230
5092
3434
7722
6827
6307
