0
0
0
9
0
1
0
3
11
1
0
1
1
2
0
0
1
5
0
0
0
7
0
1
0
0
2
3
0
0
1
0
0
0
0
0
0
0
0
0
0
0
0
0
0
0
0
0
0
1
0
0
0
1
0
0
0
0
0
0
0
0
0
0
3
0
0
0
0
0
1
1
0
0
0
0
0
0
0
0
0
1
0
2
0
0
0
0
0
0
0
0
0
0
0
2
10
0
0
0
0
0
0
0
23
2
0
6
6
4
0
0
0
0
0
3
4
0
1
1
1
1
6
1
0
1
0
3
2
0
1
3
0
0
3
0
0
0
1
6
0
1
0
0
0
1
0
0
0
0
0
1
0
0
1
0
0
0
0
1
2
0
1
0
0
0
0
0
1
0
0
0
0
0
0
0
0
1
0
0
0
1
0
0
0
0
0
0
0
8
0
5
0
0
0
0
0
0
0
0
0
0
0
0
18
7
5
4
3
2
25
2
4
3
4
1
4
23
3
0
0
11
0
0
10
14
0
0
0
1
0
2
0
0
0
0
0
0
0
0
1
0
0
0
0
0
0
0
0
0
0
0
0
10
0
0
1443
626
5448
7180
3443
4046
5810
3901
8145
6165
6427
8145
7405
2271
5024
7474
2894
1944
1234
1473
1622
4080
6139
3661
3375
4021
7755
1105
7673
601
6650
4881
421
5175
1944
978
5921
5092
752
5690
3558
256
5750
2848
4830
2868
3155
3131
3117
6520
4245
1577
5962
6141
2346
1900
6999
35
6761
1958
1253
5099
3834
5629
69
5887
743
541
156
4275
4441
1752
100
6204
6337
5497
4776
920
2973
5470
3152
6262
1358
1995
948
3077
7241
4515
7887
1348
1130
421
1733
5730
5242
1660
5024
4192
2984
8031
282
2920
5444
615
4415
4307
3439
3536
2980
2370
4628
5145
7187
2539
840
3680
2266
5882
6175
5887
504
3682
6307
6124
811
7051
5249
4091
3747
5889
6108
5749
288
2844
7576
1046
3403
3828
8145
5504
1722
2353
3947
1823
338
7478
880
4346
2798
2945
4056
6167
1105
3171
2563
4934
6108
1532
288
1125
5272
2199
951
584
1600
8028
5091
5769
7640
4085
7793
6739
8125
4897
3477
2254
6761
6767
7906
4585
270
355
1011
6344
731
1250
1812
7374
229
2459
3320
959
7091
5019
727
7926
6791
764
4021
6068
1695
2935
2365
5307
7600
1208
3947
3785
3401
3895
60
5740
3568
4509
1755
7604
2448
4858
5402
7207
109
7063
6460
7746
2130
4735
6879
1164
5997
4391
1589
49
4392
2007
6719
676
1730
3364
4892
1823
2254
5434
4902
171
2791
6716
1797
35
2665
6843
2076
4270
5419
1177
5707
4884
4926
999
5571
7784
6735
4881
6195
1038
7279
5971
6228
1788
5182
239
1595
686
1213
5956
7693
2605
1847
4847
1841
7732
460
5627
7048
4087
4475
1776
5005
7046
6669
3752
5403
2286
2157
7494
3168
5965
6310
5382
2119
5481
2846
3142
333
5949
513
2300
7607
2884
5716
5743
3003
551
4088
7377
3753
7997
1664
138
3850
6730
1057
7956
7722
784
1300
3441
4021
6995
5840
285
6948
5687
2446
2142
353
1430
6350
4716
6312
1744
2968
6353
5273
354
779
6389
3706
6758
5694
7123
5005
6787
1617
5118
7886
7795
1620
8160
2676
5661
7405
6796
1270
1964
7748
30
4000
526
1590
5384
5323
1345
2066
1534
2152
6756
5725
1414
6851
6068
1937
811
7814
1580
508
2811
3764
7908
848
7234
4290
508
2907
1658
5910
4340
6677
1443
2710
6864
6744
6484
3127
4740
632
2554
5365
5566
1775
8121
5092
2236
7804
4248
5856
5472
5258
5896
6978
30
5171
7882
3722
2956
4628
7662
1787
568
6320
1968
7062
1767
6256
5915
7879
5292
5628
110
7685
7913
2253
5840
5402
7757
674
632
5134
703
6481
335
2541
5803
5385
921
6793
881
4504
7223
592
5514
4099
2162
999
7582
1129
691
1096
3460
3572
41
5810
1473
2635
7029
4396
5625
7855
2295
4790
5218
3386
2629
5447
5724
7520
7307
7030
6506
3816
7591
1824
5874
2377
6158
6176
1824
783
5184
6405
744
8006
7142
1769
2006
7384
4270
5227
1236
1725
5857
7476
54
5232
2835
631
7408
2464
4275
6776
5283
1216
6743
5833
6393
7588
5467
1803
1620
3106
6358
1167
3225
2545
5351
1137
248
2894
1576
4070
6810
563
5255
3043
2549
8065
4049
3959
2049
1023
746
5531
2494
7019
7520
722
1139
432
5698
2686
6789
6460
4656
4755
17
3135
1320
7776
2049
3722
5419
2105
272
1159
8162
4953
432
845
5019
7868
245
5856
2135
1129
5024
6124
252
4340
3397
3892
2488
258
585
5484
4860
8036
3072
6849
2464
2983
7811
4990
4372
3002
7316
5471
2786
7885
2130
3326
5531
7389
4914
5928
1761
5829
3676
1660
3330
1899
2624
574
7474
6121
1095
5236
5307
4165
860
785
1023
3639
7074
3007
6876
4946
1698
3405
8036
3368
7287
2327
7463
5363
3680
7592
4609
2738
851
740
919
1392
2639
2331
1034
7697
3038
1424
6202
1591
1328
671
3059
5000
475
3193
3059
2483
744
4080
3242
5855
2228
2713
5566
4561
4729
5809
2532
1776
1741
6443
7806
8026
6656
1288
3206
6301
6980
4452
942
6453
709
2665
3238
3006
1858
8153
2354
5290
2371
5514
5736
4721
2884
6176
3790
5482
4290
684
2198
7421
2478
3247
3176
6480
4645
4387
6267
1659
6980
4342
6233
424
354
6047
4624
173
3378
1395
6346
527
5246
4031
6680
3145
5819
4216
5226
6237
6895
5167
7913
7491
505
714
566
3963
3435
4860
337
5145
1823
6535
7982
2468
5647
6283
1804
6967
4343
7499
449
1223
2134
1699
2907
4017
2378
1824
6583
951
7398
919
7823
4857
4303
7981
4091
1200
6214
7702
78
338
1823
5916
7982
7607
3111
8082
139
3651
3602
5620
4058
746
1606
4812
2062
2002
3712
7645
3790
1024
1478
6068
3732
1767
5077
5549
562
3759
3371
1535
2643
6234
6980
3575
5520
6081
360
3074
4863
5911
3824
1608
2993
4926
3995
3710
3763
3371
504
7011
3650
5894
2891
634
2316
1464
5679
1464
5752
5532
4967
6726
2917
3100
211
2254
514
1306
4373
6726
935
326
3086
6221
4173
4489
474
1847
5255
3443
4017
5735
1658
1062
7782
2273
7140
1728
5885
2239
5534
1923
4633
616
4779
7911
2130
250
1114
1149
3387
2870
1890
1519
6266
4562
2482
903
690
6808
7436
902
5682
1130
7223
8025
2800
1554
7642
6160
4934
7980
2583
1226
1140
2386
5299
5969
7251
1096
5560
3122
7517
5172
122
5679
4091
4396
3620
2279
4373
5222
3390
6622
4187
4568
1243
8021
2028
1110
534
819
4031
3832
7779
4863
2449
5466
6214
1352
4267
3805
6052
2957
6706
2690
7408
116
6059
7110
5013
4164
5928
6488
531
425
2986
985
2815
3386
2805
2577
1890
4594
4522
4475
5997
3696
6626
626
2236
3025
1617
930
7127
7389
2615
6563
2168
899
1285
8023
7384
764
5214
7679
3631
5619
5077
4914
5531
753
2639
1047
6294
5272
3623
2968
2466
8100
2459
3220
2119
5582
2464
1601
7427
6256
4796
4484
5409
3418
2736
6041
675
2489
2958
1217
1765
3389
924
