0
0
0
10
6
9
0
1
10
0
3
2
0
1
0
0
0
0
0
0
0
0
0
2
0
0
1
1
0
0
1
0
0
0
0
0
0
0
1
0
0
0
0
0
0
0
0
0
0
0
0
0
0
1
1
0
0
0
0
0
0
0
0
0
1
1
2
0
0
0
0
0
0
0
0
0
1
1
0
0
0
1
0
0
0
0
0
0
0
0
0
2
0
0
0
0
6
0
0
0
0
0
0
0
21
1
0
9
6
6
0
0
0
0
0
5
2
0
3
2
0
3
6
1
0
1
0
2
3
0
1
4
0
0
3
0
0
0
1
0
0
0
0
0
0
0
0
0
1
0
0
0
0
0
0
0
0
1
0
0
4
0
1
0
0
4
2
0
0
0
0
0
0
0
0
0
0
1
0
0
0
0
0
0
0
0
0
0
0
3
0
7
0
0
1
0
0
0
0
0
0
0
0
0
10
8
7
5
2
3
23
5
1
6
3
3
1
16
1
0
0
10
0
1
1
3
1
0
0
1
0
2
0
0
0
0
0
0
0
0
0
0
0
0
0
0
0
0
0
0
0
0
0
10
0
0
7280
6361
4857
6945
17
2978
422
389
7665
678
4509
486
7205
5436
8122
6557
6494
6638
5150
1635
2736
6452
7673
5798
4248
2760
1209
538
4223
6414
7223
3542
6836
3468
396
7113
5718
3625
1037
8176
4762
440
1863
7539
7673
6541
1761
3125
5597
4611
1208
3880
7063
7673
1075
6745
1543
353
3860
437
4227
1131
139
1787
8106
1773
7451
5317
5220
7089
5484
4482
3238
973
6864
2835
3207
2519
5597
5769
4132
7713
3688
4243
6164
5798
2756
4398
7556
4547
5071
2988
2867
789
5165
6258
7484
1645
3240
7448
1060
163
211
6985
5857
5251
1894
5591
7190
7514
6153
4440
4212
5251
562
1782
6284
5705
4988
6112
1284
4535
7445
2397
4655
4212
4575
2896
7907
764
6587
1230
5643
825
6582
5850
5018
605
1628
377
5279
7521
7147
4144
5366
1708
2534
666
4769
7797
2759
353
3081
3783
7297
6336
3696
3282
5650
6258
2357
348
7190
2460
1863
6183
574
1378
1273
2482
4231
622
7405
6172
3053
4113
3657
4767
6996
5672
3574
6123
2600
353
4664
4920
1543
3254
935
5037
2061
7596
4712
3468
3293
5608
341
7158
7413
4339
3438
2007
7044
3784
4888
4489
3915
4244
2213
8076
2720
3029
3859
5903
5466
3559
6170
4664
2420
7981
7131
2602
6358
5382
4712
2676
2209
2108
2577
432
4997
6762
1060
6816
3880
1351
4119
6168
6112
3696
7981
4275
2397
4524
7195
5242
5466
3081
7297
5404
6225
7131
2482
3820
5276
783
7358
3989
1073
1990
14
5735
7732
5551
5497
922
7375
7005
972
5474
3333
7388
5716
6371
7614
2727
5683
4673
2135
4873
4165
1898
3612
2135
1558
762
5223
3673
7223
6104
1980
258
3372
2777
3467
5619
327
5174
7127
2888
5809
1403
183
1551
4947
8178
1273
1958
3508
6282
7237
1151
4042
5284
269
3562
6971
1898
3038
3585
4712
7013
4053
2001
389
1004
3068
559
6517
8122
269
5842
997
1133
3122
6676
7859
4360
1991
3077
3672
2129
4664
4873
6485
4547
7799
1722
7073
2122
7098
4867
2896
3741
415
4517
6175
6135
3947
7533
6404
5746
6850
545
5182
538
4227
4827
6816
4946
5262
4916
1468
4165
4165
4891
3082
4904
3081
1914
5011
4401
8167
7269
8025
1345
3840
825
631
4202
1721
5579
5886
1281
4129
545
4323
5987
4183
2760
718
3948
2291
3622
5314
4165
2135
7323
1678
621
1256
7351
3496
1048
4492
6979
5279
3188
3551
1448
6696
896
4192
5522
6282
2785
2308
49
5496
3122
2184
922
562
2251
7060
1766
2634
4641
2090
2867
4029
5666
8122
3770
3819
4100
4578
3468
7673
4256
5487
3567
1243
2343
1571
2562
6661
2851
1021
4670
7598
2314
219
2723
4323
7793
5585
2274
4992
4200
2570
6545
2187
1528
3778
7628
2643
4532
6619
6365
7413
3317
7713
580
4086
5181
1351
7158
4845
6186
7684
658
3389
973
5373
4086
3403
6814
447
1069
3733
4985
3693
100
7388
1427
6816
751
5291
5822
7882
2538
2257
6661
7667
3122
2762
1053
3403
2368
4655
6519
718
478
7029
3105
4264
3782
7748
2708
447
718
2384
2708
4428
4196
2529
4547
404
733
2175
765
979
6626
7332
5963
1337
6754
3038
206
5569
7534
3559
7905
6972
4563
1285
7372
4874
6335
3696
269
2572
1277
7607
5599
437
6519
2376
6482
4655
5614
1238
592
348
2483
1619
3494
5230
7804
4874
1070
6383
7843
5716
1938
3468
463
1678
6979
2066
8
914
225
2063
5585
7651
5450
922
4435
6398
5011
3244
4202
1852
6635
6233
896
6541
2572
922
6463
5230
7751
6817
2485
353
4243
6980
1119
4664
922
4949
7940
595
6906
7644
2572
2485
1678
3165
2975
5498
1425
45
5408
598
6958
6587
3071
6961
7800
7388
768
3333
6734
4535
3568
3003
2951
1678
1284
7905
7905
1151
4949
505
2988
2986
1544
1594
3668
3625
1447
7405
3174
6076
2960
6395
3207
592
2325
1776
4863
4844
6126
1813
5328
5716
5233
527
2860
2534
2572
6519
6661
238
4042
968
7063
3427
7868
4766
7940
4115
5742
5850
7194
481
7673
6913
5367
6553
1934
2851
2165
5466
3548
1283
6593
796
4815
4958
7645
5479
5618
7237
3770
67
2284
7799
6208
5486
6828
6189
5878
4428
3501
6013
3690
2202
4139
5229
1932
2547
1937
7484
7205
6317
94
7167
7432
1869
4455
49
1069
2867
4547
2583
187
143
5279
6714
2353
850
4450
6284
7406
372
3174
1157
2232
7967
5520
2364
1425
6593
501
4475
779
848
8139
4535
2504
5231
4061
5291
3317
2511
6430
5546
4774
3271
169
7144
1113
5793
1313
283
6548
8025
6457
5428
5324
1530
7379
4058
979
5750
3747
7665
4643
6174
3370
846
1290
94
4112
7233
6914
562
6354
3378
2777
6696
3625
3044
6236
3700
461
4341
4053
7451
5663
3071
7160
5335
4388
4202
6945
7325
2111
559
1513
2472
6296
7255
3410
5569
1753
7146
5535
6816
1104
4373
5561
7742
6548
6730
5895
1075
5540
5619
6476
5418
8
3240
4480
6689
6305
8167
5579
2791
1270
1195
7545
789
3770
1841
8
7695
4398
6557
6225
2643
1747
1283
1818
7063
5693
6203
955
2589
45
1948
2533
4087
3585
82
2202
3123
6066
4196
6135
7916
1063
2458
363
979
960
3317
762
2089
4110
2404
2133
545
505
1988
5618
896
4210
5520
2490
3953
4442
3308
5250
94
3888
5124
1948
6635
5155
3000
2304
2184
4199
1345
6449
5623
903
7898
6170
3542
4707
4670
3690
4888
3220
1209
7419
348
649
4229
8106
854
6359
1506
2439
5708
6943
1331
6590
7482
7479
1935
6556
4702
2325
234
5714
6945
7203
5822
8019
4094
6481
3477
6818
5748
5321
1085
7449
7200
7014
164
6989
451
3790
7596
2569
7063
1607
2447
3004
3352
4580
939
468
4094
1787
5580
167
6639
5453
5558
4857
5744
5268
5840
7974
1471
7162
2512
4644
2343
6677
5079
2446
2826
4869
28
1542
6828
3145
1672
2494
2063
8050
2552
2584
6553
6060
