0
0
0
10
6
7
0
2
10
1
1
2
1
0
0
0
1
1
0
0
0
0
0
4
0
0
0
3
0
0
0
0
0
0
0
0
0
0
0
0
0
0
0
0
0
0
0
0
0
0
0
0
0
0
0
0
1
1
0
0
0
0
0
0
0
0
0
1
0
0
0
0
0
0
0
0
0
0
0
0
1
0
0
0
0
0
0
0
0
0
0
1
0
0
0
0
7
0
0
0
0
0
0
0
21
0
0
8
7
4
0
0
0
0
0
2
0
0
2
4
4
2
4
0
0
1
0
1
2
1
0
1
1
1
2
0
2
3
0
0
0
1
0
0
0
0
0
0
3
1
0
0
0
0
1
1
0
1
0
0
1
0
1
0
0
1
0
0
0
0
0
0
0
0
0
0
0
1
0
0
0
0
0
0
0
0
0
0
0
4
0
11
0
0
0
0
0
0
0
0
0
0
0
0
10
7
8
5
4
2
24
0
0
4
2
0
3
13
2
2
1
11
0
0
0
2
0
0
0
1
0
1
0
0
0
0
0
0
0
0
0
0
0
0
0
0
0
0
0
0
0
0
0
10
0
0
684
5883
1125
6451
467
2276
2252
4338
7259
568
2376
5902
3820
988
7283
5687
3816
246
659
6571
1732
2422
1265
1235
5546
4912
3747
5147
2493
3235
1203
7548
2615
1106
536
6389
4588
5172
4801
5445
921
4190
1856
5124
3375
4079
6884
4467
7865
3180
4878
5189
1707
6259
5363
8146
625
2423
3439
3165
3519
7196
7910
8087
3524
7259
6256
1391
6077
4366
2848
1041
1171
7545
6454
570
7363
534
4792
2504
3119
2104
2632
117
5552
3965
5650
3836
7656
5705
536
283
5558
7101
3162
359
2707
8109
5995
1004
3471
7127
3405
5853
3468
6969
7708
3209
1794
2697
4895
4628
1776
2714
5012
2787
448
2077
4236
4170
1412
1219
3220
1697
449
1025
447
1952
6112
6639
7799
7814
3963
9
4384
7720
174
2585
1917
1478
7075
1798
188
2397
4955
1976
4147
6248
617
982
925
5466
1018
938
4664
3448
8187
4401
2494
3006
6642
4200
2447
2149
4202
1364
3800
7235
3829
437
3584
1669
4577
1823
1332
687
4594
1666
4205
8076
8150
200
3491
155
5403
3947
3220
7595
4039
448
5584
7345
5769
6558
6107
6958
877
728
6154
335
4150
3132
1899
5099
4479
572
696
4457
4242
3366
6433
7793
7406
7527
3469
313
2949
2173
6162
215
4342
1417
3966
6649
7613
5969
241
5471
6357
672
7752
978
6722
4785
1644
8150
7035
7093
692
7985
4077
6128
2643
3738
2599
4947
3327
8014
491
7308
7320
5577
4598
5652
7454
7437
4618
3284
4031
765
5188
244
5520
4245
810
3602
5338
4210
6257
4220
4501
2858
3247
7487
7062
5390
7729
4221
1166
1453
5267
3124
3998
3946
53
116
5553
2811
7974
820
4813
626
916
7277
6809
5449
5767
395
4712
7822
7791
3358
6770
838
196
4756
1894
2412
8013
6269
2302
7305
1229
8029
629
6645
6784
6730
5494
7131
4290
5029
5495
4091
6605
7249
1288
1752
856
4203
422
4202
4140
3788
30
1519
3518
780
2933
6697
6444
2882
3653
6816
2870
4600
5899
6321
3589
7923
559
7116
810
2549
7583
5206
5984
4261
5577
1926
4809
107
4871
6605
725
2333
926
7546
7956
4307
6716
1825
4659
5139
2759
4767
2569
2039
3303
7903
778
5801
3627
2489
6183
4706
2068
7445
4381
3771
5997
5116
5459
7766
5872
3195
3056
1620
4569
3332
5052
5110
2052
2691
2791
5124
781
1860
2754
2710
118
7746
284
3577
5850
446
5572
6513
2735
4791
7957
5214
7626
5833
3166
1927
1106
6263
981
1659
5703
7034
5256
1766
2301
3419
4576
314
1624
2303
7063
5934
3669
4857
4007
82
3276
4052
5821
2790
1937
391
3571
5556
4239
373
4896
3574
4876
2938
217
216
1792
3462
866
3469
5085
7717
7146
6863
5361
5274
6396
6351
4319
6770
4950
196
6090
8151
7684
8070
1003
2193
5826
871
6989
5989
7067
6571
3326
311
1753
7333
4151
5991
6041
6968
3124
6119
7452
2557
1422
4719
7872
979
6168
4348
3372
1869
7081
1315
7191
92
5983
480
5750
294
6060
6549
5223
3871
6554
1539
1195
1622
448
4873
3927
29
5086
5748
2777
7452
2922
5681
6276
2918
1301
4774
6017
5609
5090
8147
7003
5130
2560
4639
7003
4306
4112
2568
5608
6322
575
7443
894
3945
3639
5786
5584
6011
2833
4046
6616
7788
2830
3600
5422
1787
5403
2324
5800
7514
764
3196
1352
4628
5875
6433
227
7085
1860
377
267
5606
5132
2510
1279
3248
4656
3320
3876
1850
3258
7782
3844
4628
5782
3161
5439
2754
6921
5582
5301
7479
585
1831
1097
6749
6937
3668
3497
4083
5859
2472
1894
6418
2324
1148
2627
4731
491
639
2364
4645
1885
5817
2844
3410
3524
2988
5540
7136
3708
9
5481
6024
5838
1550
2050
5846
3253
1697
5995
1944
5908
8026
4357
5473
1802
6699
6905
7989
6902
6454
5730
7681
5083
3911
2602
3048
1071
2860
7452
3048
1688
3956
8151
4854
1385
606
3733
2471
2270
7995
3711
3647
1455
856
2427
5673
3567
856
3382
6433
7138
4256
5743
988
6386
6348
6409
8058
4563
4568
1716
3978
2215
80
6861
3393
8032
6789
2533
3752
2208
5850
4864
7527
6674
839
2517
3866
1922
5504
5504
3688
3807
3920
4736
7866
1227
6988
3748
6176
5949
3776
5889
3415
6761
5698
5256
3911
5125
6744
7923
15
4793
7314
5527
1301
4707
5018
379
1995
7946
3117
1247
6722
5184
5310
6760
4542
6469
7761
5842
5594
7438
723
534
4556
2157
3566
1523
7983
3254
1666
249
2134
3515
7366
1047
7728
1755
2856
3959
7898
2366
4580
393
2080
98
2049
4741
4543
5010
2215
5520
396
6484
2591
6380
5614
7850
1527
117
1360
6801
1613
5252
2128
7962
7742
4067
5155
5125
4158
6557
3697
2990
4060
5537
153
79
1856
5738
2753
1522
3752
6452
2830
4484
4997
7487
586
6012
7724
7010
5511
4762
7323
943
5144
6493
6633
2150
1817
2311
3702
4112
6715
1584
5994
6801
2677
3620
1094
2303
1535
3327
7706
4931
213
2428
2962
2803
7681
6210
3646
5843
2095
1083
842
584
4516
2946
7897
7104
5326
337
1954
5911
3162
4293
8031
1181
7577
2115
7882
6944
7538
7183
3136
2401
4598
4628
1015
4182
7376
7820
886
7742
5430
391
1550
2284
7447
79
425
1917
4618
4947
15
4178
3599
2198
1131
1980
2803
4991
655
5351
219
6891
1799
6226
3779
486
2957
1067
1990
5301
6454
6643
5019
1291
4264
5283
6643
7517
2686
3101
1281
7037
7600
6005
3499
4256
4594
7070
2688
5693
1181
8054
5899
2800
3753
3159
1962
3847
367
4442
2957
460
5456
4150
5371
4436
4129
1652
2772
1850
1595
6157
4655
2351
921
3428
3092
1050
6002
1349
1650
5343
585
479
7728
4813
5687
2854
1992
5663
5873
6543
8191
6482
4856
1650
7771
4531
8191
7995
3215
2583
3585
2918
2127
7107
1060
5363
4010
1645
6309
3642
5184
2957
5654
2210
2248
1124
8138
7367
1130
3448
3130
7449
5911
6662
3326
7879
5487
2284
2508
