0
0
0
10
0
8
0
3
9
1
0
0
3
1
0
0
0
1
0
0
0
4
2
0
0
0
0
2
0
0
0
1
0
0
0
0
0
0
2
0
0
0
0
0
0
0
0
0
0
0
0
0
0
0
0
0
0
0
0
0
0
0
0
0
2
1
0
0
0
0
0
0
0
1
0
0
0
0
0
0
0
0
0
0
0
0
0
0
0
0
0
1
0
0
0
0
7
0
0
0
0
0
0
0
17
1
0
11
7
1
0
0
0
0
0
0
1
0
1
0
3
2
7
0
0
2
0
1
1
1
0
0
0
0
1
0
0
2
0
0
0
0
0
0
0
0
0
0
2
0
1
0
4
0
0
0
0
0
0
1
1
0
1
1
0
1
0
1
0
2
0
0
1
0
0
0
0
2
0
0
0
0
0
0
0
0
0
0
0
2
0
8
0
0
0
0
0
0
0
0
0
0
0
0
9
1
8
5
6
2
25
3
0
4
0
1
0
23
0
0
1
10
1
0
0
2
0
0
0
1
0
0
0
0
0
0
0
0
0
0
0
0
0
0
0
0
0
0
0
0
0
0
0
10
0
0
5340
1686
3283
6092
7399
254
1232
2624
4316
5407
4086
7525
6112
3899
5628
3776
4749
1158
295
7422
5532
7347
4637
5071
6601
2712
7495
2354
5751
2184
4136
3634
3356
6844
4963
7201
3290
2118
1961
2233
1833
1926
501
5238
6790
4126
7775
3326
5364
3666
5785
3966
6405
868
4377
1750
5955
5570
1070
2933
3489
7884
4268
3832
2593
3478
7292
4398
8142
5260
5552
7571
3167
4619
1649
1338
3186
6557
3444
6132
6518
3695
7296
2497
2393
255
122
2433
6167
6325
7400
1801
6549
2795
1342
5182
7623
7595
6604
980
3037
6408
1435
7640
6723
1790
2373
7607
626
2600
5338
1711
3390
241
7530
2315
5853
6672
1163
4225
5722
6222
4794
2785
292
1360
4702
4525
1006
5625
1608
3085
1595
3332
3229
5353
4601
2312
7461
5963
7258
8067
4958
4504
3264
3699
6495
3958
4836
5722
6350
7880
7697
36
7820
2501
2347
7814
2502
5255
896
3770
3576
3712
2336
2313
2157
565
4106
6896
2095
3030
1566
6109
6391
7299
7012
6485
5903
1234
6672
6301
1074
2591
2916
53
1130
3639
6317
5589
6242
2800
4920
1514
6657
3873
2573
3642
544
6442
2747
1819
3804
5022
2406
5766
3879
7992
1235
900
633
591
3694
247
1600
12
1444
5413
5284
3541
722
7916
718
6200
823
4753
8075
1722
2200
5131
6312
6004
2559
3329
2658
4374
6632
1396
2780
937
8137
247
7296
4386
3085
3599
7464
1585
301
3238
1801
1638
7609
7514
3958
835
2008
3125
1756
7543
4893
481
7140
6179
7846
1414
6499
6001
7028
2331
2364
2792
4599
4047
8040
2770
6862
1030
5820
2493
5260
3051
7539
1569
8111
2708
3765
3842
5005
7449
4618
6608
5182
6485
2954
2799
4813
3130
5668
4209
2502
4611
6715
7964
7430
3358
3702
1521
4496
4024
1144
6844
7816
6215
6517
6208
2064
4329
4398
560
1534
4099
7910
4029
6090
1943
4282
3061
3576
7924
5920
3113
6650
7687
4401
5358
1730
6001
7776
3355
6939
4810
3326
1693
2529
2359
7845
3442
7949
7992
100
4563
2798
3563
6272
7187
6048
5740
326
4395
4658
217
3353
4840
3687
7317
1059
794
6661
6994
6248
4810
168
5120
3567
790
3428
7010
1403
7
5223
7090
6117
6940
2934
965
5848
2614
4446
7159
856
3948
6352
3174
7546
3576
7967
3192
3131
790
3975
2642
7906
5077
1730
4248
3940
3048
7440
5028
4951
992
459
346
4759
3939
986
4231
1474
8147
4205
4891
4983
2198
8057
5667
5989
5572
7271
5049
2990
6557
7062
1360
7861
7913
7429
6744
1687
6048
4655
7294
5921
6097
8031
2688
786
7705
6386
1528
179
7903
5834
7003
5353
353
6010
2502
751
6485
3114
6670
3069
6557
3629
6557
2558
5232
4333
3691
2427
4333
6738
1492
3153
168
4070
3783
3275
5334
4372
2769
1711
100
4863
799
7430
2933
4515
6519
5042
2614
842
3048
7683
2198
1892
3317
1937
3353
6506
6305
3675
5910
5497
5870
6256
7934
6688
5150
7861
6335
3589
1891
2933
3415
5286
2534
2943
179
260
4435
74
5404
4178
8168
6957
8132
6790
4554
7609
933
3140
3397
3317
3426
3453
434
4766
1544
108
7411
5158
2287
5911
1992
2099
5143
1115
1707
2314
5898
3136
3140
3317
4406
73
6745
2427
7388
2135
3733
2973
2459
17
1338
7430
7146
7724
8030
7357
3050
2392
2181
3711
799
6443
7305
2637
5228
3155
7938
7938
5989
7420
2122
7323
5600
3180
1708
3567
7534
970
1100
655
5606
5382
7614
6747
8113
2260
5604
6288
7914
7514
1347
4976
941
3261
5044
2414
787
467
6865
773
4950
4344
7000
2943
2516
5118
5989
2291
1377
6568
4346
854
3457
1827
3109
6762
2086
6540
2713
1629
1741
6005
5498
1919
3983
6030
3059
7519
353
6532
2876
218
8030
1223
5481
5260
4136
4628
1599
1460
6299
7193
7319
2649
595
5712
3125
4696
306
2764
6334
5069
3363
6929
3763
4262
6264
615
4268
2341
961
799
8168
2460
2229
4624
6555
1801
2753
4829
1595
6676
7711
3060
6378
6708
7078
4613
6463
3895
3317
7958
6484
2557
3027
6842
656
2378
7806
3120
4368
5359
3963
5182
1729
796
6753
1686
2262
1599
6274
5637
1404
462
5538
179
43
2730
6185
1642
562
4450
2268
6621
2521
4241
4976
3098
2533
5939
6557
3288
3411
574
395
5011
562
6251
699
2634
4313
1554
4265
3253
3666
7859
6392
7097
5753
6266
3528
8121
3334
4450
3437
540
1332
5294
6493
427
1923
20
6005
4955
4141
4965
686
7060
3717
8052
3358
7445
7710
6981
7781
2498
5952
3536
7611
3272
6692
2614
6348
6518
6163
4369
1968
4161
2113
2435
5720
2023
7933
3261
4487
4070
6767
5605
3635
6192
1855
3206
4456
683
337
6054
1661
5636
6980
1976
880
7416
7562
751
238
850
4776
6222
244
2908
3895
2425
1430
310
5225
7764
6201
8191
4978
7623
6894
7645
5383
6256
7821
2272
3499
6301
1479
3631
6843
6066
4814
7059
2602
4696
4844
7078
2385
1127
1474
8120
7375
4465
6437
7950
8073
5772
7088
1430
6096
2265
468
378
4366
7259
3606
5057
1422
5008
6648
1631
5466
4526
2789
2902
3173
1258
6170
1453
1588
3129
5552
2224
1724
2558
396
461
3389
178
3510
6414
3560
5238
4268
3712
2388
7282
3900
7037
7437
3295
1834
8081
4021
3475
8098
6121
2953
1338
4971
4017
6600
3486
7629
10
8184
4521
3322
1492
5917
5149
6266
1321
4592
5343
7452
5222
3007
1326
803
1382
3006
4019
5176
1494
765
6154
399
5678
1708
6555
2977
2948
3376
7629
6044
987
1680
807
4702
6518
441
323
5510
3428
938
3021
6864
6450
407
4682
2847
3241
2445
814
17
3992
4338
6415
3273
911
8023
7514
2130
5007
4141
2276
5403
3411
4562
8103
2993
4017
7975
4819
1426
2960
6710
4794
3326
264
2478
6269
6400
5354
2300
59
1932
2110
4000
684
7443
3263
2013
464
6549
1437
7540
4340
1773
6701
3664
1935
5514
3435
1364
4683
176
