0
0
0
10
0
2
0
1
8
3
0
1
1
0
0
0
4
1
0
1
0
4
0
1
0
0
0
4
0
0
1
3
0
0
0
1
0
0
0
0
0
0
0
0
0
0
0
0
0
0
0
0
0
3
3
0
1
0
0
0
0
0
0
0
2
0
0
2
0
0
1
1
0
0
0
0
1
0
0
0
0
0
0
0
1
0
0
0
0
0
0
1
0
0
0
0
6
0
0
0
0
0
0
0
20
2
0
9
4
2
0
0
0
0
0
2
2
0
1
1
2
0
6
1
0
1
2
0
1
0
0
1
0
0
2
0
3
0
1
1
0
0
0
0
0
0
0
1
0
0
0
0
0
0
0
2
0
2
0
0
0
0
3
0
0
0
0
1
2
0
0
0
0
0
0
1
0
0
0
0
1
1
1
0
0
0
0
0
0
10
0
8
0
0
0
0
1
0
0
0
0
0
0
0
15
5
9
2
4
8
25
1
2
1
5
4
1
22
1
0
1
12
0
1
2
4
0
0
0
1
0
3
0
0
0
0
0
0
0
0
0
0
0
0
0
0
0
0
0
0
0
0
0
10
0
0
7454
2675
665
7116
5537
5332
7705
4361
3572
2553
5951
7497
4880
2410
508
6903
6023
7520
1262
5839
8047
4294
722
1287
7227
7527
5242
7823
7686
156
4503
4019
2894
4651
6041
4579
6735
7518
702
4340
2684
1032
4596
2320
368
4478
6371
1768
2109
7153
6321
925
7745
4264
1023
1997
7153
4347
4623
1057
541
137
6297
8040
4007
3851
5272
1029
1105
5890
1395
1279
1333
6521
5745
3960
244
1372
2022
8084
2058
6474
7376
6799
3152
5185
980
8047
6820
925
2410
3995
3791
4541
5278
3995
4651
1279
702
369
3572
5322
6058
6147
2223
7914
1402
3251
7421
3465
4772
3644
7145
5301
5344
3564
4983
4792
4292
1726
3608
3416
7218
978
587
165
2560
7243
916
7491
4007
3481
4729
5653
2206
4111
1208
2083
1721
8057
3604
2392
6841
2412
476
330
4212
3563
3609
578
7102
7836
3715
3267
2684
3806
951
1595
7582
5751
6887
6253
7256
3346
6560
4786
367
7942
2095
8060
6428
1169
6880
5035
3101
5047
4298
4296
4982
2724
362
7569
5597
5626
5708
4294
1094
5654
6441
109
2679
3849
7180
36
5709
8094
2547
6411
3418
3366
294
7488
562
6805
5407
8038
4262
7231
6286
3696
7082
5337
4982
2966
7078
6676
4081
4752
4807
7488
1481
5241
6183
6996
3072
2979
5154
4389
5097
8113
111
2792
3187
3562
1433
6581
268
7345
5323
7074
5878
7624
7973
7498
4075
1687
5251
1812
5597
2936
868
2658
381
6841
7254
1535
1767
4339
1534
2217
4030
4871
2524
3548
4825
5968
6021
252
6872
4129
6968
4877
2222
982
2608
5620
6979
3219
5345
2991
171
1494
3408
6865
3236
3184
2494
1550
2483
3969
5272
4274
4851
8013
5712
68
5235
2291
3850
605
4264
4271
6143
6781
1737
7572
5707
3417
2295
7985
7060
4808
5149
1687
655
4779
7981
1717
6344
7255
5513
1770
7956
2512
6007
1925
1673
5100
7983
426
1860
4685
4764
1051
2314
7237
3875
3759
3144
5236
1176
1362
1018
949
3101
7274
6928
2435
2583
3696
5067
1210
3555
6882
426
3713
1708
7612
1197
3330
3259
1825
5716
6861
518
3386
5591
1024
6344
558
6902
7235
435
5379
4570
1501
6996
3513
4235
6837
8141
1111
6828
7108
6983
1798
2091
4212
661
7139
3759
535
1489
112
3923
1997
5425
352
4582
1576
4492
1528
2316
6499
3544
4907
5551
5468
1088
1216
3868
2633
505
2986
7910
4847
3051
3560
7024
926
7650
5042
5496
5156
4727
4029
3067
5322
6891
446
160
1786
5323
2300
5097
1408
6767
6287
1151
6218
2098
8039
1525
3828
1652
5687
5267
6760
7845
959
6124
3666
824
2735
5095
1406
6641
2508
5934
4974
1333
5250
114
4950
6117
4053
7860
6688
2100
5068
4946
624
3748
4327
3460
7959
322
2276
1690
5717
5468
4472
7823
5559
5512
7427
2669
5747
6944
2637
7738
2041
976
2068
1451
5464
1620
210
6417
6156
4784
6499
5720
1816
8031
762
7884
3272
4037
495
63
4211
208
4361
1163
7994
5378
1283
2637
793
8036
1938
4813
4007
6830
106
7139
7685
5687
5943
4553
1709
347
7679
6973
7153
304
1015
4271
3072
7097
2443
368
7887
5066
6898
4831
106
7521
5791
5321
5096
6651
4962
3228
7815
5405
3504
772
2198
170
3754
3295
3678
1861
2757
1481
5534
6599
563
7097
1708
5878
4312
6583
2271
4339
249
3265
204
6333
7745
2912
6078
2143
7611
2442
4110
5432
3290
6226
3805
763
840
6487
5020
3449
938
7497
4967
306
216
6172
5252
4875
477
4635
5598
4604
6237
7644
1048
6618
4678
5624
5458
518
584
1673
5066
3478
4683
4715
4270
1550
1761
4679
926
137
3295
2562
5809
5252
1673
8153
3835
2735
4091
4067
3143
3497
6131
1765
8105
7436
1099
3568
780
7739
7575
3553
5304
5976
527
3135
4367
1029
3778
6538
2648
5681
5878
2122
3364
1810
3638
3677
317
7067
7568
4526
3695
5272
7740
7568
4953
6765
7045
1767
391
5882
2230
171
5567
4823
5990
4174
2345
3610
1725
4294
722
605
6386
6301
6862
4446
5506
3922
1160
8187
4150
7995
3732
2934
7530
6404
5128
2750
5259
5603
7614
1677
3652
2418
4028
5751
4679
840
4048
1750
2890
2760
7735
3267
2031
7376
885
5355
6967
2284
2022
744
1087
4579
3487
7643
7279
2419
7527
4788
1843
4391
6042
2295
3927
7797
6453
3621
740
2233
5320
5667
537
6950
7517
6872
6088
3056
3759
6319
4396
5219
1140
4361
2270
6648
923
320
7679
3834
6983
186
6010
1973
5694
2346
1616
7843
2214
6745
3895
2653
6188
206
2397
6304
685
3237
7782
3691
3629
2915
1129
671
6996
6660
2028
3933
6065
8159
531
4353
2622
3078
4708
6469
3320
3407
7841
5404
3398
5051
4138
6337
7859
6242
210
3694
3696
189
210
4481
4182
7918
1641
7723
1452
6889
508
2538
4291
1160
2868
3804
6521
654
6141
3047
7327
1556
4664
7045
5836
7707
2934
4210
3489
7852
6484
111
4992
309
7240
5389
4248
3649
3121
5531
6366
4703
1448
5397
825
6440
1118
3161
4593
4024
208
6935
7417
940
1594
3838
477
2903
916
6518
7313
4869
5890
2178
432
7918
6253
7056
3055
7281
6903
3561
702
2903
4944
5364
2737
5493
4080
8128
3085
4412
7028
2152
817
7707
8191
6237
5767
6583
7946
2929
6752
400
6977
6591
2063
7507
2236
6179
951
5419
739
2410
1824
4911
5833
5166
3481
5122
501
7070
639
8176
4482
1048
3534
1289
4106
675
3096
8040
791
6829
1272
7209
7740
7189
4491
7132
5766
2327
3969
5255
2124
7520
2798
7180
4708
3154
4251
7798
4457
7679
7442
3185
1048
1824
5403
7061
1601
3714
7908
4621
7053
5688
2576
123
2922
6903
4950
34
3960
4390
7011
947
1940
2201
6720
2117
10
7587
845
1550
2817
1988
5815
2347
1819
2483
6116
3842
7233
1029
5724
4426
7074
884
1003
3161
7415
6330
5290
1801
6793
581
1287
3510
2861
1546
4315
1201
6730
6288
390
