0
0
0
9
0
6
0
1
9
0
0
1
1
0
0
0
1
1
0
0
0
0
0
3
0
0
0
1
0
0
0
1
0
0
0
0
1
0
0
0
0
0
0
0
0
0
0
0
0
0
0
0
0
1
4
0
1
0
0
0
0
0
0
0
2
0
0
0
0
0
0
0
0
0
1
0
0
0
1
2
1
0
0
1
1
0
0
0
0
0
0
0
0
0
0
2
2
0
0
0
0
0
0
0
19
0
0
6
3
5
0
0
0
0
0
1
0
0
4
3
2
4
4
1
0
0
1
0
0
2
0
0
0
0
2
0
7
0
1
1
0
0
0
0
0
0
1
1
2
0
0
0
0
0
1
1
1
0
1
0
0
0
1
0
0
0
0
0
1
0
0
0
1
0
1
1
0
0
0
0
1
0
0
0
0
0
0
0
0
2
0
9
0
0
0
0
0
0
0
0
0
0
0
0
12
6
7
4
6
8
28
2
4
2
1
2
0
16
2
1
1
10
0
0
4
6
0
1
0
1
0
0
0
0
0
0
0
0
0
0
0
0
0
0
0
0
0
0
0
0
0
0
0
10
0
0
5275
1559
4813
1232
5255
4858
3732
5531
1129
6249
4700
2410
1834
1207
1160
6124
7823
2661
8100
5537
7591
2410
1105
4312
591
2560
3995
2283
36
3132
7239
8080
5248
7520
4842
4615
4049
1767
4521
4521
7256
7442
7739
5092
297
813
90
1584
4851
1395
6365
4785
7860
978
47
778
4312
568
1105
2248
4194
2418
2698
7239
3588
471
3571
4339
4353
5975
3376
6581
7253
6237
7725
5543
1733
5035
8145
7039
935
7591
6928
3168
2430
6396
778
5275
297
4698
4291
3358
1057
3322
2127
5680
3252
7398
6756
448
4489
7067
7337
4075
1184
2506
1890
690
1404
7844
4665
4947
5812
4630
3086
6838
962
5444
7591
4406
3835
3588
7823
4441
1522
7415
4852
5780
4616
7948
5790
1870
6450
6533
2177
3751
903
435
5907
4400
3969
6338
2003
7200
5592
7803
806
1616
7429
3658
2661
5967
1441
2316
4109
7723
1958
3571
7755
1732
1843
2795
6253
5092
7913
6895
6836
1242
937
4327
980
794
4807
7745
3643
813
6006
4695
1578
1666
3920
3963
3433
5235
1197
731
4290
7908
4339
254
4194
2654
3699
739
2152
3732
6997
5171
4880
2031
6247
6723
7977
629
2262
1009
2867
7074
2476
270
885
2710
1040
7129
2991
3334
5230
3085
1129
5890
3455
3732
5531
3161
5405
614
5107
90
4876
6188
4812
2627
972
5315
3761
6696
2170
980
5843
623
1980
3519
7888
6988
7040
839
7138
1898
7531
1733
4851
722
2558
2850
7739
2635
992
7745
2696
5189
5451
951
5972
7815
2605
347
5184
488
3606
2788
4121
8057
238
4730
17
3304
7088
2837
3987
5688
3109
6183
5082
976
1477
1566
3093
1770
2684
820
5405
4703
48
2999
7265
3983
1788
1653
3235
1761
5029
956
3804
3901
4431
3866
4032
6726
8058
3940
4760
1491
1323
6865
1275
5715
6141
4034
1187
5101
3433
6997
4211
6216
6475
1441
1834
2251
3359
7812
7590
5418
2672
8057
5753
3056
5034
2898
2559
2638
8076
4416
7514
7898
6669
6020
7845
727
4700
501
307
6370
5915
1820
4107
7455
2633
2020
5088
6048
1046
5599
4397
2497
623
838
2269
706
3290
554
495
4509
5965
961
3219
7179
4208
3746
3348
1129
4194
7691
4851
280
4852
1132
1554
5063
951
3677
4683
7991
2561
2368
876
1075
2699
7214
3691
5267
1295
1291
1709
6784
5634
1031
1926
1337
3770
4696
1670
6887
4211
6228
4374
951
5248
1055
3636
2832
7760
2427
127
2672
657
3526
1483
7357
7091
7155
1849
7598
560
1474
5048
5283
4614
7989
2356
4381
7257
4145
7507
1970
3055
6756
8176
3453
6396
6396
4771
8080
3254
5110
5082
491
6994
3982
4691
6921
7807
7332
1395
5785
2650
6757
2208
6031
5801
157
7388
6138
5180
4169
5964
3346
5402
4623
7587
5751
4778
7591
1789
2834
2021
877
3052
1381
2688
5829
6188
3572
3876
7445
1812
4143
1748
5520
6011
1208
2501
6031
820
213
1031
4983
2819
1042
1114
5791
7415
280
778
932
2967
6307
4350
992
5252
3828
3751
2499
32
3159
4839
249
1722
2320
4445
209
1834
1361
1894
7533
6656
2198
751
6087
7773
1970
6179
7886
3571
7852
5248
7591
7860
2415
6817
2058
7903
4150
121
7478
7444
7502
6270
6227
6475
421
6554
2396
1893
3401
4853
6398
6228
4599
352
1144
4608
8159
5434
7886
8094
4441
4361
2560
6441
2925
449
2633
4667
6202
8149
6476
6186
1148
3413
6706
733
5010
4703
6746
5055
2973
3161
4334
6638
4
3039
67
1961
26
1453
1675
1554
5688
740
47
5226
3096
7722
7823
3359
152
2122
4718
6357
3693
4742
5467
6580
3720
7176
4202
6664
8098
7570
4030
5323
7539
7146
2923
4020
778
7691
2152
6294
1770
4852
3687
651
3922
2372
2004
1933
6361
8086
1351
7239
993
3894
3378
514
2054
3759
4785
2941
6653
3236
916
5772
646
6571
4934
1129
852
7299
1733
8080
2525
6005
5063
4574
7520
6820
4283
2002
4343
937
2058
5842
5935
3237
3274
247
316
1477
1176
6009
7376
703
5055
7711
5243
6551
2419
7415
5739
6124
5350
4521
2558
6005
2146
5682
1050
4830
2002
6735
7704
40
4916
110
2136
4476
1782
5565
4367
386
3657
4433
2478
703
7305
7591
5202
7111
6058
2130
1395
5419
3628
7299
5232
6372
7327
5915
3821
7995
7143
5187
3059
2583
3773
3369
4742
5876
7376
787
3601
4274
7096
1444
1353
3621
3131
7330
5775
5171
1343
3806
8080
3346
1900
7299
1522
3637
1407
932
7995
4708
7915
1822
2152
5975
6877
4997
7039
8057
912
4618
7557
1717
186
7224
4562
169
1354
4080
1023
5892
5010
4346
7699
5376
7061
7823
1733
841
1055
4729
1769
2459
7230
3186
335
4017
853
8048
3684
614
5531
2114
6270
7289
5558
63
1358
4521
4830
7389
3433
2410
7921
1252
2415
7207
7230
1024
4533
3439
1820
3320
4270
1046
3186
6183
4521
5531
2137
6307
2219
3572
2967
6183
1131
4033
2277
1057
7591
1733
7723
7061
508
3358
7736
1219
7852
1660
8023
8103
7587
4608
6441
7592
123
4851
471
1675
3115
7119
361
6777
7235
5664
684
1327
3083
4623
1430
615
1740
26
7507
2531
7902
4700
3687
7369
486
4950
5896
4824
6724
7788
6009
7995
3897
6465
4211
5095
4290
4245
7861
1291
3862
2597
6069
6795
6392
675
3265
5915
1821
5107
7135
7415
2118
852
1733
5915
2441
5427
6824
3642
4339
4350
2271
4361
1581
4608
639
8187
266
6735
1767
4796
1029
2967
4318
5555
7652
992
4065
7051
6583
7188
1732
174
7415
4521
2229
1105
3457
6265
5576
5998
1105
5322
7491
2271
921
4608
1581
7061
2015
5232
5385
2130
3096
7337
4732
1071
1191
2173
1046
3252
3229
4389
1010
7884
2379
3995
7584
1415
3115
263
1129
5629
4291
5322
7011
7995
8030
1105
4858
4339
5975
925
2130
4194
8190
2372
83
2114
7557
625
3286
256
3571
6650
8173
3765
5380
8176
5501
1434
1675
1928
675
3455
1767
