0
0
0
10
0
7
0
2
8
1
0
3
2
1
0
0
2
1
0
0
0
3
0
0
0
0
0
4
0
0
0
0
0
0
0
0
0
0
0
0
0
0
0
0
0
0
0
0
0
0
0
0
0
3
4
0
0
0
0
0
0
0
0
0
0
0
0
0
0
0
0
0
0
2
0
0
0
0
2
0
1
0
0
0
1
0
0
0
0
0
0
0
0
0
0
2
9
0
0
0
0
0
0
0
20
0
0
8
5
6
0
0
0
0
0
2
1
0
2
0
2
0
8
0
0
0
0
0
0
1
0
0
1
1
1
0
3
0
0
1
0
0
0
0
0
0
1
0
2
0
0
0
0
0
0
1
0
2
0
1
0
2
1
0
2
1
1
0
1
0
0
1
1
0
0
0
0
0
0
0
2
2
0
0
1
0
0
0
0
5
0
6
0
0
1
0
0
0
0
0
0
0
0
0
8
13
7
1
2
3
20
2
4
1
1
4
0
21
3
0
0
11
0
1
1
6
1
0
0
1
0
0
0
0
0
0
0
0
0
0
0
0
0
0
0
0
0
0
0
0
0
0
0
10
0
0
6409
4796
6307
4955
1217
5451
7614
1031
4422
2780
3598
3186
1281
1883
123
4718
2464
5283
7123
6722
6109
4062
1824
6371
3682
7149
1447
6788
5744
6282
1836
1538
4107
2127
7747
7303
5715
117
407
5149
5095
7134
5374
4581
5419
8012
7547
6303
2285
4887
2037
5638
255
5537
8106
492
1328
3329
4807
2662
4085
4570
1554
1554
2922
1520
4318
150
5514
1928
4788
6953
4643
4046
3259
7176
4623
7675
2641
5094
3353
433
2256
1991
6990
4630
7816
925
649
5291
3599
5710
8159
785
5000
2270
1965
2418
675
1285
1709
1666
4615
4729
5739
144
6005
3215
2779
6057
7005
7259
2102
6611
3238
3039
5673
4730
7788
5560
4065
492
2932
3920
6657
2573
4618
3959
4615
320
5273
2273
6295
2802
306
3439
1070
5953
7005
217
6008
3140
8027
6461
2351
6986
1929
6734
2077
7623
20
1076
5439
8133
6583
2146
7911
3457
4581
5687
6724
2327
2265
7281
7002
227
1018
765
2405
1099
3384
2445
6885
2000
8005
7728
3743
1868
5251
6418
2966
3518
903
7149
2008
4694
5277
7384
5308
1958
3687
633
5867
7740
4793
7398
208
2663
422
4831
4750
523
329
7224
871
5103
2389
2993
5354
4280
2162
765
755
4280
3815
6801
2448
7887
3351
2042
1505
6760
4758
7030
7915
471
4363
4744
7699
7300
7487
1063
4327
282
2515
507
6998
7502
6721
7414
2847
3516
5796
7280
5657
2427
8122
4753
646
3571
7559
5874
7200
6267
5765
2127
7823
2780
7817
3298
2172
4212
162
5043
7704
1525
7974
880
1841
7306
2410
5967
4639
8138
7420
2615
4983
349
3568
5969
2020
4697
1302
5701
4975
7012
2927
5501
1733
2577
5167
6215
5
2223
5541
8127
3652
629
8134
2615
6081
1466
5640
5495
2094
6172
7866
4050
757
3463
6745
961
877
660
1329
4053
6082
6510
3896
4039
7061
123
8083
5094
7145
6961
7311
5910
1145
483
7584
8093
1652
2215
5963
3496
2791
2688
671
2509
3299
2446
7758
3403
6719
856
868
2039
1954
568
1245
4355
1958
3482
174
5663
33
4360
4536
3533
4184
5840
1099
5594
957
5103
7958
7531
868
2788
391
5481
2974
856
2447
7113
354
4971
3570
1307
6358
3534
5273
7086
2137
4533
1056
1752
3243
1333
3717
3780
1015
4975
6121
7959
5917
3503
3888
6797
5940
5510
5406
819
6833
1
433
5541
5740
358
2946
4524
3515
6667
4735
4651
6109
7077
1544
3857
6138
2616
6715
5946
8122
3736
4833
7895
799
5577
3561
3665
3888
4947
2684
5286
1925
1089
2198
5132
2382
781
3869
1652
3268
7094
6863
7122
4836
2463
6835
8150
4331
1599
4123
6780
1415
8076
1060
3299
5284
1063
3466
2488
4610
3577
5801
3959
3376
4337
2223
2156
6712
2004
8071
419
3184
5187
5998
6082
507
1319
2303
7259
7863
6551
1018
3347
7719
2961
624
1367
1018
2333
4032
1360
3761
6493
359
5605
2634
1576
4110
7186
1755
2052
7840
6998
2260
4353
631
332
5543
6321
5228
4058
8116
7446
5278
3752
4993
676
2984
2086
170
488
2980
4697
2750
2089
4750
3719
8141
2211
7664
400
6398
5004
5284
2401
6007
7187
4493
6465
5451
1464
1777
2552
4906
6843
2235
2866
3930
2655
5085
6697
4138
3242
5971
7954
3979
3914
3212
8050
2847
3749
4859
168
5856
7388
4617
4429
2448
7230
6531
1287
117
649
47
8031
1117
1747
3776
3989
4947
2483
6042
5201
7183
5588
4733
6517
6363
5741
357
7279
6939
6939
5051
7650
3442
7082
7448
2427
1864
7417
2903
5290
1007
310
6475
3152
6653
7805
1256
8098
2162
7116
7146
7220
3908
261
6285
5289
3893
6685
7101
4829
7479
5460
2631
3652
4261
7274
1401
8137
3650
3320
3888
3443
5997
3305
3153
5708
556
623
6172
5786
1608
7418
5904
446
3148
4810
3530
5982
2848
7933
4138
5552
518
1226
3496
2267
3761
4215
7005
203
2513
7670
3435
1864
568
6930
3703
2684
4053
527
7656
4066
2637
6085
2198
4622
1708
3226
6961
467
4617
687
1606
6558
3480
7185
2336
1208
162
4611
3287
7387
5112
2679
3263
1287
324
2727
8002
7613
3857
7941
358
469
6007
6068
3250
6891
5402
3742
3948
1815
7932
557
826
5094
2848
2614
7464
5196
6618
7145
5989
3797
5514
4975
2252
3077
4604
1046
2850
4796
568
108
2181
7232
7214
3122
7557
3923
3839
6872
7621
2991
7527
6745
4545
6313
1352
206
1639
6532
279
6380
8091
1820
5290
2560
1105
3686
1836
212
4194
2558
3577
2308
4248
3943
7857
3043
285
1450
2576
5366
3883
6128
6618
6814
2150
7062
1810
3109
3674
7519
6969
5579
1238
7160
2868
272
2028
1400
1855
2354
6664
34
6020
1740
4735
4874
6457
2305
4546
2900
1580
882
6109
3497
6138
7998
3839
7829
6914
6986
5608
5532
2049
5020
5322
5277
4017
6972
1024
5695
3239
4778
5902
5810
215
3747
7135
2393
5306
3862
6664
229
1707
4178
5461
2351
7624
7563
699
4050
6071
3839
1353
2002
4361
6262
4335
338
7857
5036
1003
5010
2888
2287
6791
1003
2072
1327
586
181
3490
5517
1003
6128
3771
2397
7675
3824
4342
3086
5370
1003
7038
3997
7995
3096
649
841
61
4995
4387
5583
4995
5785
7037
3329
4543
5824
3257
5128
5058
5982
2541
7915
4479
7492
575
1647
3714
4312
4932
1734
4277
2034
3732
2922
3443
899
7229
7592
4291
4911
711
5145
4649
4796
3995
6847
4482
5376
5075
3092
3686
3541
7011
208
5419
123
916
628
5877
2441
5537
999
35
7113
1674
6404
3577
3572
5636
2591
1059
2308
7582
5276
4236
1765
1168
4482
1958
5659
3060
1673
2464
6735
5957
3732
6237
7995
7877
7566
649
4312
4345
2780
1075
2500
346
7242
4340
5364
7683
4866
1275
7739
1476
2277
2114
4389
5778
678
1075
3078
2907
4950
1769
4441
947
2558
5975
7154
4499
7983
1062
6864
1830
1415
2635
5403
4600
508
1706
6199
64
6453
4194
6237
8187
2110
7831
1667
