0
0
0
10
0
7
0
2
10
1
0
1
0
3
0
1
0
0
0
0
0
5
0
0
0
0
0
3
0
0
1
0
0
0
0
0
0
0
0
0
0
0
0
0
0
0
0
0
0
0
0
0
0
2
0
0
0
0
0
0
0
0
0
0
1
0
0
0
0
0
2
0
0
0
0
0
0
0
0
0
0
0
0
0
0
0
0
0
0
0
0
0
0
0
0
1
8
0
0
0
0
0
0
0
26
1
0
12
7
5
0
0
0
0
0
4
2
0
1
1
0
1
7
1
0
2
0
1
1
0
0
2
1
1
2
0
2
0
0
1
0
1
0
0
0
0
0
0
0
0
0
0
0
0
0
0
0
0
0
0
2
0
0
0
0
0
0
0
1
0
0
0
1
0
0
0
0
1
0
0
0
0
0
0
0
0
0
0
0
6
0
6
0
0
0
0
0
0
0
0
0
0
0
0
11
2
6
1
2
2
22
2
1
0
2
0
3
21
1
0
0
10
0
0
2
7
0
0
0
1
0
2
0
0
0
0
0
0
0
0
0
0
0
0
0
0
0
0
0
0
0
0
0
10
0
0
6776
5909
4712
138
1857
1452
7301
425
5166
8162
3849
7788
6650
7913
6791
4703
5531
3115
6674
1157
1024
2411
7665
3071
3483
980
5279
4242
3702
3647
1932
2368
1087
4233
6830
1275
4339
7995
2325
5650
7275
7543
5273
4340
8176
6925
5878
7064
6237
673
2607
14
1595
4412
2672
3625
4818
1272
7415
4758
7757
3722
1790
4510
7790
2214
6583
5332
631
6635
2343
6776
4744
6422
1245
7434
5227
4388
4760
5637
6243
6566
4455
8050
6722
456
3773
7722
2339
7587
1675
4294
2538
4858
6553
3192
6645
2248
255
3004
4055
7497
2894
109
3636
6961
2738
3840
2518
3362
1233
4240
3751
4244
3428
2435
7032
2772
4492
7531
361
3706
8176
6876
5398
8023
5292
2861
6124
3402
5013
3610
7028
3162
765
3722
2548
1721
3097
1695
4204
2382
929
3328
5251
51
3738
2174
1400
4946
2797
1020
604
7086
5608
4339
7040
1873
7845
2825
6799
3610
702
1821
5402
7034
8150
3064
5534
6504
1375
1812
1722
3744
5090
1179
1338
751
7108
6961
2427
7145
7734
5995
360
7492
3607
7015
5254
7499
197
1464
2130
4340
3682
4667
2704
4125
6475
198
6159
5946
3511
4844
2233
1722
3963
2830
6042
5236
3893
976
3963
929
5774
1383
6494
5609
3813
369
2831
1852
3391
6262
4291
2271
2654
2679
6631
5841
7426
3201
1271
1950
7237
2095
4547
572
3673
7480
65
4873
7173
8099
1616
8117
6719
4149
291
4456
992
6144
5402
1989
5143
7995
4472
4017
2009
7148
4981
6360
4212
2397
7981
4793
3509
517
2336
5530
7728
5174
1379
2260
449
3685
2047
7080
2511
645
5713
6172
2528
3839
1309
7056
7196
1600
665
7757
3848
5612
7551
6287
1557
1106
5875
2631
7032
4776
4061
953
5909
8188
5424
920
7000
1060
514
6142
3781
7919
6554
7412
8162
4812
6944
1937
1890
4377
3292
966
2688
452
4576
516
3866
4091
1069
4165
6009
7748
603
2872
4203
4256
449
3868
1676
6381
7539
3563
3614
6192
3142
398
4108
5017
2360
919
1173
966
4729
5810
1600
1315
3940
7903
685
4648
6356
1060
6505
4833
2310
6912
643
961
3761
8057
3667
1776
5325
7631
6399
8037
6643
41
4212
3725
3563
4270
727
3196
6997
2466
1067
143
2769
1952
6519
6117
7010
7352
5952
3667
4552
789
5685
329
3692
2985
8100
8188
5381
2990
221
4196
6770
7522
5157
7879
7974
6305
6020
6082
210
2960
655
8140
1328
5251
2098
3208
4362
2274
1273
4994
5951
807
6165
2475
6289
2946
7035
2203
1332
82
6877
2473
2596
3021
6599
1747
4745
5609
4971
1105
7408
2027
2959
612
6043
6817
3908
6746
188
1980
2773
927
1092
7159
5568
2854
5705
7402
7898
3221
960
437
4041
8044
5917
6464
4906
7674
2568
7034
2907
93
8023
5715
171
4395
1104
2353
7151
1684
5730
2814
55
2294
6630
5239
6818
4601
6676
4303
2251
2153
1255
1060
2171
4293
481
3308
6304
8026
6855
4031
5494
817
1057
1105
920
5995
4141
2004
3702
7922
2368
6031
5261
3985
2757
8188
1592
646
3412
2432
6762
4576
5917
1390
2677
183
4760
6007
3038
5775
2368
5624
278
6346
5470
3370
6751
3065
3125
927
1338
2942
562
3173
3817
3373
7374
1086
701
80
3419
3003
4233
960
2858
3994
3770
7521
6304
2324
1708
3880
4611
5506
6863
48
1535
4109
2124
6618
5907
2614
4210
4904
7836
4113
5326
2537
1126
835
5268
4973
6830
5635
5846
2143
768
4227
4513
5165
6830
4381
187
856
3509
5663
4830
1443
4851
1057
2626
3828
553
5243
2330
1751
7306
2639
4196
6921
5593
6832
2135
6384
1698
4408
2858
2770
6830
2485
6381
3081
4546
5418
4845
7981
6848
5707
5403
4005
5292
6141
159
5959
1710
5494
2946
5174
4854
6398
2830
414
7082
1894
3225
5954
1543
7628
1080
3947
271
6225
5548
2211
1708
1629
2643
860
1506
7450
6267
5882
5171
1522
2457
2806
8062
41
1897
7334
6214
4245
4907
580
566
6482
3942
1391
1708
2584
7160
4366
595
4646
2274
3993
4289
2900
8026
7995
7841
5531
7247
50
5536
4290
2672
5915
2869
6180
5238
2898
5410
3602
4932
6532
314
3770
4004
7167
2180
1719
1579
2723
5659
2089
371
2397
1834
5937
7137
2888
4134
3096
7642
5340
7258
5434
6141
1148
153
3016
6399
4257
1429
4066
7146
2748
7412
1037
877
1599
2295
1899
5363
6503
4772
3427
6322
8124
3847
4804
3479
0
1378
4533
4927
6478
2192
2119
7398
7592
7674
1757
1034
4388
2267
6930
2399
6068
6653
1447
653
537
260
3826
6172
5470
610
5991
2130
1283
6570
7369
7478
6508
2772
1200
1928
3057
4242
5232
2932
6430
5382
8167
1696
3417
4456
4640
2391
3351
1491
2356
7096
4682
2135
2942
646
4545
7448
6231
3001
2803
1018
5786
355
7711
2859
7389
2631
1048
6590
7061
4294
1105
7615
5687
6174
4966
2708
3268
6676
6574
1326
1250
4354
6905
7000
5314
7808
2887
2214
4402
899
6674
7705
352
7849
884
3700
4007
2137
7012
3947
6306
109
744
2796
2825
3956
1009
4698
188
1781
1833
1498
7793
6005
6239
3987
5364
6719
2116
35
935
1991
3085
6440
1115
1249
4955
2339
7613
2034
675
5998
1849
4634
8151
6929
7166
35
5427
4533
3518
6298
5222
7623
2094
7852
5213
2302
6222
2158
4468
5024
4317
7068
3229
3435
587
5043
951
3876
1534
1787
979
2105
5419
6469
1584
5143
7408
6089
4100
6095
1589
1434
7211
3074
4902
6571
3744
4468
2130
4067
5953
30
1046
607
531
7887
6276
2954
7034
3821
4319
6271
3085
2512
4194
3240
4236
5890
5143
5594
4651
4932
6645
2022
5767
7767
3286
951
5384
3743
2654
508
1899
3391
3391
2229
369
4830
96
2558
843
7591
744
5220
7415
7012
6776
3542
7777
7061
852
3577
5236
1820
3322
2654
7056
1309
492
5810
5537
3642
7995
4809
5322
8105
2283
3229
30
820
138
418
6549
1584
3433
6756
7415
