0
0
0
11
0
8
0
1
10
0
0
1
1
3
0
0
0
3
0
0
0
6
0
1
0
0
0
1
0
0
0
0
0
0
0
0
0
0
0
0
0
0
0
0
0
0
0
0
0
0
0
0
0
2
2
0
0
1
0
0
0
0
0
0
0
0
1
0
0
0
0
0
0
0
0
0
0
0
0
0
1
1
0
0
0
0
0
0
0
0
0
0
0
0
0
2
8
0
0
0
0
0
0
0
28
1
0
10
5
7
0
0
0
0
0
1
0
0
2
1
1
2
3
0
0
0
0
0
2
2
0
1
1
2
1
0
0
0
1
0
0
1
0
0
1
0
1
0
0
0
1
0
0
0
0
0
0
0
0
1
1
0
2
0
0
1
0
0
0
0
0
0
0
0
0
0
0
0
0
0
0
0
0
0
0
0
0
0
0
3
0
4
0
0
0
0
0
0
0
0
0
0
0
0
13
3
4
3
3
3
25
0
2
0
0
0
2
24
1
0
1
12
0
0
0
6
1
1
0
1
1
3
0
0
0
0
0
0
0
0
0
0
0
0
0
0
0
0
0
0
0
0
0
10
0
0
270
2213
6401
1397
1791
6208
7306
4104
3278
3717
6770
3322
5161
1269
5889
6897
3629
7358
1443
5625
3896
3439
931
1050
5198
179
940
3553
1543
885
5236
1287
3666
2228
7723
5187
820
7237
7144
3916
511
7929
6241
3691
701
5354
4577
5262
5416
7068
1179
1677
7460
3835
686
7887
2166
716
2131
1786
4325
7285
1857
3901
4325
963
1520
6776
6749
3482
1150
5160
7886
1254
5017
5555
4228
1558
2505
4388
5306
3944
3709
1720
2331
6487
5800
4790
7699
1057
6889
4812
472
876
4274
7398
6708
2907
208
5309
2500
4689
295
3666
1299
2785
2842
4307
6951
7624
7219
3801
58
4764
3664
2231
2528
804
41
2402
7070
2907
8187
7908
5857
1739
4950
248
6058
591
3022
2511
1158
7398
3775
2168
2599
5673
5955
1221
6865
1861
216
2142
853
4358
7522
4875
6461
2235
3680
3142
4212
8013
1965
4339
2013
5102
7823
3196
7207
4608
4739
2368
6015
6202
6291
7782
3866
162
6518
7569
7024
7894
5787
3761
1096
7438
3510
1998
2943
846
3281
3285
2098
1204
7011
1595
7244
1220
4632
5751
1217
1585
6889
1365
492
1004
2871
2964
1358
168
3891
3880
4477
6593
4942
6663
4387
6136
2708
5330
5457
7260
1336
5202
4947
3826
3695
6307
307
25
7777
3098
746
1472
263
992
1090
6306
7595
3463
4132
930
6631
43
5967
699
2110
296
3455
4391
6943
2523
5185
5012
5894
8126
5262
1214
6418
5149
2372
4065
7888
7211
5372
3051
1544
4329
6215
1930
4760
1477
5856
1221
7738
4112
8012
7587
4126
3914
5251
5762
4493
539
5652
7485
6989
270
5519
3012
3322
5531
5272
4448
1513
2884
7221
1440
684
6720
7982
5848
2550
7899
39
6748
4875
5235
1536
4009
6785
5684
6522
5695
980
3396
7317
1339
3799
402
7392
312
5327
7897
6571
4329
2654
7911
3732
3812
5177
2576
1105
2478
3563
408
5838
594
5824
1559
3442
6783
3589
4227
6168
6381
5086
5972
6346
1801
7024
3763
4767
5144
3759
2346
4934
4194
1057
3969
1965
4851
2693
4529
6172
5849
4360
483
7619
1282
3278
5777
7748
2244
8103
4855
4975
4029
7773
4860
7865
4614
2887
4385
1766
3737
1250
6475
3775
6583
2741
6328
3100
5594
7011
4729
6914
819
6653
2039
1333
3635
1755
7581
4993
7180
2583
3019
886
4572
12
3721
5529
7743
5065
3133
1557
4440
3107
7903
7002
5232
8068
3492
5172
5715
5232
4689
772
7476
3509
962
7438
6780
7638
2478
491
8052
2512
4975
2837
6239
5135
1842
3581
2244
6112
5918
2568
2148
5291
1600
7188
6247
8023
861
7324
3276
8081
2429
2957
8026
4244
8027
1858
6070
3145
6197
1081
4286
6082
7656
1988
5384
7657
3954
1773
7075
6608
1913
5935
5262
8020
407
7191
4273
84
5495
7801
1989
2868
1029
3916
5220
1695
4531
5564
7708
6493
4677
4535
1717
2166
5969
7178
752
5373
5102
5969
3405
3030
5219
1197
1491
842
6623
328
2491
589
1530
6850
4017
7915
6306
1893
7628
5989
5312
3312
6596
4891
4261
4060
7137
5957
734
5024
880
3634
7025
850
7387
3975
2893
313
7361
2884
3628
2119
6254
3795
7010
5023
7061
6027
6583
4472
1275
5624
3273
4752
1177
7500
2269
219
4831
289
1619
5274
2898
755
4498
7698
6781
2505
3034
7519
4118
6810
5514
1706
5894
6920
6198
2128
5867
1253
1900
1217
4224
2328
1283
2966
953
2156
789
5659
3914
945
1759
4843
5268
5612
4112
4362
68
206
755
7367
6059
5792
4911
2685
6462
3775
6784
3132
3911
5010
7229
7094
3702
5010
5376
5935
3724
2135
1324
4693
2687
3624
6845
3865
2453
2058
4030
3604
1288
8179
6701
1514
7031
2470
6249
2369
1546
4081
5449
5843
1395
4340
5051
1524
1127
7490
6776
3280
4721
7573
5533
5465
2291
976
1669
4958
2696
498
424
1468
2492
545
6252
1680
5198
4595
5175
4529
4109
7408
7844
6482
1452
2907
5756
600
2005
6950
6973
2903
2107
6257
4245
89
2561
2893
420
4145
5688
2488
3693
4096
2318
8028
6075
6475
4876
1220
844
2224
6355
5073
340
681
7442
1972
7910
2257
2620
3510
1154
6983
2401
32
3610
4009
5631
474
2892
6484
8093
997
8155
5048
557
486
3810
6415
4885
5126
248
6249
4689
5756
5756
4037
7755
3026
5398
2541
7094
1253
2465
5272
6740
2544
4232
1619
7642
3470
6791
5956
5471
4628
4164
5434
6895
3301
7309
2446
1824
6892
777
4211
1343
2489
1488
4174
1395
5629
7398
5283
7621
3276
3811
7652
2081
5086
7182
2979
7591
2547
297
8008
4034
3391
3682
1677
4040
6992
1170
3320
2105
327
7626
3609
3483
1786
4796
7209
4502
6385
7888
3732
4754
5583
2554
5772
6920
3517
5528
1171
5884
4354
1979
87
6215
7700
3728
6082
4310
7040
4852
3022
3609
1798
7773
6475
4236
1090
3623
3795
6895
283
7468
7956
2278
1253
5477
3240
410
4526
1941
59
7778
6995
607
852
6806
6842
7090
5283
7497
7132
951
1893
7670
5434
4942
3588
7229
6243
1090
7976
1982
591
4644
5716
3197
4316
8176
6721
7279
957
2858
7568
7398
1704
2021
1430
4201
5514
1380
4213
4595
7609
6877
7447
187
2418
1171
6903
4150
2419
210
5629
1699
948
6391
4203
2924
6778
1473
7518
8093
1057
7327
8105
4545
1933
2427
5677
4464
3162
2654
1114
8043
869
2179
5259
137
3358
2487
4308
1864
2031
6781
6483
4903
6134
2429
8190
6409
5
5573
1171
1345
5185
6327
4618
4855
947
558
1896
5348
5856
1862
4201
3834
1672
1519
1384
361
7823
2223
2289
5767
979
7063
6800
8004
7256
1434
5853
7568
1925
6767
4482
1824
6756
8081
5220
3407
3007
1836
3475
518
2270
1641
2967
3849
6906
7006
6590
1839
7845
1581
97
2401
1362
4089
5742
2937
5499
7110
2894
2015
7281
7722
1750
6951
3598
5044
5095
3673
6518
30
4194
81
1241
5921
1234
5627
7435
1380
3901
6879
4858
740
1675
3992
7138
4335
