0
0
0
10
0
3
0
1
9
0
0
2
1
1
0
0
0
4
0
0
0
7
0
0
0
0
1
1
0
0
0
0
0
0
0
0
2
0
0
0
0
0
0
0
0
0
0
0
0
0
0
0
0
2
2
0
0
1
0
0
0
0
0
0
0
0
0
0
0
0
0
0
0
1
0
0
0
1
1
0
0
1
0
0
0
0
0
0
0
0
0
0
0
0
0
2
8
0
0
0
0
0
0
0
21
2
0
8
5
3
0
0
0
0
0
1
2
0
1
0
1
2
4
0
0
0
0
0
1
1
0
1
0
1
0
0
1
0
2
4
0
0
0
0
1
1
1
0
0
0
0
2
0
0
0
0
1
0
2
1
1
0
2
0
2
0
1
0
0
0
1
0
0
0
0
0
0
1
0
0
0
0
1
0
1
0
0
1
0
1
0
7
0
0
0
0
0
0
0
0
0
0
0
0
18
3
7
2
3
2
27
3
1
2
0
0
0
27
1
0
0
12
0
0
4
7
0
0
0
1
0
0
0
0
0
0
0
0
0
0
0
0
0
0
0
0
0
0
0
0
0
0
0
10
0
0
5684
2419
5264
1600
7798
7722
1290
3245
90
6864
116
2059
2064
7645
6935
5100
1740
702
5109
2560
7886
229
2137
3115
2576
1029
469
6569
5791
2100
4830
4553
3775
208
966
5790
7408
1163
1473
2626
1767
5191
5276
332
7015
753
7666
3687
6802
6306
1430
3095
3161
1821
1870
6797
7183
1110
4788
3722
6256
5376
39
5106
3079
7691
4207
4099
5149
4111
4290
7844
1200
5012
4375
3252
4881
7119
6667
3851
6335
6639
5075
5730
143
4211
3101
7590
1485
6665
7285
1464
533
5993
1717
7893
5092
36
2489
4053
4217
488
5791
6075
1395
7691
7908
5445
1899
4984
4329
5730
1145
3130
5254
5252
3721
3233
3492
1200
7256
428
2095
2304
4605
1744
4530
7361
3560
3849
6179
6864
6876
3262
673
5790
3464
2799
5434
3391
213
1484
5461
2374
1197
4468
3742
1781
932
2468
4339
2679
3742
2546
3652
5730
1084
24
2122
4776
4147
3051
2257
7739
3849
5419
1453
1564
5259
2726
1884
6982
1941
2340
5673
7336
2231
7346
1722
2993
7908
5327
6147
4947
3299
4790
735
7219
7717
4604
5468
1741
1269
8010
8105
5721
2825
4651
1046
6583
5024
8030
2818
6930
6365
2945
2387
2302
3359
6268
2028
3171
6086
6419
7075
2787
5597
7913
5347
2255
4623
1420
3213
2427
7507
2119
3274
6926
5364
684
261
6240
2541
7818
1348
3103
7900
6500
520
4917
3044
3292
4206
368
336
1825
6905
3563
4571
1849
5890
3162
1567
2698
6131
4011
5790
844
2491
7823
5749
747
7582
2891
7293
1364
940
5799
1666
3923
3733
2691
7658
6380
5196
706
337
7336
2000
5256
6703
7381
7207
7224
7149
7910
4561
4147
3555
2119
6569
3939
262
5890
3969
4788
7366
6159
2360
4162
7210
2013
1087
823
8173
741
4836
3684
2887
2691
3766
5812
5510
6081
4402
2305
1040
3245
7333
4771
6437
2240
486
4175
7691
1021
6009
988
4845
532
4719
6046
5887
1950
5844
1729
2622
2029
3480
2525
4813
6724
455
786
6283
1773
2584
3702
6953
7902
6820
5573
7497
740
1672
2359
3392
6910
3064
1692
2197
4726
1226
4595
249
743
5413
5853
2370
5647
6781
2627
6877
4000
3208
1619
999
4705
55
2578
6724
6513
7319
3894
7121
795
5115
6889
7415
4067
5856
3206
7478
4385
4539
3025
7201
2453
2466
6657
3572
2548
5644
6412
2482
5748
3968
563
6399
5670
3791
7504
6570
4258
250
6868
7321
3085
6199
6583
3196
4441
2907
3916
6558
1825
4284
3334
5686
1057
113
6589
6380
117
7658
7061
5777
2271
6202
2104
6706
2943
4827
4779
1289
4290
7852
83
3402
4950
6549
8071
3564
5541
4316
1457
5713
4123
6075
7207
94
6105
4339
6906
4074
3288
3326
7235
7207
7656
5956
4983
5322
2898
6531
5086
1544
1595
2576
6724
5024
5019
5445
6234
787
3426
4764
3264
2501
6703
3021
978
3177
297
5742
5363
5627
4882
6994
3526
174
3305
1450
354
7630
761
7504
5243
2386
4831
4745
5890
208
4482
3676
675
2121
1105
5531
5601
5918
557
143
795
7173
4410
966
3570
1360
3828
6198
6228
1100
7405
7424
4753
4099
3427
1566
7058
3546
2039
7617
30
4822
1752
1870
7908
8187
1009
1445
5379
7766
1260
5535
5732
794
1714
331
2422
6372
3120
392
3364
113
4740
3445
2217
4604
3140
5434
1778
4521
7415
6473
6927
4361
8187
7230
1958
5606
1405
3031
1099
3327
1628
2735
7243
6639
5193
209
3987
4362
1830
2956
2860
2641
66
4271
2095
7233
6107
6697
6928
4969
2795
6760
4153
1029
795
2654
5238
4643
5252
3971
3331
7732
4169
7497
3999
2548
6345
722
8178
2540
5652
2230
7798
7196
4237
3482
5708
2936
1283
690
1370
7833
8054
7421
7854
6437
2527
6983
5019
6583
925
1509
7991
4706
6125
8142
2780
7334
117
3504
1226
6899
392
4960
2628
4640
2653
4472
6760
7028
6540
7989
7285
6860
4294
3666
3047
5128
4361
5891
4604
1157
1491
6813
4576
1532
7036
6876
2468
1652
3732
900
947
6450
5077
408
7304
1441
3150
320
7537
1902
2129
1704
5090
2973
657
2429
2661
6508
7679
7155
7948
676
7728
5723
5972
5511
2050
1336
4497
3120
4024
5975
5389
2280
534
7903
945
7408
6745
408
5921
352
6551
382
8131
2847
4633
2283
4375
4457
8048
4835
7172
5829
845
5537
749
7671
5949
1299
2284
7459
2436
4148
3142
6615
2217
5264
2624
1535
7732
5809
5762
6639
2568
4300
988
3031
261
7902
4596
5275
149
6082
3398
6724
7494
4525
3535
4360
79
1651
2672
6090
5366
2478
1991
3264
7
7082
6145
392
4607
7825
5236
7221
4849
2020
1304
7887
1129
3443
568
45
1452
2002
2512
5682
2002
6380
2964
7178
6180
7290
3943
3873
2603
5785
6787
4974
4888
1638
8015
568
3685
6381
5150
1210
4300
4353
404
2716
61
7573
8190
4926
5092
4290
1521
6137
4798
1899
4038
108
2208
5804
5550
7242
638
3732
7104
771
7798
3288
8020
1820
7211
2568
3743
6889
2874
2047
4604
7692
471
7527
7520
2799
7210
3162
7011
4192
541
1620
1024
7784
3375
184
8119
2013
4388
6317
5321
7791
1132
900
1065
7844
2207
4516
3394
2638
728
1403
6175
6926
5133
7825
2264
7887
6310
4651
6041
5559
423
4472
2489
4238
6027
6678
6065
638
317
4836
6600
303
3447
3711
761
2960
7167
1563
5161
7506
373
2270
2690
5183
1195
3445
2378
492
2629
4290
8047
8187
6983
3292
4290
7155
6648
3650
2411
5050
3128
4662
1364
4958
2088
1934
7218
6659
3191
5965
7484
5434
4533
7757
2379
3992
5791
5128
7997
3469
2620
650
2100
6839
2406
5183
7415
4222
4940
5790
1620
5272
4222
5975
1320
725
4009
3448
4504
8048
2633
7205
575
2483
1809
1173
8176
508
7590
6877
7967
6922
2635
4950
2479
3179
2761
2280
3600
2210
4192
1815
7028
3995
7207
3609
7915
7398
3405
725
1929
7034
7196
7980
393
5997
5580
7924
4489
951
5688
4990
3676
