0
0
0
10
8
9
0
2
9
1
0
3
0
0
0
0
0
2
0
0
0
1
0
2
0
0
0
0
0
0
1
2
0
0
0
3
0
0
0
0
0
0
0
0
0
0
0
0
0
0
0
0
0
0
0
2
0
0
0
0
0
0
0
0
3
2
0
0
0
0
0
0
0
0
0
0
0
1
0
0
0
0
0
0
0
0
0
0
0
0
1
0
0
0
0
0
9
0
0
0
0
0
0
0
22
3
0
7
5
6
0
0
0
0
0
3
1
0
0
2
0
0
5
1
0
0
0
0
1
0
1
3
1
0
4
0
0
1
0
0
0
1
0
0
0
1
0
1
0
1
0
0
1
0
0
0
3
0
0
0
3
0
1
0
0
1
0
0
0
0
0
0
0
0
1
0
0
2
0
0
0
0
0
0
0
0
0
0
0
3
0
9
0
0
0
0
0
0
0
0
0
0
0
0
10
2
9
3
1
3
26
6
0
3
4
2
2
11
0
1
1
10
0
0
0
2
0
0
0
1
0
2
0
0
0
0
0
0
0
0
0
0
0
0
0
0
0
0
0
0
0
0
0
10
0
0
5735
6258
3207
2071
6258
946
2459
6457
4010
1313
6979
4136
2116
3161
2202
7633
2244
7827
1415
5891
3847
7437
4484
5779
7563
2615
6826
1070
7673
2051
6892
4609
466
2988
889
5377
2715
4053
2958
1971
1103
6618
4712
414
3682
7463
920
7138
226
1415
857
320
3077
7592
4703
7064
4914
1177
4146
561
7746
7178
3542
7452
6258
4233
7451
6002
2150
5231
5129
3232
6595
1125
3253
3890
6226
4525
7427
3405
4635
6569
5347
3222
2100
1716
1709
5275
3728
686
7093
500
7776
4804
7424
5860
6104
335
4712
7880
5920
2732
1917
2376
1642
2756
5325
6458
534
3647
3816
1999
1037
1693
5691
5790
1522
3096
4702
5222
4814
6867
724
802
5746
5279
7880
5498
1008
3676
2995
3742
348
3519
3567
3199
7671
2656
6966
1742
1284
459
7367
2368
2064
2799
7787
1467
6609
6263
4774
4693
8041
955
6867
498
8120
906
1765
7093
4155
4536
448
2920
5268
3891
2792
2812
3239
1627
5940
5935
4943
122
1162
4131
135
5358
7664
437
3673
6468
1640
7829
5373
3283
3921
6010
7804
696
220
6417
214
6139
3954
5689
7165
5479
5940
7449
5061
2174
7449
7146
709
6172
4679
2394
7409
6242
3001
1898
7523
7431
225
6259
2511
7323
2750
7749
5911
6850
5557
2820
2435
234
1083
2860
277
4658
1537
3680
6029
516
7329
1591
2353
5497
4658
79
983
6299
6862
4750
5917
2724
2202
3223
5458
8013
2165
4359
3012
5634
3364
4164
4017
1405
6299
3148
4696
3317
624
3978
2428
6010
3446
4205
5972
4599
4253
4683
7523
6010
5741
1216
5956
2094
4766
2184
6750
6242
4118
942
4912
6456
2202
5690
3501
585
5303
1571
377
4624
1104
1515
1673
1186
4658
3066
606
4949
3148
4863
2135
1780
3295
7762
3156
4917
1063
606
276
934
889
3003
304
3185
2420
5937
5250
20
498
3657
1474
160
4993
718
5450
1038
1969
3225
3240
5661
3770
1360
3857
7381
6999
1489
6765
1491
449
536
3165
2353
4602
889
4021
945
945
4829
1863
1834
4855
4313
5042
3892
4248
1338
6038
3145
3959
4319
1464
6937
6104
3612
549
2712
8099
1651
7460
2925
897
2080
7445
6743
719
2251
2833
982
1422
2875
3175
6618
3718
1686
4963
3369
1707
1744
2502
6038
4580
4052
5465
7615
626
3528
2534
1898
4204
6998
179
3012
2008
7013
4658
7300
2960
1591
6655
4228
1036
4456
5779
8143
7964
7131
2320
3567
1186
1672
6635
6590
3625
5314
1881
5726
897
7871
4253
5786
3857
5786
5064
5094
2714
7607
6266
5572
7973
1396
3282
6885
5818
1142
7940
900
5815
7438
5040
2792
7387
1787
3619
2949
4644
2061
1898
2647
5079
5324
2947
3308
2330
4696
1589
56
2792
2353
8
3958
972
6242
754
3913
1986
924
850
7683
7305
4302
6504
5144
4912
3813
7596
3222
8178
2736
4264
3283
5744
5579
3901
5572
5090
4148
8084
4890
2247
6087
4239
6201
2765
1089
5217
1185
4331
7517
1291
1323
7248
7668
7381
7855
6259
7652
1579
4801
1869
3816
4867
1502
1978
5779
5079
2889
3966
5366
4928
5040
7381
3125
461
7116
7097
7506
5553
595
5579
7223
3148
6862
7549
6962
3659
4863
7806
7691
389
3713
2287
6796
2844
1130
7022
5077
6828
3134
7146
6057
3953
3567
4655
7718
3947
3488
8027
7657
4594
5326
4914
4018
7070
6138
4929
6363
8067
6672
1969
5806
1969
6761
4001
283
4207
5572
6976
3993
985
1688
799
5546
1742
2368
2584
960
6443
6925
2714
5897
5322
679
1826
1554
46
3656
427
562
2448
5042
682
1519
5214
4909
5181
260
2139
7805
4878
4878
1273
2529
4205
1623
7472
6138
6616
276
632
1258
923
6963
2036
5690
5495
2273
3542
4143
7297
5018
1104
4863
6259
7173
1525
437
1948
3368
6254
3625
1425
6170
2529
4679
3688
323
2448
3692
3887
4855
8153
7645
1162
4551
1118
5268
3164
6945
3188
6231
7438
7903
2311
4855
5453
3941
5144
6242
3528
897
7596
900
8174
7388
549
4401
3839
6801
4512
7035
2165
7664
22
2184
2984
325
7223
886
486
934
414
4216
1442
219
6631
2353
6414
4293
2098
7903
2007
6661
4484
3123
6954
4654
2574
3183
1711
4228
861
5409
3729
7388
1571
1296
4155
6449
466
5661
6649
28
7223
3741
2423
3446
6172
1229
2712
1774
6825
6494
3282
2712
2502
6601
4680
343
5153
4651
7223
111
4110
5164
505
3226
3317
5944
3575
8148
6826
5229
7304
7726
3212
4955
3625
6638
5852
7760
4890
1698
4410
3502
8134
168
7720
5246
7704
826
7232
5353
2142
3631
2320
6589
5062
1711
4917
6174
3452
3083
7596
6104
5396
2011
3730
7673
3188
5779
4509
7932
6083
7593
7733
4750
4890
2428
2331
6596
2420
7438
51
5622
3317
4418
745
487
3874
7960
2984
5081
7269
6659
7060
4912
7078
5535
6077
7967
3477
5650
5450
8167
3947
1425
3004
2757
1392
5935
6767
176
3043
3317
4658
7445
260
1962
4979
7602
1507
2435
7057
5129
3184
3212
5643
2650
3232
2773
276
1672
6170
6601
449
7306
6754
3589
3542
1892
3373
7406
6194
6750
5779
7003
1089
813
6520
7074
5244
4202
565
7467
5129
4120
6798
2513
1548
3911
8147
4914
900
1673
7857
2135
2251
1968
5987
2773
6258
4670
1425
3304
427
6038
2329
5353
5260
5572
5475
389
5714
448
731
2029
3074
222
5033
5619
3290
629
7643
6761
211
7317
1352
5286
2785
6443
377
2736
592
7986
3220
8025
4475
6315
1881
6750
6532
3371
6498
6604
5516
4659
1565
6384
1565
245
8156
6553
2287
7797
3551
7319
4089
443
4167
5564
5022
4146
779
3240
7022
447
2978
2330
971
7922
271
135
6352
4515
4515
5169
1959
7585
5821
5923
2164
7484
4538
2854
6450
4148
8050
2112
2325
585
7477
2850
285
5245
4479
6289
7306
3183
2351
4515
4696
6805
5416
306
7074
5291
7323
7246
396
4255
3127
5778
3001
4890
4866
960
7461
5283
1185
6587
