0
0
0
9
3
8
0
2
10
0
0
2
0
0
0
0
1
3
0
0
0
0
1
5
0
0
0
0
0
0
2
0
0
0
0
1
0
0
3
0
0
0
0
0
0
0
0
0
0
0
0
0
0
0
0
1
0
0
1
0
0
0
0
0
2
6
1
1
0
0
0
0
0
0
0
0
1
0
0
1
0
0
1
0
0
0
0
0
0
0
2
0
0
0
0
0
10
0
0
0
0
0
0
0
21
0
0
6
7
8
0
0
0
0
0
0
1
0
1
7
1
1
3
2
0
1
0
0
0
0
1
0
1
0
7
0
0
0
1
1
0
0
0
0
0
0
0
0
1
1
0
1
2
0
0
0
0
0
0
1
0
0
1
2
0
2
0
0
0
1
0
1
0
0
0
0
0
3
0
0
0
0
0
0
0
0
0
0
0
2
0
8
0
1
0
0
0
0
0
0
0
0
0
0
11
4
7
4
2
4
31
6
0
3
3
1
1
7
2
1
1
10
0
0
0
3
0
0
0
1
0
3
0
0
0
0
0
0
0
0
0
0
0
0
0
0
0
0
0
0
0
0
0
10
0
0
7615
4702
3526
3439
4852
4693
1938
2459
4655
4572
569
5292
6276
5283
3010
5107
4303
146
3321
3478
1424
6889
5659
1926
7914
7941
6082
1030
2402
4694
5423
5107
7556
4478
1978
7477
7933
5351
7178
7716
7546
2004
639
5987
3714
2686
2541
2280
3178
4873
7945
404
7165
4372
1856
3457
6224
3205
1602
2591
4778
5430
2397
5909
7034
6344
584
4319
6357
7745
6863
6318
3720
6370
3981
6608
4766
3351
8078
2530
7584
3988
7798
1242
7122
7333
7235
5535
7852
6868
7527
4319
5999
182
2228
2225
83
484
3997
2182
48
5742
2762
4835
280
3548
4634
211
6141
3082
7978
5843
7275
54
1690
797
3168
3519
1158
3212
1464
2737
3321
557
1010
5909
3245
1786
4418
2000
3304
6411
813
3317
6158
4092
4038
5107
683
6663
6242
6307
6344
7982
6639
1607
1769
1638
7584
5276
7269
6653
402
1559
4274
1280
8
7408
6884
7910
4361
1762
6123
3003
5496
3886
6872
5505
5497
4029
1483
2709
1040
5726
5682
1801
1094
5877
3783
2887
7661
331
357
6964
4138
5967
3284
5850
7995
2986
4065
2553
1896
5066
7598
2837
7604
762
5450
734
1451
3185
2803
7745
4074
4038
1224
698
1248
4509
4074
8160
780
6687
327
751
1730
3430
2200
7446
5135
7502
7214
5756
2464
3290
6483
813
6494
4267
6536
4837
41
381
1497
7941
8060
1821
1709
7375
3371
4069
5687
3902
7375
6914
2090
1619
6322
1378
518
5967
3836
5251
780
5622
1595
7446
51
51
5323
5144
3382
6902
2834
41
1390
5035
740
7745
2090
2295
5251
6676
896
5622
3140
5496
6443
2893
4946
7702
3963
674
1283
1695
152
7534
6716
3776
6443
5251
1474
7604
6716
7895
937
8098
856
6676
4264
5963
545
4398
4767
7743
5704
1377
603
1695
5366
1922
6443
4802
2631
5373
3140
5251
1695
7713
4138
806
127
5622
6745
1543
1208
7800
8188
449
3563
1451
6723
3100
7695
7713
5366
7677
3458
3987
646
4983
4946
7702
67
6546
1834
2867
3369
1283
68
6928
7156
4093
481
2584
3901
3860
2867
94
3290
2336
7146
4868
856
813
937
5251
41
6443
2370
2893
5842
4362
127
5820
2314
2232
7000
1151
545
5569
1708
4138
334
2943
6816
7459
7628
7237
2198
8112
3526
2499
449
152
5597
2291
5384
6723
381
2943
1143
5358
7395
6011
5073
6746
5314
1718
6627
6186
2584
6433
2412
5535
762
4946
1115
3778
1628
7375
1070
3148
6937
2676
1230
5286
196
3169
7373
3104
2098
7045
6057
780
4138
4398
2064
357
7332
1469
3140
1354
5716
2889
6969
4679
1894
5011
1898
970
5659
7556
4979
1541
5019
7223
1523
732
4108
3258
3558
4983
1950
4965
780
1695
2427
1115
1523
7596
7357
3486
4906
7644
2447
2387
810
4883
2900
152
6631
4539
3836
4541
5580
3124
7303
3379
1664
1242
8186
127
379
196
5184
5595
1474
41
3048
5481
5250
5982
8043
8107
413
7748
5011
1926
1351
7082
5251
6443
404
7255
7450
8082
2901
2815
857
191
3188
559
5659
8168
1922
5967
1163
2218
7146
1687
4983
2658
1707
4517
8155
214
2116
1938
3100
6282
3334
152
1730
7146
2482
3559
6425
2570
6619
3374
842
586
3002
1104
7060
41
956
3413
3895
6186
7973
5323
51
7677
5899
933
3891
695
5048
3208
1834
5655
5634
5251
1223
4658
5857
6112
7271
1183
2762
1986
5420
1593
5417
6172
68
2021
2643
3696
1855
4019
1841
5251
3327
1687
7440
4341
1425
6089
3466
6770
7973
1898
5251
1644
7604
3122
5251
1578
6872
558
5353
8125
4845
1855
7534
3879
41
813
5775
3717
3879
6425
941
2233
6653
152
7323
7237
6850
6482
4664
5082
1502
4450
1569
5622
7645
4138
4946
7840
3659
4946
8132
2129
6150
7702
5003
5251
2658
6616
362
41
6399
3499
5079
6383
2643
762
3403
3372
6687
6653
7388
7818
1858
755
7101
2263
3682
1336
1104
3879
3879
8084
7060
7308
4304
4988
2139
5546
6914
3563
3776
4946
6687
6687
215
3274
6336
7713
3327
6897
7146
2643
1898
1283
7903
7478
371
1070
899
1619
2683
7604
7446
3717
2658
7308
755
762
8168
1730
516
4960
5251
7206
1418
680
3120
395
3620
6138
2472
4958
447
127
2122
6010
67
3987
4632
4317
2736
4569
2007
4515
3351
427
3363
2584
1296
2511
972
6437
4093
4693
6052
6705
5275
2405
7901
2358
216
3548
7000
5323
5477
7857
449
1377
5016
7332
6796
6089
4628
2496
3916
7604
6322
110
7096
2268
20
5418
2777
5840
3401
4475
1672
1765
635
1709
2777
418
6689
706
2420
3146
449
4419
5599
4275
3544
5129
825
6761
5112
4484
3240
6672
7274
1104
3717
610
7375
7274
2276
1939
4005
6553
4146
2378
7926
7484
1319
7545
960
4387
1260
7604
762
2276
2699
3741
2309
3542
3947
7545
7405
7596
46
202
6208
4697
1377
1708
5659
5829
3348
5396
3968
2066
4498
6826
3958
7405
5272
6417
5999
6677
4679
833
4602
5377
1038
3585
5013
941
683
3927
1590
6349
1494
3526
3551
7483
2984
7240
3585
4618
4192
1627
3809
2851
4484
5746
5744
5335
5326
1823
7223
1672
2309
8030
4710
3741
5129
1774
2499
4718
5922
3668
907
3477
6135
4099
1038
30
2684
5129
6000
5746
1463
6560
6761
7545
1672
271
1539
202
5129
4233
2309
7688
6553
1209
7419
7013
5019
5112
937
643
7131
4070
1863
2986
3240
2496
1787
8111
3551
3389
3225
3860
706
1872
3223
2254
7945
4293
4632
3240
2061
3494
4569
960
1209
2513
7230
7258
1295
6828
531
7916
5013
3148
3585
825
825
5998
3585
1706
414
4372
3886
1672
5520
5453
3402
7364
6828
3542
4442
1620
568
5536
6828
3240
3413
7722
508
3706
8171
504
5547
4142
4888
6259
3614
4442
414
7868
8078
170
1697
5998
5430
4937
3572
4561
3541
2629
2405
1863
4089
8040
631
7419
2629
3661
3755
8006
7997
1631
1049
3953
2753
1593
7013
338
