0
0
0
9
7
10
0
1
9
2
0
3
1
0
0
1
0
5
0
0
0
0
0
3
0
0
4
1
0
0
2
3
0
0
0
0
0
0
0
0
0
0
0
0
0
0
0
0
0
0
0
0
0
1
1
0
0
0
0
0
0
0
0
0
0
0
2
1
0
0
0
0
0
0
0
0
0
2
0
0
1
2
0
0
0
0
0
0
0
0
0
0
0
0
0
0
8
0
0
0
0
0
0
0
27
4
0
5
3
9
0
0
0
0
0
1
3
1
0
3
1
1
6
4
0
0
0
1
2
1
0
0
1
2
7
0
0
2
0
0
0
1
0
0
1
1
0
0
2
0
1
0
0
0
2
1
0
0
0
0
0
1
1
0
0
3
0
0
0
0
1
0
3
0
3
0
0
0
0
0
1
1
0
0
0
0
1
0
0
5
0
6
0
0
1
0
0
0
0
0
0
0
0
0
11
11
6
3
6
4
24
9
1
3
1
3
1
17
1
0
3
10
0
4
0
1
1
0
0
1
0
0
0
0
0
0
0
0
0
0
0
0
0
0
0
0
0
0
0
0
0
0
0
10
0
0
26
390
3783
5664
4329
3145
6134
1275
4722
1224
1579
1408
5889
121
7143
5403
3742
2627
1922
7060
3243
4767
1922
41
5662
926
2216
7064
174
4412
1534
1105
8152
5303
906
2484
885
8160
5579
3720
575
588
1076
1338
7997
3594
1565
5906
6000
485
5908
1687
4868
701
362
3131
954
5603
5308
503
7721
334
2400
6185
5435
5342
2416
7955
1375
6373
5593
2433
1254
474
557
1566
705
4011
1164
3120
557
7713
3131
3866
6723
1806
5017
5243
6757
261
7980
4583
1148
7442
2375
1798
6489
518
5863
919
589
3181
7794
5674
4001
221
4577
8152
4201
5097
7422
8165
7152
3031
1377
2003
152
381
1995
6703
6375
1021
143
6789
6041
1171
7129
7640
7378
4274
7961
6326
7008
4978
4059
35
4030
6074
4695
3117
1140
5524
2821
8087
301
6539
3105
7139
1223
3828
2557
6438
3759
7726
909
6630
6082
1308
2527
7415
1819
1426
7762
4477
1704
4496
3293
2192
289
6383
2050
1888
1915
3168
3443
852
7526
5742
7695
2772
3284
2980
3571
988
4530
4533
3111
1453
2464
1671
6154
6139
7936
3624
3197
5481
7143
7072
4450
7692
4486
2401
5772
1839
1450
3117
727
2002
6724
2815
3563
1911
152
41
856
1687
2003
391
7415
6274
1962
7443
1226
2684
7039
1345
8174
61
937
8075
978
3789
573
727
4383
6327
2029
1468
7101
6835
3866
4983
6723
4891
467
7263
1922
3563
5740
485
8122
2442
4291
5906
3364
1200
7247
7464
2690
3782
2119
6721
683
239
7893
4441
2196
5566
3693
4946
2482
1337
3985
3866
2324
4460
7981
7822
7159
5740
4460
5366
856
1675
3911
6781
8176
3791
2802
6294
7369
2278
4097
6847
5171
1124
3635
2150
3835
3635
1730
2083
2472
6197
6399
7159
5599
799
7857
6790
2946
751
4460
6160
1894
3979
3608
557
7059
7155
4261
7229
7243
325
7034
1893
3223
976
7158
314
2925
152
1337
7476
6816
7263
8050
3612
5466
2122
4169
5096
578
505
1718
1101
5740
856
929
7258
7028
2143
5652
1742
5531
4975
1050
1734
1708
1898
1731
1860
5655
1860
1681
467
2399
1788
5937
6434
7005
3820
3247
6593
168
5698
2094
3880
4891
5740
41
6322
1931
7303
3534
3259
6242
684
729
813
6443
4947
3866
362
196
1729
1722
3104
5908
605
4683
2900
578
7000
338
2854
5858
545
4974
2448
5599
4947
7263
2003
7675
1308
3515
3052
7067
5867
206
6555
353
4435
3187
1860
6745
5256
1922
7981
4460
5946
7060
5550
4398
3252
2080
7195
6761
606
7928
935
941
3952
4205
485
1922
3414
1333
3847
1917
7585
6653
2397
4756
2003
3895
4535
2596
1922
485
5908
2291
3372
2170
3979
2497
1060
5784
8021
97
8177
3581
1092
3879
7857
1101
856
856
5364
1617
7289
3805
47
5111
3219
3104
4868
2399
2472
4697
362
605
2847
5740
7159
1861
5575
6399
7015
6906
4466
1043
96
4289
3371
7346
3372
5946
3866
6443
963
4356
4727
6012
3252
5731
941
1377
2003
5799
1208
357
1898
7083
1337
3866
7863
357
5047
691
2941
2027
7872
2688
2184
7308
205
6748
3675
5409
4947
1283
5209
4027
4481
7380
7911
4084
6864
3479
1922
4398
6433
357
1442
751
605
605
5946
4891
637
1628
751
4845
2357
4845
7074
3243
7308
2198
2324
8050
605
6563
6183
1043
2632
1739
7670
785
6583
7527
6814
6433
1708
1208
4042
3187
5908
856
1695
302
6914
2646
1398
1065
1159
2158
6314
1730
353
3372
7863
3131
41
7782
308
432
4806
2047
90
4008
3861
7995
866
6743
1747
7217
6748
5967
4947
3866
7345
2627
485
603
6433
7082
4433
5976
1806
2614
3770
4196
5946
1894
923
7857
4547
5731
4759
1659
5914
7497
5594
4202
797
4291
5748
5106
2047
2643
1860
7131
6197
3030
5946
7159
7003
7388
7003
2785
4756
68
4460
485
41
3460
4100
4891
7159
531
102
1531
3046
3916
845
1716
898
370
1646
625
2952
370
3333
2482
4547
4947
605
1101
6160
5618
207
6816
6902
5908
7981
1710
5256
5896
1589
751
6816
531
1137
7533
6789
4407
140
268
4806
98
2295
6433
1427
4165
4003
5511
2497
7346
1922
605
485
4460
5946
3866
1731
5946
605
152
2892
6059
2538
5033
2638
4291
1907
3202
43
2715
98
90
5520
1550
2324
1898
3770
302
922
7427
370
352
171
3131
68
68
1337
5908
1337
605
3866
152
3455
3245
7061
5903
3770
3202
5420
4209
1255
5742
5999
2031
1396
6437
1731
4844
4547
1205
1104
4873
3348
7608
6493
1731
1860
171
1059
3563
7713
3563
8099
3988
1157
5236
6829
2929
5667
7976
2271
5344
4718
3173
5412
6926
2285
7453
5496
1644
5967
6266
3401
7297
6150
4194
5884
7309
5079
5245
562
3759
8078
3487
7692
4842
5265
5802
6353
4209
4710
6484
1319
6953
7190
6818
7645
3052
5748
715
7713
1377
1273
4884
4196
1125
7905
2499
5531
5884
1134
6225
332
4017
3414
2464
3589
832
39
1965
3651
4604
3962
5984
39
4255
3886
588
6497
6829
7406
6188
7448
3351
398
302
207
2614
4547
4333
7387
3208
6205
5640
2464
5627
5403
6473
7755
6906
4084
947
2369
4290
2286
684
426
3074
3191
6714
2177
4820
3449
7246
5193
2198
767
1718
1681
7822
972
4614
1731
5946
6816
7531
4299
390
811
7435
8128
4934
5993
7494
335
1675
852
1989
1928
6273
3967
8055
1124
6320
2066
2051
3936
5158
3675
1681
7159
447
5946
993
2840
207
3312
3120
1522
1618
469
5627
3642
6656
3755
2491
1200
988
171
8030
4391
3386
3744
255
4207
7661
7269
3835
526
4913
1357
3550
6160
3219
1205
2534
4547
5497
2934
5430
1164
1046
4299
6321
332
8048
4255
3667
5256
7863
1125
4878
372
174
1965
2401
5778
1617
7941
8160
5209
1699
1775
4342
357
1898
1860
8117
2298
4255
3225
1776
169
7028
4771
6274
8006
3391
5975
3469
5937
1718
1681
