0
0
0
10
2
10
0
2
10
1
2
2
0
0
0
0
1
0
0
0
0
0
0
5
0
0
0
1
0
0
0
0
0
0
0
1
0
0
0
0
0
0
0
0
0
0
0
0
0
0
0
0
0
0
0
2
0
1
0
0
0
0
0
0
3
5
0
1
0
0
0
0
0
0
0
0
0
0
1
0
0
0
0
0
0
0
0
0
0
0
0
0
0
0
0
1
6
0
0
0
0
0
0
0
25
0
0
10
10
5
0
0
0
0
0
0
0
0
0
5
1
0
4
0
0
0
0
0
0
1
0
1
2
1
4
0
0
0
0
1
0
0
0
0
0
0
1
0
0
1
0
1
0
0
0
1
1
0
0
1
0
0
2
1
1
0
0
0
0
0
0
0
0
0
0
0
0
1
0
0
1
0
0
0
0
0
0
0
0
3
0
9
0
0
0
0
0
0
0
0
0
0
0
0
11
6
9
3
3
2
26
4
1
1
3
0
2
20
0
0
1
10
0
1
0
1
0
0
0
1
0
1
0
0
0
0
0
0
0
0
0
0
0
0
0
0
0
0
0
0
0
0
0
10
0
0
5754
4372
4568
6307
7598
7795
6215
7722
4800
2175
4053
2684
2330
1041
7148
5701
3287
2560
1462
1213
1308
870
6895
2304
3165
3515
2192
3229
4602
7866
227
5107
5408
434
835
3100
8060
7350
5149
2230
2260
3755
8106
780
7146
3298
5311
4338
3783
2762
5909
5829
5373
3742
3848
1050
4837
1003
4011
845
2686
2304
4112
3943
7614
1193
3056
5952
4727
725
137
2218
4583
4857
7787
4138
1898
5594
7206
5799
4030
1224
978
225
7585
1336
200
4359
2728
651
732
6438
1360
7445
2064
2633
3148
566
2408
2368
1219
6884
2149
335
4270
4820
269
4515
7946
6452
7651
4946
4868
2960
4841
5384
2663
4295
338
7086
6150
2164
2686
4046
7688
6411
5915
3783
588
5250
4707
2499
4399
7692
4049
2496
4853
3503
5018
5323
3718
7375
643
2933
1922
7793
7942
7332
1789
2811
7613
2762
2489
3067
3631
7645
575
2764
1821
2370
2175
1248
6833
1522
5404
1003
6761
2184
2192
6317
1730
7733
8098
6653
5011
4652
4138
41
381
6968
7391
2284
7053
5272
5272
6716
1730
7375
4058
393
6950
3987
7545
3351
933
1607
1599
7116
5892
469
4138
3836
2083
1898
3776
6638
5799
4155
7843
5251
856
381
6795
372
5107
6926
6336
3146
4683
6653
610
4021
3610
5655
558
1237
4338
2192
6252
1004
127
1730
7082
5251
152
2582
1708
2943
6716
7367
4652
5655
3563
2568
7864
2347
1075
6203
3369
4697
6631
6010
3776
4855
5705
780
2227
5720
5334
174
7763
7446
3879
956
1898
1474
3403
1145
596
6745
7704
1548
7871
596
3479
4212
856
6757
3643
4419
6208
7843
2295
1283
1894
7060
6398
1730
5185
7279
4029
5011
2691
3879
67
6631
923
3963
5622
2482
6172
3696
4515
5291
5756
49
1855
2627
2094
856
6676
674
7237
1104
67
3125
993
3331
6748
6723
1697
2496
8143
5260
1860
2353
172
2515
6482
2947
5614
7131
5450
6532
5716
94
6150
3290
7738
1104
152
379
3866
993
558
1115
762
6757
5366
3501
127
4323
5120
1075
6386
2691
3334
5479
4190
1439
5182
6383
8077
5450
6150
4641
2251
7206
5155
606
5018
1855
6443
856
379
1695
8117
4138
3866
1695
880
1031
3820
6048
4273
3893
5608
3714
4266
1860
6159
2427
7818
186
1104
1758
2723
4123
7857
4680
2235
7615
2465
2195
7060
5366
856
755
5150
3125
5597
2301
1707
6814
4401
2925
5128
4618
3363
3895
780
6653
362
5323
4611
6555
5484
3643
3030
6299
5987
450
6746
536
7615
49
2090
2735
7864
4401
6781
7346
3048
3183
5082
4551
1860
5967
631
5999
340
5011
2658
5323
5366
2021
6745
2643
5497
1115
3140
94
2992
223
760
7596
6553
3542
3441
7702
3987
285
6652
7412
762
1950
7648
2314
7743
1894
2024
3443
6315
7702
1619
4138
3563
1223
4855
2397
5622
1104
3535
347
4530
3575
849
5403
6759
1664
2860
3410
1599
172
5017
856
6443
1540
5242
354
6745
2098
5035
899
6170
1427
7818
5967
6928
2427
7903
972
7156
1481
282
3169
1466
8043
95
2553
6507
1331
3542
4317
5390
5251
1922
4946
67
3685
6568
549
3879
41
5998
2057
4435
1151
2090
2295
362
6653
5251
970
941
4696
1628
3067
3656
5530
3452
3143
4392
5874
4594
549
2735
1922
2291
3023
3453
5370
82
1077
1858
3776
4979
4975
3886
1744
1069
1474
4946
1730
6336
404
225
780
733
7556
8
78
3258
6220
4571
3136
2090
4624
7713
41
7864
2139
1291
7818
643
4450
3895
4946
6320
1425
4568
7556
2572
449
2900
5011
4904
4367
353
3228
5935
2482
4152
7271
4026
2968
7063
6279
1115
2943
5366
6928
3023
338
6336
2809
3371
7812
2090
603
7823
3483
6831
3503
7941
6208
8098
4551
5569
7818
1336
3194
6355
8117
720
1144
6002
6642
8132
7704
7903
3776
3131
3879
5535
5659
6745
6653
8099
3634
7604
2735
4340
3732
7570
4053
4238
1523
5522
4697
4123
152
7903
7903
2943
420
2318
1855
6825
4673
4697
4697
1858
6757
7743
4138
143
2020
1652
5366
6687
7787
7606
780
208
7304
5398
6131
2112
1774
6266
4697
67
6443
868
5366
1059
2792
1898
2075
3816
3359
2658
4138
2658
6745
7702
2357
3131
1687
5366
67
7946
2341
418
1855
6334
7784
1613
4578
2661
7995
4950
3700
1115
2943
152
168
3563
7713
5366
1223
1208
2274
7607
6214
5535
3165
395
3563
1922
5251
4946
7146
734
4955
3600
2759
1576
3402
2856
7640
7121
557
4312
3685
5522
1855
1708
6638
1930
1104
6138
1059
6494
3135
813
6581
1813
3827
2020
3776
5251
1104
1104
2101
2156
372
3888
1930
1121
5537
5143
715
2031
3416
3585
6384
6631
7702
5659
6291
987
2809
4159
7000
5745
2412
1708
2834
5315
6738
7919
734
6555
2945
4967
1797
1620
215
5761
5244
332
5840
6791
1849
1834
3188
5594
5945
2777
1799
3165
3165
2502
1296
1296
643
606
7013
5456
276
2662
3174
1799
1488
3478
4880
7871
1224
4335
1672
1944
3287
5183
2642
5019
4018
4164
1774
1607
2443
6552
718
67
1898
4123
7713
2900
7308
6653
3643
4845
2777
8021
531
5314
4475
4712
2732
460
3806
6082
47
2465
96
4654
1824
2206
7279
6548
2831
3322
4818
7484
5129
6208
3895
3895
4697
6653
6964
603
7146
7478
7244
4358
3617
807
5013
4914
14
2327
7596
432
5113
5715
437
526
7013
7006
3771
725
3326
2465
5744
1664
7419
960
6850
6631
7000
6638
7478
1104
7702
2336
3259
2161
6569
6836
3207
7451
1539
260
2671
6384
5687
6002
6796
7982
1932
3223
4053
4056
4582
5738
3980
5031
4317
7872
3483
2583
1898
4697
2412
4476
2889
4618
1544
2875
6108
968
2610
7468
4038
6587
3159
3158
740
825
3240
3068
7419
5428
6950
1863
3542
4641
1949
3774
1076
6884
6588
5079
3910
1070
5736
631
7246
686
6759
3882
2380
1664
960
2854
414
4784
4326
4712
899
3240
5326
