0
0
0
10
9
11
0
0
8
1
0
0
0
0
0
0
1
0
0
0
0
0
0
7
0
0
3
1
0
0
2
2
0
0
0
0
0
0
0
0
0
0
0
0
0
0
0
0
0
0
0
0
0
0
0
0
0
0
0
0
0
0
0
0
0
0
2
0
0
0
2
1
0
0
0
0
0
2
1
1
0
0
1
0
0
0
0
0
0
0
1
1
0
0
0
0
8
0
0
0
0
0
0
0
29
3
0
8
5
10
0
0
0
0
0
2
7
0
0
8
1
0
4
3
0
2
0
1
1
0
0
1
2
0
0
1
0
0
0
0
0
1
0
0
0
0
0
1
1
1
0
0
0
2
0
2
0
1
0
1
0
0
3
0
0
0
1
0
0
2
0
2
0
0
0
1
0
1
1
0
1
0
0
0
0
0
0
1
0
1
0
6
0
0
0
0
0
0
0
0
0
0
0
0
13
7
7
6
4
3
31
5
2
3
7
2
1
19
4
1
1
10
0
0
0
2
0
0
0
1
0
1
0
0
0
0
0
0
0
0
0
0
0
0
0
0
0
0
0
0
0
0
0
10
0
0
1565
6264
2361
4333
3136
225
3334
6209
4872
3423
3295
7945
5702
4708
4778
4061
263
6820
4238
4120
6902
6824
2182
8106
250
896
5831
5116
7980
263
6997
5091
2707
1698
4578
8179
4008
2836
8126
5151
956
7016
5497
3543
7834
5248
2498
1471
3326
4525
6228
1280
3443
4765
7679
853
1834
3326
615
6395
7358
5163
5147
985
872
2372
3715
2720
1227
225
160
1897
5981
4256
6408
3593
787
3358
3445
1306
1678
7087
89
357
4373
7349
1628
451
8164
6637
3689
2920
3804
6929
7363
905
425
6876
4951
283
2601
5456
2159
875
6403
4021
6209
6471
5786
2300
469
277
7857
347
2837
1782
4138
7237
1031
2811
3867
2936
2673
2407
6820
432
6788
6709
5778
4333
3771
1576
4502
3891
5759
8115
1705
3437
4483
1230
6790
94
1151
4547
1673
6225
353
1782
3082
3081
2925
6787
3238
8029
7882
3129
272
3783
7134
6782
4032
4949
8083
7853
5373
5357
1897
7268
2367
1507
4435
7478
1070
2867
3401
6186
2482
6433
1644
7857
2534
6545
2331
152
1258
447
7800
1980
8075
1890
6215
3290
6763
3520
5135
578
2936
855
7535
4610
6998
941
5260
6048
5634
2759
1898
3254
4949
5614
5535
447
6738
6429
7060
3879
4946
1347
49
7614
6041
1576
3490
4809
216
3030
7751
5327
2959
3282
2397
1208
5251
4696
7614
2913
6225
357
3140
2198
5479
912
6282
2534
1377
2534
6784
1644
866
4963
207
7932
4435
5748
3571
1040
6573
7524
4033
282
5245
7738
7367
1115
3140
6638
5967
4891
8100
1427
4547
6519
1688
3783
4165
1273
222
6787
6519
347
6282
4243
4369
7045
718
6816
30
2130
4773
3488
2243
3930
1284
404
7614
7857
3403
6816
3985
3879
3003
6816
7799
1291
6148
5724
4641
1812
6745
3567
5967
5599
4664
3317
7614
3114
2925
3122
4297
7405
7027
707
709
5555
1855
2534
269
4655
302
7604
1898
5366
1427
7595
7647
1678
6510
5579
5174
945
1260
2803
6225
4946
447
4433
5018
7857
6816
1644
396
7408
6820
8101
3308
1104
5569
7111
3208
3140
1747
7981
6399
6123
6790
4435
4722
5779
4229
1774
2358
2678
606
1070
1291
7534
7429
5256
7800
5724
3548
2785
4266
5364
7910
6670
2803
2792
1059
2448
353
1673
5946
7146
2943
49
447
225
1672
1803
1834
686
5661
5244
7737
6335
4178
6781
1644
1223
2324
2529
5466
4159
4449
5560
2410
7173
5716
6383
2485
2534
2397
4655
5496
2156
7628
5944
1284
466
1238
7872
1434
5482
5227
414
7596
1664
7595
8036
1069
7158
5146
5267
4844
6494
7822
5015
1849
118
6790
4450
6631
2759
5366
2427
3868
5146
7297
7358
7178
4735
211
6929
1949
3594
5224
5520
897
3401
2534
2562
5618
1860
476
4664
970
3836
1599
7884
2703
3960
1953
1841
347
7159
7903
5383
5243
1922
4547
4641
6315
5588
1038
680
2631
2544
1217
625
1331
8025
4509
353
2933
571
4890
4101
2614
5110
580
1631
7407
7561
6048
68
447
2054
7704
7658
4196
4499
5497
2572
3941
538
1774
3220
482
8081
1217
4153
5461
1209
7373
4061
7127
7614
7763
1543
1652
755
3446
3691
5015
2009
7213
7430
3165
5716
7231
2933
1628
1018
2291
3438
6482
7388
1360
3225
2578
8093
4575
5
5079
5831
2485
404
2860
353
562
2404
2959
313
3776
948
1409
3358
7358
3430
6631
5667
4680
1602
3104
6010
5799
3003
88
5569
2572
6553
5507
5113
1672
6818
7013
7905
7684
447
6519
3330
1358
3880
6723
3423
4360
6476
6509
3572
6593
6862
912
5155
4381
1926
4820
314
3048
4983
2837
7614
5239
4841
1284
6393
3002
6112
5944
2266
1391
4535
3081
6159
6701
6998
3221
646
461
8097
5292
4150
8038
7127
4077
7614
7614
580
718
2020
5910
4946
2804
3208
1834
4165
3438
5174
3933
1543
3548
4641
5466
1666
291
1858
4947
2738
7293
7429
2115
7548
4707
7187
6483
5969
4280
4244
5018
2318
2295
3879
8057
3879
1727
885
3212
7713
447
2860
5846
2867
1119
4971
6101
1294
962
1911
755
1326
4205
1834
1782
6284
795
1830
5921
1857
4355
6545
3958
5343
4178
5634
420
352
2485
5949
2165
4061
1858
4435
5479
4664
7624
2750
755
282
6734
1451
1390
6482
7647
6430
545
3963
90
4504
635
4975
959
255
5403
4291
4435
3895
68
1898
4854
972
6568
5977
2614
7159
1644
4734
5017
7249
347
3030
7460
6160
5614
353
353
1619
5465
4116
4950
4069
4521
992
6645
4478
7910
1965
1755
3593
1283
4946
3606
2357
5291
1567
3691
6745
4844
6816
6573
4576
4890
447
5479
4547
5291
3770
302
1511
1833
3389
4478
3252
5451
722
7484
7582
7670
5833
1105
4248
1922
2094
2847
3679
5291
6433
4834
5033
1980
3907
4231
4144
4231
404
2614
4398
2324
5291
1644
1467
289
7596
1023
4950
6358
2364
2761
8056
4067
7408
5322
1224
6177
287
6443
4435
1644
751
4547
5071
3052
3136
1451
379
7066
4982
4435
2643
6112
3582
4485
4733
227
1693
3481
1195
7609
2615
490
670
5287
6910
906
6864
3021
6055
661
2765
7000
6336
751
1284
5291
7297
7127
2197
4576
3195
7412
5424
7644
4010
1055
4820
4800
3148
5048
6611
5089
1203
3274
1897
6342
7175
1068
7108
6991
568
3358
2684
2645
4112
2134
7704
2837
4515
94
4061
2633
7476
68
5416
4150
487
3120
6440
437
6002
2707
6274
7342
3734
1505
515
6819
7129
880
4600
7252
5824
4319
5382
4478
4478
5537
7494
803
613
6981
3755
4413
5448
3007
7453
3095
2168
617
838
7236
212
1153
6120
5234
7252
3945
4556
4294
7950
7543
2483
2786
5649
7910
1467
5183
3847
1396
3186
1767
865
4671
6290
1743
1
1664
7615
1424
7447
2024
472
5220
335
6911
7453
4816
1683
1153
2146
1620
3570
1415
249
3739
2656
146
772
2252
2684
7887
4478
4950
7652
8001
1299
4181
7803
7102
1003
559
1698
4718
6593
174
4472
