0
0
0
9
3
5
0
2
9
2
0
2
0
0
0
0
2
0
0
0
0
0
10
4
0
0
2
0
0
0
0
2
0
0
0
1
0
0
1
0
0
0
0
0
0
0
0
0
0
0
0
0
0
0
0
0
0
1
0
0
0
0
0
0
1
2
0
1
0
0
0
0
0
0
0
0
0
2
0
0
0
0
0
0
0
0
0
0
0
0
0
0
1
0
0
0
9
0
0
0
0
0
0
0
27
1
0
10
9
8
0
0
0
0
0
2
2
0
2
4
1
2
7
0
0
2
0
0
0
0
0
2
2
0
2
0
0
0
0
0
0
1
0
0
0
0
0
0
0
1
0
0
0
0
0
0
1
0
0
0
2
0
0
0
0
0
0
0
0
0
0
0
0
0
0
0
0
2
0
0
0
0
0
0
0
0
0
0
0
1
0
5
0
0
0
0
0
0
0
0
0
0
0
0
10
8
6
4
4
0
23
4
0
1
1
0
2
17
0
2
1
10
0
0
0
2
0
0
0
1
0
5
0
0
0
0
0
0
0
0
0
0
0
0
0
0
0
0
0
0
0
0
0
10
0
0
2541
4647
1105
4120
7665
6746
5482
3207
3585
3225
1739
1698
1620
447
1803
2066
1023
6510
1798
6869
5623
5761
4112
4701
5687
1331
1473
7784
1944
6321
5092
2679
5005
6384
4609
2465
6553
2285
2796
6818
2850
2411
5418
7593
764
920
2520
6796
5686
7897
6985
6078
6035
4202
1937
4448
5419
2152
559
6384
7910
5113
1083
3747
1038
2453
1060
6252
4784
559
4303
3068
5268
6544
5798
6011
6227
7872
3656
6872
5059
2428
2908
7457
4541
4660
6308
2478
5412
5982
3389
7781
729
6639
5664
4712
7405
5643
572
7956
3762
425
1735
2663
979
6913
7616
3912
7605
5829
4110
6846
3382
7743
4344
3125
4850
5240
5719
2626
2610
7596
4237
4475
2210
4801
6828
6289
8143
1024
6411
411
4977
1845
3244
5273
4964
1123
2197
1390
2301
4128
2476
4715
1695
4159
7855
7323
7323
2982
3563
4837
3984
4431
1425
943
6861
7132
4878
2383
1979
4475
643
3187
2769
5552
4361
3367
1191
993
371
7843
5815
3543
7840
6801
1115
1599
3714
3553
5107
5569
5545
4644
1114
7088
2148
4058
3155
7398
7882
906
2573
7236
362
856
1336
4430
2133
762
610
371
2984
5284
2762
6993
3657
2998
1460
1560
5155
5561
3656
7213
1616
4740
6676
3063
755
7249
5017
2616
7236
726
7781
2752
2432
8112
5241
7311
2539
8072
3333
1599
5944
3559
680
5880
1110
1359
6723
7282
8071
4069
7903
1262
5711
3135
7254
2434
2330
2893
51
6676
3752
2460
851
5829
5023
5515
3471
357
7781
2029
1730
1525
2572
1659
7882
1282
6019
81
1310
3884
4693
6467
4519
3963
377
6757
41
5011
3657
245
2582
809
498
813
1578
7973
7240
1007
5970
3441
491
6383
1730
7704
5338
5181
2444
6543
1855
9
2643
1310
4384
420
77
8072
706
1390
3558
7743
459
1711
2425
2582
6971
781
2785
1115
5712
5121
2074
2696
6238
6593
1692
5622
347
7075
1451
7740
4594
2760
6733
7595
5261
610
4138
3264
190
4868
6723
1212
5383
7557
7177
6150
3973
1323
7083
4279
7214
2264
3565
3833
6259
7621
5582
6244
3985
2994
1296
7784
3236
4652
5715
1550
7972
1005
3407
2656
6688
1451
7743
4872
5745
4866
3304
450
1664
3919
3904
6516
4221
8135
3895
1495
2275
2826
5926
3035
5581
6208
6850
3711
2339
7415
6660
109
441
7485
3620
826
3201
6400
5510
5772
6146
835
7223
6662
1664
2966
6228
3488
6627
3543
6960
5690
5538
60
1832
2656
7843
1110
6106
5113
170
2002
1534
4478
2558
377
5156
2508
6727
51
6352
6242
945
4317
5796
6248
6844
4365
2860
5983
2984
6651
3816
7393
7246
1501
1955
2433
2339
2470
5874
5661
4950
4809
4216
3186
5248
4829
5876
7346
3247
3446
3563
6232
4138
2732
6186
5250
5536
2182
4043
1191
1968
3718
6229
5112
2461
6286
1297
3232
4700
5536
6262
631
6059
3043
6601
2676
606
7360
2224
2434
806
1608
1332
3388
3958
7426
7699
1280
5850
6057
8173
5799
610
1578
1560
6958
2570
1933
2824
172
772
3959
7901
2679
2836
6799
2513
979
764
2184
6077
8003
1571
1569
1390
381
173
2195
7490
2519
4123
4158
5007
7574
824
594
1186
1578
2476
7146
6336
6687
7022
6289
2512
5104
5648
7155
7962
421
1291
5714
6845
3488
5383
7921
7864
4868
2382
6399
4943
6699
4681
6930
4455
8143
7340
1339
3241
7730
6676
4790
4803
2621
3263
4695
20
5945
3706
2817
5236
5882
4067
4472
4943
1501
734
5101
2760
2382
4868
7793
7060
5274
1226
7945
7225
1595
1244
6733
7983
3558
336
6090
3355
5771
7648
1124
2712
4708
7595
5339
5319
1794
1309
4381
1310
856
1578
462
1742
3612
1352
4868
4576
762
2021
720
1744
1855
5999
5432
295
7859
7721
6326
7244
390
5874
6722
2071
5226
3188
2934
4987
8138
7012
2684
2428
7817
2637
1968
6842
6125
8013
1302
6862
7375
3135
6761
7718
1578
7932
1538
2149
2314
3368
2370
4375
2057
6317
2359
211
2308
2066
3790
3134
931
261
4103
6689
1328
6964
6500
610
1758
694
6412
487
5806
1279
7989
1258
6687
2898
3844
3650
5322
4824
1062
2286
8163
4533
2684
114
7389
3610
3790
7745
3481
4335
4067
7670
2993
7450
4221
4086
7146
1968
3169
5317
4131
1893
1327
8170
5481
4208
7450
7818
6354
2561
1281
7820
7568
1021
5843
6243
3293
4294
6141
6989
7852
1279
7989
541
4242
6010
7473
2197
1725
6299
2090
1578
5556
2777
411
2027
6624
7914
5226
2163
7006
552
4326
1380
5113
4233
5778
1606
1124
1452
210
1535
1158
932
1845
2217
4504
4020
8060
7649
5300
2342
2439
1968
1492
5166
2999
2028
6425
2607
1062
7456
1852
3220
466
4065
4792
4594
2678
5422
870
6495
7012
7211
3225
4964
7823
4383
7777
361
7583
1748
4484
980
980
5445
1083
3098
777
6082
6271
776
2384
1105
783
6165
4412
2028
6634
979
1273
5326
1331
2591
6654
8160
7419
7782
7408
5945
832
1425
7350
2576
1287
3706
2009
3264
4255
5436
4600
7740
6082
6587
3475
1415
8128
4835
5928
4565
5220
283
2676
3477
347
4234
91
5292
6440
14
4771
683
392
170
6215
6406
7290
1770
5057
7028
340
7395
148
392
365
4914
4238
2271
1021
729
721
1739
6308
7056
249
7451
2777
2425
5445
773
5507
5687
7962
2128
5107
631
4194
7537
4339
4765
7199
5779
96
5494
1765
1474
1272
6481
5440
1641
5744
960
1620
1097
3969
2516
4326
2184
5743
5468
782
3320
7419
2130
1238
1060
5292
2415
6243
8030
4114
7796
6135
4315
1514
6677
5779
2712
4399
2465
3000
2505
469
2512
6598
5696
2780
1673
421
5654
2645
6797
3292
2166
7218
1082
7405
1478
3609
3682
6508
1333
2784
3551
7816
7051
4349
5447
5579
5434
1270
2390
5798
3082
2426
7828
1157
5636
4207
4114
6796
1824
5024
6730
4507
3981
361
2022
4335
6549
5171
6821
5107
2022
1740
478
6821
7418
7596
3890
3326
