0
0
0
8
9
3
0
0
10
1
0
0
0
0
0
0
3
3
0
0
0
0
7
5
0
0
0
0
0
0
2
1
0
0
0
0
0
0
1
0
0
0
0
0
0
0
0
0
0
0
0
0
0
0
0
0
3
1
0
0
0
0
0
0
1
0
1
0
0
0
0
0
0
0
0
0
0
2
0
0
0
1
0
0
0
0
0
0
0
0
0
1
0
0
0
0
7
0
0
0
0
0
0
0
22
1
0
7
3
4
0
0
0
0
0
2
0
0
1
5
1
1
1
2
0
1
0
1
0
0
1
2
0
1
4
0
0
0
0
0
0
1
0
0
0
0
0
0
0
0
0
0
0
0
0
1
0
0
0
0
2
0
0
0
0
0
0
0
0
1
0
0
0
0
2
0
0
1
0
0
0
0
0
0
0
0
0
0
0
0
1
10
0
0
0
0
0
0
0
0
0
0
0
0
9
4
9
3
2
3
23
7
1
1
1
0
1
15
1
1
0
12
0
0
0
1
0
0
0
1
0
3
0
0
0
0
0
0
0
0
0
0
0
0
0
0
0
0
0
0
0
0
0
10
0
0
2410
6441
304
2554
2799
3804
2548
7788
1050
5150
706
4862
1734
277
501
4435
2746
2211
167
8025
7063
4578
6828
620
7779
429
1212
5516
6105
3163
4996
5333
541
6070
520
6768
7507
2903
749
508
2771
7205
2120
288
5155
2751
4803
4810
5156
5515
4487
3611
3857
5680
7221
8135
6010
7546
4892
5436
5798
5860
4269
305
5163
3623
1838
1639
7908
5918
3405
3666
483
3644
2809
4388
2195
2156
1690
5000
970
3733
44
5653
2341
1780
2746
350
7305
3848
8103
6677
3229
955
1321
1902
1717
5198
5681
6427
5802
4309
3364
4021
5054
1681
245
6107
3544
7645
4224
1942
6295
2500
3592
280
6562
1799
4541
2904
6216
1470
3136
3659
3539
4996
99
1321
6074
4593
4169
6417
7573
2782
5000
1515
6664
2156
6175
4807
4338
5427
6370
1237
837
1403
5495
1219
1942
3950
184
186
596
3752
3198
2887
3945
364
7175
1495
2501
512
5493
2343
5013
5911
3848
7919
7343
7343
2352
7060
5565
4496
7113
7507
5622
5522
4984
2829
2156
1070
1734
4853
2195
7480
7855
3014
1753
7291
6896
6691
5434
4774
1481
7845
6322
7805
6978
2973
3842
5569
186
6608
5306
2820
7702
2682
6296
5383
1773
6923
7254
1183
1799
740
5535
3958
7711
5286
6077
6174
7298
8052
2513
5264
4464
258
2724
5040
5383
5417
1232
7954
2540
4077
2511
6860
1468
1654
3884
3784
6492
3939
6350
5346
2984
338
304
4593
6296
4957
1726
2904
2297
7088
5346
2648
5344
4894
5722
1258
3657
5813
2198
2008
5291
5242
3045
7586
237
7707
7132
2348
8002
983
4306
1694
83
4933
2511
6216
6047
7893
3060
1396
3315
8172
7961
1293
2051
6616
724
5354
1403
1500
3045
404
4396
786
5515
4035
4038
208
4268
373
7795
2449
2554
2104
8186
62
1702
3701
1468
954
3718
1396
8137
3041
3816
924
7595
3910
4493
2353
944
3415
133
581
4036
5844
1476
7795
835
3924
5434
7048
3265
8156
6201
2264
8080
2612
1707
1607
2485
3003
7714
27
2136
1492
5077
2910
7386
2264
3666
4613
7122
350
3183
1193
4397
2951
5419
7739
4817
5275
7577
3557
2795
933
6764
7810
6860
1843
1089
4693
1356
2365
5156
1180
1220
7022
6795
2547
5387
4724
6687
6048
4688
1799
1768
1468
5226
1661
5000
1087
2778
5129
1148
1962
4747
1124
184
7243
2791
459
3695
5463
2554
972
6216
596
3621
7323
7596
1195
6523
459
5358
1130
6496
2490
6132
626
4046
3838
7171
4569
6174
2524
7332
4843
7872
5079
2591
1350
7319
6265
5808
1403
7547
2304
6170
6109
7367
1186
5661
7396
2012
5330
6867
3529
7266
2264
2427
1561
1232
7518
4214
960
2710
6979
5794
7810
2468
6979
3600
7256
5063
7931
4872
4967
5284
7332
5622
4596
7314
137
2932
2426
2385
4021
1110
5330
5478
6107
5330
4512
7053
3212
4053
1665
2987
7344
4737
1856
4082
4276
5236
6131
6925
6069
7217
1259
886
1156
3136
2030
54
2342
7398
2244
1571
7306
2007
1713
1474
4957
6022
3005
2970
2591
8188
5633
8048
6925
5796
5811
6677
4644
5960
2308
7585
7585
7934
3966
4038
7861
354
5159
7993
5968
369
6549
7254
5027
806
4607
6762
6825
7018
72
1068
3532
1488
960
4834
3320
1365
4341
6140
3503
4214
715
1396
3045
7483
7736
2149
1561
4174
4971
4790
2731
3347
5227
459
2428
516
7366
4929
1110
8134
6504
2970
3973
2541
7294
2985
6939
4698
4238
5602
6894
2610
5263
4211
2780
5100
2104
5174
6242
8174
5440
7855
724
5283
6674
4220
3611
7174
5980
4228
4929
253
4181
3800
1464
2724
4912
1133
2474
3068
4238
3686
5428
3288
2551
234
2825
1768
8186
3805
1785
6350
1525
2981
2020
7598
3969
4034
2072
218
8017
4720
2305
6862
5274
8175
898
2239
4266
3443
6777
332
5344
7769
3263
7860
5169
2656
4584
1571
5144
1089
3249
7111
1548
5749
6627
249
3530
1692
1258
5246
4283
6627
2142
792
3704
3103
3053
8037
4523
6290
4083
7086
3799
3500
436
4694
3823
5806
4047
5284
520
5897
1536
1256
6047
4827
8134
6058
5812
6105
6132
2829
3883
5049
2955
4388
1033
1651
3692
1998
7987
1663
2473
1726
2872
5061
7750
7837
5939
5538
1487
1635
7834
1639
6010
6125
156
1935
449
5857
4152
972
2439
1229
4423
7386
8120
648
7540
333
2469
4913
4045
8119
2247
7610
8141
3226
5386
2231
5803
6299
7963
1691
4434
4778
2448
4051
7539
1855
3580
6031
4342
5330
3027
8052
5330
5261
7381
6867
5980
669
4720
1604
2893
7270
3646
7306
5156
5328
3027
5062
697
1258
2170
4855
2669
2656
4418
1347
315
6943
3959
4242
5933
8129
8129
6299
7537
6964
7381
7668
6673
7847
160
1728
4388
7174
2711
7768
483
1374
7733
1332
7988
8002
1537
19
5078
2197
7163
665
8060
3220
5542
3876
6104
1834
5156
4410
4810
3884
3226
3424
3136
5565
1604
7988
2213
7768
4500
4999
2981
2018
7881
3502
6805
2908
8109
694
2897
2536
3443
7301
1879
5643
2464
1035
1650
5778
7644
8118
135
5983
2366
1261
3910
780
8096
4006
6805
7460
1968
7768
7697
4826
2722
7386
7257
7438
7994
1578
2231
5955
5746
635
2279
6577
1242
5928
2008
6590
4950
7919
4363
179
3883
1123
6201
4519
2067
603
4495
5059
5815
52
6862
6410
2439
4875
6775
4928
7276
3883
4220
3288
1576
4120
2657
1796
5013
1155
1823
7940
3959
2080
4268
259
5156
7881
1282
5751
2122
826
1630
1727
5188
4373
6862
7769
7973
3879
2981
7058
3060
10
168
96
5720
138
3188
5801
6677
6677
1830
2081
7182
4407
5997
6900
2030
3726
2041
3585
2411
3155
5016
3730
4241
6687
1358
2183
5458
3302
5897
4802
7657
1734
4155
3959
2411
897
8025
2830
6227
3561
2190
248
5791
7319
3785
5022
4291
4594
5288
5403
2676
5385
7240
1699
7684
7707
3404
902
5395
5075
3441
1773
1664
4293
4341
5013
4207
5779
6104
2377
1576
