0
0
0
11
0
0
0
1
9
1
0
0
1
1
0
0
1
2
0
0
0
7
8
2
0
0
0
1
0
0
0
1
0
0
0
0
0
0
0
0
0
0
0
0
0
0
0
0
0
0
0
0
0
0
3
0
0
1
0
0
0
0
0
0
0
0
0
1
0
0
0
0
0
1
0
0
0
0
1
0
1
0
0
0
0
0
0
0
0
0
0
0
3
0
0
0
7
1
0
0
0
0
0
0
17
1
0
8
5
3
0
0
0
0
0
3
1
0
0
2
3
0
3
0
0
0
0
0
0
0
0
2
1
1
0
0
0
0
0
1
0
0
0
0
0
0
0
0
1
0
0
0
0
0
0
0
0
0
0
2
2
1
1
0
1
0
0
0
0
0
0
0
0
0
0
0
0
0
0
0
1
0
1
0
0
0
1
0
0
4
0
12
0
0
0
0
0
0
0
0
0
0
0
0
9
4
9
2
1
1
26
3
3
0
2
0
1
16
0
2
1
13
0
0
0
3
0
0
0
1
0
1
0
0
0
0
0
0
0
0
0
0
0
0
0
0
0
0
0
0
0
0
0
10
0
0
568
4608
6109
4643
7518
1789
514
3435
3132
4074
1217
7816
1158
4753
2280
7913
2271
2907
4729
4084
7795
1733
248
3077
3528
2671
7011
2080
4397
2698
5874
4575
5909
7645
7327
6216
5063
7333
1702
7256
7
3085
1472
5066
2922
1970
325
2662
2405
2136
4491
5977
1748
7755
7243
1075
5428
2684
457
7143
591
4835
5701
6227
1951
6651
1154
157
1040
4211
3263
4270
6262
5739
47
1550
5272
5248
6020
3825
581
825
7491
5998
6306
8159
4038
3823
6860
4319
1821
2489
7716
5403
7011
7570
5815
3067
4008
729
1971
263
6069
4103
7518
7722
7806
6571
705
7520
7948
6027
6531
5688
7207
1453
4595
5950
3359
6271
8080
4778
1287
5128
61
3589
7227
591
652
2811
5688
1158
6315
6967
3457
978
1613
2059
486
4608
2663
1613
1965
4881
4800
1942
3631
4987
2905
4786
1740
3861
460
933
7209
3346
4737
7132
4011
1581
992
4264
2915
7319
4318
6743
4194
2110
169
7777
4605
3153
6968
6984
2801
1087
6041
460
7995
6926
921
4950
4950
5739
457
4011
4718
3449
5687
225
1565
4270
6827
5191
6237
7369
4107
3263
5225
3224
3077
6926
4319
591
6452
4850
7843
4933
1087
3153
7493
6829
5210
7256
6926
1740
2252
4881
250
7227
5205
7786
1478
5998
2868
5332
7520
7389
683
7755
7851
7613
3433
4962
6462
1589
4433
4006
1130
6295
1103
1508
2415
5160
644
4099
2378
2741
6249
1661
1430
248
1479
6238
2762
698
5272
7389
1124
4103
5419
5332
7798
7011
6634
5059
6627
5917
6322
5976
2104
5682
1733
1733
7230
491
7012
1820
4877
2630
4099
3265
2662
255
2560
3453
2999
8058
4615
47
176
696
7749
7162
1395
1965
1285
6428
6719
4159
5704
5011
3835
4835
48
1961
486
5977
5248
2635
3263
5185
7956
7143
47
5892
3916
5456
7852
4270
7915
1090
3413
7015
6754
1221
116
6761
2361
6081
4220
6229
6689
5020
5272
4340
6300
5815
2627
8073
5173
3051
6927
7258
2629
3077
6776
3544
7236
3851
1057
7243
3326
7230
7905
695
7905
6660
2011
3538
4338
6063
4848
7146
695
4999
639
2605
8008
7855
1210
778
2405
2741
2557
1009
1057
30
1770
2500
1765
280
5751
615
4937
7576
5498
7482
3729
5730
7556
1695
3734
238
5538
296
4060
799
7378
3347
354
1847
7916
5171
2421
1434
2463
1285
7256
3311
6994
8000
3526
4680
2070
374
2820
3001
4149
3284
4702
2578
5556
5817
7167
3595
6929
5687
3384
5361
4465
284
8137
2059
7822
7588
4082
5020
8054
4763
657
3924
5063
3857
4645
4117
3379
5644
5050
2820
4446
2547
3674
3412
5351
5487
4208
4530
7598
5628
877
6709
1424
6686
3066
3083
4061
2947
4450
1594
332
6897
2992
2815
5935
7841
715
1284
7029
5531
5403
5272
4784
5179
691
7697
890
4832
6229
3503
4197
2021
838
7424
7592
4266
6057
371
6861
686
1029
1965
5909
6833
1494
3642
5332
4708
5187
6997
5275
2429
297
1631
6257
1411
1819
4787
6477
7066
7646
7231
6873
4722
5107
1544
162
1073
556
2833
2434
90
4339
3834
2907
657
5189
5576
1103
778
2850
914
4880
5248
6124
3077
1048
4708
859
1426
8140
3429
5827
6666
5842
1570
4011
3614
575
7408
12
2407
7592
460
4605
3263
5998
3481
263
2454
7910
4361
1453
3588
4474
992
1395
1822
951
7915
3934
204
6639
3243
5286
3521
5373
3163
7220
3563
2722
377
7835
5637
7910
4291
3642
6124
5107
5019
5608
3153
1105
5751
933
1285
841
5756
4077
6238
4643
7591
6552
2175
5842
854
3704
1359
5282
6964
1894
1518
5144
4715
168
1602
5514
5687
5322
4390
933
4329
1733
7871
907
1765
933
2916
7890
6271
7798
1778
2110
8160
35
6141
5796
4029
3605
1144
3102
690
6296
7320
2475
339
7557
2981
6041
3851
7236
3077
7613
7915
1241
916
3320
1430
1346
7384
1740
3610
4641
6295
2252
7592
4744
573
5123
5248
2445
5901
59
6266
4831
1481
6167
312
6126
5799
5608
2916
7520
4700
2465
1224
2248
1595
7148
3077
3007
298
715
1029
568
2558
1473
1989
5189
3475
2541
5909
3457
2076
1041
810
4808
5272
1821
7675
1405
3256
7143
169
1040
5107
96
2115
5273
7755
4207
3682
1075
5063
1076
1048
5629
1105
3078
845
2464
2922
4107
2183
4615
575
182
3692
6645
6141
7154
5033
491
5651
7613
5185
2489
8023
4796
7049
2576
1129
4448
8011
6053
2459
1285
4211
2024
4011
3490
3186
857
591
2925
5515
4482
2464
250
1881
7777
3433
765
8038
4224
740
5290
1785
7281
5896
4270
6009
5688
3490
2610
6958
1217
5892
3851
4739
2285
778
1285
1929
3162
2800
7557
1
2907
123
8083
1224
2137
2557
3740
5322
2907
5514
5687
7480
3718
1523
4718
2671
1103
5272
5730
2741
6660
3402
4623
2737
5751
3481
3577
1821
5322
3621
6019
5808
7492
1513
4926
3051
2459
7029
4232
5701
6001
6531
6743
1543
3884
186
7011
7029
7437
5867
5149
1087
3600
2907
6847
3897
1241
4950
96
7956
4851
7592
1733
338
4214
1090
4077
5805
2541
1160
1769
210
5367
7557
1117
4241
2722
4985
1048
7816
7148
4295
1473
845
3121
7941
1776
7011
6152
2252
4319
3455
97
5066
4011
4491
2285
335
1733
7790
533
1129
5739
6583
3968
1613
5403
6458
4359
6571
3532
933
3453
6472
7258
4482
7924
5332
4065
5185
2934
8159
600
7235
7256
8055
5024
4426
1478
3834
2766
3572
5248
778
591
1576
5701
649
2405
7148
5332
933
933
3854
5964
3526
2465
6396
263
698
3077
1523
6761
2408
7867
48
2429
2533
410
1017
4312
5374
4741
1660
7258
1103
4796
5224
1029
4950
1023
7545
3037
6152
2285
4796
3186
7913
3095
5191
6262
3609
3716
4796
6552
5801
797
3224
5350
2907
2405
7143
7570
2764
4038
7389
7948
3291
47
7785
5998
7205
778
2252
1217
1822
4788
3490
4270
3728
1356
372
3862
3553
2496
4007
