0
0
0
10
0
5
0
2
10
0
0
0
0
0
0
0
2
0
0
0
1
4
5
2
0
0
0
1
0
0
1
1
0
0
0
0
0
0
0
0
0
0
0
0
0
0
0
0
0
0
0
0
0
3
3
0
0
0
1
0
0
0
0
0
1
0
0
0
0
0
0
0
0
0
0
0
0
0
0
0
0
0
0
0
0
0
0
0
0
0
0
0
3
0
0
0
8
0
0
0
0
0
0
0
20
1
0
5
4
7
0
0
0
0
0
1
1
0
2
2
1
2
3
1
0
0
1
0
0
2
0
1
0
1
0
0
0
1
1
0
0
0
0
0
0
0
1
0
1
0
0
0
0
0
1
0
0
0
0
0
1
0
0
0
0
0
0
0
0
0
0
0
0
0
0
0
0
1
0
0
0
0
0
0
0
0
0
0
0
2
0
7
0
0
0
0
0
0
0
0
0
0
0
0
11
4
5
2
1
1
23
0
3
3
1
1
0
13
1
1
0
11
0
0
0
5
0
0
0
1
0
0
0
0
0
0
0
0
0
0
0
0
0
0
0
0
0
0
0
0
0
0
0
10
0
0
7207
4835
7570
3430
5739
4074
2405
4881
1024
2454
6552
3584
8190
3449
591
2024
5482
3391
1430
2410
3096
4319
83
1970
6000
6447
722
1252
6833
3449
3594
47
4312
8160
1048
2410
4430
4858
6020
4737
6020
2967
7755
1010
7234
778
5402
6041
2136
6276
4310
617
4424
4796
1395
5584
3577
1565
1103
857
3358
3326
4239
4788
6827
4353
3433
5507
4373
338
7258
6926
4053
4921
7155
2219
684
6668
5171
208
6645
2411
7230
921
4881
4887
802
486
3584
1023
4291
3642
7995
5402
7143
4053
34
366
3433
5272
4861
850
7116
4525
4150
320
7048
5706
5915
4491
7061
2922
3287
3326
5915
1954
5118
1350
6110
4545
4478
2410
83
7997
4700
2762
3600
4478
7722
5173
418
5248
2429
2039
1219
6948
7995
1786
1105
7888
7122
4312
5871
7319
7198
639
635
4361
3153
4270
722
4988
6657
3821
5102
5997
4881
5896
5272
1954
7051
4232
3835
3433
7256
4622
4776
825
7995
5998
3773
1970
4643
3077
7591
1565
3851
4835
1009
7132
6781
7582
5173
2365
2368
6141
7520
4525
2629
4526
4944
575
3469
1103
5350
7816
3263
4270
8015
972
6276
7915
2454
3790
6253
320
460
722
7722
1856
169
6035
1230
2591
7582
5248
4926
4383
2285
7915
4796
2684
4011
3732
4887
5290
7230
2850
3017
5730
5226
1868
684
2558
7910
978
886
835
3077
2421
3834
5398
5272
1740
2629
5403
7911
3457
6760
4350
1224
1217
4990
4727
1709
8083
5160
1343
4377
2630
684
5176
227
216
5458
6827
4813
2558
2382
3105
5011
762
272
7518
4525
1733
331
5024
6295
4329
749
915
6058
1965
4077
2372
5731
2856
2986
8058
1087
6552
1464
7755
1546
5730
8150
7720
1686
3861
3443
1432
5323
1695
7482
4312
5332
3095
1746
2489
916
3851
1767
5608
5208
1554
1242
1697
1988
778
6000
5276
7887
4700
554
5405
7143
2629
7592
7623
2558
4796
2907
2686
3540
5866
674
1448
1123
7864
1930
1769
2780
4074
2002
6262
7871
3433
373
3153
2464
6020
6295
1118
2361
4038
6508
7235
3835
1029
6660
5128
850
4618
6338
7367
2965
7032
584
2139
6678
4850
2000
8160
5290
1989
3642
6082
4274
3732
169
4809
5997
4340
7243
2136
684
5739
1245
7784
2002
2454
3433
4007
3003
903
6005
725
1151
6559
3190
569
2993
5505
4702
1769
4011
4491
639
5456
5226
5608
6303
4809
6660
5160
1821
7915
3642
5630
6370
5290
6810
6262
7391
1767
6309
4336
5816
2560
1620
6009
4665
315
1104
6758
475
4580
3490
1893
1929
4339
6262
460
4017
5385
5576
5739
8143
1040
1241
6887
5185
7716
3740
457
1415
4780
803
3711
1913
4907
3989
6170
6066
4863
2150
720
3343
3330
6968
575
2009
753
783
3636
4525
5171
3686
47
8092
7860
1411
6656
675
96
5909
2557
6124
6973
2684
5679
7087
7626
6426
945
1099
4951
3729
8109
3833
2886
3287
3806
4585
3821
729
2421
4478
508
6612
2354
5024
7956
6554
6935
3834
3413
2453
4037
6810
169
460
5052
4247
3820
5286
1758
7457
5605
5170
1604
1406
5785
7570
7823
740
2244
1020
5024
8190
5272
7333
169
5066
4689
4737
1954
2137
886
1414
7061
684
4812
448
2250
4212
6965
1952
6901
1226
4344
3868
3392
4848
7701
5743
6997
5761
740
2219
2217
1954
3600
4568
6295
1576
921
3572
4074
1048
6405
3986
4074
3664
7591
5182
4252
4857
7488
6400
7166
3020
2135
594
2352
7903
2586
5292
4329
369
2136
304
7823
369
978
5730
460
1581
4080
725
845
6472
248
2006
2558
5403
698
5272
1652
3394
3247
7206
3460
1834
440
7905
3124
686
7033
332
7230
5682
4312
1395
7491
1821
5584
4017
6659
2967
2780
5403
4881
5867
2415
4608
5376
4526
4950
4007
1530
3388
6428
1489
6398
6603
1584
395
3562
101
7765
920
5024
2271
4934
3263
4708
3046
1523
3571
3950
5173
3245
3000
4482
1168
5998
7094
5839
1413
1954
4576
6367
2667
1659
5699
5852
4138
2708
7540
5174
6436
6750
5578
4010
7887
7294
1023
2557
3017
1155
3609
3762
2796
1839
5263
2986
6465
6405
1954
4949
6895
1395
7477
1192
2076
5944
2757
1960
5144
4509
6662
2489
2070
4525
2496
5172
3835
4950
8080
8048
1241
3995
3594
90
2558
5470
7453
591
1767
7256
1029
1312
5594
5403
4729
1100
2639
1193
393
1378
7657
5736
2441
1345
4939
4962
237
4291
4484
1740
1835
6012
494
1087
3167
6761
3078
876
1733
4708
2410
6533
7048
1929
1453
4361
5584
2679
6176
4903
7153
6791
1039
6969
4735
2645
7520
6972
8014
7588
17
1830
4005
1285
9
2421
5997
109
255
4852
4292
5099
7823
2986
979
5107
5100
1989
3834
5419
3288
4835
254
5682
7376
1784
2907
3706
4170
3405
3494
3331
7687
7371
3263
5576
5255
4377
3416
6222
4950
3051
5225
2671
1395
4887
2560
5608
6141
615
7086
778
7910
5024
2907
2252
5608
8073
6895
7040
4708
2558
7455
1659
851
6294
7798
7258
250
3660
4412
7256
1105
2308
3835
3420
5225
6904
6448
4926
2092
5398
3077
1090
7716
4211
7755
4361
255
6799
4049
3861
1029
4339
3732
4718
729
3196
7056
4858
5350
3834
7230
5185
6495
5682
2533
635
5119
1356
139
1217
2856
3487
3257
2464
5272
1090
6827
1546
1965
6997
3851
4242
6396
5751
369
3572
797
1546
2426
1581
3572
83
255
2843
1523
3051
1584
5185
5376
8040
7094
6427
5024
34
7234
2271
4329
3572
2608
1820
7798
3532
967
1129
5627
6041
1965
845
393
698
5975
280
3851
778
7699
1546
3469
6262
698
5322
263
4840
7887
47
7781
4853
3510
7415
6124
1660
2042
6761
2679
3121
1660
5915
3449
7011
3834
2358
778
4818
1479
2219
210
2914
2426
5322
7613
568
3096
1291
4270
1430
1822
3457
739
5608
2136
2408
3740
2130
6393
2999
8190
5997
5024
4880
5248
1791
7347
1234
4525
2092
5276
5024
4482
6308
7613
7860
