0
0
0
11
0
3
0
1
8
1
0
0
0
0
0
0
2
0
0
0
0
5
7
4
0
0
0
0
0
0
2
1
0
0
0
0
0
0
0
0
0
0
0
0
0
0
0
0
0
0
0
0
0
1
7
0
2
5
0
0
0
0
0
0
2
0
0
0
0
0
0
0
0
4
0
0
0
1
0
1
0
2
0
0
0
0
0
0
0
1
0
0
2
0
0
0
10
0
0
0
0
0
0
0
23
2
0
6
6
3
0
0
0
0
0
3
0
0
3
6
2
2
7
4
0
2
0
0
0
1
6
0
4
0
1
0
0
0
2
0
0
1
0
0
1
2
1
0
0
0
2
2
1
0
1
0
0
1
0
0
0
3
0
1
4
0
0
2
0
0
0
0
1
0
0
0
1
3
1
0
0
0
0
0
2
1
0
1
0
2
0
6
0
0
0
0
0
1
1
0
0
0
0
0
8
4
8
11
8
1
36
8
10
6
2
4
0
31
1
1
1
11
0
1
1
5
0
0
0
1
0
5
0
0
0
0
0
0
0
0
1
0
0
0
0
0
0
0
0
0
0
0
0
10
0
0
5403
6276
6997
2999
7995
7011
6124
1204
1241
3834
999
1709
978
2698
999
5160
5063
4049
1440
1076
1941
5160
7384
47
1660
4482
4796
933
47
491
7845
5761
3481
5332
6441
3085
2280
2826
248
4608
2429
2226
4081
615
7592
3186
6886
5023
4312
460
2454
2219
657
5175
1413
5752
5772
2219
7059
5762
4876
1413
5975
7319
4926
7722
615
986
8010
3298
4751
6764
2042
6895
5259
3077
7510
7543
1760
3313
933
2780
8011
3367
3716
7911
7752
5852
7557
6295
722
3047
2415
1234
1105
1785
373
3577
3740
2576
2410
2166
7520
4424
4800
297
6012
1440
1546
4079
4335
7048
6047
7839
4852
2741
8091
3055
5675
3958
626
1200
341
3320
3144
4786
6824
1554
5739
1989
36
1643
1606
3320
5419
1581
4482
5276
588
933
1430
5492
1660
7234
7064
1094
4474
2318
1522
4482
7086
6020
7051
8010
3810
650
7861
2124
6276
7398
1667
4330
1404
3510
6124
5332
227
1581
5263
6035
7398
7788
34
5189
7061
6668
123
978
3637
2696
7281
7518
1181
5127
4273
7851
7239
4786
2454
332
1204
1124
3810
7915
4074
7011
3810
4273
4270
2034
4211
4741
6977
1478
3572
146
1946
3810
3265
4876
5767
4840
2830
6237
2607
7189
1856
491
7211
705
6058
4615
2454
7086
1971
5751
3804
689
4597
6441
5248
5914
2922
7230
1428
3288
4335
7722
6533
886
4493
5248
777
5350
2843
1147
1549
8175
6882
2359
5226
3572
3287
1169
4209
3862
698
3051
4741
4081
7
7764
7692
5495
7915
5627
2029
4209
2591
4005
4926
3056
729
2684
7209
95
5149
7913
1290
2979
7234
4232
2999
4694
2419
3367
7226
7235
6645
2999
3712
5403
7692
7740
248
1613
947
1010
2558
6372
5057
6121
967
7239
5176
4390
1132
681
1585
3588
1181
5332
7885
3196
2484
8094
7234
7745
6009
2119
3177
5985
4858
4694
1990
7752
3642
3287
4754
2530
4350
2124
5608
1129
2006
2999
4424
625
5128
5275
1965
1217
6011
932
3096
1285
2525
7221
328
6827
3263
5682
7076
3681
4238
7132
6977
7148
6735
8133
6246
6977
507
1584
5403
4708
615
263
7256
7086
3510
491
5275
457
3712
2830
5587
7256
7148
999
5913
3037
3224
280
2760
5946
3108
2135
7934
2708
5544
3617
3510
5411
4424
978
1982
6824
5057
6253
4080
4065
7845
2922
7227
5680
5023
1820
7913
248
5422
841
2915
3153
1478
4737
3007
3012
5245
3977
643
7756
502
8014
2560
5511
7942
5166
3627
5398
4813
2557
2701
2199
3346
1972
4526
7059
3010
7910
5171
4796
587
4084
7219
6977
6571
3904
2572
5952
3677
6862
3312
3545
5458
6596
5458
6181
4149
5334
3578
258
4194
4961
7080
4820
6709
3238
7393
6409
2070
7588
7905
5899
6214
7857
1031
6409
3478
331
6199
3598
61
4330
1294
4674
4212
7531
3331
3744
2612
7749
1284
4618
7861
7022
1784
6748
449
4069
5935
5911
3254
6010
2177
3712
1671
2558
683
4729
4482
2252
1864
2130
7913
6443
2686
995
987
7523
6117
532
1179
6729
7005
3538
1733
3346
4876
2962
5052
5487
4312
1733
6244
339
2991
6307
4232
6847
6533
1697
4788
3263
4887
1965
4987
2041
3272
1766
4617
6495
2479
1696
4772
293
2449
6688
4339
5255
5751
3284
5106
1266
6041
6141
1768
7319
1073
1023
2999
4153
7530
4602
4880
6020
3257
807
5458
6601
6707
1557
6412
6468
6174
3072
4514
5904
1083
3881
1065
2308
5993
7915
6926
3686
6583
675
3968
7518
1607
7910
3326
3051
4115
1204
702
4516
1087
1023
8122
4599
4991
6855
2284
3217
312
381
1477
6106
755
3970
6352
3457
1546
2379
5411
5739
857
2894
4813
2463
5118
320
3162
212
2753
4482
4729
5192
3988
1780
1177
3445
73
6009
4871
77
4156
3846
784
4275
7660
2170
4674
7995
1767
2930
501
457
7148
4615
5155
1717
5694
4346
423
2346
5964
5160
6121
1971
2283
5523
4581
5128
2922
4958
4629
1632
1162
5060
1387
2198
5330
5455
1361
507
5514
4011
5232
7755
7143
3245
7915
4849
3904
186
6657
2607
4174
177
5739
574
5514
4375
2903
2716
5576
2558
8122
442
607
1247
3520
7887
5419
740
3534
4095
7570
8075
3922
2762
4813
6562
5761
5739
6441
8135
6405
34
6558
1544
5886
3897
7997
8190
7134
2252
3358
3326
5608
4852
203
273
7653
6997
5419
5290
6895
3762
639
6307
1661
2137
5332
5682
5398
1671
715
5128
1473
4264
1971
4800
5000
8011
1544
933
6761
1965
5680
2374
5914
2967
1965
4038
1048
574
2635
5402
4392
2830
2576
3453
2741
6303
6307
681
1048
501
1715
6035
3051
7786
1217
1411
5127
5682
7051
2303
4708
1929
6025
913
335
2252
4329
3720
2252
1954
4858
3515
7773
7527
2379
954
1361
5451
2196
4384
7077
5630
7736
6648
6717
4852
7755
3851
3722
7256
1733
6950
7135
1825
6027
3209
1048
6131
1926
8075
4703
5920
5739
5998
249
491
4082
6131
7795
4270
4213
2418
5198
7209
2374
3492
1459
5283
492
1838
1050
3413
857
725
1522
3492
7079
4590
5403
7122
6005
5654
5255
3532
5936
4796
1602
932
6943
689
2560
3490
7389
7463
932
7911
7024
3077
1584
1479
689
6171
8144
6249
4339
7740
1989
501
1327
3049
3810
2764
4270
6824
591
4049
5913
7861
8187
7199
5694
3795
7852
4084
5767
3812
7755
2280
2454
280
3950
4732
1317
913
7965
6237
1843
248
992
4493
5545
967
1056
4232
6827
5332
1082
7135
2219
90
2042
1464
4729
3510
7244
3654
2836
4080
2015
492
5647
4581
2415
4898
341
2764
2635
2916
3385
3121
2405
1821
169
6847
7056
7620
6253
227
6344
6027
95
1285
1544
7723
657
5762
7493
6950
7135
5092
3453
1732
4931
1346
757
7463
999
7995
6849
999
2313
4526
6437
177
1287
1003
2780
4005
2696
4841
1639
1871
4643
615
2029
4059
6562
1660
2907
1029
2850
2731
1839
4109
7752
4209
5688
4194
7207
6020
1970
4375
