0
0
0
10
0
3
0
2
10
0
0
1
2
1
0
0
0
2
0
0
0
11
0
3
0
0
0
2
0
0
0
0
0
0
0
0
0
0
0
0
0
0
0
0
0
0
0
0
0
0
0
0
0
3
2
0
1
2
0
0
0
0
0
0
2
0
0
0
0
0
0
0
0
0
0
0
0
0
0
0
0
0
0
1
0
0
0
0
0
0
0
0
4
0
0
0
8
0
0
0
0
0
0
0
19
0
0
7
5
6
0
0
0
0
0
1
0
0
1
3
3
1
3
0
0
0
0
0
1
2
0
1
3
0
0
0
0
1
1
0
0
0
0
0
0
0
2
0
2
0
0
1
0
0
1
0
0
0
0
0
1
0
0
0
0
0
0
0
0
0
0
0
0
0
0
0
0
0
0
0
0
0
0
0
0
0
0
0
0
3
0
10
0
0
0
0
0
0
0
0
0
0
0
0
10
3
8
1
0
0
24
3
2
2
2
0
0
18
0
1
0
13
0
0
1
4
0
0
0
1
0
1
0
0
0
0
0
0
0
0
0
0
0
0
0
0
0
0
0
0
0
0
0
10
0
0
5820
3589
4729
4361
3433
6131
7965
1289
7464
1287
5057
477
5149
7924
1919
1055
6667
165
8191
8053
4737
1559
5405
1919
1094
3812
4778
6257
8190
6000
2454
7243
2916
237
4160
6441
4830
4441
6892
4005
4191
644
97
5730
4103
3793
2313
735
383
7911
4526
4310
2092
1415
5888
7592
4400
397
1929
4400
7134
1040
7739
2591
1740
7011
7921
6613
26
6307
3007
7196
2607
5739
2578
507
6475
1171
913
5584
484
6448
8159
7654
5375
4623
3740
2628
5543
2727
5451
1585
5647
1459
3313
5920
7785
297
4851
6012
6775
4112
492
6238
7725
746
7067
7755
8080
2313
1941
3722
2989
4732
5126
6110
1809
3492
6441
6904
4355
4533
4727
2123
5375
457
3307
6369
124
6141
7740
5198
4852
1089
2374
7915
25
2042
1839
8047
5128
34
7722
3336
7721
2194
5751
471
2092
3078
6935
869
4482
654
2060
5871
2826
5160
3647
4457
2022
2728
2558
747
3475
3433
5971
3960
2613
5171
6820
8060
6009
1907
791
3590
7362
7463
4099
1217
457
6958
5730
6776
1796
7908
2967
2313
1554
7398
4062
785
6827
208
4708
4926
7755
5163
137
7696
1168
4339
3144
725
1843
1939
5492
6141
1585
4543
617
1430
3492
4211
992
5264
872
4740
999
4852
1362
7024
2967
6243
7851
2283
263
947
5531
3732
3654
1513
6010
831
3775
8191
5871
5149
7592
6256
2273
4339
5730
1055
72
4355
5993
6253
277
2100
593
3687
1350
7178
1536
7869
3196
1965
2922
1715
2327
4796
1965
4796
5354
1283
3878
1366
1479
2592
6533
7260
5923
3849
6253
2716
134
8118
1340
5128
3055
1009
2454
4349
6983
802
6915
5128
5468
747
921
4615
7389
6997
3245
7243
1566
3839
2569
3263
963
470
1544
7279
3995
785
4700
7048
3762
5451
4926
1132
394
2716
5160
1661
72
3265
1971
4441
2554
48
932
6069
1009
1660
4011
1554
6724
95
4333
4666
1554
1285
7520
2421
1581
4982
1552
1786
5023
4700
484
1819
6131
3639
5545
4793
4097
675
3654
746
3077
7823
1559
1581
1661
7143
4270
7230
5751
1413
6040
4961
2960
5405
3263
7207
3558
1455
1455
868
5210
5350
566
4413
7148
7845
5057
3288
3968
403
1289
2727
2628
6243
4926
5177
5000
6571
3435
6441
7235
3676
1409
7787
4280
5273
4887
7135
3833
7772
71
1977
1733
72
7219
133
2127
2276
3910
7011
3894
7867
7887
2359
5057
8094
6824
1200
2219
2576
2359
6983
3085
931
5126
1079
1678
2444
7166
3701
2738
4180
5609
217
4852
3257
5086
2273
3367
5259
5494
5767
1124
3007
8004
5970
1241
1478
2137
6372
6583
5350
6020
1965
3186
5810
2832
7675
1018
2935
5511
3892
6687
701
3850
5986
5419
4377
3592
4377
6256
126
2119
1170
6256
397
6724
1404
4482
3572
4852
1820
5100
1954
4812
383
7591
2068
2871
3125
8115
1477
1115
2264
6653
8164
1741
28
1095
1641
163
1825
5762
3654
2421
30
7247
586
5149
6469
1168
4643
5411
2028
1473
6583
651
931
3085
962
4290
1661
2517
4108
3742
7760
6090
200
128
841
1350
2830
1252
1217
1200
7296
1395
8016
6222
7056
403
5419
625
3740
2429
4067
933
1581
6605
4345
7591
4700
5255
2238
2921
7602
2083
7527
7903
8046
2145
6558
169
5012
8190
1735
1667
263
2265
3789
7745
791
6295
4521
6717
7860
297
2696
1285
6058
791
2591
2022
2463
1105
4858
1591
3363
6270
3363
516
2756
6674
6864
6717
1667
3197
4786
5020
7
3716
1020
947
8016
1055
1717
3722
5867
8138
2429
951
4796
6824
3968
5160
7196
835
8080
3228
5786
1129
7432
4143
258
1465
773
5767
1919
6756
2454
6768
1613
6784
6247
5836
3676
2635
8190
4879
4172
1733
6903
980
1864
4608
7924
5398
6222
7048
1136
2547
5138
8190
8047
7720
5458
3770
5871
8133
6465
1362
4021
5531
5780
1076
7861
6247
6405
2219
5936
2152
3810
1954
382
4737
7995
382
4493
7455
6660
5403
951
1585
5445
2563
4308
1262
238
8000
1140
1965
4065
5791
7861
3161
5583
7296
7909
1124
5166
5171
457
1252
2884
2354
6508
7915
5107
6074
4377
5249
4842
1395
7463
7913
2922
1430
4623
6110
1040
3617
1366
6906
7723
1585
2242
3224
5092
7773
6131
5107
5338
746
3177
4345
1217
1476
4350
2379
5975
6927
7230
325
4597
5751
3804
7333
4525
3197
6798
1290
6997
4694
3838
6744
5343
915
683
7867
5041
5210
6451
5791
689
1485
5160
4268
3795
2060
2418
3720
1600
3078
4492
1699
7176
3288
4194
4385
6247
3812
7601
6022
2684
2661
4737
5223
5323
3839
6839
7153
4534
6109
3318
4352
1800
7243
4422
915
6149
4285
5739
2404
6199
5964
1820
1010
4851
2661
6058
1941
7176
1366
1479
6920
7148
5402
1479
3159
1004
2540
1117
4729
524
2110
1253
750
7867
7230
853
492
2555
7722
3051
4830
3196
4270
5308
740
4065
3161
4213
90
882
4741
6199
6465
4852
3322
5057
5576
6996
7852
3358
5175
3598
6134
586
3044
5647
3340
25
6645
7924
4249
1409
6926
2832
6438
1395
6230
1522
3923
1453
3647
2022
3715
4350
3804
6441
8107
1327
1661
457
2558
6927
1798
2558
1583
746
8080
1798
248
2421
6907
7666
1440
3132
5430
6776
4441
933
6124
7755
3636
2317
3347
90
1217
3055
34
6810
7584
5020
4737
328
4087
1317
1839
123
5380
3340
1929
6396
876
4545
2573
2014
8139
5975
5225
5149
6222
7823
4011
4339
7189
6650
4482
1842
5107
5264
1285
8187
6288
1585
1237
6827
4385
2313
1289
3051
5871
3515
5909
3623
3055
3922
307
2475
4232
5751
1597
6117
5998
1769
4294
5192
951
90
5149
7845
7123
2890
6724
2449
3572
2915
7902
2628
925
4425
6065
4841
4858
5440
1055
3712
4741
328
5419
1765
254
7230
4870
386
7153
5276
7090
3510
8080
4472
4985
3740
4796
2915
477
5890
6932
2124
746
1929
3647
966
615
7740
261
7575
4285
1019
3121
7740
