0
0
0
10
0
1
0
2
10
2
0
1
1
0
0
1
0
1
0
0
0
6
10
3
0
0
1
1
0
0
1
0
0
0
0
0
0
0
1
0
0
0
0
0
0
0
0
0
0
0
0
0
0
2
2
1
1
2
1
0
0
0
0
0
0
0
0
0
0
0
0
0
0
1
0
0
0
1
0
0
0
0
0
0
0
0
0
0
0
0
0
0
4
0
0
0
10
0
0
0
0
0
0
0
23
1
0
7
7
5
0
0
0
0
0
2
1
0
1
3
3
1
3
1
0
2
0
0
1
0
0
0
2
1
3
0
0
1
1
0
0
0
0
0
0
0
0
0
1
0
0
1
0
0
0
0
0
1
0
0
0
2
1
0
1
0
0
0
0
0
0
0
0
0
0
0
0
0
0
0
0
0
0
0
1
0
0
0
0
2
0
12
0
0
0
0
0
0
0
0
0
0
0
0
11
5
11
2
0
0
27
4
1
3
2
0
1
21
1
1
0
12
0
1
0
2
0
0
0
1
0
1
0
0
0
0
0
0
0
0
0
0
0
0
0
0
0
0
0
0
0
0
0
10
0
0
6975
2092
6065
7976
4489
1428
5938
6065
7745
7463
1204
7435
7785
3581
7319
4944
1177
615
8094
1219
4616
7520
4017
514
6216
2252
820
649
4542
7816
4502
5964
4439
7493
5739
6331
7021
1798
4400
1965
4731
3265
7699
3121
7620
3022
254
5675
5515
1671
4542
3712
2408
3360
3932
1327
508
7732
901
1057
3684
1979
933
5896
947
7851
4796
3712
2429
4593
3733
3060
6137
5398
3237
6070
7384
484
3055
2471
3642
2410
208
7048
5248
7956
2558
4249
7831
7217
1670
2671
2746
5970
7699
5048
4717
5950
1928
7079
4584
6827
1794
1554
2286
307
2130
1649
7279
6238
4097
5964
7910
6295
5603
1726
1245
1544
2663
6720
4426
7491
2374
5185
87
4830
7048
169
7028
2905
6710
1850
5334
2248
7620
3584
514
5057
4153
1786
1048
845
4353
5862
6889
1453
5824
5000
835
5403
4944
1760
999
8105
793
2487
5837
123
5402
2252
2313
3642
4786
3841
5766
2762
457
2560
5024
2130
3280
6497
7078
7811
3666
3191
4741
3318
651
4095
6000
7093
4876
2312
266
2328
2671
7996
1411
7915
3804
568
460
39
5862
4526
4181
8118
665
7559
6691
841
4807
1020
2766
4934
5367
3360
3687
1954
1029
5975
8081
5276
2040
5501
123
852
1699
2453
4858
4017
1430
1414
3475
715
933
740
2196
2006
4311
6825
930
3810
5167
3434
1584
6262
3237
193
8040
5374
5628
7564
4426
999
84
507
3455
3209
6659
5063
1413
3120
797
2406
660
6037
7002
7911
6533
2459
4986
1316
4194
994
5938
3810
2060
5149
5160
8190
7029
5149
2463
102
2863
6331
1017
3186
2031
6660
6895
5143
2764
1709
7816
5073
5375
6959
2641
1463
4521
4353
8081
746
7059
2894
1318
705
1733
2653
3964
169
1581
1312
1245
1584
5584
6990
5403
8159
4335
5938
574
4608
729
3358
6303
5403
5232
979
5806
1307
4496
882
3636
2161
1532
35
3238
1117
5275
777
8040
1497
4312
5580
7496
2558
8040
3481
3712
1074
817
209
7243
4289
6330
460
744
7915
967
7739
6559
153
955
100
787
7053
3012
6247
7243
6498
4129
4141
927
5998
6243
1371
4157
684
2124
2525
1988
3849
2379
6124
1760
2591
6906
7785
7384
5688
1534
1009
5259
2624
3564
7912
3576
8
1301
3397
4149
2509
7027
962
875
7805
7699
2237
3689
7521
6549
34
460
1020
48
1546
3642
4851
3810
2002
2405
7592
1768
403
492
6650
1204
3577
2351
6909
2284
7162
3868
2935
6684
3306
6426
7001
47
5424
5216
3362
5612
4294
7592
7067
62
836
7167
7408
3897
4533
7798
684
1506
2635
5913
6035
3077
7591
3161
8074
1833
5565
1595
458
7027
7697
1507
282
3009
6763
5262
2180
6948
915
746
4732
1822
7188
5730
5576
7154
747
2006
5762
72
2358
1056
4172
749
2408
2487
3808
1830
7934
7804
5280
7728
5932
5262
7687
2943
6801
8185
3077
2405
7415
1346
4542
2922
5066
7398
2603
6012
4542
5185
7798
6935
3469
5560
7852
4602
403
705
919
4851
2402
5833
2134
2981
6399
1262
1659
2553
5366
4980
4792
8080
169
5176
5514
6124
746
7915
3654
1459
3391
921
2817
3162
2541
4359
8159
7418
3186
6827
5923
4017
2701
2955
513
7978
2447
6174
1617
1833
4963
4379
1079
2200
1160
3077
96
4017
6262
7913
3610
2922
248
1346
4694
7823
7620
4689
90
3555
6020
1697
919
7592
1371
7161
1636
540
2897
7257
4221
4554
8168
236
6944
2448
8018
1765
2764
3732
3490
3320
4082
5171
1319
1620
297
4852
3932
6450
4095
5749
1965
5871
5126
747
3481
3503
4916
7570
4721
5991
2750
6284
6811
2550
7147
118
8005
8018
6287
6830
5856
5024
6348
2208
4094
7982
4031
1798
3263
1546
6853
5730
2697
2656
4413
7230
5048
6756
1660
7135
1023
6664
5965
4270
5227
3256
6528
7892
6415
7493
1329
5980
5806
7286
1802
7271
1142
3397
5395
3664
1129
7727
4529
6717
7900
1468
2630
705
3358
2679
2894
999
460
6330
2219
4274
797
2238
6639
916
7148
5514
6571
740
5715
5909
951
5024
702
5739
61
3196
1224
1317
4201
5095
373
541
5236
4851
791
1452
1842
5434
1536
4852
740
5143
740
320
2894
4412
2248
3995
1601
7915
541
7056
6583
4835
5290
3196
7785
5255
915
5810
5936
5403
370
1094
6903
8075
675
1048
7591
4782
1327
5398
5761
3037
255
4361
24
4858
3834
7823
1356
7048
6193
90
3642
169
1414
4329
3851
4413
6103
2671
7520
2661
6110
4081
7995
7613
1660
4944
7459
5722
5427
1667
6824
2999
1217
797
169
2496
3166
5066
2137
2130
3017
7722
684
5397
3263
4815
4830
657
7061
3560
725
319
2454
5063
2130
7239
702
5276
5839
4062
210
778
5402
3635
6440
4732
210
90
5654
2374
6448
297
6776
573
3986
4153
3405
4270
280
3598
6121
1317
5133
4944
1671
6058
2843
7067
7227
6886
109
5171
6648
999
2137
1403
992
209
2248
4038
2278
746
5292
7230
5332
5403
7575
1056
6448
6307
6997
5053
3628
3300
3287
6740
6847
4330
1129
4927
6121
2630
1048
6571
8011
6002
4017
5627
4194
6124
5374
6975
7463
3981
7048
4232
740
1746
845
4491
2130
7011
3044
1076
2429
5761
5653
6083
5275
6648
6667
7094
5372
7781
2790
3265
2593
7243
2459
5066
4172
3862
1825
344
5584
5739
7620
3773
3510
919
1613
1671
649
4011
369
1084
3849
2137
2606
5131
7011
2766
1472
2214
5573
2967
905
5545
8139
1544
8039
5730
738
1506
7913
4383
7575
1103
1048
3862
921
7051
3115
4771
5024
4150
1919
3318
4525
4590
1554
48
4858
1534
7613
1129
6124
1272
2006
2006
4147
7518
5066
4312
2546
356
6740
5057
4887
7143
8176
4618
4502
5226
4339
6041
7227
2358
4017
1129
815
4851
2764
6075
3834
6836
7910
628
6710
2426
47
1497
7838
1965
5402
4081
3712
7221
4310
1740
1105
4353
1241
740
3589
266
7823
3598
5867
1046
7613
