0
0
0
10
0
1
0
0
8
1
0
1
2
0
0
0
1
4
0
0
0
12
1
4
0
0
0
0
0
0
0
0
0
0
0
0
0
0
0
0
0
0
0
0
0
0
0
0
0
0
0
0
0
1
6
0
0
2
0
0
0
0
0
0
1
0
0
0
0
1
0
1
0
1
0
0
0
0
0
0
0
0
0
0
0
0
0
0
0
1
0
0
3
0
0
0
6
0
0
0
0
0
0
0
19
0
0
2
5
4
0
0
0
0
0
3
1
0
4
4
3
3
4
1
0
0
0
0
1
1
0
0
1
2
0
0
0
0
0
0
0
0
0
0
1
0
0
0
2
0
0
0
0
0
0
0
0
2
0
0
0
2
0
0
1
0
0
0
0
0
0
0
0
0
1
0
0
1
0
0
0
0
0
0
1
0
0
0
0
2
0
8
0
0
0
0
0
0
0
0
0
0
0
0
8
9
8
4
2
0
29
1
6
7
0
0
2
20
1
0
0
10
0
0
2
1
0
0
1
1
0
1
0
0
0
0
0
0
0
0
0
0
0
0
0
0
0
0
0
0
0
0
0
10
0
0
3402
651
5369
341
7956
8025
5456
7852
208
1733
6660
4842
7699
5814
3073
2698
3335
4579
4106
4694
2653
5198
1023
1155
5171
921
5405
2522
3490
7258
1055
6344
6110
1513
4294
3471
8039
7545
418
3806
4353
335
4339
5839
4329
5878
884
1864
1857
8047
951
393
3609
2278
1946
4224
1023
5451
2005
4791
3722
384
5272
6012
1389
6977
6202
3506
3676
3453
418
46
4103
1057
6307
4858
6483
3497
1071
1854
6583
2843
492
2999
7221
905
3297
1500
4224
5107
7592
7389
5805
7256
7957
5107
3309
6931
3168
5175
7067
3696
3358
5594
46
2999
4353
4441
7230
3825
5876
3439
4533
6372
539
3197
3924
2107
3103
1113
5766
2031
4708
5107
4729
6295
931
6396
3555
305
5225
5493
7886
4703
4392
7995
764
2080
1794
7415
5975
1767
6344
6256
5653
3000
6131
2579
1972
2131
5356
4592
2188
3722
3851
3572
4788
7227
7640
1820
4366
716
5886
2932
1798
7002
5857
4615
6973
4718
2285
4350
7722
4422
5248
3330
3624
7499
2944
7176
2726
746
407
2107
1389
6149
4353
6799
1478
7497
3778
1938
93
8144
1082
2408
7552
6605
5226
4837
6925
4841
3600
6053
4350
4934
4858
5248
1795
7401
1334
784
4732
3471
7442
5175
1113
5438
6435
6441
7235
6562
7852
1581
763
1033
4087
4729
2929
7442
7216
7153
784
5308
2560
1075
5173
1733
254
6950
5381
6895
2189
1735
7138
5338
7566
5964
6936
5021
1809
5694
1524
4708
4708
3487
5507
8144
4263
1339
6440
7948
7119
7745
5339
1456
4754
1524
3600
6306
7230
7180
6328
5463
5067
6977
2188
1965
980
6920
7757
1389
3103
2095
1661
533
4708
2031
5173
4630
7755
710
6003
2996
3706
5402
2645
3764
5814
4314
6141
390
6799
90
4268
8001
5476
1220
4425
6943
4150
1055
2967
5205
5630
8144
4581
7188
1765
6188
2405
4236
2309
5987
4036
594
869
93
6441
186
905
5312
1363
2136
5220
7380
7887
6822
515
2115
399
4576
5694
3762
3933
5107
5551
5749
7463
5041
6997
2031
591
3610
5982
2831
6651
5277
4996
3506
1479
763
1075
5101
6660
2932
920
180
6355
2558
6180
3331
8149
2929
3245
3687
1857
6237
3588
5810
7216
1520
4539
1087
5970
5817
666
4525
6195
896
2622
539
1153
2817
4785
3572
94
6392
2656
6926
2796
3168
971
6775
258
5581
2539
3056
2916
6483
5405
1786
1661
4942
7886
1407
3180
8027
2578
6769
5158
7334
3470
2949
3752
3795
6058
695
1466
2642
3214
1850
236
6618
4159
562
5788
5224
7275
7463
2114
6997
4842
2915
2805
1993
5630
2372
1023
6884
6393
1291
4265
5754
4566
3671
924
6535
3669
317
8137
4789
7377
2839
208
4663
19
4639
5769
2671
3726
6753
6000
1055
55
1449
2415
3807
1220
4742
7235
5322
393
7236
5102
740
2465
7122
6313
1093
7189
1926
6057
4609
7235
7945
7374
6769
984
5568
8184
939
4789
4802
6996
8073
5672
2116
6789
1124
2826
7957
4361
5332
3682
6306
2031
3590
3320
2773
157
4503
1114
4316
5089
7878
3215
7734
1375
1627
4391
7825
1162
111
44
3179
9
410
2150
3178
1468
5138
5335
8006
7699
4353
5272
533
7049
4918
6502
5226
1803
2283
4087
6188
5110
1102
7878
3315
3583
4252
1092
7581
7523
4793
146
7463
8047
6441
5921
148
6483
5226
5131
2925
2114
3405
3577
7545
1154
3835
1895
3230
7851
4600
2278
4516
4179
4144
3498
3297
4930
4286
2035
4299
2070
7491
4457
5163
4543
3706
6188
6141
7207
657
1947
3812
4103
1767
5682
4950
533
6973
4329
6070
1119
2497
6967
3061
6210
2668
1973
5157
1368
4236
5841
2842
7286
5707
7972
1293
7909
7463
7591
4112
6822
6776
6735
5680
1786
7012
3740
4291
1464
3402
7956
7489
1848
4614
1035
5265
843
2130
410
4056
2032
484
3267
5329
3943
1734
3481
1402
2408
4314
1485
1839
2999
6760
3532
26
6967
7235
5332
7592
6002
4641
2182
2347
1981
2507
4399
5048
2929
7383
2645
6958
1588
7195
2741
3795
6571
1893
1154
2005
6892
1946
8087
6253
7527
3252
2280
280
7255
6784
925
4700
3986
5608
3901
1893
491
7596
3188
2136
2930
6564
8105
1023
3487
6903
5587
1082
6997
6997
4600
3600
6727
7255
5372
8144
5115
331
2131
3055
383
4742
4852
4851
1029
6761
7777
5507
6005
7234
5119
3060
4616
1556
1832
3440
8030
5024
777
2425
4689
26
2999
2610
5943
157
4574
7113
6724
5688
2597
1715
5227
2817
3577
1709
6735
2764
114
2405
772
3751
2591
528
383
1075
8189
2297
5319
3433
2410
2425
2283
6645
2558
212
5456
6875
2573
8133
397
4786
90
2029
4964
4876
1513
7745
4011
4038
3572
6002
5288
1854
2662
2547
1915
3212
148
2065
5884
1082
7995
2410
5155
361
26
2031
1224
5010
112
7362
4292
7209
3346
8105
7243
3715
5150
6820
6571
5514
3326
3851
1075
393
7636
916
6868
3290
5066
4694
3133
8175
6009
7781
8030
2597
1333
5248
6306
2192
2192
8170
5205
913
5198
6977
4770
3401
5405
980
7699
7592
4312
649
591
4007
6958
7113
3481
635
7965
7615
1136
8008
3597
6058
4809
7227
6660
26
2520
1343
8083
4785
1433
7290
7518
2196
6125
6761
6149
5857
4109
951
6262
5272
3861
1595
5107
4412
7636
5892
5456
5129
1209
4807
1605
7676
6222
390
5739
6645
2410
6483
4236
6552
546
3555
6829
1362
3010
763
6448
8105
6202
2002
1343
5066
7570
5275
5024
1513
7188
4852
2465
4914
7190
1602
453
38
5950
3706
6012
5107
2916
6571
5171
7871
5537
2879
3807
8159
5217
3022
3300
3254
5628
1864
7153
4796
3577
3490
2192
7798
951
4792
361
6973
1740
6000
6147
5876
5582
788
1299
177
2661
4796
7143
5107
7072
7566
324
3797
7798
5428
1822
5514
5807
1583
5067
6483
2764
7777
1765
3851
2916
4812
5035
7193
4672
3806
2051
7401
752
7172
2127
936
4807
951
4708
1839
3237
5288
1242
407
