0
0
0
10
0
1
0
2
10
0
0
0
3
0
0
0
1
1
0
0
0
8
5
1
0
0
0
2
0
0
0
0
0
0
0
0
0
0
0
0
0
0
0
0
0
0
0
0
0
0
0
0
0
1
4
0
0
1
0
0
0
0
0
0
1
0
2
2
0
1
0
0
0
0
0
0
1
0
0
0
0
0
0
0
0
0
1
0
0
1
0
0
0
0
0
0
12
0
0
0
0
0
0
0
22
0
0
7
5
5
0
0
0
0
0
3
0
0
3
2
4
3
6
0
0
1
0
0
1
1
1
1
1
0
0
0
0
1
0
1
0
0
0
0
0
0
1
0
2
0
0
0
0
0
2
0
0
3
0
0
3
1
0
1
1
1
1
0
0
1
0
0
0
0
0
1
0
0
0
0
1
0
0
0
0
0
0
0
0
4
0
7
0
0
0
0
0
0
0
0
0
0
0
0
8
8
9
3
3
1
24
4
4
1
2
3
1
22
0
0
1
12
0
1
1
5
0
0
0
1
0
1
0
0
0
0
0
0
0
0
0
0
0
0
0
0
0
0
0
0
0
0
0
10
0
0
4950
6124
4291
2591
6926
6552
7995
2500
2489
5272
1786
7723
3051
297
5998
7781
4491
7086
5066
7995
4796
5063
4270
7823
369
4353
514
3077
3051
684
5998
797
4361
7256
7915
6824
3196
5403
7028
6895
5403
4703
4708
5998
5701
1971
23
3636
5290
5739
169
2410
1989
8187
4852
4011
747
3153
7745
5531
5560
3320
1029
4007
1595
3732
1029
5118
575
932
3740
123
5833
1732
8023
2868
6082
8048
7699
1733
4194
361
208
3051
3263
5468
1017
4950
5896
5629
4270
3153
6020
6070
8187
1029
6000
6262
4291
3162
5730
4441
2654
4812
1450
5468
1105
255
3790
3642
1024
7051
2042
1181
932
5682
3740
2907
7997
797
1395
4703
4150
2558
61
369
5915
1581
3326
7188
7910
4809
722
3055
2801
3487
6321
1929
722
797
1029
4796
978
1040
7823
1534
6020
1010
2894
5024
1767
1660
4482
7852
7592
7011
1768
978
4340
7613
3577
7995
845
5627
6307
5739
4689
6776
797
740
7154
4339
4703
2219
747
725
1554
5128
1581
5403
5403
1003
7243
6761
3405
1929
7258
4796
4926
5332
7913
978
2868
4491
3481
1965
2252
5514
7860
683
797
7887
5514
8187
5374
1767
5419
47
778
1395
2597
7199
6776
1971
254
1733
4194
6827
722
722
2766
6303
460
740
3851
5374
5964
3443
3433
3186
2252
959
978
5514
3790
5998
1965
3642
7143
7915
6735
6396
5751
2421
978
5739
4294
4751
1767
684
2780
7148
7592
3196
335
1105
4291
6776
1661
7613
2499
6827
5514
6124
3263
208
255
4491
4788
508
7823
3642
3051
4312
7987
1211
8006
6827
7148
4830
1395
8159
681
7613
5403
6827
8040
7722
6441
5322
5682
5222
5730
2252
1319
6082
4340
6396
5629
4881
5107
492
8190
1029
7910
4296
3935
1903
3897
2916
951
8103
7785
7148
3263
3153
1319
1769
254
4007
5188
7742
3256
632
5600
2762
2405
3986
460
4876
6776
3096
4630
2894
7915
6997
4074
3105
4252
249
5915
1105
2967
1395
7739
2591
320
3740
722
533
978
3358
7592
2679
5024
4971
1659
6091
1233
4685
3864
903
3806
7371
1424
4406
6708
6580
4280
1922
2208
5224
372
7011
4703
6307
7723
5167
2002
3732
5100
4294
1965
4312
6824
5118
740
3572
5322
1748
3914
5499
3178
7179
55
6913
7098
71
4682
5785
7978
4871
8013
1603
7539
4796
7143
1660
2137
90
2597
5493
90
3047
967
6571
568
6058
6820
1699
2271
8080
2398
568
4950
4857
3978
709
6638
3201
701
7660
6138
4681
523
7588
2957
4523
5445
722
2907
7154
2679
5463
320
4482
3995
5308
4074
47
7722
4482
2916
5248
1050
7722
460
1029
684
4492
5005
3944
2264
7375
3680
818
2171
447
6844
6117
286
640
4857
5403
4491
1820
1965
7915
5810
1769
7258
5403
7995
1786
5118
1241
7148
1023
5730
1765
3642
47
7371
6506
8070
7213
4822
2027
51
3986
3513
1600
2981
206
1356
5332
7256
1040
8048
2907
5896
5482
1057
797
1584
5248
5149
5739
7722
5332
7845
2922
4950
2489
7923
2560
3678
3214
6129
3203
8162
7460
8014
527
3082
463
7334
7143
4441
6829
1535
8190
4291
5682
5248
4708
1767
5833
1733
5762
6660
5762
7997
684
6174
5295
3839
3100
7258
7111
5317
5260
4310
4011
842
83
3678
7258
4340
460
2252
2029
3995
933
1217
2630
7545
5896
389
6660
3732
169
47
6262
568
2960
1557
5253
7352
3203
7280
3384
217
3597
6484
1075
4950
30
3161
1839
3077
5118
6824
1395
7591
361
6958
4796
3490
30
4950
1023
3077
255
2679
123
3577
4491
1620
3869
3327
6300
5564
6180
3548
7848
2908
5528
4630
5896
2308
6307
2130
2635
7398
1786
4329
1289
5688
6645
3443
5398
7613
7011
7029
3790
3686
5494
4597
297
853
5642
3295
4208
5624
216
2577
2680
3077
5842
1139
1395
7415
683
933
208
2753
7143
1415
5739
2252
4830
2489
255
4353
5322
6571
7913
7294
4215
1328
7860
4809
1197
6412
2065
8155
4050
3857
1474
2410
4796
6761
4729
5374
5762
5403
5185
320
1087
7389
169
7613
3077
3577
5185
541
3642
6031
48
369
1245
7881
4926
5024
110
274
5591
3572
3381
2532
1224
4353
7613
2780
5576
1748
3986
5833
6262
7722
2930
7636
7148
591
7995
4270
1699
3851
1732
4329
5915
5185
384
4421
6923
5024
2464
4618
2907
4017
491
7416
5275
1217
2907
5332
3096
4841
7011
5975
5066
1217
3047
263
2002
3358
3986
1709
6307
591
1046
7518
1395
2907
4594
5055
3073
2421
1029
6262
3153
2780
3457
5322
5514
8048
4852
4390
3077
5332
6660
3245
959
5998
2894
4361
1430
2557
2405
797
6124
1057
820
1217
320
2252
1620
4234
3833
2384
5801
1029
8048
3995
2092
254
2002
3676
5255
8094
1217
4079
5867
6847
2327
48
3740
7028
6660
5403
5998
2405
6262
1430
3631
5998
3911
1769
4329
931
6802
3920
6827
3686
5398
3186
47
7011
5185
7227
5608
4491
2894
5998
3077
7798
2009
683
1105
1733
7350
320
6571
7777
715
2684
4361
4491
1103
6441
1087
5048
7798
7781
6262
3196
1415
90
4194
683
491
7230
4796
5048
3056
3995
4858
7143
3077
2252
4708
1989
3995
5419
384
651
933
7258
5272
4542
4312
1864
4011
1584
6827
3358
6262
7455
165
722
3642
4732
3584
5185
6262
5451
4793
2922
1767
5402
3196
2894
7154
5514
5739
5322
7910
2764
5998
1473
5275
6761
7059
2042
6895
2379
295
3358
2558
2252
7256
6660
7910
3186
6776
740
5975
3051
7913
5514
1245
1071
5332
1105
8159
3402
4521
2015
5647
255
1965
2219
2497
3186
1988
5896
4881
320
4694
2429
297
201
3196
7592
568
5403
6035
6020
5350
5403
3077
1105
797
335
1048
5507
4851
335
3740
7915
1581
390
4312
4796
4109
3433
740
7011
4329
7230
920
951
3196
4361
7915
2843
7823
4835
369
4217
797
7995
1613
5403
4478
4852
7755
2410
7613
5998
1733
1415
3481
