0
0
0
10
0
0
0
2
10
1
0
0
1
0
0
0
0
0
0
0
0
13
3
5
0
0
1
2
0
0
1
0
0
0
0
0
0
0
0
0
0
0
0
0
0
0
0
0
0
0
0
0
0
2
5
0
0
2
1
0
0
0
0
0
1
0
0
0
0
0
0
1
0
0
0
0
2
1
0
0
1
1
0
0
0
0
0
0
0
0
0
0
4
0
0
0
10
0
0
0
0
0
0
0
26
1
0
8
6
4
0
0
0
0
0
1
1
0
6
5
2
6
7
1
0
0
0
0
0
0
0
0
2
1
1
0
0
1
0
1
0
0
0
0
1
1
0
0
2
0
0
0
0
0
0
0
0
0
0
0
0
1
0
1
0
0
0
0
0
0
0
0
0
0
1
0
0
0
0
0
0
0
0
0
0
0
0
0
0
3
0
8
0
0
0
0
0
0
0
0
0
0
0
0
11
3
8
0
0
0
28
4
4
2
0
0
0
28
1
0
0
11
0
0
0
3
0
0
0
1
0
4
0
0
0
0
0
0
0
0
0
0
0
0
0
0
0
0
0
0
0
0
0
10
0
0
2676
7642
2219
7391
5574
3504
5332
7489
77
7499
955
1547
3085
4722
129
5276
3346
227
4361
7745
4268
4878
1753
2939
4207
3600
4103
2352
2992
4543
3120
5428
2080
6020
4139
3212
5232
4735
7205
2892
5267
7343
5855
251
4232
7872
2343
5171
5185
581
8089
6791
3577
2907
2780
2059
6902
4424
1212
3883
7391
5701
6642
7078
1576
2361
82
1103
1103
2630
5428
6012
1536
6308
3067
390
2285
559
1733
2136
3835
4089
7684
7188
2533
1391
6538
5009
8012
7416
298
6646
7025
5928
631
5000
1748
2956
328
2273
1450
2830
1414
186
2728
7015
2904
2402
825
7415
1449
1380
2546
3526
1156
7755
5013
4739
4171
2456
5737
1513
5771
1365
2856
2916
3888
2796
2339
4830
2654
3969
6124
1253
6682
1129
4239
780
6687
6279
6495
7913
7492
960
471
6405
45
297
5079
7143
835
4230
5945
1879
6392
295
3077
7592
5019
979
3287
1010
1285
5892
6393
249
5682
6308
5521
4104
3327
5435
1822
4482
3095
6562
2541
3037
4214
4377
5405
7909
272
5171
5874
6053
2553
5470
4232
3741
8083
795
1974
5843
3438
3619
283
4419
3861
425
1758
2264
7760
2475
3493
6247
4310
7006
4914
7113
5135
6716
5641
5849
6609
4350
1944
5892
1155
1821
533
3240
2136
6745
643
3494
96
6227
6135
3433
1929
5290
4920
3482
706
4782
4396
5276
6253
4270
6440
1176
270
537
8171
7425
7516
2410
6553
6393
6847
5629
6565
6945
2056
8121
4651
4472
1769
4835
1581
4181
7048
5019
2411
7332
3504
4350
8143
7419
7956
3051
710
3340
7327
1559
5063
2653
5237
6141
7165
819
6925
2076
7225
4453
1076
3017
4735
1740
698
486
3654
2060
5276
5107
1415
1733
764
2907
591
3381
6201
3149
6190
2348
1712
5425
3634
1500
819
1689
7095
3826
6671
5402
508
8128
5369
3135
7484
7408
5279
4641
4887
5997
5428
7640
4840
1989
740
2796
5361
3514
3306
8134
6087
7383
6751
7433
5742
4628
7737
2944
3768
6804
7828
4482
3257
3728
458
7906
6262
4526
783
2661
3631
4239
2080
121
825
8143
5514
7901
2796
2405
6688
965
6434
1075
4318
386
7884
680
4329
6847
546
3772
7871
960
5928
5594
2212
3815
7031
7015
2780
705
3555
2836
6818
7887
4840
3577
7234
5594
7613
2635
297
5816
5969
4155
1613
0
6780
80
5594
4718
8189
4737
5149
6795
5107
6648
6336
4677
1855
1804
5911
1944
3066
4053
1356
5024
6798
7661
4632
7670
2986
3986
5778
5881
7850
2734
7899
5342
983
4610
2571
167
979
5332
6492
4171
1136
888
1581
1786
7257
7557
6105
6332
4851
7790
907
8025
484
2264
1757
7931
7748
2624
7683
5865
4706
7557
6214
3347
7087
3570
6744
1326
5351
6950
817
2673
2919
293
6836
3888
4488
6249
2402
7570
4312
3542
2835
7408
1938
7254
980
1560
7411
4755
2756
2165
670
1626
7381
2444
168
3193
3343
4300
239
7111
7848
2416
5438
2416
724
6590
6796
914
2764
2681
2483
418
1478
797
5408
765
5915
5756
1706
74
1293
5829
278
6624
1336
3334
826
923
5718
6684
791
3783
2746
7721
882
1726
1654
315
390
1664
5292
4548
4724
3121
7034
7234
4644
7313
2519
4993
4155
2354
1699
3518
5876
5868
901
7060
923
259
4105
4989
1620
6089
5507
7034
5902
4004
1376
1487
4291
6262
2343
7814
3251
5670
2741
3777
437
2770
1281
4523
6495
8072
3550
4816
6649
3950
2026
616
1850
1107
6046
1978
783
2219
5171
5332
5272
1241
4312
7217
5664
978
472
933
4777
3743
6791
4651
2339
721
2584
7803
1401
2540
5013
2464
2796
2489
5596
4050
1623
6459
3982
7416
4007
4353
1941
2860
6552
1739
5073
1464
3240
657
4605
3572
358
4774
7411
1698
289
2878
4550
4944
4000
5248
390
5077
5756
591
832
7271
7901
740
3130
3490
5066
5332
5456
517
7468
3588
1508
2741
4809
600
5079
5003
2293
5373
6252
842
1037
3643
6092
5798
3682
7816
1765
5739
6660
477
3629
2629
3481
2558
1944
8011
3037
507
590
4641
5275
4419
6465
835
3851
797
5248
5680
5464
7707
1719
3024
1949
604
2303
418
5477
4834
138
3577
6544
939
591
4920
2737
7739
3224
5208
5259
4268
7330
6294
2164
5909
6253
5629
5412
3490
2630
2015
6533
1055
6677
1279
5244
6891
5288
907
5476
2525
4077
600
280
6215
4502
3067
1576
8190
3078
4784
6681
1559
3457
1087
7395
1339
6717
423
959
1970
3572
5314
6254
2796
6973
437
47
5248
5275
1697
1821
6472
3132
6717
5964
2372
1697
5975
6469
533
3660
3438
1559
4643
5374
1156
1690
4933
4580
3358
764
6547
373
7461
169
5892
1508
3600
5858
2042
6306
4046
4525
5314
2042
7736
4106
3068
4239
338
2500
2378
156
1478
289
5780
7296
2916
3916
7492
2836
7123
6053
5825
5198
8135
2525
5608
4630
1602
8143
1768
3230
5909
2780
6552
1845
3439
5630
906
6926
1523
4419
931
4005
3686
8058
7134
6927
3687
643
1732
1970
7153
4877
3718
734
596
1550
5208
3598
1350
2441
3095
3095
3851
6058
1232
3598
615
6131
7744
5189
83
3861
992
7209
925
764
1248
7209
5468
3363
4016
7577
6552
3020
940
4734
2285
2410
4788
600
7319
6216
6441
4419
6395
114
6465
307
5739
5010
2415
7134
3699
992
2499
7209
2976
5254
7716
5647
5598
7851
6784
7347
5915
3874
7783
5757
3534
1765
3862
3121
3470
7171
1201
514
2233
1426
2359
5376
3699
3166
1245
2313
3482
34
4074
8083
7369
1356
2219
541
5063
2429
3933
5387
227
25
3557
4230
858
96
683
681
6361
1464
2280
3166
2359
7420
1242
753
3230
83
7332
7292
3851
1078
4396
4412
1554
4065
1778
1168
2560
6253
225
142
740
5248
1740
7135
1105
114
5688
4170
6833
4474
1168
1252
7301
30
1839
683
3055
7921
4004
1893
1839
2737
2415
3132
5979
791
5259
5920
992
5576
3449
1029
6824
