0
0
0
9
1
3
0
1
9
1
0
2
3
0
0
0
2
0
0
0
0
1
7
2
0
0
0
1
0
0
1
1
0
0
0
0
0
0
0
0
0
0
0
0
0
0
0
0
0
0
0
0
0
2
6
1
0
1
0
0
0
0
0
0
1
0
1
0
0
0
0
0
0
0
0
0
0
1
0
1
0
0
0
0
0
0
0
0
0
0
0
1
3
0
0
0
4
1
0
0
0
0
0
0
23
1
0
4
5
7
0
0
0
0
0
1
1
0
0
2
2
0
3
4
0
1
0
1
1
0
0
0
2
1
1
0
0
1
0
0
0
1
0
0
0
0
0
0
3
0
1
0
0
1
0
0
1
0
0
0
0
1
2
0
0
1
0
0
0
1
0
1
0
0
0
0
0
0
0
0
0
0
0
0
0
0
0
0
0
3
0
6
0
0
0
0
0
0
0
0
0
0
0
0
7
5
9
1
1
2
30
3
6
2
1
0
1
11
0
0
0
10
0
0
0
1
1
0
0
1
0
1
0
0
0
0
0
0
0
0
0
0
0
0
0
0
0
0
0
0
0
0
0
10
0
0
7582
684
7230
1241
254
4011
255
3077
5627
3196
2496
1965
705
5290
5594
6393
2894
3162
7258
4788
2441
5998
1048
5514
4809
7613
6139
1988
7093
6089
740
3897
6761
5761
7029
5482
7592
5682
6262
6303
3326
7613
5514
3490
5066
3851
7229
4796
457
6152
1821
297
7785
4608
1103
3686
3504
1595
2907
5477
3572
3600
6824
3490
1965
2868
4809
591
4950
5403
7093
5778
96
4852
7384
7110
7258
109
3911
7029
6139
255
2405
47
6139
5332
3453
7011
4542
3642
978
7148
7294
2459
460
4788
857
7029
255
1029
5477
5997
778
4788
2410
280
2868
2252
7699
3326
5290
568
4796
5066
6735
7995
2464
5909
3358
5761
4542
1971
6827
7011
254
747
5761
3196
7011
3196
5118
5627
5664
283
5629
4542
7143
208
5290
423
423
820
1765
6002
7236
7570
7258
2441
684
1613
369
2252
4074
6271
1576
6124
6121
1971
3504
6082
6447
3449
255
783
6393
8011
8048
1988
2361
1129
5398
5290
3196
2464
4270
747
3577
5801
3861
7798
4881
5514
6139
5739
3577
5801
96
3790
7154
3806
7806
7545
4291
4796
1319
450
7135
109
4729
4608
538
7592
5403
4718
6031
7613
7093
5118
4270
3490
5066
5332
5403
47
2252
2252
1989
1234
6065
1581
2916
4813
335
4796
4881
6303
3790
5608
1473
7816
7205
169
1733
1680
5403
7699
5730
1988
3572
591
3150
2171
4708
3740
7666
4273
3167
8160
6824
2252
5762
5290
5801
3481
7493
6950
4065
7311
7052
1734
5514
3943
811
3167
2868
4387
5066
460
255
783
5997
6090
1663
5142
568
7230
7828
5398
6152
921
6761
1576
5171
2464
6761
3167
6262
2986
7154
7726
3291
3052
2844
4628
3272
4950
7844
3868
7177
4808
1148
4492
1917
6842
1310
1818
3326
2459
778
3037
5118
7093
5997
7229
5057
6720
3167
3504
3584
384
5627
1595
5371
5450
501
6458
2051
4317
2411
6937
6270
7988
3601
1495
4167
2067
6727
2596
2070
649
6212
1532
2986
4491
255
3320
6124
1105
5997
3851
6660
2429
4491
390
5495
6164
5085
2232
3612
4874
5272
2496
6790
594
2021
2486
768
4974
5113
6982
1300
781
5554
1833
6053
5403
4796
5629
6831
8086
4291
4017
7493
1285
6041
6973
3541
5422
5274
241
83
5983
731
2663
3120
1555
2079
955
5940
8122
699
6965
3463
4746
3682
4291
1029
460
3790
740
7806
591
5332
3196
6824
4950
740
5801
5627
2907
1917
1863
8057
5104
7166
3167
3806
432
5178
6963
3193
2315
6919
4145
2376
442
4291
6824
5403
4666
4270
1821
3577
7836
951
2252
4270
6552
5514
5997
5290
2252
6303
2502
2464
4242
1070
8157
6457
6580
8036
2000
2449
1881
6335
7748
1545
2662
7570
4069
5848
4270
568
690
7848
5806
7525
7258
7915
5191
740
575
7910
1048
1989
1680
5272
4525
1062
2840
2096
1030
1669
7443
6737
5909
459
7746
3326
2686
709
5957
6761
4319
2074
3759
2007
4691
58
8157
4788
8080
4796
4011
227
3158
7143
6082
446
5465
2973
55
6211
5926
6919
7343
3948
1229
116
3432
613
1941
5250
6944
6623
4477
3979
5256
6534
4665
2960
2894
1103
7798
2252
3911
6124
5308
7995
4158
7332
5877
6124
568
568
2642
2262
1720
6375
98
4038
1558
2890
3394
1766
7343
99
4014
3184
8085
7206
4512
7235
1979
5896
2922
320
7029
6082
541
1158
5290
2405
7910
5896
2907
5482
3657
2508
3772
6960
606
6623
2363
5017
1619
4539
1326
3865
3411
4004
4372
243
3100
7445
2381
2077
4342
4708
3686
649
2405
5664
90
5627
7011
5682
4394
86
5406
6846
868
7595
421
2442
4855
1080
7507
2070
3895
2536
880
5629
7258
6041
3721
2308
2663
5725
4888
7491
4270
3077
2868
5275
39
1971
2459
1149
504
6266
1784
3151
1968
1016
1880
3378
2561
1077
5007
5315
1896
2448
2349
1023
7011
5627
4011
5514
5248
575
4340
3577
999
4361
8103
7243
4084
4835
7798
109
4788
1944
1748
5976
5745
6956
6467
2815
2054
793
6010
2073
89
538
2459
5514
1048
7154
2374
1965
5066
3584
5077
7582
5514
7230
5938
4310
3096
4502
7230
7230
6041
4017
845
6864
2582
4660
4651
4950
6603
7645
1713
244
1073
5048
3911
1965
5998
7229
4427
4037
6824
1048
1965
109
5290
3490
194
3911
5048
1595
1544
7518
3433
1473
7816
8000
7681
787
109
6720
5174
871
4202
5965
531
1118
4017
7915
5997
450
7645
5225
4482
1584
4310
845
5185
4881
2459
2405
3326
6447
109
3686
979
4708
7613
4857
1905
1808
255
5185
3542
3251
744
3503
1185
1217
2429
3642
1989
5629
3443
683
845
3068
1087
568
2361
3186
2894
3077
845
1075
3196
4361
7798
7827
1473
7258
4950
5185
2868
109
7910
7784
3167
255
1395
4273
6810
7029
4731
3162
6002
5514
5185
3022
1105
2402
5024
4580
8080
1965
811
684
6124
7393
4944
4542
3911
5902
5514
1395
3600
6002
5514
1988
5998
3572
5322
4011
4735
2489
5066
5024
764
5629
6303
3490
1971
5997
4361
4851
1440
4526
2868
1048
6533
2671
4270
591
3600
3158
2118
4011
979
5489
7910
4788
2441
5477
2684
3790
5364
7011
5290
2136
6385
6124
1103
4880
5682
1595
2137
5118
1699
6649
2496
7910
2415
7670
5874
7408
1595
5398
1796
5376
5107
2916
4424
3834
4950
7063
2764
1733
2635
5398
5730
4478
1029
740
1103
7913
227
2560
6427
7258
740
4350
6141
208
7011
5185
1988
5290
7745
2671
7029
8080
4194
1204
3834
4413
460
1075
1965
5576
1595
5322
4353
1770
1786
6041
2219
7613
921
6761
2252
4232
255
4708
5886
7389
4526
2766
1164
2405
5920
2006
255
3541
1821
2137
2459
7051
8151
2464
1954
255
4340
2907
5419
7234
7995
169
705
2629
4568
5997
3358
169
6761
5232
740
1971
7234
1954
7910
1821
4224
5290
297
5514
5594
6447
7294
1765
1613
5576
4291
7205
698
5514
4542
7816
6306
2308
109
3504
1029
