0
0
0
9
1
5
0
2
7
1
0
1
2
0
0
0
1
2
0
0
0
8
3
2
0
0
0
1
0
0
0
1
0
0
0
0
0
0
0
0
0
0
0
0
0
0
0
0
0
0
0
0
0
1
2
0
0
0
0
0
0
0
0
0
4
0
3
1
0
0
0
0
0
0
0
0
2
0
0
0
3
0
0
0
0
0
0
0
0
0
0
0
2
0
0
0
8
0
0
0
0
0
0
0
23
2
0
8
6
7
0
0
0
0
0
1
0
0
1
3
3
1
4
3
0
3
0
0
0
0
0
0
0
1
4
0
0
1
0
0
0
2
0
0
0
0
0
0
4
0
0
0
0
3
0
0
0
0
0
2
0
1
1
0
2
2
0
1
0
0
0
0
0
0
1
0
0
0
0
0
1
0
0
0
0
0
0
2
0
2
0
8
0
0
0
0
0
1
0
0
0
0
0
0
9
4
8
3
5
2
30
4
3
1
2
0
3
24
1
2
1
14
0
0
0
4
0
0
0
1
0
1
0
0
0
0
0
0
0
0
0
0
0
0
0
0
0
0
0
0
0
0
0
10
0
0
5403
1954
4796
1971
568
4491
6303
7154
6810
491
4718
2464
7243
4525
3577
5403
4007
649
4796
3642
123
6668
3740
1285
7915
4074
6393
7798
3077
7059
797
5019
5997
7816
5739
1395
1105
5276
8160
1971
7491
575
4291
26
4589
6088
6000
3740
1430
7059
747
747
2766
3007
460
797
4796
2429
1581
2308
1613
5762
3642
3481
4291
5185
1965
7029
4274
2459
1217
507
5576
3120
5998
5514
1566
4170
6134
4312
2894
6308
7915
1217
8048
2308
2916
3326
1105
2379
1241
8160
4950
6824
2894
7785
3153
5576
5176
2164
4270
423
7752
2308
7613
8103
8103
5761
2252
1285
722
7613
4150
1217
5751
4796
4835
7148
3481
7910
1395
5419
1965
6552
5428
698
778
1740
5997
7518
4424
3121
7613
5118
507
7143
7591
857
7785
7997
1546
2308
2459
7613
169
4703
4600
3402
8143
4291
4605
26
320
5066
4312
7679
393
2922
2766
5160
5048
7785
4065
4291
978
3096
5398
3077
1023
1971
7086
5057
5682
1971
568
541
6262
5514
3861
3120
5997
1453
4525
4361
5762
7785
3263
169
3196
3263
5762
3007
1217
797
5248
320
4482
1971
3358
4011
6393
7640
1810
5170
3288
6447
3166
1007
2727
7995
5514
6303
5998
705
5482
2922
1546
7234
2630
5171
6393
1285
1979
7294
5629
5997
2248
4482
1087
3196
5403
3443
1620
1951
2921
3662
1559
249
1599
5808
3686
4881
1699
1971
3490
2459
3642
7518
5913
3642
4074
7823
5730
7613
683
2737
740
3504
5290
6262
4525
6252
255
2629
7258
7890
596
2978
347
4957
4807
5191
5507
460
5350
1965
1821
5977
169
2671
3326
7258
5272
2118
2219
7294
6000
1613
1217
1217
3322
7854
3346
3510
5187
2530
7658
454
2764
7702
5286
4999
8087
7281
6041
5896
1989
4011
2390
4962
1595
3077
1595
740
684
778
4851
1395
3642
5149
6847
3078
3695
6134
4424
967
7333
4525
6627
2612
841
5387
4360
4663
1742
1944
4796
5998
5322
6964
5103
7698
4618
7518
6761
5739
5762
7029
1473
3007
2894
5066
2252
740
6041
7823
7995
2907
3682
1160
3853
7154
5288
6804
7836
3399
3327
7096
1632
3195
7396
6345
7604
824
4835
5547
5997
5739
6533
4270
7798
2894
5419
3686
7997
4232
3153
4526
320
2868
1473
6824
3577
1680
255
5909
6124
3538
2821
8098
8074
5577
557
5622
4325
449
5295
1379
7680
123
7915
297
4796
1217
2429
460
5024
684
5482
4312
7493
6720
3167
5185
1092
5008
7151
5605
7679
5319
3043
1569
649
7199
7206
4820
5325
5557
52
3865
3593
807
1124
704
4509
374
1382
4329
1029
1929
3631
4812
3834
1581
1224
4270
4166
2564
1692
1344
3433
6106
5546
2284
1006
2686
6301
680
7769
2945
2891
1455
1370
4689
3575
2448
3947
7306
7286
5248
7059
7493
6262
5066
8048
2459
5322
3482
607
7113
4891
4092
6981
5809
129
2679
218
5078
5322
5738
4902
6435
1604
5784
6377
7074
7484
5230
5111
252
5066
4796
999
2219
6053
4950
1965
1048
1062
5512
7850
961
1590
5701
4119
2892
3785
942
5314
514
5706
5785
672
4618
2553
167
3559
6636
2366
6284
4981
6864
7258
4950
4881
4788
4329
7518
6124
2219
5786
6328
3429
6828
4888
2260
4796
12
3834
7823
5066
1468
7539
2090
7343
3451
4833
3130
481
80
4547
1395
297
1430
778
1029
1224
575
785
5309
8
3427
4232
3003
4580
320
6124
2780
7011
1011
260
2489
6947
77
5465
5532
1704
7472
5134
4434
7029
4618
990
2248
797
1965
1103
5364
591
4484
5817
92
7416
174
491
1029
5290
4017
7740
6563
4110
4011
7424
4208
2284
2439
3268
2113
1961
7124
6139
7887
2907
4950
6124
2967
3196
4881
5751
7910
4824
2612
109
4482
3096
3186
3851
5801
6041
4011
423
5430
1944
7575
6767
2561
1817
5270
318
2488
1765
4354
2260
2907
4796
2271
1989
7520
3263
7059
5762
684
2780
373
6262
2006
1821
1821
4618
8048
6262
3077
4482
1989
4340
3898
5062
6272
1557
1167
2086
2667
6301
2737
3183
7167
8190
5682
2429
6303
5482
6276
3263
2219
5272
2358
4361
457
320
4491
6082
5998
1989
681
383
6824
6112
8049
5327
5460
4902
527
2086
3978
4633
2907
1021
2396
7256
7785
7591
6824
845
1395
933
486
3740
1989
4074
5739
5762
3326
7236
4291
2489
3037
2530
7910
4718
1225
1657
3419
7992
3304
229
7251
2370
5629
4796
8075
7011
999
2630
7011
3196
1453
5682
916
1040
7333
5997
5514
7995
4644
5171
6824
3120
7745
229
4851
1285
3682
7570
1444
2358
7827
8150
1462
3911
7592
1224
2907
4329
7209
5977
1029
2308
5248
740
7823
1855
4410
1822
109
3911
5501
2239
7
1971
705
491
2421
7154
615
123
1395
1581
5403
5322
7915
5867
978
4830
5761
797
6137
6645
4950
7304
6306
47
5739
4876
528
6020
5149
4788
2117
794
1613
6955
4270
3790
4273
684
3443
1856
6065
6303
7011
5867
7234
2429
6020
3740
933
5627
5833
7230
7613
2248
1395
5118
373
7816
5332
4950
5187
7217
5383
2239
6675
5016
1606
6761
4273
4270
7910
7011
457
7997
5403
3555
1919
1988
2764
2999
5576
2463
3475
6847
48
4881
5545
1584
6950
1048
5118
5290
1075
7577
1076
1711
7977
6966
7784
4491
4065
740
5173
722
4800
5761
2934
2635
227
1155
5874
1087
5739
2252
7755
5023
1822
2541
3358
3263
47
2358
369
7221
4607
6475
4079
3861
546
4714
1395
169
2405
4796
7582
740
1856
3077
5403
1395
4007
1023
4448
4291
1350
807
1660
6308
5322
254
320
6303
3077
1988
6202
6637
436
4797
4208
3804
4325
884
6950
5290
3577
4273
7148
5975
1217
7915
4312
460
297
5128
5350
320
5762
2219
7910
5419
7143
5272
2459
7029
6262
5290
671
2262
593
5401
2591
5888
3577
6950
6864
2766
1395
2252
3584
1241
6065
7148
1550
4361
4312
7755
7057
3077
5322
390
1765
1822
2856
1224
2429
4270
1581
