0
0
0
11
0
11
0
1
5
2
0
1
0
0
0
0
4
0
0
1
0
3
2
0
1
0
0
3
0
0
0
0
0
0
0
0
0
0
2
0
0
0
0
0
0
0
0
0
0
0
0
0
0
0
1
0
2
1
1
0
0
1
0
0
1
1
0
1
0
0
0
0
0
1
1
0
1
3
0
0
1
0
0
0
0
0
0
0
0
0
0
0
0
0
0
0
4
1
0
0
0
0
0
0
27
0
0
6
6
8
0
0
0
0
0
2
4
0
0
0
2
0
8
0
0
1
0
0
0
0
0
2
0
0
5
0
1
0
1
6
0
3
7
0
0
1
1
0
3
0
0
1
0
0
0
0
0
0
1
0
0
0
5
0
2
0
0
0
0
0
0
0
0
0
2
1
0
4
0
0
1
0
0
0
1
0
0
0
0
7
0
5
0
0
0
0
0
0
0
0
0
0
0
0
10
4
8
2
2
5
29
12
2
5
5
1
0
22
2
0
0
14
0
0
5
3
0
0
0
1
0
1
0
0
0
0
0
0
0
0
0
0
0
0
0
0
0
0
0
0
0
0
0
10
0
0
1558
6869
1287
6972
240
5057
6908
6808
1409
8135
4329
100
7713
3985
545
4809
811
3999
41
4401
3351
6982
7721
2527
6253
5994
4097
8148
8052
7608
1878
2219
4344
4084
8043
2531
3448
722
6678
7754
4533
1733
7782
2098
7729
5634
4398
1979
7093
1206
362
3940
2122
206
4003
1584
2079
7910
7945
4112
7578
2118
3443
3096
6140
236
5938
4530
7441
3251
1937
8052
3321
6700
3866
3563
856
357
1184
1532
4229
6814
5740
3866
7062
3895
2772
613
90
3242
2243
2777
3085
536
2663
400
2455
5036
169
2509
7175
7037
7224
5959
3563
7897
6928
6757
3998
4756
404
335
3589
603
3940
5256
5366
1860
1707
4505
2512
6463
5167
6884
744
5758
943
1049
5732
4833
7442
2118
2255
2471
6748
5659
152
4904
3359
3140
7117
2643
970
3051
332
856
6757
755
5323
1695
3987
6505
4913
3158
1534
2402
1584
5954
1818
3893
6852
6507
1396
6212
7939
540
6835
4611
2198
6816
1788
7123
4141
4435
2178
1349
5321
5125
243
534
6777
6312
6123
5655
5365
372
7070
1043
639
5654
5493
1971
1134
2362
7976
7241
3016
1271
5904
4883
751
5786
4551
1280
4406
7988
744
5985
2259
7373
7424
4794
6460
4803
4515
3236
3371
7187
1899
8023
5209
5724
3340
7484
1990
7102
1815
7324
4212
8100
3563
1121
7388
5622
5278
5904
1182
1741
4565
2683
5417
4655
179
2054
22
1293
2090
2583
1210
3962
6756
3469
6914
3180
1029
3326
3984
7833
4566
8074
269
4891
605
661
1855
4267
4322
79
3604
6676
5717
7060
2637
3627
5343
8019
7984
5949
1685
7446
2625
5245
8048
4082
7882
1581
4609
2533
6121
3184
3013
3874
6383
6631
1898
6745
4760
4123
646
4730
3215
1695
8103
3264
762
3371
6425
167
3428
8122
6425
4968
5770
2735
212
4009
3561
4187
3305
4237
2501
2123
1272
637
8132
152
1753
137
5691
5908
781
4617
3327
4619
4407
1635
2498
5504
1406
6981
3867
3334
7616
1292
6816
5251
5742
6012
7292
4950
5403
4183
696
6402
1146
2367
7058
1725
5354
5755
3915
1894
329
5770
2643
3611
2178
2614
4398
7000
7082
2101
1145
1812
2660
6482
2643
605
1695
4660
7633
5407
7679
5986
2103
436
2043
4284
1625
545
3376
6570
1059
7476
353
5986
7854
3740
1620
2643
2529
5022
2420
2420
1799
1087
3614
972
1069
5634
5799
3215
2175
5894
678
6449
3970
878
1646
4483
221
6003
2318
4401
4868
1898
7857
5071
3852
5567
2130
5366
7981
4947
1644
4683
2569
7753
4519
4248
3317
371
6443
6327
6791
5936
6604
995
1198
5281
6907
2649
7622
6268
5366
856
222
127
1707
1360
1868
5536
6007
379
4868
3866
1695
6757
6676
7408
6122
1256
1930
3268
254
7033
6818
7689
7706
2254
5154
5593
3016
7224
4915
2397
1894
3866
5842
3985
4435
1677
5426
3607
4855
7614
7452
915
6233
1502
5182
4721
7737
6923
3330
7779
6824
5077
2309
2513
3052
1331
712
1536
1604
104
2452
3933
117
7060
2643
4515
1037
2714
2693
4946
5569
6638
7892
4935
2376
4602
3317
1069
4869
419
681
1830
5423
7716
215
7445
3389
6436
882
1445
5513
7055
3534
7179
542
5799
7903
970
4679
1491
91
6291
1860
7945
4624
354
3747
3698
2809
7843
5096
5772
4788
5077
1441
8080
5687
4365
7012
3480
197
2152
2240
8010
7740
1895
2265
5035
3327
1569
5703
5144
5323
4169
4960
2073
4322
1937
2101
5050
546
7137
8132
3322
5725
3153
5223
3067
6257
7319
3159
3326
6759
7347
4199
3351
1554
7543
4758
6281
6070
4158
2261
5667
5967
3940
1801
4655
944
5366
4280
5366
1860
449
2266
4535
803
266
119
3186
4217
8122
7956
1124
3731
522
7323
3716
923
7675
2470
6569
1600
6192
4803
4398
2083
2187
1059
171
4641
6989
4791
5987
5456
5987
5496
6282
2643
1021
3037
6922
6222
4441
3532
7894
7362
1536
7495
4241
7180
3464
6321
1971
7706
2558
3868
6930
7729
5908
152
8100
2284
5112
6993
7713
562
3140
81
4333
6336
751
404
4444
3442
1019
4694
8174
3672
3637
4990
7629
426
369
1534
4251
4070
4365
2998
1687
4868
2998
6723
976
5743
7418
1708
3940
2003
3131
152
6494
5775
1644
5251
1894
5052
5921
8187
4422
972
5259
5168
2133
6876
7241
1164
1824
4862
648
7718
3548
17
2735
2582
4108
7784
5364
6814
6086
3738
8084
4166
5124
6048
2251
152
7793
1513
5167
5847
3981
6926
4525
4948
1173
2932
6320
478
785
3469
6653
1336
1685
471
17
6761
3403
1293
213
3819
4846
4354
5055
1150
4700
6112
5496
6757
5430
7389
6409
1285
3559
1740
2603
6600
1866
4461
6268
1527
559
5507
2459
3979
2621
1223
4981
6951
5094
813
2099
1820
1615
6817
7416
7180
1544
4266
1847
5050
3134
460
1468
4747
5000
6613
4082
1639
607
4703
8103
721
1836
7691
5135
5469
2633
6723
2153
1227
2568
6757
7282
7711
6087
209
7679
2229
7753
860
6181
6634
7852
1208
2359
3904
1937
1522
4798
5193
2782
7585
3173
7155
6327
881
1979
4202
704
3074
6356
1489
1460
5115
3006
1929
7823
3480
1302
2679
1827
7041
5472
2426
4400
4034
5565
5969
3536
3497
4625
4534
7755
6417
5320
1935
1700
4444
4207
4017
7886
7061
795
4093
6391
194
6380
3455
7908
2557
30
3074
8121
2374
1862
8139
3793
4605
3478
1124
581
2482
5290
4568
3816
1024
5236
7753
5192
7673
3481
2217
1275
148
5707
6535
7827
389
6721
2379
1319
441
7121
7000
1596
2665
3084
5344
5334
2380
8048
2024
1037
4538
6475
2051
3051
2104
2975
4116
7609
1817
7116
6128
1583
2703
406
4700
6358
1994
5733
6059
3061
4290
2552
60
1538
5882
3469
7820
4750
4019
5442
802
7239
607
4048
1599
4517
60
5791
1302
7568
3666
4998
747
4856
95
8044
1090
881
2766
6737
4807
8135
5403
1106
947
4352
389
1308
8023
2654
3074
1534
1114
4858
