0
0
0
10
0
4
0
2
10
0
0
1
0
0
0
0
3
0
0
0
0
2
7
0
0
0
0
7
0
0
1
0
0
0
0
0
0
0
0
0
0
0
0
0
0
0
0
0
0
0
0
0
0
3
1
1
1
0
0
0
0
0
0
0
0
1
0
1
0
0
0
0
0
0
0
0
0
1
1
0
1
0
0
1
0
0
0
0
0
0
1
0
0
0
0
0
6
0
0
0
0
0
0
0
27
0
0
6
9
9
0
0
0
0
0
2
1
0
1
0
6
1
6
1
0
4
0
0
0
0
0
0
1
1
3
0
0
0
0
6
0
4
6
0
0
0
0
0
2
0
0
0
0
0
0
0
0
0
0
0
0
1
3
0
0
1
1
0
0
0
0
0
0
0
0
1
0
4
0
0
1
0
1
0
0
0
0
0
0
10
0
5
0
0
1
0
0
0
0
0
0
0
0
0
8
7
9
2
1
9
26
3
1
2
7
1
0
20
2
0
1
14
0
0
2
3
0
0
0
1
0
1
0
0
0
0
0
0
0
0
0
0
0
0
0
0
0
0
0
0
0
0
0
10
0
0
3332
6920
2195
2342
6928
505
6507
3268
4471
6614
6785
2635
2366
3883
7718
3282
5390
481
625
3575
496
5286
1336
1403
5691
2765
13
5515
904
1823
8103
7867
2316
1572
1733
7895
4535
6175
618
5056
92
5636
4607
2262
7949
1571
3382
2904
8162
5519
5034
2893
5049
6208
1474
6551
1993
1204
7617
6124
6386
4481
5344
4940
3611
5458
1825
7086
83
3384
7129
8027
6805
8035
422
3729
3672
5828
2448
6132
6010
4971
4606
4088
560
3914
7416
5364
3726
908
1449
3393
7300
178
1172
3779
1187
2195
1780
4295
2101
905
8177
4099
2762
5730
5343
332
5850
3012
7762
2525
2904
5649
4766
5682
1208
1770
6370
3010
1659
6354
4526
7082
771
6696
1489
4228
2455
7743
6978
626
941
2231
5242
2976
886
4554
457
7648
2253
7057
1019
3063
6536
7997
7913
5383
2722
5835
6843
5475
6263
5821
1458
2513
6875
2107
3045
4491
4307
5519
7111
5057
7562
5101
7483
1329
5245
1689
945
4217
2613
5535
3467
1169
6052
2816
3984
5387
57
5004
6967
2984
217
3857
7239
1773
2967
7482
3134
4148
523
6964
5101
3463
7285
7801
6865
317
2574
4314
8034
3286
7922
5509
1110
5655
6296
5700
3745
246
2021
3397
278
6426
444
1785
5260
6691
3534
4352
787
2979
173
7157
384
7569
4598
6943
5935
4855
2095
6092
3966
3812
5649
7375
6159
7599
2853
3248
2305
22
6348
722
4519
1578
535
1799
6553
1620
337
3410
5144
5898
4541
5737
1860
2769
5538
1110
315
1525
1481
2401
6479
2116
483
7259
7938
7697
4405
7387
3934
1856
5726
3857
4817
3805
306
7881
3120
1740
4861
664
7420
1237
5689
945
7066
6805
1668
2162
4946
7801
2735
1162
3472
4550
6513
1460
7855
6555
3121
3862
2379
7524
8113
1276
3282
5383
5192
7738
4694
7829
3321
7938
9
884
4140
1766
4663
4663
2702
4633
7845
7534
3488
2969
2993
4872
940
4323
69
287
8
1095
6595
758
5942
5679
3752
5496
1338
5666
2250
7756
5170
2833
453
4633
4171
6681
3458
4993
3784
888
6412
233
2305
5655
1500
6125
3249
7217
4961
6733
3321
3838
743
4783
1218
171
1797
1730
3836
5291
5236
5573
5389
7734
1827
4258
3278
6634
4199
4858
5145
4092
4488
3881
2291
5695
6150
3141
7148
7227
6091
6208
2385
2865
861
5808
4362
3752
3612
7998
6663
3553
1426
587
5558
2129
1830
2762
1470
2735
2647
3536
9
1234
7664
2004
5311
3141
2684
4581
1843
459
247
7973
6631
6500
188
1552
597
1635
2336
1855
2296
2276
4725
6336
6066
6532
7435
2284
1855
2090
5897
3275
7737
6103
3870
7588
2921
7810
3969
368
7262
5811
4515
2412
6229
2785
2251
7414
3788
2967
4006
3183
3092
3955
3981
2195
3733
990
6979
1004
6399
3278
5325
4272
2466
3106
2950
4405
4457
5291
7060
112
4782
1668
3734
7846
3612
427
449
2579
4372
3896
5883
2357
7456
3768
5096
7557
5182
7735
7676
2110
4631
4666
5569
4846
640
523
7136
5558
2904
3441
3592
7107
7457
4986
551
2824
6291
6536
706
2529
5292
2139
7704
3017
6011
14
6498
4967
6208
7005
889
7183
1323
7988
4988
6559
6758
1833
1218
5049
5569
8099
6106
3652
5387
344
4577
322
6392
4025
3759
3413
4397
6685
492
7547
5430
2791
695
558
7367
6871
3335
4855
1212
4034
6681
6299
3129
2647
1784
6601
1449
6325
7918
2020
2955
1323
6502
2655
5328
3238
3646
5346
3519
4680
1060
5376
556
731
7923
1411
7650
2867
1804
1232
2722
7786
1954
2427
7387
5725
5374
2780
25
992
5847
7535
7988
2368
6639
619
4238
7844
1070
6291
986
5677
5517
6593
5078
7676
3714
2206
5587
5495
3174
250
6064
3544
5799
1332
1460
3882
5939
5515
4691
6224
3558
1258
372
1732
1554
4070
6594
4519
4021
1219
6557
2977
7557
1030
5736
5730
4796
4289
7111
172
731
4352
3958
2295
7536
4221
8119
6742
2877
528
2514
7055
476
3470
3321
7810
5335
4387
4322
8136
596
7855
2149
4632
752
4362
79
5542
2016
334
3886
7327
3953
444
826
1180
1156
5487
6468
4423
6538
2213
1458
3714
4515
5448
4514
5588
3264
1693
7821
826
7534
6398
2925
3688
7347
3839
3532
4724
3919
6076
5928
607
725
1931
972
3278
1778
7664
5909
3415
2731
3030
5807
596
1797
4697
3688
859
3643
7435
3836
2448
1183
404
6631
4490
443
3309
2656
4221
3249
7973
1620
5220
7269
3196
3825
2315
2519
1582
3775
5446
4572
6009
4810
5515
1858
1256
6172
3334
983
7259
1481
449
7148
25
4691
780
8057
7815
1460
7122
2637
772
1576
5629
5877
7755
4793
2448
7534
27
7280
1185
444
5413
6897
2413
5010
1881
1329
7177
3634
4354
939
7357
4622
3218
1127
1347
2809
5251
1403
125
6649
1886
7777
2679
5833
514
2130
2900
5246
5659
7623
7058
1564
1259
5378
6398
3503
4449
6308
3793
6475
8163
5986
2784
4809
7859
4107
7232
6676
4221
347
6304
7901
4297
1513
7039
4753
848
6321
1709
186
2264
3180
6404
680
6862
4697
7973
5260
4993
1797
887
7111
449
1968
421
1748
4609
7546
2183
3529
7696
2726
5608
7901
7491
5551
6011
1048
4094
332
1129
5654
3868
2602
6578
4610
6244
2007
4138
2643
7018
7053
6551
2140
5260
4437
4872
4716
6737
6791
1506
4663
343
7117
695
7576
1295
4478
6902
683
4150
2405
3992
1607
4651
6350
6162
184
7787
5614
6468
6801
1115
8033
6153
1456
2264
7181
1563
4007
6320
568
1218
5970
4366
6395
3572
649
7689
5393
5489
1048
2663
4491
8030
5928
4169
3704
6291
4778
2832
6868
4433
4332
3595
7919
3125
5201
2347
1825
5417
2101
6791
1620
712
6554
4881
6215
1836
6253
2217
1852
138
1003
3682
7269
4820
5288
2213
513
3521
6209
5241
6594
1377
3924
1594
985
5824
7664
5168
3762
6348
2183
6862
1279
7896
6743
5537
568
450
7269
6810
4317
7258
2248
491
