0
0
0
10
0
6
0
1
9
0
0
1
0
0
0
0
0
1
0
1
0
9
1
0
0
0
0
4
0
0
0
0
0
0
0
0
0
0
0
0
0
0
0
0
0
0
0
0
0
0
0
0
0
1
0
0
0
2
0
0
0
0
0
0
0
0
0
0
0
0
0
0
0
1
0
0
1
0
0
0
1
0
0
0
0
0
0
0
0
0
0
0
1
0
0
0
5
0
0
0
0
0
0
0
31
0
0
7
6
10
0
0
0
0
0
0
0
0
1
0
4
1
5
0
0
1
0
0
0
0
0
0
1
1
1
0
0
0
0
4
0
2
7
0
0
0
0
0
1
0
0
0
0
0
1
0
0
0
0
0
0
1
4
0
1
0
0
0
0
0
0
0
0
0
0
1
0
2
0
0
1
0
0
0
0
0
0
0
0
7
0
6
0
0
0
0
0
0
0
0
0
0
0
0
13
2
8
2
2
4
29
4
1
1
5
1
0
24
2
0
0
10
0
0
1
0
0
0
0
1
0
0
0
0
0
0
0
0
0
0
0
0
0
0
0
0
0
0
0
0
0
0
0
10
0
0
7012
2494
3656
3490
5739
3959
1093
7102
4141
4072
7568
6078
2669
2791
4082
1147
7286
96
7784
740
5913
3682
5536
5404
3888
1769
1404
90
3158
1350
3167
5412
7926
7205
7892
6031
6831
7110
5801
3287
7945
1590
783
1402
4082
7799
7675
8010
6118
3215
4818
1979
254
5155
6831
6060
6289
421
390
3849
4934
3007
1997
7997
1852
3686
486
7910
1849
5364
5801
6848
2140
3642
2907
5696
4457
3857
3742
5078
7601
4064
1836
783
7297
3287
5301
4259
4526
3841
2761
718
4372
1523
1132
6193
3196
5185
4651
998
6031
5285
5550
2927
36
2249
7405
5573
4556
6623
5424
3334
7035
3095
2762
3358
3469
4590
1084
2526
5923
310
4527
7461
6458
2956
1075
1343
6082
4270
3747
5627
2499
5859
7473
6179
5196
4292
2464
5945
718
6083
3132
687
3944
75
1944
6593
4703
1544
1550
3577
4080
6112
1965
418
170
683
3469
261
3389
255
1103
5285
4994
6854
7481
883
1386
3132
4880
5567
432
7901
7911
7730
5610
3362
4304
3927
5314
4007
4792
4841
7437
5613
922
5536
46
5093
5701
5093
6202
7332
4412
6678
7138
6070
4354
2058
7481
8046
3462
6603
4607
4835
1195
375
199
4987
4631
4137
223
5731
615
36
4353
5443
2512
5623
2057
1606
6332
1836
4578
4242
2571
2816
3267
3085
1799
5048
2445
7827
7655
6278
3425
7715
3610
5819
3988
5688
2498
6620
6080
5102
3861
921
649
7592
3862
5364
3894
1103
7911
3986
7926
568
2022
3471
6615
522
5693
731
7663
3562
6773
2871
4991
893
4645
2460
298
1407
4754
4917
2615
4312
2066
1838
6549
8187
2118
820
7689
783
450
7679
6395
1029
3959
1928
1027
7104
5972
2238
2903
3920
2213
3284
6498
6664
2098
4929
4248
1871
4719
1614
2071
4525
3959
6799
3068
1769
1090
4033
7384
2464
4319
1285
811
47
7997
3322
1006
2381
6149
512
8159
2605
4355
672
6452
902
3706
8164
1897
6531
1481
3777
5833
5567
4920
2421
5715
2638
6948
2485
5584
3610
3220
832
4139
7408
2285
4317
5875
7655
5717
6458
6487
628
8066
2972
6498
1396
4905
805
5331
4998
5077
3443
7926
3490
6831
7901
1820
4581
750
7344
5999
5024
3682
785
7408
4605
1425
1748
6227
5997
1364
7776
740
4744
3799
2134
5760
3331
7283
7876
333
4478
3490
2489
2248
7294
7484
4707
998
4892
1944
5109
2253
3695
1789
4236
5547
744
4542
5066
857
7799
1699
1091
5412
2633
2859
1085
5703
2302
1887
5246
6510
393
1988
6973
5998
5608
4596
7227
6649
2370
4100
877
600
2894
5077
1664
5020
1488
6124
1750
2411
6833
8106
6320
7649
7132
5166
2420
3534
7073
4176
5974
7344
8151
4426
255
5489
3487
3755
998
5514
4950
6320
6889
1819
786
3790
5385
6746
2119
4735
5343
825
1160
4651
546
5943
4503
165
3809
4489
2605
5001
7311
5204
4850
5482
1062
2762
4698
2907
2182
6395
4735
7910
1040
4590
3572
7180
1606
3572
5077
1824
1559
5902
5185
1029
6780
7741
4556
1136
2359
6825
7418
3894
6993
4373
6901
7496
6818
3167
4809
6276
1839
2120
3823
4359
6320
1607
1824
4788
7745
1157
3600
6510
3986
7405
1824
7502
1000
1674
3611
956
2910
419
903
4037
7948
8144
6461
4029
3416
7700
3542
1570
1156
998
6796
7582
3797
6547
783
7484
2541
5986
4942
472
6417
5778
6519
1113
2368
4580
6357
6415
5741
4854
1913
2444
9
1127
5105
7378
5242
4737
2358
5730
7901
7798
4029
5668
6720
1620
3017
1775
2541
5214
3635
7706
7505
1852
3954
6249
1362
1415
2540
6123
5839
6956
1481
141
5770
2278
4998
1944
4609
5514
2986
1820
2533
4103
7303
4061
7926
3513
2442
3252
7389
3167
5185
8011
2385
3963
6136
5810
3367
6389
5679
2547
8047
3920
3778
2885
6910
1631
340
6469
7584
5292
4236
574
6722
721
2465
5275
5726
6350
2649
3993
5220
4651
6517
3225
2684
1118
4918
8069
8009
666
2086
5354
2230
7216
2717
5621
8000
4708
4418
698
460
1062
3557
2496
7190
3741
3022
7596
1836
7910
5363
7227
2271
575
4053
6761
1699
4372
5193
7221
7537
3150
3680
7462
218
4950
5225
4389
3102
4609
4372
7405
2934
3668
1915
4114
5701
4809
4255
2868
845
6393
4150
4707
390
664
7679
4722
2405
6332
2492
1153
7507
7342
1530
7330
4644
2459
1929
7320
711
2339
7689
4361
5629
448
3421
7190
6089
4270
1670
3684
5057
4630
4568
5715
7851
3414
1155
1550
7236
6675
637
5548
1144
1220
1308
8048
2192
825
4457
5943
5329
1650
6926
2119
2260
4074
6262
4484
1664
5412
3686
94
3469
5735
3950
1824
6417
2894
5778
8030
3599
1109
2269
4706
3111
7858
7213
6527
3299
3741
2491
278
6260
7085
538
557
7493
254
6709
1414
5756
5892
2791
7618
5339
3066
211
6791
6544
3959
2405
1319
6848
6111
5219
7055
4113
5216
946
2375
535
2002
7747
2619
5262
2050
4478
5364
2483
3628
1732
472
536
5027
3697
4274
783
575
3959
6124
702
5403
5594
2198
1668
5277
7598
250
6005
4750
936
7891
3703
7926
1514
6392
1984
1298
6395
3584
4887
2155
2006
6510
7716
7135
6807
514
3469
1601
1241
186
5778
4207
5385
267
8047
6237
672
4060
6361
6479
1628
7422
1912
8181
4932
6603
4041
5900
6386
7447
243
1340
7601
5326
3494
6791
3284
6818
4355
2242
6053
5715
2235
4594
1812
6977
650
7978
556
5413
3608
5300
1605
8115
3040
2919
5997
7952
4344
1290
5508
984
2981
5166
2563
3741
6393
3402
3159
3991
3584
3386
8190
2777
6497
631
4207
7537
1246
2710
323
2263
2607
7035
3605
345
8079
2971
1429
4805
7686
6372
4610
4631
7294
5048
1441
3686
3615
5288
7196
6327
7976
1670
1581
4809
5594
46
1488
5710
5749
1342
5467
2523
7547
529
3366
7697
1258
3776
4075
6336
133
5587
594
4053
2441
3291
2679
4700
6593
7613
740
5444
4353
2854
418
4716
764
