0
0
0
10
1
3
0
2
9
1
0
0
0
0
0
0
0
0
0
0
0
4
6
0
0
0
0
6
0
0
0
0
0
0
0
0
0
0
0
0
0
0
0
0
0
0
0
0
0
0
0
0
0
0
0
0
0
1
0
0
0
1
0
0
0
0
0
0
0
0
0
0
0
1
1
0
0
0
0
0
0
0
0
0
0
0
0
0
0
0
0
0
0
0
0
0
10
0
0
0
0
0
0
0
24
0
0
8
6
4
0
0
0
0
0
0
1
0
0
0
4
0
8
0
0
0
1
0
1
0
0
0
1
0
1
0
0
0
0
4
0
3
5
0
1
1
1
0
0
1
1
0
1
0
0
1
0
0
0
1
0
0
5
0
1
0
0
0
0
0
0
0
0
0
0
0
0
4
0
0
0
0
0
0
1
0
0
0
0
8
0
9
0
0
0
0
0
0
0
0
0
0
0
0
12
4
10
2
4
6
27
4
1
5
5
2
0
23
1
0
0
11
0
2
1
0
0
0
0
1
0
3
0
0
0
0
0
0
0
0
1
0
0
0
0
0
0
0
0
0
0
0
0
10
0
0
5675
2006
5738
4429
369
5813
4796
1979
2118
1164
3969
4930
6314
5819
5023
1705
5663
2843
871
6697
3385
6829
6875
2200
1613
4743
1699
4806
6444
4743
5862
4070
4609
7393
6664
1790
4315
4800
5105
8119
7093
6225
4576
7234
2277
1479
1413
3475
820
2926
779
2869
6935
3348
3245
5389
7618
5567
1775
1137
857
1473
7618
7078
4202
3744
1223
2346
3649
2404
5352
4830
319
1270
679
7722
6139
4526
5649
4950
6626
995
2936
4869
539
788
4292
3493
409
2112
5830
7629
1721
7562
3017
87
1944
3635
4759
2006
4953
953
3162
5948
2544
3503
7893
1472
4391
1484
3590
7121
4164
3793
5868
7532
2235
2429
2727
5259
4366
2118
4531
245
1143
3364
1577
5228
6996
7517
4182
1584
1058
6987
5605
1003
1733
7243
7772
7565
1108
1946
3404
7001
6243
7891
1105
392
1340
1584
4800
4703
7189
3721
2214
955
3794
4881
5133
5675
5605
6414
6884
860
7584
1890
1105
2700
3209
7693
3931
7734
5684
2927
2909
8006
784
1772
7058
6457
6303
3263
5808
5647
2858
690
5882
4941
1105
5185
8023
2455
300
1767
4626
5565
2446
6112
3601
2916
1299
2367
1632
7056
403
854
7826
1661
7850
3393
8163
4037
6774
153
1004
4827
1010
1968
7854
1361
2167
8005
498
1221
2062
615
7423
2006
4356
3747
885
7252
3856
178
6920
5870
1440
4682
4957
4517
5793
2826
5306
1964
1699
5445
4348
1824
6737
3587
7620
2382
6314
446
6957
7765
6135
6820
5627
4426
740
3167
7544
4434
3873
4330
1798
3810
3441
6555
4997
3037
807
6372
6903
944
1552
8116
4340
7819
1658
873
5938
3443
2273
7209
4321
5070
1944
4729
5629
6437
1841
1566
4882
4684
5562
1025
6035
3924
4696
5011
6035
2780
5092
5402
6804
738
5989
2783
7684
203
7783
2029
3538
4002
4009
1982
5426
6921
6720
736
4424
4439
5176
2192
3851
4144
2721
4482
1785
7480
3718
1110
5374
4107
6287
6110
712
1815
4017
2254
5602
4556
7531
4716
2137
3720
3810
1420
2216
557
3470
4572
3643
5903
3682
5710
8070
3870
8094
5573
513
2259
7480
1753
1601
1964
3040
6570
2881
2249
4623
8092
6473
2448
7226
8151
3318
974
1982
3667
1048
5277
1762
1348
5605
254
5715
7798
3053
6206
3870
7557
7557
6019
3149
475
3224
5225
5172
4492
6167
5589
6760
6935
1502
4115
613
2255
5397
6770
24
2354
3481
7448
4892
7699
4900
2868
7158
4291
6707
5974
2877
4215
7707
2366
2854
5589
4170
3664
4939
5527
1856
5131
8133
6966
3868
2005
2107
1332
5891
4559
3607
4103
6422
6198
2130
6839
5998
5013
2932
7629
3563
6713
5170
1591
4115
6436
3778
5054
1485
3795
2364
1492
5264
5573
1095
1336
5251
1243
1286
3209
815
5888
2396
7928
6861
778
8151
1989
5735
3252
4625
3776
3212
2642
4584
5760
6152
6506
7260
8190
492
6066
5834
3125
6214
4877
1095
2439
6350
1352
1279
8010
1012
4341
8010
5641
880
8152
933
6322
1493
210
6516
2804
5078
6899
1123
2459
2907
382
2363
6131
7337
4213
6464
5496
2357
4021
1430
4345
5383
7478
744
3778
3196
3851
3887
4925
5412
6036
7887
1944
2918
2544
1348
4815
1137
2393
7303
5805
2509
1302
1141
7475
1365
4013
6555
1525
3548
8136
3132
1094
7285
10
3186
2791
883
1392
1903
691
3616
3513
4291
6354
990
769
2006
6013
6720
3790
250
2654
6142
7323
1426
3838
5634
5241
6956
427
2933
654
5012
3920
7537
3193
5743
1164
3120
4521
850
3535
5044
2183
3721
5627
3642
2358
4580
5627
6377
491
5248
1162
5147
4883
306
5099
7982
7982
6205
5063
1470
4593
7759
1815
6343
5389
5545
390
5430
1164
4312
4467
7799
240
1607
7078
4255
3402
372
6266
2916
1864
7902
5627
2928
4051
2904
5373
92
1011
932
2984
6291
2353
4766
5398
787
5670
850
12
3120
5608
2968
4255
2006
7978
5982
3077
2892
6263
2560
1051
5445
7954
1523
7781
3097
6841
3403
1011
4679
5423
4125
6299
488
7297
1976
4702
2232
3797
1077
1650
3401
7980
4007
1823
5896
2679
3600
6680
3432
2034
5163
6944
8068
3461
28
647
1394
2809
2519
6297
4342
7614
1336
1324
596
6532
4342
7749
3012
4325
1314
8029
1452
6306
4050
1944
2062
4950
3401
369
2817
5882
2221
3845
7393
7078
5969
8079
5659
2363
5983
3236
4963
2637
6847
6348
7973
3140
4679
4342
2195
4051
615
7887
3646
4039
6799
5050
411
5168
5537
2672
7658
845
4568
2303
396
5608
4835
6643
7965
4957
773
3502
1935
5139
2530
4581
2368
1801
7074
4905
3142
92
3216
6989
2034
4572
1712
2645
5877
5517
3988
2605
5763
6023
5206
7976
5332
1622
351
5366
6554
1079
6398
3911
2418
644
4516
4581
3410
4963
6088
6467
5123
47
4805
5392
2079
726
3378
3938
2166
3916
3933
4345
2410
3695
5183
1935
2192
3031
804
587
4450
7122
3740
5997
6475
4597
2903
5825
6299
4918
3007
5220
5715
235
4101
6864
3748
2012
1735
3415
6515
6864
2182
3668
319
6454
619
5291
272
7830
2363
4421
5297
4436
3504
5778
2983
5815
4791
1608
8139
4918
4284
1089
4070
1051
5412
3841
7785
1299
1312
6660
3589
7566
4708
4900
2186
6417
1750
4573
1588
4605
2543
4682
463
3911
5500
522
2984
617
7380
7162
1976
225
5068
372
2547
5412
4621
5998
6332
2817
2838
729
740
5325
1479
1236
574
1440
7926
2552
6139
1849
1991
5544
1620
7613
1824
4367
7261
8076
2146
2540
1070
6001
1838
2103
3913
3652
5020
5048
916
649
337
5853
1155
6218
2455
4517
5045
3304
3304
4887
5322
893
5686
756
7454
1345
2006
3795
999
3620
1235
5497
4354
4839
5970
2854
6583
1096
5412
6501
1646
6411
479
5815
5884
3237
5156
2092
1087
1358
366
671
7091
3390
6520
6349
3600
6417
4420
3768
4242
4319
7705
3540
5766
4131
783
1688
7821
2023
2411
6222
5778
2419
3561
4735
6889
5696
