0
0
0
13
0
5
0
1
5
2
0
0
1
0
0
0
0
3
0
1
0
0
4
1
0
0
1
4
0
0
0
1
0
0
0
0
0
0
0
0
0
0
0
0
0
0
0
0
0
0
0
0
0
2
2
0
1
0
0
0
0
0
0
0
1
0
2
2
0
2
0
0
0
4
0
0
1
1
0
0
1
0
0
0
0
0
0
0
0
0
2
0
0
0
0
0
4
0
0
0
0
0
0
0
26
3
0
5
3
9
0
0
0
0
0
3
2
0
2
1
6
2
4
1
0
0
0
0
0
0
0
0
0
2
2
0
1
0
0
4
0
2
5
0
0
0
0
0
2
0
0
0
0
1
0
0
0
0
0
0
2
3
5
0
4
2
0
0
0
0
1
0
0
0
0
0
0
3
0
0
0
0
1
0
3
0
0
0
0
9
0
7
0
0
0
0
0
0
0
0
0
0
0
0
10
5
9
7
6
8
32
2
4
2
7
1
0
13
3
0
1
12
0
0
1
3
0
0
0
1
0
0
0
0
0
0
0
0
0
0
0
0
0
0
0
0
0
0
0
0
0
0
0
10
0
0
7736
4718
5730
1285
6001
2999
5886
2146
5275
4291
205
5519
6495
5905
7147
8058
4641
2372
7051
4689
2737
3993
2410
5267
4632
5608
5427
7851
6483
4442
4641
6472
3687
3449
1767
1285
6117
1896
5730
3067
6409
2288
4621
5801
5171
3491
3874
3390
3901
123
1508
225
5886
2560
835
4270
1285
5066
4274
7689
2764
4319
393
1581
90
2441
3077
3153
6188
5066
4312
3457
1167
3841
5608
8061
3350
4702
2630
2136
338
683
5751
4011
5066
5290
3095
7389
5576
6761
5171
2630
3732
3291
7777
2836
2374
5892
7230
3263
1132
4346
3862
272
6066
2764
2497
1676
5289
1443
3412
3353
6271
6810
7699
338
6188
6950
6681
83
5730
137
2497
7148
2850
5701
3861
5751
90
914
4858
5576
2764
4729
3439
4350
2811
3720
953
4681
3195
5161
7995
1563
7612
3797
280
785
7699
2421
1156
4077
7243
5191
7332
4065
2922
1539
2361
5576
6836
2136
684
4079
835
4350
2497
272
384
2357
5359
1977
2094
4093
4048
5193
953
4681
1896
1839
1508
7086
7389
1252
4853
3287
1248
1395
1021
2586
536
5276
7591
308
4934
6265
5886
4708
2484
2421
8080
921
7755
5691
3272
7733
7772
1892
4931
4982
4982
1508
1508
2764
7844
4359
3230
2686
7844
1971
7860
2496
3615
619
3121
7236
3159
2124
5911
6926
2354
1896
7598
6222
98
80
2129
5597
962
6314
7038
6614
5103
4001
4474
6465
2999
5682
6472
3631
835
1595
7230
5608
7391
2832
1232
914
4361
3740
5191
280
8080
1926
1708
8183
825
795
6989
7281
6361
3428
6072
6458
5274
6754
4605
8080
2764
6472
5172
6188
384
841
1524
2402
5173
5576
5671
914
3077
1581
2762
7699
4784
2809
1891
2378
1978
6618
894
12
1895
6960
41
701
6715
6674
2764
486
778
5647
7699
486
486
628
4703
6884
3835
3121
6465
7391
4934
1822
1839
7598
7055
4681
6352
7123
7380
5683
2843
3046
921
4976
4946
6269
7065
7147
5427
3631
5283
1617
6926
5322
1478
5189
1617
5893
3148
2415
778
1565
8080
6020
1508
7373
3141
4863
8186
3993
6676
7352
3487
2856
4202
2774
5373
7097
5535
4648
5909
83
6295
83
272
7294
1147
3316
5107
4038
3861
3121
5751
4319
1559
2421
5909
2631
1404
3249
83
1619
4212
4681
7768
7806
7031
566
5353
2351
7387
7760
8074
3581
6295
83
5107
1740
8133
4310
2907
1949
1343
5751
6926
2136
48
933
639
5909
4605
26
533
4871
2874
6180
4602
4029
1145
5843
1183
8113
6982
1628
1214
3757
2633
5035
1158
3993
2359
5730
2374
2629
6271
4778
2421
536
4934
227
1464
5730
47
384
1644
476
7086
3025
5952
7446
4231
6715
6299
86
6585
7720
6400
6180
3107
4231
2443
1464
3981
4016
1649
3166
249
4852
2415
4319
778
615
6926
2764
3067
7434
4895
1284
6498
7954
3552
3693
1326
4728
463
629
2235
4165
4680
6676
2070
5011
5267
1524
4359
3686
1765
4722
3916
2024
280
46
5833
1285
3797
1786
4354
5239
3136
5458
4819
6299
3468
5826
7212
1292
1707
6750
7352
2969
4253
6352
3081
6073
4841
5886
3347
639
2227
1539
4214
2374
90
2136
48
1124
4727
4868
5597
3329
2285
3043
6225
3122
6284
2811
886
2645
6266
7650
7818
7729
1392
5223
6452
2031
2227
5171
8080
4608
3096
2586
7670
7148
617
5892
6926
3895
4113
6180
5512
3993
3806
4641
2820
2818
2200
1377
4992
4338
17
4248
7683
622
8183
7263
4231
1050
6188
3950
7745
3588
715
3686
6799
2463
6441
4319
7527
3433
5373
2888
2847
6128
4266
604
4091
3817
7469
6348
596
2960
1049
972
2198
4515
5831
3770
6443
3482
5275
2560
6465
2421
4852
7941
876
4632
4312
3888
5998
1954
4873
1941
279
3183
1831
7031
1839
2307
680
6791
6150
7323
2397
1070
1208
1719
7158
4993
3333
2964
927
1602
3482
2459
2104
2496
2499
1087
5057
5079
5248
933
2410
7982
3567
4450
5987
3317
6123
6743
4401
5075
514
5572
5180
434
250
4333
4196
1876
5462
3366
4817
486
1248
6469
5682
4835
4739
2372
1132
5456
4350
683
1248
3152
5743
7718
7614
4846
5903
1208
6978
1208
5614
3208
2814
8127
3612
7252
5535
5444
3508
6781
1602
3077
7333
4270
7591
3413
4155
7995
3439
2986
2410
5682
4077
3526
1550
2080
6568
7903
2090
5079
7190
6734
6670
7749
8083
6930
6318
4961
5004
1996
1030
921
5107
1932
332
1581
639
6868
960
4329
208
4214
4472
2463
2330
2083
5456
2080
3254
153
8160
390
8084
1941
491
7787
4655
5286
4868
1552
2586
6336
6747
5124
1343
4921
5275
1954
3478
2260
606
7995
1478
5892
5107
7852
2803
5980
600
951
3993
2796
2080
1502
306
2448
4679
2134
353
5631
6488
6203
5155
5614
1730
1212
7380
5915
4038
2410
5682
3010
3542
137
1789
2986
1029
3740
7235
1177
4515
6608
4664
5893
4148
1023
1021
2115
6855
1665
3392
2402
172
3184
1788
3003
1673
3238
8075
4608
3862
7852
5057
740
6395
1232
492
1746
2686
1733
384
1881
3730
907
7055
7387
5586
2999
1513
396
3131
6633
5736
2361
1039
3140
4110
2435
6381
2661
2999
5322
7143
5172
6141
2662
6818
1248
1732
1949
7467
683
1158
4369
643
3290
3223
216
4077
639
6441
810
7190
6285
4150
7768
7974
2752
3116
5262
2386
6385
384
5066
83
5066
7591
2024
1023
7396
5063
3449
4150
2308
7699
4029
4963
308
1606
3109
5730
5886
4852
1803
2192
1710
5416
7545
7038
2918
5037
4666
1652
6767
6430
1697
1478
5066
7915
4319
2182
2041
137
591
6371
683
7592
3433
3862
6414
3930
3950
7613
4796
7860
1660
3068
6930
4641
3594
1894
252
5556
41
7392
6585
101
5456
1786
5730
4350
5547
2136
1478
1789
2136
5338
7913
5248
7995
7153
3317
1070
2662
5272
951
6827
4346
7922
5863
1799
674
6279
5260
7249
1149
1695
4982
5110
927
5944
6926
208
1539
6552
5915
