0
0
0
10
0
7
0
1
9
0
0
1
1
0
0
0
0
1
0
0
0
6
4
0
0
0
0
3
0
0
0
0
0
0
0
1
0
0
0
0
0
0
0
0
0
0
0
0
0
0
0
0
0
0
1
0
2
0
0
0
0
1
0
0
0
1
1
0
0
0
0
0
0
0
0
0
0
2
0
0
1
0
0
0
0
0
0
0
0
0
0
1
2
0
0
0
10
0
0
0
0
0
0
0
25
0
0
8
9
6
0
0
0
0
0
0
1
0
1
0
3
1
5
0
0
1
0
1
1
0
0
0
2
0
2
0
0
0
0
6
0
2
7
0
0
1
0
0
0
0
0
0
0
0
1
0
0
0
0
0
1
1
3
0
0
0
0
0
0
0
0
0
0
0
0
0
0
2
0
0
0
0
1
0
0
0
0
0
0
6
0
7
0
0
0
0
0
0
0
0
0
0
0
0
9
4
8
1
2
6
28
6
2
2
2
1
1
22
2
0
0
13
0
0
1
0
0
0
0
1
0
2
0
0
0
0
0
0
0
0
0
0
0
0
0
0
0
0
0
0
0
0
0
10
0
0
1312
3044
1035
3897
2106
2283
2166
6645
4852
4335
6689
71
4676
2904
7595
114
4855
216
3508
1332
162
3221
3839
3215
7752
6706
1309
5427
2136
138
1524
2672
2672
486
3057
1821
4600
1478
1717
541
3635
6820
4739
3508
3776
7242
2752
6864
1687
4180
5462
3032
3458
5510
2448
6571
3252
5717
7686
6599
1470
114
1464
4834
6011
2405
138
8011
6346
6295
146
508
6508
5249
6623
5989
378
5100
264
5522
1528
1387
1922
4307
755
1323
667
4585
3682
7389
4103
5265
4926
4837
3144
6833
2796
2986
1845
3095
2562
6007
7562
2406
8011
5799
490
935
8177
5267
7081
6299
3567
1802
2813
7356
4696
2893
4090
3198
2299
2916
3541
7190
3095
2005
7262
777
8077
2022
4734
5476
6574
3426
5848
5556
7607
4530
5131
7524
4966
6909
7329
4021
5572
6418
2992
5230
6048
4890
701
3552
4450
2783
1163
6041
1312
5163
3751
2805
6664
791
2034
3497
4966
5683
4752
27
5240
1324
1430
7588
3063
5151
1724
4238
5317
1096
3235
4276
7158
5971
6981
8183
4244
2366
1545
6571
2916
6015
5718
6760
6002
1893
472
7716
4231
6269
3508
2094
3097
6808
7939
4634
5146
5138
684
5875
3718
6244
5997
1898
7163
5760
1498
6755
794
1426
5970
7491
899
5288
4125
5041
3722
3823
2136
5875
4913
1184
7317
5556
7400
1956
5780
2640
2379
2506
1826
1584
2007
8098
2857
4718
5655
2344
3030
1431
3347
2217
820
1105
1319
932
2374
148
2522
7463
1997
1279
2368
3003
6664
7038
1502
7283
789
7918
7745
6703
4017
1678
3183
4682
3881
5769
6688
2820
1508
502
5654
1024
1105
30
575
3391
1989
2129
4020
5196
7391
3806
4742
4343
2817
2040
4012
2990
8076
4104
1467
6437
1345
3688
7697
3125
7697
1336
6996
1291
6231
2626
1857
4291
729
6475
1009
4291
6262
6053
7786
1864
6227
1893
4798
361
7674
2386
7212
4974
7521
4678
4118
5998
5402
3519
2947
3012
1468
866
6964
5848
5170
7879
1810
591
2419
8138
4608
2217
2679
7798
5882
6149
3252
93
7002
7382
7536
2981
1721
1131
2874
7702
3977
1754
7414
3419
7433
953
914
1762
3287
549
6010
2893
4665
4359
7380
7788
6735
4545
4472
5682
4385
4084
3237
2749
3161
7770
3221
7046
6348
3021
5506
1305
68
233
4430
3965
1487
4681
162
3930
2111
1694
7062
6909
3898
4624
137
7211
5921
5292
6188
4007
393
992
2932
6005
558
6766
5353
7445
7804
6528
4536
1696
3990
3388
6639
3081
3136
5533
6734
8111
3572
6485
3759
7271
3476
2510
8186
90
702
6660
2679
4892
4813
5277
6926
4694
3237
7502
2792
5182
5124
2578
4860
1858
6530
4789
7503
27
1623
7139
3255
4333
3602
7568
4869
8015
3114
6486
2133
932
8138
1822
4689
2856
4600
1055
6571
6355
2967
1914
3135
5261
8036
7903
3944
59
5373
7533
3401
4464
1140
6697
6766
835
3416
2787
7271
6998
8150
364
5458
2560
6203
2489
1769
4007
5024
4792
5278
7244
3916
6574
5568
3107
6177
2964
4388
7523
1070
7546
6443
1089
2865
5841
4212
3879
2540
2165
5455
6986
498
1788
1010
3121
3322
7910
7012
4700
2868
2328
5063
1649
932
26
7306
655
3567
1515
3839
5052
7787
1678
1352
3238
8020
3552
5270
7496
3446
6363
3343
6620
2934
1931
4020
2137
1789
2410
5975
2597
96
1090
1595
7866
6202
5198
7153
1687
3778
7146
1124
6056
443
7973
2351
6928
3064
3529
6048
2499
3190
7858
667
789
4656
4350
4708
966
722
4934
3245
5277
3046
1090
1649
3821
1524
7235
1524
3604
4369
2142
1502
3367
6719
5866
4728
677
6011
4242
340
698
2293
5366
1347
7449
5261
4988
1464
2558
4194
7398
6724
6202
7492
3553
7786
5587
486
1279
1090
3963
2655
1474
2203
7526
7415
3780
484
744
1938
1594
5291
4997
3232
1591
5124
6715
5124
5353
1997
7887
263
7463
1287
3487
2562
4349
4792
2430
5914
6371
7957
1082
2319
5403
7323
6299
1124
919
4623
4027
6653
2098
1477
7460
657
1382
1704
790
1691
1604
5102
7389
2418
1094
2166
7135
1697
3797
2214
5278
5402
7094
1024
7716
1482
3659
7875
7429
6969
5482
5611
3779
3410
2291
6399
3327
2735
6884
4572
1347
6080
4780
2385
3642
7398
1544
6141
5248
7545
8058
5551
3936
6820
7211
1786
1236
205
1498
2098
2994
1184
4824
2924
6904
706
4001
7249
6314
7975
1258
5802
1027
5007
7837
1041
740
3969
4194
1600
5019
4609
6549
156
2539
2280
2031
1722
1557
5387
3136
3397
3552
3308
4095
6656
4604
5322
7156
6200
6146
2319
6194
7936
1145
2893
7146
3533
1857
2916
2916
1087
5161
5982
6552
5839
2408
7467
7068
6006
5358
4622
5897
4169
5389
4286
6735
2496
744
1935
6145
3657
5546
5937
3620
5082
2170
4724
1801
5647
3343
836
538
3453
4980
4361
916
4713
6926
4101
2282
5512
1442
438
2574
2150
6244
7703
4151
2635
84
3500
7068
2846
3620
8074
4831
7367
2448
2568
3757
5256
1352
5622
3592
7743
107
423
3797
2453
4742
2415
3114
8070
6816
7748
238
1757
3201
2585
2856
2920
2370
4840
7748
306
7055
3479
2083
1695
7697
4336
1604
5820
1112
2059
3717
3221
6631
5343
4698
4214
1620
568
2940
1033
1730
6352
7240
7264
2964
7849
3541
4707
778
6848
2633
2133
7388
7388
5104
3528
1744
6332
6554
77
6509
6724
7921
6200
4820
2811
7415
631
5579
5048
2166
4966
3757
7671
2237
6298
6905
3076
1917
6082
7336
48
2273
4118
1515
2584
5889
5474
6399
7051
1312
7566
335
2271
472
5634
6408
7866
5993
6887
5536
5220
7570
3659
5480
1431
2804
6412
3030
2015
7679
332
7078
1155
2130
7373
4697
2187
7697
810
5182
6811
5283
7869
169
7155
239
7257
3815
4578
2002
4718
4809
3682
1105
7229
7582
7187
6827
3623
3262
3577
3577
3960
514
4953
2205
2427
4803
6816
4622
7074
4680
3136
2446
6756
297
4718
1606
1560
6299
