0
0
0
12
0
7
0
2
9
0
0
0
1
0
0
0
1
1
0
0
0
3
5
0
0
0
0
3
0
0
0
0
0
0
0
0
1
0
0
0
0
0
0
0
0
0
0
0
0
0
0
0
0
0
0
0
0
0
0
0
0
0
0
0
0
0
0
0
0
0
0
0
0
0
1
0
0
0
0
0
0
0
0
0
0
0
0
0
0
0
0
0
0
0
0
0
7
0
0
0
0
0
0
0
25
0
0
6
5
5
0
0
0
0
0
1
1
0
0
0
5
0
6
0
0
0
0
0
0
1
1
1
0
1
1
0
0
0
0
4
0
3
6
0
0
0
0
0
1
0
0
0
1
0
2
0
0
0
1
0
1
0
2
0
0
1
0
0
0
1
0
0
0
0
0
1
0
3
0
0
1
0
0
0
0
0
0
0
0
5
0
12
0
0
0
0
0
0
0
0
0
0
0
0
11
5
8
5
3
2
26
2
0
4
4
1
2
17
0
2
0
10
0
0
1
0
0
0
0
1
0
0
0
0
0
0
0
0
0
0
0
0
0
0
0
0
0
0
0
0
0
0
0
10
0
0
6997
2374
5205
5023
6691
4995
5468
3995
702
8153
3692
5260
1604
2669
8046
1046
6290
5954
8021
2690
7718
2577
3598
5780
1287
3478
706
7788
3894
1520
4695
996
8004
1470
2031
932
3367
2481
6279
1601
986
3472
7380
7057
2449
6928
2106
4273
7704
2694
5732
7296
5915
7499
2487
2752
1715
4425
5589
3995
6141
1842
1372
3166
1643
689
7442
6983
6977
5236
4016
6356
1290
2816
7566
7172
1042
5536
6743
6676
753
3205
2983
3772
1843
6583
752
3453
91
1933
2102
5362
8001
2635
7290
2092
5766
403
5203
5310
5175
520
4694
4635
6849
2816
4995
5709
4413
3781
3441
2083
4286
4402
2049
5369
3202
6829
3249
3492
2979
6540
6158
2871
3221
7601
7744
650
70
1872
5203
6022
708
3392
6344
1367
3822
5882
1321
6792
3276
3135
762
2770
1484
4244
1451
5724
6896
1705
3923
1463
2915
7138
321
3053
8105
3202
4172
1042
5369
4625
7172
1272
2829
6935
4314
1674
1321
336
857
7506
7527
5496
8132
3169
3034
6269
4576
4939
2343
6271
3823
5075
124
5119
1359
7457
515
7601
7537
1895
5047
6992
2327
5090
3369
6949
3882
1911
4940
5536
7028
5224
434
5655
6299
6296
3864
5848
379
1654
7670
6791
5798
3207
5579
907
2851
517
5352
5075
979
3494
3772
5196
5709
6797
7119
3791
6882
6176
6737
1823
5286
674
4820
5011
6486
3146
3114
4752
6763
3125
980
6141
5290
649
255
5643
3260
6384
45
2066
5013
2031
2749
6612
7475
6871
563
8047
1794
7389
3979
7743
2098
2643
698
4437
5683
5353
1283
1477
3866
6747
6179
738
7132
6776
5701
1787
7153
5275
2764
4581
4413
7132
2146
6926
6441
3732
393
7723
3096
755
6755
3104
379
4983
1707
1250
7264
6180
3975
3940
3508
2959
262
6849
4816
5259
6041
2136
6199
7067
7886
752
3617
7619
3621
4377
2527
6141
369
3806
866
755
1922
2435
8054
7016
5366
7373
1608
7317
687
7991
7875
7430
7113
2704
4115
6249
2907
2676
7570
2115
1342
2323
4642
7955
2813
7211
7617
8047
5551
7740
3776
8084
4452
6054
3366
1992
813
4399
1107
1353
1458
1753
3470
1980
5373
754
5543
7911
7591
7246
4475
1127
3356
2389
3786
1840
752
4719
3896
4506
6351
981
6930
5366
6745
1914
6305
68
4138
243
5352
7560
6108
812
5299
5796
3804
3623
7568
6110
4224
3959
764
735
5790
1097
2313
2566
4181
5263
7188
1600
6650
6961
3508
3940
2770
4455
3817
2052
3881
5018
5133
6004
3793
1535
7980
7537
6199
702
3645
7067
3457
4707
7246
5846
3981
2283
2283
2705
6404
3392
4595
2920
4606
3048
3827
287
3104
8183
1126
5407
1528
5997
3475
6320
1885
7135
3177
843
5053
4396
5236
7138
3078
4809
3188
4670
425
7013
7689
7190
1683
2801
2009
8144
4869
2435
1184
1688
2660
7073
1528
7392
3865
5150
5778
1836
5015
6366
2573
5041
7957
1090
1520
8187
5248
2907
215
6258
6553
4609
5048
3389
304
7911
4995
7886
6010
1031
2497
89
3259
698
1788
4158
6709
7534
1005
4628
5707
1322
4770
7510
3663
1136
2265
5259
280
2684
2325
202
5436
7940
1803
6826
6437
6735
1661
7119
2291
6242
5497
7213
2308
6759
250
1100
2434
2291
2897
1699
1988
396
6193
7275
4410
2030
4604
1554
137
1425
2796
2441
5892
3861
418
7940
615
3806
7745
2741
2833
1858
7146
6214
3847
3136
2030
4125
2139
51
755
3629
4963
4628
450
4377
1767
7227
6179
7739
1103
7049
5100
3433
48
3572
4007
4569
7940
4670
7451
5129
1224
7073
3201
6909
1406
4473
2148
923
4679
162
2908
6978
1673
270
5251
4280
3402
7570
2498
3144
7670
5163
5688
6396
304
7235
4383
114
4867
7419
1774
3240
7223
4957
1451
2435
1484
7392
4682
7534
8147
1860
1528
404
2762
5809
1730
1687
381
4568
6015
3457
1814
2236
8010
7747
1220
5493
1150
1733
1312
3806
5489
2676
5798
1774
2183
5011
2058
5358
353
5358
8057
1922
107
7074
4767
1205
3975
5407
5740
3881
6552
5810
4805
4493
8190
2415
5057
6273
2196
2780
6875
5521
3609
1333
1997
1576
6135
6299
2925
1424
2582
2094
3508
5597
5353
1077
5366
5478
4730
379
505
379
440
5163
5402
2932
773
7888
6353
7201
5871
1685
5356
1815
691
834
7757
6141
7308
3272
3698
5035
7090
686
4730
4966
4680
1747
2792
68
7477
6755
1477
2168
7249
3455
4377
7739
248
915
4425
3055
4396
7176
1287
4424
2107
6637
242
6434
7430
6519
4979
7857
3980
997
1617
4401
4979
6383
7095
5240
7697
4551
2370
799
5972
51
402
1786
5283
2635
4390
4022
7230
4876
4740
5839
1289
4111
6807
3238
1898
549
4535
5091
4688
5430
4110
5018
3334
4873
2550
4373
2600
534
1200
3528
2529
1688
4919
4855
7722
4881
5403
797
255
3741
4545
6583
2996
8190
4533
2633
2291
4602
2561
560
186
2960
7658
3441
4960
7177
5655
5910
2218
5000
3614
199
6661
1184
2933
956
6393
5079
3585
4914
4670
4670
7090
4632
6249
6508
7244
7636
492
3247
1922
3509
8168
1802
2893
7308
5498
7350
2984
1551
2957
6795
5183
4143
7919
362
4831
4280
7451
5279
2736
348
6954
7940
4985
1506
4169
407
275
2384
4630
6322
1491
8054
7400
5683
6090
8009
4784
4399
3072
2330
1898
5811
1342
678
6692
379
7352
1767
200
8016
3584
7229
7190
5643
1003
3288
4211
3084
8187
4211
1173
1535
3985
2148
5256
5745
6305
5622
4450
2889
1747
2386
7068
7068
6010
3201
7124
2094
5049
3267
6199
5264
7911
492
7699
7419
1201
7911
3896
142
4796
797
4858
4926
1351
5182
1688
6214
1619
7264
302
5972
5815
6314
4105
7697
733
7062
2792
7249
6685
4556
2383
6564
6977
156
947
1821
2597
2566
539
249
5537
6249
7094
5322
1730
6631
2785
22
2427
2353
3714
5291
4053
2446
6827
6151
7614
1070
3165
1730
1958
5319
7134
6083
356
2805
23
1539
