0
0
0
9
0
6
0
1
8
0
0
0
0
0
0
0
1
1
0
0
0
7
4
2
0
0
1
6
0
0
1
2
0
0
0
0
0
0
0
0
0
0
0
0
0
0
0
0
0
0
0
0
0
0
0
0
0
1
0
0
0
2
0
0
1
0
1
0
0
0
0
0
0
2
0
0
0
1
1
0
0
1
0
0
0
0
0
0
0
0
1
1
2
0
0
0
6
0
0
0
0
0
0
0
25
2
0
5
5
9
0
0
0
0
0
0
2
0
2
2
3
1
5
2
0
1
0
1
1
1
0
0
1
0
2
0
0
0
1
3
0
3
6
0
0
3
0
0
0
0
0
0
0
1
1
0
0
0
0
0
0
1
3
1
1
2
0
0
0
0
0
0
0
0
0
1
0
3
0
0
1
0
1
0
0
0
0
0
0
5
0
7
0
0
0
0
0
0
0
0
0
0
0
0
9
9
8
5
6
8
22
5
4
8
6
2
0
25
0
0
1
12
0
0
0
0
0
0
0
1
0
1
0
0
0
0
0
0
0
0
0
0
0
0
0
0
0
0
0
0
0
0
0
10
0
0
5129
592
4670
450
4820
7917
3104
4645
6570
7082
8037
1831
2847
5061
2187
4682
5182
53
4867
898
6449
592
1830
5746
3986
3589
3004
4641
1774
5687
3625
3326
3454
6222
2896
2059
4161
3195
3063
2842
4252
2993
7317
7771
4730
7082
4874
1477
751
7583
1698
1148
7810
7820
3572
3899
7218
5142
5013
7180
5077
6481
1698
3454
6954
437
841
1238
5928
2888
2847
956
6039
927
7046
1099
7213
4217
7308
6519
2064
4892
7207
4578
731
5347
5517
1776
7940
5498
2489
5034
8152
3159
3454
7188
2896
2896
90
2131
3454
3240
89
3839
190
3836
1378
6561
2039
7082
5770
6909
8011
5057
2272
217
468
1939
1956
4670
6481
1238
6677
7432
5048
2747
1698
7148
6258
2325
2896
4498
4326
2896
5579
3208
4401
4576
7264
1991
3979
162
8147
1197
5226
631
832
2105
8003
7740
4969
765
6635
4395
7872
853
2788
807
4251
3711
4522
4522
3220
2325
2325
6258
2896
7910
5555
222
6909
7697
3552
961
8026
3757
704
1049
3790
7371
5622
3487
7453
5706
6215
5181
2061
4867
552
4475
2572
5077
4522
2325
4522
1774
4522
45
1863
6393
4854
4229
2083
6428
4473
321
6723
5786
1855
6954
6386
5353
3109
4369
6495
3071
3071
5540
5172
5945
5108
2601
4707
8121
6258
7092
1863
4647
3071
5153
2678
6635
591
2844
860
7271
5991
6692
4617
222
1208
601
5358
1710
3948
976
1801
5623
4233
7986
5276
3066
4628
7692
7976
2634
6258
6384
897
7451
5779
2325
7940
592
4190
4621
7045
1788
162
5462
7465
6160
5498
5946
3866
5981
431
5740
1104
3528
3071
2784
1319
4222
4712
2892
1308
2831
5326
6258
4670
1774
6384
4522
6258
4867
1331
5662
4678
1378
4373
1710
3940
5946
3549
1922
3048
6755
1431
431
5908
2466
348
7986
4029
3051
1631
3541
4342
1944
6258
2343
1999
2325
1774
348
1579
7986
3260
2600
3476
3926
222
856
2096
3048
5937
3426
1687
7264
6670
431
3866
1347
2304
2896
4867
5220
6176
7613
536
7997
2325
7940
3240
6384
1774
4670
4522
6409
6509
4776
3970
5299
68
8183
222
2096
5908
4682
961
8183
4730
2847
379
4993
1776
592
6258
6635
5129
6703
2506
3367
4522
4522
7451
5129
3220
3240
7451
732
4161
2291
5357
6697
2094
1986
3940
500
71
1477
2847
1727
2847
5366
5597
3865
3542
592
6258
3656
3840
7580
4372
294
4522
4522
6384
6384
3240
4522
7451
1565
6840
2599
6675
923
6305
379
129
4248
7771
3072
3415
2788
6921
1273
751
6378
2325
2896
592
1296
5931
1989
2069
7272
4522
4522
4522
4522
1774
4522
6258
3071
2520
1977
4401
3979
1802
4428
7680
2427
1788
2094
806
5325
1986
3030
2750
2811
1621
7218
6954
5592
760
3509
7438
5140
6258
4522
2657
1863
6258
3220
6565
4712
4522
1898
6352
8150
8015
5049
68
2488
961
7300
1802
6578
4862
216
7066
7055
4399
943
6796
2777
2382
6793
1364
1824
3477
2325
202
6826
2851
4294
3260
3454
3220
4198
2291
8076
6909
3866
3059
4127
1720
236
5585
4862
7044
2386
5307
2804
2647
592
46
8164
7412
5736
3432
3120
897
2325
4522
7940
592
4399
1523
4264
6545
2350
2874
68
3940
3247
5112
6172
6676
3135
1378
7504
3334
2301
3820
3985
6245
3464
3508
4021
7281
1331
1761
6899
6481
3071
4522
2325
7673
4089
2740
5697
6496
216
5462
1710
505
4780
5436
65
5486
8054
2094
2847
5740
7974
1707
5687
348
2066
810
3680
276
7003
5302
2808
5073
4399
592
2356
46
592
5077
8124
1761
41
5462
1477
6485
3123
1461
6410
3196
2295
5578
5366
3998
7771
222
4658
7868
1171
5600
265
3247
2840
6519
7673
2896
592
6258
4892
1969
2896
1969
3879
5052
3104
4212
5786
348
107
1477
6138
7827
4484
2291
7465
5462
7264
431
6631
5798
4831
7147
5458
5462
5407
3232
2747
4522
4522
2325
5229
2892
2513
2896
1698
41
1911
4912
348
2759
4682
1710
3839
6183
1833
3940
4752
7249
1337
4212
7062
5019
7149
3446
7411
2851
1565
3528
686
4522
4522
3071
1311
2257
837
6791
4651
5373
1720
4139
2736
1477
3940
5740
6233
5214
3125
379
646
498
2738
5907
6305
1233
5519
8055
3910
845
7104
6770
5238
4522
4522
2325
6245
842
2896
4412
414
3288
168
5220
3643
5462
1710
6930
5035
2444
3048
7465
5910
8037
7771
379
1477
3322
6840
5935
6259
1948
2339
970
169
4522
4522
4089
4484
1948
2896
1311
3071
897
2528
5940
3030
3104
379
5834
2058
2582
2874
961
3940
4212
2847
5462
7264
3464
6107
6868
3068
2958
3966
4276
585
4522
4522
6635
6661
3175
2896
4670
3022
4399
772
4715
2094
8149
5377
7062
4176
5786
7046
7046
4301
5599
5498
7429
6532
7540
5706
7358
442
7484
7902
4892
5661
4522
4522
4522
6945
5779
4479
6258
2343
1281
3240
7702
839
2847
5786
5312
3879
1708
4776
6322
7538
8020
4611
187
1133
8138
2804
4440
7140
88
2255
4455
2610
4522
4522
1774
3220
6258
5436
5999
2896
4575
5116
4146
6716
3998
4212
5917
3776
5331
4764
6081
4637
162
2568
5550
1741
8020
6601
107
3947
5579
7477
5715
5778
4522
4522
1774
3071
4522
4522
5779
7940
2896
6588
3454
4256
5991
6909
3957
5425
3738
41
7046
2403
1911
2158
152
2738
7954
6170
1938
6189
4554
5489
3628
7835
4522
4522
7940
3098
4712
7940
6384
1774
4670
3260
2080
1727
6928
6231
5612
222
222
4576
505
8100
196
5740
4683
2059
48
2707
80
4139
7484
5579
171
3469
6258
6258
5540
8036
6245
4647
2325
4522
3260
7253
2417
5061
5895
2936
5910
3104
5258
2399
7465
1378
6744
4752
5740
5869
1142
1914
6315
4888
3722
448
1550
4173
6258
592
592
592
6635
6258
1244
6635
592
4442
3578
6381
8007
7612
5366
1986
5937
2794
5366
1294
222
1986
2098
3235
2260
3426
7988
3585
684
5123
7419
74
