0
0
0
10
1
5
0
1
8
0
0
0
0
0
0
0
2
1
0
1
0
3
4
0
0
0
2
3
0
0
0
0
0
0
0
0
0
0
1
0
0
0
0
0
0
0
0
0
0
0
0
0
0
0
0
0
3
2
0
0
0
1
0
0
1
0
0
0
0
0
0
1
0
0
0
0
1
4
1
0
0
0
0
0
0
0
0
0
0
0
0
0
0
0
0
0
5
0
0
0
0
0
0
0
26
0
0
4
5
9
0
0
0
0
0
0
3
0
2
0
2
1
6
0
0
0
0
0
1
0
1
0
1
0
3
0
0
1
0
8
0
4
6
0
0
1
1
0
0
0
0
0
1
0
0
1
0
0
0
2
1
0
4
1
0
0
0
1
0
0
0
0
0
0
0
0
0
5
0
0
0
0
0
0
0
0
0
0
0
4
0
9
0
0
0
0
0
0
0
0
0
0
0
0
10
4
9
3
3
5
29
6
3
4
2
0
0
19
3
0
0
14
0
0
2
0
0
0
0
1
0
0
0
0
0
0
0
0
0
0
1
0
0
0
0
0
0
0
0
0
0
0
0
10
0
0
2308
3643
5747
6549
7086
6060
4895
6005
1462
5222
3673
4178
343
3904
4976
5889
2987
5500
5061
5756
2352
6768
4803
1037
799
829
2910
1474
6361
4107
6548
6317
4751
5708
7523
4546
2124
4498
336
5227
3117
4111
4295
6244
3666
5169
7543
7117
8021
3000
32
7068
4720
4001
1173
1043
4363
5532
2717
4489
3083
4570
1969
3168
7470
110
6488
4069
3862
1075
59
3933
4352
7859
5964
4862
7426
1933
17
7056
7742
939
4598
6965
5697
7128
8183
2567
4424
2910
438
3802
2531
3506
2474
4962
522
2900
7542
2762
7224
1371
4983
5474
5471
6172
1599
923
1713
7176
4226
2954
4481
5028
2984
3784
1397
6489
4382
5045
2444
2221
7376
2072
6106
5688
5019
5911
6679
1089
2740
5890
7875
8140
265
71
3881
7080
4966
2319
3397
6353
3734
3196
5220
6322
2928
712
724
4283
3950
2047
6366
8013
8044
4570
4215
2957
2271
6369
3968
5007
484
7465
443
3334
4138
1788
5297
3516
2233
6523
5736
1075
1010
3492
6374
7775
1360
7240
1071
4066
4397
7547
7436
1684
8162
1468
3981
852
4663
4397
3969
4280
5238
158
2421
6738
1827
5478
2305
6296
1404
2261
944
3943
4296
6069
221
5306
6002
1580
1314
1826
6735
4037
7784
3813
2949
7099
2436
727
4004
4963
5689
7426
4755
2799
6361
2777
7082
6889
7893
4422
2444
2150
4984
7587
5769
715
7075
7747
3268
597
7546
3933
2548
6602
5898
5077
3200
5814
5228
2238
6357
92
2726
4204
5131
6141
2500
825
5241
5688
5027
2232
4354
6994
7339
7803
3555
5628
3200
4743
1600
1199
1326
3311
5835
4368
3911
5563
2048
7825
7815
2023
2938
3413
5000
988
3733
4416
3417
8153
3866
927
7472
3508
6609
1827
729
731
2693
5956
5308
2390
3326
5520
3335
1710
86
1563
3326
3658
1850
4338
5500
4730
4710
1971
4857
7704
5785
878
1294
4676
5358
8147
8013
7537
6850
2797
4129
2650
3576
681
5143
6531
6509
7793
7323
1687
5683
4180
2473
5368
386
6002
6083
6734
5146
1767
7357
3117
4976
3945
2536
6716
196
3221
6064
1347
868
1844
1411
306
4570
6451
932
3518
1558
6837
3183
2696
7352
4180
3009
6901
4566
3872
3140
6687
1371
657
2346
6003
3989
6715
7556
1045
3710
3688
2378
8080
1726
7663
2642
2276
7158
943
1406
2178
312
4118
6192
6608
6631
4231
5683
2311
6052
5261
3484
2156
7215
7835
2380
7945
2100
2689
1557
7101
1622
7346
4212
6855
878
4231
2805
3968
3969
7293
2642
426
7171
2744
2838
3335
2449
956
4342
6297
516
5852
7864
2420
2352
5568
7852
1353
2633
2452
6206
6734
379
8026
3135
5042
6296
459
5048
5153
7668
4113
7835
4431
1287
2715
7418
8029
4911
1677
6536
2023
5549
6471
7742
2933
2735
1772
6608
7316
7245
1558
381
6399
4678
1439
4058
2007
3953
7938
488
2706
3104
8054
5585
5846
924
7667
6535
134
6249
6244
7152
6848
2720
6182
161
4857
3064
7024
4355
3140
962
7504
4696
1924
5011
1186
4858
4946
1470
6170
5323
5299
1484
4982
6805
1711
5750
569
5379
5258
8154
6376
2905
4176
2528
8079
3164
1206
5440
7884
6409
7230
4221
504
6781
4319
8128
3597
4493
1334
3751
2803
1518
3518
6965
7392
1911
5781
3282
3282
2434
498
7101
5974
6568
7634
3171
5752
4165
7977
720
923
1030
1591
4563
2520
1913
1539
6674
2256
5166
7053
3847
646
5564
4360
8124
4787
7432
2929
1428
706
67
1104
5328
5568
4890
891
7982
382
2489
238
3078
2738
2717
1890
7825
1532
4562
4580
7898
6559
2152
4703
379
1941
7704
672
3576
5211
7178
7928
2164
1847
6399
2427
1898
2874
6573
5974
980
5255
3121
6227
5027
491
3761
2800
4855
6664
2660
2663
5596
1541
6070
2625
6209
8099
6242
3331
7524
6322
3620
2092
1550
4437
4132
3563
5512
3659
2882
8015
3778
4640
6411
8030
3271
5191
882
6409
6434
6430
6663
48
1062
7329
7640
7014
1766
701
1307
618
5157
443
2319
6312
3443
67
6269
3866
4132
6723
5674
7066
4619
1095
2762
4492
438
2406
6560
6608
6010
2030
1721
1732
5921
4980
6273
90
7145
6037
7836
7653
701
4982
133
174
2339
3958
6763
7659
822
6805
7899
5959
4575
5873
3066
3002
7675
7860
550
1182
5325
4000
1177
2421
4575
6528
3347
1559
1309
7381
4212
3456
6763
7396
5493
3440
6737
5028
856
6488
842
1177
7938
7667
6457
5205
2629
2165
6608
3259
6679
6820
1704
2049
2351
5986
6593
3883
7149
736
5512
1622
3388
672
7426
3347
7543
2374
8076
3879
3356
139
3602
1226
8170
3606
5624
1362
783
4998
2597
3698
7865
5334
923
1582
6759
5227
4053
1422
4049
4176
6180
7875
6555
6399
2802
978
6372
7713
5146
5508
2804
4946
4774
2039
5262
7264
5342
1669
4628
6843
6069
1415
402
1040
6985
1582
7749
2554
6588
6623
3351
2214
3201
7293
6399
1037
2802
5601
7527
4158
3295
1208
2874
6158
2171
2971
4501
6689
3343
153
6227
3848
4622
91
3974
7661
2004
3978
5873
902
421
738
320
3894
2330
352
6996
3623
7233
2104
5027
5682
153
7957
6475
6057
3704
2814
4962
7952
1095
2860
3572
2557
534
2832
4433
325
4905
7762
4614
5376
2661
6172
2628
5121
3484
4946
2150
6795
7503
5495
6268
7395
2339
1078
3506
2464
4487
7568
5828
2291
1820
6189
2690
2280
827
2615
6522
3288
1713
1396
542
6047
4018
2579
5911
6634
2583
1686
726
5095
5555
3848
5742
122
6203
3788
4988
1443
3637
7063
3646
7094
1019
6195
941
7243
5371
683
3755
791
3392
6057
7178
25
7596
419
4270
3161
1713
6201
4223
1947
7600
6279
7897
7292
8121
1459
3222
6623
5214
3721
239
6307
1245
606
542
6940
3152
1287
7376
6448
6615
2277
3533
4241
3551
2935
4753
7617
7966
423
5786
6679
189
6012
1762
1971
4175
2726
4129
5206
741
5824
4306
2999
1890
2773
8060
3168
3920
1839
