0
0
0
10
0
9
0
1
10
0
0
0
1
0
0
0
1
0
0
1
0
5
1
0
0
0
1
5
0
0
1
2
0
0
0
0
0
0
2
0
0
0
0
0
0
0
0
0
0
0
0
0
0
0
0
0
1
0
1
0
0
0
0
0
3
0
1
1
0
0
0
1
0
0
0
0
2
3
3
0
1
0
0
0
0
0
0
0
0
0
0
0
1
0
0
0
8
0
0
0
0
0
0
0
29
2
0
8
8
4
0
0
0
0
0
0
2
0
0
1
7
0
8
2
0
3
0
0
1
1
1
0
1
0
2
0
0
0
2
5
0
6
5
0
0
0
2
0
0
0
1
1
2
0
2
0
0
0
0
1
2
0
4
1
1
0
0
1
0
0
0
1
0
0
0
0
0
7
1
0
0
0
0
0
0
0
0
0
0
7
0
5
0
0
0
0
0
0
0
0
0
0
0
0
10
6
9
6
7
6
30
7
5
7
5
2
1
32
3
0
0
14
0
0
1
1
0
0
0
1
1
2
0
0
0
0
0
0
0
0
0
0
0
0
0
0
0
0
0
0
0
0
0
10
0
0
6501
4759
42
4645
5669
6703
7775
4630
5220
4707
2519
3178
3780
5698
3967
7598
3191
457
4001
3817
1035
3022
2034
705
3541
2361
5654
2464
3598
783
3389
7408
6262
5617
6020
2620
5105
1406
6992
4009
5542
5535
225
1284
2351
1685
6350
7538
2975
4009
7908
5337
3053
5738
7598
465
1420
2127
1235
5766
6648
3689
5301
6962
6113
7068
5824
4606
2971
5935
4175
4658
3351
6616
3317
1855
2614
2482
4515
2315
7630
6391
7853
749
8026
3087
6233
5567
6141
2127
4611
7316
33
6997
5346
281
1546
3934
4478
5889
7031
390
407
1776
1177
7392
1516
2889
7910
6884
8013
3501
3910
3348
4892
6243
6276
4922
530
3732
5322
820
149
5715
3784
3560
2344
2743
4666
7408
2558
4915
5982
2357
4515
2584
4660
7073
5104
2957
2446
92
6242
1727
4955
2198
7381
241
7686
7625
8164
8038
6973
5434
6804
5945
7570
2382
5761
5882
7852
1600
852
4019
2712
7547
2263
7756
2055
6318
3435
7950
1659
6414
258
1186
6259
5071
5497
7415
2909
6682
3002
8062
7441
6406
1712
7692
3894
433
2804
5554
6371
566
4263
1678
3770
7534
997
336
4901
5706
2712
6414
1465
1037
7650
5497
680
2584
4993
5365
4290
3591
2288
1309
6146
7609
1839
177
5149
7237
1952
7992
3098
5849
4747
2534
4904
5614
6599
5601
5753
4904
2507
4010
3183
2960
2647
4446
3576
6738
6631
507
7575
1940
7590
6366
5537
6726
2875
1829
1091
0
7175
7833
919
8191
447
1673
7857
972
1256
2708
6692
545
5972
5999
5820
3238
243
3403
3698
5569
4229
3561
5408
2868
6211
3799
452
298
6162
7891
7008
7924
4150
6141
2459
4963
3146
1898
7607
4905
7254
3403
6684
6746
4515
3770
5409
6817
7158
3228
94
2047
3167
6708
3747
388
2852
195
8079
482
4040
1802
7523
6593
2824
531
3633
4655
5574
2511
5730
2560
3012
732
1405
2489
1181
6545
4873
6790
1673
1284
2686
3178
5721
7559
4812
2764
3273
2905
5491
3517
3574
4194
1451
6233
4579
705
4620
4442
2184
2175
1465
2591
5099
606
7945
4046
896
5130
1932
7916
6170
396
1522
5193
6307
2255
4975
6475
4977
5350
3473
1937
2004
4036
6068
6243
213
3092
2482
2889
5999
7388
2225
3413
8046
374
6259
753
1620
1452
7969
6881
642
881
6733
7856
3605
1368
4193
165
2576
4299
5360
5697
6713
1829
2138
4467
5701
5143
2529
5291
3501
89
7440
6104
674
466
466
4435
7505
2449
6344
6010
195
2919
7939
5710
5381
3676
642
2872
8142
5421
5920
2836
4847
4771
1228
2302
4299
7845
5707
3081
6225
2460
469
6580
3067
3317
347
4680
7895
296
4554
5843
3988
2893
5841
4574
3598
3099
7336
2556
6827
797
2422
7379
5551
1565
3773
957
2877
6113
3461
4446
6790
3675
607
2633
2742
404
3977
444
2574
783
4641
2284
466
3559
2324
4173
2411
3335
7219
5121
3702
6093
6759
3444
6381
5764
4346
896
7887
6717
6908
5499
2760
4118
207
7981
562
5972
3783
783
3022
7484
4618
2207
7015
2184
5631
7091
6097
1633
3211
3883
5372
6008
3624
1236
6243
1674
4348
4134
1737
6641
6444
7112
1799
4289
4933
5944
3082
5736
8136
2699
845
3503
1971
8184
386
2184
4369
5626
3211
4915
551
1112
4184
2981
1654
61
3995
6232
4636
6766
191
2598
7533
5981
7657
4707
1488
5736
7345
3504
3782
4079
2631
2892
2303
3762
3148
3612
4515
4896
5862
3113
3779
468
4393
268
4194
148
5290
4049
1157
5820
7531
4462
6985
2070
652
6040
631
1464
7870
1296
3291
5375
186
866
5139
2529
5099
353
4435
687
7685
102
1646
3084
4924
5015
8126
5685
5429
5457
7373
2866
3761
21
71
2585
1802
5139
1820
5250
6282
5634
6170
5447
4509
2485
5403
6386
3698
1069
5018
3124
6522
4518
2487
6493
7507
6773
6041
1067
7437
5086
873
1810
727
1029
858
3567
1069
2837
2925
12
8055
1569
2643
5479
5085
3247
1619
4123
2529
3770
3742
5045
7393
3685
6013
5372
2018
6071
1884
405
7008
4746
1196
7488
6105
5730
4038
5458
447
6705
2639
5724
3212
3291
5029
3629
2397
2600
2572
3317
2978
4562
1824
5048
1570
1775
2815
4080
4772
4009
7281
7694
5818
3429
7549
2419
7608
3800
3869
2040
7131
2978
4509
1606
1296
4509
7015
5024
4029
7586
6201
1659
1227
4053
8030
2520
3779
3885
8103
2863
1900
69
1643
289
4257
1198
1274
1090
3216
6185
6988
2075
3548
2803
2129
4907
2175
2889
7800
5725
1620
1035
7460
534
5649
2854
5801
4210
6920
5449
97
5877
3294
7214
8141
6076
3092
1267
1851
4643
6396
8007
1096
4253
1599
89
3519
422
5479
7131
4658
5743
4291
729
5134
658
3615
845
7827
3969
4872
2339
2926
852
3755
3932
3016
2683
3320
1636
4299
4143
7688
286
7015
1565
5099
6214
7330
6593
8065
2198
3249
778
5048
7956
6285
5020
1279
684
7570
417
39
3402
6522
3885
3589
4143
831
6697
4093
64
328
1566
2265
6431
4515
3528
3730
6456
894
2214
972
3551
1302
1786
3490
2686
3060
3790
6761
1917
1029
6653
7541
3724
2528
2226
1907
7237
3047
5808
5283
3045
3539
1534
6082
2426
7131
2978
5618
1429
469
5458
1281
4442
970
1468
3433
5608
4436
8048
389
8155
8030
2782
1085
2501
5346
8079
1880
1137
8168
4948
1767
6792
350
5169
5402
4091
2584
6816
7704
3077
5423
3290
4333
2584
8072
4359
4950
8011
8094
4291
1917
3196
4689
7548
6360
2002
916
5276
2298
3628
4067
4580
5282
763
5134
7070
7235
2342
1081
4907
3717
1591
3317
3403
3317
4992
8137
5730
2907
7380
2577
2907
740
4361
744
1071
5070
1836
261
4077
1748
268
7435
1616
7573
726
7640
1394
1473
240
852
7588
4655
7233
238
1719
643
7488
2798
4224
5322
3584
5410
574
3443
1988
7491
4218
1752
954
4525
3791
5459
1466
319
4194
1984
3264
450
4851
3697
7575
