0
0
0
9
1
6
0
1
8
0
0
0
1
0
0
0
2
3
0
1
0
3
5
0
0
0
0
4
0
0
0
0
0
0
0
0
0
0
0
0
0
0
0
0
0
0
0
0
0
0
0
0
0
0
0
0
1
1
0
0
0
0
0
0
0
1
0
0
0
0
0
0
0
1
1
0
1
1
0
0
0
0
0
0
0
0
0
0
0
0
0
0
0
1
0
1
10
0
0
0
0
0
0
0
26
0
0
9
7
10
0
0
0
0
0
0
1
0
0
0
5
0
4
0
0
2
0
0
0
0
1
0
1
0
0
0
0
0
0
4
0
2
8
0
1
0
0
0
0
1
0
0
1
0
0
0
0
0
0
0
0
0
3
1
1
0
0
0
0
1
0
0
2
0
0
1
0
4
0
0
1
0
0
0
1
0
0
0
0
5
0
7
0
0
0
0
0
0
0
0
0
0
0
0
10
7
12
4
2
4
27
6
2
3
4
3
0
21
0
0
0
11
2
0
0
0
0
0
0
1
0
4
0
0
0
0
0
0
0
0
0
0
0
0
0
0
0
0
0
0
0
0
0
10
0
0
3711
1402
7489
421
2231
7571
1596
1030
3276
4970
1798
4181
6438
2405
6613
172
125
5236
5352
2887
7002
2425
6411
7167
271
4694
5587
5921
6383
5244
3842
3708
2574
881
2616
536
1853
7571
2782
1659
6121
39
6851
2557
3120
139
7524
1349
3973
1658
7658
6968
4570
7077
1650
3733
12
5472
1309
4350
522
4710
5847
4200
5258
2697
5043
2377
8027
569
8085
7396
2834
3403
6875
4409
3146
7963
1933
6579
6992
2313
2206
2001
4751
1097
1892
7233
7269
407
1520
2063
4551
914
2119
2354
5375
7129
2616
7070
1144
7053
7574
4178
3736
1940
6966
7574
4449
2122
986
3832
457
367
957
4449
3788
3608
7877
1084
5363
1220
3824
2252
5853
6818
6949
3403
3629
4154
3843
928
2247
179
1260
672
1372
2931
2342
4
3665
6146
901
5292
1944
6076
3834
3146
7169
2430
243
3051
3943
5835
1150
6000
3839
7923
5220
7644
5725
7287
5368
7820
8125
5704
426
3667
7537
1195
1872
3493
7857
1680
8030
2240
6962
6021
2315
2709
4241
7034
865
1699
7863
3189
4362
7344
8170
5289
7719
5821
1608
5159
987
5193
2093
2177
6875
4136
5589
3999
3627
4208
3969
1885
6649
6470
3836
3847
7841
3530
7604
6374
1767
2104
5942
7097
4047
7757
2658
850
2016
4613
7931
2621
4793
4550
336
7512
5096
7345
2682
4690
5028
732
6240
5633
1570
6068
2892
7887
4116
2726
5390
5904
853
4130
7186
2146
5710
6738
7039
2857
7344
5352
7420
1563
4607
4251
453
5106
689
6166
2342
4378
7804
2607
3013
6489
5103
919
7569
6354
433
1261
988
8039
1899
473
4767
209
928
3638
6889
7482
4733
1762
3038
2079
7562
4795
7566
5354
754
1106
2774
5873
1570
286
3913
3984
5492
2261
7997
6571
7569
1171
4923
4047
61
1041
3984
3134
2945
426
1738
5113
7724
7585
5091
7386
1884
5929
3309
1100
3193
3632
6000
6413
3812
4944
3452
515
3530
6059
4426
7344
6437
3597
6849
3424
3836
5951
2747
8116
2164
6372
3720
3816
2686
3959
5091
4405
135
2797
1632
1100
5192
6380
6410
6209
4611
8068
3213
5471
7954
1598
4770
4538
1550
7196
4425
5956
6367
2249
6811
7780
1976
4204
8080
7078
4442
3851
3562
5876
54
4745
530
5401
5757
443
7329
7733
7226
7449
3198
2884
6016
1530
2247
784
1027
7967
2161
4272
3992
2943
92
6291
475
6162
6321
6068
5107
5998
7087
4405
5535
3632
5955
2400
3309
7733
7824
6559
7592
7405
1748
4056
2622
2910
3990
7824
7660
7998
90
1724
7829
3273
7914
5977
6310
393
1882
6969
1824
744
5091
2183
4148
3767
6764
5130
755
19
2155
4290
3541
6852
5790
5364
444
7952
776
4715
1005
1627
6070
2900
7519
2389
4932
899
686
1680
4560
5859
4491
3661
8127
3297
2265
4869
2138
4218
4390
6534
5102
3244
3062
905
2976
5877
5112
5406
292
7916
5223
7211
4648
1474
5917
6118
1600
5536
211
6541
5430
4293
6649
6791
5916
4510
6724
4181
7309
898
1532
440
6093
4826
2561
5144
4618
7230
5535
2498
6789
6365
2639
5049
3043
2434
4541
4872
744
4441
3162
3572
2377
1023
4644
531
5091
8095
557
827
5137
3789
5603
4999
6646
5522
2020
522
7679
6227
4824
1398
2052
585
2770
216
6964
6374
6516
1501
1195
1265
8084
5077
4892
3695
7400
1176
6430
6351
1010
7923
5732
2809
776
1858
826
6159
8059
6800
2459
7548
3990
7605
446
3486
5080
5331
1780
3388
4437
6494
7511
4275
990
6980
5730
7266
4833
4103
5235
2010
6184
7608
2364
793
5770
5170
513
2439
6679
2483
3254
7811
2737
1551
6687
8005
1741
806
1279
1089
6459
5852
7569
5505
7887
1040
4255
7033
5440
4238
281
5528
4411
6056
4831
2749
7388
4663
738
3953
1836
7679
3623
1129
2489
5445
8187
111
5640
7344
7679
2679
2284
6919
1569
1329
2217
832
508
30
4703
332
3873
7379
6285
5178
5856
2486
5747
2900
3475
7405
2182
2112
2015
1931
5731
7184
3802
5780
7408
4950
4491
254
4321
4874
5052
7091
7235
1046
727
7418
1823
3358
281
2138
3504
2952
1850
7259
3283
680
1931
988
7842
4998
5143
4255
1930
4814
5040
1005
323
4578
4702
5507
2470
2178
3284
2311
7432
5715
3469
727
4069
5730
5347
6111
199
4368
7747
3324
171
7315
6627
1144
1261
1784
5482
4092
3396
5852
2893
4006
3883
5177
4313
3836
3570
889
1538
1662
3274
5423
2002
1067
35
2726
1348
4407
4070
7861
1619
5059
1804
7306
8099
940
2392
2218
1836
1301
3150
794
6300
4006
5917
3896
983
4803
6159
4006
1202
537
3393
332
2632
2057
6571
387
5354
4970
7182
2915
5742
6557
4905
603
6714
4648
7103
439
3888
255
2625
3027
1336
184
1730
3120
2393
106
6631
5512
4221
6516
7012
2654
8155
6234
5730
455
2606
479
5742
5344
7278
6332
1323
602
866
7343
6374
145
511
7258
1246
4342
2199
1041
1042
7146
7901
5149
5379
3713
2834
4993
5120
4703
3134
7049
3121
3261
6022
7997
1382
919
5292
8121
3815
4478
3682
6151
1080
2166
7982
5792
3836
6905
723
4432
1628
1848
6951
4029
6346
229
3870
2020
7872
2654
6289
6321
1620
6899
4081
2988
1459
254
5833
6948
7768
1067
4340
3561
2331
5226
320
3595
3343
2036
5499
4158
2148
6352
702
5536
6035
4472
2356
7538
938
3936
5332
1425
6076
1090
3992
5791
1441
3743
114
5822
4353
4070
1029
191
389
568
3002
2995
6999
7859
6400
7987
7861
1270
6514
1049
1269
7093
214
5660
1030
2851
5682
54
7139
7882
5228
2369
7910
7816
5759
6532
998
208
3642
4129
61
1600
1824
2268
4171
2090
7818
1280
4261
6042
5322
6639
5197
3229
5517
4933
6252
7615
374
450
5314
3721
2727
5595
1105
3415
1660
5748
2768
827
5514
434
2002
3074
5743
400
5512
3717
4848
6069
6082
721
5833
5057
35
7575
7398
7844
450
6868
6553
3477
6104
4800
