0
0
0
10
0
6
0
2
9
1
0
1
3
0
0
0
0
3
0
1
0
3
9
0
0
0
0
1
0
0
0
0
0
0
0
0
0
0
0
0
0
0
0
0
0
0
0
0
0
0
0
0
0
0
0
0
0
0
0
0
0
2
0
0
0
0
0
0
0
0
0
0
0
1
0
0
0
0
0
0
0
0
0
0
0
0
0
0
0
0
0
0
0
0
0
1
11
1
0
0
0
0
0
0
22
0
0
7
4
3
0
0
0
0
0
2
1
0
0
0
5
0
5
0
0
0
0
0
0
0
0
0
0
0
0
0
0
0
0
3
0
2
7
0
0
2
0
0
0
0
0
0
0
0
0
0
0
0
0
0
0
1
5
0
1
0
0
0
0
0
0
0
0
0
0
0
0
2
0
0
0
0
1
0
1
0
0
0
0
7
0
10
0
0
0
0
0
0
0
0
0
0
0
0
12
4
8
2
2
2
25
4
2
6
2
0
0
17
0
1
0
11
0
0
0
1
2
0
0
1
0
0
0
0
0
0
0
0
0
0
0
0
0
0
0
0
0
0
0
0
0
0
0
10
0
0
4340
3588
4796
2464
783
1319
3469
4812
7570
6982
251
3964
3617
2424
5785
2166
3433
1944
4578
7675
2541
5627
4835
3443
1245
5717
3824
8091
5602
6655
6254
7437
1971
1129
4858
4950
4202
5801
4707
1209
5489
4340
1468
1282
1664
425
1748
4361
1023
7844
5862
7631
1597
217
5220
211
4796
1778
3045
7051
7467
4703
931
6020
5290
2916
2907
6677
7063
3449
5801
6552
7408
5419
4851
3995
649
7872
6791
1046
4708
690
8185
3297
475
6405
17
2547
5020
7823
3541
7408
4488
3457
6249
7327
575
3959
6053
2684
4274
2229
5507
1238
5364
5739
335
1430
7235
5272
6346
5057
6805
231
7734
7721
4079
6104
3946
7428
2345
4329
6000
5024
3338
8159
1935
1300
5343
5650
5428
46
568
1024
6818
2736
7190
369
7827
491
5275
4708
639
6194
293
6965
2350
10
3577
1581
3881
5641
7988
406
1082
2489
1769
5584
2327
2749
2629
5173
600
6104
3004
4340
491
4718
6552
7408
390
7405
4340
6282
5864
4388
2655
339
2159
4131
4600
7233
2706
161
3097
7660
1884
6002
1988
2464
4017
6070
3022
7227
390
2309
2533
7258
1395
3481
2684
6761
7301
7582
3212
7944
6403
7942
5655
6723
4589
6898
1090
6369
7536
5564
2655
1571
4171
1078
591
5113
6824
5625
3851
3265
3636
764
3483
4644
3584
3600
46
5279
5594
212
4617
6801
4516
6210
54
4366
1210
296
6176
6740
6910
2452
1284
422
3132
4344
1145
4881
3806
4689
7823
978
7415
1103
212
390
880
5164
1255
2263
4983
339
5151
7193
7801
1235
3809
1719
2259
1319
1988
4707
3724
176
2110
6436
7846
2090
4832
5366
2095
1158
5687
39
109
3443
3572
4594
1151
3337
7147
3362
5564
4980
4277
6956
1628
1865
1216
7612
4411
1620
1136
7816
4296
4024
1131
8041
7918
5702
6620
6442
7562
516
4644
4478
4716
4274
255
4569
7070
3611
4180
4720
5770
5011
5376
2785
3065
1761
5571
8101
4658
6299
5440
7718
5003
1110
2007
256
2333
1214
1525
3043
1176
4287
6104
4207
3600
2080
6677
6041
6447
5341
5016
516
7523
1587
3910
4280
2197
768
4720
6850
155
7201
7973
3776
3076
7358
2287
4420
5345
4161
1407
7738
5622
6398
4950
4341
6677
4594
2856
1029
4202
7345
5496
4529
2637
8191
2842
3451
2262
4802
2152
537
4282
3282
6352
4090
2091
170
6242
2550
5261
5093
3533
4487
6052
2930
5507
5874
7615
3389
4651
845
5385
4353
1991
6557
6417
5885
339
2714
6603
3045
2523
5692
2244
4342
6005
4541
4717
4716
3805
7733
2735
3134
2676
1293
6764
6298
3477
2676
2796
5507
4892
744
1245
3417
456
5288
6677
3301
1908
7374
2359
5277
1652
885
8118
7650
6522
7033
2693
2121
5987
4313
3521
1470
4967
1852
3685
6499
7223
2676
1550
4291
4809
5010
1063
7783
1620
255
7901
5798
729
4839
2803
7855
940
5487
1721
8
5339
7440
7667
3458
1797
3595
5061
2704
171
1525
2414
1176
1550
4809
4575
568
5290
6053
5852
6366
390
5019
6677
7967
997
1780
3411
7282
7000
5497
1801
2704
6522
2094
6890
6318
7323
4179
1558
6873
5236
1508
2357
6871
5579
1224
2002
5077
5013
3741
4613
7386
659
5243
3215
7068
7562
7386
3578
5655
6133
4360
6662
5157
2096
4653
5478
3790
3960
6757
5651
922
4777
7323
2284
2800
1776
3682
845
5874
6553
4569
1145
267
4966
5564
5387
513
4323
4963
156
7571
5608
962
1507
4248
2568
2769
5531
3120
3154
1626
395
5022
7281
6366
8139
4624
4880
47
7901
5272
425
3225
6081
6350
7480
3718
449
7950
4418
1213
7420
2958
7940
2352
4966
8185
5917
3652
457
7384
3888
4660
6336
133
2677
5268
247
5505
6082
5024
5701
5778
425
6393
1111
1107
6312
462
4323
7666
566
2014
870
5965
400
5494
5251
3063
5090
520
6279
6233
7872
6392
2315
7533
6503
7378
2456
8100
2219
3433
783
3600
3477
1037
3241
3297
2519
534
2900
7392
5974
6153
1461
5367
3933
6401
7568
4215
3592
5011
3388
1713
2343
2184
7282
3484
431
5123
3833
4872
2560
6053
3600
6552
3223
3472
5848
1279
7160
4500
4902
6813
1727
3441
3043
3044
5090
4073
753
4000
3857
2624
3718
1896
7615
2016
1680
1691
7824
5505
1144
1238
4291
7419
5489
3600
5227
6620
4038
1944
4667
4078
4980
6805
4418
2930
4988
6398
1730
806
1801
6996
527
2519
1059
831
2464
731
2741
3236
4450
2583
3958
5285
1965
568
2285
7229
4698
5267
3477
7872
3004
3772
5027
926
2933
6634
2628
5151
1176
972
1591
358
4297
89
806
2955
30
7110
5997
3580
885
1106
172
1376
4065
2796
6677
2676
6552
390
5874
2773
6384
261
2722
7900
2662
3651
7110
7410
1578
3717
1502
6975
7241
2735
7147
6766
978
450
4707
866
7801
6277
3282
1685
96
425
4644
5129
4569
6677
4475
960
5875
4980
1599
4238
1308
3587
998
6068
4983
2769
2982
2840
1911
646
7683
990
7134
1680
7997
3433
4602
1460
5312
265
5428
2244
4911
7162
202
2411
3623
5077
1502
4052
371
5813
4331
4922
5061
7438
2765
4983
7249
7797
8026
7879
4491
4881
7509
1473
2532
7582
6227
7311
6158
6181
5024
3257
679
6023
3449
5332
6110
2530
868
1980
5575
86
7027
4423
2259
6964
6125
7478
2085
1741
4665
6608
4820
4971
4451
7061
4846
4722
2405
5874
6048
2206
1023
7885
4590
574
797
3167
1413
6474
1326
8120
6631
5702
1704
6468
7973
4551
7144
4545
4905
1336
2157
3229
6164
5394
3754
6937
2215
5176
2854
4415
123
3963
5998
3911
4482
5896
1430
519
1137
5397
4974
1781
7111
6241
7244
5592
1104
5260
803
5206
5398
2252
3167
5398
4229
4925
758
5923
7996
3668
1682
6720
5185
3167
6035
6634
1138
5627
484
126
3911
4270
1691
5848
1707
7954
5786
857
857
5896
3167
4542
4944
1440
5862
6152
5514
802
3933
7442
4976
2791
1682
1204
1137
109
