0
0
0
9
0
7
0
1
7
1
0
0
0
0
0
1
0
0
0
1
0
4
5
1
0
0
1
4
0
0
0
1
0
0
0
0
0
0
0
0
0
0
0
0
0
0
0
0
0
0
0
0
0
0
0
0
0
0
0
0
0
2
0
0
1
0
0
0
0
0
1
1
0
2
0
0
1
1
0
0
0
0
0
0
0
0
1
0
0
0
0
0
1
0
0
0
8
0
0
0
0
0
0
0
27
1
0
7
4
6
0
0
0
0
0
1
3
0
2
1
0
1
6
0
0
2
0
1
1
1
0
1
0
0
3
0
0
0
0
4
0
5
6
0
0
2
0
0
0
0
0
0
0
0
1
0
0
0
0
0
1
1
4
1
2
0
0
0
0
0
0
1
0
0
0
2
0
5
0
0
2
0
0
0
1
0
0
0
0
8
0
6
0
0
0
0
0
0
0
0
0
0
0
0
11
3
8
5
4
1
26
5
4
8
1
1
1
24
1
0
0
10
0
0
1
1
0
0
0
1
0
0
0
0
0
0
0
0
0
0
0
0
0
0
0
0
0
0
0
0
0
0
0
10
0
0
26
3647
4600
7227
1082
2922
280
6660
1786
4732
5839
1944
7545
951
7866
501
1998
3471
6802
386
877
7064
4082
1659
3481
5112
3617
7517
4765
5430
2976
2810
1395
5405
6306
6660
2152
683
3096
6926
7434
6660
2152
7256
3058
1160
2252
7844
1452
2374
167
124
5751
310
2783
396
740
3988
6069
2290
5168
1971
7051
7178
6005
7188
671
1009
3706
615
7828
1415
1018
2030
1248
7890
292
2405
6799
1733
6660
4771
3893
2137
3320
5232
6994
1821
591
1464
7294
4361
1395
2405
1709
4796
7995
4385
2737
777
1554
4729
8080
8061
270
6010
972
4655
258
2434
7714
997
1588
7230
395
743
5272
7415
5276
4726
7733
4660
482
2661
5276
4708
5514
925
7258
5275
6973
6475
1040
4729
7851
424
7409
6399
5496
2295
4767
3458
3446
4680
6242
6719
7776
7910
7196
1721
7143
5384
940
1847
3062
6128
47
1103
7989
6000
7135
3358
536
1765
683
2415
959
5124
5506
2158
1377
2122
4961
1377
2198
1847
3688
3044
6214
1008
680
5707
5171
762
780
1860
7743
7701
2354
255
2178
785
980
5236
763
4600
8138
7259
4819
7548
2625
6716
5967
7430
3717
1855
449
6993
6265
7045
596
7446
787
1163
976
6638
1104
2353
562
7137
2553
3851
7844
4492
4350
3645
5551
1082
7981
2886
1148
5044
2740
1184
1569
1569
7098
5549
3381
1744
4515
4696
5967
7818
7389
3589
4369
2198
2785
1644
3446
98
3469
5998
2679
6437
4011
7860
5185
7591
2817
6297
5049
4275
1104
440
5470
250
7321
1545
1252
4118
6409
2691
3717
2717
2130
7258
803
4369
1100
5346
5250
5292
2112
5482
933
2686
5100
4732
1559
7398
7327
5909
2626
6919
4289
2614
3805
6430
7181
3894
6299
4241
1802
270
2658
3490
3242
84
7887
5722
5912
2735
3600
5168
4340
857
3988
255
1132
541
1843
3504
5024
3572
629
1310
3601
2900
1208
4767
3151
4506
4174
2238
4962
3343
6580
3586
6106
1853
4291
1217
2548
5840
47
7592
1217
3168
2558
6031
7106
6001
4950
4329
8075
2405
7371
3729
3761
6400
1104
6816
955
3568
765
2279
7978
5980
447
3249
4658
2412
5048
5020
1742
1042
3642
7230
7613
2791
932
1450
2793
744
4618
2686
3439
2569
2400
2165
5875
4943
780
7855
6783
7681
1227
4915
2568
8153
6232
5256
2007
2658
440
119
4702
5185
7613
6082
4969
7887
7966
4413
1023
4796
6645
5857
5186
6805
152
7633
2427
2448
6811
4993
1691
2180
4360
770
6708
6408
7843
6557
751
6687
7918
4229
1839
575
4492
6735
7797
181
6562
6681
4291
6441
5553
137
393
7815
5550
6090
7613
3861
4224
7910
6973
5275
1598
6278
755
5379
3820
610
67
4929
6464
4596
4457
5906
5514
6052
2801
5468
3922
5405
3237
1464
3647
3589
486
4478
4340
7492
4788
3433
2558
3433
1029
575
6506
2550
6383
2476
4354
1528
4090
6006
2771
5672
1195
3159
482
5156
3478
6761
6000
2130
5427
4155
4270
1988
2130
740
2402
1769
4492
1029
6864
6201
1156
5034
6834
7973
5251
6488
359
144
816
2145
6708
1344
4478
7739
332
2041
4796
5332
2219
4796
1313
8157
1794
6827
6415
5242
338
5998
7167
5998
1395
7235
1163
4930
6901
5327
4437
6662
1515
1659
3411
2308
3185
1978
2737
7130
5350
4099
7011
5514
5272
5106
1938
6069
1544
2798
3162
2684
338
7827
876
3475
3584
2244
5272
703
1764
3107
7519
4767
6618
2420
5017
1368
7494
1453
7350
2669
4020
1003
5730
331
6361
7139
5530
482
6761
2661
4812
1658
7570
2225
6761
1524
6877
7788
3701
5209
1741
5678
3317
1665
5465
3064
3833
291
4109
6047
4327
5350
7106
8048
2178
3684
552
4760
1917
6403
5730
3002
8044
6425
4485
2402
1224
2737
6671
6486
2946
4054
2561
1761
5327
2400
5201
8115
5674
217
6660
3676
364
4592
5913
4009
1285
4835
7443
7256
4651
5107
1158
7753
3893
1181
2284
722
7892
6912
6723
2448
1569
4665
1764
7062
5978
4373
7565
2256
5860
7989
47
854
8178
7794
4600
3795
4630
3391
2276
556
4708
1217
7143
2042
4368
6926
2034
2661
5775
888
3388
5366
4221
6281
2288
7951
4137
3107
6631
4103
6257
3873
6017
4726
6679
7671
61
3263
2410
1462
4708
7045
1765
7777
4022
7861
5495
4630
951
2410
951
2101
4328
6381
2792
2660
6840
4137
6628
4984
4101
6914
7230
676
2435
8135
3577
5697
4457
2907
6049
2194
558
2791
2410
5248
7798
369
4852
7823
7143
6876
6359
5691
7430
2168
2256
2631
6573
6901
6608
7153
5276
5161
4975
5749
5953
2127
7187
3778
7178
3983
6537
1645
2130
1087
635
1965
7591
332
6104
1932
1395
4792
140
1853
8018
4406
8036
2256
1417
999
7670
1395
7527
5403
6022
240
2095
221
4288
1048
1979
6713
6006
6827
5751
2271
1035
6031
1932
753
6926
1029
6761
7389
5275
7039
2852
3605
1349
734
6080
6637
4299
5275
297
4796
5243
6824
1513
1625
4222
5350
4687
5685
5792
6363
203
7587
2280
4788
393
2650
5308
7823
8080
1029
83
7088
8007
141
668
6504
4280
2444
6705
468
6307
7777
1207
4639
4689
3495
1441
5149
2429
4361
5531
6681
920
7103
2512
3083
6327
4630
2402
1971
7051
369
7910
5816
4827
7906
3775
4140
7391
1275
273
560
6713
589
6552
4431
6975
5322
5050
3448
272
1988
5730
7860
8030
2558
1413
4337
240
4079
410
8030
5975
2378
331
4340
4150
6829
4754
4115
7611
7454
4224
4338
7448
2429
297
2907
3421
2537
557
656
2610
47
3077
835
3847
729
3616
7913
1155
4812
4103
2999
5024
6458
4689
2922
7258
1564
8191
4033
1897
7085
7235
2410
2679
4689
1057
6950
275
5184
1056
1395
1105
7823
3897
2898
7811
5168
3095
2686
3047
5621
2298
5994
5444
2661
1415
5102
1786
4880
1367
6578
7252
6046
7153
4270
1733
6735
778
2919
4279
1318
2373
4588
7051
5248
331
852
690
8155
