0
0
0
10
0
5
0
1
10
3
0
4
1
0
0
0
1
0
0
0
0
2
7
1
0
0
0
5
0
0
1
0
0
0
0
0
0
0
0
0
0
0
0
0
0
0
0
0
0
0
0
0
0
0
1
1
0
0
0
0
0
1
0
0
1
3
0
0
0
0
1
1
0
0
0
0
2
0
1
0
0
0
0
0
0
0
0
0
0
0
0
0
0
0
0
1
4
0
0
0
0
0
0
0
28
1
0
7
7
7
0
0
0
0
0
1
0
0
1
1
4
1
5
1
0
0
0
0
1
0
1
0
1
0
1
0
0
0
0
3
0
1
4
0
0
1
0
0
0
1
0
0
0
0
0
0
0
0
0
1
0
0
2
0
0
0
0
0
0
0
0
1
0
0
0
1
0
3
0
0
1
0
0
0
0
1
0
1
0
7
0
7
0
0
0
0
0
0
0
0
0
0
0
0
10
6
9
3
3
4
28
2
7
4
6
0
0
22
0
0
0
10
0
0
0
4
0
0
0
1
1
1
0
0
0
0
0
0
0
0
0
0
0
0
0
0
0
0
0
0
0
0
0
10
0
0
2868
1581
6131
2489
2066
7995
3403
6189
4317
5529
383
8155
3432
5838
1118
3490
1413
3202
2865
5154
8047
568
3624
6130
5627
47
4815
7493
7828
6682
5646
7171
2110
1880
2130
5220
4998
961
6010
2669
1491
4613
919
7258
3541
673
4356
974
3954
3659
751
7735
4752
4143
3196
7435
3473
2927
4736
223
2884
7113
1440
6139
7186
2890
7239
7435
3280
4143
914
4253
5151
1112
6138
2774
2576
3875
1827
7798
6827
7800
1112
3283
7043
8127
677
3628
1389
3882
5800
6539
1428
2219
743
1671
7867
2196
5128
3280
6290
2685
6474
535
5050
4111
3701
729
5803
6935
2287
4864
1045
6047
5223
6914
1415
2980
2011
5350
8010
8174
2289
5639
6529
6720
423
3885
6135
5273
3361
7372
6534
2216
6451
5669
3877
2436
4864
281
2289
7281
2872
4639
3006
5507
7800
751
5182
8100
4682
8060
4361
1395
484
1196
3049
6731
7144
60
1620
1428
6290
5861
2947
6816
2482
2691
5479
920
4479
2969
2154
2705
4095
47
6041
3399
6868
7015
2889
5251
7098
71
5232
2015
8103
1029
2894
169
6110
2092
1989
4887
3869
7158
2760
4949
2584
2889
5487
5735
4270
6145
7519
5027
2632
16
3120
7973
1528
562
1892
7804
3726
6961
5131
4503
6660
2679
8151
24
7234
7584
3202
5804
7524
625
4129
819
167
132
5814
7791
2155
3777
2002
199
4337
4699
5931
1532
3001
1608
7697
7847
959
5102
689
1549
126
1660
1732
156
208
2002
1641
1253
90
8048
3461
1440
2671
4699
3342
5938
5403
4017
4735
181
3617
4050
6846
5124
2952
3891
4214
6048
5998
2916
5682
6839
5804
7059
6000
1428
625
7384
62
1698
7910
4361
97
4173
2903
263
3286
1406
3247
275
2866
6654
4514
6176
811
270
2094
8084
5033
4957
2232
7040
4640
5107
3153
1988
1137
4736
3211
1316
2343
5129
5687
7028
4124
3768
7923
3681
4982
2762
3533
4492
7613
507
212
7552
7435
2947
5358
961
5999
1442
6805
1833
50
4170
1928
6886
8103
6262
4310
7234
1414
5977
7823
7755
549
3677
6225
794
3446
1817
3197
1917
2868
5531
5662
806
5761
332
2939
1833
5115
7523
6805
6762
2850
2671
3992
6876
3571
2826
7765
2327
4716
5536
4569
1462
2669
6905
505
3363
8
2454
3096
28
6285
258
3311
2427
2688
117
2119
840
4144
2888
1370
3646
6135
5451
34
3162
3259
4942
1433
3617
7491
5997
4867
7971
7761
6495
6495
2314
595
4685
6999
7207
6321
5460
6091
3012
4979
2161
1452
1661
4483
4212
709
6865
4888
5576
7722
744
2137
7509
6533
4080
6253
6720
2907
568
1608
4094
4993
4888
1968
1903
6272
7582
4679
6177
5736
3503
7737
4509
609
6332
972
2643
2333
5291
6154
3780
390
4609
5998
4074
4881
2512
5300
4005
4017
4950
5549
3082
466
1283
7718
225
6500
3657
7306
2669
3548
4110
5742
3567
7215
5077
5423
5631
7181
3215
8009
3131
1823
5982
3464
7910
7234
1318
1885
8004
2459
5364
7405
4515
404
6905
4912
8
3629
1528
74
6766
5262
4212
2435
7124
5806
3747
559
4658
1525
7476
5455
3990
3402
6104
6327
1413
4800
248
1350
7860
684
932
1129
672
7274
7949
1079
3528
2047
3226
6639
3629
3867
5151
5935
6528
3731
1011
542
2771
7249
6762
7249
6890
1030
6058
2118
2544
2152
7956
705
2110
1253
5682
740
6380
107
7066
1484
660
7562
8188
6082
7583
4290
8014
5252
4835
1856
7847
6755
7066
3981
934
7388
1992
4294
1029
7484
7563
2421
820
4299
1389
6839
1989
7419
6090
6747
733
5331
252
1567
5536
1464
7679
1613
2189
3434
4609
727
5146
1112
216
5831
4939
306
2769
6889
7816
568
1029
2907
6831
3179
7649
5938
7078
615
2908
5614
3770
1183
74
3043
3333
2987
3166
744
1675
4097
1097
1129
4796
680
6506
2577
4158
2386
3306
4776
6950
5627
2226
7067
1395
6237
1949
2271
3712
5147
259
4384
488
2261
7323
2731
3567
2464
61
3186
3778
8073
6721
1455
959
7187
1129
6155
2171
4180
3104
1047
4580
6876
5583
4490
4593
1046
1535
2513
6544
3659
2999
5778
5798
3481
3703
1457
1331
1155
297
3443
6174
6965
4423
2262
2730
5968
684
5419
6767
7147
394
2932
6547
3464
3789
6849
407
6171
5438
1919
6510
1179
728
4340
1319
1824
390
1824
783
4120
7868
2341
6755
5888
3629
276
4863
5312
1833
7384
3320
1911
4008
7086
6796
2066
6831
1733
255
4201
5438
3037
1089
7940
3175
2080
215
783
468
2724
6000
649
45
3748
2450
2650
7323
1301
2984
3116
5510
2219
8160
3220
5874
4594
255
591
7484
2629
8160
6253
2002
3240
3563
3317
7451
6830
3359
6608
6428
4931
7380
2547
4841
7083
2250
6356
868
5007
4180
2814
7720
3391
959
7258
1774
4809
531
3747
4950
1241
5915
1346
6124
1664
1761
1178
3881
52
4450
6443
2671
1424
5304
169
5672
4809
668
4966
2094
4212
6314
2218
6531
8175
8022
4786
899
1944
432
7180
8030
4700
5902
869
2471
2252
3985
5011
7146
4946
1449
4835
7012
7285
6274
3500
6002
614
2339
3051
4501
2779
7770
933
248
2606
42
5177
7011
5048
919
3469
8103
7679
5977
2538
1068
7426
7650
129
1613
7844
3071
6384
4291
1485
2786
4071
2152
3167
783
2635
5810
1551
6660
8092
559
2421
5156
6906
7061
649
2130
254
3120
5485
3712
2383
397
4178
4053
2459
3560
2816
665
3389
649
7398
1735
6530
3897
6128
6437
1281
4442
1425
4651
2410
3443
6796
7332
2164
1988
4735
5778
2907
8160
1522
4005
5287
5791
393
3540
6445
3311
3179
2278
2868
8092
4319
1168
7466
1046
6104
1057
2178
2676
1774
4291
6453
3960
6510
2777
7408
460
3504
6082
727
8160
7716
5225
2727
1998
7924
6262
6082
765
6795
7180
4139
3389
870
5701
1041
2283
1467
3686
1550
4492
3330
3387
2540
6677
3600
6827
4605
1046
4573
7393
169
7333
6395
2285
