0
0
0
10
0
11
0
1
8
1
0
0
1
0
0
0
2
1
0
0
0
4
4
0
0
0
0
5
0
0
0
0
0
0
0
0
0
0
1
0
0
0
0
0
0
0
0
0
0
0
0
0
0
1
0
0
2
1
0
0
0
1
0
0
1
0
0
0
0
0
2
0
0
1
0
0
0
1
2
1
2
0
1
0
0
0
0
0
0
0
0
0
0
0
0
0
4
0
0
0
0
0
0
0
31
0
0
5
5
8
0
0
0
0
0
2
2
0
0
0
5
0
9
0
0
5
0
0
1
0
0
0
2
1
2
0
0
0
1
4
0
4
7
0
0
1
2
0
4
1
1
1
1
0
2
0
0
1
0
3
1
0
5
0
2
0
0
0
0
0
0
1
0
0
1
1
0
5
0
0
1
0
0
0
1
0
0
0
0
5
0
6
0
0
0
0
0
0
0
0
0
0
0
0
9
6
9
4
7
5
28
9
3
4
6
1
1
32
2
0
0
15
0
0
4
2
0
0
0
1
0
0
0
0
0
0
0
0
0
0
1
0
0
0
0
0
0
0
0
0
0
0
0
10
0
0
4634
2311
396
4624
4796
3196
5467
3488
6738
5256
6755
1855
7973
6287
7435
243
4176
4312
6537
2219
7395
1855
2007
7257
7066
2134
4515
2353
956
5806
8101
1829
7431
1197
4391
7980
4011
5403
5725
379
7981
6299
4280
4855
7323
3742
4809
7725
843
3158
4750
1538
6966
6225
5011
216
3643
733
6352
68
2094
7248
8101
5787
2868
3180
799
6969
7408
2552
6864
1558
3657
2427
6862
5184
358
1539
5027
6914
2076
1699
1988
6057
1292
3721
7713
4029
1780
391
7060
7743
4447
4604
7309
5673
2137
4365
541
211
1236
6167
702
7903
5968
2943
1021
1136
5486
5659
3718
3343
1212
702
3633
771
5074
4329
2508
469
2485
1226
2353
7743
3031
612
4655
5723
4851
4881
5650
7806
5398
4651
7063
249
701
2805
5147
3048
2331
6399
2568
505
2021
5743
2344
668
7712
1965
724
1080
5354
8122
7480
3135
65
5095
4643
2825
6002
2061
5351
4550
3322
4293
83
1989
7334
6559
6966
462
2058
2311
5052
5407
6400
1856
4184
6182
7504
999
1620
2910
2039
1802
8005
4268
1395
4600
8023
3728
6700
7443
1675
2471
3162
7967
1880
4800
5332
4412
3384
2291
6754
6468
6468
7988
287
1
6600
1263
1665
7267
6922
706
5917
4980
7023
3031
660
3184
2710
1979
5850
4931
2544
1440
6989
2271
3051
48
4303
6322
888
5174
6317
8137
8153
4618
4983
1979
7587
5697
4090
6101
2800
7614
1070
4885
7771
5636
6243
5567
1900
1440
8055
2578
1452
5403
5684
3055
7583
369
3097
7562
3183
4963
923
7588
2284
5662
2232
7818
7512
87
8131
3540
4823
6978
7614
1578
408
5886
5877
4300
684
1217
3661
6691
1288
1137
2761
5573
3494
7901
6618
6400
6352
449
6608
6189
2791
2960
6214
5417
2095
2200
5467
5130
5529
2482
549
1898
7257
1710
5379
6262
1748
4858
1680
7773
5707
639
4435
7196
4348
4406
783
2140
443
6687
2960
5662
3729
4354
1860
5286
4946
5480
6139
4072
2700
5785
930
5967
3717
6840
871
2410
8021
5048
6186
1836
6561
6828
559
3254
4003
5850
744
4334
578
2101
2256
7829
5078
1633
7523
5016
3721
140
1535
7894
967
3353
3696
4905
6494
6642
5292
6756
938
7051
4400
3969
283
7171
2419
4643
7024
5250
722
4391
2997
5184
6638
3611
2039
2231
5177
7995
740
1124
1798
6938
4659
1457
787
7557
2792
4274
5731
1075
4829
5738
8078
372
7365
1948
5031
5413
382
5482
744
4929
6672
7091
92
7534
3297
2734
2464
6335
940
2832
1103
4869
3899
2197
6495
2275
7675
531
7205
80
4022
5937
7765
1658
6886
2716
4413
210
2701
3564
51
596
3948
513
7870
22
1070
3755
2339
270
1898
3343
6765
2330
6399
5346
2447
1903
8067
4643
7328
3668
6858
5219
3011
8155
5332
1907
2007
2327
4588
962
940
7718
5478
5246
2561
3567
3236
840
866
4220
7735
956
4715
4295
6715
3893
1699
6138
5804
4329
4917
5020
5457
5847
7934
4807
4881
1147
4531
7482
721
377
449
5323
86
7671
2908
1730
940
4679
5003
6443
438
2658
5967
4430
773
5577
1536
331
7258
2862
7374
2338
1459
3286
1598
6817
4339
1979
3353
1989
3482
3305
7438
6638
7323
5407
7949
7697
1208
8157
1730
5144
549
3221
5274
51
152
2641
873
6735
5053
4290
2454
4377
7915
607
4840
6104
6393
4482
2015
4532
5116
795
1977
5655
5535
7598
2568
7879
5458
4777
5379
6646
2991
1604
1332
6086
199
4226
4830
5148
2720
7676
5796
4356
1349
5991
2214
2379
1060
535
1534
606
1488
6810
4624
7557
7388
1030
686
1644
2178
4431
253
7650
5786
7648
5497
2020
611
6460
4027
3628
4944
5896
2269
246
3960
6036
7078
4880
7059
3284
3748
4733
2002
7190
675
1911
4131
7829
358
2195
5147
4166
186
4562
2254
4094
7431
6052
4401
2961
5833
2948
6953
8151
3047
7059
4604
6144
7679
8151
7859
4259
5438
7503
5690
5993
6824
2665
6107
3839
903
518
2099
6208
6350
395
4998
4819
6608
1104
2224
1891
951
1589
3851
6000
756
3445
809
6643
5920
7590
2512
3832
2825
5707
3352
211
1544
5168
6345
3430
6805
624
6877
2264
6687
6692
5738
4000
4464
6825
4408
5138
1048
1035
6059
4961
4899
1961
4851
5332
4194
5896
4118
6369
778
4050
985
684
3600
3131
809
5569
3467
672
5896
6500
2393
6443
5558
1089
3836
826
806
1651
5232
2118
6262
7679
7231
815
1484
1207
3682
4253
7454
4525
5918
504
1649
409
4871
2955
2427
7388
4289
5911
1025
2713
842
1804
826
1968
6279
1104
7062
809
5785
1584
6735
726
6065
3496
4296
3003
7070
7187
5801
7717
1880
5898
7911
7613
3003
7991
1258
5496
7323
358
5998
432
3036
7482
1589
706
3178
2722
216
7095
3657
7408
3209
3299
5603
263
4526
1473
7260
437
926
5115
5086
7258
2270
3165
421
7345
1460
1855
6556
3651
1971
7945
5468
4469
5232
3614
2643
6676
7212
7073
4773
3415
527
7332
480
7418
1880
4303
1374
5591
4568
4931
2137
6340
5335
2186
3512
4881
2991
1347
6953
1584
4679
940
2443
4017
3167
4435
5655
1922
2897
5683
3567
1297
6284
5973
4045
1954
2429
5684
2062
15
7738
4723
7061
2112
3406
4668
6409
7384
5592
983
7861
2139
1208
603
1578
5066
4505
5118
3388
622
1644
7945
4006
6732
3391
4275
4550
5571
7275
1571
7762
639
2863
5679
4856
6708
4990
2948
2532
1473
1453
3297
5364
4515
970
1708
2291
896
7700
1217
5366
92
2150
7855
2277
8151
5867
2512
1019
4521
3158
4017
254
5918
7823
7584
4017
3233
7924
2219
2803
556
948
6405
8122
3446
3688
6745
3221
5743
1522
5812
6398
8122
5389
4295
4387
7882
3684
5627
8054
6065
6759
6939
7755
4484
6522
7910
2907
2922
3684
7363
2948
3058
6996
169
2021
2427
826
7478
270
2934
5985
6613
7702
4929
6399
6304
8067
6000
6095
7753
4763
1418
7894
3391
