0
0
0
10
0
9
0
1
8
1
0
1
0
0
0
0
1
0
0
0
0
2
2
1
0
0
0
4
0
0
0
0
0
0
0
1
0
0
1
0
0
0
0
0
0
0
0
0
0
0
0
0
0
2
1
0
0
0
0
0
0
0
0
0
2
1
0
2
0
0
1
0
0
1
0
0
1
3
0
0
1
0
0
0
0
0
0
0
0
0
1
0
0
0
0
0
6
0
0
0
0
0
0
0
24
0
0
9
4
5
0
0
0
0
0
1
1
0
2
1
4
2
5
0
0
5
0
0
0
0
1
0
3
1
0
0
0
0
0
5
0
4
7
0
0
0
1
0
2
0
1
0
0
0
0
1
0
0
0
1
0
3
4
0
1
0
0
1
0
0
0
0
1
0
0
1
0
4
0
0
0
0
0
0
1
0
0
0
0
8
0
5
0
0
0
0
0
0
0
0
0
0
0
0
7
2
10
2
3
6
28
8
1
1
8
1
0
21
2
0
2
12
0
0
0
3
0
0
0
1
0
1
0
0
0
0
0
0
0
0
0
0
0
0
0
0
0
0
0
0
0
0
0
10
0
0
3916
3183
4547
7477
8084
5785
2442
5169
5975
4730
6744
4893
1184
3223
3183
313
2386
2568
8057
3602
1852
4007
6660
2907
1733
8125
2384
6227
6820
2679
4341
7596
3895
222
287
171
3690
8014
508
5531
3847
1992
5262
5597
5462
1579
2291
5270
4360
7771
7264
2847
4150
4744
7442
2868
8160
2228
1756
7296
3904
1317
6141
5495
4752
7674
3508
4180
3629
4863
1270
5364
3604
1710
431
1625
1477
2808
4058
4843
3401
4679
3860
431
89
2236
5560
1600
4628
1988
738
2463
4630
4692
5236
386
4196
458
6357
2867
68
5353
1067
79
5042
7822
3629
7297
6670
562
2893
3081
3857
1283
7697
4730
655
4758
1040
7759
4597
7188
1245
2489
472
4355
5810
4817
2460
6716
1347
2251
4752
68
6437
781
6414
3892
7650
4333
2573
4388
7981
2148
3247
2568
2330
7729
7465
8054
4618
3923
2030
2114
165
1057
4735
1287
4708
5495
3690
216
2568
5895
7650
7771
7517
7981
1149
3496
2809
5698
6763
100
6789
6057
4144
4212
1688
1799
4537
7861
591
3416
1040
3490
3078
2327
5997
1931
7613
7369
94
6746
3397
4323
2114
5659
5498
6304
4629
4144
322
2990
2947
5740
4885
2915
4975
2330
1841
976
3870
2092
2907
7913
5767
3897
876
1256
7921
2271
7926
4270
7875
7158
3656
1639
6623
222
2988
379
4137
5662
6897
4443
2847
2847
6104
4716
6237
4115
7430
7875
7640
3320
2441
7227
4606
4174
1819
3652
3463
1057
1613
3969
7352
7761
7615
3886
3953
1693
2770
7147
6930
5572
6639
2260
2182
7264
5982
3051
3433
541
4606
2261
2118
744
6074
7938
1000
3565
5587
8174
6003
5155
1087
3851
7799
1378
4547
5099
2133
5807
6335
4165
6048
3567
5260
5909
186
4476
3356
5860
6365
7070
932
2137
2713
7279
6531
6733
6134
4997
7227
4194
210
4950
211
1948
3317
3479
1788
5182
4609
4613
6638
1707
6266
6638
7346
3048
1695
7521
2631
7263
4663
393
1852
1852
4308
887
5933
6069
7777
4038
4835
5871
4940
7148
4707
109
661
2096
1722
4678
4479
7911
2960
755
2561
1442
6618
352
4979
5599
7981
8018
701
2070
2803
6031
5608
5893
4694
3037
3391
4017
592
5762
248
7491
7596
4568
3032
5889
5462
7899
1634
8176
508
8150
4092
5404
466
82
6225
6399
391
4460
2689
4212
7264
2957
7389
671
48
2001
1450
1765
390
3835
1941
2378
5579
2832
5018
5458
2941
5622
4429
6183
1046
5715
4212
6905
4992
352
929
5597
2770
5042
3737
6928
222
5231
2265
4700
1040
738
7176
6997
1769
4594
1075
3504
4274
3695
2732
1847
6653
7356
8167
5398
4950
6494
3215
2964
1484
1283
287
2319
1761
3030
2069
41
5080
5080
5106
4503
7723
4793
3000
4497
5904
4574
2736
4594
4294
1497
3438
5618
3759
5385
7962
1954
6203
7768
578
3362
505
5460
8183
3183
2990
7374
2946
1431
6305
7263
3397
6249
4024
2190
3132
5063
6370
7852
2629
1354
5096
533
6816
74
536
4448
4194
6547
3558
8054
4576
4244
961
6010
980
2135
7989
308
7381
7068
4288
5262
1986
2036
3666
3346
7913
1717
916
7871
3402
5012
8159
4534
3518
8057
8
5517
4478
163
8054
6747
2213
6855
5578
111
31
450
2910
5967
6485
6090
1405
2135
3860
6160
4081
1556
5255
7119
5440
4708
1220
6015
390
1870
4827
6048
6864
896
4194
3508
500
3675
4679
6914
1986
4416
2615
6661
2072
5373
6980
505
1182
1283
5353
1778
3992
6560
1661
1785
541
25
7656
3695
5705
7143
2336
1511
6980
278
4361
6010
1894
6010
5487
419
6214
7147
7158
3985
1999
121
2529
27
3327
4983
2960
749
7507
1733
6724
3224
1768
7532
689
263
4350
7299
7905
3726
6357
8068
6645
1738
188
408
7392
7147
7748
1558
1722
1894
7650
2643
4655
5750
111
6862
174
8047
3322
3259
3882
1071
5915
913
7860
3609
966
372
1095
5469
1830
8006
2922
1356
437
687
1604
4628
549
2295
5935
6180
6692
3187
6048
4730
4317
7739
6983
3775
1057
2927
3786
7839
5236
9
2057
261
3715
5176
3007
850
870
6907
7915
2290
4914
6556
5690
2708
6126
2237
2568
7147
6747
2324
7430
1681
7158
8176
1322
5765
266
5526
7732
6885
6889
1485
2265
4431
7230
5183
4011
4070
5290
1849
123
1150
4621
7345
6954
7240
5697
4360
1625
3437
3032
6090
6180
2568
7412
6861
843
5688
6078
2216
8187
834
4497
4778
5730
5715
1345
5790
508
7497
6791
5031
3153
4264
881
1367
395
5908
1707
7857
6532
1707
6662
4629
5981
7650
5960
6305
1028
6903
356
1862
5923
3264
3050
2850
7723
6953
1345
6740
1275
4431
6307
6730
3790
434
7188
6533
5248
7400
6443
2134
8122
3567
6631
7177
1834
6322
5972
5157
5131
2622
5347
351
4737
4308
4740
3684
2442
1163
5781
3644
2498
8030
7398
5596
1011
4916
7494
2369
7575
6233
842
5262
408
5786
1021
4680
1741
8057
79
3590
691
6110
3684
7559
4211
403
735
7757
5580
5933
1634
259
3303
3992
4165
2366
3760
3949
2418
7010
7067
358
4892
6044
4527
6484
5402
7067
7271
4962
2795
3969
7221
8094
36
3580
2227
34
6199
2597
2684
7592
2626
6181
2032
54
3561
4140
3577
5065
6735
4698
15
3978
5053
2907
1029
7849
5760
3115
2557
4858
4350
5501
6179
6774
854
5198
639
3367
4049
3439
7910
568
7767
8111
7405
2354
427
2926
1075
2972
7229
2954
2920
4674
5954
2894
6473
843
7519
1880
5580
5791
4521
3807
7077
5993
3676
1450
2286
2029
635
6273
1154
6826
3754
2855
7739
5019
409
5640
5529
3911
6366
6735
428
1029
4190
5514
1295
2531
30
432
2190
2247
1042
6681
3326
1581
5551
4478
5887
4377
121
5405
740
2062
2640
1319
4561
2825
2654
3002
2252
174
7408
25
2110
6193
1522
3235
487
6496
4628
6246
1882
2935
3693
1304
4759
966
6372
4499
3621
5595
852
2120
6869
1091
898
2149
