0
0
0
11
1
1
0
1
10
2
0
0
0
0
0
0
0
1
0
1
0
5
5
0
0
0
1
4
0
0
0
1
0
0
0
0
0
0
2
0
0
0
0
0
0
0
0
0
0
0
0
0
0
0
0
0
1
2
0
0
0
1
0
0
0
1
1
1
0
0
0
0
0
1
2
0
1
3
0
0
0
0
0
0
0
0
0
0
0
0
0
0
0
0
0
0
6
0
0
0
0
0
0
0
29
1
0
3
5
7
0
0
0
0
0
0
3
0
0
0
3
0
9
2
0
0
1
0
1
1
0
0
3
0
2
0
0
0
2
5
0
3
6
0
2
1
2
0
0
1
2
1
0
2
0
0
0
0
0
0
0
0
2
0
1
0
0
0
0
0
0
0
0
0
0
1
0
3
0
0
1
0
0
0
1
0
0
0
0
7
0
8
0
0
0
1
0
0
0
0
0
0
0
0
11
2
9
4
7
5
29
10
1
3
4
1
0
21
2
0
0
13
0
2
1
0
0
0
0
1
0
3
0
0
0
0
0
0
0
0
0
0
0
0
0
0
0
0
0
0
0
0
0
10
0
0
2610
1899
5661
4781
1209
7689
5746
5214
6615
4840
7942
5119
550
4983
3502
3454
169
4851
3260
2263
6139
7059
2414
2161
5880
8018
3277
153
1852
7827
7092
1466
3661
6130
2118
4538
6060
7116
2896
320
2544
4345
8010
7010
1294
7150
6932
3020
3707
4273
4524
6310
4944
4273
2042
8066
7329
962
2866
8006
6436
5804
3589
5982
5754
4475
271
61
4712
3792
182
2447
1959
1817
2816
5550
3569
1687
1971
5739
6131
4526
3795
606
3427
6990
747
2208
199
454
5061
6668
6444
5199
7299
6377
6454
3854
6481
2679
2851
2896
45
3277
5514
2459
8103
3862
7526
7662
1971
7692
7285
5374
7256
3857
4755
3492
1440
1439
7519
3812
5264
2018
2892
5232
3443
2061
5364
2186
5031
5663
4365
7916
2815
4590
7029
2973
1131
5168
2663
7619
2252
1643
1935
4178
2038
4998
4465
3947
4840
1473
3316
3877
3053
3054
4892
727
3020
4568
5165
7121
4164
5168
5613
5261
7622
4526
705
1979
6013
3427
2987
2272
1287
2363
6922
2316
6319
1847
5165
8138
294
7739
5913
5158
2776
278
2736
4969
1486
2325
3115
7208
3569
4327
7679
3260
3288
5126
4153
4887
4874
1011
6065
5202
2409
4529
7256
1114
426
6425
5540
1989
7001
3311
1302
3197
3070
7902
3942
4952
1415
6098
3448
7304
2121
1835
5048
5279
2088
2787
126
5708
217
2979
1850
4303
5521
2566
908
3658
710
1758
5168
6139
7148
8068
2816
7952
5762
2271
7882
2016
4628
5450
7013
2260
4702
479
5295
4341
5416
915
7324
996
7176
1605
4429
4674
5390
5538
3047
4790
6758
603
3263
457
1237
4352
4366
1202
6649
3464
1067
1928
32
3240
7441
6258
4568
7752
75
4660
8190
2949
542
6551
7865
6474
4820
7465
5810
3000
5791
4782
3059
7630
260
5913
3981
1250
923
769
4628
6451
2540
7940
202
6258
912
2896
320
6980
5648
3387
7244
5225
109
4732
5560
2175
6481
7022
746
303
2313
128
3869
4642
6635
4526
1838
813
7073
3738
6259
3004
5531
2851
2896
6258
1049
4670
7642
7926
3945
4620
4624
3580
2327
6350
1459
1969
202
271
5924
4484
3642
686
7093
6975
6635
5149
5739
44
5597
5932
2475
7180
5520
6116
2896
2896
4651
6737
2586
5372
4417
6471
3970
7770
4683
7702
2557
2901
4712
7568
705
1671
8073
3575
747
5086
7650
7389
1546
1040
780
7392
3970
4295
4594
7986
1863
1948
389
4364
236
1525
3325
1827
3295
7729
5908
2347
457
2677
1863
1437
6121
5133
7588
1970
1671
5762
2178
5165
1047
7867
3236
4138
3436
1901
6771
2533
3477
211
6262
123
6373
2153
7285
2907
331
3417
1691
2196
2948
7419
416
4232
1382
817
6612
7512
4786
857
3007
6556
6892
913
3598
3377
1898
3611
3520
66
7518
6411
297
2805
1901
7579
5211
1970
3809
5232
336
6210
7984
6258
6759
5149
3642
1189
179
5213
7807
7950
454
852
2066
3492
5411
6602
5529
2780
84
2987
3242
255
45
3260
6935
3837
8123
2635
5375
7934
3492
689
3816
7451
3650
1643
2894
7482
256
4286
740
6047
4437
1810
6104
5077
1459
3142
519
134
6136
6303
1852
6454
5408
6613
8148
3900
5649
6983
3753
1850
2544
3834
7808
360
520
5156
5374
4623
5175
1121
331
6430
856
3247
1900
411
4005
1302
7221
2902
960
2825
7982
5364
3162
7424
2427
7819
5076
2189
940
2460
2313
2074
4777
7418
3392
5286
7209
4869
3193
6757
2887
6993
5908
4373
7686
6587
756
7733
1144
1716
4670
2851
6884
2896
1952
4712
5567
3572
502
1063
4410
8047
593
7451
7665
4528
4267
4138
4516
7311
3463
3131
5440
4883
5323
927
4362
7031
4977
1093
3597
5861
3143
6258
3260
4053
7405
4712
7642
6974
4867
2366
4737
6448
1988
1285
4634
194
780
6268
4598
3868
4123
1337
92
4058
152
3479
6010
5306
974
6642
7416
4242
3196
6590
525
5314
2806
7063
7190
2057
4089
1595
6310
106
6039
2521
705
209
2315
2393
2577
1924
762
362
6430
420
3104
6723
3247
2658
4524
4759
7484
214
2710
2041
7067
8007
5690
6092
7608
6012
6948
7810
504
3491
7517
5629
248
1010
1742
9
3611
8066
6814
5170
2308
5835
3131
152
4868
2267
6580
7717
2141
7995
925
6548
4027
2164
6493
6622
1046
3167
5574
606
3240
4971
536
5135
6237
2663
5649
4187
6373
7712
6691
6231
1650
639
5251
993
4946
638
4803
6959
4152
5938
1298
6828
2737
7986
2959
161
5072
4818
2639
1387
4867
6320
444
520
3320
4467
7885
7785
6354
6915
1699
123
3832
2279
2688
4271
1210
7290
732
1937
6474
5332
6082
7882
1346
6438
1784
4659
4752
5929
6189
2037
7915
7351
5868
2925
4703
3300
4273
6035
3186
423
2006
4590
383
3510
5666
5419
1237
5853
9
6583
7895
7205
5948
6730
3389
7546
1544
3750
2137
4411
4415
2459
4824
3456
7144
791
1430
5892
7221
2414
298
1226
1409
1139
2934
5374
7704
7861
4615
3335
3972
1372
2734
2797
5715
4952
6068
6796
5077
731
7416
7185
1238
4143
2517
5695
7938
4107
2576
5625
8075
3532
5374
1409
7485
46
5636
1506
6759
4846
7630
1724
5251
7772
2403
4681
1165
4568
4575
6481
6635
1244
5214
1163
14
7810
6199
2478
4696
3267
2683
826
1864
1031
5527
990
7596
7874
4554
4869
2658
5417
4968
1973
7083
1860
21
3980
3962
5997
3271
4668
1769
4944
4330
4255
5824
25
1660
1333
2749
780
6163
6754
314
1104
6311
8018
3326
6616
3166
3535
152
6880
8037
2850
7786
8158
2557
389
3911
5738
1254
194
8007
6182
5884
236
7945
8076
8034
5644
7759
7390
6771
8099
3518
6692
4759
3352
5168
6356
3367
5248
2366
1860
2856
1732
7950
4946
2601
8043
2532
5861
145
7980
5125
6640
4442
4731
8149
6020
1911
4375
4688
1259
1217
5090
6685
1991
6438
1969
5116
6216
2090
8005
5609
2568
2156
1351
5003
3828
7323
3504
6735
202
7160
7827
