0
0
0
10
1
0
0
1
9
1
0
1
1
0
0
0
0
4
0
0
0
11
0
1
0
0
0
3
0
0
0
0
0
0
0
0
0
0
0
0
0
0
0
0
0
0
0
0
0
0
0
0
0
0
0
0
4
2
0
0
0
0
0
0
1
0
0
0
0
1
0
0
0
0
1
0
0
0
1
0
0
0
0
0
0
0
0
0
0
0
1
0
0
0
0
2
10
0
0
0
0
0
0
0
27
1
0
7
5
4
0
0
0
0
0
0
1
0
0
1
6
0
6
0
0
1
0
0
0
0
0
0
3
0
0
0
0
0
1
4
0
3
5
0
1
0
0
0
0
1
0
0
0
0
0
0
0
0
0
0
0
0
4
0
0
0
0
0
0
0
0
0
0
0
0
0
0
3
0
0
0
0
0
0
0
0
0
0
0
5
0
7
0
0
0
0
0
0
0
0
0
0
0
0
12
4
6
6
4
10
27
1
1
4
6
1
0
34
0
1
1
14
0
0
0
0
0
0
0
1
0
3
0
0
0
0
0
0
0
0
0
0
0
0
0
0
0
0
0
0
0
0
0
10
0
0
4291
4796
1944
1755
3912
7340
1189
5629
1680
4478
1279
1006
5016
6256
1302
4943
1418
4275
4925
4448
3534
1522
7413
4194
2117
2384
784
6367
2443
2167
834
4803
783
1944
1163
4671
2752
2561
7561
258
5322
4858
7051
6509
5009
7511
474
3925
5147
6791
1309
1611
3227
5177
1544
4594
1556
7611
7137
2922
1082
4108
2815
7915
5735
1148
1676
2700
1537
1027
2230
4011
4729
722
4329
7405
8071
2394
7708
5111
6583
4987
8030
6068
1874
7307
2498
5982
5412
691
4643
5319
6163
6033
6172
1082
7215
7147
2375
720
5169
6145
3184
5010
7592
2558
4319
5517
28
1439
7926
5652
7865
7816
6789
6321
4305
5016
2393
7169
6791
7371
3804
4125
3763
7137
7304
7415
4790
2239
4275
1406
2262
2547
7901
1620
5272
1620
5801
437
411
7613
4315
2875
336
3535
3004
5654
7489
2065
8173
7362
684
6031
1382
2548
6443
2252
7820
3682
4782
3896
2819
1503
5159
6041
4735
568
6089
851
6104
4569
6828
1706
1641
2167
1203
3763
7432
5364
901
7283
6607
2658
902
3022
4943
3896
2354
2131
1554
2805
1995
2798
1521
6925
1620
2907
4950
6393
2610
2995
7282
3571
5285
1853
6413
5068
282
640
6564
7405
735
4802
5389
2875
4314
7162
7091
2925
4841
2672
4729
7113
5241
1495
1483
568
2679
2558
2405
4129
4840
7110
4347
1871
6972
3763
7342
7200
2921
2101
5757
5385
93
4486
1342
1390
2153
5261
7426
4275
8173
200
7823
4852
5108
1499
2662
4796
2459
2405
1439
7393
7910
7497
4314
7585
7472
6516
3327
7837
3014
3343
5955
1280
8155
5303
7055
5009
325
3416
2236
4275
184
2410
4934
4796
2269
1328
7484
2130
4340
5173
6549
7591
5266
4782
5943
5309
2180
2871
7107
6655
6665
6236
776
1076
7901
4623
7842
7189
6295
4822
3990
6340
6031
684
1029
2916
4181
5112
568
4340
3835
7236
2558
3826
311
2619
5203
901
2148
1642
1846
3554
834
4929
5333
3504
1155
6041
3472
5551
2697
4275
6425
2140
5801
1046
3443
2405
2676
255
1029
4812
3052
1300
4009
6418
4158
6171
3912
4437
2327
5559
10
4387
8091
487
2834
1852
4578
783
717
5647
2910
6434
6695
7910
4329
1767
1105
7910
1550
7798
4796
5896
3682
4207
4025
4221
3622
1955
3156
6047
1418
784
7219
821
1913
4776
2375
7497
4312
2137
3462
2647
3050
2004
4011
7235
1287
7230
4361
2405
5801
6571
1105
2002
6089
7357
2079
8149
2725
620
6757
6695
6190
1956
4108
3748
7186
1006
3036
1437
7887
1424
164
4124
1810
2777
1709
4934
778
7995
7823
2684
5120
7187
3433
3584
6004
4408
4833
690
4187
4929
66
2323
610
5310
5177
5298
128
7864
5757
3657
2328
5576
6767
1016
1288
1857
925
841
5580
557
7788
4350
1107
4355
6863
5191
4408
7541
2442
5442
1548
8099
2436
2020
387
2065
2095
2074
4610
6219
3879
7258
6756
6511
7230
3114
7926
4594
396
4700
350
2780
1544
639
5351
726
5890
2362
7381
4169
7120
7329
3992
4514
3945
2064
7382
7611
7346
3035
3945
5757
6334
7901
6889
3938
710
369
4892
531
5385
3589
1217
6020
3642
3588
6227
3835
7670
5105
2117
3904
6425
367
547
4577
3203
128
6791
8134
5885
5926
3424
5681
411
744
320
1832
7630
2805
280
137
7722
5403
2308
1003
6660
393
1620
3433
2361
2605
103
3327
2566
7129
5804
5097
7605
4875
6791
7119
5876
2434
6486
5521
4425
1620
3083
2239
5313
5007
206
4236
7389
6508
5751
7591
7745
4880
5288
7582
7798
7582
6410
1933
3035
1721
2838
1310
2239
1207
2665
5919
7710
8004
6161
6219
1093
6761
4792
2101
6607
4607
4389
4022
1155
4361
5403
7389
7491
1944
6945
2796
4950
649
4256
5827
2700
1398
2014
3603
6338
4341
570
7952
4032
84
2348
3172
1251
1030
7437
6775
1006
5926
4624
2393
6393
4291
8030
3443
5048
4202
1620
3416
4291
7613
591
6328
4012
1902
2213
537
7827
8159
1310
4642
4781
70
690
3324
6426
3024
7405
2547
5718
6033
7721
3652
60
2686
5171
2410
297
4291
1824
7910
5629
2868
7258
2856
868
7655
2153
4475
5434
1856
7107
7122
959
2009
1937
1336
4275
6580
5798
4491
2805
7462
6231
3833
1586
1258
3603
7329
2130
4361
2459
3402
4274
4329
5024
7866
4600
1686
1158
1534
4609
2068
4543
6063
4606
4805
1582
7442
4960
7489
3847
215
2552
7129
4305
4999
4412
7275
3537
4478
369
5024
3433
121
7229
2645
4007
2777
2192
1154
657
684
7447
5590
4159
528
3353
159
1352
1367
7462
7472
6179
2313
8188
3424
5307
6820
177
4968
6827
4270
4796
5272
1024
4291
2217
4478
1620
5874
1550
7582
4578
2252
5885
2201
7017
8008
3658
6151
6775
3179
2621
6486
2189
5955
4209
8148
5167
1791
2065
5682
2916
320
5398
2999
2684
7235
1767
2130
2405
7570
4329
4361
7269
2948
6261
4640
196
6261
2053
3838
2603
5307
5009
986
8004
4663
375
7588
2501
7749
5024
1595
8080
7915
1971
5272
2285
7887
3322
1600
2684
7570
7153
7788
5364
3653
7993
6719
4776
7605
6328
3724
5524
6780
7569
7946
6842
2469
860
4260
5497
6759
4242
6761
4361
5226
5248
1595
390
4291
4708
1769
4785
2031
4698
4478
2405
1457
8125
1848
4636
3111
5788
4814
5885
5947
5131
1342
2455
7616
2681
6687
3899
420
4698
1105
369
1733
4729
1709
1620
7798
4600
7153
5786
4069
1917
6973
5874
5827
3133
5926
3649
6975
1847
6345
7708
5131
7605
2102
6459
1617
5018
428
4275
4171
5173
3433
1105
3732
6895
1478
7901
4007
5507
2136
5031
7454
6563
423
5403
2819
8124
5550
7601
3371
4436
4269
212
4651
4269
3833
1767
4350
7307
3955
7710
880
4087
5024
684
4291
5048
5048
7872
7405
5781
6983
4840
1473
5147
1287
4361
6841
983
6361
2380
2924
7908
2053
255
6677
7376
5767
6480
7710
3155
1342
5876
4208
4275
4007
2907
783
7570
1155
