0
0
0
10
0
5
0
2
10
2
0
1
1
0
0
0
0
0
0
0
0
4
7
0
0
0
2
3
0
0
0
0
0
0
0
1
0
0
0
0
0
0
0
0
0
0
0
0
0
0
0
0
0
1
1
0
1
0
0
0
0
0
0
0
3
0
0
2
0
1
0
1
0
1
0
0
1
3
0
0
2
0
0
0
0
0
1
0
0
0
0
0
0
0
0
0
7
0
0
0
0
0
0
0
32
2
0
10
8
8
0
0
0
0
0
1
4
0
1
0
3
1
10
0
0
0
0
0
1
1
0
0
0
1
2
0
0
0
1
3
0
5
6
0
0
0
1
0
2
0
0
0
0
0
1
1
0
0
0
0
0
1
7
1
2
0
0
0
1
0
0
3
0
0
0
0
0
5
0
0
0
0
0
0
1
0
0
0
0
9
0
9
0
0
0
0
0
0
0
0
0
0
0
0
10
4
10
3
1
5
31
7
3
3
1
1
1
26
4
0
2
14
0
0
0
5
0
0
0
1
0
1
0
0
0
0
0
0
0
0
0
0
0
0
0
0
0
0
0
0
0
0
0
10
0
0
4507
1944
3490
5290
811
778
978
2967
7207
5374
7934
3635
5433
6320
2894
5398
584
2118
3212
4509
2939
2007
7158
7429
5972
4220
6350
2284
5896
2868
4266
4379
1620
5185
1979
5896
5276
2894
1241
5739
3055
5350
4022
7777
7363
2489
7915
204
6228
4087
6758
3287
4442
2474
4143
2529
5182
5182
5064
2529
8081
2006
109
6677
6303
6824
5403
5482
5482
4372
8023
7915
1544
1929
36
3544
7132
1613
7437
5824
1939
5732
6414
7748
3857
1415
7584
3966
2844
7720
206
7297
1667
4005
457
899
5982
568
5412
390
5668
5822
8006
7594
3598
7915
3196
5063
6144
69
4228
2854
3577
2650
6352
562
6399
1080
4280
1631
6730
7907
5957
3612
6217
6121
457
5185
5412
5019
1124
5983
7566
1007
8159
3925
3578
2068
7672
4335
4036
7434
3008
1864
6121
3701
7919
751
2021
2427
940
3183
6499
2615
3733
6972
7524
4273
5938
3911
4861
270
962
504
7380
3074
7966
3001
1415
5736
3325
3258
7154
2133
4959
7014
6950
4698
1301
5834
4435
7683
2770
1301
6395
2678
5498
1713
3101
39
8081
857
3488
2021
7815
2215
1523
2051
1062
2907
2808
4340
7823
6069
3291
1319
1658
2454
1907
6791
6796
5104
6557
4450
1666
3136
7748
4955
5071
4369
5011
1329
2979
1129
1730
1855
751
2507
6247
3654
5761
1944
2104
6124
7234
4737
4651
462
1442
7136
1204
8081
531
4238
968
4010
6506
1158
899
3308
1569
1935
7375
8100
1273
4005
5496
3528
2184
2277
5938
5350
7915
8023
5777
1972
3628
1479
1801
8127
7055
5474
135
5110
1479
6648
597
1296
4622
6825
4489
6097
5800
5522
7306
5407
5522
4153
3291
3528
7559
625
5023
1479
4887
584
3068
1825
4003
4755
6494
7855
596
4992
2529
7800
1858
1453
1074
1830
606
5866
903
5856
5856
4434
3423
1623
1833
97
12
1939
2595
7185
8152
4911
2772
7590
1751
3739
2313
108
1110
2529
4789
6996
1696
5972
206
2308
6124
2716
4329
3489
1991
3527
408
4746
2943
1338
2529
7924
6105
6444
370
5800
427
3643
3405
8190
2137
3405
2968
3778
7807
3886
1650
5744
1104
2773
985
4275
5558
7479
487
4407
420
7103
247
8031
5353
1338
4680
5398
5031
6279
2658
5286
4715
5624
3806
6989
5574
1836
4262
322
3576
680
5091
7748
2485
2675
6259
4658
667
7781
35
6685
697
3612
2225
2600
2259
1208
934
5398
5353
2925
1678
3612
5260
285
2676
332
5033
2540
610
2885
7984
6181
1659
4702
500
1957
718
1569
6159
1344
4698
811
4680
5634
6694
4020
1565
6352
3503
3158
179
2760
2889
3100
3001
2508
449
8072
1569
5291
2427
498
7954
289
4110
686
672
7187
4248
5940
1326
4780
6677
5019
2947
2482
2837
5353
4855
6011
404
2679
7538
674
4453
6979
6595
1019
6981
1894
107
6485
6928
6805
7374
4001
2435
5806
5080
1572
1625
1144
6159
5970
2137
5133
4912
53
4509
2003
4929
3397
1347
4515
2090
466
1238
1238
491
2499
6400
8141
6325
4509
7030
3488
3898
3509
5809
632
408
549
8009
7671
5344
8176
4172
1253
1011
276
1831
6209
2195
4993
5289
2982
1110
5782
1331
7548
3272
1070
6399
4205
6557
680
472
2981
2011
4373
8057
4566
5081
7735
1630
7424
472
4027
7941
3049
5993
6639
2978
3317
1247
3312
5713
6225
4890
459
238
3136
1331
4848
6536
4993
6105
5412
7246
4475
418
5040
7855
7973
6399
7523
3776
2411
6820
4253
1787
7575
2006
109
1364
7027
1489
5719
3718
2275
6534
6500
2969
2640
2090
3133
7033
2639
7294
5850
4361
1029
7691
5128
4827
3100
1678
8003
1462
163
6510
4443
3714
326
3659
6498
1250
2885
2809
5284
6299
5815
4810
162
3031
2435
2770
5147
985
1765
3589
1620
3942
7727
2006
102
4153
5370
6094
400
7882
7852
7517
3125
7429
51
6400
5328
7351
3894
4509
2529
488
127
6125
387
516
1042
2534
4904
3166
7246
4291
715
2684
2410
2613
1413
4153
4125
3035
2252
211
825
7816
5314
5353
4655
755
8009
7045
934
5856
276
4912
277
1855
6057
1704
3135
4904
1560
80
3585
4291
1534
591
531
8014
6474
1472
2462
6793
7827
6510
7269
8019
7922
3730
7650
2889
3868
7807
3701
3526
4912
1360
5496
3612
2764
4200
7411
2584
7784
4341
1029
3631
414
6980
7163
7596
4242
235
4691
1428
3809
4609
6983
7723
1409
243
2889
53
1673
768
591
799
6996
6862
5770
4442
2947
5614
1296
3363
6602
6478
3350
5596
4857
4472
6447
7583
1856
6411
524
4047
389
7227
7915
7592
4441
2915
444
968
4554
667
7000
1293
553
216
1827
1744
2992
643
5877
5810
4493
5706
2889
8171
8103
1776
170
6027
7303
5805
7417
1492
6484
1254
2900
7562
1009
5975
1129
6761
3165
5807
1563
4440
4566
5991
4483
4881
6972
7388
3082
1353
2156
3559
4515
2561
3477
3849
5350
1900
4722
4499
3957
2706
2174
2243
6966
2231
3366
1395
109
4017
1029
7901
1887
7690
7981
7742
4286
3585
7523
1123
2572
7015
1296
5569
7714
7093
4294
39
4851
1430
7413
5917
7457
5144
7311
706
5383
5655
5550
4899
7798
5896
109
255
2686
3771
8008
483
6862
5798
7301
5179
7480
4907
2511
142
2271
5867
5398
978
1965
6824
7220
6486
5655
4369
427
2485
6738
692
6296
6685
7815
7910
4881
5482
3541
6417
3987
483
7988
5798
4120
4990
7007
2213
5401
899
3541
5118
320
3077
3262
5720
8013
2050
3478
7411
4327
3892
2947
3792
4599
3371
5917
2475
7798
6082
1319
4735
5120
6296
7346
4475
2464
411
4291
7110
1620
5536
1944
6262
5739
109
992
4467
3990
6532
5750
6922
2586
4265
5450
2732
1151
3441
483
730
5977
6053
649
3443
5536
6791
584
7246
5536
255
7679
4553
7776
6761
3959
6677
255
14
215
2625
233
5706
411
2934
6531
4450
3159
8055
4810
6801
6909
7181
4271
4735
4202
1319
14
5579
5778
