0
0
0
10
0
0
0
2
8
1
0
1
0
0
0
0
0
7
0
0
0
10
0
0
0
0
0
5
0
0
0
0
0
0
0
0
0
0
0
0
0
0
0
0
0
0
0
0
0
0
0
0
0
0
0
0
0
1
0
0
0
0
0
0
0
0
0
0
0
0
0
0
0
0
0
0
0
0
0
0
0
0
0
0
0
0
0
0
0
0
0
0
0
0
0
1
6
0
0
0
0
0
0
0
21
0
0
11
6
4
0
0
0
0
0
0
0
0
0
0
6
0
5
0
0
4
0
0
1
0
1
0
1
1
2
0
0
0
0
2
0
2
5
0
0
0
0
0
0
0
0
0
1
0
0
2
0
1
0
1
0
0
1
0
0
0
0
0
0
1
0
1
0
0
0
0
0
2
0
0
0
0
0
0
0
0
0
0
0
5
0
7
0
0
0
0
0
0
0
0
0
0
0
0
11
2
10
3
3
6
29
5
0
0
7
3
1
28
3
0
0
10
0
0
0
1
0
0
0
1
0
0
0
0
0
0
0
0
0
0
0
0
0
0
0
0
0
0
0
0
0
0
0
10
0
0
6393
450
5650
2737
520
3266
1709
2676
1414
1124
5594
2986
6227
3223
670
7342
3658
3376
5344
2411
3449
4361
6447
825
7745
4214
1279
899
8143
4700
5547
4525
5998
6830
825
3686
6366
7995
2166
1803
472
919
6395
2500
5048
238
6986
7560
3465
5709
336
7484
615
1941
7816
2629
2560
6002
6346
288
5112
90
6868
4632
3989
5173
5326
6385
5985
7995
369
5093
5530
4771
575
4155
1488
6218
4706
2383
6504
1162
5577
5024
3051
886
3851
4207
116
4575
5363
5292
7980
4703
2986
5730
7048
1944
5850
7901
6346
3077
3168
933
4341
7415
4580
5858
3212
7277
6504
484
254
951
2576
4136
2663
4753
7178
4718
3001
6357
5756
1067
531
4295
1242
491
6903
4478
4053
7190
7229
2553
331
2780
4569
4729
4618
5594
1607
5082
7037
4493
5350
1584
7256
6108
7570
1468
1228
5843
1241
6393
8106
1105
2513
8040
5892
3851
7911
3490
4478
12
1565
3166
3835
2248
3240
6799
921
15
432
4368
675
4526
550
6777
756
6515
2104
486
1778
1539
5470
5664
4011
1896
1824
434
5701
2465
469
5584
6395
7806
4152
2817
5272
722
5746
3123
3497
4925
4420
6235
8187
5649
6136
2603
7311
4032
5739
4155
912
5427
4112
2182
1037
163
411
2934
249
114
4106
3263
138
4372
5530
5705
3862
7887
1823
3586
7726
6989
2375
7273
4744
4750
7466
844
6807
6363
7153
2059
1863
2629
2106
6395
5066
6031
4735
7294
6005
3022
5915
2265
2411
914
6332
6104
1581
2907
2892
5144
2831
5638
691
6780
4111
3763
7326
901
336
7086
899
4820
6395
4600
1273
7013
7645
4818
4701
3120
514
5997
3916
7463
4291
4950
5385
6002
83
3481
1275
4399
7376
4871
1840
6867
3271
1633
1189
299
2569
5689
3483
3223
2489
2071
2499
4297
2513
1736
2076
372
2285
5019
4491
3623
2358
7391
3402
6150
2405
4291
5168
4448
5788
4032
3361
2962
5732
5664
725
7022
5520
2464
6761
3237
6519
5201
3288
2006
7882
3861
5326
7596
6002
5428
7467
7156
2836
4207
7294
684
536
7414
6002
3145
6905
2923
2962
2924
6578
5756
1824
4372
1584
2236
3253
6059
7187
2862
4759
4759
3795
3420
6141
5469
2686
4575
4291
1181
7464
2796
1075
2459
4530
201
575
1925
3546
2255
3314
637
6569
1926
4492
7548
8151
4441
3964
6980
1824
7070
3389
7903
3667
772
1154
1242
2572
1926
3732
7380
1450
1620
7236
4067
1224
6447
591
2143
1840
4456
240
5203
3658
340
1830
2632
7344
1334
4754
3736
6790
3751
3793
3402
1744
2802
4271
2365
3876
6879
6776
3664
3988
7162
5173
6031
2630
5173
6395
5640
282
5621
2375
3914
60
5858
1823
7582
7588
4490
8189
1027
524
5921
2832
2059
7583
7012
4291
5772
795
3589
2830
3834
4727
6843
6791
7570
7823
6089
7259
3900
2346
1551
3214
3407
4511
7982
4618
1824
2274
4953
6697
903
7747
6263
1576
914
5408
4722
1082
876
5173
5877
6950
7520
7777
5198
6053
2610
7236
3667
6231
5521
7739
2265
852
5434
3765
4698
1137
4491
1003
5943
6605
4032
1661
4275
3401
4448
3811
3832
764
3886
5746
2261
373
2661
635
2817
3806
7236
7013
7753
806
70
240
6939
6167
6551
103
4939
3667
6082
1
518
1334
3493
4931
5582
487
3959
6509
1322
1917
5877
4651
2938
1928
1660
2986
7777
7816
418
3469
1076
4644
4368
8134
5438
7985
2436
2508
3389
8167
6720
2182
4942
2014
7421
3768
2962
703
7588
5165
2248
1631
254
8048
731
211
3810
7706
1027
6929
5220
92
425
6457
3829
3509
7803
3311
4275
4955
3572
4578
3167
2512
1195
7449
5004
8146
2876
7766
6077
2979
6645
3469
1062
7180
7033
4217
4294
6075
4534
2557
7827
1550
699
955
5562
4996
2979
5994
6948
2080
3806
3691
4925
4565
5382
4714
6805
5142
3391
5975
5175
5943
4618
508
6549
6353
1494
3391
5890
2467
4392
254
5600
8087
1712
4127
246
5709
2547
2918
7314
1617
4074
6417
3120
1313
5751
6742
6437
1234
7966
4751
449
3443
7887
295
7978
1164
7827
3161
8103
5810
859
2975
7910
1712
2188
6986
4425
843
2494
1938
7480
6768
4637
3386
2479
2164
3908
4377
2312
6210
769
1063
2892
1160
8138
484
832
2271
1613
4194
5434
5168
7244
6861
3722
6104
1817
7649
5241
2448
7190
1589
3095
3656
5143
34
2286
1850
2483
4366
2789
6765
5154
1955
2684
7443
7887
7205
6411
1823
825
3807
2265
7176
5704
1485
36
7689
8071
8125
5684
1049
1280
7921
5945
3322
1467
2373
7944
6159
4342
411
2506
3764
1113
1846
1591
7393
1917
2062
5687
2120
7520
4858
3676
1601
4201
7919
6724
5232
1023
3652
2354
5332
1929
7520
4245
3061
3847
2417
5657
4486
901
1748
5292
1037
1686
35
2308
1675
5833
6549
6929
3486
35
3469
1157
7416
4170
7944
4086
4489
4049
4127
2023
4290
1441
6563
3134
1027
189
2455
1884
387
474
4338
2061
5326
4291
4492
2266
2186
4618
4830
1698
5279
4011
3541
1319
3886
1775
7680
5718
6777
4793
5082
460
4151
7911
3205
531
1217
20
5044
4461
3473
6205
2727
4628
5777
2854
4372
2089
2465
4950
8021
4152
3188
4818
276
7753
7679
6000
1522
5493
7106
369
6705
4039
4349
4807
434
6320
3667
7426
7511
7120
3319
4953
1735
7582
1164
7061
7916
271
2474
2309
6571
169
1060
4575
2304
5217
3469
5567
6722
7061
2975
4374
8023
7980
323
299
2973
4716
4545
2203
2551
2113
4966
5158
1063
421
5629
832
4829
3148
4712
2968
2513
6660
5596
8000
4165
5458
1962
2015
1929
6144
988
4858
4255
2892
8023
853
574
4492
2663
7674
1456
2492
5606
5069
792
5250
744
4160
2716
906
7642
3586
102
24
3962
24
8157
5598
2973
531
2467
3229
6297
1631
30
857
4716
3321
744
3120
2737
5894
4703
6650
4415
4431
6211
3064
1769
4796
4039
5803
2773
2947
5889
3353
4517
7330
