0
0
0
12
0
0
0
2
7
0
0
2
0
1
0
0
0
2
0
0
0
8
4
0
0
0
4
1
0
0
0
0
0
0
0
0
0
0
0
0
0
0
0
0
0
0
0
0
0
0
0
0
0
4
4
0
1
0
0
0
0
0
0
0
0
0
0
1
0
0
0
0
0
2
0
0
0
0
0
0
0
0
0
0
0
0
0
0
0
0
0
1
4
0
0
1
7
0
0
0
0
0
0
0
22
0
0
9
4
6
0
0
0
0
0
2
2
0
1
1
0
1
9
0
0
3
0
2
1
1
0
2
0
0
5
1
0
1
0
0
0
1
0
0
1
0
0
0
3
0
1
0
0
0
0
1
0
0
0
0
2
0
2
0
3
0
0
0
0
1
0
0
2
0
0
1
0
1
1
0
1
0
0
0
2
0
0
1
0
4
0
7
0
0
0
0
0
0
0
0
0
0
0
0
11
8
8
2
2
2
31
0
5
5
2
3
2
25
2
0
2
10
0
1
0
8
0
0
0
1
0
0
0
0
0
0
0
0
0
0
0
0
0
0
0
0
0
0
0
0
0
0
0
10
0
0
4512
2488
5524
3019
6080
1276
5972
1378
2007
216
1710
3966
1599
4323
549
1719
5018
2529
7291
6158
275
3739
336
1840
7985
1033
5044
7511
2833
1874
5241
1815
4512
4127
2438
2667
7428
4574
6378
7800
6352
4680
4845
7905
5960
3838
2792
5618
129
6738
868
7690
776
311
5310
7107
3994
2095
784
784
5372
7721
1946
7055
8146
7298
8052
620
818
7086
118
476
7367
4509
1719
4992
6151
4679
3010
4515
5182
8100
2448
2786
5406
5872
4724
1712
6342
7985
1033
2239
2093
7174
4275
5044
3648
3739
1499
2046
968
6743
2660
107
6255
4509
1694
4104
1659
5834
353
2526
5124
5425
1429
3413
8146
1612
1756
1202
1000
5103
2293
8001
6665
2264
754
691
818
7291
3912
7215
7921
2751
6201
5328
4446
500
5377
5188
4277
6632
7445
4152
4599
1079
404
7437
4855
6236
455
5827
6476
5333
3611
3752
6404
2996
6849
2498
6105
5865
971
3087
5444
2395
3175
1719
3169
3865
6242
6276
3308
845
6296
6352
1560
6259
1719
7697
7367
1898
4907
6962
3739
1609
6801
1000
5203
6919
6515
2053
6742
4838
1345
2760
5865
1527
6456
272
2446
3678
4993
4680
8166
1538
386
6891
6325
2064
7277
8057
2353
6485
4535
5104
7035
2065
7554
7935
3593
1503
834
7611
7222
3484
6890
7586
7332
439
1231
7319
8065
7404
118
7805
5113
2904
5980
6242
4680
3063
7748
3592
483
1831
4993
1719
4679
8049
5788
670
3593
518
1299
1503
6261
4706
7291
5633
4103
6548
4654
5998
6649
1693
2559
4507
2560
7932
4863
5353
3749
6750
596
5274
326
1673
4253
2947
851
3829
1628
7932
7014
3662
2095
4087
2151
1000
6133
667
3779
6868
1599
5151
8072
171
6673
2987
3557
5692
5512
2982
5572
1525
6894
6948
4396
751
2529
5736
7140
3989
219
4253
6322
443
5044
4272
7879
3874
3103
4704
445
4974
3470
6915
6963
1276
379
424
4649
2574
3602
7420
6894
1231
7292
6733
5496
258
53
4863
6240
1368
1469
1957
810
2604
5047
2455
4936
2604
6496
3041
3626
5647
3726
3168
5064
1187
6162
5652
6504
6631
253
5574
5746
5238
1753
3052
1578
3466
5497
6318
4003
7428
5951
1491
2304
6205
6622
5177
3337
3912
3559
1184
995
6634
3432
3608
1970
5692
440
5730
4545
6501
6588
3165
3032
3212
4164
1055
1112
1360
3711
7420
2622
6184
3913
1138
1469
8014
3424
6025
1908
1326
3317
129
3272
5064
1788
3331
232
6826
1177
5171
7382
4430
6544
7796
5181
5181
5714
1898
6750
4323
4060
6181
6417
1748
8017
661
1429
1492
3739
547
1676
4752
2584
1525
1296
5064
7420
306
4527
5785
619
1765
2153
6742
1252
7378
6449
1231
1617
1831
7650
7225
3977
3959
2284
1957
6272
5614
1284
5085
670
1006
383
2435
5099
4979
118
5324
3192
2446
6044
7697
1158
7887
5711
5788
1251
2802
886
6023
5353
74
1465
2076
4735
3165
6704
2574
2889
1957
7650
5614
1360
5307
3445
1415
6547
31
4791
363
896
2778
7420
6873
7805
6913
6637
3151
2700
1499
5905
7771
1360
5952
7593
6089
2892
6995
5960
4680
7737
6738
27
7919
4333
3528
620
4561
5821
7281
4836
6073
5217
5714
1131
3634
6873
8048
7908
2786
5009
6694
2760
6750
404
6976
1664
396
8166
4010
7895
3082
3165
4993
4446
2994
1719
3165
5141
945
5064
5498
1847
7934
3998
8111
838
3771
7461
217
727
7442
6755
4907
4010
6844
2808
6417
7041
7648
53
7841
1855
6662
799
7748
132
6972
7158
5572
6322
3363
5783
3167
5324
5373
8157
4905
7500
7041
5561
4794
34
4945
1552
4010
3774
1999
5363
894
5588
4680
7964
7945
1338
6348
4509
4554
2134
6690
7477
7131
17
5572
6894
1615
2601
4297
1453
5497
2743
8111
5561
1259
7963
1474
4992
5498
6557
2254
3830
7874
5972
7480
8076
7607
3848
3308
70
3066
963
4931
4269
2064
2994
6348
1341
6638
8057
4286
2442
7902
5351
4675
7796
7357
1349
5324
6164
4197
5572
7430
6557
5007
1515
5324
4018
5113
6967
609
3938
7687
631
1635
463
2460
4680
6272
2175
2041
2843
4150
4613
7427
924
2892
1980
6979
1281
7424
4618
3785
3966
6738
17
14
7424
1011
7588
5250
4611
3103
1900
982
8027
2511
5753
5546
5353
8147
6164
2494
2030
6352
5465
5104
5317
2019
6976
5224
8004
5186
5828
6098
6510
1957
3183
5536
6164
5714
845
6104
1935
1367
4532
788
674
2529
3165
5614
1441
1694
3792
6642
7664
2855
4934
7431
5497
5561
1282
7162
4223
8172
6694
3993
7796
5561
1184
1694
810
6119
1560
5465
6057
246
5956
2396
5075
3136
4333
6348
7823
6700
2992
4680
2193
2601
2418
3416
5821
7664
1642
4609
255
7511
5154
1132
8111
2051
5447
6400
1158
2732
5447
652
1360
7098
6966
458
1360
3446
3998
4333
3007
3391
7918
3011
6995
6556
378
1997
4935
4746
6530
1337
4192
4607
2413
8137
7718
674
5447
4398
326
8009
7197
3886
4602
5730
7333
4658
3489
2712
7158
4992
6620
919
7256
4291
4998
1802
4270
6639
2041
2886
1006
3724
2126
7721
7489
4642
2960
1070
3538
5343
6399
7857
8009
5972
2939
1079
3612
8137
3698
4794
7445
1482
639
1494
4731
1534
3229
1287
8011
5821
3620
5330
7129
784
6313
754
6145
6918
5300
8029
5106
1296
2584
6010
7158
8147
6242
674
7650
1892
2947
6705
7342
7107
7390
7093
876
6253
4561
5762
1746
4060
7998
3481
5860
3424
5523
3925
1008
2393
3736
6622
1851
3833
4835
5614
5182
562
1693
5578
7429
461
2081
4996
4272
2498
5896
5143
3888
3716
3506
4672
5077
5624
5762
2229
4702
6064
6476
4802
1946
2816
6149
7630
2697
305
1495
5570
5028
6709
5578
2529
1360
3272
1495
4953
1299
2881
857
3651
2601
3287
6679
432
1671
5335
5485
4542
3712
5412
6827
7120
6145
2038
6875
5177
6977
2188
4807
1342
4797
6985
678
6694
8013
113
1189
4314
2498
5709
