0
0
0
14
1
7
0
1
11
0
0
2
0
1
0
0
0
0
0
0
0
9
3
1
0
0
1
0
0
0
1
0
0
0
0
0
0
0
0
0
0
0
0
0
0
0
0
0
0
0
0
0
0
1
3
0
1
0
0
0
0
0
0
0
3
0
0
0
0
0
0
0
0
1
1
0
2
0
0
1
0
0
0
0
0
0
0
0
0
0
0
0
0
0
0
0
7
0
0
0
0
0
0
0
24
0
0
8
4
6
0
0
0
0
0
3
4
0
0
1
0
0
6
1
0
2
0
0
2
0
1
2
0
0
3
0
0
0
0
0
0
2
0
0
0
0
0
0
1
0
0
0
0
0
0
0
0
0
0
2
2
2
4
0
1
0
0
0
0
0
0
0
1
0
1
0
0
2
0
0
0
0
0
0
1
0
0
0
0
2
0
7
0
0
0
0
0
0
0
0
0
0
0
0
7
7
8
3
4
1
27
2
4
3
4
6
0
28
0
2
0
10
0
0
0
7
0
0
0
1
0
2
0
0
0
0
0
0
0
0
0
0
0
0
0
0
0
0
0
0
0
0
0
10
0
0
3322
5419
1330
5608
6041
3561
5214
5436
5801
7061
2219
5731
750
3821
2654
7592
1241
3336
4242
1534
5214
5385
1253
3391
919
4339
4255
2464
4707
2015
959
4950
1798
3716
7785
4861
6547
2066
1775
170
6791
2557
3391
3541
4478
7196
1870
5112
6135
5896
1046
2741
7070
1824
2120
4759
744
4851
5890
852
2062
2062
1308
3651
4770
2557
5456
3922
5857
5279
1824
5948
631
6756
8191
4339
7902
7911
5882
5982
1621
1824
5689
1775
1824
4120
6271
1520
1555
2935
7389
5985
206
7823
16
2512
978
116
2285
2676
6681
7239
486
7901
5798
4255
4017
2057
6193
4561
7782
8030
1824
4900
8023
2464
2938
6384
1236
379
3879
7095
4611
5740
287
6739
3229
7692
7413
783
1746
4419
1384
764
163
835
4239
4365
4759
6253
5232
2248
1057
7180
4017
2868
5220
4017
7592
3568
4982
5353
2600
1652
2847
2251
1695
4359
2422
7613
7679
2137
7928
2131
6469
3790
5403
8048
1595
14
4426
2118
3541
5048
1532
2558
4027
7344
4340
2410
6757
8057
856
1644
2943
7060
1695
1326
5877
5890
1907
5412
4987
2463
1468
676
3373
5380
1817
6327
2916
5731
7093
825
6389
6723
6269
5747
1289
3992
2119
6757
4983
5597
476
5634
6138
1704
7592
215
170
7827
4164
5643
1836
5412
1826
963
4147
2491
3899
3789
3697
7012
7294
1922
4682
5740
4983
2427
2825
2654
152
7429
5907
3998
3382
4452
1634
6827
7901
5874
3477
5536
5220
7049
102
8021
1234
3571
2223
2369
6183
4147
6869
4011
5742
4983
1710
2052
1305
3125
5222
362
1687
5597
1552
1687
4485
5484
2669
5471
3610
1155
5643
3477
1319
3477
4017
4027
8048
4479
432
1129
3560
6438
2935
5366
5991
6503
7864
222
3048
781
5462
6325
5366
3090
1377
4373
3455
5061
2847
3985
1730
733
7229
211
1621
5436
2713
5567
3962
2442
4759
5731
7827
1638
381
7430
3985
2251
4401
5471
8084
3678
3629
6399
7146
2850
3171
7921
8184
1471
4401
7713
171
4983
3611
783
7967
3004
1129
3120
1958
7034
7040
4194
6745
5556
1858
2643
6692
5617
353
1351
3146
4695
4658
6399
3865
692
541
4891
5366
1860
7875
2187
51
7875
7404
7596
2271
1664
727
2948
4255
5636
1535
7346
6352
5366
6443
762
5366
222
709
5634
3122
6557
1107
7534
4361
1338
4680
4946
3508
4401
813
6010
5908
1710
789
2080
4291
4475
3651
4255
1067
8048
1283
107
3776
2098
8084
8100
7713
2187
8098
3998
3567
3776
6399
5185
6371
4905
2472
3508
3030
8057
1644
5366
6692
4180
4780
5013
45
5650
919
1173
7823
3643
4132
1922
1477
856
3776
152
8100
7903
7904
3546
5770
4323
434
7743
1548
718
77
6638
5366
8009
4767
7683
1710
4682
5910
4207
5077
390
8048
16
5364
3563
1687
1477
2874
927
6957
5240
2891
6043
4627
3852
6260
1896
5967
2187
5366
2982
7187
638
3850
7373
6557
1858
7771
5740
5597
7162
7148
1672
1862
5890
6000
1922
5366
3866
1922
5256
41
1283
5211
8007
899
515
4279
3117
6399
5967
2643
6352
5609
5638
3583
3065
8122
5967
5908
222
5462
1687
5542
7294
4238
7219
3405
41
3985
362
1860
4756
5967
4248
1162
3591
2433
6113
7152
1894
2098
5361
5497
724
4161
4661
1114
909
1761
6687
4946
3104
2052
379
3857
215
6384
418
1095
3104
4983
2098
4398
7388
5487
1623
4624
6182
3951
3016
4212
562
2291
7859
2825
4745
4417
1682
1062
5755
7762
6968
5425
7761
3104
2847
839
2650
1774
4594
1024
1687
1477
6745
505
7919
5786
3776
1104
1439
5935
8122
3776
5366
5409
687
2270
2538
2842
7751
2971
4938
3370
3987
2427
7045
3678
6557
5366
107
3661
2679
623
1687
6723
362
751
505
6399
4946
2712
7446
813
5634
1644
7793
7430
1730
2987
5742
697
3417
6621
2738
6638
2412
7317
813
6653
5578
3140
5910
959
531
2800
1687
1922
68
5366
3030
7875
6663
41
3183
6723
6399
6557
7263
3776
4946
6979
1718
2187
751
7060
3567
6336
2412
8037
7308
2412
2291
6443
3069
4786
7230
3152
1687
3866
6692
1922
1451
5425
3866
1710
1894
1378
1687
6443
2090
929
68
5042
2187
3985
751
3327
5358
67
4988
3508
7430
5880
7697
5323
7875
369
2370
7764
856
2083
2847
5910
2026
4868
6957
3104
5256
7271
5597
3104
2291
2874
4401
4946
1986
3770
4655
7981
5634
449
8132
5240
961
5366
2448
152
3426
8103
7057
1311
5683
68
3866
6662
1687
2847
2550
4401
5740
6692
4730
2847
1687
1378
3104
3104
8054
3183
2314
2712
5967
3567
603
2943
8100
5182
2847
68
1922
1124
3911
6698
2098
3940
655
1922
856
222
1451
5740
4946
1986
7729
7981
5740
3048
3030
379
1687
5366
4401
3879
171
4611
1695
2643
3131
498
222
6160
2187
715
7679
6703
1687
2998
1477
5908
5256
68
5740
6723
5908
5407
2990
3866
3030
3104
6930
5971
3254
6400
5967
1377
6957
5740
3940
8076
68
1710
3030
6010
4946
411
7910
6203
1766
4983
3866
68
3940
5908
2291
1477
1922
4868
1687
856
6930
3135
802
2270
2271
7595
483
809
6676
381
8099
381
6400
7875
4946
5240
672
783
5220
3391
2122
2251
5358
41
381
41
2098
4946
2427
4983
8057
6010
6361
2022
5092
5802
109
825
7160
261
3475
5785
4753
4888
6391
4374
471
2442
4604
6722
6450
6724
4353
6000
1680
6796
2558
210
6650
7039
6756
7497
2916
3969
3301
6776
5790
2120
7827
5567
432
3414
7405
4017
7415
61
7056
1157
7908
2369
7196
1415
3497
5654
3213
1046
8103
5485
393
7679
4431
4489
7573
3074
5143
7121
6906
3092
4758
2747
1965
6141
1907
7160
1595
4175
109
3719
3379
5434
3936
7584
2690
7408
3274
3322
4194
3969
5364
4027
531
2022
2130
3748
1521
2975
3305
8021
7723
2531
3301
6353
508
1105
6776
2466
255
2513
8128
1871
5882
2119
5445
4296
6116
