0
0
0
11
0
2
0
2
9
0
0
1
1
2
0
0
1
1
0
0
0
6
11
5
0
0
0
0
0
0
0
1
0
0
0
0
0
0
0
0
0
0
0
0
0
0
0
0
0
0
0
0
0
1
2
0
0
0
0
0
0
0
0
0
2
0
2
0
0
0
0
0
0
0
0
0
0
0
0
0
1
0
0
0
0
0
0
0
0
0
0
0
0
0
0
0
9
0
0
0
0
0
0
0
20
2
0
4
4
6
0
0
0
0
0
1
0
0
2
6
1
2
3
0
0
2
0
0
1
0
0
1
0
0
1
0
1
0
0
0
0
0
0
0
0
0
0
0
0
0
0
0
0
0
0
0
0
0
0
0
3
0
3
0
0
0
1
1
0
1
0
0
1
0
0
1
0
0
0
0
1
0
1
0
0
0
0
0
0
2
0
8
0
0
0
0
0
0
0
0
0
0
0
0
11
8
9
0
1
0
26
0
3
3
3
3
2
15
0
0
0
10
0
0
0
3
0
0
0
1
0
0
0
0
0
0
0
0
0
0
0
0
0
0
0
0
0
0
0
0
0
0
0
10
0
0
788
5177
7865
1946
788
788
788
2607
2607
788
788
788
788
2607
4087
5177
2607
3210
1946
4230
1363
752
2881
788
9
5557
3736
752
7839
5950
7172
3210
5709
7067
7865
4087
788
1946
5709
3210
3210
3210
2929
2607
84
7326
8112
1853
4272
5241
3210
4230
2693
4497
843
843
4192
735
4497
3210
4805
1815
7747
752
1322
4087
4187
5177
1299
4087
1946
1946
1946
5694
5241
1299
4556
5203
247
652
6875
6788
735
9
3385
7221
843
1322
7129
7462
735
7221
3385
8004
843
7172
1853
3724
368
4305
4154
7129
4314
5950
5950
5950
1503
5303
2789
5943
6738
4992
4658
4272
2929
6569
2929
3925
4953
834
944
1008
7407
2607
84
2607
1027
2498
7496
1644
6181
6434
2389
1246
1874
7747
5709
3206
996
972
6106
972
751
7650
6819
7129
1299
843
1299
784
1705
1855
4515
237
7283
1299
1299
7172
4087
1946
6738
5634
3985
7556
5182
5944
7935
4314
843
1299
4369
4599
5572
7704
6325
4205
7611
7091
60
6025
691
3410
6738
7981
3985
3308
7058
7876
3028
1705
4087
7747
4976
4446
5256
6557
6557
74
3688
4272
5241
4556
5303
5182
3985
7409
427
2443
5820
5788
5352
99
3554
751
6557
7650
4655
5256
5284
2735
2342
1713
4272
849
7174
404
2007
4802
1898
6557
4680
3925
1299
6788
7018
5572
6325
7367
3482
5497
1186
4693
3390
6157
7146
1858
810
7430
4655
5256
5022
6225
7430
5868
6033
1153
2943
6348
4863
184
6010
2007
5284
4953
3791
5333
652
968
1707
6999
3993
2790
1112
4142
4205
4680
5634
1858
3390
751
3567
5284
296
1894
4446
1184
62
5709
6348
4323
6631
3232
308
6673
7488
2375
3028
6392
2949
227
81
5289
3264
229
4735
858
5184
7521
5967
6631
2992
7720
176
6066
3728
476
1693
5042
3987
3925
1525
7127
2448
7060
5535
1347
6214
3101
4607
7154
2825
675
3439
1237
1003
7138
1683
266
4613
1112
8117
6399
1894
3985
3836
7933
5618
8106
1606
4993
5180
4087
4988
2474
4435
2098
5182
5634
1858
4976
7973
2225
1029
843
201
7773
8023
5668
7219
2613
7720
5608
8009
7158
6010
5880
7713
6399
4205
4401
326
3410
6788
7568
4988
3634
4946
1860
1608
2615
5967
7430
7430
724
3082
3848
4998
3348
5972
8093
978
2068
5217
2867
7713
6468
6485
1858
4863
5972
2122
152
2574
2276
7601
6479
3567
549
7074
5182
1608
7183
4767
5535
4322
4683
7697
8014
3061
2553
3701
2184
2136
6485
2986
2072
6687
184
2582
3165
8137
5323
762
1377
22
5203
1299
7747
2643
5972
6485
5655
1720
3913
2865
2643
789
338
8057
5747
3571
2712
2098
2582
4333
810
5983
591
3169
5794
1489
5967
4401
2643
7430
3567
4562
2653
4187
2579
5572
7430
1708
6172
14
3642
6749
1894
74
1892
4863
6897
2624
7919
3792
4946
1730
6638
6999
7039
6979
3730
2934
3003
4696
1898
3567
6352
1155
2741
2810
7865
3363
404
5124
3776
1183
3494
6996
3567
6704
7954
1858
4639
2994
5091
6985
5999
3466
3169
3998
5037
3594
3526
1015
5999
6048
8057
7375
2351
7463
1027
5241
5709
5353
1788
3090
5107
4611
4836
5466
5389
1226
2149
3221
3614
1515
8057
5967
6400
2631
4214
2533
1182
4509
7370
549
2187
1858
6494
3726
2425
8112
305
3925
5709
5182
4863
7533
3656
2934
6151
4065
7713
7158
5011
6595
2215
168
7787
5634
6745
67
8057
1858
956
4946
4205
4680
1623
5240
5701
2405
2741
1556
3925
3925
752
6398
4398
6399
6468
4399
7332
7844
5358
4446
6661
5498
810
2615
4317
4104
5260
6745
5967
171
7430
549
3206
7306
17
649
6831
2489
4729
1272
849
1815
3385
3446
3998
404
8147
4678
6214
6010
1474
7429
1219
2260
7332
5561
1861
1694
8031
1623
6485
3489
1569
4969
4984
4007
3888
6544
7689
7148
6237
752
7560
1815
2278
1336
3718
8099
6862
5655
2443
4946
1831
900
4655
7523
1477
4317
7906
826
4205
7704
4992
326
2642
3385
2801
7851
6926
6950
3888
4608
7732
2924
240
3061
7537
2939
5782
606
5650
1734
1673
107
6757
3602
8099
1515
4142
4222
1698
6214
6638
5256
4780
5634
899
591
7148
4926
1814
156
7591
5308
7537
1153
84
6479
7537
5324
466
5324
3551
7664
4976
6242
2175
3688
4935
2631
271
3911
2330
2020
4655
1894
1377
2427
6649
1534
4038
520
1365
4187
1365
5241
7462
7560
3061
3904
3904
1019
7162
1037
3125
6757
2264
934
484
1579
5353
4443
6087
4442
5334
3081
1329
3567
51
6400
568
2920
1435
4605
7239
156
8066
5950
7462
2881
5264
1506
426
7172
7135
4655
4130
7430
7523
976
5574
411
5535
7800
2448
7523
5182
896
4369
377
3183
1944
3391
829
5547
4722
7689
384
6372
2805
849
4003
60
5709
7839
305
1556
3433
5831
5246
4863
3188
2901
1803
353
4253
6225
7306
7060
7857
3378
1243
5874
1029
64
3814
600
5706
3291
6926
4581
6531
2881
7601
2371
3385
6359
305
4111
7860
8160
3449
4104
5736
3816
122
4535
819
7306
3895
7430
3169
3681
6289
4735
5332
6691
4255
7292
4569
3600
925
7077
1940
735
2816
752
7747
5122
3674
8105
6950
1103
7148
6141
4992
3792
3673
3816
1273
5572
718
4369
2448
7306
5430
3959
3391
1479
4892
4018
5079
1464
4385
6615
7747
3597
7129
4805
7176
986
4597
7699
2586
3482
23
4719
2393
2709
5810
8106
1698
466
2934
2076
3714
1863
7484
1319
5273
2464
3686
6395
2764
6820
1220
197
1601
4503
7747
3904
3061
7221
1599
5902
6937
4672
7086
4608
3695
931
3636
7795
2671
1488
1467
4422
5412
1103
721
2635
4701
2130
460
841
3623
6353
3061
958
1322
4503
3264
4595
6353
197
6294
2489
6544
5902
7816
3504
255
3490
3897
460
3504
3207
4892
2130
7344
1287
3997
3888
744
1040
7900
4503
2616
1601
5241
3493
5582
2167
6353
8047
3392
4593
