0
0
0
10
5
0
0
2
9
0
7
0
1
0
0
0
0
1
0
0
0
0
1
1
0
0
1
1
0
0
2
3
0
0
0
0
0
0
0
0
0
0
0
0
0
0
0
0
0
0
0
0
0
1
0
0
0
0
0
0
0
0
0
0
0
0
4
0
0
0
0
0
0
0
0
0
0
0
0
0
0
1
0
0
0
0
0
0
0
0
0
2
0
0
0
2
11
0
0
0
0
0
0
0
20
3
0
7
4
5
0
0
0
0
0
0
0
0
0
3
1
0
5
5
0
1
0
2
1
1
1
0
0
0
3
0
0
1
0
0
0
0
0
0
1
0
1
0
2
0
0
0
0
3
0
0
0
1
0
1
1
0
0
1
0
0
0
0
0
2
0
0
1
0
0
0
0
0
0
0
0
0
0
0
0
0
0
0
0
1
0
8
0
0
0
0
0
0
0
0
0
0
0
0
9
5
7
1
7
3
25
2
1
0
3
5
0
24
0
0
1
11
0
0
1
1
0
0
0
1
0
0
0
0
0
0
0
0
0
0
0
0
0
0
0
0
0
0
0
0
0
0
0
10
0
0
744
1864
2741
3959
3389
6321
7039
4354
232
6580
549
4369
4453
3886
6170
6259
7411
7015
6309
3000
7378
3290
3317
4509
338
245
2341
3733
508
5364
4291
3790
6271
421
2684
3196
390
5037
5444
5096
237
2889
3865
5972
4265
7936
3446
5314
7086
4928
252
1959
7305
6738
8057
2994
7420
4880
6346
3326
5332
30
7418
229
4809
6677
7398
1949
5024
959
1836
6447
2558
3084
1957
4599
3308
4509
1590
3433
5558
72
2433
5970
6103
285
2529
326
4361
7887
3391
5113
1769
3405
6243
5537
7188
1238
5756
5324
2002
2679
1009
30
4689
1942
3232
2992
2059
6937
1076
3143
6251
1007
2506
1551
6024
6489
7800
2820
7405
4290
255
1285
1241
8040
4020
5537
6714
46
4237
5997
6320
6058
3302
4035
3022
615
2560
2354
7269
5185
317
78
3156
4173
4081
1760
6065
6904
4322
5075
5385
2558
7527
4350
4038
3577
1124
7327
1244
7910
1965
421
702
1081
2384
2441
1600
1900
4504
1535
30
2578
301
8053
1998
7208
318
7171
1266
6065
6758
3612
674
1543
5246
3612
4190
2068
5811
4182
4600
4950
1164
4925
5701
2303
3483
227
3115
6327
482
5975
423
5633
2471
2308
6752
2186
7085
2428
632
746
5584
4149
2584
4992
5022
1307
7609
266
5183
2512
1309
2856
7180
3262
5024
3338
6294
3712
7625
919
6660
5066
6204
3295
7853
5837
1453
4345
2532
3536
2721
6209
3707
999
787
4253
4333
4623
4634
7980
5629
2868
951
4236
4152
1241
3457
6615
5766
7584
4824
4852
6735
4998
2721
4209
7115
4510
1827
2050
1061
4662
3854
994
7963
5633
3007
5672
5633
1345
7418
8048
2512
3120
177
951
7491
4707
5494
7315
2507
916
5933
5537
2489
2833
1645
6896
5509
5812
6592
1817
7493
5800
3658
28
4070
725
3300
6139
7880
7272
48
5833
7587
1534
8160
5824
1472
35
5587
3904
5343
211
2557
30
7997
5509
394
5344
4021
519
814
5058
102
3578
4725
2787
75
1437
6092
7461
7210
5511
673
3348
1965
4618
5874
1173
716
5198
650
7520
7011
4007
3405
5403
964
6907
4783
2186
5743
2076
6535
6613
6405
7375
3859
1979
1266
6544
2934
2535
301
1108
3984
7278
5800
1958
4852
2489
7389
6406
1029
6321
2654
820
1395
8091
7004
7071
6252
8046
7461
4675
5845
5394
7089
5843
584
5627
3007
1280
1994
2716
3307
8091
5201
126
6648
3089
181
1988
1312
3645
3541
4194
4009
5275
7827
7272
7059
2532
75
8081
3834
448
1958
6405
2986
5920
3822
6091
3528
2973
3209
6592
4330
13
2544
5162
1228
5931
1062
7679
1105
124
1023
932
6012
7503
1204
6526
975
3536
5922
5039
3921
2050
5980
2082
6659
1816
7861
4949
6843
1994
5922
5219
5938
6521
4583
2711
1850
1742
4194
1046
2916
411
615
7303
1827
2395
2186
5588
4823
2186
1185
7503
235
2552
8001
5200
484
6391
290
3577
1061
54
4048
2506
3286
7721
7177
967
126
1028
508
1600
4080
4639
8082
3349
908
831
7243
1401
7726
6907
138
353
1811
4820
369
2575
2175
472
3196
4931
7037
968
7404
990
1919
5149
7541
7171
6990
7285
1890
4822
3316
6572
2000
7270
4674
5
5426
1316
3276
5058
3421
3038
6749
1784
3022
3318
5493
2467
5007
2395
4580
5020
4971
5637
2253
4482
5162
1882
6288
1882
4880
1839
406
2911
999
6613
7098
5793
1204
6572
37
6839
2358
4675
3809
5566
2973
5636
7323
7923
2601
1356
6520
5419
5015
6171
1809
1479
3143
1562
6137
3644
4568
6948
1760
3313
6403
7353
1696
4191
828
5380
2110
7807
4258
1850
7303
7031
7894
5804
102
519
2208
97
5762
4209
128
4944
2775
3179
6741
7993
5128
2543
4464
4675
7563
4986
6451
95
4737
4583
7976
3644
551
5633
2253
7990
611
4829
6690
7482
3017
4749
3723
4181
4925
1994
1486
7885
3300
5938
128
2715
2320
1382
3682
456
8065
6518
6710
2128
6103
2775
5420
4168
2082
4400
6775
1413
6217
7825
4816
4477
1949
1472
1316
4958
5672
504
1627
217
1036
494
7831
6405
4571
3318
4880
3682
7089
6547
6807
4677
5884
286
7324
4879
1017
6752
5516
3077
7563
3162
8089
5811
744
1061
1028
6251
4524
857
792
507
908
6040
3644
3316
5433
2698
6438
7901
6104
1493
5816
2592
3465
1541
457
8171
415
3326
1539
5850
1435
386
3008
7154
1435
3473
2107
6251
857
7313
7363
679
1094
1661
1915
6518
5604
2724
2022
4809
3233
3452
4672
5438
8033
3789
5952
7011
2507
396
7093
7796
6264
1527
4675
2273
2358
3353
4931
128
7918
3300
4584
2389
4249
6741
983
6073
625
2717
3835
727
5023
1241
6974
1483
6567
7192
5896
8046
2507
725
374
5250
6948
7482
1357
6732
3452
7307
7021
1667
6920
1882
3903
5335
3937
7136
3286
2348
5589
403
3682
5023
1117
1078
1488
5276
3153
933
123
7416
7537
1468
1041
4125
7090
2214
6375
1344
967
696
394
7727
4895
6800
2911
4997
317
5630
4940
6775
7085
5430
1546
5139
4283
2164
6552
7059
4232
5584
7154
7661
4073
5185
6761
871
721
4007
1859
6073
7787
3937
831
861
2394
8119
4005
586
584
740
6082
6082
2405
702
7239
5511
7661
5561
2076
4062
8190
1946
7378
5403
5176
8048
6659
1494
5623
5495
586
328
591
4175
4796
5272
434
6301
7613
7910
1105
3577
2907
6761
5364
5482
2434
5185
8160
3991
3721
654
6518
7514
5804
8174
7603
6146
4899
7154
2892
6958
3277
6761
575
1012
3167
4011
5332
7910
5403
7613
684
2137
4270
4707
3480
1554
5762
1882
7110
6960
3143
3882
6220
1895
6288
5162
3590
5372
7803
11
3854
886
1680
4698
3443
5833
1164
2459
1118
1319
2464
4796
5185
2464
795
3391
604
7691
1422
3857
6839
1740
2190
1872
6035
128
7260
7514
7024
6392
3515
5566
7154
1835
967
3120
6002
3667
5629
7110
5024
5220
5833
5833
749
1675
1234
2512
5398
6202
