0
0
0
8
1
0
0
1
9
0
0
1
2
2
0
0
2
3
0
0
0
1
12
4
0
0
0
0
0
0
0
1
0
0
0
0
0
0
0
0
0
0
0
0
0
0
0
0
0
0
0
0
0
1
0
0
0
0
0
0
0
0
0
0
1
0
3
0
0
0
0
0
0
0
0
0
1
0
0
0
0
0
0
0
0
0
0
0
0
0
0
3
1
0
0
2
5
0
0
0
0
0
0
0
17
3
0
6
3
4
0
0
0
0
0
2
1
0
3
4
2
2
4
1
0
0
0
3
2
1
1
1
1
0
3
0
0
0
2
0
0
1
0
0
0
0
1
0
1
0
0
1
0
1
0
0
1
1
1
1
4
1
1
0
0
1
0
0
0
0
0
0
1
0
0
0
0
0
0
0
0
0
0
0
0
0
0
0
0
4
0
8
0
0
0
0
0
0
0
0
0
0
0
0
11
9
7
2
6
6
23
0
1
1
1
3
0
14
1
0
1
12
0
0
1
1
0
0
0
1
0
3
0
0
0
0
0
0
0
0
0
0
0
0
0
0
0
0
0
0
0
0
0
10
0
0
5629
5048
8023
1043
3911
3712
4273
1234
3847
2058
5232
2705
5908
2574
3907
1359
3330
5410
1386
1806
7137
137
5107
3066
1941
4008
7890
6935
7993
7970
3646
4628
4491
3584
4273
6137
3651
568
5419
2313
8176
2265
5559
3809
3759
1696
5809
6340
6947
6343
1359
1359
2440
1947
486
3594
5135
3916
1602
5367
6145
5357
1129
4242
8025
2343
6002
297
2219
7739
4729
1522
7845
6947
391
8147
1992
4166
7317
6321
7823
4339
678
7677
1806
5825
588
6868
6932
643
992
4754
720
7668
5915
744
2533
4830
4011
2836
3299
2253
3022
2252
5627
7640
3090
7771
4212
7271
7771
8036
3775
5143
3445
7616
6699
1933
6686
2986
7921
1468
5263
7494
1310
4943
4578
3414
4569
1767
7205
6547
8151
1792
7781
568
4851
3235
5981
7263
6928
7737
1305
505
7436
2697
3330
362
1806
2301
3082
7582
7034
7489
5805
6332
6413
3878
5948
3541
1105
425
1836
6041
5364
5840
4426
5547
3433
6998
3940
4890
6755
806
2846
961
2134
2929
1933
7150
2946
40
7388
93
6029
2522
916
3414
8023
5220
2105
4713
3475
5113
531
170
6000
4731
4278
3777
5092
444
7317
2847
7068
5022
2096
2847
551
959
2207
2440
7729
7925
5876
2810
1464
7506
4657
2062
3253
4695
6614
5687
1209
575
649
5715
2229
1534
2632
1319
3572
1430
1305
7317
216
1833
6957
7271
1477
6998
6610
359
4328
6171
6728
6799
591
5220
6761
3117
226
8039
6343
1409
5129
5594
2465
2530
1671
966
3555
6735
4255
1660
4166
7683
962
7271
3090
3940
505
2770
3995
1965
5721
1594
2285
6799
8058
146
4739
7254
4826
1786
6632
121
390
3433
3391
2459
5024
6660
5112
4491
4887
6307
2199
1477
4360
4613
2847
4715
3998
1477
4027
4900
1907
6920
6973
3823
4652
1854
1415
5485
2062
7582
4533
7028
7258
7563
2260
2051
2136
5547
1699
2459
4950
7258
4679
5848
2187
532
4388
4212
2251
1687
787
4590
4278
857
7823
1024
2562
3017
4900
3414
3120
2464
4640
5009
6928
4360
2769
2168
2478
7391
1550
3166
8187
672
6995
7271
4388
1913
3331
3998
5124
2094
2770
355
179
7570
4007
1778
1699
4375
2219
7492
2645
7613
2800
5387
4611
8100
2959
6928
505
162
8014
7901
5024
1395
2939
5231
6666
2086
1477
74
5256
1986
3030
2005
7586
5477
5315
6065
2679
5452
835
1988
1319
2530
568
6445
6148
71
6744
603
2171
5806
7805
523
4950
3682
2808
7919
5991
2707
222
6305
3678
5366
505
2701
4983
6389
1622
4395
6715
1652
5082
2791
2783
1980
7745
7188
418
5246
3511
6284
2792
3985
3090
4992
687
3835
3527
2840
6984
3332
7687
5991
1378
2770
3940
4179
3484
1477
5981
1332
4132
4430
961
3508
5981
5462
1528
387
7872
5786
1229
1710
4129
4344
3489
7907
7317
2516
3390
2461
285
2991
1015
152
1691
1687
505
889
655
1184
53
1831
4501
703
6928
4212
3940
7771
4132
7156
4950
3449
6596
4401
7073
2381
1229
53
476
5664
5736
3528
189
7899
1986
4678
6754
1628
4637
5546
1688
1305
222
4265
3776
7521
2386
1992
6957
5683
3865
361
7582
3212
4655
1326
6363
6300
3064
1704
7805
3279
5831
6119
7257
2139
3629
7306
5311
1628
7787
5588
5670
6325
1305
6595
4205
536
3836
7043
6971
3634
8011
4493
1944
5701
6395
7804
5379
2770
7771
2096
27
5430
6164
1288
5617
3881
6194
498
5231
2134
3437
4021
7523
6744
89
5124
5782
2456
6006
3192
7670
8187
4194
1478
1425
4809
921
7668
176
53
6891
1305
6595
111
682
6434
4360
3508
5782
1307
3511
4982
6085
7296
5690
1349
2770
6704
74
4935
7445
4009
2626
448
5126
4077
211
5143
740
5630
1086
5577
7411
3130
31
3468
8036
1693
3743
5146
379
2307
687
7256
7285
6414
2770
3069
2450
6378
3966
20
5007
7771
7465
2307
2307
5262
5403
6152
215
695
3013
6592
1415
2086
5946
8057
6485
7390
287
1710
3508
4197
5422
396
2008
1112
3032
4748
5377
5960
51
4423
476
2847
789
6305
1484
4576
5280
1455
5361
3600
2080
7588
2994
129
53
2732
1721
1767
6440
2339
4866
6911
8092
1243
5736
6915
500
2574
1442
7158
3426
7771
7771
2096
5782
4767
6727
4863
819
5633
6910
4902
4105
2251
4010
4992
1045
4935
4505
2522
4541
5821
1130
593
924
4579
5891
6907
4379
5498
4893
1552
326
7932
8009
4976
3466
1442
7777
3439
7679
7258
1565
4333
586
8020
7195
1719
1045
1073
332
1048
6756
74
1957
62
3673
7235
1974
7281
4554
500
6272
4452
2844
5377
2254
3959
5531
3584
6833
617
8151
2907
4578
5535
4232
456
1253
2892
2436
603
6575
3191
8048
7964
6673
6272
4534
506
6233
7098
7367
1784
4340
4017
2679
1155
8040
7250
5225
486
7391
6833
7872
3682
2662
2178
2727
3470
7629
7615
1950
2969
2282
4562
1319
1940
7894
7405
5543
490
1413
7679
6510
1029
335
1870
3257
2513
3158
2606
4722
3212
1978
5463
7910
390
46
960
7396
3998
4569
568
7670
3077
5980
7811
421
1620
649
531
1385
3925
2185
4927
3876
210
1319
4870
5761
3790
5485
158
2560
5412
4525
4729
1680
5567
2552
2411
5019
460
390
7606
7015
1680
998
1584
415
2825
1430
7882
7093
3560
6622
133
324
7203
1506
227
4848
3162
2464
4765
3647
6327
5185
7901
3651
1308
432
109
7613
3911
5507
5428
6429
2057
1944
7953
7302
507
1810
7679
432
1319
7269
5962
6228
3488
1154
5477
3266
1581
5431
7097
1669
158
4383
418
3389
1812
4143
1620
6953
7700
5567
4609
631
615
492
2214
1913
2423
7677
6664
3158
2464
6791
411
7180
6393
5428
5794
5172
5485
1818
2464
8058
2418
2271
6041
4100
2742
3483
7419
6089
3299
2632
832
1775
1775
4667
5066
3946
4007
8023
7967
1672
5701
8048
1824
3120
3741
331
6361
4900
3058
1010
46
5874
4340
5778
3386
