0
0
0
11
0
0
0
3
8
1
11
0
0
0
0
0
1
2
0
0
0
6
0
1
0
0
1
1
0
0
1
1
0
0
0
0
0
0
0
0
0
0
0
0
0
0
0
0
0
0
0
0
0
2
2
0
0
1
0
0
0
0
0
0
0
0
0
0
0
0
0
0
0
0
0
0
1
0
0
2
0
0
0
0
0
0
0
0
0
0
0
1
0
0
0
0
6
1
0
0
0
0
0
0
16
1
0
8
4
5
0
0
0
0
0
4
2
0
0
1
1
0
5
1
0
2
0
1
0
0
0
4
2
1
3
0
0
0
0
0
0
0
0
0
0
0
0
0
1
0
0
0
0
0
0
0
0
0
0
0
4
0
0
0
0
0
0
0
0
1
0
0
0
0
1
0
0
0
0
0
0
0
0
0
0
0
0
0
0
2
0
8
0
0
0
1
0
0
0
0
0
0
0
0
8
4
6
0
0
2
23
3
2
0
2
2
1
28
0
1
0
10
0
0
0
4
0
0
0
1
0
0
0
0
0
0
0
0
0
0
0
0
0
0
0
0
0
0
0
0
0
0
0
10
0
0
2286
7816
4194
6179
1438
5802
6263
2556
7639
5
1291
5142
7757
1556
811
2851
4018
2896
2938
7407
1940
3992
1664
4867
6164
1429
1008
2120
4422
5022
1026
7011
6768
6202
165
1414
2903
5868
3714
3029
3771
7819
1030
6038
4114
6648
5694
3631
3071
2896
3240
8093
2491
712
1808
64
1289
5171
4851
5920
7329
7196
255
7155
3577
9
6810
2802
3510
7642
6065
5784
154
7976
1872
2543
3454
7692
1964
2371
437
5129
7716
960
3367
649
954
7985
4869
4598
7801
2836
5890
6879
5290
5175
1163
2196
2907
7176
925
817
5272
872
7880
3770
6789
7568
407
5079
8094
843
3132
4365
715
7031
5059
2749
6850
1469
3212
5891
6473
295
1356
6426
270
8095
4111
1740
5402
7913
6947
4488
4383
1725
1483
7747
6926
3710
5273
3291
4712
3904
7561
2207
754
1309
4985
5706
2465
7615
914
7893
5333
3216
933
8188
3667
6369
6882
1224
6650
1513
7132
7258
6882
6599
4353
295
1232
3572
7886
7911
960
1565
1289
4534
7209
6533
6259
3494
643
225
7661
4270
1613
3710
3162
5185
2929
8093
288
2903
7755
295
933
4616
6534
4038
3233
2684
3795
4276
919
7568
7921
7880
4583
2124
2127
2629
2304
6370
3470
3728
626
7031
2671
3037
280
5385
3786
7011
7984
4786
2679
5273
2907
4488
3755
6630
1051
4505
3248
6732
2405
4640
8094
37
5473
680
1418
298
3993
7192
386
1746
835
8093
3230
54
47
749
2766
2635
5777
3218
1163
7755
5988
3249
1207
2611
3468
2253
257
5793
3067
1765
2253
3792
1934
4675
7229
4187
272
5751
3078
4836
8156
1934
4264
3010
979
6533
5833
2764
6823
6824
5273
1103
5012
2832
7085
4675
4451
964
5206
4659
6204
7013
2601
4571
5633
2258
5720
6926
1670
4525
3777
1881
386
2630
2832
6002
2405
3346
7332
211
6533
6708
746
3577
4192
6396
6220
1551
5233
3318
1357
7880
4659
5098
5662
49
6580
6447
6370
7086
2500
1350
6743
5816
3291
1430
978
7395
1483
1981
6824
3893
2855
5620
6276
749
3849
2408
3523
380
4823
6572
5545
7057
3421
7880
180
5233
1366
3671
6884
2507
6950
2372
5720
5343
820
7691
4729
1949
3123
7563
4784
4737
7665
7067
5945
7207
3684
639
6499
5952
3771
6752
4285
1266
6941
5672
1025
7171
5078
1165
7694
286
3448
6868
3291
6790
3762
5398
7851
7333
5766
2042
163
5374
3512
6798
1690
4308
1577
1411
3271
5503
5584
5821
854
7421
5276
2006
6065
3053
8140
6061
4995
7975
8087
2043
2610
7333
2308
4424
7874
3162
471
3830
3650
5495
5921
1554
2413
1217
2166
6722
7567
1357
3777
4041
8183
6537
3669
7171
5604
505
6477
3737
7407
4466
3760
7469
6349
886
7661
3358
3291
5730
5975
1742
384
5115
7745
4453
3740
520
3858
496
5433
584
4524
7787
2888
6744
3452
6948
3664
421
3761
689
4528
6092
7593
3490
5057
3862
7207
1414
5477
7332
1300
3388
4914
8188
2773
7593
2672
1488
5408
5233
7378
6098
227
4580
7319
4027
2823
6301
4899
1947
4045
6143
500
7391
1237
6810
4329
35
4525
4349
939
3240
3730
5706
4712
2465
5653
1670
6035
7455
1494
6970
6065
1204
7567
3029
6941
6630
8177
4481
53
6572
1366
6164
8083
83
1822
1024
1395
999
2500
7585
5547
5530
1160
7333
7661
466
3407
4290
1453
9
3460
7071
3350
2949
4675
3664
1073
5637
598
5161
4038
5426
7195
5608
2157
6294
1020
1660
3664
6731
5863
914
177
2090
3045
6712
2878
1978
2418
2597
1114
7561
900
872
656
2194
6640
8089
98
5140
21
4955
7752
7171
4177
1464
6308
3265
5863
6636
8093
6785
3278
4651
6546
4740
2454
6598
7586
4933
6735
6650
4793
2782
7795
903
2556
2715
2019
5584
574
5584
3946
3475
5584
4662
4523
3402
3993
3230
7416
6733
7666
7585
5706
5756
2206
7274
5745
5752
614
3278
5012
3092
7311
8133
7941
5659
4524
4866
656
2395
6728
2112
1031
5931
1139
5282
6732
7201
2209
4065
886
7661
3660
4920
1672
7333
6785
7666
5986
7658
3338
8116
2099
2103
1201
1331
2914
5496
1145
5433
7461
1982
6941
4114
5188
4044
5962
7643
1662
2863
3229
240
6411
2533
466
215
6370
4034
4021
1881
626
2793
4397
5440
4921
649
4152
5902
720
5334
5801
7241
4543
174
7061
4295
2707
180
3976
6527
4662
679
7398
5092
7191
3004
4236
5463
4036
7018
2570
5631
1180
1881
8093
886
5819
2481
7706
1338
371
3588
4517
2487
966
3051
383
6124
5035
7567
872
6547
1327
1117
7911
6450
7757
132
7122
6257
5863
4397
5444
3695
2030
2206
1770
3351
3548
51
6176
2004
2206
3594
3812
1173
8159
4374
7518
4339
6895
3277
2751
3300
89
6615
4885
7590
3202
7432
2630
8156
1560
2583
2156
1801
6562
3922
2530
6265
3631
5625
4817
7274
1711
6094
7675
7691
335
1434
5975
36
7923
3943
3345
4496
6002
1103
4049
6241
4842
7564
6047
2530
4965
2157
4658
7718
1376
1020
1796
7666
7028
7258
591
7137
4049
1458
2360
8190
3244
3849
4623
2235
3490
3528
5231
4038
2793
7296
1876
7547
458
5139
2933
127
2539
298
5127
5816
626
5808
1193
1237
5322
2219
7051
315
4418
6222
8139
1472
7924
1027
8036
5977
4694
1719
1248
4965
5463
5677
5135
626
7292
2273
1435
4877
4241
1876
5370
6829
2454
8093
101
1590
4053
4372
7961
5246
6846
8011
5625
4536
303
3664
3449
1923
7981
338
7577
7327
3338
651
2553
7666
3830
7018
4965
2157
1237
1702
1785
3403
1511
2539
5923
7057
4851
5332
7778
7440
3826
5813
6089
7699
1470
5117
6631
3136
1497
2973
5704
5569
7938
4965
7353
3830
6323
3230
3278
245
427
7666
2793
2793
142
3688
7702
930
2491
135
2448
4482
3483
3543
6757
4194
4537
1347
5344
2911
37
7639
2565
3743
280
5452
4933
7483
2525
7217
6850
5109
2630
4035
1403
3278
8089
3854
7227
7900
