0
0
0
14
0
8
0
2
9
0
0
1
0
0
0
0
0
0
0
0
0
8
1
0
0
0
1
4
0
0
1
0
0
0
0
0
0
0
0
0
0
0
0
0
0
0
0
0
0
0
0
0
0
3
4
0
0
0
0
0
0
1
0
0
0
0
0
1
0
0
0
0
0
0
1
0
1
1
1
0
0
0
0
0
1
0
0
0
0
0
0
0
0
0
0
1
6
0
0
0
0
0
0
0
23
1
0
7
7
4
0
0
0
0
0
3
6
0
1
0
1
1
6
1
0
0
0
0
1
0
1
3
0
0
1
0
0
1
1
0
0
0
0
0
2
1
0
0
1
0
1
2
0
0
0
0
0
0
0
1
3
2
1
0
0
0
0
0
0
0
0
0
0
0
0
0
0
1
0
0
1
0
0
0
0
0
0
0
0
5
0
9
0
1
0
0
0
0
0
0
0
0
0
0
11
3
9
0
2
1
28
3
8
4
0
1
0
21
0
0
2
10
0
0
0
7
1
0
0
1
0
3
0
0
0
0
0
0
0
0
0
0
0
0
0
0
0
0
0
0
0
0
0
10
0
0
5347
6720
425
3959
6417
852
5380
8092
2512
5009
1505
2673
2464
3304
2020
5240
7704
3343
7033
102
1671
6137
3639
2105
5927
24
515
1029
1971
2910
725
6953
7901
899
5456
7871
6553
7484
797
744
4070
7503
7791
286
1682
7448
6400
5407
718
6352
6159
5403
4255
2226
6444
6604
2521
6310
5844
1645
6932
6740
98
4899
4594
211
3115
4291
3291
1760
3311
4172
5862
1699
87
7435
857
6443
7430
6670
7658
3776
3125
2792
7827
3628
1584
7622
3319
4172
3962
343
3058
7506
4759
1164
783
3389
450
4007
3994
2159
1138
2272
1900
1646
3789
97
4160
1730
5556
4868
427
3369
6010
5366
7476
6436
2098
391
1907
5020
7886
3280
4217
1196
7620
7618
421
7901
1550
5699
3099
3113
226
5804
226
2595
7503
7590
6172
7743
6443
7346
3183
6123
5949
5471
6399
2943
956
7743
4790
5778
97
3265
6818
6886
1345
39
1862
429
7428
5583
2648
5413
8043
5113
1760
7107
43
1254
6790
4658
6557
67
3214
2809
473
6485
51
5170
4679
523
3985
5989
3574
8021
5633
4833
7902
2903
584
3153
3153
2076
6520
3196
140
5896
6041
5086
7129
3791
6790
7396
4105
195
7085
4166
415
3397
7743
6123
562
3030
1623
2098
7829
4153
4209
6311
1401
2685
6152
5385
3120
744
7823
3477
5500
6668
6041
6354
367
5612
5286
1779
4889
1865
6102
1925
7072
513
7467
5240
3221
7748
1306
5634
1858
8073
6137
7754
5485
226
1440
390
411
421
255
3504
4053
998
46
3736
5520
1858
6661
6476
2037
503
3605
5868
4038
7411
5471
51
623
7750
530
451
6443
6010
1534
5335
7299
7393
3717
7681
3383
8176
6451
2458
1850
7717
974
7549
5366
1451
3698
7907
505
7248
1940
7294
4835
4962
6159
8147
79
436
7078
2185
4286
6631
6613
4542
3461
3183
51
5569
929
1783
909
281
3202
3113
2579
4831
2098
8147
1552
2584
3415
5662
2115
37
5112
1439
789
1119
7857
7175
965
195
5407
3140
5457
8001
909
5077
2295
523
1681
449
2397
5967
8067
1911
4333
2124
61
4116
744
4091
1989
3171
7768
5507
447
216
6750
3656
2304
2935
6701
5565
6631
8127
2139
5843
1840
4273
2165
2098
8084
6123
6107
5786
6399
67
4891
2655
5673
3729
5764
4173
2226
1989
4856
3993
4515
2135
4333
5409
5479
2574
6833
2717
2632
7197
51
3865
7534
358
1976
1338
3567
7035
3437
4988
6557
762
6557
7683
1730
2109
6828
4986
8152
6248
5344
7271
2402
1860
2529
1284
4696
7742
2192
310
4580
3290
2631
4648
2198
2021
6451
6631
1086
1366
8178
1696
2482
6010
7903
2094
1477
5379
7117
6383
3680
2710
3183
4436
6436
3251
5071
6750
6661
4696
1652
1856
6306
1338
6998
1718
404
3567
2894
4223
5429
5691
6765
2658
7539
3272
4891
6099
7864
222
993
3865
1730
5552
5353
8078
609
1719
2584
3526
2762
5223
2485
3612
4855
3403
4679
4803
3985
2893
5412
7959
5657
7066
7675
155
7644
5208
941
7131
5462
6186
4323
3657
7038
5937
6795
4374
1836
2511
1892
5145
6320
976
5572
2330
353
6757
6378
4863
5011
2134
1836
5800
6205
2144
5132
5861
2982
2856
2175
8057
5631
4904
1606
1104
4221
6411
2838
5558
531
5430
8023
3492
8060
1744
7158
302
129
8099
5407
219
1749
5193
615
7008
359
5992
2037
1544
7814
245
6547
7000
2760
4789
3790
3875
7975
3832
7012
7374
6569
957
2137
1485
6419
2303
4333
5572
1719
7702
5512
790
2298
8048
5896
2212
984
6941
6792
1392
6534
6973
5945
4058
89
698
6761
2686
1319
6320
3842
3937
6694
4439
3303
3083
679
319
17
3886
357
4515
6897
8043
7125
807
170
2894
4794
4155
3208
5847
3901
4509
6357
5018
7521
2572
809
2504
6320
7604
2706
1644
6519
4444
2199
5366
7079
815
406
6010
2960
4039
140
5613
1025
2766
559
6299
3317
7799
68
7257
5940
7905
5614
5291
3131
755
178
889
2208
2889
4658
17
674
6370
1288
5906
2972
4005
2747
7519
1522
4815
3812
1862
4181
3271
6541
3169
1477
1887
3030
6914
5634
7095
6305
3770
4976
7955
5896
8044
3881
8122
3629
1224
3616
942
686
5182
3308
2226
7442
7200
5528
6953
6121
134
6342
7178
6631
5251
4983
6305
1860
2020
2770
135
2213
8076
7800
1850
2907
2427
1894
4929
5478
2957
6489
4905
7323
5972
1788
3113
2575
8023
4517
409
3962
1556
4941
1698
5011
379
4624
3998
4916
7679
1830
568
3389
2639
7493
575
6233
3030
7743
4912
7818
6501
534
5389
7556
5599
1292
5457
4058
5151
4706
3491
6205
7078
1683
3495
3508
733
2175
7872
7180
8046
3747
3790
5290
3020
2219
6389
6930
3030
5366
7978
122
3851
835
1515
2643
4092
2529
8076
6557
7429
1324
6111
5449
7079
6898
3657
3680
825
390
6041
1680
783
4361
4759
5731
3349
460
4323
7875
1695
7697
5366
7476
4077
5482
116
2529
4946
6463
2135
3588
1508
3778
7526
909
5739
673
5326
5998
1103
559
1550
5801
3490
5403
1048
1319
6996
1585
3897
332
2405
4611
7818
5842
5642
6645
4979
7297
5591
6361
1922
7098
3660
7743
6010
7175
1994
2442
5430
1534
288
2796
5778
2796
3158
8151
3682
1607
4707
7527
7441
3253
744
2908
4827
3160
7456
2804
281
7836
5993
91
2050
1377
7095
5366
5366
6010
6991
3386
4933
1473
7882
5997
6791
3740
2557
3299
254
852
5364
1572
1131
7679
5382
5379
5155
2064
7415
5065
7064
5818
978
1606
545
6400
6399
5634
1477
8057
6443
4492
7138
2271
2219
531
4634
7976
2308
825
960
6053
6868
4017
3158
7029
4998
4132
94
3581
8186
7856
3239
1687
4229
6775
2263
6334
8152
6792
159
406
7526
625
7185
3120
1620
2629
6668
5066
4707
5185
5833
2285
7806
3120
8048
1319
6899
7875
381
5555
3095
7680
2427
1858
5785
7384
4356
145
482
5400
3628
7219
3473
29
6027
