0
0
0
9
0
11
0
2
8
0
0
2
0
2
0
0
1
0
0
1
0
0
3
0
0
0
1
3
0
0
2
0
0
0
0
0
0
0
0
0
0
0
0
0
0
0
0
0
0
0
0
0
0
1
0
0
0
1
0
0
0
0
0
0
1
0
1
3
0
0
0
0
0
1
1
0
0
1
0
0
0
1
0
0
0
0
0
0
0
0
0
0
0
0
0
1
4
0
0
0
0
0
0
0
25
0
0
8
6
5
0
0
0
0
0
3
3
0
1
1
1
1
6
1
0
1
0
5
1
0
0
3
1
1
5
0
0
0
0
1
0
0
0
0
6
0
0
0
0
0
1
0
0
0
0
3
0
0
0
0
2
0
0
1
1
1
0
0
0
1
0
0
1
0
0
1
0
1
2
0
1
0
0
0
1
0
0
0
0
6
0
8
0
0
0
0
0
0
0
0
0
0
0
0
11
5
8
4
3
1
27
1
1
8
2
1
2
18
1
0
0
10
0
0
0
3
0
0
0
1
0
5
0
0
0
0
0
0
0
0
0
0
0
0
0
0
0
0
0
0
0
0
0
10
0
0
3541
5220
4237
5982
3477
5220
7180
4225
4609
5220
6060
4348
2062
1836
4479
1304
2465
3071
592
2325
2325
2325
4867
2325
592
2896
202
5279
4233
4835
1988
5682
4763
4763
3651
1836
2062
1836
5517
7827
662
7070
1319
7980
5038
4225
16
32
260
6258
2896
2325
2325
4647
6258
4867
2896
2896
2851
1237
2630
7059
227
1971
8167
7435
4479
5112
5038
2995
432
7405
2062
5457
7980
928
5731
5948
4763
7700
2892
2835
6245
4867
2896
4670
914
4949
7269
425
3095
3153
1613
4079
1094
2421
4867
7167
6778
7700
4763
1043
2854
5244
4578
4255
7551
2938
1270
7980
4763
4255
5224
4926
7806
4146
4051
1242
7143
886
3153
4525
2922
423
7493
7613
5398
4482
2896
4670
538
765
5668
6218
6059
480
3651
5517
2118
5485
3541
2017
5112
6698
291
7766
1029
5143
4746
7619
978
4079
3166
1356
373
6465
1929
2773
7160
4291
6258
6258
3071
2325
5343
4160
448
4763
6059
3651
943
4415
16
1852
5532
7412
5910
4868
3086
7180
1836
3058
4251
5485
4426
6121
227
6553
202
6258
7451
6135
6258
2343
7788
7494
7753
4670
538
7675
1345
832
1062
2062
1164
3072
1326
3048
4890
3940
1451
7827
6060
3747
2854
2062
7070
4759
3124
2631
4867
2896
2851
1514
6258
6258
211
2260
1200
2560
6258
6245
538
1631
2552
4027
4140
5017
5740
6048
4947
4983
5910
1326
3661
4348
3058
4348
832
6218
4492
3741
6258
4522
4670
3959
276
2896
6258
3071
960
202
592
6258
3071
4670
6082
1584
6930
5256
41
856
4464
498
1099
3866
8018
4237
1836
3571
978
3240
6258
3071
2896
4522
4522
6258
7413
4670
6635
2513
2896
2325
2325
6258
4867
3260
4644
2003
5366
4868
3219
5291
1145
1710
152
5256
6723
5873
5807
5512
1968
2834
6784
6553
3389
4867
4522
2325
1598
3225
8167
5790
7190
2896
7940
2773
1023
7143
1638
313
1283
1708
5967
51
1482
5144
357
1722
856
5005
732
956
3563
6443
1968
6229
914
6245
7940
7940
5840
5385
6327
6000
6258
4670
3439
6583
6889
2741
152
1922
1922
2735
692
5291
4464
1555
41
2847
3131
68
4450
1258
5011
3125
7743
2213
1825
2465
592
6258
1948
795
1346
1562
3947
7468
996
6829
3995
47
1695
4624
2003
6930
3940
5908
5460
5683
7713
1619
2448
7478
1566
4350
2015
2119
3715
5522
3808
3240
2896
6635
7063
5928
39
5391
7509
5364
2832
4238
2325
6565
4373
3516
5011
2295
6433
5373
6174
5261
7919
5732
6685
381
2939
6587
1062
6796
4575
2325
3071
6481
8025
3851
7279
5804
5364
2118
1689
1716
4475
4670
592
3893
5011
3410
7604
2233
81
789
1239
2168
1451
3940
8122
6087
4789
3260
4867
3071
2896
4089
2343
3326
3557
6598
3492
2194
7299
5385
4628
4824
4214
2896
592
2483
3718
5967
3282
5986
2007
4777
1821
7448
7760
127
6638
7375
6704
6258
4089
1579
2343
5066
7
3272
1045
2584
1787
1414
1441
14
2896
592
3542
1769
7472
4803
1753
7113
1747
1858
6723
2642
14
6801
549
5458
6709
3441
1164
7665
7484
7424
1978
4935
1442
1133
7800
4515
2896
4670
4818
5701
592
5385
51
5052
2291
1687
1693
2994
8013
5894
7446
438
4152
6400
2643
6816
2448
2960
2632
1584
288
6195
5104
7015
3612
1208
3895
7702
6258
2896
6635
6510
1542
1528
1922
1718
5908
3940
5358
3136
4676
602
624
415
3139
7855
1148
2171
2785
6233
4891
1687
8168
2404
5317
458
6245
219
6129
466
2896
348
3585
5471
5407
4212
856
2847
313
2083
5740
7430
1004
3350
5384
6520
392
1110
5930
7278
271
7903
1687
7146
7981
4983
4624
3807
1513
1595
5326
3625
4867
5079
1616
1332
3563
5910
4460
3985
2324
6998
1687
1922
2688
525
1949
6195
392
7461
2483
2062
3105
5262
2291
2083
2382
5910
646
6835
7106
4111
1150
2167
6481
7502
3940
605
3948
1377
5799
3187
6601
3778
1115
2643
5967
4145
1281
5750
7533
2610
973
391
6754
4827
7981
6336
2482
3479
4767
1922
4217
4841
155
4918
4609
1326
3104
1477
856
4280
4891
6918
2397
5565
27
2446
7357
143
5746
3240
1238
2947
4696
426
1898
5967
6638
2803
4398
7981
7981
1208
3717
5833
3260
4146
1218
1687
5256
5908
2643
3125
3403
5937
1292
3228
5908
2083
7429
27
2637
11
5309
3693
8157
1378
7899
6965
956
3508
7346
5256
692
2946
1377
5097
6137
845
1145
1477
3109
7213
2712
3403
3659
5908
8183
6930
2847
4730
68
4655
706
7405
7164
7919
3868
8183
5910
7675
5231
498
7261
4418
6930
4946
5366
956
1049
6876
956
5323
357
4734
171
3426
3940
5080
3048
2399
7430
1687
152
2291
7308
411
2353
3688
6723
3048
2847
605
7430
3228
7399
2846
7988
5622
6007
5366
1911
6481
5366
5667
5323
265
2990
4180
5740
1894
5407
6723
4868
2291
3214
3602
7815
6189
27
6631
5569
3881
5740
3563
1710
222
3826
7974
2139
4960
1338
5569
3987
7673
2187
3048
7899
5407
41
5910
3866
6757
2098
6960
2678
6041
5798
3389
2377
6162
3776
7903
404
4248
6443
1283
5256
171
605
3508
3104
4248
4613
5284
6015
4777
5683
4180
41
8076
7542
7507
7573
7872
3004
1067
3454
389
4892
1824
5436
6233
8026
6716
5535
2198
1644
4890
6745
4248
3114
5908
7430
3940
2291
5946
2353
7704
6809
5284
6141
5301
3036
7155
4214
592
212
6869
1042
4670
3120
7980
211
5214
4578
5430
449
4803
6192
1323
610
1530
1616
4946
4123
314
4715
3776
7346
3987
3694
393
4150
5521
3925
7230
2325
6258
3071
1395
411
7986
1750
6327
3651
7070
3541
1836
3561
2938
6384
2285
1565
5099
3032
6705
5944
1186
3214
1352
4019
2303
7143
3706
7462
1524
1717
2922
5024
5153
3454
6587
1769
2002
7882
2062
4484
2061
4146
5779
14
1607
5619
2896
592
2896
7986
1565
4326
5324
4867
7405
1787
5436
