0
0
0
14
3
7
0
1
7
0
0
0
0
1
0
0
0
0
0
0
0
4
4
1
0
0
0
0
0
0
1
0
0
0
0
0
0
0
0
0
0
0
0
0
0
0
0
0
0
0
0
0
0
2
3
0
0
1
0
0
0
0
0
0
0
0
0
0
0
0
1
0
0
0
0
0
0
1
0
2
0
0
0
0
0
0
0
0
0
0
0
3
0
0
0
0
5
0
0
0
0
0
0
0
23
1
0
7
6
7
0
0
0
0
0
5
1
0
1
1
0
1
3
1
0
1
0
3
1
1
0
5
1
1
3
0
0
0
1
0
0
0
0
0
0
0
1
0
1
0
0
1
0
0
0
1
0
0
0
1
5
0
2
0
1
0
0
0
0
0
0
0
0
0
1
0
0
1
1
0
0
0
0
0
0
0
0
0
0
0
0
8
0
0
0
0
0
0
0
0
0
0
0
0
10
11
8
1
2
3
23
6
3
1
3
2
1
18
0
0
0
11
0
0
0
4
0
0
0
1
0
0
0
0
0
0
0
0
0
0
0
0
0
0
0
0
0
0
0
0
0
0
0
10
0
0
4863
4904
7015
6738
5889
7375
7800
6686
3698
7429
1719
5155
2318
4554
7346
5353
3272
1242
7556
7367
5889
3998
3698
7907
7158
6485
4863
1659
932
6827
4796
797
4599
922
3317
1719
3283
7412
7650
2584
7650
3770
447
5572
590
1429
7697
7095
1926
338
7158
4323
49
5042
7981
3985
8100
4680
1429
7431
1124
249
6677
5292
1069
2187
3317
2529
1208
4317
6400
6433
7429
2187
4863
1567
600
1384
4680
5182
7683
6315
2529
2007
3507
8137
1688
7748
4515
4880
3572
5288
6352
4369
5172
3835
5972
122
3308
2502
5182
2402
4873
461
1744
4907
3612
2643
3503
6632
2943
4904
5634
674
2708
5772
6041
6831
4834
4446
4283
4315
6708
326
7429
3308
6631
2232
3052
4446
2511
4253
2978
1744
3457
900
514
4450
962
1477
2318
6651
94
3272
4904
5706
1619
2986
6053
4020
2867
427
1226
3710
2448
5353
5740
4253
357
2615
4239
1744
6170
1606
6170
3783
7886
3358
2482
810
4253
7644
3012
3657
4946
2847
152
3282
6760
4841
5496
5683
2550
5286
3287
5432
2098
7317
1788
7981
7158
751
2059
2115
7908
7475
84
7911
7823
1155
7073
6348
3369
1205
1876
572
2550
2670
1294
7465
7167
6687
1332
5617
6809
6485
6692
326
1332
6080
4678
6485
8057
4993
4509
5767
6458
3280
1878
5402
4651
2397
1347
6433
3082
3857
7479
3102
4891
3508
2990
5182
3372
5274
1360
4515
6705
6519
6010
674
5756
4253
7777
972
3082
3916
829
5604
5890
5434
2579
8137
7429
3567
7174
1681
338
2941
937
5082
7431
5088
1728
1477
2511
3067
6552
353
552
674
8011
6123
4384
8009
94
972
2584
353
5246
2541
7445
4628
2600
751
7060
1892
7907
1730
2614
129
5042
7060
6242
5157
970
6971
6738
1219
2986
404
5614
6429
3249
4718
7704
6745
5497
2534
2847
7903
2978
6750
7522
1560
1184
1659
7556
3895
2943
1968
3733
2941
6631
4680
3136
6383
1279
7015
7217
837
2402
6348
751
718
3317
6304
6429
7317
222
7875
3366
2291
1606
2324
6010
7388
5010
1681
1950
5889
2519
5944
7907
6371
3916
3930
3985
1403
3538
5507
7391
7097
7072
6738
1569
718
2534
4333
674
5291
1608
4253
4446
7460
5497
3169
6225
168
7127
4658
3950
2187
3012
5569
2232
6170
4680
1569
5889
3698
7720
2411
2031
7857
5366
2139
7072
5314
2446
3770
3081
7905
1469
1360
7857
7556
562
7683
4333
3567
6580
3861
2837
94
5967
3012
2586
5882
4739
7800
3272
2135
1801
896
7763
3169
6485
1681
5182
2211
6743
5427
7388
1229
7628
6557
326
2889
6738
1788
2792
6787
5535
5033
5029
3629
4165
7616
6641
195
6142
1295
6283
5843
1567
6631
5404
5465
3567
4599
8057
7367
7212
590
7467
6485
5184
6048
1336
4502
2187
7476
2291
7932
1602
5404
6638
225
5631
3960
2872
6388
2041
2477
2872
3251
1284
6557
7420
3266
2925
74
5182
3770
1301
5150
4106
6616
1377
6762
3629
1107
3698
7046
2615
2534
4205
6557
1283
2889
2631
6097
451
4653
7379
6792
5491
7316
467
7907
7430
2402
6709
6181
2631
3985
4104
353
2024
3446
5071
1528
5303
1284
4993
3146
7271
7429
7981
1831
551
4873
4907
7167
7158
5811
3502
2872
3791
6010
4680
7907
2847
6272
4343
1151
1004
5064
5972
168
2541
1282
2573
222
5138
117
3082
1986
2331
1719
8044
5624
1894
2584
5075
6150
2992
8086
3432
7538
3317
3308
8099
4890
7430
7317
7301
806
5366
1158
6738
6593
4755
2284
6429
5299
4221
3819
4509
516
7981
942
302
4333
7720
1555
4547
7240
3390
2553
2534
2529
3122
1429
1224
3966
751
6532
1377
505
5407
610
7098
5010
7916
1686
121
4333
1681
1477
6705
1644
551
6433
1799
122
5042
6399
7523
4256
2497
4502
4655
3985
176
6002
7492
6748
4680
2847
8054
7374
7263
6010
6010
7165
3993
2643
488
6315
4253
4384
2867
2615
5358
6048
1693
3081
1184
5018
4554
6335
7391
1858
4434
6048
7866
1926
7213
6318
605
5848
476
357
4401
7374
1898
7702
6266
7146
5254
6370
2260
2502
514
4907
4891
4132
2135
5972
357
6348
803
5902
533
6705
1100
4038
338
2368
4993
8113
3125
5146
3978
505
6010
2600
3030
6692
483
5314
1576
6393
2999
1620
7332
6705
2941
3971
1687
2534
6348
7396
6266
591
5182
7388
2569
3861
1347
8147
1502
4663
7787
3030
3183
6709
3403
222
2847
4752
1326
1856
96
772
297
4291
5893
5843
5456
7981
5407
1846
2941
168
8160
3901
7973
858
7049
2772
326
1834
3776
4333
100
449
94
2122
222
1431
6957
6485
6638
3282
1155
3121
4361
7995
1242
2198
5535
5404
1390
3940
3308
353
5208
6632
3612
6799
5909
4992
5667
6957
6692
7271
789
6816
2508
3678
2198
4205
4333
357
5409
168
1224
5833
2922
4319
5987
5843
6048
549
4460
789
5585
2941
5631
5322
6649
591
3165
2295
2893
41
4205
7158
7430
789
7317
5937
5373
1681
171
5462
8037
7875
1709
4312
2411
6271
277
5458
6686
5085
7787
6399
3030
5786
2986
4106
6447
7942
5088
7476
5409
565
7334
1846
3251
3978
6715
3397
4401
1477
7046
6692
6692
1687
6181
6395
7871
5470
7031
390
3136
1599
1697
5599
7683
4983
538
4594
5470
1744
4679
7562
5940
500
5385
2929
3684
1976
6499
6318
6809
4130
2291
1727
3135
2094
7521
7866
4841
6227
6104
96
4892
3326
3848
5242
7062
3940
5188
4502
225
5366
3508
6705
3581
7570
2080
1566
5380
3132
6922
3092
5043
6829
2030
6068
3730
2642
7151
1715
5201
7721
5791
2916
2796
2411
1767
5757
2856
505
1687
1602
3082
4132
4165
3559
3326
2285
7408
3835
1105
2422
5288
4950
2671
650
7243
2478
2339
1554
4290
7573
1521
428
3515
524
3379
1342
999
2219
7956
5843
7875
4554
1377
3136
2059
2860
6659
1997
7995
5272
3266
1282
4835
7670
1155
3835
7256
6082
4851
5095
3162
7029
6139
2219
