0
0
0
11
0
9
0
1
8
1
0
2
0
2
0
0
0
1
0
2
0
5
4
1
0
0
1
0
0
0
0
0
0
0
0
0
0
0
0
0
0
0
0
0
0
0
0
0
0
0
0
0
0
1
2
0
0
1
0
0
0
0
0
0
1
0
0
2
0
0
0
0
0
2
2
0
1
1
0
0
0
0
0
0
0
1
0
0
0
0
0
0
0
0
0
0
9
0
0
0
0
0
0
0
15
0
0
7
5
3
0
0
0
0
0
4
6
0
2
1
0
2
4
0
0
3
0
3
2
0
0
3
1
0
5
0
0
0
0
1
0
0
0
0
0
0
0
0
0
0
0
0
0
0
0
1
0
0
0
0
3
1
0
1
1
0
0
0
0
0
0
0
0
1
0
0
0
0
0
0
0
0
0
0
0
0
0
0
0
6
0
8
0
0
0
0
0
0
0
0
0
0
0
0
8
5
8
1
1
1
26
3
2
5
2
2
0
19
0
1
1
10
0
0
0
5
0
0
0
1
0
3
0
0
0
0
0
0
0
0
0
0
0
0
0
0
0
0
0
0
0
0
0
10
0
0
6135
7798
3991
4753
8021
1024
7590
6020
5788
6438
1217
5456
4329
2628
5973
1276
568
3577
4812
7490
7887
2008
7941
1820
2812
503
5399
6120
861
4194
6600
2877
1319
3188
2773
588
6088
3777
3577
2766
6164
8021
4703
3324
7722
5938
299
2256
2500
7591
1464
5805
1150
6648
4187
4714
5974
5435
6153
6573
2883
4592
495
473
5364
2916
1587
2013
4262
5756
4835
109
5403
7920
861
4957
1356
4521
915
126
290
4962
7674
3356
7573
7619
5334
7601
7027
2250
1632
19
5117
2997
6254
1008
5285
3534
5261
8069
6437
619
727
5275
5126
3044
3149
2166
6312
7798
852
3263
3879
7949
3125
7073
4058
6540
2359
547
7770
4434
251
4064
424
7849
6222
1629
4335
1403
4825
8164
2305
277
619
1751
5933
3566
1217
4291
1177
2290
1535
5398
7375
3866
4752
2094
809
5770
7528
7951
6815
7949
984
1194
6647
165
8094
3083
5730
1675
4580
25
2167
518
1017
5716
3715
1767
1103
1029
6875
7769
209
6656
5379
6010
2770
1528
5910
6352
3397
4071
2883
293
1525
5709
2102
1487
3292
6278
6307
6187
2464
1534
7496
338
1753
1014
42
2357
123
3806
5419
5273
3320
5323
4983
2098
7903
6399
6443
8099
3446
4176
2113
7721
7112
2943
5589
1178
4764
8088
6521
1010
3843
6281
288
5248
4291
5338
5088
598
3956
7487
7613
7692
5967
4676
107
67
399
733
7743
516
1730
6982
3013
2473
5539
1871
5089
1298
6846
4427
7520
4106
2904
4213
3851
1786
7279
258
6422
1887
2291
6006
5591
1354
3657
171
3752
7248
7196
7248
216
1922
5556
6443
5974
4071
7541
6878
3605
112
5680
6617
7252
4034
6421
1094
4726
3186
2003
3063
2984
41
7181
2098
1229
2007
690
3311
4299
7001
47
4249
5698
755
4437
6010
293
2282
293
1632
1503
1725
3983
8080
981
5515
725
1327
3153
6114
7257
3251
1069
3910
7263
6045
1451
6494
7388
404
3951
2451
7210
5818
1724
6534
8099
3776
5864
293
3745
6875
936
860
6533
4785
8066
3433
7401
5893
1534
6337
6352
3776
4029
5409
4398
6705
4408
1727
6109
3797
1810
1897
4801
6909
2021
610
3159
6478
3605
3745
1066
2917
2196
7645
5319
4988
2613
7545
3660
4729
4359
2740
3881
755
7931
5155
2785
1115
5479
5971
885
4593
3997
2402
5471
5827
6463
2661
4150
2701
6586
6875
7410
633
3572
5180
1479
6243
5064
7584
2358
7205
7767
1704
4855
6485
377
2370
5578
1744
7396
6816
1005
1284
4812
3862
8171
5572
7764
2444
7366
231
1322
7935
4488
3533
3439
7398
2803
2836
7463
1567
2868
1514
4011
391
2943
1283
2197
7916
2430
7317
1608
4253
6672
4323
3457
7974
2500
4975
3221
189
6236
6564
7881
2283
6188
7966
1248
5063
2453
4277
1805
2747
1744
50
403
447
4369
5972
6816
1872
3910
2787
447
7800
7748
3638
6687
7861
970
7429
4697
1484
5655
7409
3347
5051
266
3416
702
5551
7485
4798
6352
2611
4329
5909
2224
1899
2330
7799
8137
8137
2679
844
229
6862
3351
3612
7387
5458
942
6214
520
2785
4132
1704
2098
2707
404
2728
7216
2848
3007
2925
4565
426
2825
3305
1872
51
5328
216
3134
7028
2526
5786
3886
7411
4747
3698
7818
1079
424
2883
5729
5829
4963
1992
2311
1687
7835
2114
2442
573
6827
3607
3719
7867
5075
7639
3835
4676
2098
6928
5944
5706
558
4998
5987
7158
6816
4780
2643
5644
5815
5655
712
7887
7297
142
313
6494
5366
1623
5496
234
3249
980
7483
5395
6243
1497
5035
7875
4696
1922
666
1104
1628
5168
2482
4680
545
4562
3657
2213
5052
5383
4697
4598
4349
406
3023
6930
1628
3238
1893
8117
4232
2832
591
1478
5089
5632
4499
2021
6399
1477
6816
6010
7903
1586
1205
4658
542
7668
4734
5208
4104
3248
6494
5090
858
1746
1004
7668
41
1628
1610
5100
5988
5819
4604
6235
3500
3500
6328
6399
4715
3178
5366
1460
8084
2671
3443
6189
6293
299
7161
7723
5267
5893
1728
2731
7514
6822
6922
1326
1728
7460
6406
1395
5857
715
785
2916
6036
689
3439
2197
8084
5496
513
7787
3433
4623
4251
3712
4377
7701
7736
6869
2753
7773
6442
4904
5317
443
4527
4946
4665
5844
2408
5247
4694
6353
2359
338
6950
2446
1343
5917
4980
216
4222
35
2884
3318
3379
6124
1427
4985
295
3007
255
5403
972
1941
3258
6767
381
8057
3689
1690
7192
7407
5163
1110
3408
320
3438
3265
959
5291
6673
2323
7052
2197
2475
47
3775
7639
939
3449
2713
4356
1595
3835
5614
2482
5078
7430
4132
3176
5194
6329
7437
7337
1890
5805
5444
2228
4390
2905
706
3897
2100
6299
2109
5538
4673
2015
3055
1724
2225
1965
852
7085
2997
3528
7713
5624
708
1687
3272
7333
552
7614
4618
4339
1709
6820
418
951
7690
2361
2173
869
5519
4353
2123
4474
5290
574
390
8143
2629
7670
4766
4993
68
2820
121
6955
1250
4903
4399
4310
8174
3876
3923
112
1649
4613
4847
6430
1432
1553
7944
7567
321
5062
4615
2558
5385
4840
649
4007
1746
2024
600
225
3858
6884
649
5291
2602
402
7496
7156
3933
2675
5654
3298
4407
4751
754
3920
6784
7009
2890
1418
6387
157
7391
738
1775
4486
1
280
3950
3993
3950
2986
4224
575
4319
3861
5128
1725
3063
7692
1343
1577
3995
1649
1851
1786
5807
1300
3995
407
2919
5919
84
5801
5013
4356
7779
2133
1926
3320
7167
5115
600
5185
7874
575
5909
5590
6705
7691
4929
2213
4963
5914
5766
5175
3067
4103
814
2616
1946
4112
3463
1663
4943
681
1697
3002
5344
7231
5348
3388
7021
1110
5468
186
2548
90
3584
5465
757
6307
7366
6540
1451
6398
7510
3490
3647
7872
72
6648
8045
5387
2161
6896
2563
5346
7690
7823
4858
5263
5346
2188
689
5348
5440
833
8052
6526
3600
2285
6208
2762
6979
2638
4919
6044
5275
2497
6417
4561
