0
0
0
13
4
9
0
1
5
4
0
2
1
2
0
0
1
0
0
0
1
6
1
2
0
0
2
1
0
0
0
0
0
0
0
0
0
0
0
0
0
0
0
0
0
0
0
0
0
0
0
0
0
2
4
0
0
0
0
0
0
0
0
0
3
0
1
0
0
0
0
0
0
3
0
0
0
0
0
1
0
0
0
1
0
0
0
0
0
0
0
3
1
0
0
1
7
2
0
1
0
0
0
0
19
0
0
4
3
6
0
0
0
0
0
2
3
0
1
2
2
0
5
1
0
4
0
3
1
0
0
2
1
1
3
0
0
0
0
0
0
1
0
0
0
0
0
0
1
0
0
0
0
0
0
0
0
0
0
3
3
0
1
0
3
2
0
0
0
0
0
0
1
0
0
0
0
0
0
0
0
0
0
0
1
0
0
0
0
3
0
7
0
0
0
0
0
1
0
0
0
0
0
0
11
12
7
3
4
3
31
1
5
3
1
1
1
19
0
1
0
10
0
0
1
5
0
0
0
1
0
2
0
0
0
0
0
0
0
0
1
0
0
0
0
0
0
0
0
0
0
0
0
10
0
0
3260
4878
170
3959
1620
2271
1680
6737
215
5048
3572
1824
1824
421
1836
3541
1158
5614
4599
3698
4655
4435
5291
1069
4599
7158
4253
643
7670
6307
369
5412
4867
2678
2896
2896
1672
3004
1620
2736
4522
4146
6417
6135
1620
1836
6320
3747
5507
2760
4599
7158
4205
1898
5182
1681
7907
7907
4253
5706
3682
4492
7180
5661
1060
7986
6135
5530
1209
3240
3123
3454
3188
7673
5643
7673
3741
450
4237
6791
3959
2901
276
5071
3236
7614
447
5618
4253
2584
3594
7673
631
1836
744
4594
592
6635
4399
2678
4293
4293
3542
1803
3188
3188
8188
6384
1787
4594
2958
5579
5706
2760
3886
3544
2463
4346
7013
2184
2889
1565
5661
2958
2958
4950
932
5892
3916
3071
6635
2343
8025
4239
5579
631
5579
1774
1774
3625
4475
3542
3220
5456
3770
1788
934
4921
797
649
2465
799
1070
5892
631
7596
3188
3851
338
2586
4323
7806
6850
7718
3947
6481
5779
6796
1523
572
1182
4406
5077
6677
7246
5843
3308
122
643
414
7246
4522
6315
5291
6631
5191
6089
6818
3730
3886
3526
4442
4599
1831
6638
1403
6089
4867
3022
4683
6400
755
8082
7932
3730
5798
7246
1672
1242
3993
4594
631
592
2773
3886
122
1184
6123
3526
5071
5104
2947
5540
3528
3308
799
4333
6648
2131
6417
751
3776
6485
3225
8025
8025
3462
7530
2983
2915
5579
6677
568
1550
7673
4442
3066
7131
4205
4435
5174
276
1133
7905
6661
6519
5618
1693
2840
1406
1548
3770
6928
6631
2090
5245
6384
1774
4340
4895
8185
6637
64
5507
783
6320
5579
3207
5579
5079
4535
4993
6631
2889
4216
3148
799
7013
799
1693
1892
4844
6305
4946
6255
3438
5967
1525
825
7901
5643
2999
778
4213
8090
678
2487
2285
5874
5214
5661
3625
4442
2368
4535
2901
1579
4253
799
6818
4509
6746
1922
4205
1644
4993
5667
4165
1208
2331
2804
2581
1444
7645
7031
202
1954
2429
7035
3492
6386
631
2958
6588
2678
2533
4155
3886
3165
5599
7127
1565
934
4599
1284
1894
6532
3308
3998
2482
6322
7750
2128
2401
3626
789
7863
976
3698
7045
5817
2291
1757
5165
3207
1565
5071
4165
94
5944
5614
6816
3770
2760
6599
751
1681
7932
3331
4884
4010
5972
391
433
6668
7827
1939
4962
7158
216
3629
4599
3308
3985
450
3207
3207
1539
5614
122
3526
5456
4873
799
1788
2529
1606
5409
5353
1698
316
3698
4655
260
111
5884
8131
3465
2010
5040
2303
5808
6066
7003
5366
7476
1011
7522
2541
3290
3559
219
2059
6384
4214
799
5572
4949
4946
6305
2251
2796
7857
74
1719
6519
6242
4196
3729
6434
3880
1331
46
2464
1841
549
5230
222
1208
5358
680
4202
2629
1672
4670
6635
3438
5291
3308
6818
2947
7297
53
5288
67
447
585
2534
3390
7246
3770
562
2474
2336
7242
4715
1719
4599
6723
176
2198
680
3207
631
4475
348
7940
3225
5174
3308
3317
7246
4214
3770
985
610
302
7650
6692
6868
3625
2614
6631
4453
5687
3212
1280
1126
5354
1205
1831
757
3207
4202
4568
6791
4609
6135
5214
2958
4319
225
5720
348
2867
353
1377
961
4333
3140
6547
3625
4857
6673
6796
4319
4326
922
4696
4664
7158
1130
5182
6937
7246
6588
4735
211
5746
5778
5643
4892
3542
4146
1425
5798
5182
1026
437
238
1707
6738
6384
4194
3792
4809
5324
491
3985
1608
7857
751
6692
6282
5808
3207
2736
631
4809
3585
4202
1425
283
4855
1978
348
6417
5798
810
3001
8
1004
4696
6761
5465
5945
4018
5324
6921
4253
2485
2600
4884
900
3698
176
7223
5643
348
7223
7246
348
2325
2314
8084
1858
1523
5077
4202
631
704
7187
1206
6485
500
1776
2736
5619
4707
5614
404
2978
1273
4599
3272
2840
1284
2397
7373
2572
5019
3022
469
2106
2811
4893
7720
4680
1776
411
5019
5579
7405
868
1112
2840
699
7430
2139
1205
4949
6884
340
799
536
6186
5071
4547
1719
751
4205
4993
5251
7429
5967
3169
1957
3122
5291
7593
215
7940
2343
2343
959
7989
4253
6705
6289
1623
41
6692
6048
799
449
7907
1788
7159
5124
500
6225
5498
4248
7981
751
1608
2840
6297
3770
1922
4946
4594
1774
960
3494
4146
5143
5113
7650
8155
7408
1301
8057
3940
2738
3178
4884
4248
5546
1378
7954
6160
3770
5498
3940
3819
1442
2502
6266
5498
4165
7430
3283
8025
7419
2676
764
2896
411
6041
6000
2137
4950
111
5999
8009
2198
3140
4401
111
789
4891
976
4655
1678
4976
4333
2303
563
2482
3770
1377
1681
5535
3012
3454
3542
6590
7673
2896
3477
5921
1699
5485
3541
5220
4796
4578
5222
7317
216
1439
5667
5353
1718
2094
4317
4319
6568
7388
2889
6557
3998
4253
7720
2759
1613
4609
2061
6587
907
3454
2358
5276
7613
170
3541
5403
508
7679
4448
1565
4904
6930
7650
3698
4149
595
388
826
2837
1681
3136
1119
4165
41
1687
5
2513
6135
7451
3741
1209
3542
5024
5113
5185
421
4651
3443
973
8153
2600
219
4442
5850
5353
3268
1898
3966
6170
3770
2574
751
7127
751
4253
3466
7367
2459
1620
7665
2533
923
764
6384
4065
4950
649
3427
7430
3466
4515
4253
1688
1681
6325
4061
4248
7523
7857
2760
74
1644
1250
1788
5042
4599
5366
780
3077
5220
2958
960
755
643
6635
1664
2279
411
6677
4655
7429
799
4893
100
7905
799
4655
810
447
4862
1004
5967
1693
7981
3678
68
6816
5353
7271
1818
4237
6677
937
2291
3136
6481
6245
4670
170
4794
1607
6266
1184
7430
1644
238
8057
5409
6891
7159
7799
1693
447
2098
5042
7907
1788
7240
5071
718
7645
4892
3643
3985
3030
6744
2343
6796
1523
348
3501
8057
666
374
6746
4333
2448
6557
4333
1693
2003
3678
2184
4784
2760
500
7905
7907
500
2529
1708
6485
5291
789
1305
1831
6816
5181
7940
8025
2343
6384
