0
0
0
9
9
0
0
2
9
0
0
2
0
0
0
0
0
2
0
0
0
0
0
3
0
0
0
0
0
0
0
1
0
0
0
0
0
0
1
0
0
0
0
0
0
0
0
0
0
0
0
0
0
0
0
0
4
0
0
0
0
0
0
0
1
1
1
0
0
0
0
0
0
0
0
0
0
3
0
1
0
0
0
0
0
0
0
0
0
0
0
0
1
0
0
2
5
0
0
0
0
0
0
0
22
1
0
7
6
5
0
0
0
0
0
0
2
0
0
4
0
0
5
1
0
1
0
0
2
0
0
0
0
0
4
0
0
0
0
0
0
0
0
0
2
0
0
0
1
0
0
0
1
1
0
0
0
0
0
0
0
0
1
0
0
0
0
0
0
2
0
0
1
0
1
1
0
1
0
0
1
0
0
0
0
0
0
0
0
0
0
5
0
0
0
0
0
0
0
0
0
0
0
0
9
6
5
0
4
4
24
7
0
0
2
0
1
14
0
0
0
14
0
0
0
0
0
0
0
1
0
0
0
0
0
0
0
0
0
0
0
0
0
0
0
0
0
0
0
0
0
0
0
10
0
0
2464
2894
4017
1319
2894
973
3777
3411
328
137
4492
372
8103
255
1535
179
795
7134
3198
2063
3162
5112
1680
1988
575
2405
5423
8160
4582
145
3642
1620
5567
3911
1699
5761
6720
1234
6761
8092
1595
7415
5933
2802
7110
1988
670
7960
7078
4795
4418
3161
3790
5896
3167
2252
1241
6547
480
3461
7885
4796
639
744
5118
4542
5244
859
7292
7441
7916
7913
4906
4340
591
5332
5629
169
6569
892
3747
8137
7856
1048
7110
1699
3037
3804
2768
3386
5394
5457
4796
4632
2894
4609
1011
5430
4291
2679
4312
2261
3432
177
6025
5374
4361
7235
359
7975
7570
4609
4809
1864
2915
1699
7234
7347
8048
1944
6164
432
4668
7299
5514
6441
7256
744
5048
4017
109
169
5576
133
1062
702
4150
1164
684
4771
4366
369
1087
5673
2034
2436
3628
4413
5957
7269
6059
8023
4383
2676
1607
740
4103
2967
3740
5364
3587
5627
5403
6020
2024
36
3504
5715
6761
4448
4491
5277
6082
5077
4167
195
4357
7109
2557
6833
3066
7753
4668
3299
6660
1746
2777
3490
4065
7064
5397
3541
1164
5833
1830
4900
1010
3953
5430
1824
2803
6759
4017
6262
7059
2872
140
7351
2079
1865
1059
405
3950
480
4070
1118
7148
5185
7902
2629
123
4062
4609
7882
1830
1971
1699
5567
5168
1140
6284
3747
411
5909
5997
4856
6102
2205
893
6030
4889
1138
268
3622
4921
6437
6761
3851
6735
3305
2825
3587
731
1164
4255
4707
109
1137
3427
3159
272
3369
5081
5412
6082
2684
3448
4240
3113
7020
7694
5951
4161
4411
7309
1618
4201
7545
5594
5048
6437
872
3358
7613
5077
372
1415
7894
859
5785
2679
2679
7736
4079
8018
1155
1794
7689
642
955
6507
4337
7685
4864
7526
7608
7519
7001
4411
1356
3888
1836
7785
1748
4312
6262
1395
951
1450
3821
1680
7011
4070
6137
7851
2727
4142
3416
7745
33
3277
5862
5583
5528
6839
6792
2872
7752
5856
4299
4337
4743
4950
1713
3433
7613
4835
1740
7691
8103
3158
2679
3158
574
4759
7079
1464
2677
6493
6002
4699
3211
2581
6931
7939
1025
2849
7825
2219
1584
5584
6501
8131
519
2671
1285
3740
8158
4858
3358
797
6824
3077
5545
1048
7393
2603
5482
2136
5344
7421
4645
2272
589
7653
1817
5563
3491
4337
5290
1934
4285
6065
6114
3448
3967
6495
6833
2860
4525
4809
7784
3167
6761
5997
2907
4542
102
4273
4478
731
4743
6963
2144
3118
6460
140
3491
2961
5400
3170
6660
7303
8073
8107
4743
3708
1073
951
4049
7167
1031
2730
5489
5412
3475
109
6041
465
7829
4291
3823
3421
2308
396
5492
6301
4327
4182
5400
3800
1655
6217
807
7004
7752
493
1366
3349
2496
4291
3443
83
6836
280
5189
3082
7806
7779
4153
3790
254
1024
5290
1030
6990
6950
7171
5793
2159
5371
7079
1655
7979
3153
3118
2308
6339
102
6114
2717
5290
6041
2907
6307
4426
5928
450
3862
6978
5254
4096
6953
3077
2410
2459
649
470
7518
4580
510
5584
519
390
317
7001
1917
2042
4566
7912
7965
7643
7797
6973
4809
5507
2252
4851
1775
5013
4341
3572
5367
393
5118
4689
1733
5514
3686
1617
8007
4543
6276
3859
2042
4110
2507
4619
3401
747
5366
3191
4866
898
6139
6082
5514
3600
1057
1971
169
4426
7901
631
1228
6217
5107
1733
951
3642
7093
7482
3284
1764
2179
6493
3996
3973
5282
4396
1401
272
8190
3257
4633
2872
7582
5896
320
7570
5514
5149
978
4851
3712
825
1852
1164
4796
3740
2558
7997
6720
796
5185
3740
1829
7234
4262
4935
1834
4399
1296
5924
6752
6414
37
899
7613
4851
5886
3589
899
5427
2429
4729
1217
7234
4027
783
5403
1544
2558
7997
1965
5672
3017
3504
2280
2594
6810
123
994
440
3120
7600
4199
4274
6000
4881
7415
8106
1414
1699
3167
4372
7582
7723
7699
4491
7755
2727
1534
6735
541
684
3158
2186
6303
3263
7294
5989
1435
4662
7408
3835
519
869
7482
916
432
1602
7781
96
3077
5514
7997
4809
6737
3577
3288
6660
4521
3911
7591
6000
4329
5514
1581
4524
2934
6791
3835
390
37
2671
6645
1046
1982
5023
568
2916
5790
355
7391
4340
4011
5185
4017
7642
1440
4291
2986
3263
2979
6227
8048
3642
1046
7230
3162
4916
5650
1824
1836
3835
87
8046
1024
2949
4662
6752
5542
1153
7267
1192
5380
776
2916
1740
208
2463
3933
6827
7205
5997
3120
5112
1584
34
48
8103
3153
7493
7901
3541
7679
2999
5133
8073
7505
4743
807
6405
2737
7132
593
955
2807
681
2684
3577
7441
6117
7656
1253
5020
3121
5143
2464
2676
2030
1900
2137
778
4800
396
3835
30
4329
3536
2186
5120
6405
1585
1680
7854
3420
2903
6838
3345
7716
5248
2426
3587
2062
1256
2242
1473
7143
335
7424
6227
4475
6068
5335
6303
460
4944
1090
2369
639
1816
6851
686
5761
11
322
1192
2721
6012
6733
7294
4361
1217
8159
4716
319
3121
2453
815
5118
6141
5726
1988
591
5024
1961
2407
169
1546
2378
3732
2483
916
3126
4333
4925
2577
908
1104
397
1514
1024
5998
4255
5283
3612
3553
7384
1818
5756
1822
7435
7995
5482
1620
1971
4312
3614
6181
5743
7136
728
4011
744
6227
6791
5804
4590
4785
1848
7913
4953
7009
6113
7128
5431
5066
5191
1697
686
7093
7933
7416
5220
1308
3536
1765
8190
7484
5874
7260
4007
4609
4950
7491
4950
7570
3682
5785
434
7887
93
2287
4279
2048
5483
7203
4007
5048
2271
7258
4038
1087
4346
7031
4950
1775
7953
3264
6882
1836
7798
1690
6035
421
432
2489
255
5048
531
5332
4478
5224
6238
2714
3349
6919
1798
4007
2907
1308
4027
3443
1852
6820
5346
2312
384
3077
1962
706
7490
3326
3682
3600
2161
1965
421
5290
2516
2062
5485
109
4291
5629
2227
7051
1769
1420
181
1595
4707
4573
145
5077
421
7722
936
524
3572
4074
2115
