0
0
0
12
0
6
0
2
10
2
0
2
0
1
0
1
0
0
0
0
0
10
2
0
1
0
1
1
0
0
0
0
0
0
0
0
0
0
0
0
0
0
0
0
0
0
0
0
0
0
0
0
0
2
7
0
0
1
0
0
0
0
0
0
0
0
2
1
0
0
0
0
0
1
0
0
0
0
0
0
0
0
0
0
0
0
1
0
0
0
0
1
0
0
0
1
9
0
0
1
0
0
0
0
24
1
0
4
5
5
0
0
0
0
0
1
4
0
0
1
0
0
7
0
0
2
0
2
2
1
1
1
2
0
5
0
0
0
0
0
0
0
0
0
1
0
0
0
0
0
1
0
0
0
0
0
0
0
0
0
3
0
0
0
1
0
0
0
1
0
0
0
1
1
1
0
0
1
1
1
0
0
0
0
0
0
0
0
1
5
0
5
0
0
0
0
0
0
0
0
0
0
0
0
12
10
6
5
6
3
36
2
8
4
2
2
2
25
1
2
1
10
0
0
0
7
0
0
0
1
0
0
0
0
0
0
0
0
0
0
0
0
0
0
0
0
0
0
0
0
0
0
0
10
0
0
2557
3186
4345
2006
4900
5168
2558
7923
4921
189
5629
7584
712
3598
4830
3092
1506
7299
1479
689
5264
6137
6437
3448
6563
1816
1226
2059
6960
639
591
1539
335
7064
5403
4900
857
1029
8023
7610
2024
457
5731
4374
5691
6778
4426
7210
7688
428
5636
4830
1689
2892
2271
457
4606
1224
2130
7989
1183
7617
3196
4017
2137
4431
5862
4255
3120
5629
672
2227
2038
3120
4759
1870
7252
8176
5636
5662
3279
295
4521
2995
3167
3589
2766
2544
7232
4950
508
4038
1483
4609
3414
5332
5143
3326
1413
2783
1620
845
6695
6672
1382
3651
3732
6007
1637
5721
7561
391
755
3589
332
2679
169
3536
7064
5461
3835
783
6447
4700
684
6227
1046
698
6438
491
163
4353
7976
33
5367
5189
618
7976
7078
1220
957
428
7924
4730
2291
7650
4491
4806
6303
5833
3356
7886
3810
772
2489
2500
3854
1281
7661
1643
1958
1395
7625
4623
727
857
2380
4263
1699
7679
5020
6473
3736
7040
4266
4680
41
3759
8023
1473
2512
3238
2402
3095
6523
4194
46
4892
5292
541
2612
5893
7158
1999
6183
2704
4634
5020
6000
8023
383
974
2283
4353
8176
5531
7903
505
6010
2291
7575
448
368
4615
4608
5107
4291
5048
3541
7901
2271
5975
933
7229
751
7062
4896
2498
790
1709
3469
7976
5143
6000
1299
3264
966
3943
2291
3090
1681
4401
7524
1660
3637
5101
7483
373
2130
2825
727
2489
1765
5808
644
2463
5522
222
5182
2947
2198
2642
5048
1680
5689
3120
6989
426
7897
3985
6443
7804
1707
1898
7294
5427
5576
5726
3503
4580
7389
2679
7706
272
2612
6134
639
2999
6738
5937
2889
238
5572
5011
4401
7022
1105
3158
4491
163
1644
4205
5231
7650
1730
8084
2660
35
3968
3695
8186
7294
2459
170
4651
3433
1881
2764
1356
2304
5409
2994
751
357
7271
751
1968
4696
1833
5024
568
2600
2187
2330
3952
4613
5572
8057
7903
1721
2653
1248
6441
47
4340
1331
7190
591
2591
5191
5208
5099
3067
6191
4686
7376
7857
7650
1968
6745
6352
7815
5033
3125
976
1788
5478
5245
2420
1205
7903
1833
137
6926
2092
6095
6465
797
4011
6824
6660
7915
7239
3660
4613
7604
404
1898
6414
3458
5146
2660
4373
7907
6631
562
8122
1922
118
1284
6325
4863
3698
6048
765
4213
5225
6265
2737
2166
3158
297
5226
4035
4309
2819
5468
683
4546
2330
7430
2450
1377
856
6704
5618
1693
6816
1707
5875
122
5409
1930
2397
6225
5546
7650
1497
1082
7380
4319
5385
6735
2130
6441
5576
2914
1645
5282
3443
6638
4599
5753
1205
7445
7445
3629
3629
2840
5498
6750
4515
3501
5260
3317
4680
4253
5409
3629
4333
7429
8057
7650
250
390
3433
6308
4065
3096
7591
846
6484
842
5622
8076
302
5546
1976
5470
3378
7963
7903
171
2643
338
1599
5230
1681
7907
5498
1026
3528
4248
171
4655
74
6485
7430
4896
1834
3997
1182
1788
6750
1060
5634
6272
6557
5256
4680
5353
6554
2339
7269
1083
6434
4158
3717
7388
6344
2356
934
447
6399
2660
3895
7430
5366
1898
4253
7429
6348
2889
219
7818
1788
2947
4599
912
1460
1681
2893
6433
5182
7030
6357
3259
6204
2027
7124
2522
5753
4069
7695
1013
6172
2251
2122
8009
2750
1730
8100
6746
4844
7713
751
7430
1730
7430
3136
3685
3940
4696
4333
2098
2943
1644
4221
6631
451
2223
3255
812
3181
2971
3978
6112
5011
4401
7456
1059
3446
1755
5353
7981
5496
2007
7158
6159
4680
6053
4155
5325
4344
7650
67
972
4946
4655
3308
5902
868
7362
7528
3053
5884
231
4299
5240
7702
6010
1681
6638
4515
5377
2472
3317
1841
562
2867
3066
1279
6385
6089
1755
523
67
5291
2020
127
6704
1224
2941
4605
2168
1389
4425
1856
1939
2037
6856
7388
1347
2353
3127
2631
1681
7346
7650
74
2547
6638
2002
4457
5063
7670
6596
3879
5256
972
2658
8137
1206
2978
2529
4516
1223
3362
4801
1584
4970
4193
5797
2809
1922
562
4010
6541
789
7988
6297
5019
440
4858
145
5567
2136
6921
67
3698
6433
4253
358
1995
1707
5251
2760
7015
4009
5004
4548
3877
5583
7842
803
3770
1898
4599
1707
3136
4216
5964
6498
4253
2276
1959
457
747
2629
7713
2198
1515
4248
4452
5546
7903
7743
1718
5940
7799
1414
5995
4218
1764
2043
3396
1354
4446
4679
3963
3985
2198
1345
1768
7556
1932
2192
5284
1520
7389
6484
6010
976
5124
1555
2448
7981
7857
6964
2330
8076
7905
968
4907
4535
2443
2994
6433
6745
7697
3012
4253
5546
2007
4166
3176
2608
5018
4599
3975
4192
3322
7981
4680
6928
4398
6692
7743
5251
5972
1673
3567
7604
7158
5540
481
6705
5174
3895
8100
1898
4946
1788
8076
1892
7159
7607
1812
5655
1730
5967
5535
3614
7430
4205
5740
326
5256
956
7903
7903
7430
2122
5240
4891
5042
3860
2840
4683
2098
3717
404
5366
5967
4401
751
789
1892
1788
4884
8142
6745
2735
6631
7903
4767
1922
2427
3567
5535
2139
1515
4696
1474
8076
8099
7060
7146
3698
4248
5967
67
2735
6638
3895
6687
1730
2658
880
5462
74
4333
404
4855
1377
6638
2443
7264
2939
3002
5322
6002
6395
1931
3358
6393
542
2800
1130
985
89
3629
449
4855
2943
6352
1831
6325
2529
3886
1693
7375
3879
5366
4863
7863
6010
6631
390
7153
6447
2080
3854
2405
1589
3402
1965
460
3487
6264
6552
1087
3068
1075
4448
4007
4491
3576
3528
6661
4992
2947
2529
1037
803
3657
8076
3629
5634
7146
2248
744
5403
390
2178
5290
2464
1023
5751
3439
5543
2491
4007
2570
4295
3792
2496
5403
2002
208
3470
672
5748
2015
2591
3078
6895
6895
6361
2684
3997
2052
3149
5077
925
740
6990
2236
3813
3969
2819
323
7740
4292
454
3439
5834
4721
7074
7874
4985
5923
3051
6000
2130
6000
3320
5560
2741
2429
5625
5682
7243
3287
