0
0
0
14
0
5
0
2
9
2
0
1
0
0
0
0
1
0
0
0
0
7
3
1
0
0
2
1
0
0
2
0
0
0
0
0
0
0
0
0
0
0
0
0
0
0
0
0
0
0
0
0
0
3
4
0
0
0
0
0
0
0
0
0
4
0
0
1
0
0
1
0
0
0
0
0
0
0
0
0
1
0
0
1
0
0
0
0
0
0
0
0
0
0
0
1
6
0
0
0
0
0
0
0
23
0
0
8
4
5
0
0
0
0
0
2
5
0
0
2
0
0
8
2
0
1
0
1
1
0
0
1
0
1
2
0
0
0
1
0
0
0
0
0
1
0
1
0
0
0
1
1
0
0
0
1
0
1
0
1
1
0
0
0
0
0
0
0
0
1
0
0
0
0
0
1
0
0
1
1
2
0
0
0
0
0
0
1
0
1
0
9
0
0
0
0
0
0
0
0
0
0
0
0
10
5
9
3
4
0
27
2
4
3
5
3
2
23
1
1
1
10
0
1
2
4
1
0
0
1
0
0
0
0
0
0
0
0
0
0
0
0
0
0
0
0
0
0
0
0
0
0
0
10
0
0
6107
7332
8045
7258
5412
1836
2803
5054
460
568
7902
7173
3446
4810
588
7793
1565
5165
797
7872
8030
6353
6683
7642
332
2575
2907
7697
5715
6553
6320
5801
5364
6549
1256
7154
3610
2159
4929
7375
557
3355
2427
5529
7713
6486
757
962
1411
1057
4202
39
6152
4291
2696
1656
5290
631
3326
4441
4408
3349
109
6059
1395
7846
4576
4224
1160
2706
1761
2427
8057
2655
6795
3131
1461
8063
4473
3569
3188
2182
7910
3158
480
4668
2603
3571
5731
1931
7437
6759
5339
1680
39
7110
5102
265
7949
107
5156
298
1731
2385
3411
626
3125
1144
5564
7306
781
7073
744
1514
552
1581
1699
1835
7518
7540
319
3202
6884
254
4491
6359
5619
4499
7604
7043
1673
4697
3256
7748
3298
7073
148
3358
6299
751
809
863
5472
7084
255
4950
369
472
2271
4697
345
5728
4491
6311
5862
5150
1667
1900
4242
5149
697
6138
3236
5191
135
2893
51
3520
6557
5482
4967
5535
7698
4985
5060
3209
7642
6239
6078
2600
449
7016
4982
7596
3702
4319
3391
4683
4531
1185
3416
2915
6352
4624
244
972
2658
5366
4919
929
988
1606
110
3446
7534
455
56
7617
6096
1640
545
4961
3567
66
1241
7258
3386
3879
5011
3236
7074
3697
1251
4602
1258
6971
7614
780
1104
652
794
6352
1604
498
171
1229
6978
4873
3820
1836
4697
4450
5987
5195
5440
3397
20
2621
4980
1599
1511
3696
1139
4478
705
1014
1728
5358
2691
596
2197
1599
3613
6400
6399
1555
7212
2353
6850
3392
7703
7388
7718
2336
4734
676
751
449
270
3125
4138
7658
245
7047
73
5801
7110
2411
3247
6463
545
6519
2460
6336
937
4720
4123
3426
6957
1604
1051
6672
6523
1751
1404
1489
5256
6242
7315
2712
813
7523
4963
2005
1416
2350
2172
5129
3741
5779
4610
1110
1115
7931
2614
4855
1183
806
3508
2291
6399
6809
733
4739
1810
2569
1615
6010
4695
306
2897
6784
152
8057
7090
7585
4077
6582
6017
3835
5385
3389
5290
3254
7323
549
1154
5834
5174
4334
7783
8057
2740
3595
6159
4554
6805
1345
1258
2749
751
6106
5421
6880
5240
1338
1858
5569
7388
7728
7076
3542
825
3071
7405
7866
2904
4086
699
2605
3828
1177
2098
1551
4014
5634
3282
7856
7875
5496
2621
8036
4742
5251
5496
6957
6399
745
394
2397
6433
399
8048
7545
4146
2958
4190
7014
107
216
5144
1186
809
5151
67
7743
2508
3985
858
5622
7111
3236
523
8132
2614
4980
1730
2943
5353
2730
4450
2925
2554
4760
5166
2489
5779
202
253
648
6745
4696
4734
2101
3351
2014
755
7274
2098
7460
6781
1347
5655
5417
5018
7193
3652
2435
3370
1229
1323
6681
2803
3478
1260
6449
7209
8092
202
3260
7213
1258
5346
6010
4271
1378
4021
2324
6596
5496
4803
5379
4435
2353
2643
1351
7607
7323
5519
5975
4788
1337
3279
780
2472
1338
5486
2080
744
2459
5376
8021
213
5722
6745
5461
3567
4138
2393
5940
2933
1097
7367
6494
6663
2482
427
885
4515
5291
5745
7482
2458
6044
4697
1070
8132
1337
2629
3188
7926
1954
421
6922
5093
1841
6299
1922
311
5358
6336
4855
3308
6557
7523
4855
216
4829
4864
868
1543
3714
8136
1103
4423
6749
7942
1812
3463
6164
7901
1787
450
3077
7901
45
6953
6720
6322
3249
5740
6072
6964
3198
2314
549
6486
7542
7155
2489
29
3361
6616
7718
6884
920
2519
751
7697
1855
1782
367
7491
486
1620
3098
531
2676
4900
2279
6227
7981
2691
1681
7536
3446
7614
7523
3881
7893
5531
275
6710
4362
1402
4971
7833
6282
858
846
1069
3420
7123
7728
598
538
2811
2411
4644
7642
4253
3541
215
5650
4362
2723
6336
3658
1730
2148
7500
6486
629
3363
1009
5802
3320
4543
223
7954
6336
4658
5075
6749
5260
7824
1280
536
4735
764
250
2464
5767
3851
8092
5731
7110
2960
2643
4535
961
2305
1077
3169
7879
3212
6322
633
6953
2744
6063
2129
5601
3185
1941
7534
6672
7946
4448
3720
1576
4029
6011
4207
4355
165
825
5567
6417
3561
1749
7446
545
1681
1604
6399
505
4979
4545
2772
7708
6935
93
6242
6225
2874
5741
4474
2368
5422
4841
7229
1252
916
3477
1774
4568
3488
5913
4609
832
1213
7694
3205
2600
4289
3880
6762
6687
8166
1801
7323
243
2284
7718
558
1569
3520
2382
2011
1176
1186
2513
1620
1824
3504
1075
4568
6562
6761
6458
16
2072
3490
3196
297
3154
6322
4143
6523
956
4955
2860
7919
5427
5220
488
4697
7711
803
1233
5017
1226
2175
5322
1057
4950
8092
480
575
3883
4077
5902
7254
5438
1856
3504
1709
2384
4224
1691
3351
7815
797
5724
4967
3551
2860
6433
459
3140
2485
2382
5564
6909
393
1620
4112
3635
4667
4029
3909
6229
2986
6593
6034
6941
6824
845
740
5427
2654
2573
7973
6386
1488
937
7841
2303
3351
2943
1801
6001
4289
7382
3283
5799
2135
3084
5220
3326
4106
1119
2861
5101
643
1156
5730
14
2271
4326
109
4670
1601
1919
5622
5144
4229
3298
1252
8075
5182
5182
1183
5115
7111
4101
6047
5049
7646
4383
3481
811
7435
1689
1441
5143
7691
4904
3405
4525
4950
288
7155
3477
4881
6677
7583
168
2655
7781
5430
1672
2157
6146
1183
357
1707
5155
1104
599
5564
4857
4805
7182
2907
2464
5778
6417
4707
3389
6737
7596
8019
1029
5181
2219
6818
1774
7042
961
1730
4191
7160
1180
6781
5018
3966
7483
2443
6784
572
265
7478
3721
4383
600
7466
1289
6645
2553
3207
14
7582
1513
283
6954
4952
5489
7223
7246
1009
1461
2561
3169
3825
6638
2198
5496
6225
2356
6123
4418
5504
5692
3879
4260
6015
5112
5428
1413
852
7673
5412
5654
5422
6722
1621
6417
5290
7028
531
6041
1075
2021
2368
4963
6631
2420
3895
6631
3880
6631
5659
3359
3140
1397
6755
7734
2232
3747
3504
825
7178
