0
0
0
11
0
1
0
1
10
1
0
1
0
1
0
0
0
0
0
0
0
9
9
1
0
0
1
0
0
0
2
0
0
0
0
0
0
0
0
0
0
0
0
0
0
0
0
0
0
0
0
0
0
2
1
0
0
0
0
0
0
0
0
0
1
0
0
2
0
0
0
0
0
1
0
0
1
0
0
0
0
0
0
0
0
0
0
0
0
0
0
1
0
0
0
1
10
1
0
0
0
0
0
0
23
0
0
9
5
6
0
0
0
0
0
6
0
0
1
1
0
1
4
2
0
1
0
3
1
0
0
4
1
0
1
0
0
0
0
0
0
2
1
0
0
0
0
0
1
0
0
1
0
0
0
1
0
0
0
1
4
0
3
0
2
0
1
1
0
0
0
0
1
0
0
0
0
2
0
0
0
0
0
0
1
0
0
0
0
2
0
6
0
0
0
0
0
0
0
0
0
0
0
0
13
6
8
0
1
2
30
1
1
3
2
3
0
27
0
0
2
10
0
1
0
6
0
0
0
1
0
0
0
0
0
0
0
0
0
0
0
0
0
0
0
0
0
0
0
0
0
0
0
10
0
0
5547
1204
6639
6059
4089
740
7493
373
6791
170
389
7860
5561
4647
3454
4647
3207
8100
505
3865
7533
3260
2061
1488
2494
6796
6135
348
5129
4120
559
3207
7885
1979
5584
132
4518
1709
6082
5126
7613
4242
3196
4050
3454
7940
5874
5982
1922
5981
8147
7928
5353
2260
2066
592
1029
559
825
6062
686
7391
7246
7246
7205
4317
5938
123
6847
2987
437
6411
1012
5982
2219
8030
1075
5778
6938
7779
5001
2168
7907
4010
5479
2020
1944
202
5279
1319
3819
4698
7180
4475
5412
3816
1852
5412
6150
6548
5140
1459
5433
4498
5165
2219
2868
7679
3225
1097
2868
7430
476
4655
4873
2101
1305
2251
1329
4644
348
202
5489
1852
2808
1965
1919
1979
704
5896
568
6791
1787
907
4840
341
4708
4007
6839
5292
899
2455
7373
3069
68
4510
6692
6891
5546
3508
7460
1698
2325
4867
2541
1546
2663
3834
7029
2343
6384
1607
1534
4809
1944
2777
6417
643
2308
5364
4291
7110
4009
3644
171
1461
2251
129
2541
4863
2990
4682
5877
1238
8121
5902
7319
4482
704
3557
348
2343
6677
2777
1489
4299
7421
1944
450
6590
6635
7982
4017
3682
7294
1491
3678
6048
7504
293
2733
3215
6957
7521
721
5214
1944
3154
1671
7756
559
6945
1067
559
6677
212
4931
4001
3231
7372
7258
5185
1075
7118
3542
5403
5326
7173
3678
7263
7979
7685
3591
1623
8100
7582
390
5874
3004
7482
1822
4017
4771
1585
5613
1660
6135
7872
5856
963
3765
4263
3743
6041
5536
3469
2219
3686
649
709
3030
1957
5294
3309
6918
7768
6179
1785
6131
1636
3816
7059
5140
2041
2248
896
2856
2066
948
649
5162
6847
3224
1459
806
3741
4950
5364
6139
3242
4651
5358
6744
5289
3933
1617
2792
2418
6989
7633
7216
614
5412
7256
1823
7753
2061
283
6135
4448
6609
7581
6609
3163
5894
882
5573
3469
215
5778
6677
3572
6415
961
8057
2039
464
976
4073
6828
3186
7908
2679
631
276
348
6227
6271
783
7986
4867
369
4750
6870
1172
4127
530
1563
1527
531
421
6677
5662
5940
316
6809
4611
1086
5576
2794
8
4341
1932
7357
3577
7223
6796
4004
649
6041
4950
3577
1823
3175
1728
19
3247
1086
5935
7186
3539
3414
1118
8153
1525
4655
5377
1329
6428
6741
61
3564
3446
4678
6601
5407
3678
6352
258
6677
5643
2958
5687
4202
5579
5650
632
4299
4871
6909
5550
2779
6180
4796
973
1186
6048
7046
3012
5786
6813
4424
6982
3780
4993
7430
6485
1673
7346
1305
3567
5042
2862
5687
6417
5579
6135
5214
4788
7214
5970
6804
5564
523
5309
6791
5937
6957
2670
976
4655
4979
5307
3224
853
3457
5274
2574
5182
6750
8037
5407
153
7713
8100
6352
2862
5408
2080
5798
1783
4261
6187
2299
4770
5463
69
6864
2688
2982
4678
129
5728
5124
2889
5243
5162
4033
4894
8136
5972
5022
3012
7857
5353
505
7822
3998
5407
5556
1226
7419
8124
2970
1256
3958
733
5464
954
6082
4248
5991
3064
5243
1070
8100
6704
2867
7177
2789
6319
944
2299
5972
4205
1606
1229
985
4655
6957
8037
718
1208
6999
1699
3309
3563
5704
239
6254
6829
4291
1040
4452
4231
7320
7824
1405
6090
6750
4992
3030
5370
3870
4529
4990
338
5697
5294
6500
4993
1477
2760
8009
1477
3090
8151
491
4805
7146
940
7675
6501
6507
6778
390
7911
6419
8119
2205
2340
440
2750
4455
4752
1491
2772
4545
7773
1915
6199
4990
8100
1905
8067
2094
6662
8076
2907
1200
5957
1781
2386
184
729
255
3729
145
3610
691
6523
6917
1196
278
2826
3003
934
5591
961
5991
2039
4764
8021
6813
4922
5075
1458
4599
2448
5820
7761
8015
7010
1713
8163
6232
1872
3039
2513
877
7435
4841
2168
990
1931
4978
587
4905
3238
2947
7317
6744
7907
6567
7983
5755
3988
3012
5284
5634
2529
2615
6759
7762
5746
2679
3788
596
2434
7203
306
4375
1234
6740
4987
6677
6737
2928
2099
4363
1947
4369
6170
74
2502
8117
5601
1753
972
2448
1442
6709
3446
122
3542
7234
3253
5762
1039
315
7111
6242
7145
3239
6810
6668
6844
2535
5885
5515
1117
2233
5383
2183
7748
1442
5614
972
3351
3363
2994
4655
4863
3012
5497
3627
6035
4950
3300
531
1238
7282
4052
4691
5172
5701
4578
3504
2411
3389
5351
5053
2384
7839
4230
4872
3973
2110
1360
1957
4655
5614
4253
2574
4655
5834
7404
578
1251
4399
1625
4382
5710
7577
923
4980
441
531
5536
1824
4707
6082
450
6041
6950
7482
5945
227
2066
1091
6639
1719
5498
5085
4333
7907
2574
5546
6185
1370
64
4152
2109
1165
6303
7419
418
5461
1833
8152
2716
6082
2464
6227
4707
568
4950
5292
6587
3188
4202
7453
3911
3860
2994
5572
4599
2992
89
3627
2850
2415
5380
4735
7492
2902
5530
3188
2066
6818
1129
5998
2791
6027
4881
7596
1620
1620
6104
7570
1971
5013
5112
3207
5936
7418
3892
4453
5138
2276
7254
2850
5226
4400
42
4340
2358
745
1954
3389
4867
631
4475
2949
1550
87
1028
87
5048
5874
396
2418
370
631
4735
3154
705
2219
7725
211
5928
4314
2801
2951
4632
2185
457
721
1803
5090
2877
1739
5579
1242
6945
8143
1395
6791
1100
3276
2693
2948
2796
5403
5309
1824
6510
5227
3789
1965
1434
3475
5928
176
2366
4241
5587
5878
899
6796
2343
5915
8063
1602
4712
5853
2918
2080
3432
5403
4809
2892
7939
1253
2489
631
3205
6089
4011
4644
1344
2426
7929
2343
116
6902
122
3272
5111
6532
7901
5643
2958
4018
971
6254
6258
5779
255
2796
4522
8
5290
7570
2080
3676
7563
4499
2494
6417
4735
6384
3207
2080
2958
7006
2304
4453
5940
1698
3770
2550
5244
1818
3304
5517
1706
756
6550
5038
3381
3381
6550
7118
5965
5244
928
5517
6030
5965
6154
928
928
6550
7434
5038
5050
6789
2642
8155
7145
1917
2263
3130
