0
0
0
9
0
1
0
2
9
0
0
1
0
0
0
2
0
1
0
0
0
8
5
3
0
0
2
0
0
0
0
1
0
0
0
0
0
0
0
0
0
0
0
0
0
0
0
0
0
0
0
0
0
2
2
0
1
0
0
0
0
0
0
0
0
0
2
0
0
0
0
1
0
0
0
0
0
3
0
0
0
1
0
0
0
0
0
0
0
0
0
1
0
0
0
0
9
0
0
0
0
0
0
0
21
1
0
6
7
5
0
0
0
0
0
3
3
0
0
4
1
1
5
2
0
4
0
1
0
0
0
3
0
0
9
0
0
1
1
0
0
1
0
0
0
0
0
0
0
1
0
1
0
1
0
0
1
1
0
0
4
0
0
0
0
1
0
0
1
1
0
3
0
0
0
1
0
0
0
0
1
0
0
0
0
0
0
0
0
2
0
5
0
0
2
0
0
0
0
0
0
0
0
0
6
7
8
0
2
3
22
4
2
3
3
3
4
28
6
0
1
11
0
2
0
7
0
0
0
1
0
0
0
0
0
0
0
0
0
0
0
0
0
0
0
0
0
0
0
0
0
0
0
10
0
0
7805
1892
4794
2090
461
721
1377
6692
755
3232
2285
5209
6973
4568
2285
6417
1049
2942
2525
2063
4806
2796
7601
3412
726
8176
7732
4614
4628
6440
3311
4011
3125
129
6816
7005
7588
2274
4432
7743
7683
2133
2207
6648
4015
5805
2483
1155
4718
1699
7365
5181
1607
4088
7622
1607
411
4003
3994
1738
2780
4504
1254
1836
4683
7761
1710
1604
7697
8166
4401
7003
838
1081
1260
5611
1173
7187
1224
4151
8056
7720
5093
2465
2513
5517
2690
5301
665
7497
1895
5860
3589
6674
8064
5485
4752
7683
3940
5624
3235
5834
4118
2020
3975
7240
2917
6391
963
6819
4444
7240
3991
7901
1886
1344
2533
7246
629
849
1173
6554
7676
3883
1057
4385
522
4237
3508
3030
7857
4613
2222
7646
3857
2291
4958
2889
4562
4758
3244
4088
5536
418
1716
3851
4892
3416
7350
5477
6417
6179
6340
2270
7854
6582
2270
8174
7028
631
107
4655
7903
5033
5989
5529
3169
997
5291
6750
2448
6041
6973
4644
7902
3616
7186
2209
6531
703
4360
2392
3835
5013
5757
4328
2790
7137
5235
4210
6228
5412
3489
6661
7799
74
5470
8168
7356
471
1296
5498
5284
7650
5489
5890
829
262
5235
1029
811
5963
6666
6557
6998
428
4251
6759
7283
7732
2858
1946
1856
6791
4680
3397
2584
1734
5256
6663
3258
5161
1145
498
3466
3283
5498
7766
2491
7590
6179
695
6384
7419
2660
216
2675
3954
2239
8047
5798
3058
1275
5012
3651
390
7981
5421
3069
3528
2733
3232
5498
7604
6762
2331
789
2840
6897
7308
5927
5735
5571
5471
5474
6656
89
6557
2496
2676
7777
4426
4412
5955
21
1595
6334
1750
4060
1104
556
3130
6225
3251
5740
6099
5588
6976
6601
5450
2168
6930
5510
6151
7683
1477
1687
483
2291
4890
5144
110
6417
4242
7344
3399
211
7872
6475
784
8057
5254
1681
5274
6272
7430
2049
3136
358
4827
5728
7076
1608
4119
2353
7357
4678
2427
7264
7158
961
3003
2098
1489
912
1309
6227
3747
558
3280
7869
1420
107
8120
4316
5618
5217
5614
2064
3125
6816
3526
799
1352
1280
7799
440
2139
142
7683
7683
3135
6272
3776
7317
5366
6410
6928
4791
5735
829
1315
2713
7573
3879
6386
1922
4823
4878
5572
643
6494
3243
5466
3886
6519
1831
6325
1892
6551
3437
3606
4624
961
3363
4983
4212
3508
222
6957
5124
7841
5535
6623
690
2420
2516
4893
2508
8003
5471
1347
7346
7919
7805
3100
3012
4993
2947
3272
1892
5849
408
647
1491
5770
6010
1628
1833
4655
1858
3594
2135
1693
2574
53
3363
1999
3100
1688
481
7181
5052
4576
3678
4319
993
2450
810
6170
1633
4599
4912
603
1138
2043
4387
4446
6999
5937
1694
6010
6979
6937
1688
6750
3527
308
500
4435
481
680
7800
5423
2947
3002
6348
1693
5217
89
3165
4715
8124
5550
1650
1083
514
560
1608
1301
5834
1555
4333
799
6164
956
2939
4010
6631
5497
782
7257
4976
7954
5104
656
4794
31
3272
1296
4961
3069
2760
8101
812
7987
7445
3501
7082
3750
5291
74
6259
3214
4715
7000
4979
643
1073
6411
488
222
6891
2427
6348
53
4152
3002
1079
979
1296
107
2992
4862
6580
7857
6763
6361
4554
2251
7751
6239
7068
2897
2889
500
6348
826
122
7533
4119
129
1688
4949
5033
41
8057
5578
7936
4624
5052
3384
1619
4129
6723
1326
5940
3001
3526
2482
6825
4938
1271
6566
730
3778
4752
3100
3272
2584
2574
4319
6119
74
4680
4992
2059
2427
7158
7907
4010
5409
8185
6299
6010
2213
168
4446
4935
6960
6259
5007
8100
3254
668
6155
6688
731
6736
5366
2889
1957
3466
1465
7787
2574
2584
216
4221
6430
2529
1688
7800
6580
5240
2199
4946
7932
7822
7549
7472
3363
5498
3985
924
3166
5474
2064
4142
2502
4810
5389
3895
7396
6652
461
7907
6704
7864
4665
1525
8122
4021
6128
6662
1075
2238
2943
6557
1719
80
31
4912
5498
1259
2889
4446
5104
1292
6430
3363
2994
4010
2007
358
1515
7257
1296
5104
2568
3109
118
6608
6360
4423
1209
5171
7670
3402
5240
8100
5578
6272
116
4680
1957
6189
5240
1296
4205
7742
6468
968
6099
4446
5353
8057
1096
2444
3769
6305
3886
1949
562
5223
220
139
6289
3642
575
7012
6328
8137
8155
5173
1736
5274
5865
4291
1765
1749
590
4976
2213
7743
1999
536
723
1180
4993
2744
1332
7793
6352
4333
4899
8009
5477
4475
8188
2284
47
2405
4112
7026
4400
1931
7022
4008
3631
2907
6656
2339
8036
7720
5740
5407
7438
4980
1650
4912
5558
3770
2296
7763
961
624
5740
1467
2064
7892
45
1024
2459
384
591
1826
2471
7229
4074
2361
7011
2737
128
2066
6590
7577
5848
6172
6305
5612
2908
7396
2908
6532
1678
276
3614
2360
2022
3678
7743
2118
803
6590
5599
87
2916
7570
4491
7679
6981
5516
7679
5542
2909
1105
4340
1037
6999
7264
483
5535
505
2291
755
3503
6750
6750
3482
4992
5409
7375
2792
5975
425
4216
4089
649
4888
1118
3651
5850
7882
2892
5664
4888
7979
744
6973
2199
1914
1079
7271
3135
5366
1898
2291
934
466
2939
2574
17
27
2655
5967
896
98
1539
6354
4361
5489
418
6828
389
171
2111
7451
2987
2404
1988
6975
5949
4946
4890
2735
100
2291
3776
1258
4166
1015
3272
3673
3524
3303
7907
4323
1522
5870
6792
3477
271
4291
6227
744
6210
2118
4100
7236
7294
390
3682
6568
3363
2889
3466
2187
6010
2058
8100
6322
3102
5409
6766
3776
6894
3792
1552
6456
6953
2442
829
5406
7484
6980
7860
4312
5275
1073
4605
5730
3414
1620
1224
1620
5314
5217
7916
6509
5999
5425
276
562
5377
500
5174
4683
6495
5574
6411
8076
7034
7196
6353
1299
1048
5282
8023
5552
7570
4383
8058
6385
7545
2459
568
6552
6166
765
8143
7240
2411
3272
5022
4655
968
5022
2732
7800
6485
5085
8057
4993
