0
0
0
13
1
11
0
1
10
1
0
2
0
0
0
0
0
1
0
0
0
8
0
3
0
0
1
1
0
0
1
0
0
0
0
0
0
0
0
0
0
0
0
0
0
0
0
0
0
0
0
0
0
1
3
0
0
1
0
0
0
1
0
0
2
0
1
2
0
0
0
0
0
0
0
0
1
1
0
0
1
0
0
0
0
0
0
0
0
0
0
1
0
0
0
0
6
0
0
1
0
0
0
0
23
2
0
6
2
10
0
0
0
0
0
1
2
0
1
3
0
0
9
2
0
2
0
2
1
1
1
1
0
0
4
1
0
0
0
1
0
1
0
0
2
1
1
0
1
0
0
0
0
1
1
1
0
0
1
0
1
1
0
0
0
2
0
0
0
0
0
0
1
0
0
0
0
0
0
0
0
0
0
0
0
1
0
0
0
3
0
5
1
0
0
0
0
1
0
0
0
0
0
0
8
6
5
3
5
3
30
1
6
11
1
1
0
19
0
1
3
13
0
0
0
9
0
0
0
1
0
3
0
0
0
0
0
0
0
0
0
0
0
1
0
0
0
0
0
0
0
0
0
10
0
0
7160
976
2738
2990
2171
2998
3397
1892
6172
3461
857
4889
2488
4633
6137
3294
4944
2595
6396
3050
679
4273
5675
5762
6682
6507
7223
2986
7353
2732
7665
5398
7264
1986
7240
2301
6010
3675
5981
6559
6112
1068
1137
3303
433
3103
4357
2863
4278
6886
4497
6530
7618
4731
7078
5097
4815
625
392
1823
702
7180
1917
3167
7907
111
8
3678
5462
5597
3136
2059
6522
217
6886
4864
413
898
7856
4806
7435
7831
6053
4856
7620
145
3460
4736
2685
7599
4472
1965
746
8103
5128
4007
1338
5256
4983
2089
7264
505
447
1555
6393
1512
5787
3636
3669
7085
4357
4833
3492
8160
1774
764
5394
7435
611
465
409
2732
1513
1965
3480
1699
1620
1209
450
1824
6755
1294
5740
1986
6676
378
4264
3214
4276
6176
7941
4075
5739
7440
6594
375
632
467
184
6473
6886
413
7681
3443
4007
753
963
194
5118
7029
51
6215
4412
944
3423
4752
7317
1707
2448
1162
7459
255
5798
2422
7613
783
6677
212
2589
297
4292
3540
2980
2792
7860
5507
475
5840
1362
165
39
5896
4752
379
7644
4707
6639
5617
6097
3423
196
231
5412
7419
4604
3181
1613
8153
3261
2027
6824
6535
6249
3819
3784
687
4922
5164
1005
6891
4395
1354
2278
650
5740
3104
265
6436
1775
1775
1767
3284
3710
4575
2016
110
7430
152
6930
2847
5256
498
7625
7623
5004
7823
1473
1164
8023
1749
7438
2122
2351
4678
1324
3793
2770
6160
2908
990
5143
5176
717
276
308
122
1305
6010
4212
1378
655
4212
7771
3985
632
7526
2010
6405
5896
8023
3712
2080
1695
5960
1545
3205
3125
6548
5847
3228
1502
1415
4217
6685
6532
481
934
4992
5373
7158
1688
1898
216
7863
5124
5683
3979
5743
1618
4912
6737
3326
6089
960
5641
5829
1884
2991
5416
4609
1922
8183
6322
856
7761
755
2750
5409
2184
3691
237
2058
152
3331
3308
3003
379
3975
3125
390
6791
4173
2529
2271
202
8025
6532
4053
7154
5092
5833
5896
1451
5981
781
7263
4180
6930
6626
5634
4010
7345
3378
6930
5848
1283
7421
5366
8009
1378
1992
4361
4735
6315
6970
6307
2929
811
7258
4339
109
3161
6724
1129
5231
431
379
3104
1477
5145
7902
6578
1449
2094
3489
7127
2738
7268
5697
8007
1695
2070
3048
2951
3682
2066
591
1453
8047
7138
4365
5471
3100
8055
5423
3682
7045
6912
6305
4384
1284
5945
3747
4255
5740
7158
5366
5146
1504
1068
5403
7128
5612
3030
8054
1777
3600
7405
3165
3857
199
6141
2908
5462
3308
4248
6757
2072
5683
1242
5874
7941
5274
5343
1244
5353
3308
1788
5634
6843
691
798
6039
7826
1619
6689
1922
7225
45
4372
5110
71
2427
542
8037
1992
1710
4440
7771
6930
3584
914
5778
7393
3113
5948
4946
2412
5366
6738
2732
4108
887
5787
3247
4663
1892
2947
6443
2478
5687
8025
4708
3940
2187
135
976
4846
3030
4576
3048
5740
2080
3433
5853
5394
4806
1352
7430
7903
6123
6618
687
5346
3528
5630
6214
2356
1284
5999
6429
2615
8186
531
5048
5115
1687
4212
4730
6269
4846
6010
1992
5409
3244
6849
3962
4806
1048
2998
2291
8122
4402
6670
7734
3519
7521
6282
7252
6101
3770
2529
1451
1484
379
5531
1076
5798
3081
1451
2083
5080
291
4452
7981
1555
6961
2613
145
3980
7953
2660
7249
2187
7032
7062
4515
767
7066
2814
4895
4337
3951
1580
8054
5683
4752
3542
2918
5531
4242
3183
4166
8099
3125
6757
5549
2295
1672
6220
5143
1775
5344
36
5614
483
856
5240
53
2440
6305
2936
102
1274
240
2291
4682
379
3759
4569
5928
1029
7110
3463
1606
5111
5578
5546
1104
2330
4492
8048
6668
5561
4822
6134
7901
1852
1324
2658
934
7095
5230
4181
3310
6260
4750
6315
7981
6930
7835
4670
6945
2489
4809
1834
2187
4401
2773
4718
80
3100
1682
7441
7253
5534
2606
3682
4950
6796
4707
6638
67
6269
8054
4983
6557
2572
2889
2184
3479
6930
7877
7596
5013
6332
4233
7940
2238
3048
1104
3208
238
3629
1314
5454
2248
4153
5117
2339
4164
5874
783
5874
3333
5714
6383
313
1652
5667
3012
3131
5407
41
6041
7110
876
5427
6553
2676
182
6557
1922
2331
3881
1858
631
1679
8027
7434
5837
6380
5701
5928
6791
7582
4237
6590
2285
5146
7181
7875
3940
5299
41
5608
4796
8023
5322
3004
3207
7798
5077
6010
3183
7583
5736
450
2487
2205
1243
7568
2053
5764
5624
6099
4916
4153
470
5921
46
7451
764
5366
6676
4983
6162
4698
4361
1103
4207
4670
2851
531
7059
111
6826
5874
5322
6791
396
7918
7454
7846
6384
4606
7441
3461
3885
5884
389
5737
3220
960
6590
4233
3886
4323
8025
825
7451
4644
2533
2851
1602
2558
5896
1824
960
5489
6635
6053
3288
1942
4003
5545
8025
8188
5348
240
4204
1672
2709
3299
825
5928
5997
7582
5024
7872
4628
1118
4007
1863
4670
960
2309
740
7679
1048
3443
4329
6271
7451
3240
3477
443
4569
4569
6973
3240
1587
8006
5928
6915
1497
3162
3572
1699
2271
591
5077
1091
2907
6791
3326
4293
3220
3071
5428
4442
4575
5840
4525
4618
1672
2657
2783
423
4341
3004
96
6227
7405
6257
3882
6553
1709
5567
6303
4348
2244
4192
2762
536
899
425
3358
6053
591
538
4089
4239
643
3862
5982
4568
4809
163
6489
3120
2894
1988
5019
3577
5079
6791
325
5000
3635
2501
3650
5514
411
797
6023
3577
7596
2285
6089
4594
7049
698
7910
5731
1281
2835
6720
4017
255
2885
3458
5412
5579
959
7882
2104
7940
4812
1823
3717
5240
6400
6998
4594
1473
1584
2271
5798
1739
14
3207
4214
2773
7419
5412
8092
3443
899
2105
1137
7258
500
8073
7384
1989
886
2851
4569
3220
1285
6541
6348
5111
74
1060
4017
5821
8025
6818
3599
825
568
5079
3220
2676
7468
491
631
7497
5185
7777
5896
1765
