0
0
0
12
1
8
0
2
10
1
0
0
0
1
0
0
0
0
0
0
0
10
0
2
0
0
2
0
0
0
0
0
0
0
0
0
0
0
0
0
0
0
0
0
0
0
0
0
0
0
0
0
0
2
8
1
0
1
0
0
0
0
0
0
1
0
0
1
0
0
0
1
0
1
1
0
1
0
1
0
0
2
0
0
0
0
0
0
0
0
0
0
0
0
0
0
10
0
0
0
0
0
0
0
28
0
0
13
6
5
0
0
0
0
0
2
8
1
2
2
0
0
5
0
0
2
0
1
0
0
2
1
3
1
3
0
0
0
0
0
0
0
0
0
0
1
0
0
0
0
0
0
0
0
0
2
0
0
0
0
1
0
0
1
1
1
0
0
1
0
0
1
1
0
1
0
0
1
0
0
0
1
0
0
1
0
0
0
0
3
0
10
0
0
0
0
0
0
0
0
0
0
0
0
10
2
10
3
5
0
33
5
8
5
3
4
2
30
1
0
1
10
0
3
0
4
0
0
0
1
0
2
0
0
0
0
0
0
0
0
0
0
0
0
0
0
0
0
0
0
0
0
0
10
0
0
401
266
1308
4372
1543
1301
2596
6557
3567
360
2226
3781
4891
7863
5251
1709
5908
2052
5142
988
1824
4521
2986
388
7950
5366
2677
4747
5256
6443
1687
1678
3881
7110
3541
5967
3895
5817
3866
6692
2003
2279
7012
5256
5908
7822
605
639
762
6356
639
6757
2464
171
5256
2098
2847
2175
7393
7747
68
7729
5546
2324
5172
3747
3021
1338
1059
8031
1687
68
7345
5967
1502
5740
7317
5740
3604
3701
2638
5752
5155
4435
3866
41
7158
3577
2464
568
4017
6998
856
6160
4460
222
3911
1830
6816
7045
485
2998
605
1922
3892
6225
5910
3104
1687
4730
5740
6399
475
5075
3291
1283
3776
6863
3851
1776
740
5762
5412
1337
5946
6160
6160
976
2951
4683
3866
3866
5910
5946
2331
6816
1140
291
3866
1283
41
5474
3975
1722
3940
5471
5831
5366
5608
3901
6544
4708
5701
3443
6517
100
605
6160
5667
751
2916
6031
3125
6823
1708
222
605
5256
6557
5146
1788
7822
1788
2291
701
4730
6723
3985
856
3332
1384
7798
5185
6307
6020
6799
4049
5908
2399
1831
4655
3140
4065
4065
3702
2349
3497
3940
7863
4253
1860
3038
751
6661
5450
5256
7713
2070
6816
2399
3866
4891
5910
672
1103
683
297
5275
7556
4891
2847
1876
7445
5048
778
7562
5946
1644
562
5908
2003
5946
1831
3997
1834
4680
6698
6692
7264
2301
467
4401
7822
605
3948
5910
7829
7798
649
3254
41
7045
7981
5104
1519
4993
5514
7003
2291
6156
4460
2083
4767
3629
2534
2643
4888
2502
3963
856
3131
5243
2444
111
605
68
6692
5946
41
842
316
3940
68
3104
6692
49
7713
68
6568
7981
2874
2847
2003
222
4767
1922
6670
3114
6581
7159
3675
5366
6816
7994
3099
5956
5318
302
5146
2039
4460
5409
7263
605
5740
5946
3940
3378
3219
7263
41
5908
605
605
3675
1439
5849
4844
605
4196
4460
3866
4333
5366
6244
642
4526
869
2871
357
674
6863
7907
3127
7863
3104
3948
3048
41
8084
111
3770
5223
2712
1283
3940
6157
7428
8146
3142
2324
6891
5916
5085
5908
6322
8131
1955
2433
5009
3486
4961
3643
7866
1719
7863
5740
6692
3048
1283
8057
3866
1710
6048
7258
7575
1270
751
4370
3421
6120
771
2198
3479
7907
7863
68
3698
1718
4253
3228
1505
4665
3269
6773
7861
6816
5908
4730
929
4452
3159
727
3948
8076
2324
3836
7293
2553
2295
379
2337
891
1124
6749
6356
2198
5146
6692
3675
6160
5740
4428
3846
2920
248
3565
6751
5371
7903
2354
2679
2459
7040
4308
4737
7863
67
1121
4106
741
5430
3317
7088
1788
2324
4679
1224
4319
1075
5366
7131
3109
2052
7981
1400
2337
7691
3064
1149
4323
4339
7613
1680
1409
1601
7407
262
5018
6557
5226
2630
7209
3747
3376
6807
3031
7863
6160
2098
4398
5373
549
260
7082
6670
2198
262
6239
6368
6404
7835
4683
684
7915
5762
6437
1350
705
705
7905
302
2034
90
5422
2002
6368
4005
4141
2805
3082
3290
1821
7716
6662
2331
7062
4683
1652
302
3759
4149
4280
4547
505
5907
4401
2002
1087
5482
6720
3562
3770
4248
2090
6208
3131
1742
1337
4627
6461
3077
334
4685
2356
1075
51
7889
505
1708
6160
6443
7863
3223
7127
2399
4212
3866
2070
6913
25
3712
1319
2409
6171
1822
6993
610
762
8055
4962
2871
4961
5256
3125
4791
981
3317
1101
3827
7762
781
1691
6692
111
6160
5946
1693
1710
2083
1719
7966
4349
3537
1907
3732
7136
2054
7827
643
2136
3046
6918
1965
5908
7713
2631
1718
7800
2324
5740
391
929
2011
6443
2614
6692
3866
6305
313
1059
5740
6557
8191
355
5819
6531
3235
5946
2847
7180
2347
2741
5829
7903
2750
3895
3012
2600
3131
5256
5146
7159
5673
7836
4041
5425
929
605
3998
313
1718
7317
856
4212
706
5654
5538
2324
605
431
1337
7679
2315
5598
2412
3866
5505
302
4947
1283
605
1337
1205
7345
8057
505
703
1377
7761
7981
68
6305
7981
4890
3776
100
4868
1474
4547
5256
1126
5908
7430
3847
1476
7029
6068
701
3048
605
5740
352
1718
3940
1788
1477
3563
5323
4212
4212
578
3563
379
6090
41
222
1280
316
3940
1687
4333
3208
1283
222
5908
4900
4542
3167
1950
1710
605
3940
5256
8076
5786
3642
2998
7875
4890
923
4460
1831
1831
4767
1184
819
4256
7800
7167
2750
2874
3048
3881
6921
1004
6961
5358
1988
4542
5627
1652
4868
5624
5430
2464
3161
5024
5627
2112
4858
7106
4751
5230
7277
7827
6687
6953
4099
2614
4562
1415
7782
3104
6160
4212
1914
1687
7841
5569
3358
5403
7110
5682
3051
6735
5135
7093
2741
884
7034
7078
2015
5189
7135
1308
5536
1217
6348
7015
5450
3356
1940
5521
7337
4248
2847
1922
3892
4465
340
142
4491
4400
1671
201
2002
2637
6231
4047
125
6426
3795
834
3616
3968
6669
2386
6814
4515
5520
2134
67
1429
508
6372
4294
8030
6441
7083
2198
5831
6041
8155
2894
1554
8151
5896
4027
3158
3804
2619
1237
6319
457
5434
7196
2950
8020
6855
6850
5092
5682
751
5946
666
5272
4084
2363
2606
913
7507
7477
4946
7799
7556
1046
4492
7061
3391
7384
1699
2002
6689
3995
4727
6648
5804
4070
2006
1979
4053
3144
3732
706
5409
605
733
3493
1908
7134
1009
5140
795
5124
1722
222
7062
5815
7745
1009
3092
4457
7384
262
3805
780
1245
7418
1671
2006
4806
2489
3298
335
3447
7430
3948
605
6897
7262
7383
5263
7209
83
1129
2738
605
3104
2135
4967
1853
1785
5739
1699
3179
861
6088
1617
7534
3580
5189
1835
109
1132
4640
7625
222
605
605
3104
5552
5248
4792
5348
3623
4011
8135
3104
5908
3940
7692
4905
7557
5127
5896
7110
7207
443
3162
5485
3460
487
4431
39
1414
1121
2716
1830
5256
6160
5740
5740
1378
165
6997
513
5888
715
7221
1477
1718
6809
7624
