0
0
0
10
0
1
0
3
11
1
0
2
0
1
0
0
1
1
0
0
0
8
10
3
0
0
0
1
0
0
1
1
0
0
0
0
0
0
0
0
0
0
0
0
0
0
0
0
0
0
0
0
0
3
2
0
0
1
0
0
0
0
0
0
1
0
2
0
0
0
0
0
0
0
1
0
1
0
0
1
0
1
0
0
0
0
0
0
0
0
0
0
0
0
0
1
8
0
0
0
0
0
0
0
17
1
0
7
4
3
0
0
0
0
0
2
2
0
1
3
1
1
8
2
0
2
0
1
3
0
1
2
2
1
1
0
0
0
1
0
0
0
0
0
1
0
0
0
0
0
0
0
0
1
0
0
0
0
0
1
2
0
0
2
0
0
0
0
0
0
0
0
0
0
0
0
0
0
0
0
0
1
0
0
0
1
0
1
0
2
0
7
0
0
0
0
0
0
0
0
0
1
0
0
8
2
9
2
3
2
28
1
4
3
1
1
1
23
0
0
0
10
0
0
0
8
0
0
0
1
0
2
0
0
0
0
0
0
0
0
0
0
0
0
0
0
0
0
0
0
0
0
0
10
0
0
3747
896
414
7722
210
3589
3732
7389
46
3477
671
5767
3432
390
995
1169
6357
1474
1112
7429
6862
4976
6532
4678
5972
2295
5850
552
3401
6555
6705
3557
5364
3386
7160
421
7415
7679
3368
2013
6510
914
4820
1620
6147
6473
1003
3644
5594
6348
8076
3317
466
3308
6181
5455
1442
1013
2785
1429
6738
5284
7604
4680
4150
4751
4498
3631
899
1733
4291
320
7570
3584
3196
4572
6677
4689
7025
1071
2071
7294
7872
7822
2948
763
4949
6456
3232
4333
1753
5599
3403
6151
1258
7367
6608
1839
6590
4379
6215
3159
3480
7679
2484
5650
5236
7148
4224
6510
2260
8171
5594
1917
6137
5833
2137
806
2142
2330
1858
7875
1727
8100
8100
2582
7954
6557
6668
2229
5112
6790
5183
4497
2487
1479
1304
7277
3320
1248
925
2773
4920
5783
5013
3510
7011
727
3391
2614
6229
3567
3169
1525
8057
6463
2291
1112
27
1305
432
1689
8048
1140
522
4857
5531
2825
852
5086
1011
3121
4214
4018
5418
6254
4460
5848
4280
7625
4561
5048
1688
5188
789
3441
487
216
1608
3489
1730
7476
3290
6454
5086
4521
7713
5274
2569
4896
3391
727
2753
920
4841
6651
1751
6265
2197
1992
8057
3678
4919
6754
2187
4680
7271
2165
7128
3735
2043
7787
5478
5377
5112
6035
4830
7389
6305
7095
7429
7477
6485
3659
4530
5622
4651
1821
7025
1759
1844
6305
5124
505
3678
6010
1515
1831
176
2184
5811
2445
5834
2893
4205
3317
1048
2229
7587
1555
6048
313
2770
5182
3090
6352
4980
7875
4676
107
5250
3717
1474
3104
7787
4253
1429
6862
5497
4446
5546
4939
1744
5472
1730
176
7131
7521
1057
4290
249
6352
4401
6809
379
789
5377
67
222
5124
7264
6010
3468
2291
1477
7496
6325
7804
1707
816
7930
3466
3247
6580
4855
6399
3966
6399
74
6463
5183
5636
5107
3272
6692
498
3169
7875
1429
6348
6662
505
2197
3678
6744
7212
751
8014
5740
1753
5937
6570
781
168
7586
2809
5455
7954
3678
5972
4455
6151
3092
6877
6508
7964
2291
5042
5358
3247
6855
6557
8147
67
3178
3508
2660
4430
2428
5683
3784
5124
4920
1242
7500
5011
3252
4649
7088
1780
3567
7650
2574
4398
2986
5778
4224
6692
7875
755
8076
4828
7653
2897
7306
8147
4216
4384
1284
2449
7907
350
4993
4981
5
6001
7697
8137
7306
3994
5776
2659
132
7521
5366
4780
764
1083
7978
4844
6754
4946
6272
2959
5351
1742
2386
4678
3629
2889
118
5409
4780
5622
7521
7923
5949
7373
3857
5544
4658
5291
7152
5676
3397
1707
5585
1515
6151
6305
6393
7469
505
5910
7569
2054
1650
2502
7167
2011
1977
4976
5182
1608
5989
3612
7212
6485
3567
8100
2439
2444
3165
5720
3868
1552
3446
8057
3678
1753
5022
2994
418
2192
1727
8100
4455
1259
523
7317
5738
2525
4933
7073
4442
7525
7907
6744
5614
2427
1477
2450
6746
7318
5007
3526
6884
7658
476
1604
2574
1968
2978
4780
721
3012
3012
22
17
7212
8147
3331
7771
7829
4143
6811
5883
3378
176
4863
3998
709
3622
3090
5470
7271
7697
5407
3446
3860
6704
723
302
6712
3658
5993
6303
1988
255
3998
5366
1727
3881
5256
4430
3446
8111
5104
2978
3910
5991
3165
51
4446
7875
6378
2984
6378
7704
3659
7804
476
4333
6651
889
7855
1395
4623
852
575
740
6031
5328
4401
7430
461
2847
3531
5325
7829
3347
5817
5622
74
2341
5585
3135
6468
8147
7399
4937
5151
222
4323
8067
8100
2030
6988
4521
266
4505
3224
4365
5354
794
1378
4637
4752
4030
6891
934
3482
4169
4388
1424
5421
5498
6463
2291
643
4580
488
176
6433
3881
803
5366
4863
118
2004
1057
1900
5183
5891
4080
868
8057
7735
6305
4752
4946
1079
5546
6801
6048
4752
308
3125
1378
7430
4455
1619
1541
5064
2889
7841
4401
3567
3317
1477
459
8122
1345
4431
4606
5034
5915
2792
6399
2792
4655
3985
4890
1145
5274
6160
4897
2840
5029
6325
8057
794
2165
4069
3264
7374
5188
1688
838
5124
74
27
5458
6783
6650
3775
7795
3244
5248
961
6928
3030
2139
6662
6348
6485
7080
1515
1283
2574
122
5151
7768
3125
3501
3729
4465
6843
1259
3508
7374
2427
1515
3489
6626
3884
7995
1532
6715
5754
4312
2020
8057
4166
7771
6318
2187
3178
1687
4983
7323
2450
2984
8037
3602
560
7404
7374
6608
7445
7964
3678
6805
3965
7720
4435
4548
6719
1522
457
5350
5168
374
5358
1687
6662
6048
2187
505
8009
1694
7263
7080
4655
606
4275
5556
153
461
7895
5952
7177
968
709
2104
148
2681
7129
2476
5836
8176
5273
1017
3732
90
1604
3881
107
4527
5240
1477
4401
505
4863
7264
8057
5578
3148
52
6400
3178
6744
6453
2801
978
520
1649
1272
547
4336
694
4077
3676
5791
1570
5149
3077
4118
1462
4333
4306
3135
7733
7875
7875
505
8084
7815
2427
7445
2529
6971
6928
695
93
5468
3637
3637
2317
3111
2436
8102
2145
2992
1675
2223
6849
3066
1414
1213
3835
3358
4274
3290
4680
7374
2893
5425
7076
5960
5687
5843
2992
5889
684
472
4907
2561
6617
6397
4167
4556
5362
4810
4061
1315
266
6256
3159
7013
2143
5290
5364
2015
2558
2496
5477
2645
3876
5020
5831
74
4780
968
2064
1613
959
2939
4912
1151
2275
4642
5698
7983
6523
5614
3730
5284
2747
5998
5507
7333
6746
389
2907
6321
2248
684
5756
3287
7389
6998
1657
3998
8100
7438
174
5790
4634
3612
4599
1151
514
3688
4671
4855
4165
2994
1721
7382
3986
1155
4950
4239
5222
568
727
3386
727
8103
1678
4319
6058
331
8122
3135
5416
3886
7911
7590
6438
2376
8057
4446
4509
4291
4264
2662
4562
5550
311
3617
6677
5024
568
46
1427
2175
7989
369
5232
7598
1361
138
6950
2418
1035
5624
3835
7229
591
2650
4800
459
326
7367
243
4812
7229
613
7161
7129
1027
2576
