0
0
0
12
0
10
0
1
9
2
0
1
0
1
0
0
0
0
0
0
0
7
0
3
0
0
1
1
0
0
1
0
0
0
0
0
0
0
0
0
0
0
0
0
0
0
0
0
0
0
0
0
0
2
5
0
0
0
0
0
0
0
0
0
1
0
0
1
0
0
0
0
0
1
0
0
0
0
0
0
0
1
0
0
0
0
0
0
0
0
0
0
0
0
0
1
3
0
0
0
0
0
0
0
23
0
0
6
6
7
0
0
0
0
0
3
2
0
0
4
0
0
5
1
0
0
0
1
1
0
1
4
2
0
2
0
0
0
0
0
0
0
0
0
0
1
0
0
1
0
0
0
0
0
0
0
0
0
0
2
3
0
0
0
1
0
0
0
0
1
0
0
2
0
0
1
0
0
0
0
1
0
0
0
1
0
0
0
0
5
0
10
0
0
0
0
1
0
0
0
0
0
0
0
9
9
10
2
3
2
28
1
6
4
2
1
1
17
0
1
0
10
0
0
0
3
0
0
0
1
0
2
0
0
0
0
0
0
0
0
1
0
0
0
0
0
0
0
0
0
0
0
0
10
0
0
5168
2114
3577
2773
3320
34
928
1886
2421
6106
4219
1107
8
2800
1683
4312
5870
2557
117
2825
1415
8105
1200
4194
7609
2950
270
3295
4744
2741
675
7955
1160
932
7028
32
1852
14
7468
2907
3224
478
1866
7506
1029
2635
1118
5412
234
6103
4807
4017
795
149
361
693
6563
39
5533
339
4782
1940
3617
5621
531
5403
4609
4361
4569
1473
6321
208
6668
3775
760
1900
6480
8176
2989
7609
6422
1084
126
5997
6983
4714
3834
7035
7079
64
3944
3089
1321
4457
5205
1618
1830
4340
3682
98
7258
6824
5445
5807
2753
3589
4116
2042
3036
6422
649
404
6885
4783
5332
97
4345
469
1104
4362
4504
1472
4548
7256
3676
3532
7464
4457
1709
2328
61
478
4716
4116
3863
4379
3202
675
97
2369
4208
4936
3471
1849
6829
1522
5563
7342
4720
6631
6631
5496
2127
852
7717
3229
2538
3560
2379
7823
5189
7575
8125
3659
1140
5708
4422
1534
4033
3777
4377
2894
857
919
7723
2057
2166
2057
675
619
780
5064
3718
7800
8142
3707
5281
7750
4533
6926
5936
6876
4424
6756
5278
1338
7430
5535
7060
6557
1707
4679
5662
7753
2271
7779
84
6932
1441
7011
5364
7679
324
4633
6921
919
2819
2544
226
3197
7803
4160
3055
3361
7011
8023
6549
2897
3567
2809
549
545
5417
3566
1397
6631
6557
562
8122
4697
6352
6010
3668
2654
5227
5261
7524
5652
5739
5791
4604
2248
1345
7609
2226
7185
6256
2716
4702
6468
5799
6999
6464
6516
6048
27
7323
8031
3985
3441
6631
5967
5366
1474
449
5546
3857
5251
5011
4696
2943
5971
5691
2479
7035
2979
3445
3885
7196
4426
4504
3595
2508
5880
5286
786
2472
1855
7478
2142
3140
1894
404
7274
3331
7667
3895
8186
7146
3247
2021
1104
6557
3074
3664
5160
4699
63
3980
3762
5689
6000
2862
3718
7074
2943
6468
4374
1810
7233
5028
2397
2427
4450
5184
5760
6745
7702
4487
3868
6745
4963
7282
2353
6431
5669
693
24
286
5871
1505
1074
7061
6735
4245
3567
7760
3522
2268
1354
5807
1858
2740
4483
893
7377
2660
6794
6057
2928
4648
4437
1608
6687
6676
4515
2701
8175
843
5332
7389
4934
7176
4400
3642
531
866
7146
3940
3839
3971
2353
1826
6138
530
3707
4356
5593
6185
2584
6322
6443
5681
664
1359
8095
3657
2007
6061
5691
7221
2218
3440
4343
61
5629
61
5833
4530
377
2643
2633
5471
7875
206
5317
322
7608
5838
2475
6031
7595
2682
5011
970
7534
68
2021
7476
1847
2553
515
5764
1700
3092
3161
7061
8187
7823
4022
6745
4019
6268
6399
944
4220
5820
5373
3370
7319
1688
3718
2497
7903
5286
2109
3566
2290
2139
6468
1377
1186
4550
4357
4040
6036
7527
3773
6480
3684
2223
5998
7311
7903
5786
5967
5655
2165
3235
1950
5659
5144
5537
552
5654
5330
3530
6107
5496
5927
371
1555
545
2407
6682
2823
6256
4887
3885
5890
0
5500
7405
2684
2614
6399
3472
6007
7907
4515
5479
7388
7074
67
4499
7148
1930
3166
1004
976
4980
5949
1841
6605
1855
2734
1965
2923
7135
4291
2544
3099
3579
2979
1497
1836
2150
5286
6299
7469
7131
6010
8013
1069
6738
5634
377
7887
5977
3667
1069
2448
6363
1911
100
4611
706
255
2405
2196
1532
2672
2244
2210
5281
3666
7149
6131
6689
5510
152
206
1788
4679
3317
1184
3770
5373
1377
3238
741
6523
7537
6822
2785
1708
7749
2251
5622
495
3994
5837
5434
1767
4975
4847
3732
2548
1217
6249
4412
5478
2090
68
1753
5278
7263
1693
2064
1579
3351
5967
1707
2809
7409
1104
4427
2573
7704
6336
6556
2281
5723
2010
6604
6137
7437
4412
7051
8128
4796
7625
35
826
7060
7981
449
2291
4118
4535
5340
7049
4165
2251
1894
2004
674
7855
4437
7704
4855
1208
5626
5318
2471
5984
6886
5808
1535
1304
2223
6999
1308
7415
2248
1950
732
6817
5124
4679
4697
4863
6059
6214
4515
1151
6750
1707
5852
420
5873
449
6336
7800
5894
2138
4316
6700
2015
3299
4913
3628
5332
7216
4255
6679
1105
702
2427
1336
353
6010
1347
3790
1308
1029
1855
2760
6128
503
5382
3446
2187
8076
6398
3629
1068
2246
7048
1217
6650
6286
2521
4329
3480
2418
6004
5332
1441
5403
1100
6964
2353
4655
6968
1907
1852
1824
6068
237
457
2635
5105
5889
6790
3677
1360
3348
3079
7064
7573
2194
604
6525
2256
169
7962
7867
3960
7982
389
214
1621
1100
513
6233
671
2063
2987
1824
4153
4070
3909
5763
8068
1769
3740
5185
2761
116
602
3186
1939
281
2473
7603
4640
2544
5928
3092
4330
7592
4578
7269
1154
1748
8078
7827
369
832
1699
4824
795
24
266
6648
6521
463
2230
1979
6307
5514
1220
6810
6778
61
8175
3307
829
3756
390
3413
374
3274
772
441
2109
2802
4194
7852
250
7882
999
6275
2002
4027
7844
1702
2210
6354
4134
5273
501
1304
7136
2849
5681
7357
2219
1395
1900
5975
5434
411
8092
5332
2679
1028
1653
3161
1535
6722
7029
2062
7692
710
8046
899
4492
3790
2802
2555
3473
4592
7442
2884
6778
3092
6690
1114
6124
7418
7902
515
6240
6936
4482
832
2753
7077
5175
3684
2271
3254
4812
5627
7120
5704
4578
744
727
3305
4695
6346
869
2289
1998
3878
3263
90
4604
6451
3750
747
2576
5015
1939
3280
331
7798
6137
5277
7767
4291
7012
3299
6243
2916
7590
4249
4950
7980
727
6020
6820
7948
2703
6275
4700
254
2056
951
7344
1595
7811
5853
234
2300
5691
5994
3742
1160
6346
2442
5998
334
7031
5977
3733
6563
2229
1520
7882
4491
2057
4217
1849
2005
3706
4426
5344
2573
5810
8128
6989
1767
5805
854
2436
6114
3969
2252
1544
6131
4297
7243
6031
7210
5614
7748
5631
2663
2560
1440
5292
7491
1450
4597
5654
2244
5998
479
1091
3902
2327
1010
7497
6228
1029
1027
1965
4217
5918
2130
