0
0
0
11
0
0
0
1
10
0
0
1
0
0
0
0
0
5
0
0
0
14
0
5
0
0
1
2
0
0
1
2
0
0
0
0
0
0
0
0
0
0
0
0
0
0
0
0
0
0
0
0
0
0
0
0
0
1
0
0
0
0
0
0
1
0
1
2
0
0
0
0
0
0
0
0
1
0
0
0
0
1
0
0
0
0
0
0
0
0
0
0
0
0
0
2
7
0
0
0
0
0
0
0
30
2
0
6
7
5
0
0
0
0
0
1
1
2
0
5
2
0
10
1
0
1
1
2
1
1
3
1
1
1
3
0
0
0
0
0
0
0
0
0
2
0
0
0
0
1
0
1
0
0
0
0
0
0
0
2
3
0
0
1
0
0
0
0
0
0
0
0
2
0
0
0
0
0
0
0
0
0
0
0
0
0
0
0
0
1
0
11
0
0
0
1
0
0
0
0
0
0
0
0
9
7
10
7
8
0
28
0
1
5
3
2
2
38
0
1
1
11
0
2
0
1
0
0
0
1
0
2
0
0
0
0
1
0
0
0
0
0
0
0
0
0
0
0
0
0
0
0
0
10
0
0
96
2285
5019
2830
7093
7033
7860
1497
5423
7882
727
811
1523
7848
8005
1299
6479
6918
1303
1562
2283
5201
1735
7129
8094
604
3734
1093
641
7250
3925
6418
6651
6122
2133
1291
5843
488
858
3063
389
170
6059
4492
1469
6993
5333
2616
2498
4407
1503
5694
48
4015
6462
3757
1977
7073
6734
8145
5238
3648
3606
6559
4216
7332
3572
6465
1702
225
3544
7827
5948
432
7180
7967
139
4568
7276
5333
8112
6027
4203
3833
6837
3779
7481
953
6537
1897
408
6049
113
905
3728
902
331
4670
1076
1852
7218
1852
6902
4759
4759
30
671
3835
7781
5010
2441
2366
2920
891
612
4026
2874
7991
7088
4724
3087
7653
5505
5270
7726
5288
4594
7583
1020
2629
5948
3572
3284
568
5687
1043
5364
3857
4871
1251
2491
3415
4994
8149
3484
4041
3425
6037
2158
190
173
7955
2521
381
7879
7667
4026
1029
7618
4348
466
3504
7244
482
5364
7494
4061
4759
7908
5537
8121
659
3163
364
701
6905
6239
4838
7450
4653
6340
2180
78
3247
7728
3803
58
6870
4772
6438
16
7980
5010
3773
6583
2127
1988
7636
4673
4759
1584
7180
740
2738
6985
6695
5533
3606
205
1410
5917
5564
957
936
4402
409
7634
6180
612
2180
661
2002
7980
4759
534
7405
6271
2464
5913
916
219
1621
1043
478
6571
5288
1300
7183
1451
1959
6367
1321
7693
103
4799
5718
3118
5852
594
1897
2053
7935
6866
6137
2105
6013
1606
4238
372
1765
1534
3762
4419
5450
5896
297
7494
6309
5424
6885
2883
198
3535
6782
3116
4714
5550
4832
4838
3362
106
1489
3064
3087
5638
8048
2552
2175
6547
6384
7596
7845
5183
7642
2146
2398
5467
4167
6620
1166
445
1959
6453
6416
7608
487
4671
3064
6783
6120
8124
4772
7659
312
5610
5570
429
8023
6613
907
727
6593
4561
4489
2679
6571
7634
4501
1092
2871
5331
6866
5089
696
5790
4829
1614
7653
2148
7359
3113
4486
5771
6867
3417
701
4360
4665
5021
988
6770
2676
2061
4866
2184
4291
6295
3417
4144
6570
646
3472
3662
6855
7433
275
5401
275
1027
7107
4287
2401
3990
7668
4882
6179
5538
784
6719
1251
4922
393
4016
2784
2411
2034
5285
250
6277
2571
7481
7793
4653
3820
7728
4158
3539
6236
1556
4494
5861
4833
640
7710
1629
2755
3424
287
2964
1379
6428
1897
6736
138
3068
4788
5292
3600
2802
1766
2964
4576
7935
1063
6476
6428
1887
3484
7952
3035
2185
7710
4887
4923
2298
221
570
6278
3509
1537
4923
1368
4968
6381
6892
4887
4356
4356
1776
6391
8124
6300
5052
4629
5061
5950
1605
4402
6158
6184
696
7842
1235
5311
2613
3560
1000
2786
4942
7952
6049
178
1342
5307
5331
4394
4472
7910
6082
3504
2063
3087
2440
2789
196
6801
5052
3423
1504
178
7450
2571
5333
1665
515
4561
5068
3007
6108
1716
6326
958
6866
5141
2964
599
3087
6076
2002
2679
4291
450
4838
2908
2213
4642
2140
754
7283
6161
3918
4456
3919
2853
5885
2468
364
1632
4769
1304
3813
6067
3434
6070
7169
7130
4626
3064
4922
2916
1308
1319
3541
1576
8087
2528
3040
660
1575
5004
7519
6056
5449
812
5961
5449
8152
3639
3628
6248
944
5312
6887
234
1499
665
1864
6361
7186
620
4796
2679
3443
4950
450
4644
7091
1977
7091
5841
1977
2438
6424
794
3757
86
6424
7222
8020
4252
298
1213
5904
1712
3945
1570
6489
670
2903
5653
7820
7136
1886
5322
5748
3074
3443
7484
7350
1109
6086
8149
2224
1720
4871
6694
701
1612
2702
1712
6330
2577
7104
3039
2488
1392
3521
3756
3879
4370
3041
2250
313
670
3689
6665
4663
3502
7751
2661
3835
1100
893
1758
2102
5849
4012
7560
1400
2514
1840
7649
1741
3306
4090
6496
190
6428
6314
2564
4501
5649
8131
7792
1903
4360
7528
7481
321
1455
2488
6645
4698
3481
4906
3757
7068
7991
2517
6157
7536
6416
5307
6521
2884
4323
4816
4799
4288
962
5331
5609
4012
2102
3000
745
2153
6300
2386
8026
4336
1504
4263
1595
1748
5470
4600
1633
5866
3558
160
7987
4999
3563
99
7102
7732
5350
5092
3666
4810
5407
5262
5508
7728
8149
86
6734
7994
5562
4012
5550
839
6742
4932
7995
783
6708
2684
1155
823
8146
5533
1323
178
5331
2231
3957
7176
3492
4005
2607
796
7854
6249
7034
7232
3757
3041
5727
6855
3926
4105
2846
7423
4352
1550
6997
1550
2916
4242
1155
5288
6861
5828
6118
4704
7733
6848
792
6783
4737
3716
4885
7441
4037
1428
5870
4424
4740
4266
4512
7955
7481
7751
6424
4875
2328
7153
3207
4812
5232
2271
4255
1932
7570
331
5052
3633
3273
3035
1613
1389
5429
8175
4497
8094
5210
5891
3853
7710
3257
1160
508
8030
6430
7381
7602
6031
1997
4735
5279
1539
7223
4202
4202
4892
7492
764
5173
6201
7955
2299
7049
3529
2445
3269
1216
6461
7407
4805
689
3507
2339
5385
795
4070
5073
5010
3416
4880
1997
170
7716
5279
3741
6089
7670
7344
4291
2676
6089
7229
7408
1550
1155
7528
2602
2079
3874
2786
6637
6742
3957
4340
4950
3682
7121
4759
5530
4747
4472
7967
3541
7011
568
5798
6818
7679
5024
721
390
4950
8025
5013
3682
783
4569
2517
2151
352
1547
1783
7693
2656
5292
4340
5364
170
7491
2761
14
1010
772
4880
7642
1164
5173
559
7484
3888
631
5579
1488
2136
6417
2080
2465
4472
5442
1067
7593
3288
3954
622
128
7582
1769
4340
6031
2248
2854
5176
3790
6384
1279
3682
390
1453
7956
425
390
7405
6852
2620
4058
1475
506
2917
7865
5589
1479
4719
4412
4549
3626
819
907
1988
5731
6059
1534
2654
4573
4348
480
6553
7223
6060
3260
7910
702
845
5129
7350
6671
7475
3719
3206
3617
4751
7886
5694
6612
7106
2741
3125
2379
138
6395
1209
6306
2285
5343
2892
4017
4900
3414
635
1893
4813
450
7484
5650
