0
0
0
12
2
0
0
2
10
0
0
1
0
1
0
0
3
2
0
0
0
2
9
1
0
0
0
1
0
0
1
0
0
0
0
0
0
0
0
0
0
0
0
0
0
0
0
0
0
0
0
0
0
2
4
0
0
2
0
0
0
0
0
0
1
0
0
1
0
0
0
0
0
0
0
0
0
1
0
0
0
0
0
0
0
0
0
0
0
0
0
0
2
0
0
0
8
0
0
0
0
0
0
0
24
0
0
12
7
4
0
0
0
0
0
2
0
0
1
1
0
1
4
1
0
0
0
1
1
0
0
2
2
1
1
0
0
0
0
0
0
0
0
0
2
0
0
0
0
0
0
1
0
0
0
1
0
1
0
0
2
1
0
0
0
0
0
0
0
0
0
0
1
0
0
0
0
0
0
0
1
0
0
0
0
0
0
0
0
0
0
9
0
0
0
0
0
0
0
0
0
0
0
0
10
2
9
1
0
0
32
1
4
2
2
2
1
19
1
0
0
10
0
0
1
4
0
0
0
1
0
0
0
0
0
0
1
0
0
0
0
0
0
0
0
0
0
0
0
0
0
0
0
10
0
0
5019
3542
5129
6547
5037
1076
8030
2470
852
6450
7784
3777
6847
4568
7506
5475
2868
6218
2757
3299
6818
2773
1774
3959
3389
5220
2464
201
2459
4609
3482
5627
3993
6709
3449
3625
6520
2601
8073
1157
1466
3225
1839
1590
3230
4295
5796
4201
3391
1029
1345
102
4806
5998
4735
297
2958
3477
1852
6135
1554
967
2736
3572
3823
7197
5987
4359
2309
6976
5050
2199
2358
1038
7
6850
5104
5109
5100
8046
6761
1824
568
3643
7588
16
7143
2372
5290
2066
722
7154
4202
34
6510
2066
4672
4672
4379
7586
2507
3656
3232
8111
8089
7593
3762
683
1942
4525
7795
5386
3017
6828
4598
3830
3543
6059
7827
486
2915
421
123
7860
4361
90
6668
4007
1118
4965
6667
1527
7586
466
1698
232
6520
2507
3510
8093
1070
3291
7282
4197
6877
1525
2583
2330
1855
990
3541
5778
1103
3253
4491
1478
5531
1733
2922
6020
288
7461
6995
7031
3557
5037
4109
6869
448
348
6458
6915
3592
1942
6501
3358
7848
5353
4539
237
2904
449
3184
5054
2208
4578
5171
5892
4835
2671
7722
5185
536
5447
6976
7639
4866
7874
4609
1124
5412
4475
2737
4199
5816
1362
3730
282
2991
1968
2925
6068
5417
2933
6125
6441
3650
4107
6633
1339
1823
6645
5547
7596
4238
6082
896
6976
5574
5279
1776
1880
6320
631
1944
3218
7577
7822
217
3531
1728
6638
3321
229
8012
2368
7323
6352
904
6616
3423
996
2868
1118
3480
4379
5661
1550
740
1046
7917
2676
6135
1522
2494
2777
7294
7784
704
5485
2153
2897
7849
4429
3278
6233
484
1208
7801
2975
5017
1973
4131
2464
3741
1836
7258
1118
783
5779
1105
7408
5945
4507
6737
1944
3240
6945
5394
4809
5139
33
1221
1847
5117
3567
4993
5535
5464
7209
3189
6631
957
2020
649
1534
8103
5821
448
4580
6258
5714
5165
5536
5536
5412
6135
6447
7784
811
4735
3185
3278
6814
5416
3719
6005
617
2019
6372
2042
6850
7111
6768
945
421
6510
6989
4273
4018
2686
998
4569
1748
1988
5536
4120
389
1988
8160
4578
1740
899
8012
2511
6528
699
2157
5844
2206
2675
4396
1527
4396
6733
2637
3959
702
1682
1244
1776
6395
2868
2918
5661
5998
390
5997
7753
899
5536
5048
4372
5798
4365
5101
6743
1183
7327
1778
819
3045
4119
4369
6631
566
3351
7363
6303
4568
6824
6417
8121
3077
4291
2459
3512
5290
170
6761
7484
649
1308
4618
3541
4594
2370
1797
5581
4520
3910
3289
2904
142
473
2172
3439
4985
664
1940
568
2080
2271
783
3391
2112
4609
3300
2062
4950
811
6510
2405
1105
3069
3220
7223
4735
3322
1770
5843
6957
6496
1599
652
796
857
796
427
4095
6023
847
215
1331
7178
2601
96
3188
5594
6510
5220
7258
5113
2907
1830
1664
6417
7294
6320
5214
3614
7330
1326
2472
4421
6862
2501
584
3790
7440
1078
6264
7895
8186
8135
6552
4594
568
4722
2777
3541
4796
3240
4312
684
3730
5798
5412
5536
5220
4950
5324
6233
3221
599
7738
1711
4707
332
3760
5682
3977
3942
272
3910
7718
7296
8141
7001
7143
896
5454
46
6818
4522
2354
2464
121
568
5113
3253
255
5113
1039
2247
2276
381
294
2785
1274
4017
1488
5945
450
5820
3981
7987
7998
6562
2412
6766
8018
7484
5801
3741
1698
4735
2958
7246
1803
3232
1281
5077
5778
354
5464
4877
4104
4942
603
2381
711
2010
141
5898
2671
1676
7856
2128
6490
2484
3111
6211
1887
5591
6831
2464
1281
1774
6417
7570
3220
3220
4341
5326
6787
1805
1876
1548
7075
6430
553
5400
389
3167
1172
3198
7613
1959
7885
3253
1862
4649
5260
6963
6755
3273
5778
5048
421
7419
6384
5013
649
5779
2773
5785
5604
5463
7111
5522
2519
826
3621
1699
2961
4431
5613
728
2800
4001
815
6196
1760
7387
2696
5835
3894
3062
7400
3542
5412
1680
7497
3477
418
4594
3477
1005
2519
3441
7934
972
2007
6052
4118
5753
6448
7976
1317
4401
6681
4005
1671
3579
7432
4615
2530
4688
6634
2933
5379
4291
1103
1836
7827
1473
1550
649
3140
6594
6683
7443
5099
62
3467
4342
3107
4113
5894
4919
2541
7534
4052
6681
809
5820
5725
1744
6731
5463
2460
4396
3652
6732
2678
4575
1164
7679
1664
7872
474
7346
7919
7367
3410
674
5245
2955
233
4902
730
3135
6681
2824
7667
6562
2140
8070
545
1259
7162
2258
2104
7938
2933
5455
6677
5536
5279
411
783
6818
3838
1107
560
4574
6960
4740
1837
7480
5556
3295
2706
5556
1070
6044
3330
5863
7714
7605
3441
247
3627
3287
3265
1512
1599
6523
2907
4120
2773
536
6720
332
3808
5444
6843
98
5745
5387
2910
2846
1321
4696
745
2770
7914
7901
7210
1239
7156
1626
2171
347
2809
1635
3287
5722
1458
3463
3188
5536
3414
4341
4609
2150
3921
5139
83
2809
7438
6605
5967
7400
1247
4601
3366
4168
4872
4291
5778
3331
573
3149
6157
1635
4551
1855
4443
715
7973
4990
631
7613
421
4164
6384
5352
2731
1799
6425
483
5967
1833
6843
3985
4362
7698
1326
3993
3542
7784
5896
2907
1424
6885
826
2682
566
8137
1077
1429
4511
5970
3682
5778
3747
783
390
5589
1591
1591
3063
944
67
325
1876
6108
7085
3854
4718
7582
7798
559
4291
5896
783
2629
1382
7181
6036
6850
3441
1186
1561
6164
5778
4120
7570
3188
2676
1073
89
7822
6536
3282
2977
1515
1231
4698
6799
2907
4120
7910
1075
1105
6227
215
3504
568
6227
7545
2649
739
6627
6296
901
2987
6320
421
6065
811
4202
4644
7872
4569
6553
7246
7236
6053
5661
215
255
5403
1803
2410
631
5579
5778
2629
6135
1971
783
5982
1664
7405
2104
7926
2354
3541
2464
5874
2459
6548
2494
747
6262
4525
7205
1621
4329
14
5514
1836
7596
6135
1425
2405
6720
4707
2496
3389
3449
6376
811
3443
5778
6588
6417
631
4120
631
411
