0
0
0
11
1
0
0
1
8
2
3
4
1
1
0
1
2
1
0
0
0
2
0
0
0
0
3
1
0
0
1
0
0
0
0
0
0
0
0
0
0
0
0
0
0
0
0
0
0
0
0
0
0
0
1
0
5
2
0
0
0
0
0
0
1
0
0
0
0
0
0
0
0
1
0
0
0
0
0
0
0
0
0
0
0
0
0
0
0
0
0
0
1
1
0
0
6
0
0
0
0
0
0
0
22
3
0
10
3
6
0
0
0
0
0
4
2
0
1
1
2
1
7
1
0
3
0
0
2
0
0
3
1
1
3
0
0
0
0
0
0
0
0
0
1
0
0
0
0
0
0
0
1
0
1
1
0
1
0
0
4
0
1
0
1
0
0
0
0
2
0
0
3
0
0
1
0
1
0
0
1
0
0
0
1
0
0
0
0
6
0
8
0
0
0
0
0
0
0
0
0
0
0
0
7
4
7
1
2
6
26
0
1
5
4
2
4
26
1
1
0
15
0
0
0
4
0
0
0
1
0
2
0
0
0
0
1
0
0
0
0
0
0
0
0
0
0
0
0
0
0
0
0
10
0
0
5196
5582
6691
1081
5303
1626
7601
305
6033
4263
6502
1735
918
1456
2190
8017
1113
6807
1334
7726
5732
6027
3367
4085
1566
7738
7463
1587
6326
3938
5562
8102
84
6149
6351
7129
4024
6397
5337
4814
5885
7842
1840
4394
5524
7161
2667
2488
6786
2725
6690
6573
6586
2890
2046
8090
4425
7543
6583
6634
155
7398
7244
4607
6593
2126
5401
901
8017
1815
6559
6603
6328
7815
5009
4923
7161
1504
1897
2488
6381
5083
3019
2769
3898
5312
2886
5641
7107
3345
2996
7203
7543
263
520
1649
8095
7340
1189
7383
7611
2700
3593
7511
4394
6496
661
6153
3315
445
1149
1903
429
3898
6424
4773
4090
3116
6910
2288
1297
1612
1495
6690
4490
4186
6977
2280
4497
7120
8112
5538
4128
1000
2394
4770
7837
2151
3757
3539
1036
5625
5232
1166
6585
5841
4750
5585
2970
3622
2011
6747
4871
1764
2680
5905
57
3062
5524
2247
4491
805
1328
1495
3768
4689
8040
4213
4703
7227
4079
581
6583
5452
5555
796
2677
8094
6724
4905
4703
675
471
2042
3623
5149
5793
3780
6854
5083
2804
1310
3747
1084
7960
7952
1199
683
7227
1107
6882
4295
6020
5808
239
6798
7752
2717
5970
2389
3214
1401
7260
8041
5844
2272
2885
1571
7210
5772
4353
1479
2792
5105
1824
6691
6515
5204
7617
817
3347
1117
7
5762
4511
7518
2878
1753
1366
4583
6235
1466
309
7846
3676
5167
2493
1805
1570
738
3742
2103
945
1749
2009
4394
1824
7649
6665
6885
6294
3672
3209
933
6521
6467
681
5142
3848
5528
628
1570
4524
5970
5078
1015
5993
7752
640
2305
1551
256
507
3634
935
454
3238
8149
295
4490
6607
3320
2530
5127
6741
7844
2976
1544
7154
725
3408
4831
6844
5312
6129
4081
2487
132
910
1934
540
6003
4526
2429
6522
2621
6108
2251
501
7848
4503
57
7048
4384
4268
3488
808
1979
1117
4232
5109
5655
3543
487
7672
1537
6697
4211
1981
1503
8060
7442
8057
1911
62
1880
309
1798
5201
1212
5128
5186
4315
5617
841
6612
8174
4643
1591
6572
1241
7038
201
2557
827
1136
7026
7109
3601
6710
7466
6057
3716
5970
5039
2333
5151
350
2289
7005
3261
6235
4330
7014
5436
6752
5722
4805
3307
1110
1882
7577
6069
201
1835
7721
1905
4446
7210
6560
4268
4249
2727
3076
303
4735
4662
504
6292
3037
3964
1805
5240
1463
6925
7987
5654
2698
8135
2349
3695
2793
725
7059
5403
1435
5761
5589
235
6417
1667
2091
6365
2006
1972
5871
3504
5731
4429
5046
2532
2320
5979
6131
6536
2249
2979
5995
7189
8190
5276
2630
3854
6303
7353
6137
2987
507
7303
6136
6948
61
7831
2716
3882
406
7136
2601
3888
1096
2682
2396
1705
6885
4606
4505
7804
2715
373
6792
2671
3854
4232
6649
747
87
5897
2950
4743
1048
3257
4495
3741
2047
3075
2727
3076
3063
2229
4361
2508
5862
2552
5274
8099
5804
6612
7195
7312
2072
2766
282
7424
4662
725
4377
3853
4511
5780
1204
4080
4372
1682
3486
6932
3848
6955
3981
4107
4427
4598
7363
681
6187
2012
4481
1826
3540
7260
7024
6131
7931
5140
4127
3153
2454
1350
3620
4352
3838
4080
6720
3536
5397
407
4427
2728
3037
6843
2103
5844
3051
8139
1396
602
7138
4013
4487
3924
6229
2435
3765
1850
298
3115
5711
4572
2429
7617
1946
7319
1076
6720
908
1413
3804
5625
2041
3740
1430
967
3265
3642
3209
4062
3153
5066
5625
4097
884
2156
3534
882
681
2979
2878
2417
5105
5167
5492
7053
2041
998
2973
5054
1253
6898
83
617
7217
6731
7059
4310
2186
8103
3209
5584
1118
1856
5726
7141
7279
4377
1566
4013
2195
459
6278
2680
5827
1613
5913
785
7304
199
1670
906
6023
1010
7416
5109
5896
201
7378
7880
4944
2892
6198
5547
6198
7885
325
3010
3121
1796
1919
1585
2481
3609
124
1630
5828
5135
6036
150
4905
1742
3055
6612
6752
5066
2164
998
11
1185
747
2894
201
7885
3993
1954
2956
3318
4424
6941
2727
325
6224
8091
292
2341
5888
2463
826
7755
7416
6003
1742
6925
189
986
7931
1613
4079
1982
1076
5276
6824
5430
143
1740
2112
2894
5830
2956
1413
5375
1970
6569
5133
341
7067
906
5422
712
156
6827
423
6932
773
7134
7038
6717
4836
5739
366
7154
7154
5482
7727
6825
5734
6892
4457
859
434
1818
6522
5335
1590
4295
7416
3171
1262
3159
7163
2448
1107
6216
7337
3263
6925
683
4482
4702
6013
386
1527
3986
7029
8187
3834
5344
34
4037
967
1670
120
7423
1676
6049
620
4184
7836
3374
5688
5576
683
2578
7227
7649
3457
7337
5739
1130
2887
3265
1241
3191
4866
7029
6720
696
3636
5128
6733
4598
3307
1078
7710
3019
5885
2440
646
5550
7284
7130
7215
220
2549
5167
5127
3566
7129
7227
7455
644
681
8190
7029
3721
2041
1241
6756
6424
4869
6768
5225
4268
6733
3791
2882
5313
1549
1390
1390
2382
2438
5047
8052
7701
6783
667
5219
5490
6956
2834
2491
3762
5808
4170
1768
7029
2132
2530
2266
944
4626
282
5219
3412
364
7130
1887
2065
1549
5947
5362
7410
7120
2046
7721
6476
1321
637
103
4421
5757
6340
7637
5999
5065
785
908
5604
237
7141
256
1852
359
2886
1310
5179
7952
4960
5052
7616
528
5307
7091
3724
834
5044
628
8005
776
267
824
6320
7491
3144
1537
7752
5236
7506
1852
5168
906
4059
7727
6320
5514
7760
4127
7410
5827
6819
5570
860
2816
5362
5047
1933
5570
375
1626
5926
6133
8008
5523
3747
3120
4255
2271
5232
1319
5982
4716
6320
2279
3444
7405
1836
1319
297
637
5827
860
1342
7088
7473
2619
6425
5570
6819
3172
6665
4409
6425
1191
1605
6425
170
4255
3414
3414
7926
437
432
5517
531
1824
721
5385
3747
3747
255
405
5313
5876
6435
6397
7030
2619
4807
305
5241
299
5757
6419
7409
5016
1418
4807
