0
0
0
10
0
0
0
2
11
2
0
1
0
0
0
0
0
3
0
0
0
13
0
0
0
0
0
1
0
0
2
0
0
0
0
0
0
0
0
0
0
0
0
0
0
0
0
0
0
0
0
0
0
3
5
0
0
0
0
0
0
0
0
0
0
0
1
1
0
0
1
0
0
0
0
0
0
0
0
0
0
0
0
0
0
0
0
0
0
0
0
1
0
0
0
0
6
0
0
0
0
0
0
0
25
0
0
12
5
5
0
0
0
0
0
3
1
0
0
1
1
0
6
3
0
1
2
2
3
0
0
2
0
1
2
0
0
0
0
0
0
0
0
0
1
0
0
0
1
0
1
0
0
1
0
2
0
1
0
1
3
0
2
0
0
0
0
0
0
0
0
0
1
0
0
0
0
0
1
0
0
0
0
0
0
0
0
0
0
2
0
10
0
0
0
0
1
0
0
0
0
0
0
0
12
5
7
1
3
1
35
0
5
3
3
3
2
33
2
1
1
10
0
2
0
4
0
0
0
1
0
0
0
0
0
0
0
0
0
0
0
0
0
0
0
0
0
0
0
0
0
0
0
10
0
0
6393
7764
4270
7570
5208
7871
6973
7806
1709
7153
575
5771
775
4190
684
249
3631
5063
7871
121
7294
5724
7613
2843
2907
1082
1595
8030
7028
4698
6149
3535
2217
3686
5283
6117
4350
7781
4214
6545
6851
7871
3584
7373
6219
4270
5322
4007
3161
7520
3642
3402
6441
4841
6660
7389
7591
5682
907
7391
1971
7108
5955
5523
1941
5477
138
5909
7437
2429
2015
7851
361
7966
4694
5997
3763
4020
7389
7415
5255
4796
7389
5730
1295
2102
166
3588
5308
1535
7866
4375
7745
7436
1499
7294
7258
5107
795
2591
3740
2916
7040
8048
3762
7997
2166
5248
2354
2525
4796
2916
5255
1009
4224
1246
6625
6607
282
4037
90
7732
3795
2304
5411
1617
1241
5730
4834
8029
4824
6645
6202
2622
1660
6176
7893
4099
1767
3631
4213
4543
7692
4852
5255
4876
3914
7298
6665
7457
734
3035
6306
2856
338
5933
665
6521
729
6202
7887
2551
4500
2049
651
5332
5973
1557
5483
6837
6982
6958
4689
845
932
5688
5283
1616
4490
6033
4128
1637
3097
5818
2839
6495
2031
3835
619
3037
7598
778
7096
2275
6622
5885
5691
4383
190
3509
7660
7944
1908
7007
6792
7156
4849
4213
2935
1756
7329
6205
3554
5582
3115
7001
1651
3161
3358
4729
6227
2737
566
7913
6675
5362
4127
788
443
3143
3529
4313
2488
1086
2882
4816
7848
6742
1572
1248
7605
7557
3423
2492
2607
2262
2208
1521
3227
7492
4852
3439
2737
3614
4892
6922
1299
7261
4230
5919
6531
6133
893
4773
240
2469
4171
1840
322
6849
4394
1598
6401
3606
4161
3133
6340
1428
3054
3566
1840
7116
4150
8007
7640
8080
5444
5909
1506
2155
1334
6345
5132
3994
2886
2804
7814
495
3437
3529
888
4576
1955
2364
240
8164
6780
2375
1556
4486
1368
963
1321
7580
6721
7091
221
4343
2034
7229
3744
7693
4032
4489
7709
570
4332
809
5800
4128
3756
6240
6177
3103
4928
6268
1092
2239
6416
5044
2993
6688
6239
1033
1549
6219
888
3227
7554
7655
5313
1345
7161
5186
4826
7987
2944
4184
7147
5060
4728
3247
669
719
1720
2250
6053
2924
1261
2917
7560
240
6444
1421
5141
2247
7191
1410
4167
7068
2153
8052
7035
6231
1093
7649
6103
1379
2902
2069
3829
2456
6416
6641
2237
1113
4154
275
676
3799
2053
10
5870
4860
1761
1487
1382
961
3500
7320
4671
2725
490
2883
7433
318
6622
594
4230
5321
3964
1148
5711
3593
7476
4544
8114
3779
1726
4159
6274
4388
8087
3764
1261
6209
4078
2621
7245
4974
5009
1389
8022
3099
7249
7215
8102
1203
5827
4269
2917
4737
5044
6903
7951
2700
3914
7710
1820
7842
6064
5606
3737
2416
4617
3652
7511
3918
5196
3200
3163
2769
3206
351
2706
5978
311
6328
1251
2693
3990
5154
5049
309
1492
6977
3945
891
5483
7944
6920
6724
1686
1625
5784
1928
700
8004
4187
1367
5004
8164
2599
6486
4750
6304
9
1516
5872
5044
4490
3101
4642
291
7298
5885
829
2498
6521
4671
6538
6719
7599
7755
2566
3633
2416
6039
436
7855
3885
6559
4642
1695
6006
878
8134
829
223
2890
5771
4797
4606
7326
7400
2786
661
242
445
1251
3534
3133
7710
5158
7930
519
1402
5644
5036
2396
3492
99
6671
8087
1964
6803
4781
5170
3565
1735
6489
3035
3984
2053
1191
7851
4880
7389
6141
683
1590
3965
565
5044
7392
7826
2535
5974
7608
184
4533
1299
2046
6515
6878
1885
6416
1665
1692
5995
7055
4490
1993
3626
4137
5303
6137
3052
1046
1733
820
4812
1902
8071
4683
1056
5422
6794
4759
5211
4527
988
1683
5513
1612
4305
1368
745
242
2714
4137
1149
7084
1171
6637
3195
1897
6736
6577
2144
4340
7592
1504
3064
2102
2621
5763
883
8010
2495
3285
6373
550
7944
7261
3412
3864
1981
7215
5040
3955
1392
6694
364
403
4003
7008
2375
5852
6161
3891
8131
3589
3457
868
5204
4408
282
7102
955
6288
624
4211
4126
4314
2517
2609
5800
5812
240
638
6854
2508
784
1251
5044
5709
7721
1605
638
6161
6603
0
3622
7012
7852
6009
3019
1612
5311
3295
7858
2275
2375
4005
7876
5641
5429
1859
5384
5712
1601
1422
4870
19
1149
6854
7623
7955
7511
5431
2180
1297
553
7279
8177
3667
7061
3077
2520
891
5912
2590
5562
2702
4263
7082
1741
7481
3839
2645
575
7766
3069
678
7611
8029
2886
707
829
3899
1783
7007
7215
5331
4875
8085
2512
7491
3642
1024
486
4280
8146
7793
1955
3133
7091
620
6049
1881
6440
1497
4224
3694
4545
2347
5593
3356
1564
6775
3309
2752
5348
4833
5612
730
84
6397
6665
6436
2934
2130
7418
5283
6277
7215
1149
4041
5641
5201
5115
1415
2244
1789
1279
3487
2002
6031
4292
1521
7988
6434
7329
267
2833
7386
5052
4607
7561
2428
7449
4019
1476
3732
2229
7995
4545
2288
6837
4649
557
1767
2429
6124
7915
6761
7823
1534
6645
6623
640
4269
817
5331
1853
1712
1310
2786
5545
7107
1955
7991
2065
5024
3969
6141
3020
1046
2419
2408
2130
5986
1600
6005
7279
1684
1460
1027
3322
6571
5227
3764
2517
4764
2621
3626
6866
4941
1651
2558
1893
4472
6361
4096
6805
3433
4194
3969
229
2421
4412
3589
4621
7357
469
4707
2631
6022
2973
7935
734
3085
1857
5102
2647
7102
2340
1162
7378
4329
2597
3298
4950
5608
7910
2661
3386
6438
6776
7178
2533
8064
5276
2015
947
7132
4505
6656
7570
556
7388
4226
5210
6558
4020
7699
4785
657
7235
1024
7505
1709
4441
5766
6222
1600
2130
4315
5598
1037
6940
8058
4856
5143
8048
2118
7384
3391
7587
1964
7827
2146
792
3060
5374
2104
2737
6358
802
5739
5739
5689
1896
3358
4580
3284
197
7188
749
2394
2619
4788
8058
5224
7384
7723
7256
684
2654
7061
7587
1929
1289
4340
7244
2834
7265
3475
3847
3096
3391
6321
7061
7739
2915
1689
2034
390
6660
3457
5829
6671
3203
