0
0
0
10
0
4
0
2
9
0
0
5
3
0
0
0
1
0
0
0
1
11
2
3
0
0
0
0
0
0
1
0
0
0
0
0
0
0
2
0
0
0
0
0
0
0
0
0
0
0
0
0
0
0
0
0
1
0
0
0
0
0
0
0
1
0
1
0
0
0
0
0
0
0
0
0
0
1
1
0
0
0
0
0
0
0
0
0
0
0
2
0
0
0
0
0
10
0
0
0
0
0
0
0
28
0
0
4
6
3
0
0
0
0
0
1
2
0
1
5
3
1
5
1
0
3
1
0
3
0
2
0
2
1
0
0
0
0
0
1
0
0
1
0
0
1
0
0
2
1
0
1
1
0
0
0
0
1
0
0
0
1
0
0
0
0
0
2
0
1
0
0
0
0
0
0
0
1
0
0
1
0
0
0
0
0
0
0
0
3
0
6
0
0
2
0
0
0
0
0
0
0
0
0
12
13
8
6
4
5
25
3
2
4
2
3
2
26
0
5
0
12
0
3
1
7
0
0
1
1
0
1
0
0
0
0
0
0
0
0
0
0
0
0
0
0
0
0
0
0
0
0
0
10
0
0
4016
3888
5265
5788
4577
7002
5367
1315
4298
7778
3517
8102
346
708
2564
3267
4751
3706
2384
2352
5160
4499
5852
6544
2090
7663
6531
1684
7537
710
4421
1242
5171
1672
3876
5976
1630
2430
4084
1529
5356
4169
1626
345
2391
5912
1095
7201
6923
2813
4506
4421
6860
3893
4228
1834
6209
230
10
2566
7265
665
6053
348
3615
5594
772
1093
670
130
3933
7712
528
1814
5269
2763
2018
7147
5187
7262
5878
3177
2930
2195
3323
2960
5302
6652
808
2336
775
5943
7265
8083
4522
4788
1244
835
7301
2101
4642
5205
1653
2906
2711
453
8164
6341
5841
3013
5581
3933
1034
805
1684
5620
2814
1746
6976
4491
4491
170
845
5682
664
7940
4670
3481
5288
617
7236
4051
7991
1066
4241
4719
4161
7952
2888
3906
7977
1260
4362
8174
4024
5131
3957
4137
828
4442
8025
1699
3120
744
8023
8103
5066
7451
5279
1523
2080
5909
1523
4839
5052
2155
7106
2092
5755
3217
564
4612
3786
426
3393
4593
7436
2769
6413
5905
2076
5619
432
1699
3651
3167
5731
6720
649
2662
960
2131
5013
6799
6553
7510
7605
8052
4839
7327
622
1781
4603
4989
1210
1141
3802
3623
3053
524
7473
6628
89
3851
2811
2934
2762
1971
639
372
7093
3469
5561
5858
5778
2080
7872
5277
2517
1495
1838
4694
5368
2689
1102
3133
4529
2813
3367
4179
6646
3385
5204
3898
4212
4448
4008
5965
7987
1326
6812
2562
304
857
2105
6141
4670
45
1774
7094
2517
443
6889
7211
4948
6597
3511
6342
2099
6132
1106
6420
6435
594
7320
771
1650
5031
7035
4512
4051
3674
3062
4366
5013
4016
469
5057
7940
3494
1774
2034
5815
2294
8007
5362
1406
6286
7738
968
6764
6070
3970
3745
7839
7473
8115
2162
2300
2230
1088
10
7537
2460
6875
1016
1273
3469
4140
5724
7940
7468
7246
4007
2101
3788
5651
6630
4067
6316
8011
6104
6128
2725
7128
648
2462
4184
5645
3956
3227
2189
3050
4405
4344
7950
4124
7489
5762
1820
2915
5682
6590
2465
1787
7570
546
5523
369
1620
5778
6412
3823
8073
2725
4576
1161
3802
2462
578
5901
7760
6145
7757
7775
5303
1946
2577
2577
7058
7727
508
6321
7823
2343
5643
5779
1550
546
2058
888
4208
4111
2954
1110
2382
637
771
3569
6435
738
4307
4137
278
6319
5521
5694
2053
3493
8010
1481
2038
4154
2465
3851
568
2343
5428
960
7190
8004
3740
5682
1245
6768
7262
4113
3546
5976
4772
5864
2371
4087
3035
293
7993
4169
7543
6435
1300
6313
5103
278
6486
2417
421
2958
7884
6590
1774
1209
2411
2073
6741
3541
4340
254
5428
1529
7977
3073
7032
5700
5177
5694
6177
4902
7952
1946
6296
1406
6780
3537
1500
1601
1548
2856
7419
7908
3504
6954
2465
138
3004
2859
4929
1864
1680
6735
783
2660
5044
5523
3425
918
5346
2579
2604
3565
6313
7985
1451
2876
4607
1418
1726
5998
764
2343
4412
7057
4600
3454
8188
6258
7986
512
1968
5047
6307
1453
3475
4735
2797
6045
3856
7283
3802
594
754
7560
809
233
7107
4275
7283
7918
3542
3389
5945
1879
5762
3483
3959
6258
4712
4055
6481
7900
7375
113
2749
3073
1824
5272
8056
874
3269
7489
5177
2230
3050
7983
2681
2438
5926
7649
3291
6384
7784
6082
61
2973
5650
1620
559
4089
6635
6553
5779
4883
6801
7082
3267
2315
7839
7463
4222
4417
5234
487
3554
179
3179
5932
1093
3424
3282
5220
7491
4569
348
4707
507
6796
414
5436
7986
7223
4710
8148
3299
4537
7381
2625
5196
7658
6087
1778
6081
3009
1202
3883
7817
6694
7147
3210
1495
2238
6227
5661
8155
7976
2796
6384
727
631
6481
7673
2066
5334
4802
6863
4046
1046
1395
557
4030
5177
6829
7229
2237
6037
1968
449
4676
6676
7132
5757
8046
6393
2252
3584
4475
7246
7997
411
5385
5113
348
6677
4472
557
7258
3481
2916
1830
5542
6510
4194
254
1414
1029
3097
160
4221
321
2264
4515
1121
8091
7190
4568
3995
7966
1893
5428
2066
8160
4255
3790
5165
4353
5574
2972
6165
3992
137
5794
3020
5193
4232
4718
5652
6678
2145
4964
6259
4446
6138
1376
1256
3978
8103
3572
2066
920
5576
3022
7585
643
2136
4502
3797
5442
2516
981
7029
1610
8190
1180
7311
6253
721
226
7226
7068
7143
2662
1686
2061
6271
6567
7156
5407
2028
4538
4007
6967
7049
5041
6675
3185
7437
4762
3440
8004
4594
5701
4907
8006
5013
4008
2744
740
3333
3153
1155
544
5189
7598
3261
1615
1301
6081
3152
2865
2522
6193
3174
4481
3386
2631
5494
1531
1732
3405
2458
7012
886
4644
1550
6150
5020
6447
5227
2136
7823
1849
4708
405
7222
793
558
3166
6860
7083
5732
3210
2708
4691
2019
6531
7461
6380
8002
3651
6974
928
6521
4377
6667
6417
4609
7901
1769
6189
499
4379
2182
4594
6183
5584
5842
4996
7290
4031
5895
8045
2384
1210
7408
1883
6499
4975
3777
1075
6019
6473
4925
3959
797
566
7031
4700
2405
4475
2958
4067
1856
5725
5928
2130
4295
1279
4472
2830
6216
2711
101
6914
858
1029
1157
4812
170
4975
4866
783
4271
8187
1118
1224
2441
3060
1954
6181
6844
7518
531
1774
1733
256
7575
6224
7049
4689
4608
7408
1849
3025
4662
6550
8106
7160
2470
2013
5145
607
8089
3443
2354
333
255
8132
5090
98
7673
2784
635
6973
4788
2662
5536
4925
6004
1137
4516
2981
7339
6299
744
6956
6907
1467
7726
4785
7584
6705
2601
3577
5452
7012
2186
3051
8092
2829
48
559
3600
5874
7901
3610
2938
3058
5701
3790
5107
331
5476
7575
5272
4003
7887
1407
5722
4018
4876
4932
3432
261
7933
4350
1796
4150
1036
4390
4018
7244
3651
7679
2057
7408
5314
6619
5945
702
5608
2765
410
2115
5174
5107
4175
3682
4637
7039
5812
4018
7427
2679
2593
1105
4878
5324
5574
2856
3050
978
8092
3159
6227
6227
3291
