0
0
0
10
0
2
0
1
9
1
0
1
1
1
0
0
0
4
0
0
0
6
0
1
0
0
0
2
0
0
0
0
0
0
0
0
0
0
0
0
0
0
0
0
0
0
0
0
0
0
0
0
0
2
1
0
0
1
0
0
0
0
0
0
0
0
0
0
0
0
0
0
0
1
0
0
0
0
0
0
0
0
0
0
0
0
0
0
0
0
0
0
1
0
0
3
7
0
0
0
0
0
0
0
24
1
0
9
5
6
0
0
0
0
0
1
2
0
2
1
2
2
5
1
0
1
0
0
0
1
0
1
0
0
2
0
0
0
0
5
0
0
0
0
0
0
0
0
1
0
1
0
0
0
0
0
0
1
0
2
1
0
1
0
1
0
0
0
1
1
0
0
0
0
0
0
0
0
0
0
0
0
0
0
1
0
0
0
0
4
0
7
0
0
0
0
0
0
0
0
0
0
0
0
14
6
8
2
2
1
23
0
1
0
3
0
2
24
0
1
0
10
0
0
3
7
0
0
0
1
0
2
0
0
0
0
0
0
0
0
0
0
0
0
0
0
0
0
0
0
0
0
0
10
0
0
3212
4074
4707
7679
1584
2907
4475
1550
62
1539
631
3414
5214
6677
5185
778
5810
7732
978
4329
6020
3367
2421
1395
4796
7617
5628
959
2558
5975
3888
3806
3888
5403
8023
727
1434
8040
7910
491
7795
5706
7784
7205
4237
8030
7587
7056
1675
5092
7034
2283
4290
2167
5560
7494
2464
5537
3348
6438
2464
1664
2271
3405
1224
1430
169
5982
5020
5403
3068
3686
1331
2533
4399
47
6950
914
7921
3210
7176
5057
1415
5303
6249
2244
8135
1554
1965
2411
4413
1395
1285
7596
6321
7913
6827
8094
6137
4707
1748
211
6945
916
591
2271
1497
684
1965
1824
1890
3608
3849
254
1029
1643
675
959
6075
7995
2975
933
3631
2629
288
3449
6307
6735
5778
4703
7785
5977
2934
389
1824
1452
7389
5175
3598
1105
61
4880
7207
7911
6307
5232
7442
208
5171
5092
2498
7143
2467
1597
5403
5608
3893
3159
2467
7692
3477
568
2418
753
3897
411
811
575
6703
5191
690
787
5467
3271
6692
7782
7613
684
4800
227
6667
3347
1094
4329
2248
4339
7011
2002
5169
2802
6141
156
7592
702
4294
2905
7389
1620
6321
8064
2744
3108
7101
2200
6855
719
6220
1149
3304
1818
4492
8187
2372
3326
3212
4194
1453
5248
5102
4342
5595
383
7887
4707
4796
1522
3358
2137
2405
79
2934
364
5842
313
391
6457
4917
3131
781
2050
6493
4752
7745
3346
7617
7852
3572
1733
6307
3995
5301
5896
4800
731
8023
6321
4600
5560
7613
5874
7784
2747
7249
7889
1656
1742
5303
5553
2536
3864
3035
5829
3327
4864
2165
4531
261
1287
7788
3229
7463
4793
985
721
1434
7852
7398
5867
4213
6776
5997
110
714
1292
8149
826
2962
3367
2022
5225
6777
2975
3627
1622
7068
217
927
2360
2916
5095
7839
8133
1929
3658
2405
1502
1789
2677
2903
3969
1042
2137
3790
2830
5262
7653
3072
3554
6554
3645
2748
1282
6795
2781
4543
3699
686
6157
7068
672
2519
6829
4429
5975
866
1234
6321
7078
7077
299
7765
2925
5119
4707
744
3888
2840
3597
2809
947
4449
1532
7415
1532
3226
5102
3909
4536
7616
7657
250
2768
446
7134
7587
1488
6450
4472
2949
6660
7859
5197
482
7588
4372
5778
4446
4144
236
5280
6022
1639
4732
1159
1554
3684
2525
139
2264
288
8
2520
5243
7504
5934
117
2167
4975
6233
753
1308
4492
4827
6889
7592
297
845
740
4658
1398
3392
7470
4546
6176
471
2547
1989
1059
3557
1093
3642
4690
4405
4127
4831
8137
1019
3899
4975
8159
4491
1777
8075
3880
5891
3609
5514
390
684
4340
5707
4438
1676
6694
462
5792
4990
335
1287
1862
3561
1830
6222
4766
7753
3876
7812
6408
7080
5806
450
7518
2374
1029
4031
2181
4029
1965
4578
7630
4796
3358
1302
1197
5747
5622
5653
2346
4194
6721
7048
704
2708
5968
1653
7599
4051
8178
3815
1484
5817
2365
6997
2130
5853
4384
8109
6865
5888
4604
7138
5586
959
6307
129
723
7068
5389
963
3092
2460
1208
4702
6582
4194
3391
2771
5317
4824
3559
5266
1031
1463
3418
6441
1929
2907
1029
5024
672
2905
5012
8046
390
5092
740
870
3417
5262
1725
7604
3435
3229
1395
4095
6582
2496
2205
5704
7186
7193
5065
2007
7147
4438
4194
4390
3911
5275
1062
4111
132
7196
1548
7405
7011
4392
722
444
2030
5850
646
4497
7692
135
4416
6927
3607
5255
7155
7353
6374
4281
1511
655
4315
5343
1664
6550
5682
6761
2833
1147
4916
7901
7596
6321
5020
7176
5688
6735
6791
2039
1984
1530
1481
2557
2482
156
6703
2409
3999
2471
6568
6056
6282
1274
4551
7400
6041
1709
5412
2285
3624
5873
1319
783
5024
4881
4329
1027
320
3229
3460
4752
444
646
7251
7624
3244
7631
6058
834
2856
2319
393
5052
2969
1150
7251
1535
2907
3995
6460
2513
1842
7191
4892
6417
7070
2496
4813
1769
1204
4343
4339
6041
6380
3097
2023
1491
703
2383
4511
4808
1353
1223
3765
2073
8074
1681
714
2610
7976
1497
4605
7503
2373
7211
6717
1099
3575
6354
444
6417
7520
5046
6735
649
89
391
973
5683
5094
5910
1991
1747
7824
4596
5953
7584
2026
5403
7781
411
6000
5829
1021
8030
1266
5146
6305
1680
896
5412
369
568
7545
886
1680
4290
6549
783
2754
3991
6097
7807
7068
4836
5327
8153
5389
3821
4701
4256
5244
2354
7389
3572
1023
4998
4896
2948
4478
702
7111
284
4708
208
932
1620
4007
3533
5947
5248
915
4852
2392
2662
2993
5250
1041
5048
6556
3721
1581
3223
3212
5836
4217
332
5468
2665
2907
5024
6996
2791
3058
4491
942
684
5551
3359
5255
4809
3687
2922
8159
5625
4698
4950
5115
90
4202
4950
2271
4340
1599
5759
3741
5484
607
1041
6760
2405
3186
3947
5363
7415
4735
6639
649
2907
3682
1522
5128
3186
7852
5682
4340
7491
5364
14
7679
3790
508
1453
2868
30
4211
6884
5499
1420
7584
6752
49
2808
1595
3548
784
3254
6263
6146
3909
913
5998
6824
6761
2576
5127
47
684
8191
1522
6082
7484
740
8187
1661
845
1620
1660
704
4963
5210
6863
6335
5183
1243
3589
5244
5829
7176
8191
2123
1042
1009
1965
3358
1177
4615
7806
4809
7901
1473
1094
5730
5364
959
34
3475
411
508
5975
2316
852
7680
3353
7178
4887
1129
1272
665
1522
3305
7463
4732
5322
3443
7910
683
7056
3642
1414
845
5279
1620
6660
3085
7913
7056
5810
1769
2830
3933
4085
7788
5273
7913
7978
3287
7196
4754
7211
471
8010
7845
1600
3570
2663
3358
4492
5077
1600
4703
2922
2308
4491
6082
4521
8187
7613
4740
2161
7823
5514
227
978
47
3667
3367
3721
4641
266
2802
749
1404
36
4887
48
1017
1467
1009
4858
6761
7910
7692
5122
3636
2248
811
1988
4707
6791
3233
5263
6227
4291
2421
6847
4707
2286
3044
6783
2791
3922
5730
932
48
4482
2557
3229
3096
6104
