0
0
0
11
1
7
0
1
7
0
0
1
0
2
0
0
1
0
0
1
0
5
0
0
0
0
0
3
0
0
2
1
0
0
0
0
0
0
0
0
0
0
0
0
0
0
0
0
0
0
0
0
0
1
4
0
2
1
0
0
0
0
0
0
0
0
2
0
0
0
0
0
0
2
0
0
0
0
2
0
1
0
0
0
1
0
1
0
0
0
0
0
1
0
0
0
6
0
0
0
0
0
0
0
20
2
0
8
3
5
0
0
0
0
0
4
2
0
2
0
0
1
6
4
0
0
0
1
0
1
0
2
2
0
1
0
1
0
0
1
0
1
0
0
0
0
0
0
1
0
0
0
0
2
1
1
0
1
0
0
2
0
1
0
4
1
0
0
0
0
0
1
0
0
0
0
1
0
0
0
0
0
0
0
2
0
0
0
0
6
0
5
0
0
0
0
0
0
0
0
0
0
0
0
11
6
7
7
8
3
27
2
5
4
0
0
1
12
5
0
0
13
0
0
0
4
1
0
0
1
0
1
1
0
0
0
0
0
0
0
0
0
0
0
0
0
0
0
0
0
0
0
0
10
0
0
8191
738
7389
6767
3321
2672
5232
2248
4339
6183
6450
3671
725
1029
7781
5364
7389
8103
2130
727
6761
2907
3457
3773
2464
2192
6735
4194
3984
1990
778
2513
7955
1134
6202
6735
750
6076
4339
448
1506
6262
5024
2483
2130
959
254
1046
6000
2244
7823
1046
3186
1534
4017
684
5975
5412
2130
2654
4329
7219
5884
3085
2902
6307
8021
5933
1453
7691
1964
6659
5019
5403
480
5322
1046
5057
959
1087
1652
2916
6473
722
361
3995
4830
959
369
2252
1576
3455
508
7175
1798
3490
3322
5232
254
1453
7253
1228
4809
2080
916
6973
1886
279
238
8068
4568
3709
7414
5250
2143
89
2748
1699
2986
4099
1057
3322
1075
6989
5232
6827
5077
1748
3684
1958
7196
1476
1550
5801
5173
1075
1075
5626
5423
1498
851
1991
6568
1326
3593
1157
678
4530
4902
934
6062
421
7798
7823
8048
5292
8190
1155
2907
4291
5980
1823
3644
3648
4312
5385
1873
6342
134
2954
5564
1968
1704
956
5983
7032
7349
717
7257
3142
489
6972
5741
5489
5045
7258
5805
2892
5176
744
2459
2907
2016
2628
4796
7601
515
433
2838
7001
7559
1236
3744
3776
3951
7346
1194
6792
945
4433
1398
352
6224
6964
4183
113
3299
4443
7229
2916
1971
1224
6321
369
3740
7902
1456
1939
2487
7985
3992
6719
6899
3678
2083
1421
2275
4355
2521
352
2834
5894
3828
2312
4141
7804
455
1397
5908
1680
3589
568
4361
5385
7887
1769
1105
42
3276
6569
4039
589
4606
2336
3496
2655
5763
7460
1530
30
3973
3048
1820
3285
2548
651
2300
5713
5049
196
5103
7276
5977
1598
684
7028
61
2560
93
515
4115
8175
2049
3891
5565
3608
6946
8186
5252
7694
3114
6399
5526
724
4067
887
3022
4596
7733
4534
6716
3005
4618
3516
7358
1266
1023
2679
61
4580
1409
7191
95
5871
4714
7682
4762
5325
7329
3652
2558
5914
1044
5127
1729
6029
3607
4881
3254
3820
4095
4289
7801
419
2352
3920
7276
5321
6031
1029
919
2496
4115
4201
2255
1939
8134
5695
4200
7261
7873
4629
3894
1769
7255
1086
1821
4751
404
5809
2337
2482
3022
32
2468
6398
164
5060
2311
1360
5172
5715
471
3188
3812
2487
5583
370
7421
6482
6814
1420
7193
6593
6451
723
5292
2705
939
1384
7980
3907
3176
697
4614
5368
3278
6555
7873
5464
1416
2054
2582
3178
3391
1550
4308
4173
7750
2042
5171
3455
7096
3206
6738
7682
2468
254
2639
7626
2970
2187
1978
1605
6639
121
5185
8153
7280
4791
4217
5315
1684
164
5769
2002
1217
575
2138
2360
2558
2825
2401
5799
738
6201
7450
7289
3214
3939
5319
590
3195
1576
5209
183
4835
7144
578
2171
4559
7760
8145
3869
8054
7626
557
6708
3196
2916
5566
6243
369
5813
1884
861
1484
6399
3155
90
3835
979
3443
5999
2937
5479
788
4090
690
5028
3901
4413
3402
5566
5249
8187
6871
3643
6557
2624
4478
4600
8097
1346
4689
3202
5295
334
5659
2723
4093
4467
7321
3128
5466
7198
2741
5153
6062
7825
336
20
3681
473
3752
997
142
2782
6605
2356
3124
4795
7408
1105
191
4339
6307
5621
3579
4831
5873
4108
6808
6600
4999
6465
5238
246
2874
4270
5104
3438
2452
495
5735
6884
5228
3776
703
4328
2747
7274
7771
1954
3541
5364
959
6756
1057
301
1476
3034
4429
8026
6224
3893
1105
3022
1542
1609
1393
426
6833
2648
7346
4504
6348
2856
1886
5591
5301
7982
6957
2460
1004
7910
1105
1620
255
7827
951
1849
6912
5404
3545
1077
4822
113
8039
2059
7358
482
8099
5307
6754
4675
6042
1223
1993
3696
5890
2800
2274
4715
569
5094
2016
7229
6307
2907
5112
4880
5805
4876
795
6988
3873
2550
6452
6425
4625
3643
5955
6201
5288
235
5916
6133
7598
6503
3759
4247
1537
6865
7708
3403
4131
7941
1184
7416
7175
3810
2489
7250
2825
503
4526
740
2478
6569
2237
1825
8034
5951
5693
5111
5644
5197
4225
2095
2305
1572
1582
1101
7022
1115
3675
73
8098
409
7408
4340
6735
4291
3878
4548
6753
5514
5715
4505
7682
7974
3323
10
2603
1968
3430
750
1501
7542
4788
6470
6670
7833
734
4315
2230
7897
8044
6268
7405
4600
1029
7887
4067
5997
3305
2246
3843
4425
4375
7788
7643
4478
7133
6428
3508
5946
6877
336
1617
2324
354
2627
340
7617
5704
1631
4108
5510
4465
2002
5171
4340
8151
5654
778
5778
448
2424
2349
3876
3876
2684
6906
3571
1485
2026
2969
5678
4180
1860
7276
573
4962
2561
3742
127
7002
5533
4110
789
4438
4849
4308
1057
4361
7592
1664
1425
4700
8011
744
5364
7788
4329
7869
1939
758
2915
6787
3031
4135
7549
1361
7600
646
3317
3509
7710
4087
2397
6393
6520
3046
2464
5236
6247
693
7545
3585
4594
491
4201
1870
876
2271
7745
7869
4995
6070
4308
134
3751
5102
5674
7582
4176
6287
3874
7470
5723
5867
536
7798
6041
4291
215
4361
1415
6475
5419
7113
3959
5332
3713
3984
54
1970
6820
2764
2038
3202
788
6274
1534
6648
1
4561
4990
7452
2163
3096
7485
3642
5364
6041
7258
4340
7491
4533
3600
3732
3773
61
4792
1600
4194
2433
2081
2223
1466
143
5024
1941
5557
556
4145
4291
6437
1050
4796
4106
4027
4685
4492
857
6000
6722
5537
5120
4074
1821
2736
4478
2922
2799
3212
1046
1046
5824
6290
5380
6041
4223
7679
3432
1483
8040
1885
3348
4849
2442
3105
1114
3402
4224
7028
6327
7205
1217
5167
1365
298
4583
4569
5733
3276
1395
3389
7497
6438
6321
2772
5884
3037
4400
6307
2772
7389
4478
2137
3303
2378
6637
95
3609
5933
6063
30
7344
4851
3046
6508
6867
4329
4003
6193
4643
7781
7527
5791
2002
2015
6583
727
5380
2348
5272
6031
3682
4514
727
2907
7918
6656
1583
126
5248
4595
5602
6335
2949
4422
266
639
4074
4343
8176
1129
1019
5537
7012
6253
