0
0
0
11
0
7
0
2
10
1
0
2
0
1
0
0
1
0
0
0
0
1
0
2
0
0
0
1
0
0
0
1
0
0
0
0
0
0
0
0
0
0
0
0
0
0
0
0
0
0
0
0
0
2
2
0
1
1
0
0
0
0
0
0
3
0
1
1
0
1
0
0
0
1
0
0
0
0
0
0
0
0
0
0
0
0
0
0
0
0
0
0
0
0
0
1
4
1
0
0
0
0
0
0
23
1
0
15
6
2
0
0
0
0
0
3
0
0
1
3
1
0
8
0
0
0
0
2
1
1
0
0
1
1
2
0
6
0
0
0
0
0
0
0
1
0
0
0
0
0
0
0
0
0
1
0
0
0
0
0
0
0
4
0
3
0
0
0
0
0
0
0
1
0
0
0
0
0
0
0
2
0
0
0
2
0
0
1
0
4
1
8
0
0
0
0
0
0
0
0
0
0
0
0
12
8
6
5
6
10
27
1
1
4
3
3
3
28
3
1
1
11
0
0
0
5
1
0
0
1
0
2
0
0
0
0
0
0
0
0
0
0
0
0
0
0
0
0
0
0
0
0
0
10
0
0
2635
2780
5255
1105
491
4533
4934
702
4194
4703
3740
6895
1768
3510
2385
383
1234
2015
7134
1661
5434
1929
5149
5023
3617
7723
750
4479
5077
3077
1430
7256
7442
7739
4482
4017
568
3443
6000
2679
2002
4934
5682
1362
3245
1660
8080
3571
1177
6307
5576
4608
5890
4339
1581
5350
5993
4192
1670
7893
5615
3713
6650
5890
4737
1472
3158
3196
1709
3642
1680
744
369
208
4926
1132
4732
1660
90
2999
7262
5938
857
3117
3920
4800
4353
1522
335
7216
1798
7305
6375
2630
5896
1998
2780
5403
5998
1046
1453
2137
4491
4291
3358
2635
7262
6903
2415
1478
4065
2999
6660
7725
5982
7997
2592
849
6351
8118
5255
3560
1809
6307
6967
6226
5804
3793
2780
6000
5048
4291
3196
1105
8103
932
3457
7722
23
7828
5100
6884
7003
3322
4788
2869
5187
6000
4609
6720
5397
3789
1990
1989
7491
2957
1217
3626
7234
4623
5853
1453
1733
4796
2679
6321
2002
4194
5255
3320
2558
2005
4976
4637
5609
5702
7474
1833
6438
2152
420
7241
7679
3541
3253
7941
1009
7845
5884
3841
5593
4478
7209
5160
5419
3849
3348
5402
2015
2922
3455
1762
3430
6611
4487
4983
171
719
3970
4946
1086
7035
1825
4277
657
1288
1958
3280
2543
4153
6927
4009
1189
7178
6330
1452
3682
5332
5023
7559
1929
1105
5230
4832
5755
646
7521
6783
3116
7376
5932
6655
2366
7173
781
1779
7487
5011
4339
421
6812
4003
1362
8159
1389
8070
5131
1200
4353
3849
6569
3716
3161
1674
1710
7014
5842
6815
6298
4141
5203
3312
342
4803
1271
6381
5637
1632
7507
2214
1620
297
6987
5708
1890
1522
1040
587
4741
6876
6983
3280
3789
5891
4588
7068
2888
2008
7671
5152
2155
2488
6816
5052
2449
4906
6461
6797
653
794
6039
3201
358
1952
1937
4037
7911
7442
7723
2922
6253
722
5993
1409
3992
3305
4158
7981
3957
6723
6780
5528
1843
3244
6795
3719
3521
1288
2778
3396
5908
4551
2561
4182
5479
1360
7886
4249
3849
2613
3055
675
2753
4339
1017
4391
3117
5416
5657
7372
1417
972
1121
3231
2341
6191
1455
6601
357
6681
1538
6641
4443
4473
5028
3104
5410
3676
3732
2014
36
8152
2401
2753
7119
5780
8187
3305
889
5471
4745
1761
3529
2980
7999
505
3840
6678
3066
6951
2657
6504
4110
2143
5556
7501
6670
2765
1144
4665
2274
3332
4192
8152
4173
5636
2522
7227
3600
12
3125
2814
5052
4911
4873
3724
1004
752
74
7342
6104
5937
6081
1980
1922
7020
795
7753
6848
1831
5842
4514
1606
6823
7207
9
3992
1661
4290
508
5385
2974
3948
3778
467
6908
868
3866
1675
7712
2398
2331
3540
1897
3864
1884
7825
4947
7071
123
2436
7045
1482
371
6780
336
5810
2152
1200
5402
7739
2635
7061
2378
755
5327
8026
2826
5957
3373
1808
2602
7726
3759
6680
1623
3871
164
3966
1485
4523
932
7396
1288
2600
7972
7034
5687
3209
4851
1450
3348
5997
4472
8031
8126
267
5307
5659
393
7159
976
2393
5229
5323
8150
6673
1367
4229
4909
4962
4663
1990
5026
6748
6519
4547
6144
6788
4072
2077
1105
3676
3933
7915
4339
4366
2549
4755
623
3376
1991
3508
1490
2701
31
4505
2498
7940
6037
5256
6665
5007
8035
7093
3597
4935
425
94
5075
5766
6507
6437
2271
5128
1289
3245
2487
2168
1638
755
7425
5151
4227
1862
961
5229
3604
7936
6814
4723
518
3004
1059
6436
1686
2279
7375
912
2522
2198
7614
2724
7842
7329
3051
740
7256
361
6253
6249
1262
5410
1481
6048
5965
5713
8145
416
4302
7167
5285
1233
3979
1477
7960
678
1037
6532
2494
4937
1852
4739
6549
676
3958
5197
6648
1129
568
1155
3186
7897
7351
2750
7277
3746
5144
6802
1894
3849
5110
8185
6964
6478
8050
4256
5453
4428
1038
499
3586
94
7221
6225
5266
2723
459
7056
2010
5884
5128
5412
1105
4339
7415
7061
5481
6408
7626
388
4863
3499
5091
6183
4563
4610
4795
3472
3240
5963
358
1787
3466
6921
6011
718
7074
5815
1704
5742
6648
2246
6612
255
4578
5975
1965
7661
191
6312
1722
3334
1506
7482
1126
3003
1215
1774
1090
6384
6070
5279
6087
5650
3706
3483
885
3124
5887
3836
7539
2684
1009
367
64
5112
411
4796
7592
1408
1986
4368
2960
447
4678
3860
5469
7217
3585
1133
1968
1209
3430
7424
1446
1329
4114
3125
763
2338
7483
3799
1173
925
30
1409
3812
1308
5536
4609
6441
4881
5082
697
247
4343
7522
1739
22
1739
3816
2984
2202
4169
1579
193
5013
2658
1926
2672
2381
1511
2259
7765
1008
7908
7691
7230
5322
5077
4609
6307
4489
3346
7210
1520
6983
6209
5654
219
2106
3772
4578
6175
1209
7478
4735
7840
7332
2541
4362
8188
6200
7695
691
738
6253
1253
3911
3541
5791
631
4341
5374
4272
4425
1057
3732
6174
4352
5251
4739
8098
486
6315
2596
6544
2567
8139
7484
4486
7790
382
5708
6599
3956
1031
6948
4609
421
2252
1440
6108
3661
5214
5531
1964
7739
7011
2248
2110
7480
4885
569
7749
5194
1118
7036
5063
7753
6270
437
3604
4926
6822
4960
6319
7053
3320
1750
8092
3847
2996
4211
1009
5661
6320
2015
4377
2741
7798
6895
7067
5871
3659
3666
7281
2073
2232
110
2365
3861
4362
5909
7255
377
6760
6921
6338
3617
2487
320
47
6078
6637
1597
5402
5220
5419
6983
4741
1597
7592
1864
4805
5884
7739
5891
1434
7814
208
4108
4125
4975
7083
683
6374
6634
1322
5248
1820
2613
5398
5077
2229
248
5524
5133
7908
35
4292
64
6256
788
2418
7389
7463
7407
1074
6450
1940
2903
174
4410
6741
5580
6479
3676
1322
3265
6724
1459
2679
8048
4291
705
39
6000
7067
6199
3773
472
3637
5196
4124
2826
6997
1155
2999
5839
539
34
34
3245
4350
5248
2576
4758
248
34
60
1661
2922
1798
6082
4007
1129
4308
3121
5921
1234
6199
3358
