0
0
0
11
0
7
0
2
7
1
0
1
2
1
0
0
2
1
0
1
0
3
0
2
0
0
0
2
0
0
0
2
0
0
0
1
0
0
0
0
0
0
0
0
0
0
0
0
0
1
0
0
0
5
6
0
0
1
0
0
0
0
0
0
2
0
1
0
0
0
1
0
0
1
2
0
0
0
1
0
2
0
0
1
0
0
0
0
0
0
0
1
0
0
0
1
8
0
0
0
0
0
0
0
17
4
0
4
5
2
0
0
0
0
0
3
2
0
5
4
3
4
9
1
0
0
0
0
1
0
0
0
0
0
1
0
1
0
0
2
0
1
0
0
1
0
0
0
1
0
0
1
0
1
2
0
0
1
0
0
0
2
0
0
1
1
0
0
0
1
0
0
0
0
1
1
0
0
0
0
1
1
0
0
0
1
0
0
0
5
0
7
0
0
0
0
0
0
0
0
0
0
0
0
11
9
9
3
3
5
24
0
4
5
1
1
2
15
0
0
0
12
0
0
3
9
0
1
1
1
0
4
1
0
0
0
0
0
0
0
0
0
1
0
0
0
0
0
0
0
0
0
0
10
0
0
2709
2119
7064
6569
943
6493
5288
6185
3465
5479
5910
7035
6672
4971
5243
2867
594
6715
2734
1678
2181
7
7443
4448
1620
607
6076
6167
4972
4685
5449
1613
295
3303
3560
8046
4547
1991
7101
1738
8005
3836
204
7836
2573
217
8014
152
2353
2022
5842
1466
4430
5094
7234
6552
1680
369
4022
6034
3244
3841
5833
959
1150
8176
1345
109
6950
2974
1321
3963
4780
7981
2174
3700
5358
6506
1894
317
5228
2094
5132
3820
7388
4229
349
4468
3454
4416
6020
3899
7622
163
3074
919
428
5761
4284
5663
4050
1652
379
2985
2724
2478
3482
7519
2891
5029
3743
8099
6460
1755
5438
2324
1721
1092
4958
1849
4881
905
7785
4648
758
1535
6307
8048
2194
7180
5977
5533
4395
78
6669
1570
7005
2506
7971
2165
3552
5110
5262
1631
4882
6010
6358
4724
553
6325
67
4295
8123
6590
7967
3074
5560
2119
2552
6756
6327
1697
7863
6042
2528
6336
4636
399
2192
1498
7609
870
6247
6795
6472
3891
3501
7916
2157
6961
1062
1788
2354
7329
7798
5273
5955
5824
1456
749
5636
5767
1819
3615
419
4373
549
6077
5662
4882
3158
467
4917
5915
2184
1357
5660
3384
5153
4538
661
2401
6676
3516
2204
4429
5408
7893
3000
4505
1955
2956
3515
1878
5247
4969
5244
3530
190
603
3589
2750
4337
1899
3860
7380
6541
2085
4194
3995
2394
7650
7319
5425
7833
8173
2641
534
1244
1979
2920
7186
7855
6680
4604
960
5857
3299
4776
2985
3430
1271
1489
4295
6832
7814
701
5933
285
1223
2109
418
7334
3120
721
4256
5858
7240
5624
4212
5998
3851
844
2432
7593
653
2856
6137
6706
2748
7273
3828
6905
126
3923
3090
3332
118
5577
1628
618
4505
8168
1810
190
7814
4929
1633
2819
603
6314
851
4480
3686
5432
1699
4207
5436
7219
2375
6241
3615
532
5262
4772
5626
4166
8098
2311
1023
1443
3979
7496
395
5499
6670
728
4478
702
8014
7598
7733
3331
684
7153
5393
7160
4236
4323
331
5583
3287
2318
2641
2225
6174
5351
420
179
2119
5106
5890
8183
2825
3740
6836
7153
675
5577
3910
10
7680
7767
7155
2568
6769
3386
2672
2958
1748
1024
5790
4365
1035
3158
7229
1852
6363
4158
3817
7438
4969
2070
6912
7347
6066
2509
1145
3809
3020
3463
1018
7022
7668
5256
1216
1637
340
2285
6327
8092
5436
778
6451
6484
536
5292
1155
2190
2205
206
2991
1625
2488
4776
7259
3995
1361
4441
7421
6201
210
4366
1582
4082
4401
2961
1769
6983
7798
5248
4256
6376
16
1118
4600
3682
5418
4873
4503
3670
1680
1099
5723
5462
5600
3517
184
2427
2109
4751
2770
5534
5411
702
7523
2445
8020
2168
5148
5419
3197
6447
3561
3123
3469
2496
5595
4472
5272
1583
5613
941
2460
4400
7003
1329
3546
1930
2991
5894
171
2798
6322
3975
5061
1295
2294
2540
7528
7496
4431
2217
7670
3682
2377
4341
2066
7585
5220
5715
3696
2285
7259
3279
6478
808
2892
4032
4576
6172
7091
3239
2178
4905
3361
5840
911
3131
7300
2340
5450
1598
3854
6714
8053
3374
5277
7015
2325
348
568
4392
6440
4011
2514
1025
5102
5896
3975
217
7722
6284
3604
5995
3235
7728
7095
2053
6591
7438
5708
6578
4609
7810
1311
4812
1523
4771
598
4533
4504
6553
3274
4837
4667
5531
4489
5942
1961
6778
3460
6219
457
138
2407
2418
4628
4302
6710
6184
686
178
2205
7642
2907
3947
3959
7575
3635
835
3207
4475
7031
229
2672
3844
4975
5328
3096
7413
4109
1024
1008
3199
1456
4851
6271
7229
3364
2375
8175
6622
4056
1361
3877
2802
2894
1948
5768
2022
1452
7872
7872
568
2958
4237
1361
2817
170
169
8023
3731
7884
5292
4056
4009
210
1105
5024
4329
1094
5450
1137
1441
1782
4202
4071
1637
369
763
44
2773
5748
2358
7419
2411
3004
159
6863
421
7357
3205
4270
1160
2478
782
7759
7564
3635
5066
2679
7160
7956
8011
6193
5466
2679
5412
4184
5524
3614
4217
2958
3561
3044
7592
4134
1775
4578
1067
1158
7679
5593
7258
1729
4011
1443
708
7575
4651
6307
4651
783
2868
4190
7437
3617
2608
5220
5756
2380
5901
7294
1129
7413
6409
7437
2777
2217
6868
2240
3768
4609
3117
4955
3274
5235
3585
5031
4796
4190
5405
2489
827
1852
1105
7063
6007
2911
437
5112
6135
6041
1421
1882
211
6411
115
499
671
4594
7075
4175
1087
7933
4659
7505
1812
7679
2679
4950
6150
3642
4150
5982
7682
7153
6777
621
5472
797
6481
1319
211
5412
1665
5524
2861
6784
538
7039
6069
4008
5938
4419
4356
3913
5798
848
7913
4609
763
584
2679
729
568
1075
1248
4140
6668
572
2005
7854
4950
1824
255
2938
3849
2326
7294
1443
98
7910
6691
491
6876
2423
2483
5678
6421
631
978
7153
2541
6303
4892
30
7491
3999
1277
6721
4892
7246
26
4290
7861
6135
5982
3631
390
1194
7509
631
4568
4762
7913
4533
3885
6799
3561
3077
6001
1769
7408
5731
4210
2002
5343
5833
5896
81
7870
5921
480
170
4651
2663
4537
1680
6135
4578
4475
4974
5814
5412
7246
1448
2369
8187
7717
4264
7606
1395
4818
4224
3136
3684
2133
15
3515
1593
1634
3462
2679
7582
3933
5214
1893
2737
1732
2119
5661
170
4340
4350
1421
4011
4202
2328
7788
2483
5707
1094
7606
3463
4448
4053
7198
6317
2663
2516
3720
702
1312
7113
2411
8080
1613
2958
1836
1893
5385
763
421
6135
811
1944
8007
397
4202
6249
5654
5236
3747
1171
4101
974
6791
4708
508
1824
4578
2410
1849
5915
5112
6737
4291
2244
320
5661
170
6058
5470
1391
7845
3004
631
7901
4971
7009
5412
2063
2620
2453
243
556
3544
6791
1035
5579
4291
5536
3577
2415
5537
3120
3322
5997
744
3677
2513
5214
5661
3389
4367
4101
3988
6509
5982
6135
5801
3703
5913
7246
6464
6651
2062
6004
6114
671
568
6481
