0
0
0
9
0
3
0
0
7
2
0
0
2
3
0
0
0
0
0
0
0
2
0
0
0
0
1
0
0
0
1
0
0
0
0
0
0
0
0
0
0
0
0
0
0
0
0
0
0
0
0
0
0
3
5
1
1
0
0
0
0
0
0
0
3
0
0
0
0
0
0
0
0
0
0
0
1
0
0
0
0
0
0
3
0
0
0
0
0
0
1
0
0
0
0
4
7
0
0
0
0
0
0
0
16
0
0
5
4
5
0
0
0
0
0
2
2
0
2
0
2
2
3
1
0
0
0
0
1
1
1
0
0
0
3
0
5
0
0
6
0
3
0
0
0
1
0
2
4
1
0
0
1
0
0
0
0
1
0
1
1
0
1
1
1
3
1
0
0
0
0
2
0
0
0
0
1
0
0
0
0
0
0
0
0
0
0
0
0
3
0
4
0
0
1
0
0
0
0
0
0
0
0
0
13
13
7
4
5
8
22
1
4
3
1
1
3
19
1
0
2
11
0
2
9
11
1
1
0
1
0
4
0
0
0
0
0
0
0
0
0
0
0
0
0
0
0
0
0
0
0
0
0
10
0
0
1472
2576
2671
4038
3686
1697
835
575
783
3790
1699
6303
5514
6227
2777
7887
7243
3037
3037
921
4341
2916
951
715
3263
906
3510
978
3307
4035
2612
1020
7867
6124
4608
5892
7369
6073
7455
5682
5896
1308
6824
1415
5272
5112
7405
1029
3251
722
7755
411
6973
1544
5867
5350
7752
1204
7785
7860
307
8129
2728
5276
6926
7645
7148
3358
4858
4800
7722
6124
3158
4017
2358
6848
7001
4950
4491
5693
6180
5911
1824
6899
4649
1105
5350
7466
3049
2716
5128
1395
6472
4817
6265
7798
1411
4074
7995
2002
5232
7816
778
959
47
7011
3077
826
6763
5272
1319
1106
313
6716
1836
5134
6941
6071
906
5176
1196
2471
95
1094
7123
1559
683
3901
1565
4672
6645
2557
8048
1319
4491
1767
2602
1023
7613
2054
3479
7600
1947
5534
449
5842
400
6723
7804
3606
3121
919
3644
4153
4590
335
6950
3806
7592
2541
1539
486
2951
6141
4703
3153
7180
372
3879
1903
2916
1046
1898
1812
6194
7280
4727
623
5055
7139
6596
813
3480
291
4700
1241
5739
2015
421
5579
3959
3477
3433
280
2418
722
6122
4415
3001
3214
3613
1059
7324
6222
2708
7763
565
5873
1273
4861
2296
3880
7072
60
993
7448
2600
7382
1429
4291
783
450
5165
2918
5332
5403
6295
5376
2009
6090
7082
6852
2331
2913
4334
7705
5161
4784
258
2218
2184
213
2135
698
91
1474
3769
5716
329
4983
7999
3631
4892
4651
6060
5220
1048
3120
4812
2131
4630
8168
935
2837
7127
7967
941
6938
5146
8188
202
4334
3947
5180
7748
1053
1941
685
2303
3963
902
362
933
7570
7570
1620
5715
7229
1473
3158
5915
3821
1658
2684
1566
7005
6817
398
4568
2150
6687
6189
2831
2808
499
3896
6639
5450
6482
534
2121
5745
3778
4108
7000
5781
5899
4491
2894
921
4426
7997
749
5361
4166
2291
420
4585
1708
7614
2699
5129
7812
1291
2596
3833
4712
1538
4712
1380
3480
1063
6186
4880
3844
5479
5569
2984
7679
4217
4017
2630
254
3158
5242
6400
6283
81
6921
3432
916
934
7753
5363
2777
897
2016
4802
1301
4712
3068
2318
4169
6386
4709
7844
3291
6421
6675
6086
6300
6638
5403
5403
5290
4881
4881
531
3577
5964
5466
1414
327
7820
182
701
755
3438
3220
1896
7297
283
7194
3561
2572
2773
6371
420
1250
7055
7542
6268
2446
6000
5629
508
4809
1988
3790
2219
1534
2470
685
1992
2882
1855
7350
5450
2161
6433
2061
3947
7665
4101
6300
5844
7986
308
919
6299
12
2071
1624
7897
585
1740
4482
7518
215
4340
1265
3479
8026
1628
6383
82
5450
3783
5024
4712
1852
4317
3154
3759
3494
3577
5535
6954
491
1188
914
4053
6509
3351
7387
127
6723
3836
3762
7915
5322
1353
5144
2683
5792
4190
5035
5724
2499
6791
4233
5325
2413
7596
1677
4871
5746
517
2851
3021
1588
6133
661
3081
25
5802
7627
4033
6670
4617
5903
5248
5160
4482
8190
5332
797
3642
4435
4381
5703
2508
6846
86
7843
3585
2851
7431
4644
5780
6784
2343
933
2254
729
885
1652
2083
7249
3881
6551
4578
4950
7613
5463
4424
3209
7333
3072
4624
3064
1371
3198
3682
12
934
437
7583
3904
7593
4114
314
1761
7642
5351
340
4602
2393
5384
7981
1681
7082
5354
783
3790
5998
3862
1087
3700
381
6279
7173
5944
7350
4190
4735
6902
3890
4146
1813
1720
6661
4233
6150
2488
3432
3597
2485
93
1845
6648
1714
706
3264
1197
3815
7070
2271
4605
566
2021
4857
2791
695
1012
5373
4664
4964
3031
199
4004
3315
1484
631
6906
4967
7190
1769
5230
5152
1101
5047
3208
7549
2495
1868
7271
7612
861
1620
2252
5627
1029
5364
3600
3702
3696
2267
6357
873
2599
4664
783
3714
6011
5705
5323
1326
4341
3465
4845
7240
4345
3880
8026
1059
1498
8120
5890
6227
2271
4491
5403
999
2922
591
2954
5007
6043
8031
4245
8054
4092
7484
3266
1223
2005
5412
1426
4144
2217
1059
7257
1023
7733
4694
2052
5560
3895
821
331
797
109
2907
7592
7755
4361
6652
8008
3328
625
7543
3453
8030
3208
7967
5121
1392
1301
5285
5716
4823
250
6005
4360
7695
2180
1213
5828
3879
1221
7427
1766
3751
5751
7230
1524
1020
6749
2579
1608
4319
1284
3533
5857
4947
2975
2464
3837
5260
5997
4004
7060
6234
5213
8132
7082
955
3880
8124
7647
944
4983
1655
3237
6105
1478
6020
5171
373
5896
7491
4291
568
2130
6634
3430
5368
47
3085
3546
6071
3120
4099
1575
6378
1179
7251
6430
7653
4033
7308
2643
5686
4431
5018
7785
1464
6370
507
5456
1559
4390
6152
5896
7258
3879
5774
3295
7389
3168
4622
3864
7942
7405
2336
6848
7613
1232
1498
3486
4381
6855
3516
6696
4708
168
3980
3433
5576
6124
6450
835
3553
1219
3196
1944
2466
2787
3537
297
672
2378
1543
5262
2850
3934
3114
5657
35
2005
5548
2750
2318
5132
8003
8007
1765
4270
2500
6926
7860
683
4310
5576
3797
4074
4291
783
1131
1834
6262
7154
6163
3369
6814
5699
4747
4493
2036
4455
3702
183
6855
5028
1961
2558
769
7502
6040
6926
3950
1559
3598
7256
4830
1453
4291
591
7405
1988
4291
7011
6124
8048
6410
7070
7991
531
8010
7640
8098
4424
3455
6600
7477
190
7499
2907
865
4491
7148
4608
1050
615
3740
3712
4881
3186
1204
845
6552
6000
3096
7755
5118
1492
6720
2419
2641
5013
2616
6249
1283
275
248
3152
7166
5338
1555
7591
1285
5998
1029
2780
5867
1217
6824
3196
2459
6450
3162
740
4708
4194
1522
6253
1989
1164
6262
7258
4202
255
8067
5015
7216
5360
6253
1048
6040
2907
1896
5625
4608
2002
3651
7299
24
4017
5536
4950
1988
4632
1285
4270
6441
8040
1768
8190
109
3911
6824
1821
7570
4017
460
4486
3920
4631
3209
3577
4270
7143
4605
4074
2192
5403
39
4887
3096
5998
215
1944
4291
