0
0
0
8
0
1
0
1
8
2
0
0
2
0
0
0
0
3
0
0
0
13
0
2
0
0
0
0
0
0
1
3
0
0
0
0
0
0
0
0
0
0
0
0
0
0
0
0
0
0
0
0
0
3
3
0
0
0
1
0
0
0
0
0
1
0
2
0
0
0
0
0
0
0
0
0
1
0
0
2
0
1
0
0
0
0
1
0
0
0
0
0
1
0
0
0
9
0
0
0
0
0
0
0
25
3
0
5
5
8
0
0
0
0
0
5
1
0
8
3
2
8
7
3
0
2
1
0
4
1
0
2
2
0
3
0
0
0
1
3
0
0
0
0
4
0
0
0
1
2
1
0
0
2
0
0
0
0
0
0
2
0
1
2
0
0
1
2
0
1
0
1
0
0
0
1
0
0
0
0
2
0
0
0
0
1
0
0
0
3
0
7
0
0
1
0
0
0
0
0
0
0
0
0
7
13
8
7
9
3
31
0
4
9
2
1
5
26
0
2
0
10
0
0
1
10
0
0
0
1
0
2
0
0
0
0
0
0
0
0
0
0
0
0
0
0
0
0
0
0
0
0
0
10
0
0
7868
6454
6635
4867
1133
5824
5531
3694
4708
6227
4670
7868
1680
6000
3608
4111
6876
254
1527
3927
480
6520
6100
4830
1395
5129
4712
2764
4878
6635
5874
6227
1775
3167
2130
4591
3046
3959
47
8004
6685
3386
960
592
4712
3266
3684
6651
2002
4329
4273
3742
5715
6158
4113
2965
7028
2520
2111
4937
6635
4055
7872
4329
3291
5066
2419
7767
5100
4291
4504
1333
2850
8103
1944
4448
5226
2378
7398
5489
1931
1198
5145
389
1211
776
7637
2780
2130
5275
4214
5229
4055
3494
5165
1452
2318
2484
5063
2354
7613
90
197
3407
4374
2512
3167
5567
2369
2922
7645
7332
4025
2307
217
7070
7630
7361
1191
1997
3322
4393
3545
4419
202
3494
7072
3720
1725
6926
6827
1653
5411
8048
1430
3441
2384
7207
6760
3392
6374
6202
2404
7211
2310
5610
1319
5007
2872
8120
2661
6179
4828
3116
6206
5841
202
538
2916
3647
8091
4944
4858
1940
1705
1289
7869
1929
3986
6262
7543
5068
1940
5576
4339
2557
4630
8141
5982
4287
4536
3342
4315
7027
66
5016
7119
3475
5687
1938
7723
684
2463
4526
7243
7148
2429
5020
87
3715
1613
1241
906
2967
7067
24
6152
1775
6097
2023
5193
6308
3376
4258
7079
5336
6854
220
2512
1513
4881
6950
2850
932
6009
4294
4740
6366
7640
4361
4011
7740
7509
6810
615
6265
3061
1862
2632
6851
6307
1319
1789
7108
539
3367
6609
112
1605
5046
6158
227
1395
6660
2801
3435
6827
3224
1675
673
5653
4898
4111
7172
6983
5731
6437
5824
2576
1345
4758
777
6906
6320
7442
2787
1843
1286
7025
5141
282
7952
693
6212
2177
7518
7279
581
7740
1472
4255
4759
4881
90
6078
1876
6353
6756
2753
722
137
4027
7435
4039
1971
5292
7748
4393
6471
6972
333
7726
5796
4113
6379
3456
325
705
3158
7209
2462
7559
3676
3534
477
2248
169
5914
4049
4353
3233
4033
4847
3120
6517
731
5723
3698
4307
6734
3437
2857
7037
5777
242
4871
7322
6437
1524
1733
34
1554
3570
1522
6907
7867
2671
7823
34
3515
7148
4796
2905
3036
1601
4361
2512
5092
704
223
6985
1006
3970
5299
7860
5237
6837
1955
6224
7823
7011
6141
5689
1057
569
5405
4703
3196
4270
1600
7587
3321
1699
3911
5160
7119
2790
1245
5012
7865
3661
7507
4328
1088
345
7929
6645
4996
7855
2493
5360
2367
5776
3348
7745
5993
3196
2429
310
465
1822
6562
1512
5350
6668
3911
2359
2799
117
3391
852
4273
6358
6020
2385
2653
546
7248
7005
797
4882
4090
6905
2804
2666
1371
4270
1048
2464
2271
254
2105
1767
2814
4357
8075
2894
684
1287
4906
2354
2459
6321
6517
5102
3418
4915
4182
5886
7081
6774
6160
3649
4
3036
1968
7823
4224
740
6000
8023
2916
6140
6944
4630
5467
6026
1686
7011
7882
1050
1057
519
4950
174
421
3437
8124
6412
1294
5803
2756
1254
974
1534
263
715
4852
6294
615
6824
8159
8191
978
5917
822
3281
267
1499
1491
3609
3259
4596
1478
6172
5143
7722
2074
5044
7499
7106
2782
5322
2200
6701
7711
2603
4533
1775
8151
5255
4590
4330
8085
6895
3924
3252
2021
2871
4929
3019
4128
6549
48
3358
1029
4412
2150
3121
6431
710
7475
7409
2137
2166
5586
2642
7517
5180
4824
1907
8151
4729
4232
8190
5493
2002
5149
5886
5757
2853
3239
4127
964
4329
2130
7408
254
4617
551
743
928
8137
8091
6307
3433
6168
7880
162
6487
534
1665
6660
1430
4689
7135
5531
7995
1988
747
1478
6464
2786
622
1813
3538
3927
4951
935
231
4560
6591
4815
2308
369
4472
5374
3037
989
3740
2701
2532
1498
3988
4620
7757
1129
1287
1235
1055
3571
5731
2557
4011
7595
1092
4110
7685
5424
2456
7128
7978
2501
7518
3253
6165
4441
3732
5192
1056
6008
5839
742
952
446
1973
6473
7573
3360
4493
1272
8048
1153
5143
1907
7207
2916
7642
7438
4653
2890
2536
701
7580
671
508
3747
2512
5890
7048
7134
6827
1658
8159
7592
730
7213
7085
3668
7995
1010
373
8010
2512
1376
169
3480
4950
7633
6801
802
6500
5272
7799
2865
1968
925
7061
421
4805
3307
1395
2894
4270
1193
2512
1584
7742
6925
715
2229
2850
4749
1061
4800
1173
6469
2429
4361
5108
6375
6154
1306
5201
4176
1534
2217
6549
4597
6319
1836
6217
3392
7398
7967
3433
2409
2512
169
6506
4241
3642
5143
931
4598
6798
145
1440
7997
3358
3599
5312
5903
6164
5060
5320
720
4287
7887
2780
6187
5149
5517
4700
5749
7759
5882
2283
2392
1699
3433
6389
7834
4729
109
7828
7289
1163
1415
3051
3096
2463
2962
4752
3880
8128
7992
6031
6806
7481
3946
4361
4788
5112
4225
2489
2907
727
6989
1129
2850
8118
6020
4672
4629
5355
2354
6122
1365
7436
6321
541
1029
1822
6322
3386
540
7168
4345
7823
7473
5727
394
8187
4796
5112
5596
4214
2464
1824
4017
1971
6836
4363
2530
4067
3452
3495
5276
48
5975
4521
4492
3245
1534
1129
1285
1143
4753
3648
7788
727
3185
3887
6203
2015
2137
389
213
2511
62
7785
7613
3153
6020
1965
1838
5933
369
4353
3391
3457
835
2136
5024
6889
6082
5322
5739
2273
3930
7214
704
2679
7258
7482
4565
6321
3469
4164
4971
7795
2878
1356
2629
1794
4217
5048
6438
2229
3386
4497
7886
1150
999
574
3120
4533
4242
4303
3048
1232
7416
5048
6548
255
7110
5024
2248
1822
3443
6548
7845
3186
1129
3469
5102
2009
4852
5290
2512
3299
5272
4194
1345
2015
6331
3108
4526
1820
6955
7351
1185
6233
2308
631
6332
1584
994
899
5801
486
212
5948
4426
6660
7327
93
2270
6450
457
5647
491
615
3888
6677
1319
5272
574
3209
3631
4361
244
5265
4630
1312
1733
4950
3588
7718
6884
2080
361
3544
437
5517
5402
3096
5892
7135
5921
1029
5118
3078
4038
8011
1279
1550
740
5107
5805
1057
5248
390
