0
0
0
10
3
0
0
1
11
1
0
0
1
0
0
0
0
3
0
1
0
18
0
6
0
0
1
1
0
0
0
2
0
0
0
0
0
0
0
0
0
0
0
0
0
0
0
0
0
0
0
0
0
0
2
0
0
1
0
0
0
0
0
0
4
0
2
0
0
0
1
0
0
0
0
0
1
0
0
0
1
1
0
0
0
0
0
0
0
0
0
1
0
0
0
0
8
0
0
0
0
0
0
0
20
4
0
9
3
7
0
0
0
0
0
6
3
0
5
6
2
5
1
3
0
0
0
0
1
0
1
2
1
1
1
1
0
2
0
0
0
0
0
0
0
1
0
0
2
0
0
0
0
2
0
1
0
1
0
1
2
2
2
0
1
0
0
1
0
0
0
1
0
0
0
0
0
0
0
0
2
0
0
0
0
0
0
0
0
3
0
8
0
0
0
0
0
0
0
0
0
0
0
0
11
9
6
0
4
1
33
1
5
4
4
2
2
28
2
2
0
10
0
0
0
1
1
0
0
1
0
10
0
0
0
0
0
0
0
0
1
0
0
0
0
0
0
0
0
0
0
0
0
10
0
0
3071
592
2325
3071
3071
3071
3071
2325
2325
6258
2896
4348
8112
4065
3071
592
2325
3071
3071
3071
3071
3071
3071
3071
3071
3071
3071
2325
2896
7451
418
7901
6258
2325
4522
3240
3240
3240
7940
4522
4670
6258
4812
7944
3851
4089
592
4522
7940
3220
3240
3240
3240
3240
3240
3240
3240
3240
3220
6258
202
5619
5024
1319
4522
4522
3220
1774
7451
3220
7940
4522
3260
1513
1641
5024
2851
6258
6258
3260
2736
2325
1774
7451
7451
7451
3220
4522
3220
3220
4647
3207
2896
6635
5778
4950
4522
4522
6384
5129
1774
7451
4522
6635
4708
7944
3851
4670
3071
6258
45
5623
2496
7451
4522
1774
5643
4522
348
6481
6258
4867
6258
2896
592
960
4644
47
4522
4522
6384
1774
3220
4522
2325
5687
1874
2560
7419
592
4522
6258
2061
5874
5594
8055
592
4522
6481
592
6635
4216
4214
5720
914
5798
5428
631
3816
3986
4522
4522
7451
3220
4522
2325
635
547
7995
5129
4146
4522
3220
6258
7492
4263
1576
1863
592
2325
202
437
1739
6170
4379
288
643
2986
5892
4950
845
904
4522
4522
3220
4522
6635
591
2917
7722
4233
592
4522
3220
7451
6258
6770
1251
657
3071
2896
3220
5687
3993
5037
3792
7895
6960
2553
4077
5322
7258
3166
2778
4522
4522
4522
3260
4214
7462
5975
5279
4670
7940
1774
7451
3220
2325
2676
506
6403
2896
202
7391
2507
7563
3192
7225
7643
2612
5566
5099
5909
5113
899
2553
6258
2325
2325
4214
2917
5374
7419
4670
7940
1774
7451
1774
3220
4522
592
1291
3505
4867
5434
6496
560
4018
8166
2395
7639
7353
7031
1949
14
5536
7872
6818
6258
592
5079
4461
5374
960
6245
7940
1774
6384
1774
4522
6258
2896
3741
2095
5890
244
4332
6025
3993
2051
4119
4496
5037
5447
1488
6395
2773
8025
2918
2835
592
1565
4461
5374
960
4670
7940
1774
6384
1774
7451
6258
907
7583
7053
448
7716
4693
3977
3542
6053
6868
3557
2507
3581
643
3625
3220
2918
5288
1029
1824
5650
7191
5374
5279
4670
7940
7451
7451
6384
5643
4522
2896
4698
1645
239
6976
3071
4867
916
131
960
2533
4216
5129
3494
2325
3220
6590
2405
389
2464
2459
6819
3346
960
4670
7940
1774
7451
7451
7451
3220
7940
1672
2420
6691
7878
7087
4867
6236
2617
1827
3071
2896
2325
2896
2896
7468
418
3483
2464
7258
4361
6761
6533
2851
4670
7940
3240
7451
7451
4522
6258
2896
4867
4387
3642
4728
3009
7949
2016
6813
1016
5547
2896
4522
2896
6635
2343
8143
4950
5998
5998
7294
5982
3747
960
2325
7940
1774
7451
1774
3220
2896
3741
3860
5220
2929
1961
6625
4728
6158
616
50
7026
5444
592
6258
4089
7806
7613
845
5113
4707
7582
5290
5514
7110
6258
4522
5779
7451
1774
3220
6258
3494
5364
7752
2569
5794
1667
5770
2883
5061
196
6870
5345
2325
2896
2896
643
698
389
3490
1029
7798
2214
778
3358
698
4522
4522
7451
7451
4522
6258
7419
5654
4040
7571
4647
4568
3218
4005
2069
6979
2079
8147
7940
2343
6357
5321
2737
2182
5536
6761
1581
5024
208
3358
1988
649
4522
4522
6258
2325
6258
3494
7575
4313
8094
4647
6283
1152
1198
8112
3691
4774
5394
2744
6287
6670
5578
4475
6384
6791
2411
4716
2459
2500
5276
6824
5048
5874
6258
592
7408
7673
7940
7598
7949
5374
3077
4867
599
3019
4943
7027
1888
3013
7978
2995
3477
4654
6891
2168
6980
7940
2773
8025
255
2868
5998
460
1425
8025
592
1863
1712
1425
6445
5447
6921
188
2743
1716
7704
8124
6773
4681
6384
2427
7733
2381
1788
409
1408
5165
4654
2343
1776
2411
7545
4722
7029
6395
7451
4089
6258
3449
5633
3190
5324
1188
3029
4192
4655
4442
4867
8055
240
6553
3908
711
4217
3948
3562
6196
2061
4146
1523
3557
1978
3490
2496
2856
1944
2835
3071
6258
592
3259
5772
1774
1879
4181
5634
1238
6258
2896
2896
2684
4451
7419
668
637
7452
2400
8113
2855
7771
4939
4672
458
5816
1954
3701
6395
2835
202
3477
3454
5031
307
7940
6611
6559
1296
3220
8025
425
2061
4867
1509
4139
511
3951
3172
3792
5663
3996
779
3207
4446
837
3977
277
3854
6544
4146
4089
6258
2896
2080
6296
2066
7112
1293
6272
7596
6791
4707
2856
6417
3542
3220
3240
953
3493
5186
2678
8148
7345
3691
3538
1411
5064
4369
6478
4672
1863
3260
4055
4867
4878
1620
631
5300
7816
45
2901
2325
783
4950
6552
331
6002
8025
2470
771
103
7038
6635
6532
1244
2461
2168
7921
5070
2145
1978
3625
4522
5279
4522
5664
3682
1620
6811
764
202
3260
4202
1425
8143
2661
5687
5427
5322
5579
5716
6620
1396
2325
2896
592
5701
5037
3631
7016
7666
4866
3888
4214
6818
1787
4155
5687
421
5364
8025
5129
3585
2533
744
5997
4478
591
4029
1595
4698
3959
7246
3135
960
592
6258
348
5456
3730
7292
7586
8156
288
4605
3888
6553
2329
5112
8092
2271
4491
960
7596
6635
421
7716
3287
3647
3584
5165
740
4841
825
1425
2676
215
2896
2325
5418
7190
1565
1465
6673
5282
5631
6960
4146
4207
4341
7205
3253
6824
7910
1209
2773
1550
3212
4478
1024
916
6041
4475
7615
3188
5619
7246
3225
907
2257
6481
4914
2896
4293
2051
5447
1296
2157
7816
5013
411
4707
5536
1029
3541
5214
6258
4867
7781
5579
215
3542
2441
6510
3585
6588
5661
7246
5643
3947
5428
1523
6661
2325
2325
7986
3290
4152
2855
4152
3542
3389
6761
2464
568
297
531
4609
2896
2896
202
5181
3071
4670
1863
6258
1209
960
6553
4239
4442
4233
7790
6245
2896
592
4647
2896
3494
1565
1949
3188
3959
5608
2500
2630
6824
4011
1988
2464
6258
592
592
592
592
2896
2309
4089
1672
6384
6384
3220
6384
3816
2851
592
7986
3454
592
2896
4233
4647
5013
5024
1087
486
6465
1954
6720
4735
7484
2629
