0
0
0
10
0
0
0
2
9
2
0
1
1
0
0
0
1
2
0
0
0
12
1
4
0
0
1
2
0
0
0
1
0
0
0
0
0
0
0
0
0
0
0
0
0
0
0
0
0
0
0
0
0
0
0
0
1
0
0
0
0
0
0
0
0
0
0
0
0
0
0
0
0
0
0
0
0
0
0
0
0
0
0
0
0
0
0
0
0
0
0
0
1
0
0
0
8
0
0
0
0
0
0
0
22
1
0
8
6
5
0
0
0
0
0
2
2
0
5
4
1
5
7
0
0
0
0
0
0
1
0
1
2
0
0
0
1
2
1
1
0
0
0
0
0
0
1
0
2
1
0
2
0
0
0
0
0
0
0
0
1
1
0
0
1
0
0
0
0
0
0
0
0
0
0
0
0
1
0
0
0
0
0
0
0
0
0
0
0
2
0
10
0
0
0
0
0
0
0
0
0
0
0
0
8
0
10
2
0
2
22
0
0
2
1
1
0
26
0
1
0
12
0
0
0
1
0
0
0
1
0
1
0
0
0
0
0
0
0
0
0
0
0
0
0
0
0
0
0
0
0
0
0
10
0
0
109
649
2411
7051
2002
5118
3994
7094
7165
3804
6724
5092
335
3153
4270
297
3024
842
4697
2553
6660
6124
5403
5778
6041
992
3515
5688
90
6220
1029
2780
5567
4858
297
1232
3158
4426
6615
2305
695
4283
6569
5767
5975
7915
2137
5185
2109
6299
2921
8136
6589
3391
7613
783
5112
2410
8016
3121
5629
2346
2272
5020
8151
2415
6475
1587
5403
2487
715
7351
6744
484
7911
2127
7227
4340
390
3134
2381
5458
6705
1616
6064
2684
8157
4745
1620
6761
2679
1988
811
7493
4481
5276
2229
5810
716
2195
3589
7886
6536
1280
6037
438
778
7722
1767
5275
3247
3857
845
3914
4554
6300
615
7382
5307
5799
4618
2907
8048
1137
3158
1281
271
2508
6022
228
7262
7564
4338
4857
8010
1913
7916
2979
4871
7235
2410
2390
3828
3105
5537
4543
3642
6232
5990
3817
781
2382
584
5531
1900
7739
7886
7319
1447
596
5310
6362
6804
5063
30
6839
1009
2276
6619
7172
5246
8063
7005
6855
3558
6007
168
4160
729
191
5610
3323
5703
5548
740
1965
2379
1521
1742
6016
2593
7713
2091
7052
7285
123
4053
3103
1769
6660
2987
3736
3631
1021
8091
6524
3425
2468
5869
4058
1337
668
6049
1198
3852
5154
744
7258
4881
7040
7517
5850
5496
1377
7347
6088
7122
1581
4707
4490
7029
1852
491
2815
83
1057
1105
578
4728
3306
3545
1501
2647
3887
4252
7659
8124
568
255
3541
2130
6545
5496
2678
4515
5497
2349
1201
4813
3541
1395
2735
863
5798
2459
7776
1784
5232
4851
5248
4772
3306
6524
6283
5242
4774
6910
5455
649
3480
5571
2690
5057
2597
7155
2678
3051
7982
7795
5185
146
4242
3367
5614
6666
45
6680
7776
1784
6307
7011
2405
591
1358
1545
8015
1015
7060
39
4004
7382
3116
8145
4025
6283
3244
6199
5363
3115
2459
272
6860
6871
6735
954
7006
5
6791
765
842
3740
254
7258
1195
2468
5541
4350
1343
926
6794
3480
4041
6881
6678
1277
2528
7925
5252
6683
4511
8176
4950
2507
4608
7254
1907
967
6547
6787
2629
448
4916
1105
7258
419
1166
6090
3417
5152
3817
6057
7091
4510
8126
4930
668
1115
2617
3217
7792
2579
4229
4400
411
7545
1132
1235
2603
227
5113
1244
5784
2509
1680
4950
7978
7891
6471
5895
6101
668
4209
7654
2174
2874
2676
6271
4922
1645
7728
6747
2557
7686
5145
1453
2958
3821
4803
5346
7299
5048
5436
2066
1662
1466
7258
7308
236
345
5610
5060
345
7068
600
7005
6959
3255
7825
348
7901
3389
559
35
1057
1220
6104
7384
5412
2884
4220
4230
2229
7205
5220
4202
8153
5812
5120
4171
2508
5253
647
6585
6570
5191
7630
8098
2116
903
1197
5048
631
170
631
4809
5531
2645
1917
24
1748
7911
1685
3055
3158
4950
7882
649
5526
4203
565
6593
5412
5747
2020
3374
2541
2645
3283
2331
4212
2580
903
5978
5077
6417
5112
7405
3120
5193
271
4737
361
4194
2500
8023
8046
6926
4735
1148
3437
40
4760
7592
5654
4968
5887
4918
5550
4383
5631
5029
5040
538
3859
6309
3631
5288
7827
3167
3120
6249
7779
1127
3751
1057
5893
3158
1942
6132
2907
2209
5900
7032
1135
5133
6834
6043
5043
5653
5237
4074
1801
5999
3979
899
1041
188
7451
6553
1680
1048
4491
1965
2707
6679
4852
3322
3351
1989
4907
4325
1129
2916
2617
8101
3817
6679
6155
5895
2970
3328
982
7901
5940
1852
7696
2756
1311
5991
7872
6553
2402
7256
169
4011
7149
2248
2894
557
6216
4944
6112
1639
6660
7570
2251
3362
8191
35
2473
875
6471
7065
8023
4175
4285
916
4707
1991
7790
6553
2533
3483
3901
6770
4950
6818
1961
3541
109
3186
4796
7393
8116
4264
1130
1913
7585
1115
501
5534
176
4789
247
131
4671
4041
4634
5272
1534
722
2325
8025
5322
1087
5100
7545
5494
6308
5110
1852
1733
4339
5112
5143
5451
7866
5534
1914
6409
1765
4158
2226
1598
4105
7082
3583
3064
7729
196
1937
5915
8068
6677
5928
740
5997
5451
4350
7489
8096
2750
2676
450
7230
4950
7207
7207
2301
856
2306
1044
7212
1704
67
1431
7065
345
6585
6113
4629
5548
498
5290
515
46
2303
845
5248
2137
2558
7934
7406
789
215
7910
4340
3196
1661
5869
6537
3583
3306
5697
2916
4566
8014
3303
7790
953
345
875
6113
3869
7408
6831
3134
4038
5077
491
7913
1929
3686
2662
3721
3750
2907
450
5024
705
7138
141
668
5060
7238
6263
7028
252
3397
2537
1565
1576
7523
4769
217
744
5579
450
4618
5785
3682
45
6761
297
3594
6170
3077
7188
6588
2513
2421
7299
7132
1324
1558
5683
5461
5019
6062
550
7742
6744
3195
1550
740
2679
1029
414
3004
2343
872
728
721
1029
3541
3551
5173
1776
4009
6167
4867
6332
3475
743
3924
913
5086
1253
1675
899
7334
6769
6018
871
7075
2892
6041
4796
5412
3057
5652
4698
3464
2199
7887
6000
4442
3240
1287
7048
6722
5005
1787
4242
1217
102
5576
1970
5356
2126
4095
480
1193
6769
1444
8050
8167
6185
6089
1238
1565
384
3481
2626
6104
3143
2405
6831
3741
202
4489
4308
6703
6301
6089
369
5403
3962
1965
7587
5306
6291
619
3549
1090
4265
5460
4789
5197
4569
6952
6384
2533
7013
5477
5275
7020
4758
3682
1988
4955
3123
2915
1667
4009
8048
4950
5364
5403
7061
1873
5237
382
4150
297
5112
3980
7225
2221
4326
7689
2411
5279
5428
6681
2941
393
6553
785
2479
1620
4270
4475
744
1988
248
4222
8023
7596
744
7997
4881
3305
5732
5403
5048
1534
7926
6980
1664
5294
7806
4291
7491
631
390
7148
2764
7670
5650
2330
1321
960
4569
4237
7497
4372
6407
1247
5430
592
7910
2219
4217
7908
3348
3189
7938
2379
7304
3702
2441
6950
1105
7384
1900
6000
4950
7230
4339
591
7346
968
5534
5997
5977
1075
4609
2489
5452
1658
1664
2918
7910
