0
0
0
10
0
0
0
1
10
0
0
0
0
1
0
0
0
1
0
0
0
15
0
4
0
0
0
1
0
0
1
1
0
0
0
0
0
0
1
0
0
0
0
0
0
0
0
0
0
0
0
0
0
2
1
0
0
0
0
0
0
0
0
0
1
0
0
0
0
0
0
0
0
0
0
0
0
0
0
0
0
0
0
0
0
0
0
0
0
0
0
0
0
0
0
0
6
0
0
0
0
0
0
0
21
2
0
4
4
6
0
0
0
0
0
3
2
0
4
6
2
4
3
1
0
0
0
0
2
0
1
2
1
1
2
0
0
2
1
0
0
0
0
0
0
1
1
0
2
0
0
1
0
0
0
1
1
1
0
1
2
1
1
0
0
0
0
0
0
0
0
0
0
0
1
0
0
1
0
0
0
0
0
0
0
1
0
0
0
2
0
10
0
0
0
0
0
0
0
0
0
0
0
0
12
8
8
3
4
0
25
5
2
3
2
1
1
22
0
2
0
11
0
0
0
2
0
0
0
1
0
1
0
0
0
1
0
0
0
0
0
0
0
0
0
0
0
0
0
0
0
0
0
10
0
0
6660
7209
2378
3555
753
1003
573
972
6383
2726
434
4732
2161
3259
6427
6188
5376
5587
4346
1733
7801
4056
7903
2354
5203
5581
4217
6820
6474
4318
797
508
2013
7463
7755
6804
2137
5521
5303
4675
1886
5122
6035
3960
248
248
1470
5160
681
4033
3265
2092
2380
2833
6753
4211
238
2578
8041
1009
6612
8139
90
7911
5468
6749
2283
4858
5413
5317
5718
1340
5384
7496
2915
5128
87
675
2691
6913
109
8133
3404
9
3732
1589
3177
227
2922
7138
886
7244
7893
2530
3805
1095
7973
5196
210
1353
6889
5808
1506
8094
5242
5855
2009
1366
959
5919
3403
4422
6776
90
5970
5012
6007
3320
4543
7942
947
4643
2415
5531
3882
186
2312
2152
7942
8040
5119
5078
6927
2967
2110
1078
7745
2092
4339
1472
3722
1998
5835
2005
8012
716
884
3863
2253
4339
3288
6714
4174
6107
3775
947
2693
1594
4294
6188
4245
4571
2002
7590
7752
3439
4786
7855
2338
6912
4962
3598
8040
7499
4350
3555
4729
4000
6353
4666
2951
7543
7234
208
60
3849
1023
1245
884
2218
1048
3055
706
5816
2679
6583
5101
7630
1705
4778
7102
5389
646
2846
6820
3265
5163
2015
4885
3986
4266
3922
3257
5749
7816
3571
4887
3159
3007
6202
3510
6146
5398
1513
1354
7723
6031
7337
4049
2716
4138
3969
7101
6780
5052
4127
3850
3358
8013
2148
1144
4373
5654
62
4543
3992
259
6226
4482
335
3862
4049
2749
507
5075
7002
681
1639
7592
1645
1843
2903
4744
5587
3744
6006
6986
6461
4307
3391
8052
5490
2853
860
5806
6295
4771
3197
4410
792
7436
5920
1559
4703
4800
2830
3159
6070
7389
6922
5515
847
5183
4570
5835
6262
4853
2551
7298
3417
3417
2392
1605
6394
5698
5105
5612
1132
3280
807
7056
5109
7199
7732
1385
6392
8080
2336
2127
715
2843
7893
1675
2082
7688
4802
5375
6997
614
2351
1741
1065
4394
2194
987
3101
4394
445
2560
1040
5732
6437
2780
7520
1470
4425
3121
2389
1473
4441
5224
484
1430
2764
1031
2729
5791
3722
1230
7788
4199
2372
5531
3457
5455
5968
7116
387
768
802
304
7051
746
5560
457
4880
2372
3534
3265
2531
3367
1290
6321
460
843
5402
6348
134
6650
6847
2843
7290
5191
7472
6623
2799
5781
1148
5936
226
7447
1210
2619
6982
1003
978
245
1248
7398
986
5346
1021
2563
6294
2002
5545
6124
3439
1288
3719
7723
7518
8066
2454
2517
5912
1516
745
7068
5955
5325
1387
5204
860
58
6190
3273
1896
951
3083
7384
2741
3662
3712
7543
7613
2654
1979
7327
2713
5358
2346
1713
5654
3197
2748
2014
5533
7991
7728
6111
7300
2937
2540
6819
1310
955
282
2625
5158
1746
3795
4932
7860
7157
60
6321
1356
951
7098
5236
4680
1851
7038
90
2173
7785
544
5859
6646
6090
3484
3048
1509
2070
7836
6645
4032
305
3820
7815
4838
3602
583
2679
6575
775
3621
2426
2903
1094
7911
740
4273
5559
7785
3051
6022
4533
4283
2168
4088
4373
3480
1047
5910
5552
927
683
6307
4032
4025
3606
4941
3054
5057
3007
7
2619
4729
5702
5308
7689
7692
1709
7464
2369
7327
8010
320
6281
3047
2967
8071
5629
3183
4474
4620
5492
1927
3054
5187
508
7650
163
3271
3368
2358
3968
2365
7865
2404
6110
7059
1954
3368
5402
1799
3543
6915
587
1649
6036
2905
1713
3991
7045
297
1638
3376
3862
1034
2529
2389
4107
4926
5322
2927
3706
7011
3720
550
5733
7244
2429
1900
684
8135
7207
1838
2030
967
3933
3490
3853
913
4390
1508
4194
2843
3604
4211
999
4353
1139
2418
6458
604
6187
5255
4694
1667
1464
8091
3754
4858
7011
1670
254
5278
169
2957
4283
8094
3616
3676
3924
6262
2454
5688
1285
6777
5895
3322
2317
7408
683
1396
7527
2192
263
280
3252
2312
3358
4887
6615
740
2402
7134
5191
3249
6691
1204
5718
2790
675
1124
2119
6411
2620
3924
6228
2149
3478
5276
6022
1103
6241
5780
6847
338
3453
3777
3557
289
1768
6906
1008
4011
3236
4192
7258
4881
3530
1675
520
2825
3368
550
6372
3196
6913
2793
4043
6518
1103
6879
2795
6369
3487
1613
23
1446
4944
1452
14
5440
4397
2573
3373
4876
4442
7227
7393
7491
7573
5203
1003
2374
39
7078
4230
5402
6308
5096
6279
4375
3783
2686
5560
1129
1286
7798
1235
6052
5461
3475
6179
1196
35
967
6179
8184
5314
932
6776
6437
7389
2607
3284
4525
7330
5628
7219
4007
3571
6401
1395
6208
2260
3154
7880
7902
6308
369
5055
1653
2553
2217
3361
7736
7857
4150
2196
1010
1270
1104
5363
7143
295
5196
6458
5693
3949
5012
7067
7491
7663
3457
6958
2342
2583
6265
7323
5292
3676
2825
7666
1084
4722
6648
1253
1672
981
4238
5096
2358
7764
7924
5393
2683
1096
1219
919
2907
2229
4611
1139
1842
8128
4234
4963
1015
2672
6735
4379
1857
180
4315
3728
6540
6724
6798
3453
7455
6797
5376
4374
2051
7654
1824
3684
6020
5492
5109
7812
747
5888
4833
8000
353
6497
3017
3704
4965
7059
2483
7895
5301
123
947
7235
7692
3712
5282
5403
7216
590
126
4565
7071
959
5982
997
7408
30
199
1150
4095
390
3515
471
5043
7408
280
6927
6176
763
825
5737
2527
4708
3793
7072
6920
5382
3291
772
1062
3196
1780
4315
5523
939
3969
899
7040
7573
1213
5819
7844
727
6920
2013
7462
4703
2679
6350
2015
1420
919
4103
1544
7711
3933
939
3096
966
4504
2304
3660
3950
5434
2041
2099
6419
6312
715
7040
7395
7274
5026
2411
2393
1521
8078
1601
4491
5918
7254
843
2531
4885
3367
8065
1046
4329
899
4349
5863
7902
2192
5542
1129
4274
7726
3121
1825
4920
2548
2270
237
1643
4312
4374
1479
4082
5276
7613
1275
3903
5276
1690
4390
1414
5283
209
4747
4818
263
7851
899
4165
6458
1155
2189
1664
2345
2525
1446
3066
263
6202
