0
0
0
10
5
0
0
2
9
0
0
0
1
3
0
0
0
4
0
0
0
10
0
7
0
0
0
1
0
0
0
3
0
0
0
0
0
0
0
0
0
0
0
0
0
0
0
0
0
0
0
0
0
0
0
0
0
2
0
0
0
0
0
0
0
0
0
0
0
0
0
0
0
0
0
0
0
0
0
0
0
0
0
0
0
0
0
0
0
0
0
0
0
0
0
0
8
0
0
0
0
0
0
0
22
3
0
6
4
5
0
0
0
0
0
0
2
0
6
8
1
6
3
0
0
0
0
0
0
0
0
0
0
1
0
0
0
1
0
0
0
0
0
0
0
0
0
0
1
0
0
0
0
0
0
0
0
1
0
1
0
0
1
0
0
0
0
0
0
0
0
0
0
0
0
0
0
0
0
0
0
0
0
0
0
0
0
0
0
3
0
8
0
0
0
0
0
0
0
0
0
0
0
0
10
2
8
1
1
0
21
0
0
0
2
2
1
21
0
0
0
10
0
0
1
1
0
0
0
1
0
3
0
0
0
0
0
0
0
0
0
0
0
0
0
0
0
0
0
0
0
0
0
10
0
0
486
1094
1129
4708
7491
2229
2500
5436
5412
6595
3290
7668
3755
3037
4242
1787
7665
4578
825
4628
2958
7165
2199
1531
4202
2329
2312
3326
6722
1164
783
2892
2854
4340
169
5168
5469
3391
1971
6552
7673
2784
698
1515
3755
4722
4202
1157
5019
7894
5982
870
1774
3941
6861
7613
2024
3469
2653
5574
6041
783
4341
3158
4914
5945
740
4004
3773
2448
4643
386
7995
1595
7028
6257
6004
7057
2015
601
1158
6791
7048
1228
5778
5031
8091
3006
5920
5364
4830
914
981
8143
1453
2777
4881
2071
7093
7533
3647
2566
8176
1620
4698
7544
1381
1239
7196
1823
491
1029
48
3584
2209
1105
4651
4361
4524
52
170
2377
2356
6720
4667
6660
852
3609
6639
3810
5581
6911
7868
7491
248
5433
559
4698
7258
4862
3020
8155
5008
744
2560
699
1847
5731
3469
1037
133
7906
5982
4499
7598
2632
87
2024
3702
2836
1075
4348
1780
5545
4353
1230
3263
6380
1856
2130
254
2515
4911
2398
6175
4127
3173
5119
4760
5193
1084
6614
1084
4491
5975
7755
3577
3092
7980
1839
5079
1137
4224
3993
702
2328
3278
4383
4842
4608
1917
1680
7582
390
7493
327
1376
6834
2962
5410
5360
6121
4934
830
5766
4100
2446
1300
959
6810
7384
7615
48
973
7113
1169
4140
5250
371
1438
3386
4796
7070
6722
1620
3166
7518
4056
5122
1829
1783
3582
3306
6137
7806
5678
4270
797
2105
4759
7739
6393
852
7781
4236
5398
369
5933
7956
698
6879
4109
3986
225
4340
672
311
5034
7852
2405
4870
661
7486
7883
3495
1035
7467
423
7882
5116
7764
369
2336
5176
2483
3162
763
5024
3661
2916
4841
2415
2500
3612
4727
3916
6271
591
3483
7420
2872
3255
2866
502
6403
3012
6708
3843
2133
2429
806
5071
3120
6787
932
7408
6638
1127
806
5654
4569
4858
4716
937
2219
5153
5423
951
210
8071
7777
4708
3684
506
5044
7610
1008
2632
3608
4719
7130
2463
6536
6228
6656
1029
1734
727
1473
4155
6926
7180
4293
835
232
6417
835
7408
557
2497
3862
5300
7842
5385
6875
5088
6675
5152
294
535
5809
7987
5570
3800
7749
5731
1589
876
3276
5275
4526
5364
6454
4716
4340
4784
137
3098
1446
8156
966
6967
3428
5203
1166
216
5442
1211
5211
7565
1830
4110
743
8150
2102
2124
4722
5272
4153
4573
7799
2868
491
6183
5536
7093
6123
1345
1536
6053
261
3416
3045
8040
5211
1412
5697
4801
2405
3460
553
133
6074
6204
79
4368
3892
2138
4641
4117
2483
7982
7393
7820
6645
6983
4340
4525
3095
5067
331
4702
4077
2780
137
3152
287
352
6611
1108
6437
1251
1732
5041
7627
7929
7297
6309
6939
2999
5527
5162
2410
5542
3482
4340
5168
5731
7962
5575
138
7800
858
3115
2511
7227
1595
1306
3859
903
5645
1358
5045
2337
6101
6101
5240
3010
3980
5024
7524
5811
5880
5332
5102
6631
4175
6060
2679
7679
6003
3504
6031
6749
3805
2042
4350
4858
5272
7382
423
5610
1764
5844
1269
5360
6573
5816
3402
6371
3742
2661
7119
2219
301
1997
3058
8151
2248
5314
6371
1680
6000
1593
2137
2951
5890
3797
1109
3306
399
6881
3269
8120
4359
2685
8084
1087
4478
1767
2832
2415
7042
900
5218
4339
5430
5531
4361
590
1007
2825
5165
5896
7679
3077
4985
5189
4294
7587
6799
1633
6901
4137
4137
6628
4923
3367
957
3083
3424
5814
854
5171
558
7859
4879
5196
4361
7061
3001
5292
6112
4701
215
2679
5112
3120
740
722
6784
4038
544
1781
691
4137
2307
5770
6680
5222
5325
4357
6039
322
220
2208
4853
4537
7416
998
5715
6547
4301
266
7491
5077
848
6124
3686
6437
2889
1181
61
6493
3214
3737
7934
7972
3311
5580
4755
285
2642
3511
6739
6901
7794
4394
2560
757
5350
5944
5801
7369
2799
6527
1060
8000
5482
5833
4361
3702
6012
4615
8147
2361
1622
3827
3320
3117
5360
2079
5094
3011
279
5713
4931
2933
429
2936
6613
4334
1584
3095
629
2227
3230
11
2478
6810
7198
559
3158
6475
1819
1181
7294
2946
4749
4345
238
4270
6524
6316
6042
4722
7414
5819
2862
7950
7467
5730
2560
3348
254
2463
638
6638
7692
3415
2119
5530
1497
7093
5731
5531
4038
4350
4468
7432
5946
4224
6321
5077
4530
4750
7300
7258
5777
5558
2705
6520
6208
6705
3443
2430
2755
3497
7574
1742
7209
3916
1565
6958
4264
4340
1029
5975
4335
7981
7520
5581
4965
6330
372
7246
699
1931
5123
5385
3594
6745
7714
5173
372
7123
2889
6906
5069
1
371
1443
1090
4074
6656
3085
5850
8028
1140
7002
2370
1075
1435
212
2628
5100
5731
5288
3320
6473
4881
6165
6720
7145
4858
6135
3916
5731
6329
1275
2315
6955
5748
2384
2101
8034
4644
3572
7869
123
1534
978
8148
6437
3391
2832
3360
5242
2462
744
402
2320
637
4789
2346
7169
2591
2932
3571
2741
7010
6027
2799
4635
6863
4648
2943
7661
1746
3262
5714
4361
705
5225
5375
8023
5850
2124
7234
4374
6356
6653
2092
1636
3031
2104
2493
4149
1768
559
3433
1242
7255
3087
2964
6021
5681
4492
534
1255
4689
1472
8083
5107
6137
7378
4504
7882
3746
1450
2699
471
1566
5103
1303
544
3005
1467
2168
5292
2349
5664
3916
7235
3559
3578
5769
2204
3254
4961
5840
5018
3184
1019
7369
2157
3642
7575
1583
7440
3515
5464
1776
400
4580
599
7655
7381
5603
932
8048
1220
5066
3326
7910
3416
2135
3988
174
2539
2228
432
2710
1765
4234
6058
6282
3722
4926
4318
6135
1249
4426
731
7445
7491
6535
6176
462
4111
193
6937
61
1716
3777
5963
992
6231
6267
7584
4722
1709
7282
5018
3988
7463
4529
6109
471
1397
2270
3592
2764
1801
5126
5353
6673
5928
4614
61
3427
138
7156
831
4830
6789
7784
6790
109
2800
6461
7201
1768
2699
3862
4581
6955
5383
1954
5242
8105
1200
124
3621
