0
0
0
9
0
0
0
1
10
2
0
1
2
0
0
0
1
3
0
0
0
8
6
3
0
0
0
3
0
0
1
1
0
0
0
0
1
0
0
0
0
0
0
0
0
0
0
0
0
0
0
0
0
0
2
1
1
0
0
0
0
0
0
0
0
0
0
0
0
1
0
0
0
0
0
0
0
0
0
1
0
0
0
0
0
0
0
2
0
0
0
0
0
0
0
0
5
0
0
0
0
0
0
0
21
0
0
12
6
4
0
0
0
0
0
1
0
0
3
3
3
4
4
2
0
0
0
0
1
0
2
0
1
0
0
0
0
2
0
2
0
0
0
0
1
0
0
0
2
0
0
1
0
0
0
0
1
0
0
1
1
1
1
2
0
0
0
0
0
0
0
0
0
0
0
0
0
0
0
0
0
0
0
0
0
0
0
0
0
6
0
10
0
0
0
0
0
0
0
0
0
0
0
0
8
3
8
3
2
1
26
0
2
5
1
0
2
29
0
1
0
11
0
0
0
1
0
0
0
1
0
1
0
0
0
0
0
0
0
0
0
0
0
0
0
0
0
0
0
0
0
0
0
10
0
0
3477
4475
1787
6796
5412
2736
1550
6677
5013
6677
5798
5798
2066
1155
2676
4869
7313
960
2730
6361
1631
7419
3207
2736
4594
4609
631
592
45
4152
3389
1523
7901
5579
5798
1944
390
568
5173
482
6081
4112
3542
5874
5874
3959
6417
3213
2426
5268
7133
3486
2034
1362
390
7872
5798
450
568
5643
3207
631
348
5643
6796
1620
7901
8030
6417
3004
7615
7032
3737
4663
6982
7582
2736
5928
4644
2686
5584
392
7351
215
4475
2408
7106
7153
7872
1774
3207
4007
5997
4522
1852
4809
4202
3741
4594
575
1550
2411
3433
3362
6854
278
6268
4980
2496
4569
1706
2701
5164
1400
6016
4475
4475
5798
7235
1136
6820
5874
4647
3959
390
390
7940
46
6041
559
45
5801
7258
4644
4747
5974
6516
1123
5581
4311
5803
3058
293
292
5368
5515
1814
2411
2405
4475
2736
6447
4385
6760
4812
2066
3220
5751
5024
772
5874
649
46
6587
4202
7901
6395
7147
833
4208
1843
2566
1587
3974
4967
474
2735
2829
5381
3631
4202
4475
1443
1830
2411
1765
4215
1150
3682
7301
8080
591
5798
4202
631
559
5579
7570
6447
7101
1300
1115
6657
2709
7738
3262
6122
2738
7786
1289
4417
5079
6677
4039
7124
649
4594
7246
7246
5171
7002
7686
7575
4341
3004
649
3682
649
6677
2796
4202
2676
3652
4311
193
1141
7490
7820
6923
5198
6291
2874
4156
2754
3667
5342
5428
5798
2066
5798
5798
2958
1774
4007
3751
7002
7872
6417
3389
1550
4920
4072
7825
2690
2513
7787
2455
1418
894
4233
2363
6624
5876
5280
7044
1518
953
231
7872
1550
6509
1706
5881
1412
4120
7901
6791
1155
3682
7570
7190
5608
6734
4501
7935
6687
5502
2495
5013
1707
1670
392
5557
1515
725
389
1898
5274
7856
4665
3561
2885
7352
6901
3248
691
5079
5874
414
2736
5874
7798
6271
6097
612
8120
7232
1778
5653
7262
5201
5279
6068
5723
5708
8043
2063
6232
2384
1088
8174
3857
6582
7998
4137
3883
930
5159
4207
6135
1550
4475
1787
6417
1576
3806
6755
4269
3392
148
1947
2683
7712
8185
3602
2435
1686
7270
4325
1457
5312
6410
1363
7211
5891
2964
8041
6074
4839
1773
1576
568
951
7570
5874
6417
4202
2796
2285
7612
2910
4125
2834
6476
5216
1535
3415
2029
911
7981
2384
315
2140
6966
2726
5521
5501
4096
7439
3392
546
2986
6417
3542
6041
3481
6677
5220
390
1787
7223
6791
3401
4344
1853
7954
2676
5164
2715
1447
7346
4281
3943
3799
4131
2683
130
193
1150
2131
1872
6350
6414
2676
5798
4568
7484
4207
215
1023
7910
2066
7901
5874
215
2676
4568
6677
6417
4499
3992
896
4268
8085
6980
1990
5522
3761
8085
6685
5147
7512
7627
3856
71
3116
1281
7872
3600
6384
390
4202
4202
5874
7910
4880
2777
4202
783
6791
5013
3398
1405
6406
7013
5306
2976
8117
5635
6762
5670
683
6353
6923
6494
7856
1578
5565
5244
7820
2995
1743
7419
5579
4475
783
5874
6417
3682
631
2736
390
3600
4901
3031
6769
3477
4202
7037
7974
7068
4624
5430
2950
2749
7814
2801
1725
5582
2578
960
6884
1331
1784
1787
2684
1425
4609
5798
2066
390
783
3477
2343
7277
6185
4262
1088
4431
2918
7241
5856
7402
2400
2291
1814
3355
6605
6918
4848
4303
1662
1367
2777
7872
7451
5874
3600
4609
7419
2629
8030
559
6973
3577
390
7421
4456
7055
1980
1026
4654
606
7717
5739
6908
6999
7919
2366
1924
5144
4202
4239
4303
425
4202
390
6677
1944
7484
7901
5997
6973
4735
2066
4120
3022
96
4031
6794
3828
5917
3979
1866
2754
7540
2092
7111
4107
4325
6291
2343
4475
5798
2066
8
1155
568
4651
6791
2736
7419
5798
5272
3835
5874
5643
1774
2796
3682
6431
7352
893
3053
1528
7425
1726
727
1398
3759
2127
1104
1902
538
6053
1944
6041
390
4698
631
3477
3600
211
5874
2066
6677
7901
7798
6227
4809
418
1688
2528
2919
3248
4589
3267
537
5324
6100
7662
3658
6534
4421
4833
7858
6320
1776
5798
5778
4609
4647
5798
4569
8025
5272
3572
5412
5013
4202
4809
1576
2441
4141
5645
5059
4457
6889
1210
8072
3220
663
6083
1377
162
1779
1321
1437
2509
1944
2958
4609
5412
7872
6677
3477
348
4202
5997
5173
631
6384
5579
5507
7670
3437
4186
4905
4052
5122
5876
2984
348
3702
4831
5117
8178
221
6026
914
418
1664
2958
6677
5874
2080
1576
5805
6791
4202
45
1513
536
7940
1944
5874
2796
6996
1274
8132
6374
732
481
5401
2463
135
758
5550
6998
7814
7205
4341
2338
6944
3347
5173
3600
3901
6660
2405
6393
740
4569
5701
2405
6791
4202
8030
2796
2676
6670
3163
809
1436
1418
3661
2366
97
5572
1383
1869
2149
3124
5617
2158
5117
5855
96
4475
4291
5024
6791
348
3220
7901
4568
5537
6997
5013
2661
845
2676
5874
1100
6564
691
3729
656
2833
4831
4901
6838
6209
2412
6596
5410
4957
2914
5657
1774
3004
2410
1067
4735
4475
5643
5874
5248
5687
6393
559
6417
4698
3682
1944
418
6271
5507
7940
7453
724
6314
6570
1782
2826
387
711
6468
4918
7392
568
5579
6677
4329
1024
7872
2080
1852
390
1160
825
4698
649
5798
6417
5412
2066
5173
4090
5269
6775
6777
3251
6398
3097
4606
4450
1174
71
1081
3063
5594
5594
7570
3835
26
2080
4647
4651
6417
6791
3585
7673
7901
575
3207
2958
4609
4202
591
7751
1191
1081
4286
66
3784
4646
5673
7304
4775
7873
500
2121
6419
7611
5778
5579
4224
2916
3225
1550
4164
6481
5778
2066
5874
6227
951
390
6417
559
5507
1427
6806
3776
7286
4286
6138
2356
4473
4372
4021
825
2315
4421
6707
2599
1776
348
215
4329
6791
3220
2136
3682
1944
1787
5579
8025
5107
3600
348
5798
390
6384
450
7177
7903
5167
1264
7896
6618
3822
4050
5065
4829
1336
1696
5507
7229
1944
3207
6393
2441
